screwed:0.047939746175423355
blown:0.024273662640844705
looks:0.015419394028711219
block:0.01976477156379879
there:0.0041341395746718355
mess:0.023004062856425846
posting:0.014861209716019102
situations:0.021533807970693992
cnn:0.023417610375584055
your:0.005675370370185867
with:0.002634357553106069
way:0.015606962338257147
faces:0.024488203402057568
ca:0.009263732414830275
from:0.0038133885334692592
both:0.010115784154541611
name:0.01244248876500113
my:0.004280244420406762
to:0.003104052162366736
remember:0.012534342506852397
important:0.014154816635014516
day:0.011456319980913838
director:0.02227594866022577
been:0.006609190933429906
that:0.0015626334479030488
feds:0.022377941798738202
think:0.02594140590141541
control:0.013737091306040646
like:0.005246121907696726
really:0.00879007091527444
nt:0.012866280211215109
could:0.006797788987955213
me:0.024405150459561816
anything:0.010456041217654971
re:0.0016844166791809482
batf:0.04108015021426166
ifi.uio.no:0.026900447709969105
had:0.02073524980651534
this:0.004729571516859631
reply:0.016176560897996146
la:0.019631997608244946
he:0.007162762196037096
bomb:0.023921175267422417
something:0.008966942870105958
big:0.01250351600841242
on:0.006851470611341756
pushed:0.023004062856425846
you:0.005007198102781278
went:0.02939154293005481
concerned:0.01813508667818842
education:0.019484898675929393
m:0.006165832036558883
more:0.005727112728922189
a:0.003145279562717106
intelligence:0.020360767672894707
anymore:0.019961506084081048
was:0.007977127334246718
utkvm1.utk.edu:0.05241215055662958
as:0.003604117838815398
services:0.018002980303888777
died:0.01827118477997444
hands:0.01804220700610402
whole:0.026954193468714326
weird:0.022176213858977063
others:0.012145622626434217
literally:0.023549458944503485
those:0.008359980424718739
place:0.01224967395187579
it:0.006177575310630125
laughed:0.024771599012015085
should:0.007400054694745403
have:0.004605861379708584
made:0.010475583567198203
being:0.008764882567230396
only:0.006006919992203994
ve:0.008221322968592047
safety:0.01861564587903677
veal:0.05194200863617399
reminds:0.025200924146268802
spin:0.02645409229265275
after:0.008690151746238519
doing:0.012075238311555474
pa146008:0.0529081845853055
div:0.024326347504642867
love:0.014739718199015534
univ:0.020921636807455887
be:0.007817044015371234
writes:0.0029786594189980284
down:0.021300590783361783
of:0.004379292467696816
even:0.007563781296243359
what:0.008292271198167849
they:0.004202340650935782
up:0.024206493159502424
waco:0.017498539231942573
beginning:0.018243634207823826
david:0.0224904976517522
called:0.012082227458814116
in:0.0048021541052565
thomas:0.01659461718031126
our:0.010044033436848619
5:0.011706634625755328
dropped:0.022377941798738202
or:0.0030374389986625463
and:0.004299520433454841
still:0.009196887757790753
for:0.0014655354185228557
subject:0.000120256562576659
showed:0.019255657201621333
i:0.005159424520145809
group:0.01214917087750741
we:0.006070918494207072
info:0.013267547114380168
house:0.015485909659865727
similar:0.014255667963363519
felt:0.020338847899691224
flames:0.020146226911681844
the:0.003395283828779518
do:0.012942665205522463
got:0.009964656854191775
arrested:0.02620607527831479
maybe:0.011927536406947405
william:0.018340807564824403
fbi:0.06873552941063667
just:0.005290038574170658
note:0.013340941886840079
people:0.006780509639968998
about:0.008874019642539383
helicopter:0.030022732307085978
throughout:0.020847588490594808
disregard:0.02604800627015592
lack:0.017475320085146788
does:0.005488688352871735
their:0.006818394678296009
handle:0.01829890489517434
distinct:0.026900447709969105
change:0.013387428414011205
conspiracy:0.048340212504890324
sessions:0.025331498636688855
article:0.0036501481095342386
shaft:0.024273662640844705
before:0.009577451654156056
