obvious:0.03165965690454331
at:0.003625370421623173
out:0.0096969308566293
fast:0.014328386522419908
there:0.003776868253403899
confuse:0.023589409622830133
know:0.015233026242695083
where:0.0076027028733899665
with:0.002406697023825298
post:0.02125578439861054
members:0.03035590377370054
often:0.012787326700735418
my:0.00782069350889137
practicing:0.048335872337192685
uicvm.uic.edu:0.04464411353682663
to:0.0011343202963710543
most:0.015280621102609367
areas:0.01693931133717628
us:0.008476857556316856
might:0.00875343677316233
been:0.00603802628486189
that:0.015703501562877552
like:0.019171013391089273
nt:0.005877189726110605
re:0.0015388498056714839
practice:0.03379858522668182
so:0.012614945646727408
anyone:0.006884422838030417
error:0.01549571258918518
mean:0.010878280069258686
he:0.006543758055638829
on:0.00208645607094358
you:0.0022872386395420656
american:0.013279980318470025
concerned:0.016567856965258556
card:0.012596330644091531
why:0.007323961235201673
more:0.0052321770609906415
a:0.004022851391327064
how:0.016239049348507707
member:0.016423448241755387
practical:0.01975175014650941
was:0.01093161893952328
as:0.016463254325453053
target:0.019725285577248956
border:0.019969826402231678
quotes:0.03999583358693578
also:0.006104926467817146
jason:0.01876500688799607
residents:0.022422433118718495
far:0.010244354206260914
express:0.01915931932790238
are:0.007937177550632413
freeman:0.04416266327607265
taking:0.014020370510911958
kratz:0.10089758577476092
action:0.015151823377884597
it:0.005643710777612707
not:0.00992444458561259
should:0.006760543795199505
hunting:0.02409101381052164
law-abiding:0.02449086462720332
have:0.006311735964785838
shooting:0.09810548533512768
only:0.010975606899335693
area:0.026407136170035782
west:0.01678151975200078
coat:0.02575959450232479
be:0.0023804990005657257
pistol:0.02587552403716716
writes:0.0027212444074796805
get:0.00540894640037499
were:0.025535856748515214
things:0.009196402996461933
if:0.00275782065746259
cops:0.02002620024732699
of:0.004801002112734288
trying:0.02219200183595388
u28037:0.025326012133362538
totally:0.016952737862422438
even:0.013820242368444657
andy:0.07377462118208408
seen:0.010668579796799808
but:0.005475582076135064
never:0.00906970876897885
minorities:0.04570074865327278
well:0.013850764692620122
they:0.011517526228490662
sounds:0.029322671305027477
rest:0.013442925240628843
in:0.002924768755464864
gun:0.06026362956056629
or:0.0083248328111492
and:0.002356774163523394
for:0.001338884209514708
subject:0.00010986402013176255
i:0.001571182775682263
we:0.011092542433859836
games:0.013703169924315745
possible:0.010604821493681409
the:0.003412050662501886
do:0.0059120816370905075
start:0.01159490571145067
would:0.003838064387260807
because:0.007262231682693474
maybe:0.010896761655729729
an:0.0036950540681552953
just:0.004832874746773194
btw:0.015439467162318251
about:0.004053564528073546
hit:0.014731284526458475
is:0.004422594681327802
else:0.01039733426065044
right:0.00798301890448683
does:0.010028714521296505
lot:0.010199808182162103
their:0.01245830138750382
chicago:0.017377364348987172
gang:0.09256942711678892
self-defense:0.04745319307502316
article:0.006669406422358856
side:0.013252527072309438
understand:0.012329865279570591
by:0.004075866151510972
says:0.01053920470957847
range:0.03291815625917427
s:0.0025532357236873185
