believe:0.009015236017968218
at:0.007310912966426814
folks:0.015366040872592438
there:0.0038082115584114
know:0.015359441398236121
ever:0.01096855625240606
leader:0.0194358717979523
such:0.015958648991434014
nov:0.023521631255707037
angels:0.021338672351571022
my:0.007885595529712044
single:0.026982793946160787
to:0.0011437337428139675
bds:0.049388216634111255
look:0.009838872714837804
earl:0.02385375867343955
day:0.010553124629721461
perhaps:0.011985317583568652
been:0.006088134386810952
brent:0.022217693082111592
that:0.01007606795867775
really:0.008097077772576455
nt:0.008888944627250272
could:0.006261863715045881
happened:0.027985899574592788
jmd:0.047435402634655115
so:0.004239877997447801
93:0.01519093566723818
federal:0.016396083778818512
american:0.013390187624017494
possibly:0.016086944661399753
am:0.013562957317023781
state:0.011027856377346955
bill:0.012844455915733266
m:0.005679729095917312
landed:0.023155271889957335
more:0.005275597617513385
a:0.0011589245857646431
hard:0.011220885487865184
demonstrated:0.02145340899609596
was:0.0036741125896323054
as:0.009959927305606037
cult:0.019656244517097313
harder:0.020308466855364585
given:0.01156758323311735
question:0.018116067081718708
cube.handheld.com:0.023994429012342798
arms:0.01681800925984971
turning:0.01968146877467566
officials:0.040214839242795994
foreign:0.018314335160027354
are:0.005335364162665772
those:0.0077008948310687145
lay:0.019862467208185578
18:0.016044603706319913
fanatic:0.023994429012342798
it:0.0014226366379251948
not:0.005003402560796389
have:0.0021213718387869413
between:0.019276894987936975
real:0.010612422630698122
always:0.011024714099579698
holds:0.020367744686266977
evil:0.017330596325346892
be:0.002400254178993657
down:0.009810645547523478
were:0.006436943143038586
making:0.012757706186192546
things:0.009272721693528007
if:0.0027807071359477564
of:0.0056476518629052725
even:0.013934933176481541
what:0.011457785514480885
but:0.008281533886934566
never:0.05486985637000482
biggest:0.040103444883193166
fire:0.014925284800993654
using:0.009146973355373116
well:0.006982854398976534
must:0.01923203674256844
they:0.0038710357863391853
bd:0.020221108310975237
who:0.005365364623376964
up:0.0111490487166173
waco:0.03223797269287346
over:0.016646811224227037
in:0.00221178052150818
government:0.05584263358125098
point:0.009135003988630958
arras:0.024066593919860924
and:0.0031684432737824884
for:0.001349995281792838
subject:0.00011077575473866513
i:0.011881662276684331
6:0.012192322126801637
we:0.0055922983639583815
held:0.016869079167213183
power:0.022422035520087487
any:0.01273801576293121
information:0.010119590392048817
source:0.025886041175932153
the:0.004691408775865475
wrong:0.01096855625240606
do:0.02086400594334223
see:0.007341849632411519
when:0.005426035032546622
would:0.0038699155440015606
country:0.013986531568548266
did:0.006821207649140935
claim:0.013548709729460524
william:0.016894851781705467
may:0.007722097624231664
an:0.007451436834537234
jim:0.028102329850198088
koresh:0.03389376455306018
myself:0.013829220174265076
just:0.004872981591144755
here:0.007470543176860565
claimed:0.017659135867721092
is:0.0033444725339086792
clinton:0.015208117379545362
done:0.010990305192617006
else:0.010483619192274094
pitt:0.02392349775359051
devil:0.02190353614544895
food:0.01749161530635019
light:0.014490517368490843
very:0.014466742670402053
de:0.016767560278605684
microwave:0.024610279655987083
difference:0.013307692310516126
april:0.014116821003685113
understand:0.01243218781301101
by:0.0041096907668762075
while:0.009005570563811295
devoted:0.0237851723582893
pressed:0.02365130985945851
s:0.007723273205676576
