case:0.03986469527914122
discussing:0.07848978484032997
from:0.013654391200486702
atf:0.07176569122852695
front:0.05672501498977312
feustel:0.424838958999971
re:0.006031298431905976
complete:0.05972928790798029
he:0.02564730979871347
on:0.008177561697407902
burns:0.07456039641036626
a:0.0022524260094296694
not:0.009724354977031691
mercy:0.095988388780813
have:0.008245977631413756
made:0.037509347611580666
earlier:0.06364429894974664
netcom.com:0.1038398443458432
writes:0.02133104487153427
were:0.025021020926972566
of:0.009408415430600257
ranch:0.07837893194859188
thousands:0.06900935476126353
david:0.04026524579587894
president:0.060733196115677394
in:0.005731603286919048
subject:0.0004305960789035209
p:0.05429238773598952
i:0.0030790114071837893
away:0.044661025585865655
we:0.021737804930870484
nut:0.09736190181855989
rtsg.mot.com:0.09118460742733236
thought:0.04329978072889859
koresh:0.06587417142973793
here:0.02903872428424832
statements:0.06799160143274832
netters:0.07964234877552587
clinton:0.11823084801517524
col.hp.com:0.09412527769820261
dividian:0.08154207515708044
himself:0.060367442750015626
fool:0.07976226778338905
1:0.031589095031043686
dave:0.11310563456047071
update:0.07002971277381138
him:0.03865347263489206
article:0.01306988516639679
says:0.04130688297463819
god:0.04279319728669717
s:0.010007036788000296
james:0.055799899478016564
