out:0.008925584083942877
say:0.014375340714148057
entirely:0.03148579580440313
compound:0.032442566450799286
ohio:0.03842739225799521
someone:0.01669286450502288
times:0.02129148592040172
modern:0.031110061401832128
themselves:0.02451856224486983
several:0.021351904333843912
my:0.007198592888865919
ground:0.029370861086343493
to:0.00522045136398042
crary:0.045564083379029834
then:0.01209000264981669
t:0.03903444022727943
calls:0.030365830798927483
nasa:0.03250106679999557
that:0.005256130688401164
like:0.00882302320839904
nt:0.005409685997897261
could:0.011432645116106496
re:0.002832882596804322
exactly:0.02436653525206067
phone:0.022252629744011886
this:0.01988569842315981
reply:0.02720603423753897
cleveland:0.040823887168693375
on:0.0038409759487824996
children:0.0253967944546858
used:0.01495805688133989
suggest:0.027813634887197864
m:0.010369808425121758
burn:0.03691884168897752
a:0.0021159153421915077
was:0.0067080388947074665
as:0.018184412732204964
steve:0.04859324010355131
ending:0.04342595862384638
minutes:0.03019066096998162
frank:0.029667987701141076
likely:0.02504855155249794
stomach:0.0430622524178891
action:0.11157251760078657
it:0.005194779238484424
made:0.017618026908469708
follow:0.028613578124373373
has:0.008066473287019326
call:0.020128455287868996
writes:0.010019127136629733
of:0.0029460694782687674
ucsu.colorado.edu:0.041467064773136456
what:0.006973046234822964
but:0.005040024410987957
fire:0.027249951795753565
they:0.014135145825874905
bd:0.03691884168897752
waco:0.029429361435539782
now:0.012514503014229123
supporters:0.03799080806983888
repeated:0.03923985839703762
surrender:0.037024798067574034
email:0.02078711105278743
in:0.002692116695371068
government:0.02039102226224468
israel:0.02879142097605039
rather:0.019496088279642904
weeks:0.027580037010099322
and:0.007231011638083142
subject:0.00020224967342438103
costs:0.031183732234347238
i:0.004338606982849885
example:0.02129817533149928
we:0.010210181103893712
held:0.030798849085593764
ago:0.02167549791942912
sick:0.03402456264428005
research:0.023388874852551342
necessary:0.02730890740516307
will:0.00858564655229761
liberals:0.045900839156081605
than:0.010837888501662585
the:0.003997175052972251
do:0.0054418024159583085
did:0.012453871541234587
families:0.04015004257765931
long:0.01803266094779231
army:0.03381214431045889
is:0.002035398688565636
clinton:0.0277663355187154
write:0.02465283276505692
center:0.024747203283884914
their:0.034401900422311685
killed:0.027672613611120347
lewis:0.03769368145504129
mike:0.02420766688604321
