believe:0.010863359401651703
go:0.009727161258970636
there:0.009177789855771475
all:0.004770339153231456
own:0.022664906355479953
your:0.012599322221812625
with:0.0029241368839477365
way:0.008661864097732716
hell:0.01706690462240948
wrote:0.012877874873464305
atf:0.022247364280843358
themselves:0.01618225108161409
nov:0.028343565663126978
my:0.01425321391995452
paranoid:0.026606559127359965
to:0.0034454979002270774
bds:0.029756400522052032
earl:0.02874377920149466
day:0.01271651517881436
been:0.007336201936107197
that:0.0069380925086895365
nt:0.0035703927586121925
re:0.0037394050277817052
jmd:0.08573949026213912
93:0.01830507747902201
on:0.0025350441261964497
you:0.011115979788174437
american:0.01613517608694108
tell:0.012050125268112263
am:0.008171681783506827
them:0.007329295857661205
bill:0.015477569378458587
m:0.013688147121160722
why:0.008898612900770032
landed:0.02790210262739859
sure:0.032730660302388054
a:0.0027930082516927903
nor:0.017272694984877015
was:0.004427305670506928
as:0.0040005708010850925
following:0.027373142730397617
belief:0.020597576502843263
let:0.011525688713764123
cube.handheld.com:0.05782657391974614
arms:0.0202657011581189
mind:0.015148279015050685
foreign:0.02206877386783296
no:0.005628728680912549
fuck:0.056687131326253956
lay:0.023934272985863623
18:0.019333747466115495
fanatic:0.02891328695987307
it:0.0034285542973997198
not:0.006029100085759649
should:0.008214060711167398
have:0.005112506131476529
made:0.011627897759590007
being:0.00972901964962574
ve:0.00912566849513717
reminds:0.02797302580235837
always:0.013284780489993538
somewhat:0.021509184286813032
willing:0.017879499269898354
without:0.011236052424012474
be:0.005784612571374713
structure:0.02303329219845542
writes:0.003306311955087812
get:0.013143739752911223
down:0.01182182788476579
were:0.015513032974722991
kinda:0.025534509770632687
if:0.006701504197634093
whatever:0.016524802893766816
of:0.004861014639143467
what:0.004602210514983156
but:0.006652832222504103
never:0.05509848077154651
seems:0.01178243544690539
well:0.008414339550766724
they:0.013993794367616155
bd:0.024366435514725164
up:0.006717301851761923
waco:0.019423378547456255
in:0.002665195528417357
government:0.04037422407924446
arras:0.05800049134686483
and:0.0009544935362269747
subject:0.0001334847844600915
i:0.007635948289815797
fanatics:0.029364042444844553
6:0.014691748162795972
group:0.013485579674033226
any:0.0051164363314440365
the:0.0011306295149835794
do:0.007183179189064966
when:0.00653837221421868
would:0.00466324823052188
country:0.016853770540100663
did:0.008219555217214828
william:0.02035829639695509
put:0.012437296497733896
wants:0.017602675812968746
an:0.008978981385617367
jim:0.06772661493897739
thought:0.013422932025958564
myself:0.016664210309989415
just:0.00587194281732943
about:0.004925080901609358
is:0.0013433631344533196
clinton:0.018325781442352165
ignorance:0.024129102828530546
done:0.013243317757103492
right:0.009699367968951498
time:0.007897549849518569
pitt:0.028827814793076566
does:0.006092444071687626
their:0.00756841809290857
first:0.009387774146955206
too:0.009762589339322484
whenever:0.023716169873484173
him:0.02396515303363308
words:0.01653929565753687
supposed:0.018243475057081803
article:0.00810332880316601
de:0.0404098202714397
thier:0.030409501434137353
april:0.017010769309440562
by:0.00495217737408583
while:0.010851712529392613
devoted:0.02866113269173861
doubt:0.01740036149490284
s:0.006204362808560183
