go:0.02343894279270033
all:0.011494793140316761
own:0.027307116090939703
your:0.03035981258268103
hell:0.04112507137929995
from:0.010199665716026212
themselves:0.03899337610027491
paranoid:0.06411219066833726
to:0.004981442747316256
everyone:0.07367500620513502
that:0.008359147600830766
think:0.03469272355490495
could:0.018182038015976596
joy:0.06946461395922064
re:0.009010614524775194
exactly:0.038751598232192874
on:0.006108540063123976
you:0.006696373366370143
m:0.016491743519470747
fun:0.04959340548113055
a:0.003365070182762398
following:0.032979690036623634
let:0.02777274388858825
jason:0.1098770282839288
others:0.03248588220564333
no:0.013563201640753132
fanatic:0.06967057098764595
it:0.004130788310120145
not:0.007263976006939336
have:0.018478937824613958
armed:0.053499072537936794
be:0.013938825473192081
were:0.01869040117436505
if:0.008074101442932642
what:0.03326899167457703
well:0.020275516989799337
they:0.033719986427990734
bd:0.058714302445120874
government:0.03242909564597949
and:0.0022999844246433124
for:0.003919865818217759
i:0.0022999844246433124
the:0.0009081361566133169
do:0.008654432757909598
would:0.01123674272414911
did:0.019806157149915245
once:0.032325677047288025
peaceful:0.06946461395922064
just:0.04244777940238142
makes:0.03365033593074668
people:0.018135820964736354
is:0.0032370196010923363
ignorance:0.05814241645429047
living:0.044385602578663856
done:0.03191160905326143
right:0.023371971009521684
time:0.019030240601249564
life:0.03361902835287603
gone:0.047344546950394736
him:0.028873678353774794
supposed:0.04396018086043808
leave:0.042568459328849596
upon:0.04178404316497514
s:0.014950271827855863
