cite:0.06630291413332837
dallas:0.06994445935423699
out:0.01491363416557544
defense:0.04967350061073274
take:0.02690821683969245
fax:0.03871700430232138
my:0.012028028624434193
director:0.06259823547557115
technical:0.04856642079644684
re:0.004733424085799627
server:0.05066403474870423
anyone:0.021176136071410015
this:0.01993604196347161
talk.politics.guns:0.07613239248141694
on:0.006417833230877088
inc:0.046341968301321534
a:0.0017677267415777153
how:0.0333003290437753
member:0.05051769522463998
was:0.011208368786093489
mcguire:0.16483280740116021
staff:0.06091977824213415
thread:0.05269528852536665
it:0.00433994214860724
not:0.007631772260455251
should:0.02079509040801873
statement:0.04396454961636463
texas:0.05022999584391142
systems:0.03797996354788115
be:0.007322294394145206
which:0.049059202500665235
writes:0.008370410012880535
of:0.0073838197050280505
eh:0.06307959491340963
please:0.02424576401145892
ed:0.15068998753173427
administrator:0.06977679825613547
waco:0.049173110246724695
rest:0.04134975738573175
in:0.004498220301126341
and:0.002416439332220189
for:0.008236680073723392
subject:0.00033793616319010504
doug:0.05470429727416185
i:0.002416439332220189
example:0.035586824604530436
55:0.062225907814732
source:0.03948440457847879
exist:0.04603195538982412
the:0.0009541177341633582
can:0.010943873321996372
anonymous:0.05752889918953159
instead:0.03883207989347647
fbi:0.0482888845859536
an:0.022731598444600928
about:0.03740567773374196
is:0.0034009193277299227
suite:0.06695219634076573
does:0.015423909042247155
life:0.03532125763656595
run:0.03388398010616955
successful:0.06067397968698096
s:0.015707247616608057
