believe:0.034486855243338735
your:0.00999946208080367
with:0.004641487117377359
funny:0.10716109882276718
atf:0.03531327663625929
themselves:0.02568611282795887
to:0.0032814265716448352
then:0.012665717061712723
death:0.026630288762193824
brent:0.08499149258395068
that:0.002753211312972038
think:0.011426571647052025
reliable:0.036818204090827276
nt:0.011334580186070451
anything:0.018422548812058757
re:0.0029677817680807184
wait:0.02913809369135014
healthy:0.04141371102568858
burned:0.0386219576198449
on:0.00402387956539119
you:0.017644412362181644
burns:0.03668844902732308
why:0.014124782382174654
a:0.0033250098234437974
how:0.020878777733795623
same:0.015413439289909622
dose:0.04790823740278344
j:0.024239116345467163
constantly:0.04141371102568858
as:0.006350112382674749
steve:0.050907203918006134
silver.ucs.indiana.edu:0.042954631775219985
logic:0.03295826149362676
speculation:0.043645198259264675
are:0.005102471282549408
base:0.03056853853502421
works:0.023612111059926506
yeah:0.06276543562203415
wild:0.03750084595320855
it:0.0027210748392061264
not:0.009570000136126426
facts:0.0321435459852134
uxh.cso.uiuc.edu:0.09382975825074137
b:0.024292923385033662
personal:0.026618218025362822
which:0.01025311375013903
writes:0.015744342643275292
if:0.0053186541251064225
of:0.007715896252608676
wayne:0.037084257202245084
what:0.014610192111057638
but:0.005280025573415954
ranch:0.03856741095883093
latest:0.03306624285914882
they:0.007404124004029711
bd:0.038676881769405015
paranoia:0.04549386141545811
in:0.004230469092725964
government:0.021362023322351566
according:0.02729782702052554
yes:0.02116544341669753
stories:0.0367314654358099
and:0.003030138210244364
for:0.0025821338326355078
subject:0.00021188061025411345
p:0.02671530190183611
we:0.010696380204079125
information:0.019355724480029878
the:0.0029910833729724323
do:0.005700935864337274
nathan:0.04884302340005632
did:0.026093826086396273
rtsg.mot.com:0.0448686163531318
fbi:0.030276364145161386
statements:0.03345618483198727
irvine:0.17297305548725694
press:0.02847103460926719
is:0.004264644871280379
dividian:0.04012387825189672
their:0.012013362052235825
matter:0.04795084145873876
update:0.034459065015684964
changing:0.03398745056750401
article:0.012862426671692078
opinions:0.022663572662857477
before:0.01687455767637019
says:0.020325609082758475
s:0.0049240974671112565
