above:0.029919297034379618
since:0.02198705080663386
ask:0.03202816026765239
dan:0.0436681702130468
there:0.010085483357990631
wounds:0.25898271138196066
way:0.019037063951060917
from:0.009302991806925008
to:0.0015145045715283857
janet:0.05583435678816788
thursday:0.0573420614201842
been:0.032247041477394274
she:0.03643013719668663
that:0.007624277482076414
justice:0.04731611137914832
me:0.01190756791653346
clarify:0.0613233024777991
performed:0.05450877450477651
anyone:0.018383678567487818
comments:0.04048357158273737
had:0.03372326342158539
medical:0.08841796642128949
apparently:0.04163363798078751
a:0.0030692398370250444
cult:0.05205664756725772
also:0.01630216628219304
evidence:0.10607828685207946
no:0.0371124967972256
daniel:0.04701736258459714
texas:0.043606260128230795
pace:0.06848552186677812
against:0.02838770101272359
stated:0.08532077061313757
has:0.011700818394357704
spelling:0.05934559501132656
his:0.04053690201110455
of:0.004273419462983268
department:0.03811072068893337
dr:0.043064226429741774
never:0.024219112427053414
who:0.014209372244328004
authority:0.04648321204541717
waco:0.042688744060343425
over:0.022043304972740197
in:0.005857572589928257
or:0.007410016018715224
for:0.010725786689409033
subject:0.00029337315265954173
victims:0.05510754577163442
the:0.004141500054884907
county:0.060721014164667284
may:0.020450829971866275
koresh:0.0448813036114698
about:0.010824353629910678
is:0.008857339348043865
either:0.027511678100146795
silence:0.05896443503343766
told:0.0340683490849355
deaths:0.05355260552686849
reno:0.05681617107757282
by:0.010883906316672156
says:0.028143151037665584
bullet:0.24467843004417486
