compound:0.041984497759857894
from:0.008299727984609564
single:0.031876732063846815
to:0.00405352694144362
building:0.037259485969006384
enough:0.023844593401347022
director:0.048482947084020796
that:0.006802051479107388
think:0.014115176740476031
like:0.011418030034398757
nt:0.021002310344777602
location:0.04500810759288631
re:0.0036660833605702994
batf:0.044704869350814164
so:0.010017750954754118
charles:0.04035541818562584
mean:0.05183180503587962
getting:0.07977063447719665
something:0.019516287423171793
on:0.00994134951449588
you:0.010898019400171016
burning:0.046502293869576806
them:0.014371168348355303
a:0.0027382433840125392
how:0.012895715659109061
was:0.008680991510797898
as:0.007844256472715867
far:0.02440566737373923
statement:0.03405097470287065
able:0.025857502216771265
be:0.005671188795465405
writes:0.006482964617819238
get:0.012886019365599239
were:0.01520885585757156
if:0.0065701021545432284
of:0.00571884075193349
what:0.009023942186241482
oh:0.06332776831649947
they:0.01829254165701458
waco:0.038085055975404424
miles:0.03935445867559633
tim:0.07995900587718018
leaving:0.04537416318541223
moving:0.04157825080040522
subject:0.0002617348714903755
away:0.054293795810268046
back:0.020650556079093503
mtu.edu:0.06383231267005715
shoot:0.045699184825774
the:0.005911788313639631
do:0.007042332538298987
see:0.017346919229521335
allowing:0.04609251809821934
would:0.027430871944246354
fbi:0.07480042906451637
rid:0.13580452143552446
people:0.014757579804638406
about:0.009657021375704624
press:0.21102060945692153
is:0.0026340453616731756
does:0.011945968768014953
2:0.01910205443230793
smith:0.03860527994574963
first:0.01840740028814746
count:0.04179775075034128
going:0.04270226831469966
s:0.006082708635843316
