another:0.00972590057187973
at:0.003863881633572066
effects:0.018867705514748274
say:0.008322565676612033
systemic:0.05743213628523424
all:0.020922540145751997
happen:0.014831720290207523
take:0.018646922195927222
modify:0.023435485667503368
actions:0.01734308089556207
thanks:0.00874292388121124
among:0.015107480122744847
switch:0.018649620271974456
your:0.005526018518338871
much:0.015326288329473081
insurance:0.01947553956424892
hell:0.014970968967025856
response:0.015401748037839218
from:0.0037130362036411207
themselves:0.014194957089135164
to:0.0036268398949758705
everyone:0.013410143673303085
property:0.02004430194718108
threat:0.02025155144213961
bunch:0.017790364127869846
that:0.012172092120507957
think:0.006314684331265593
protection:0.01855251007075861
crimes:0.021624761038530615
nt:0.00626384694493367
suppose:0.016904118358031444
its:0.00906940594751829
me:0.00950516386319776
re:0.006560359697862641
behavior:0.018633285188242078
nope:0.02395207792915417
anyone:0.0073373453931639965
carrying:0.020346902260720338
this:0.004605109108521219
mean:0.011593956389604651
protecting:0.023061986508116056
on:0.004447445835432368
you:0.00975085946331091
why:0.015611601580298302
more:0.01115279847211163
sure:0.009570368509470191
a:0.0018375054287452564
how:0.005769135952759317
other:0.012099192875718515
want:0.008300868279439393
whole:0.013122436293979342
course:0.010728735964473768
are:0.008459360284226652
freeman:0.02353405082474924
no:0.014812443897138287
those:0.00813998093985772
kevin:0.019761238257981206
d:0.007990544834986997
it:0.004511255654473315
not:0.007933026428631116
routine:0.02297337814268834
has:0.004670063481958557
feel:0.026721725300405067
switches:0.02353405082474924
willing:0.01568377128938452
be:0.0050742215538374675
stats:0.020371067417785996
guns:0.017697183826932406
writes:0.00290027364481387
conclusion:0.019358573568274525
kill:0.016204526783348182
were:0.006803961831018855
if:0.014696281135162484
of:0.004264047929073216
even:0.007364734420026428
andy:0.039314107340452695
available:0.011846771174623816
but:0.008753726608558028
killing:0.017750187069103775
fire:0.015776287881752064
they:0.016367010956276205
who:0.011342569072226739
good:0.007105306365611838
in:0.00467578162880238
economic:0.020112302765321277
handguns:0.07253114555571975
yes:0.01169669241449074
or:0.0029575063934345848
and:0.0033491001271121917
for:0.0014269686969827805
subject:0.0001170919161930627
i:0.0016745500635560958
we:0.017733472443604868
info:0.012918401137685952
house:0.015078385721448206
pretty:0.012622894986489589
the:0.003967121105205542
wrong:0.011593956389604651
would:0.004090568623264807
effect:0.030406784689670226
instead:0.01345497505080983
increase:0.03688373450164287
rational:0.02239869278125674
individual:0.016937220137134
an:0.003938149730533933
note:0.01298986446876534
makes:0.012249902992333219
people:0.026408300703037145
about:0.004320246404920489
affected:0.022173722191837664
is:0.003535166143298209
logical:0.020646061252064783
chose:0.021994678356222506
else:0.011081369409377442
time:0.006927675306595235
does:0.0106884983713818
lot:0.01087084819414645
himself:0.01641570811623232
their:0.013277926478786964
carried:0.01974020241472027
protect:0.01811126139040203
improvement:0.022360387167358695
change:0.013035127666274068
midway.uchicago.edu:0.02310697115797215
article:0.003554091580335969
bad:0.012020180029589402
before:0.009325413452730896
going:0.019103646351313005
feelings:0.023387021473702554
says:0.011232573440471788
manner:0.019999546814837912
safer:0.025213841404819876
security:0.016280148741394263
s:0.005442423516280862
