at:0.007465805190291788
11:0.03274758167474501
case:0.020945856841582674
existing:0.07338426536196696
times:0.023817594419432427
from:0.014348682278477552
members:0.03125629075003911
several:0.023885181119215223
name:0.023408750049408907
to:0.004671861559629935
add:0.029120512003828123
then:0.013524409743862738
perhaps:0.04895697521423806
puts:0.04184597986510681
that:0.005879739414143674
nt:0.006051513150190157
could:0.025578121276712835
its:0.017523936915543815
re:0.0031689873116794113
wait:0.031113557670424726
anyone:0.01417724364102874
this:0.004449003715012025
you:0.009420321854385115
them:0.024845070703936285
names:0.03471946789814304
3:0.019842931734217115
josh:0.04438923912316052
a:0.005917390363755911
member:0.06764233767367049
false:0.03548397111611169
million:0.03316534965365372
pretend:0.04753384659257435
copy:0.028954338517485953
politicians:0.09458339873694437
also:0.0125720095905048
are:0.010896803077986874
learned:0.03847284317340642
it:0.005811108978643593
not:0.005109406852338685
should:0.01392213679858881
have:0.004332632314810617
pitt.edu:0.04184597986510681
hurt:0.038223572959793756
has:0.009023512490563991
call:0.022516577101683963
uses:0.028940636693529125
heard:0.02290379118152436
be:0.004902214043537892
get:0.022277525004934278
if:0.011358481690905241
of:0.003295603145182011
but:0.005637993408901782
fact:0.020324297700244402
order:0.023765397128241456
they:0.00790609851277749
in:0.003011520371093059
minute:0.03790222351180822
tactics:0.045866810200658636
lying:0.04153777949077736
and:0.004853356963865973
subject:0.00022624539738998556
membership:0.09113885226892288
foot:0.04084084645487082
i:0.001617785654621991
we:0.011421558522999746
paid:0.03505076387942506
power:0.022897078645513068
later:0.027079762957268674
the:0.0025550949491154338
do:0.012174879981466045
an:0.015218612517995538
nra:0.04500424499464218
dillon:0.05431451862742277
address:0.054115616168366285
about:0.008347594748490436
film:0.04397576315562296
is:0.004553773337129897
their:0.03848348182834866
mouth:0.04095309413919302
thousand:0.03950268518838092
already:0.024625307807604673
give:0.020027426028440733
realize:0.03316534965365372
claiming:0.03908467614971565
