there:0.005462970152244925
all:0.0056789751824184
ya:0.030398225917419863
compound:0.050981175851256014
from:0.005039120562084378
violent:0.028725122414917315
wrote:0.015330803420790838
atf:0.13242478738597235
to:0.0032814265716448352
bds:0.035424286335776226
then:0.009499287796284542
day:0.015138708546207571
director:0.029436075015298338
that:0.004129816969458057
guy:0.020156730636600412
suppose:0.022941303485899817
agreed:0.028269941676870657
rob:0.0261945398333288
attention:0.025265943116206297
re:0.002225836326060539
batf:0.027142242105851453
cease:0.035186159344028016
this:0.006249790932993083
shot:0.02367043062849843
on:0.0030179096740433923
you:0.0033083273179090587
medical:0.023946532572432566
more:0.007567970391790035
a:0.0016625049117218987
was:0.010541203977397447
nyx.cs.du.edu:0.02798474313106174
are:0.0038268534619120566
fuck:0.06748468015030232
care:0.018845338936154147
it:0.0040816122588091894
not:0.01076625015314223
should:0.009778643703770712
statement:0.020673806069600034
shooting:0.028380515400519078
ve:0.01086389106563949
halcyon.com:0.07555467667922086
allowed:0.04561706223948656
robert:0.019020309696176806
dodge:0.03452410199218144
heard:0.01608718666321354
wounded:0.06863765426922992
writes:0.003936085660818823
get:0.007823654614828108
were:0.0369357927969595
of:0.003472153313673904
even:0.01998999342578602
looking:0.015439793722658595
but:0.003960019180061966
released:0.025747901821763838
never:0.013118685897987264
fire:0.04282135282189845
they:0.01665927900906685
bd:0.14503830663526882
who:0.0076967432990110015
waco:0.023123069699352683
clear:0.019629468703491745
tim:0.024273269641286836
clearly:0.021633990335859547
and:0.006817810973049818
for:0.0038732007489532616
subject:0.0001589104576905851
p:0.02003647642637708
i:0.0022726036576832726
branch:0.027142242105851453
info:0.01753211582971665
back:0.012537837619449627
any:0.006090995632671472
the:0.009870575130809028
allowing:0.02798474313106174
when:0.007783776445498427
start:0.016771202904062574
did:0.009785184782398603
mr:0.02010092665644889
fbi:0.02270727310887104
an:0.005344631777153194
about:0.005863191549534949
lesson:0.03297044826974323
is:0.006396967306920569
captured:0.03313353740181534
violence:0.028019654556373636
keep:0.015770324905511435
break:0.02335837231099932
their:0.009010021539176868
trouble:0.02270727310887104
first:0.022351843207036204
dead:0.020424298421494857
nice:0.01880797295687356
davidians:0.0288044886700927
agents:0.10844841361491661
leave:0.02103084597794355
planning:0.02758103720047388
release:0.02365359219873368
give:0.014066882567595277
assault:0.028343428794860535
by:0.0058954492548640835
s:0.0036930731003334424
