some:0.00926616567566154
correct:0.02596997968397975
there:0.007283960202993233
all:0.007571966909891199
media:0.03136076341821636
compound:0.03398745056750401
suits:0.04723238178103497
wrote:0.020441071227721118
nov:0.04498978676686822
my:0.015082766052861924
w:0.02455826075420122
earl:0.045625046351578824
day:0.02018494472827676
next:0.021256984315469643
been:0.01164476497794793
that:0.008259633938916114
re:0.0029677817680807184
scott:0.030333944866440525
jmd:0.09072961932501494
93:0.029055678538130167
you:0.004411103090545411
american:0.025611390614192188
kenneth:0.03901465648701451
am:0.012970923465883853
bill:0.024567570441997755
m:0.010863608826318032
answers:0.03325881922422526
landed:0.04428905178952157
a:0.0022166732156291983
was:0.0070274693182649645
as:0.006350112382674749
question:0.01732528637577067
cube.handheld.com:0.045894106285512805
arms:0.032167779616061744
foreign:0.03502979979021104
are:0.005102471282549408
roby:0.09512623493350753
d:0.014459081129976471
lay:0.03799090950137083
18:0.030688488041453167
have:0.004057544548790895
always:0.0210869531587199
robert:0.02536041292823574
thinking:0.027647035982925835
writes:0.015744342643275292
down:0.018764806166294903
were:0.0369357927969595
if:0.01595596237531927
of:0.0030863585010434706
what:0.007305096055528819
but:0.005280025573415954
never:0.08745790598658176
eh:0.03954990474729651
in:0.007050781821209939
arras:0.04603213598957526
and:0.003030138210244364
still:0.016204040335155136
for:0.0025821338326355078
subject:0.00021188061025411345
i:0.00909041463073309
6:0.023320235179041224
news.udel.edu:0.04603213598957526
the:0.0047857333967558915
do:0.005700935864337274
when:0.010378368593997904
would:0.0074019813182886985
country:0.026752016730318507
william:0.032314756185642994
an:0.014252351405741851
jim:0.0537512816976011
myself:0.026451127476173675
people:0.011946612222802518
chopin.udel.edu:0.04511283586636
clinton:0.02908854197198756
ninja:0.047396026917564615
guys:0.030830759599136913
questions:0.024001399501948503
pitt:0.04575843617948661
davidians:0.03840598489345693
article:0.012862426671692078
politically:0.04498978676686822
de:0.03207128592971405
april:0.027001221126096125
by:0.007860599006485445
black:0.0840369608629509
while:0.017224940522845414
s:0.0049240974671112565
