at:0.007403067331549841
tank:0.11695194240615724
with:0.004914515771340734
much:0.014682326634957405
compound:0.07197342473118497
to:0.002316301109396354
then:0.013410759241813472
death:0.02819677633644052
been:0.012329751153121338
that:0.002915164919617452
tanks:0.04168318050365262
could:0.012681589540555104
its:0.034753353882927225
feustel:0.2213446677142706
supposedly:0.03898398080205241
this:0.004411617129171588
on:0.004260578363355377
more:0.021368386988583628
a:0.0023470657577250335
air:0.032387722568329155
as:0.006723648405185028
are:0.005402616652111138
it:0.002881138065041781
only:0.011206186876212491
struggle:0.045481374820821166
has:0.026843053963526497
verified:0.05072636901471188
netcom.com:0.0541014315079183
personal:0.02818399555626652
be:0.009722037935083552
found:0.022474962229050398
if:0.005631516132465624
of:0.01633954500552426
freedom:0.03351284437242526
version:0.026222442081223398
settled:0.04904006064948371
fire:0.060453674572091935
they:0.007839660710149106
bd:0.08190398492344592
david:0.020978531423062975
one:0.008263116872064054
government:0.06785583878864616
become:0.027833804830211323
point:0.018500302195462694
u.s:0.02964489412603948
or:0.005666482837841053
destroyed:0.04161975860755697
and:0.0016041908171881927
subject:0.00022434417556317895
cause:0.02650000952388291
dispute:0.04462605806191409
marks:0.047766532093792946
possible:0.021655223722391446
the:0.014568335487183377
when:0.010988860864233074
around:0.019892390194568364
would:0.007837391984070387
just:0.00986881145769652
people:0.01264935411826149
army:0.03750590797462667
about:0.008277446893461105
is:0.002257753167148436
dave:0.02946449303676128
origin:0.040721748981150566
citizens:0.03434754780616908
by:0.01664597436667506
seem:0.023190861805846535
s:0.0052137502592942715
walls:0.045090450319687614
