at:0.011151455853853557
tank:0.05872270525878781
i.e:0.04372834173386586
with:0.00740287818720946
mentioned:0.044495742010023265
to:0.001744555898849153
death:0.04247362511438509
its:0.052349988760358734
feustel:0.33341791718985064
re:0.004733424085799627
this:0.006645347321157203
on:0.006417833230877088
more:0.03218782343849939
a:0.0035354534831554306
air:0.04878656943836923
as:0.01012802734451922
are:0.008138118754445893
it:0.01301982644582172
have:0.0064715267487044665
only:0.01688020554771249
struggle:0.06850991903389518
has:0.013478157897298114
netcom.com:0.08149456138534529
personal:0.042454373053110325
of:0.01230636617504675
freedom:0.050481373168589944
what:0.01165116586071685
bd:0.06168717851829155
waco:0.049173110246724695
david:0.031600572649930304
government:0.1022132255170746
become:0.04192687056702719
point:0.02786754381341849
u.s:0.044654967101249346
or:0.008535588072190953
and:0.002416439332220189
subject:0.00033793616319010504
marks:0.07195211796406786
possible:0.03261989396157699
the:0.0114494128099603
around:0.02996448649561564
just:0.014865678018555518
people:0.01905409038067237
is:0.006801838655459845
questions:0.038280713129690024
does:0.015423909042247155
16:0.044139148630698
survivors:0.05943804969250101
dave:0.044383223688285976
condition:0.04807715301879773
citizens:0.05173871125233064
by:0.01253715790907805
