thanks:0.023451607587248978
with:0.013760644159754054
way:0.020380856700547567
into:0.04213656242311497
from:0.009959673581531478
hamilton:0.0648513772027612
to:0.004864232329732344
amendment:0.05376589228185043
mail:0.03605077064512772
began:0.052727155727195385
that:0.012243692662393299
sources:0.045283987943699575
could:0.017754225356777145
me:0.012748102122406409
need:0.022602376370555722
covered:0.05432180857420978
so:0.012021301145704943
requested:0.061622708429799306
finger:0.05853607002429941
he:0.01870744950023806
firm:0.06150564571387969
brown:0.05464239260300244
you:0.00653881164010261
them:0.01724540201802636
support:0.03222301540627654
2.2:0.05862691762540425
other:0.01622715279802248
was:0.010417189812957478
idea:0.032616191708950075
quotes:0.11434103013676933
jake:0.06395742535596212
jefferson:0.06705841971917059
it:0.0040335932910584935
fuzzy:0.0712813031600326
have:0.00601471309585474
fruit:0.07431458679888084
university:0.02765106001880769
second:0.03234936207826196
liked:0.11955121100525357
pgp:0.05346803571732937
his:0.04339833038835898
constitution:0.053235063631491955
if:0.007884122585451873
of:0.004575072601546792
short:0.04074091606613256
key:0.037715792602783245
women:0.04446253169215794
please:0.02253429831653241
michigan:0.06060885317990458
government:0.0316660581013682
or:0.007933075972977474
and:0.00224586714406347
for:0.0038276336813185177
subject:0.0003140818457884505
i:0.00224586714406347
any:0.024077347442089583
madison:0.07502781764378007
yet:0.06188397041614503
the:0.007094145976367558
jonathan:0.11248247928221332
itself:0.039565362830522116
touch:0.0561670141211859
protect:0.048580795258960745
written:0.04215904633477776
s:0.00729925036301198
