since:0.012427463499401747
believe:0.01349485639956733
k:0.023532056250010328
search:0.026504045337731156
posting:0.02049185439103255
among:0.021394443900533074
monday:0.03140129602322352
your:0.007825665976281133
way:0.01076007962451269
compound:0.02659887435717705
knocked:0.03399784192580131
to:0.0025680729691133493
remember:0.01728337910882753
day:0.0157969132656079
that:0.002154687114499856
sources:0.02390769549822648
think:0.008942534332475497
nt:0.00887054101518557
me:0.013460728949124779
re:0.0023226118184979535
batf:0.0849670187661437
lost:0.021767120026818944
anyone:0.010390774842493112
had:0.009530487488708914
on:0.012596492552528942
pushed:0.031719887913829424
you:0.006904335272158035
education:0.026867375814014438
seeing:0.024896209102226254
m:0.017003909467280396
magazine:0.026227947433564488
a:0.0026021816009560157
how:0.008169956504528722
tossed:0.038879387975558524
anymore:0.02752456118426082
was:0.005499758596903016
utkvm1.utk.edu:0.07227017033274388
as:0.004969653169049804
steve:0.01992021022878501
said:0.013611831233934361
part:0.015212559704430292
witnesses:0.03265921070714572
services:0.02482398526374726
copy:0.021221192205362373
fine:0.020118984956028322
quoted:0.0277504471728998
weird:0.030578381842813092
mind:0.01881773790689526
march:0.02691746624778295
it:0.004259073661366111
not:0.0037447826619625146
laughed:0.03415711168116366
have:0.003175469646879831
ve:0.011336234155449902
veal:0.10743285016053379
references:0.02564824594417182
pa146008:0.036477071360055346
throwing:0.031611864667171856
div:0.033543162397706314
love:0.020324331926592845
univ:0.028848468144442276
which:0.008024175978369675
writes:0.004107219819984859
prior:0.02854705795254998
down:0.014685500477969925
of:0.008453938502858202
exclusive:0.03530569763454261
looking:0.01611108910190462
but:0.004132193927021181
associated:0.028259599862090316
they:0.0057945318292406435
bd:0.030268863993447404
beginning:0.02515581859712353
david:0.03101174210365831
in:0.001103600632885034
door:0.02627311985175753
or:0.008376539847243295
and:0.001185706256182577
still:0.012681422870990975
for:0.002020800390758223
subject:0.00016581960802495836
i:0.007114237537095463
group:0.016752272886997793
info:0.018294381735356503
warrant:0.02923790040665075
any:0.019067464589232433
grenades:0.0354035135163323
the:0.005618034857061265
do:0.004461601980785693
serve:0.026006885662740245
would:0.005792854944747677
instead:0.0190542503825133
descriptions:0.037493403184787034
an:0.005577007071812029
mentions:0.03581095005351126
just:0.007294338903514819
long:0.014784541895084376
here:0.011182614320642211
different:0.015696999366529487
newspaper:0.03062388519742224
press:0.022281679259426496
dates:0.03474910037560046
is:0.0033375481601324707
violence:0.02923790040665075
does:0.00756825350520202
1:0.012164744670339804
first:0.011661831238453671
davidians:0.030056857742705428
agents:0.028290890508239117
e-mail:0.01707885575560414
describing:0.03272291567712826
article:0.02013249392090934
shaft:0.03347051618799705
needed:0.02071939559090696
