large:0.01584145036977553
at:0.004661190542086936
there:0.014567920405986466
know:0.006528439818297893
tank:0.07363640818165455
happen:0.017892234000885264
ammunition:0.03127658608358046
saw:0.01797555864092833
such:0.01017469419824232
from:0.008958436554816672
atf:0.02354218442417286
my:0.005027588684287308
to:0.003646029524049817
t:0.013631074365081703
sooner:0.028894570200249475
that:0.012848319460536177
view:0.018017718268701754
think:0.007617714431368017
counter:0.028573805005453524
like:0.006162111447135837
nt:0.007556386790713634
could:0.007984704525534694
re:0.001978521178720479
happened:0.017842861898086936
started:0.03470100397871857
something:0.01053259956171176
certain:0.017440820062224915
you:0.002940735393696941
burns:0.024458966018215383
m:0.007242405884212021
more:0.006727084792702253
a:0.0022166732156291983
hard:0.02861622648228052
other:0.007297925861544501
looked:0.019709011663913676
was:0.02342489772754988
as:0.012700224765349499
question:0.011550190917180446
evidence:0.0680996409420757
official:0.021461391646319182
no:0.005956326646468306
likely:0.03498845296221934
it:0.003628099785608169
should:0.008692127736685077
have:0.005410059398387861
made:0.012304653713851858
due:0.0175404364280343
only:0.014111494584860175
after:0.010207479828915086
exists:0.019744090280520394
directed:0.027506399488781273
has:0.005633727375061116
mitchell:0.085535763591548
be:0.009181924716467798
explosion:0.12871746638788295
which:0.006835409166759353
claims:0.03974947804876959
writes:0.0069974856192334635
get:0.006954359657624985
soon:0.0190317123652882
were:0.00820795395487989
if:0.00709153883347523
of:0.0010287861670144902
what:0.014610192111057638
released:0.04577404768313571
ranch:0.02571160730588728
version:0.016510426495585102
least:0.012738954405854402
fire:0.0190317123652882
investigation:0.026325745778124073
they:0.004936082669353141
who:0.00684154959912089
now:0.008740287819461609
over:0.021226886270046114
one:0.005202703215744034
in:0.0009401042428279919
or:0.007135570980985029
rather:0.013616315623877584
and:0.004040184280325819
for:0.0017214225550903385
subject:0.00014125374016940898
until:0.030276885982694644
i:0.0020200921401629093
we:0.02139276040815825
will:0.011992649152415708
than:0.007569318953542122
the:0.003589300047566919
waiting:0.023148361171353975
do:0.003800623909558183
see:0.009361829425455957
would:0.009869308424384932
law:0.015909212302878124
agree:0.01596060941251026
fires:0.02975445871611072
fbi:0.020184242763440923
an:0.014252351405741851
just:0.006213696102994105
about:0.005211725821808844
claimed:0.02251773409587716
is:0.005686193161707172
dividian:0.02674925216793115
right:0.010263881448625924
survivors:0.0248444757973946
various:0.018860206234683537
agencies:0.024516477511532336
blast:0.03050562411965774
article:0.004287475557230693
very:0.009223505247531466
enforcement:0.02391582234593981
release:0.02102541528776327
before:0.011249705117580128
going:0.011522834307141176
todd:0.0807858763716614
s:0.01313092657896335
