read:0.019050445898301863
block:0.03687209485011203
dan:0.03339330663350637
202:0.050541672319596116
all:0.008017376728120093
send:0.049299951611365085
thanks:0.016751148276606412
ca:0.01728192097556572
into:0.015048772293969632
someone:0.018516454745067395
wrote:0.02164348718229295
post:0.021702334491018323
2.1:0.044100676910810446
to:0.0057907527734908865
dod:0.029390454131869217
death:0.02819677633644052
published:0.034454598442954204
might:0.0178746650073819
relevant:0.03778145270423163
been:0.012329751153121338
liberty:0.041876369732431605
nt:0.006000660098507886
me:0.009105787230290291
need:0.016144554550396942
re:0.0031423571662031135
so:0.00858664367550353
suicide:0.043447660235790976
something:0.016728246362718677
these:0.013921310698310442
on:0.004260578363355377
you:0.004670579742930435
numbers:0.02964489412603948
them:0.01231814429859026
a:0.0023470657577250335
responded:0.044016220306999504
as:0.020170945215555087
copy:0.028711024748431447
daily:0.03746727176245331
quoted:0.07508944529137593
begin:0.03506907125664297
co:0.03836122473353374
it:0.002881138065041781
have:0.008592447279792484
kind:0.02315568652910134
has:0.008947684654508832
public:0.04981083358085031
pgp:0.07638290816761337
be:0.004861018967541776
which:0.010856238088382502
get:0.011045159456227919
making:0.025837035217415153
if:0.011263032264931248
end:0.022724650441811
of:0.004901863501657277
ucsu.colorado.edu:0.045997080252554716
even:0.014110583594672484
key:0.05387970371826178
seen:0.04357083849785467
version:0.026222442081223398
well:0.028283494288291508
who:0.010865990539780237
email:0.02305797192410034
or:0.005666482837841053
use:0.013972937207960907
and:0.006416763268752771
gets:0.028044675146158018
for:0.0027340240580846554
subject:0.00022434417556317895
editor:0.03880129183872127
i:0.006416763268752771
info:0.04950244469567054
information:0.02049429650826693
will:0.01904714865383671
the:0.00380043534448262
specific:0.03079963267622212
liberal:0.041188722520266625
write:0.02734599936964297
provided:0.0339324826353323
paper:0.06481762012162344
various:0.029954445196262086
very:0.0146490965696088
written:0.03011360452484126
before:0.017867178716156673
handed:0.047766532093792946
letter:0.06858905915530851
by:0.00832298718333753
