some:0.0064150377754579905
acting:0.028356973491191283
choice:0.02072726744240958
at:0.009680934202795947
out:0.006473500544398132
say:0.010426071287184306
mess:0.02805990084684911
way:0.019037063951060917
much:0.009599982799779843
often:0.0170731889465863
to:0.003786261428820964
within:0.017782693496279218
then:0.008768573350416501
assumes:0.029737821998229226
representatives:0.030005899823335996
us:0.011318002121895583
direct:0.021943822102055904
that:0.007624277482076414
control:0.016756232252423207
nt:0.007847017051894929
re:0.0020546181471328053
batf:0.10021750931391307
so:0.01122868788335077
this:0.005769037784301308
getting:0.01490220644079498
overwhelming:0.03177284281304733
laws:0.02039491161009831
on:0.008357288328120164
set:0.014557222989702865
you:0.0030538406011468237
them:0.03221668508862068
more:0.0069858188231908015
a:0.0015346199185125222
vote:0.050053113976115365
want:0.010398889932484515
was:0.00486517106649113
hearing:0.024916663214944113
steve:0.01762172443315597
parameters:0.03066165123889955
far:0.013677901495172538
contribution:0.03177284281304733
are:0.0035324801186880526
complex:0.024703257537382225
no:0.006185416132870934
jrm:0.03186840183893672
plan:0.021459143941970366
religious:0.020172526401703944
desired:0.030005899823335996
it:0.0037676420850546372
not:0.003312692354812994
absurd:0.028511758529469834
have:0.01685441581805449
made:0.012777909625923085
feel:0.016737783979374605
convex.com:0.02954501254871676
be:0.003178358555700392
thinking:0.01914025568048712
writes:0.0036333098407558373
get:0.007221835029072101
were:0.00852364449160604
if:0.003682145163535216
of:0.0032050645972374506
what:0.010114748384578365
years:0.012251513313079086
evaluate:0.03177284281304733
assert:0.030434259941301448
they:0.010251864005579602
direction:0.024275551566151816
waco:0.042688744060343425
now:0.009076452735594749
gardner:0.06335783471005839
good:0.008901153029447799
over:0.022043304972740197
box:0.017409555003882457
in:0.0019525241966427526
become:0.054597078705414526
our:0.012251513313079086
point:0.01209635143549484
yes:0.014652999288482908
or:0.003705008009357612
better:0.012286900391765951
and:0.004195575983415274
for:0.0017876311149015057
subject:0.00014668657632977087
i:0.002097787991707637
we:0.08145704924644874
gnv.ifas.ufl.edu:0.06633448255770015
the:0.004555650060373397
do:0.01973400876116749
thing:0.012439189203983278
when:0.007185024411229319
got:0.012154691327640518
law:0.016521105083758057
because:0.009696276367552275
fbi:0.08384223917121615
an:0.004933506255833719
just:0.01290536882929545
people:0.008270731538863284
is:0.0044286696740219325
right:0.010658646119726922
violence:0.025864296513575667
keep:0.014557222989702865
their:0.008316942959240188
experience:0.018199026235138176
wanted:0.016731648294209357
article:0.004452378463278028
enforcement:0.0248356616669375
process:0.01987122930348114
blame:0.024599584546698798
