some:0.005120775768128746
believe:0.00952926263302781
sentence:0.021722593308330172
at:0.007727763267144132
out:0.01033488683403912
tavares:0.022595405790753902
form:0.014970968967025856
discussing:0.021343713421493236
text:0.01586212163698933
encryption:0.016959427601855696
c:0.011342533751881403
active:0.019595710503670472
though:0.021803019312374383
meaning:0.01730678304773812
arguments:0.01824351155781733
apparent:0.021224360072699885
from:0.0037130362036411207
post:0.01132709563347009
my:0.008335212818686853
to:0.0054402598424638056
amendment:0.04008860389436216
q:0.01861701071720464
near:0.015810420076673354
most:0.008142962561258937
basic:0.01675286319982456
speak:0.015725582520343832
bear:0.05928371477394362
that:0.004564534545190484
control:0.013375588903250102
re:0.0016400899244656602
exactly:0.014106941461719334
described:0.018198983612799705
this:0.006907663662781828
discuss:0.03923212609116991
he:0.006974268454036119
talk.politics.guns:0.026379206166806744
on:0.002223722917716184
you:0.007313144597483182
relative:0.021592629283740825
sternlight:0.06497138979056057
suggest:0.01610263072416718
them:0.006429206892685267
more:0.005576399236055815
passing:0.02143540940754286
a:0.004900014476654018
other:0.0060495964378592575
as:0.0035092726325307824
arms:0.05333079252136552
rocket.sw.stratus.com:0.024294014514547643
chip:0.014177212095628394
d:0.007990544834986997
thread:0.018258455234666515
place:0.023854628222073907
it:0.0015037518848244383
not:0.007933026428631116
should:0.007205316413304735
have:0.0022423272506476
follow:0.016565755756216164
second:0.024120138391686547
sw.stratus.com:0.021994678356222506
netcom.com:0.028237150655448587
topic:0.019151916011357552
his:0.008089601059233582
investors:0.02379061313475629
be:0.0025371107769187337
which:0.0056661944408663055
guns:0.03539436765386481
writes:0.00290027364481387
if:0.002939256227032497
of:0.011939334201405005
reading:0.014413693185802589
least:0.010559922731168781
militia:0.05042768280963975
seems:0.010335469690267886
fact:0.010518715476442278
well:0.007380999605935723
now:0.0072452385871852815
david:0.021898642450390297
in:0.0031171877525349207
gun:0.03211417101582808
or:0.008872519180303753
rather:0.011287209004003786
and:0.0041863751588902395
for:0.004280906090948342
subject:0.0002341838323861254
i:0.0033491001271121917
special:0.015332066635372905
house:0.015078385721448206
currently:0.015784796060777616
than:0.0062745670272783384
cdt:0.06652116657551299
the:0.005289494806940722
would:0.004090568623264807
agree:0.013230505170896661
clipper:0.015675456661468294
claim:0.014321223880701693
simple:0.014470125249808072
mr:0.01481120911527813
an:0.003938149730533933
note:0.01298986446876534
people:0.026408300703037145
about:0.004320246404920489
company:0.014763719472067324
is:0.003535166143298209
number:0.010974845826305956
ignorance:0.0211658796741496
threads:0.024862776897479802
envelope:0.02783593351339716
today:0.012452308183326108
ignored:0.02251565877723113
white:0.014907759411493825
write:0.014272692653454006
right:0.0425410875831206
keep:0.03486071821218317
their:0.006638963239393482
1:0.008590017069845213
vos.stratus.com:0.02348449137188111
words:0.01450815408555866
article:0.003554091580335969
interpretations:0.024063120946629126
playing:0.017567412084890755
claiming:0.020228034147659852
regulated:0.027454304666951417
by:0.0043440152404261665
seem:0.012104002433753236
credibility:0.026102105721098272
check:0.014514524406086355
announcement:0.02004430194718108
millions:0.020884631743581447
strnlght:0.022065421259423748
