read:0.04534006123795844
tank:0.09278187430888474
media:0.07902912381390524
among:0.0688901093597165
hell:0.06826761848963792
to:0.0055127966403633235
ap:0.11306891320989214
amongst:0.11105281922745285
weapons:0.07999111970979347
cco.caltech.edu:0.09001532301112444
had:0.06137633942728541
two:0.03729578865306623
you:0.011115979788174437
ray:0.0867553773317734
a:0.005586016503385581
how:0.052614519889164976
other:0.027586159756638216
it:0.0068571085947994395
try:0.048727793446867854
aaron:0.2022243463895595
again:0.04883738276216036
they:0.018658392490154874
bd:0.09746574205890066
up:0.026869207407047693
rifle:0.11985905601621949
use:0.033255590554946965
and:0.0038179741449078986
subject:0.000533939137840366
i:0.0038179741449078986
the:0.006030024079912424
do:0.014366358378129933
once:0.05366062389849813
an:0.017957962771234733
just:0.02348777126931772
about:0.01970032360643743
ignorance:0.09651641131412218
run:0.053536688567747896
arc:0.22928906153390888
article:0.01620665760633202
rifles:0.23062251834461253
