posting:0.0785521084989581
case:0.0588478835073037
from:0.020156482248337514
post:0.061489947724551915
to:0.0065628531432896705
near:0.08582799470194107
basic:0.09094411451333333
am:0.03891277039765156
a:0.0033250098234437974
how:0.031318166600693434
permit:0.13002556590112263
kim:0.26506829921452274
those:0.08837693591845523
plan:0.09298962374853824
application:0.08786589780516496
states:0.08221094608227816
be:0.013772887074701697
of:0.0046295377515652054
who:0.030786973196044006
in:0.01269140727817789
or:0.016055034707216316
and:0.00909041463073309
for:0.023239204493719568
i:0.004545207315366545
info:0.0701284633188666
will:0.02698346059293534
the:0.0017946500237834594
new:0.082095217375407
carry:0.09267756785555491
live:0.07373067318922996
apply:0.09522752346403984
john:0.06384472379956775
vacation:0.14074463737611206
