at:0.004097511685834563
folks:0.01722425976881292
there:0.004268739467800686
behind:0.01640810419069162
returned:0.02209000093820591
all:0.01331257438111104
remind:0.024552335865363706
means:0.013184163815994198
with:0.0027201273339048713
beautiful:0.047754141406592544
faces:0.02528549374538037
into:0.008329320478987844
from:0.003937545369442677
parents:0.021328395490666285
wound:0.028076455408142853
hitler:0.04750606468954918
both:0.010445135266549943
my:0.01325880364646932
to:0.001923068595475578
line:0.013133970924679017
young:0.017460723381740404
most:0.008635327739381572
day:0.011829316445408708
heavily:0.02557811618915046
that:0.0032270197714835054
control:0.014184345441586156
r:0.014419626821995954
like:0.010833851753569053
along:0.01625098330763365
me:0.015119842052156437
camps:0.02714310333622587
re:0.001739258152456607
had:0.007136783654335513
this:0.002441778783122879
off:0.010155616037006281
child:0.01844355637554137
on:0.00471636116501665
you:0.005170223157290436
american:0.01500946612738705
pulled:0.04657505577274005
used:0.009183551201566817
them:0.006817949635033679
defend:0.021069276388275562
card:0.014236783007042984
8:0.013732517592436587
a:0.003897220816315521
same:0.009032992328040057
want:0.008802781245172937
was:0.008236847759082656
rear:0.022033278737769543
express:0.021654486496187342
taking:0.015846279228612117
care:0.014725660191971614
it:0.0031893528347904368
have:0.009511639314374936
males:0.028180980319082657
rights:0.016154415905547934
struck:0.025342563943481833
nazi:0.02343757840831524
suffered:0.024552335865363706
his:0.01715747945586285
writes:0.006151278055977324
watched:0.02317808371236912
down:0.010997049195130967
were:0.021646092522869288
of:0.00994812298243314
implemented:0.023250759609592754
what:0.012843378181348342
street:0.01854896967590049
scenes:0.02886285694323092
fire:0.01673020296297428
they:0.008678322088444127
who:0.006014199415041155
up:0.006248652885359928
good:0.007534929541206973
bodies:0.02220556372232931
one:0.009147078211866255
in:0.0033056688724556367
gun:0.03405595810050606
5:0.012087780869384572
yes:0.012403934281413436
truck:0.023919162961528448
and:0.010654811567184832
for:0.001513250525172437
enjoy:0.0645034127085029
subject:0.00012417189252101533
exercise:0.023214279714425187
car:0.014226248092480881
i:0.006215306747524486
we:0.006268576305646372
flesh:0.02658588845337647
howard:0.0488184237431297
fired:0.02206155337068295
driving:0.03894984736466214
the:0.005959907520843675
do:0.0033410135763092866
when:0.006082206710901097
thank:0.016886020031486114
moore:0.026295096095323753
rounds:0.02768037257865305
can:0.004021237174128899
country:0.031355852167629136
arm:0.023287527886370025
thought:0.012486448396240524
problem:0.00983983856765388
people:0.014002540837889463
middle:0.01868418741925852
paul:0.015232662749344452
is:0.0012496401250728553
time:0.007346557999552156
documentary:0.029245359725728462
lee:0.019847215345928912
man:0.013479299250210228
their:0.021121166770907637
guess:0.013935615176444899
article:0.007537980282014893
concentration:0.02797422793503227
jewish:0.017788405525696736
full:0.014370523181038387
mine:0.015187158347906913
incident:0.02235417581445304
built:0.01717440760034769
black:0.016416522587181105
happy:0.01766555855109312
john:0.024943985112389263
