another:0.009768745948848365
since:0.0088141921735845
at:0.007761806277131552
round:0.019386267365635416
dan:0.017505742243996734
there:0.00808615846323478
andrew:0.033175842812088095
wave:0.021687750998647174
threatened:0.02428355534024098
watch:0.01693464246949053
own:0.019969080489409652
your:0.005550362212252259
spot.colorado.edu:0.04758104974476403
turn:0.015072590901826059
atf:0.01960120200955362
my:0.004185965908944059
to:0.004857089550980902
then:0.014060619821813246
lived:0.01980613599913465
been:0.032318070203115404
that:0.009169285253774717
feds:0.02188503559171754
weapons:0.03523837872678127
nt:0.02202004344518533
could:0.013296115905956455
quiet:0.04439717495848262
re:0.0016473149902122052
so:0.009002736540836302
had:0.027038034989993572
shot:0.035036408331169486
federal:0.017407295994252257
illegal:0.03620933150328888
these:0.007297955828629704
you:0.004896907395671559
them:0.012915058780019745
raid:0.023300544100971335
inside:0.033075379093164645
why:0.007840187577770955
more:0.005600964871456943
a:0.0012304001108778813
how:0.011589101297172902
was:0.011702129525568972
as:0.0035247319833348833
truth:0.015837257832654644
said:0.00965420629367151
irrational:0.02464583771132896
third:0.016091563861973066
are:0.0028322087295208176
no:0.019836929271938503
religious:0.01617356742339259
action:0.016219793307603335
neighbors:0.023790524872382014
it:0.003020752684933674
not:0.002655991227206894
expecting:0.02464583771132896
courses:0.026040858016725583
deleted:0.015477442718054348
have:0.01126102672131394
only:0.005874608979159853
stay:0.017395143472494195
second:0.012113197253974743
nasty:0.023300544100971335
writes:0.0029130501806941076
were:0.020501805693466508
things:0.009844607612952642
if:0.011808817969399284
end:0.01191292247830621
of:0.004282832281183671
even:0.007397178183991303
never:0.009708983395867227
least:0.010606442214566003
oh:0.014227824599742174
well:0.00741351502270196
they:0.0369880027337872
waco:0.017113108852384366
surrender:0.02152983852387565
one:0.004331766113548998
in:0.0015654599285858193
government:0.01185733453134933
point:0.0096983963051104
world:0.011106831227897256
and:0.001681926936082775
subject:0.00011760773961241542
i:0.001681926936082775
felt:0.019890855655204636
stupid:0.017011833441702876
firearms:0.020922247584644366
shoot:0.020534435472374223
than:0.006302208291715688
the:0.0049807467620422005
do:0.0031643961185308226
thing:0.009973270639316991
see:0.007794650931326768
when:0.005760680364950379
would:0.012325766248075454
can:0.003808660759637504
because:0.0077741070435881675
did:0.0072418988697927995
instead:0.013514248068654809
thought:0.011826371829038382
firearm:0.02446097339811737
here:0.015862563045140055
remarks:0.024709224219928518
about:0.008678556654818252
claimed:0.018748245568814027
is:0.002367159708287788
move:0.015580727381378933
chose:0.02209157121241732
time:0.0069581937000163605
does:0.005367792133645486
life:0.012292420058540574
deserve:0.02227140378739642
first:0.01654233329859948
easily:0.01629477871539818
too:0.00860140029896254
nice:0.013919557078214795
davidians:0.08527143782512026
every:0.01071431069135417
agents:0.020065345250336996
article:0.0035697483714387714
very:0.007679482342658359
thier:0.026792512276772998
opinions:0.012579780420793139
deaths:0.042936450246211746
lots:0.016073546305798946
mine:0.014384312972687165
especially:0.01376782249998829
sometimes:0.015438353851620486
bothered:0.024521736931739993
s:0.00546639895027329
