some:0.006633732245075876
at:0.0050054830253092675
rick:0.02734467318823067
saw:0.019303298767815082
own:0.012877787701977245
with:0.0033228828226678827
compound:0.024331924838099463
service:0.020696541070899677
wrote:0.014633948719845802
to:0.003132270818388252
then:0.009067501987362519
death:0.019064865818388763
next:0.015218068316756678
teams:0.02349994396461453
justice:0.024464580315355096
like:0.006617267406299279
nt:0.004057264498422946
could:0.017148967674159743
its:0.03524700947785517
need:0.010915920406234297
feustel:0.14965917873862616
re:0.002124661947603242
happened:0.03832160112202763
batf:0.05181700765662551
had:0.00871823003228486
this:0.005965709526947943
federal:0.044902911257900704
on:0.008642195884760622
none:0.020582444502393715
them:0.008328745292796823
raid:0.030052406312048252
access.digex.com:0.025411718036325966
more:0.014447943475235522
magazine:0.023992611004567517
a:0.003967341266609077
air:0.021898516963813463
other:0.007836977203590402
was:0.0050310291710306005
as:0.004546103183051241
part:0.013916034729620894
services:0.022708304701496075
equipment:0.022925897230344258
are:0.0036529055772796908
proper:0.0233325460513741
place:0.015451293280206963
not:0.006851250097454147
only:0.007576910444711856
rely:0.02858475026788986
struggle:0.030751611384532494
has:0.012099709930528989
netcom.com:0.036579945167285674
call:0.015096341465901747
his:0.01047971046309805
personal:0.03811244853631495
writes:0.00375717267623615
justification:0.029323688496572804
dept:0.02331424710421477
if:0.007615345679129651
of:0.013257312652209452
freedom:0.022659252729082986
what:0.005229784676117223
forgot:0.027270882304555606
they:0.021202718738812357
waco:0.022072021076654836
david:0.01418434795082099
one:0.005586993794179674
in:0.005047718803820752
government:0.04587980009005052
become:0.01881944758406334
point:0.012508727052613982
u.s:0.02004399091476533
or:0.007662630201171424
and:0.0021693034914249424
subject:0.0001516872550682858
i:0.0010846517457124712
possible:0.014641884221389671
source:0.017723113418749003
the:0.009421912624863162
do:0.004081351811968731
quote:0.022925897230344258
around:0.013449968370191112
marshall:0.03358678846475402
would:0.010598291433004274
an:0.005101693969100777
just:0.013345324584839613
people:0.008552688295869986
is:0.0030530980328484533
picture:0.023241635020996593
captured:0.031627467519914645
time:0.00897448846536201
does:0.01384646379929006
dale:0.05483887006484215
dave:0.01992201517826473
blast:0.03275888044667792
leave:0.020074898433491573
article:0.00460416409270796
initial:0.02617419568006298
citizens:0.023223626073489323
fault:0.02515340909270803
needed:0.018953538012136485
assault:0.054110182244733754
s:0.003525206141227377
