tv:0.018302710416674698
another:0.010712586137142892
at:0.004255869625383725
there:0.004433714906169794
your:0.006086629092663103
with:0.005650506055937655
operations:0.022518438899656754
service:0.0175970590747746
from:0.004089721035894568
to:0.001331593391392107
remember:0.013442628195754744
kent:0.022228760325900435
w:0.014948506546035524
trust:0.020045257312648952
us:0.009951093653067613
might:0.010275773603277517
next:0.012939033931155435
that:0.00670347102288844
nt:0.013798619356955333
could:0.007290382392879504
me:0.005234727924659636
feustel:0.06362322574395701
re:0.0018064758588317417
anyone:0.008081713766383532
mean:0.01277015486391237
off:0.010548103613315702
jon:0.060135771937946864
federal:0.019089160341523
compuserve.com:0.02675862468269016
on:0.004898635992650144
you:0.008055057817517709
went:0.01576068244075403
state:0.02567839021198663
apparently:0.036605420833349396
compuserve:0.025208345841723486
beat:0.02099484143588324
more:0.006142120897684665
a:0.00134927934864386
j:0.01475424473202349
was:0.004277590019813457
song:0.02884975551503933
as:0.007730571596299695
part:0.01183199088122356
learn:0.018405865607353775
course:0.01181715845362328
military:0.018704534119471355
hmm:0.023962794589056334
are:0.006211704170060149
square:0.024504424048576657
care:0.015294767832241048
hoping:0.023124901435617025
administration:0.021517046728041216
reason:0.012909236347867283
it:0.0016563064238645988
not:0.002912608737081956
choose:0.01919711830621864
have:0.0024698097253509797
being:0.009400018985145643
hughes:0.02471358736139465
university:0.011354300007722964
messages:0.021135460199931892
always:0.012835536705307765
edward:0.021836185620205915
netcom.com:0.031101789127740472
public:0.01431760675391591
be:0.002794498826751069
writes:0.009583512913298006
outcome:0.02608912630932713
get:0.006349632730874986
if:0.003237441641369127
of:0.00469663250158789
america:0.01902289156747083
future:0.016929982243081402
what:0.008893160415426388
result:0.017077304159475854
year:0.011955365778790588
seems:0.011383995600874773
well:0.008129796667407463
ministry:0.025976774318195405
they:0.009013716178818779
who:0.006246632242675595
waco:0.05629964796364132
david:0.012060121929200454
repeated:0.025022518398110948
one:0.004750294240461944
in:0.006008492334596296
government:0.03900891215385938
or:0.0032575432739279484
and:0.00276664793109268
still:0.009863328899659648
for:0.003143467274512792
subject:0.00012897080624163428
murder:0.041338937151674776
i:0.00276664793109268
taught:0.023377556022104222
we:0.013021680248444153
any:0.009886833490713114
decide:0.0197763643314627
will:0.01642471514352586
connect:0.022203267296427763
the:0.004733714555486806
wrong:0.01277015486391237
do:0.013880539495777713
conference:0.02105460613058154
maybe:0.012791850639334898
william:0.019669851591260952
about:0.0047585322720863354
e:0.015028452637941192
press:0.01733019497955394
china:0.02884975551503933
lesson:0.08027587404807048
clinton:0.03541213805285442
recent:0.018348285451618457
el:0.029381160805929805
time:0.007630482946394752
provided:0.01950707938939393
addresses:0.02328125546702781
type:0.015654649808365683
study:0.017900354340264726
man:0.014000238351667627
explicit:0.027852961152730983
goes:0.015570179690776216
history:0.01604351499686416
1:0.009461468076930959
predict:0.02644276594228991
every:0.011749509791968097
e-mail:0.013283554476580996
article:0.011743954787197116
ass:0.023542449772681315
little:0.011330138656514319
conducted:0.02592156322726003
already:0.014037615078731165
opinions:0.013795218142608898
assault:0.023003362500176667
by:0.004784712438730271
mine:0.015774101665700417
god:0.012817286143841665
blame:0.021628620229464643
s:0.0029972767191111995
