at:0.009575706657113381
out:0.01707503042145594
dan:0.01439783872966398
all:0.0034567675023416348
story:0.02605114150733771
saw:0.012309349938896576
with:0.004237879541953242
from:0.003067290776920926
atf:0.016121278464379243
knocked:0.019832074456717433
several:0.010211780333577523
via:0.012384896299332048
to:0.0004993475217720402
building:0.0550792401280964
young:0.01360165046041372
t:0.00933432266304508
perhaps:0.01046544035376828
that:0.006284504083957913
think:0.005216478360610707
like:0.0042197067518430185
nt:0.002587241129429125
tanks:0.017972095941792252
could:0.0054677867946596286
surrounded:0.021014670777849576
re:0.0013548568941238062
started:0.02376264402890511
flee:0.04342719420877518
wait:0.013302173206920717
so:0.0037022123093656523
had:0.0111189020701604
this:0.0019021102839544167
consistent:0.016888829174742565
starting:0.014208412981439192
on:0.003673976994487608
pushed:0.01850326794973383
combined:0.018378318036432494
children:0.04858517200026849
burning:0.017185630343104472
assume:0.012577857084381075
them:0.00531108395482696
e.g:0.014707518913736579
particularly:0.014554711214277472
burns:0.01674907455595184
why:0.006448270217949299
more:0.0046065906732634995
a:0.0025298987787072376
other:0.014992478128607725
was:0.003208192514860093
entering:0.019051206245835003
let:0.008351948343307337
oil:0.016238435640621766
also:0.005374989607534661
evidence:0.01165836244388796
pat:0.029370581388578114
no:0.004078788899211992
tear:0.05391628782537675
caused:0.014428674561794084
pushing:0.019125913808163756
gas:0.043132279039880456
place:0.00985299861346531
it:0.0012422298178984491
not:0.006553369658434401
choose:0.01439783872966398
mothers:0.021562609073950748
have:0.001852357294013235
made:0.008426012869268121
being:0.014100028477718464
heat:0.01655833639114959
lamp:0.021791518137796877
bother:0.016614510980048014
knew:0.028131123644186663
sudden:0.019741490028436934
which:0.004680769320715645
writes:0.004791756456649003
upset:0.018732868000214228
were:0.016861992363829337
if:0.014568487386161072
end:0.01959589422156166
of:0.004931464126667285
destroy:0.017890672551023924
what:0.023344546090494273
ranch:0.017606861524683683
least:0.00872341443009595
fire:0.10426068513157885
using:0.007987031082046814
please:0.006939910713424836
they:0.02704114853645634
david:0.009045091446900341
good:0.005869600910722823
one:0.010688162041039374
rest:0.023671237923716004
in:0.0025750681433984127
minute:0.016204573820265834
force:0.025898580571121533
and:0.00553329586218536
subject:9.672810468122571e-05
myrto:0.021210566507089704
pretty:0.010427608901882705
flames:0.016204573820265834
the:0.009558462083194512
devices:0.015379269722908182
would:0.010137496153308435
meant:0.014752388693445716
listening:0.017890672551023924
effect:0.012559324110950745
because:0.00639392137280621
did:0.011912398865528735
fbi:0.12439636572685873
an:0.003253254125223684
thought:0.019453524675302265
rwing.uucp:0.02127829162669895
here:0.00652319168704129
people:0.005453888188670715
finally:0.026351626636203662
many:0.013428992953464445
about:0.007137798408129504
is:0.001946903093410608
dividian:0.018317422680213722
assuming:0.01437742634662682
break:0.014218139667564805
their:0.005484360936890268
survivors:0.01701306494821587
davidians:0.0525995010497345
words:0.01198499685328759
article:0.002935988696799279
killed:0.026469456497593375
side:0.011667985791924613
answer:0.011000982036698756
by:0.028708274632381625
s:0.0022479575393333996
walls:0.019441172420445022
