simply:0.01876468306676926
positions:0.029688061942181435
believe:0.026658550678899884
at:0.01080938665588259
british:0.027353406992220518
all:0.011706353750261241
happen:0.020746209976486598
access:0.020566729251647396
your:0.007729645534854372
with:0.007175796034227575
way:0.010628054107647505
themselves:0.019855522799526487
paranoid:0.03264608481884658
to:0.006764167656887514
remember:0.03414262621498444
trust:0.025456247016676894
mail:0.01879948162475985
that:0.004256498471588673
justice:0.026415743162592004
like:0.007145024929501063
really:0.011971753025711202
re:0.006882340541929519
happened:0.02068896256894743
this:0.0032207511556528773
shot:0.024396517457593473
consistent:0.028597035903245083
you:0.010229429252921262
tell:0.014785429776824864
m:0.008397636270650748
sure:0.013386773129811064
a:0.0008567509974517761
as:0.004908675829552261
old:0.03248973107168496
truth:0.022055567656519042
serving:0.034872498890560495
also:0.009101209396807156
fisher:0.036898521509398395
those:0.011385985609126136
internet:0.017524748117267522
early:0.021489209195050804
d:0.011176958419491016
it:0.006310222633251018
not:0.0036988344084415026
fate:0.03450056869536765
ken:0.025313329454692095
deleted:0.021554475441707587
always:0.016300344159501275
chooses:0.036029499932324606
nasty:0.032449223993377255
public:0.01818248219669076
found:0.016408101259245383
writes:0.004056824484770322
were:0.009517198144001836
what:0.016940652202391986
but:0.004081492161045462
tend:0.026132540452388553
central:0.02810067615715428
version:0.019143991458071073
least:0.014770934863229952
island:0.0314942957129368
vancouver:0.030248132004815832
fire:0.02206744562600902
germans:0.03468371570855587
bd:0.029897466889233327
highly:0.051247530238142346
waco:0.023832366315897247
in:0.005450297604125475
government:0.06605190033414227
confirm:0.03450056869536765
and:0.0035134731394857966
usenet:0.025056433304562895
subject:0.0001637850116074742
holocaust:0.030668179853143816
i:0.0035134731394857966
victims:0.0615311247266102
actually:0.014995792190804201
the:0.004624251595024865
see:0.010855127370620712
canada:0.022825813454028506
home:0.017971552465407048
did:0.010085343824803469
joe:0.024413921637564024
reports:0.048518066799854626
wants:0.021598375230636496
jim:0.020775035257355027
about:0.006043044051054427
different:0.015504398147308269
columbia:0.03342730826900978
head:0.02118318856107781
draw:0.025906132127631182
is:0.004944894973447802
either:0.015359280411738395
new:0.010576684447138324
multiple:0.026343707470097014
gt:0.033580690491128905
conclusions:0.031067343002512293
does:0.007475391499003222
their:0.01857280513597195
hear:0.04065866950010807
matter:0.018533147312273266
met:0.02895175719704156
too:0.023957274452325112
article:0.004971367363905528
jewish:0.023463234282360728
side:0.01975683483786008
604:0.07491326115629036
incident:0.029485569325812293
s:0.011419072653791749
news:0.018827463289346126
sco:0.03952087742858207
