sent:0.025899172875278962
some:0.008222090669953198
at:0.018611936882840092
stopped:0.03172931213253321
all:0.006718787539762614
happen:0.0238143114518825
small:0.02104750633990149
saw:0.023925215374193343
compound:0.03015787867257398
atf:0.03133431588851177
several:0.019848249099066174
to:0.005823376732778158
remember:0.039191887838327215
add:0.024198735327124778
been:0.010332678783249572
that:0.0024429903199611044
justice:0.03032229672889082
like:0.008201683545835727
really:0.01374222354359807
me:0.0076309062000320055
re:0.0026333838223814828
happened:0.023748597878439654
started:0.04618654754913951
jmd:0.040253281813210855
anyone:0.011781089786206981
had:0.021611387122283596
this:0.007394118850301676
appeared:0.033489465262596115
trucks:0.040140603353024655
you:0.0039140773902022665
tell:0.01697200741987643
concerns:0.035371963640253495
burns:0.03255453927776555
why:0.012533257606718355
a:0.0009834536097509824
truth:0.025317306535300028
part:0.017248043045163922
stopping:0.0399205150184887
cube.handheld.com:0.040722939380102914
explanation:0.032478815392017225
no:0.007927786874524717
it:0.009657899429294984
not:0.008491690261633308
chooses:0.041357806260344444
after:0.013586011884964446
site:0.027503973221398637
be:0.00407367082491177
which:0.009097833327588154
writes:0.0046567774015321296
were:0.010924671108959854
of:0.0013692998983502722
what:0.019445959922464038
but:0.009370186228879017
tend:0.02999721192774179
ranch:0.03422178718882181
fire:0.07599282331773528
waco:0.027356871193600363
in:0.006256327531496144
government:0.018955034778988012
confirm:0.039602765474260046
arras:0.040845416441454105
or:0.0047486722373456716
better:0.015747999093671854
weeks:0.02563778088262754
and:0.0013443570932774292
for:0.002291189175437141
subject:0.0001880067386761852
gate:0.043165692505751585
i:0.005377428373109717
driving:0.029486680223247748
actually:0.03442695953663499
the:0.006900555725251893
flying:0.03498523295295691
around:0.016670383332067856
would:0.006567955254256169
can:0.00608849290449094
home:0.020629317266629216
agree:0.021243346330735487
joe:0.028024431175513634
wants:0.024792501145026402
fbi:0.05372988566606105
jim:0.07154219887920146
interested:0.020261100108555773
is:0.0037841215055023085
dividian:0.03560287788548583
new:0.01214084200622216
days:0.02097361003204347
does:0.00858090714322201
matter:0.021273964872539033
survivors:0.033067647364137885
too:0.013750125830031667
article:0.005706569579694373
de:0.02845761990946458
three:0.020552732439946993
before:0.014973199064948201
understand:0.021099699034758123
assault:0.033533070686877255
four:0.024704550359316717
