at:0.007936621733823703
out:0.021228416199647927
dan:0.03580003143592125
story:0.03238790565777121
watch:0.03463210667184099
access:0.0302015934055723
cnn:0.04683522075116811
missing:0.03889772489539864
previous:0.03129008486209735
atf:0.0400853410465646
to:0.002483241729893389
add:0.03095694068875422
then:0.01437730044843066
ap:0.0509319428873388
might:0.01916292915205807
that:0.0031252668958060975
cleveland.freenet.edu:0.03858034929284239
tanks:0.04468737369310506
could:0.027191155951820853
huh:0.045035255099661636
me:0.03904824073529891
re:0.01010650007508569
batf:0.04108015021426166
so:0.009205500877341623
restrict:0.049660964524636954
two:0.016799904798678482
burned:0.043841141081986106
on:0.009135294148455674
you:0.005007198102781278
children:0.0302015934055723
am:0.014723750961273563
etc:0.020921837724848968
inside:0.03382032006373141
burns:0.0416463475445289
why:0.0160335367581442
paint:0.043966268218568694
a:0.005032447300347369
was:0.007977127334246718
broward:0.055003880939078056
fanatic:0.05209601254031184
it:0.0030887876553150626
have:0.009211722759417168
shooting:0.04295429357916401
being:0.017529765134460792
murdering:0.05399056577307185
call:0.02393654142341178
were:0.013975705382633326
if:0.012074782338079446
of:0.00525515096123618
fire:0.03240534808143667
women:0.03404788462912995
they:0.01680936260374313
up:0.024206493159502424
waco:0.06999415692777029
miles:0.03616355662081825
in:0.006402872140341999
point:0.019833657308649194
pictures:0.04189318514982723
clearly:0.03274333672454418
and:0.0017198081733819362
subject:0.000240513125153318
i:0.008599040866909682
away:0.02494579807498802
limited:0.03497382939547531
the:0.002037170297267711
start:0.025383442233175787
would:0.008402249064003388
can:0.007788882814754174
typically:0.046749009480752335
come:0.06489712633701104
here:0.016219827978589153
bosnia:0.04608750075503326
dear:0.08659725765959286
press:0.032318471718627624
show:0.02711773576337687
article:0.007300296219068477
hundreds:0.04230275608745567
answer:0.027353793172332042
says:0.023072313012860973
doubt:0.03135200269351863
