ask:0.014357451154464865
at:0.0043397291253912855
out:0.01160765614857596
say:0.01869502437702013
tank:0.022852678401203138
all:0.009399683060554593
happen:0.01665828682841042
story:0.01770964299513598
send:0.01444998581712425
storm:0.027630511812432382
your:0.012413125341687316
with:0.0028809230383721545
hell:0.01681468435705367
ca:0.010130781261538527
someone:0.010854473471246403
from:0.01251092001620949
post:0.012722058149907293
knocked:0.026963805665290698
several:0.013883996906735944
to:0.006789158424092763
representatives:0.026901841220921926
proud:0.024904476156349692
that:0.008544448902327015
justice:0.0212106706182389
really:0.009612786912270571
nt:0.0035176283336080714
could:0.0074340352479116125
re:0.0018420714422569978
happened:0.016612319698218872
batf:0.022462545191049482
so:0.005033549740812414
political:0.017757516145229187
this:0.005172240772132207
he:0.007833168509951898
you:0.005475852112401201
tell:0.011872044599125383
great:0.012419954131688064
them:0.007220981140552911
pennsylvania:0.02973614735345179
letters:0.023102506443464305
a:0.002751732267677626
was:0.004361877507888599
truth:0.03541928599027196
bring:0.018686536686153082
idea:0.013657026085028357
starts:0.022031834356617586
demand:0.02333573856463277
fox:0.02792469523460786
far:0.012262946168085723
others:0.013282405039745794
it:0.005066829010935546
not:0.005940000084492265
have:0.0025184759268357284
being:0.00958524103411403
able:0.01299243953749098
chooses:0.028930091078664587
allowed:0.0188760257542703
facts:0.019951166473580733
has:0.005245194452643109
writing:0.019716545542599183
his:0.009085857347316536
heard:0.013313533790245687
anybody:0.014973375098092094
be:0.005699125686083461
writes:0.0032574502020569574
get:0.0064747486467542975
of:0.005747012381253359
congress:0.021510526357583853
key:0.015792326951904315
what:0.01813679020683017
but:0.0032772572524650753
years:0.01098411538413987
please:0.009435543630075146
investigation:0.07353053131131207
must:0.011416061219110823
they:0.004595663174914994
who:0.006369718592284967
waco:0.019136333544291877
called:0.013213076334269625
over:0.01976296307900845
one:0.00968779219483372
in:0.0026258084023816327
government:0.026518373779470913
chief:0.024548216739701288
and:0.004701938602103324
few:0.011259248772937372
for:0.003205407516375113
subject:0.0001315121029163463
i:0.0018807754408413293
away:0.02728062646624306
we:0.019917397621388718
back:0.010376141478165209
house:0.01693532977581375
ago:0.014094412440219922
any:0.005040823971866046
actually:0.012040956291138348
the:0.005198296620614159
do:0.00353851191579555
thing:0.011152376527709146
when:0.006441746023860768
would:0.004594333232041261
can:0.004258945775555238
did:0.00809808395784712
senate:0.02560940642058946
joe:0.019603296684349437
generic:0.0271545175479542
may:0.009167613435664192
come:0.011828540268322208
wants:0.03468507549353447
fbi:0.018792226021134655
problem:0.010421503901702385
just:0.005785165337270374
about:0.004852296454787544
is:0.006617552386469555
morning:0.021133698608864118
yesterday:0.021656960743126716
write:0.03206082684716762
new:0.008492608694007621
addresses:0.02373999941711703
keep:0.01305130337007843
does:0.006002407952401602
congressional:0.029418223604005624
matter:0.014881295625125825
dead:0.016902867659168156
senator:0.029023924551426626
article:0.0039917875877665075
already:0.014314218331514045
full:0.015220012236075138
by:0.004878992486784069
check:0.016302027411762017
s:0.0030563363588966418
