cults:0.9953165652688569
with:0.09747122946492455
re:0.06232341712969509
waco:0.6474459515818751
subject:0.004449492815336383
the:0.012562550166484216
