another:0.17057733310681375
feds:0.382146390716914
re:0.028764654059859274
norton:1.223032066211776
well.sf.ca.us:0.44890517056065865
lie:0.35076128259869577
pete:0.7998014620584094
in:0.013667669376499268
subject:0.002053612068616792
caught:0.34732494105626555
