believe:0.020496904531418305
there:0.017316584633531085
tavares:0.0486014388706782
help:0.020189553962658462
all:0.009000639911757464
situation:0.033246531026175453
with:0.005517239403674975
c:0.024397148070084525
from:0.007986530702171467
turn:0.03227809561051429
my:0.01792857096849625
to:0.005200751547512569
us:0.019432796096084868
might:0.02006684090451364
speak:0.03382483787394711
that:0.006545370291216543
could:0.014236878823830729
brought:0.03655087587297799
re:0.003527740592246892
authorities:0.043921835817738474
had:0.014475551751718255
federal:0.03727788859146473
you:0.005243386692535112
a:0.003952370167489797
how:0.012409084879520041
other:0.013012339507848214
was:0.00835340692548477
part:0.023105868985030916
lucky:0.044921660731477076
rocket.sw.stratus.com:0.05225505008789493
experts:0.045715925742989785
d:0.01718720964506637
allen:0.04201913842174087
quality:0.036265696609191975
sw.stratus.com:0.04730930816244086
investors:0.05117226221438146
be:0.0054571816711082195
writes:0.0062383244435619085
things:0.021082320076794808
if:0.006322173771352918
of:0.003668690293693182
parts:0.03442165105109774
they:0.026403385599275766
waco:0.036647884051804254
over:0.018923969363390167
one:0.00927651799788323
in:0.003352447205556424
resources:0.04163919597704332
or:0.006361428846255522
and:0.001800931200428254
for:0.006138657790793848
subject:0.00025185808388696507
i:0.001800931200428254
special:0.0329784074798587
house:0.032432754193303694
limited:0.036623538329224145
cdt:0.143083263954877
coverage:0.0436619306123778
the:0.004266526471636149
prompt:0.05488442180930079
conference:0.04111607046255074
country:0.031799567056793696
long:0.022455766463288535
here:0.0169849142039943
company:0.03175592490218255
maintain:0.04311415890525742
press:0.06768585586354087
is:0.0025346474234968293
number:0.02360627215469583
clinton:0.034576946117645585
limit:0.04189078321366749
today:0.02678421005470144
white:0.03206574665868483
write:0.030699754009316165
their:0.014280034137563338
nigel:0.057159535552856335
1:0.018476640489855742
vos.stratus.com:0.0505138116300839
resolution:0.0421492641022346
article:0.007644649814307556
release:0.03748871216403074
before:0.020058436483232495
needed:0.03147002537864171
by:0.009343730894501566
god:0.025029983318634194
