know:0.010113730538182802
your:0.010327313296567726
with:0.009587334045730285
operations:0.03820751518220449
mary:0.03844105580346929
someone:0.0180611320874018
fred:0.037980444669505016
from:0.006939116839591603
to:0.002259342885394805
obviously:0.030179451482179976
w:0.025363449631388146
speak:0.05877758712521958
nasa:0.03516508866884767
that:0.005686961072696341
nt:0.02341241153188323
perfect:0.033197432738826964
could:0.01236974717480375
me:0.00888187442954545
feustel:0.1079508830245828
re:0.0030650860883456605
mean:0.021667393908441482
federal:0.032388985169633296
mksol.dseg.ti.com:0.04768646485070396
on:0.004155810042944999
you:0.009111458842765933
went:0.026741485780623638
apparently:0.031054598821734943
other:0.011305803178950089
j:0.025033841471548055
as:0.006558312788664086
part:0.02007559108535473
shafer:0.05065195701960153
military:0.03173638166172599
others:0.022101051008757346
balls:0.042227479674523685
are:0.01053953084592173
mccall:0.09824512788214713
have:0.008381157592584473
ames:0.04215262325187391
being:0.01594921254037007
only:0.010930624903846612
hughes:0.04193207035908764
safety:0.03387437200939478
real:0.020963884049165965
netcom.com:0.05277106843805147
writes:0.010840367065861679
outcome:0.04426597660680916
of:0.004781325874567343
future:0.028725461674736476
what:0.007544607401611732
result:0.02897542590993035
easy:0.027161324297203342
they:0.01529376433619252
who:0.021197588102194236
waco:0.0636832083523156
david:0.020462665896266347
in:0.008738345994811008
world:0.02066598925190719
and:0.001564743502011434
for:0.008000381874887065
subject:0.0002188275155083467
i:0.003129487004022868
will:0.009289388072977741
the:0.0037069820163396047
wrong:0.021667393908441482
do:0.011775703588631094
would:0.007644669230363738
conference:0.03572379892647851
because:0.014464936876184541
william:0.033374256388450964
people:0.012338304426828832
press:0.029404511153833333
is:0.004404469293289573
clinton:0.030042264659593712
remark:0.04739883108175914
type:0.026561577953538494
study:0.030371912692088516
explicit:0.04725871277553536
fool:0.04053492297188624
1:0.016053474523973023
predict:0.044866004508639444
words:0.02711359943858504
article:0.006642072789480337
difference:0.02628814628552776
conducted:0.0439816687544494
already:0.023817920666371735
live:0.025382690770062777
assault:0.03903029538964402
