cia:0.04769590192717708
read:0.019376094546136084
health:0.03560980000216027
block:0.03750238706977207
dan:0.03396413238792529
know:0.010545941244942751
202:0.05140563253018751
send:0.025071342913471992
with:0.00499852458794485
ca:0.017577338428139497
post:0.08829325827115148
sell:0.0297442076835946
longer:0.02901035049892458
wisdom:0.041534134878741004
to:0.0035338440002328996
dod:0.02989285505720032
denver:0.20143099774152498
threat:0.03946456178468232
death:0.028678772513131816
speak:0.03064472491143927
that:0.0059299935971705445
liberty:0.04259220511247318
ran:0.038801670892837245
think:0.01230553869682526
weapons:0.03418423919221943
finds:0.044941307041456935
nt:0.006103235484807167
its:0.01767371415413821
me:0.009261441712859357
voice:0.030995677790052724
something:0.017014199291995925
on:0.004333408762728974
you:0.014251256138685175
am:0.013968686809413383
classified:0.044433414558800524
2.2:0.04259220511247318
303:0.05052371598116844
following:0.02339584848751933
let:0.019702031989340386
no:0.00962175842891034
begin:0.035668542560175334
have:0.00436966336023635
empire:0.04586122724822929
buy:0.02569949679695698
safety:0.035321994744839005
public:0.050662300821548614
pgp:0.07768859890552131
found:0.022859149617581176
if:0.005727781365499225
end:0.023113106004918886
of:0.004985656040147145
ucsu.colorado.edu:0.04678335512866677
even:0.014351790151846375
key:0.054800724294642326
opinion:0.028284714227245208
what:0.007867026521338728
version:0.026670688954406708
accept:0.03053087154412593
one:0.008404366733124979
in:0.001518629930722141
heading:0.0481915195139322
or:0.011526691584668127
use:0.014211790835447421
and:0.001631612882439273
subject:0.00022817911873519915
i:0.001631612882439273
nsa:0.03850907968221979
person:0.023976020846785052
any:0.008746045011015448
firearms:0.040592736766788644
will:0.009686370469258842
em:0.040645333908449995
the:0.004509633393096899
supplies:0.04734218213091336
mr:0.028862869045157384
an:0.007674343064630229
mountain:0.038844299452760654
about:0.00841894171215275
is:0.002296347238381743
readers:0.03888714169056873
new:0.014735039016098694
friday:0.04259220511247318
their:0.012937466825484736
told:0.026497604843838722
1993:0.025894494042821688
23:0.037005740652615825
supposed:0.062370854896006175
april:0.029078238135795832
ads:0.047227455461407886
assault:0.12209477019324538
revolution:0.045297483933769485
