another:0.013859408314928618
taken:0.02059300812349163
reference:0.011661353321932359
apologies:0.017027035149526856
believe:0.006789599626032314
confused:0.015101453463827429
out:0.0036818034346264373
say:0.005929828044586073
know:0.0038558597676821935
enter:0.014803609151938913
text:0.011301761666354899
continue:0.012213144396567018
with:0.0018275855524673354
encryption:0.012083592166322186
though:0.01553465126006675
into:0.005596262196819957
arguments:0.01299850198494485
clause:0.03772773695469196
post:0.008070555638847439
both:0.014035650514426488
my:0.005938839133314383
via:0.010681973058173892
to:0.006029621325397384
amendment:0.04284469541209956
line:0.008824386715018714
q:0.013264620136008307
everyone:0.009554727367228448
latter:0.014514385535172522
interpretation:0.01465565252507267
been:0.009170252420133996
that:0.0054203847724137
think:0.008998425172053471
control:0.0095301070935657
nt:0.006694486422397861
me:0.003386214626264202
clarify:0.01743881414212412
re:0.0011685640711817829
avoid:0.012083592166322186
this:0.008202850599553422
discuss:0.013976444919979281
omissions:0.03592972400186833
reply:0.011222489122984826
on:0.001584402578872781
set:0.008279420575393505
sternlight:0.061722820301032544
great:0.01575781680457923
etc:0.007257262460806987
m:0.00855509195072545
passing:0.015272729202874289
a:0.0026184452359619905
same:0.006069041720401914
below:0.023199211956486828
was:0.0027670660440668304
as:0.007501070252034547
accuracy:0.03024471310359734
chip:0.010101263618135231
others:0.008426025697088738
are:0.0020090980675038297
no:0.0035179554255703434
those:0.011599472839297251
phrase:0.015294814100446454
care:0.019787605882961856
place:0.00849821130411383
it:0.003214269653812237
not:0.007536375107199561
disagree:0.026552431393244966
have:0.0015976581660864153
ve:0.005703542809460733
messages:0.013672000816830943
second:0.025778397906114997
has:0.009982260692686415
netcom.com:0.03017845476301068
topic:0.013645740158092258
be:0.005423074285663794
which:0.008074327078234486
guns:0.012609243476689342
writes:0.0020664449719298822
prior:0.01436273853237671
were:0.004847822804600935
of:0.007291521958715199
offered:0.014463014515350148
available:0.00844082446191947
what:0.0028763815718644728
distortion:0.0190794712007427
associated:0.01421811118061419
reading:0.010269756394884345
particular:0.010597035775261898
sense:0.010269756394884345
militia:0.017964862000934164
again:0.007630841056587557
well:0.010517924438458406
who:0.008081580463961553
now:0.005162232493369514
david:0.04680834823770926
errors:0.02683765198516133
good:0.01012506157099687
one:0.01229138634719528
in:0.005552490684202827
gun:0.02288134684877751
our:0.013936096393627459
or:0.002107223305322142
message:0.02029574930349826
substance:0.016839853457086017
and:0.0059655846014185915
word:0.009590239113010685
for:0.0020334303932004623
subject:8.342799028755718e-05
however:0.007490934075615354
welcome:0.013073806833629412
i:0.007755259981844169
special:0.010924097477703197
house:0.01074334982653185
information:0.015242633028023532
will:0.003541579202822764
yet:0.016437929641788526
flames:0.013976444919979281
the:0.004475408496810002
do:0.0044894869931656044
reads:0.016216062663635965
interest:0.011414953114587144
would:0.0029145301440761753
sci.crypt:0.017964862000934164
meant:0.02544787049619386
agree:0.009426734934263874
clipper:0.01116876287129616
ensure:0.030079140507053737
did:0.010274444021518534
forum:0.01595906860664543
put:0.007773310311083685
come:0.007503730232716901
an:0.0028059316830054276
just:0.0036699642608308937
note:0.01851055686799061
makes:0.008728055882037419
here:0.016878758490219338
many:0.005791253211181542
language:0.01274346656167559
is:0.0016792039180666494
number:0.007819577651242995
discussion:0.01074334982653185
ignored:0.01604240687877718
white:0.010621778580689351
figure:0.011539055106483606
served:0.015798777061684335
their:0.009460522616135713
unless:0.009618941955439036
notice:0.012618641980014202
papers:0.014446076804508462
under:0.015170771419410246
words:0.010337059785960546
e-mail:0.008592799302038334
article:0.002532290250989378
little:0.014658366886865401
interpretations:0.017144973674473256
shown:0.01290427374066145
thus:0.010410484602738454
regulated:0.039122384150405774
by:0.006190221717607289
excepted:0.022744222015810927
wish:0.011675242233683684
seem:0.008624101734049181
announcement:0.01428156513736652
poster:0.014233854286957807
strnlght:0.03144322529467885
