believe:0.027158398504129256
tavares:0.06439690650364863
all:0.011925847883078641
with:0.014620684419738683
c:0.032326221192862
my:0.023755356533257534
speak:0.044817910182979925
that:0.00433630781793096
re:0.0046742562847271315
batf:0.05699870842228806
practice:0.051331601313023015
cal:0.06707204485053533
you:0.0069474873676090235
them:0.03664647928830602
a:0.0017456301573079939
other:0.017241349847898886
was:0.011068264176267321
question:0.027287326041838807
kim:0.06958042854381223
rocket.sw.stratus.com:0.06923794136646079
universal:0.06144808396704785
those:0.046397891357189004
d:0.022773052779712945
shooting:0.05959908234109007
trial:0.05862261010029068
employee:0.07341010611211139
suspect:0.09705237657244399
hope:0.036105769220500565
after:0.02411517109581189
sw.stratus.com:0.06268483331523415
investors:0.06780324743405544
which:0.01614865415646897
guns:0.05043697390675737
writes:0.008265779887719529
if:0.008376880247042617
of:0.004861014639143467
what:0.011505526287457891
in:0.004441992547362262
or:0.008428893221288567
for:0.00813372157280185
subject:0.00033371196115022873
outside:0.04505969721851907
i:0.00715870152170231
44:0.05680978794966245
special:0.04369638991081279
will:0.014166316811291055
cdt:0.18958532474021203
the:0.0009421912624863163
do:0.008978973986331209
l.a:0.07518073757539923
arrested:0.07272185889732355
company:0.04207660049539188
is:0.0067168156722665975
today:0.03548907832247941
division:0.04953209270150416
guys:0.048558446368640644
write:0.04067717406234392
9:0.04451042069531283
man:0.036225616734939986
vos.stratus.com:0.06693080040986117
article:0.010129161003957513
movie:0.0634051972256921
says:0.0320128343053446
john:0.03351847999477307
dangerous:0.05255932166484109
news:0.07672191290408548
