screw:0.02202164456415173
land:0.017518204165584743
know:0.010871146481570943
50:0.030406901225801156
your:0.005550362212252259
much:0.007696902509074588
ya:0.022497365436680784
yard:0.026592237501104468
ca:0.009059685445340622
someone:0.009706863941246785
my:0.004185965908944059
to:0.004857089550980902
amendment:0.02013260283681624
permitted:0.026040858016725583
grade:0.024401036604920105
class:0.0174809236637401
bear:0.03969658434202393
that:0.001528214208962453
feds:0.02188503559171754
think:0.0063425023239143405
control:0.013434512202383364
weapons:0.0528575680901719
nuclear:0.042997848213754415
re:0.0016473149902122052
happened:0.014855951095764014
had:0.006759508747498393
this:0.0023126979663939166
getting:0.011948024547245315
federal:0.017407295994252257
acsu.buffalo.edu:0.023895417597905002
cal:0.047275450114914776
two:0.008214931421380228
these:0.007297955828629704
on:0.0022335190539175768
you:0.014690722187014674
used:0.008698077129237295
machine:0.014329512574116066
state:0.011707988488725183
support:0.012065886826138794
m:0.006030020758220582
a:0.004306400388072584
how:0.005794550648586451
other:0.006076246642431326
as:0.0070494639666697665
target:0.02111561407608589
steve:0.02825686208664658
also:0.006535229654976064
arms:0.05356572993335392
are:0.005664417459041635
individuals:0.01879802334526307
it:0.0075518817123341846
not:0.005311982454413788
imaging:0.023790524872382014
3000:0.02311885705897112
have:0.01126102672131394
shooting:0.021004081882322494
being:0.017143646959692938
only:0.005874608979159853
rights:0.015300437972215006
able:0.01161878954233775
second:0.012113197253974743
free:0.012720298652531875
be:0.005096574952753051
guns:0.035550289978331186
writes:0.0029130501806941076
if:0.005904408984699642
of:0.005995965193657139
short:0.015255409099653162
seen:0.011420550178953097
what:0.008109622052833755
san:0.03557678796127352
militia:0.025324915596030537
well:0.00741351502270196
please:0.008437953114120066
they:0.004109778081531911
bd:0.021468225123105873
now:0.007277155937789622
president:0.016587921406044048
in:0.0007827299642929096
gun:0.01612782156742027
fully:0.018491865660254608
or:0.0029705350559607285
message:0.014305373958412871
and:0.0067277077443311
still:0.0089943131375751
for:0.004299764708089084
subject:0.00011760773961241542
car:0.026948399470338235
i:0.002522890404124162
license:0.020609314663425193
paid:0.018220220871242983
any:0.004507873419774482
firearms:0.020922247584644366
necessary:0.0158800695043239
tired:0.02175253578891015
liberals:0.026691236866091508
the:0.0049807467620422005
do:0.006328792237061645
automatic:0.02029364951405764
law:0.01324599614644919
liberal:0.02159232590269484
claim:0.014384312972687165
wants:0.015508965473981274
sport:0.04418314242483464
mr:0.014876456732526052
tax:0.019521825333330366
just:0.005173517900730775
people:0.006631159207370562
about:0.004339278327409126
is:0.004734319416575576
limit:0.01956133489272579
ubvmsb.cc.buffalo.edu:0.025398955764825173
headed:0.025180467037338953
else:0.011130186014705097
right:0.025637095953175766
time:0.0069581937000163605
keep:0.023342859772034548
unless:0.0135597419636145
notice:0.01778839398063676
strip:0.023637725057457388
too:0.01720280059792508
nice:0.013919557078214795
transfer:0.02002107064305285
legitimate:0.06046575652146747
supposed:0.016073546305798946
article:0.0035697483714387714
little:0.010331888554618786
iii:0.020364513557016337
regulated:0.027575248740374113
by:0.00436315187144126
los:0.02008765054529976
upon:0.015277866003052585
says:0.022564112285705446
619:0.02795855877116543
security:0.016351867458316707
range:0.017619189363390634
s:0.002733199475136645
diego:0.022859647807768765
