feeling:0.07660766404543021
story:0.06307118470197551
own:0.039762993606105176
way:0.030392505606079704
much:0.030652576658946162
to:0.004835786526634494
director:0.08675895793982669
that:0.006086046060253978
television:0.09171894536280303
re:0.006560359697862641
had:0.02691944711723044
he:0.027897073816144476
on:0.01778978334172947
went:0.05723616254800147
great:0.04423246822338029
seeing:0.07032087132383205
was:0.015534405861427817
statement:0.06093332315250537
texas:0.06961701178366671
after:0.03384585416956055
determine:0.07653441191542179
his:0.03235840423693433
which:0.022664777763465222
tech:0.07955846851087417
of:0.0034112383432585726
waco:0.06815220542967107
david:0.13139185470234177
subject:0.0004683676647722508
i:0.006698200254224383
the:0.009256615912146264
got:0.03880971616895744
maybe:0.04645461547968989
william:0.07143261893668451
fbi:0.20078009906791236
koresh:0.14330521504013163
followers:0.08420482957196115
explaining:0.0979021144821003
sessions:0.09865952100605133
very:0.030583201610235915
by:0.017376060961704666
s:0.021769694065123447
news:0.05383993888005997
