some:0.0051433342516887855
believe:0.009571241763569783
at:0.003880903138565776
out:0.005190207484935947
tavares:0.02269494502331229
hours:0.017251869500223005
actions:0.017419482132987454
hand:0.013908543856619708
your:0.011100724424504518
wonder:0.016257126466153873
with:0.005152664112683237
c:0.01139250086092053
previous:0.015300437972215006
into:0.015778007955791953
indicated:0.02311885705897112
harmful:0.023538725692470345
my:0.004185965908944059
to:0.0036428171632356763
slaughtered:0.026792512276772998
sound:0.015203450612900578
building:0.050226443641039446
otherwise:0.01565367767229972
then:0.007030309910906623
been:0.006463614040623081
that:0.01069749946273717
like:0.005130568561712217
afternoon:0.024521736931739993
tanks:0.02185153515389719
months:0.014959447312686433
me:0.004773518415879052
need:0.008463444896463597
re:0.0016473149902122052
started:0.01444601266955465
cs:0.04507235756659641
transfer.stratus.com:0.02562884895059861
this:0.006938093899181749
sender:0.02446097339811737
best:0.010727647929345526
two:0.008214931421380228
on:0.0044670381078351536
argued:0.024401036604920105
you:0.012242268489178896
burning:0.041790607706580045
pump:0.0259553157882802
enemy:0.023587947281008343
holes:0.02111561407608589
support:0.012065886826138794
vs:0.01505115394301032
m:0.018090062274661745
answers:0.018460842388777016
a:0.003076000277194703
214:0.05174280607021067
other:0.006076246642431326
vote:0.020065345250336996
was:0.0039007098418563247
as:0.0035247319833348833
question:0.009616678781264779
are:0.0028322087295208176
no:0.004959232317984626
those:0.00817583988672934
tear:0.02185153515389719
d:0.00802574547302659
gas:0.05244277099122029
it:0.003020752684933674
not:0.010623964908827575
fate:0.02477353611165166
rush:0.022497365436680784
have:0.002252205344262788
vax:0.02612809426032109
massive:0.043974186243184284
stay:0.017395143472494195
robin:0.02477353611165166
suddenly:0.021468225123105873
stated:0.01710174036518837
able:0.01161878954233775
hm:0.023490048000018426
after:0.008498738712180404
exposure:0.02416912588472001
sw.stratus.com:0.02209157121241732
be:0.005096574952753051
which:0.005691155649856907
breaks:0.024341904356760893
writes:0.005826100361388215
kill:0.01627591236389157
if:0.002952204492349821
of:0.005139398737420405
ranch:0.021407461589483246
fact:0.010565053430082993
fire:0.031691573894620885
they:0.008219556163063822
bd:0.021468225123105873
in:0.0031309198571716386
government:0.01185733453134933
useless:0.021143943989435185
become:0.01459128975680682
or:0.0029705350559607285
and:0.00336385387216555
few:0.010068843616327254
davidian:0.022944367463838756
for:0.0028665098053927227
subject:0.00011760773961241542
italy:0.02504060493022626
outside:0.0158800695043239
i:0.00336385387216555
we:0.005937197822528503
house:0.015144810328150625
face:0.03162353824621639
any:0.009015746839548963
yet:0.011586205914917023
cdt:0.02227140378739642
the:0.0036525476254976137
do:0.0031643961185308226
when:0.011521360729900757
would:0.00821717749871697
conference:0.019199574753437792
home:0.012904683047847351
did:0.0072418988697927995
wants:0.015508965473981274
imagine:0.017346865878706885
fbi:0.016805382741367114
pyron:0.11672642427582085
an:0.003955498407760955
solutions:0.02073701306374789
dillon:0.056467957691946145
4t:0.028233978845973073
here:0.007931281522570027
expressed:0.01810466575164444
efforts:0.02137739125877664
press:0.015803305554042583
assuming:0.0174809236637401
wwii:0.02416912588472001
does:0.005367792133645486
run:0.011792222151486322
unless:0.0135597419636145
under:0.010693054744958764
amounts:0.022162625758363946
almost:0.013312744186187525
masks:0.026217092970970954
hood:0.02612809426032109
escape:0.03829015134121437
article:0.007139496742877543
opinions:0.012579780420793139
full:0.013610847946798474
by:0.00436315187144126
quantity:0.025550877245314903
check:0.014578465042236517
poster:0.020065345250336996
s:0.00546639895027329
