posting:0.10309964240488252
thanks:0.062293332653630094
where:0.057733024944805054
to:0.004306872375283846
stop:0.10387353483064492
could:0.04715966110393929
re:0.01168564071181783
this:0.03281140239821369
support:0.08559238467292206
part:0.07653819101291491
stuff:0.18271353454210137
systems:0.09376303500883158
sufficient:0.14297632010805328
university:0.07344812817495792
halcyon.com:0.19833102628295476
network:0.11479655218842427
writes:0.020664449719298823
please:0.05985672990328921
waco:0.1213961159216016
tim:0.1274346656167559
rice:0.16839853457086015
and:0.0059655846014185915
subject:0.0008342799028755718
conference:0.13619698340719932
belongs:0.17144973674473254
press:0.11210469877398957
is:0.016792039180666494
clinton:0.11453613401470102
1:0.06120387162264714
