correct:0.01314143550273674
there:0.007371718759655802
tavares:0.020689769157798753
gap.caltech.edu:0.02119980807651886
defense:0.015759865655614
take:0.008537145101749813
chris:0.015408623465539357
with:0.0023487043244560133
way:0.006957320560427884
establish:0.04087960009168408
much:0.007016854897831049
c:0.010385934519795019
compared:0.016557384039813737
response:0.01410280543223832
such:0.007722960656497182
mentioned:0.014117122967035493
sue:0.022245121724164107
to:0.006088430024497647
amendment:0.05506145595129261
basic:0.015339971122730922
enough:0.009767664766816852
family:0.01582516895228782
worse:0.01564283298530276
technical:0.015408623465539357
feds:0.01995141798923647
think:0.005782120592484157
cco.caltech.edu:0.01807536606649085
provide:0.013562070997122143
like:0.009354530630591752
nt:0.008603356044848657
could:0.006060679338658864
me:0.0043517617686929504
re:0.003003538174925064
transfer.stratus.com:0.02336445265777463
so:0.00410365701761012
this:0.006325089618932759
federal:0.0158693019706637
on:0.0020361800210413248
you:0.011160622277283571
serious:0.014445757578471767
support:0.01099982453627914
winning:0.018811426117696803
bill:0.07459069579980042
m:0.0054972478398235824
ray:0.017420758500356102
a:0.004486760243683196
how:0.005282582318189254
question:0.008767012382920098
step:0.01670490214932671
mind:0.012167292381566814
lose:0.016886529048944925
are:0.0025819734200852426
reasonable:0.03002656361530962
hey:0.015478469821811924
d:0.014633286926723174
religious:0.01474457753056272
it:0.0013769294367067147
not:0.002421325335646445
ones:0.027250040003026957
should:0.013195278250871322
have:0.0061596459415379865
ve:0.007329854212961583
second:0.022085909852628646
b:0.012292804604474865
war:0.014204116930012117
sw.stratus.com:0.02013970548280615
absolutely:0.016074131506617004
be:0.004646275157730693
aaron:0.020303649235899546
which:0.00518832262055228
writes:0.010622689012330318
if:0.0026913671476442138
of:0.002342657657418538
even:0.006743612240024199
losing:0.01977156416342533
philosophical:0.022526079911340452
what:0.007393109261017118
but:0.0026718201696803623
2nd:0.017536694179074386
saying:0.012114679433592124
well:0.006758505663266444
good:0.006506063660078309
one:0.007898079580527087
in:0.00642215789980086
government:0.010809698548659829
gun:0.01470287347712611
battle:0.01932796177160079
yes:0.01071022437953369
or:0.005416156286771769
use:0.006677829428704208
better:0.008980786631732542
and:0.005366630324167729
still:0.008199634868391755
for:0.005226487757623678
subject:0.00010721669434545499
i:0.005366630324167729
hr:0.08834208804284897
away:0.011120416009332008
we:0.005412626127365341
pay:0.013384907879509569
established:0.018608892568994423
firearms:0.03814739117842787
cdt:0.020303649235899546
the:0.004540680783066584
do:0.005769621838606399
see:0.007105966913297896
when:0.005251704589733878
got:0.00888415189409869
can:0.006944305160142276
law:0.03622700150896345
home:0.01176451024843915
maybe:0.02126837817142429
about:0.003955888274385026
is:0.0032370196010923363
fee:0.02020448211706271
self:0.01707676073096456
guys:0.015601107267033136
right:0.03895328501586947
attorney:0.020689769157798753
obtain:0.01839522174143031
keep:0.010640219213357113
their:0.006079050677034996
unless:0.012361692472853377
first:0.007540380840927875
too:0.015682874440678687
under:0.00974828685584594
change:0.011935779549841314
show:0.012088629195722218
arc:0.02302099011384627
article:0.013017395667736562
very:0.0070009738625841245
already:0.0116698245835235
enforcement:0.018152973587882024
three:0.011720835367359328
live:0.01243649909215927
says:0.010285247969588625
security:0.014907124148746554
s:0.00996684788523724
