out:0.021038876769293925
essential:0.09057885317956013
chris:0.06851334362355893
from:0.015117361686253135
to:0.0024610699287336262
look:0.04234229150492697
janet:0.18146165956154559
worse:0.06955473952393548
liberty:0.08898728568141716
cleveland.freenet.edu:0.15294352755376805
v:0.06869014846253592
re:0.006677508978181616
child:0.07081008251323917
on:0.018107458044260352
you:0.009924981953727175
temporary:0.09407838257174375
link:0.08653371658494495
a:0.0024937573675828484
nor:0.061688196374560765
j:0.05453801177730112
others:0.048148718269078496
those:0.03314135096942072
it:0.01224483677642757
christopher:0.0864134660102781
safety:0.1475954780409344
b:0.05465907761632574
sacrifice:0.09867164801758432
guns:0.07205281986679624
of:0.003472153313673904
who:0.023090229897033004
now:0.029498471390682932
stores:0.09686178204865062
and:0.006817810973049818
for:0.011619602246859784
subject:0.0004767313730717553
p:0.060109429279131245
than:0.02554645146820466
the:0.0013459875178375945
would:0.01665445796614957
liberties:0.09940061220544602
deserve:0.09027872606676762
abuse:0.08665478242396958
show:0.05375122624526486
words:0.059068913062631685
little:0.04188104824818686
neither:0.06683538304466015
reno:0.18465255600211164
s:0.011079219301000327
