simply:0.034757310680493064
mark:0.03413209050332035
fast:0.039565885510773155
know:0.014021308246117066
help:0.024319235455020422
all:0.010841679893707854
take:0.024156240117451176
your:0.014317411615696166
with:0.006645765645335765
ya:0.058032976751437926
interior:0.06357505864172357
to:0.001566135409194126
thursday:0.059296904423145017
legal:0.08589352713257783
been:0.016673186218425447
that:0.007884196032601746
wednesday:0.059521934278783425
nt:0.008114528996845892
covered:0.052469928736452634
re:0.004249323895206484
file:0.034528248664300105
had:0.01743646006456972
this:0.005965709526947943
you:0.018947692820751882
dry:0.058753086000671896
burns:0.05253118838003077
a:0.0031738730132872617
how:0.014947306786694595
said:0.024903463962084458
houston:0.05716950053577972
course:0.027797179544318398
terribly:0.06532677091248787
fuck:0.06441719468892496
it:0.023376506573179905
not:0.006851250097454147
interesting:0.03713664274910696
halcyon.com:0.14424074638760348
against:0.02935546354724826
writes:0.0075143453524723
certainly:0.034951787241541375
kill:0.04198445575685666
if:0.007615345679129651
of:0.006628656326104726
but:0.01512007323296387
fire:0.040874927693630346
please:0.021766083601196078
waco:0.04414404215330967
tim:0.046339878406093056
in:0.006057262564584902
subject:0.0003033745101365716
bullets:0.06495415928949934
the:0.0025696125340535893
interest:0.04150892041668052
maybe:0.030089921390253682
put:0.02826658294939522
may:0.021148017357270805
last:0.024774574455221566
many:0.021059102586114698
is:0.0030530980328484533
does:0.02769292759858012
belong:0.05577984624307206
matter:0.06865688663410324
protect:0.04692463178422345
elsewhere:0.05383130600705059
panix.com:0.058859787595556434
s:0.014100824564909508
walls:0.06097458622775939
