since:0.022481141835996418
believe:0.02441204359921731
dan:0.044649477408845596
ideas:0.04041565884314011
tavares:0.05788485977856055
sorenson:0.06833595827896034
destruction:0.05788485977856055
much:0.019631425500673386
c:0.029057277476729884
iastate.edu:0.054001660675364084
my:0.021353129468096657
to:0.001548538382124529
amendment:0.05134944768491333
speak:0.04028576196222915
that:0.011693414340487982
weapon:0.10904871496050106
re:0.004201578682900792
nope:0.061360379414012935
blow:0.054756034864550926
you:0.012489864930533076
used:0.022184983239740063
a:0.004707317278133916
was:0.009949001506757142
usa:0.04095080546099691
rocket.sw.stratus.com:0.06223635179007711
d:0.02047015980198916
it:0.007704616398651055
not:0.006774269759280504
viking:0.06318643480162839
hint:0.061501714045550694
second:0.030895458164632208
sw.stratus.com:0.05634591758672732
investors:0.060946739266566685
considered:0.03868362873272148
writes:0.014859829011630615
down:0.026565905359024245
if:0.0075297799973416775
of:0.0021847256805139176
what:0.010342046101085743
up:0.01509506034103803
in:0.007985604579527662
or:0.007576533232618936
world:0.02832865942396266
douglas:0.05067844504781644
for:0.007311210402518516
subject:0.0002999658077754865
i:0.004289858589784155
special:0.03927765385241598
pretty:0.032337304010332885
cdt:0.1704137750473816
the:0.004234567471848612
see:0.019880738892260406
road:0.040569127932252924
company:0.03782166336664438
trade:0.047405425801502185
is:0.006037587121138515
today:0.03190029512132981
write:0.03656375196615184
field:0.043735481459924785
center:0.03670371723003156
mass:0.04732459124381648
vos.stratus.com:0.06016251722234712
article:0.018209727647564067
little:0.02635212024605016
give:0.026553216532089963
s:0.013942388333843108
