read:0.019376094546136084
at:0.0075296154910635136
say:0.01621833311339781
means:0.024227309576399597
text:0.03091080113874844
encryption:0.0330491409677188
though:0.021243967535134016
modern:0.035098530812323434
from:0.007235660294275006
to:0.004711792000310533
amendment:0.0781213819479878
q:0.0362793029360911
bruce:0.03937314905718876
bear:0.03850907968221979
that:0.0029649967985852723
its:0.01767371415413821
re:0.003196072673317697
this:0.004487029387789906
discuss:0.038226174140114276
on:0.004333408762728974
sternlight:0.04220363781267183
state:0.022715499033680482
passing:0.04177156705059635
a:0.001193593269954184
as:0.0068385825659574235
arms:0.03464222420191265
chip:0.027627387673532258
place:0.02324297108817458
police:0.03141524710797173
it:0.008791164865127486
not:0.010306153992751537
have:0.00436966336023635
being:0.016630802819873062
properly:0.07360283992311961
equipped:0.09588023757134656
second:0.04700334660944046
shall:0.03384425653019448
netcom.com:0.05502624230292546
writing:0.03420904910382594
free:0.049359107591875825
be:0.004944113308867276
guns:0.03448681976530418
of:0.011633197427010005
militia:0.04913466530170028
well:0.0287669728231341
david:0.02133713879781619
in:0.004555889792166422
context:0.035493512377751904
gun:0.03129073073337096
and:0.008158064412196365
word:0.026229713813362556
subject:0.00022817911873519915
i:0.003263225764878546
house:0.029383520893078562
necessary:0.030810049380183977
the:0.005798100076838869
would:0.0079713644966186
agree:0.02578252289713196
clipper:0.030547043750553605
trained:0.09356671025733354
note:0.05062716408339313
people:0.01286558239378733
language:0.03485392563877085
is:0.002296347238381743
number:0.021386879046134687
ignored:0.043876668386399136
white:0.029051018340346943
right:0.01658011618624188
time:0.013500085212852255
keep:0.022644569095093346
their:0.012937466825484736
words:0.028272300269293803
article:0.006925922053988043
interpretations:0.04689223569086703
regulated:0.10700139254811836
by:0.008465260468522789
seem:0.02358728679398067
announcement:0.0390606909739939
security:0.03172541806015293
strnlght:0.04299928245426167
