above:0.023073356187530043
okay:0.0364895435212076
believe:0.01841247356212153
join:0.03886105958045129
at:0.007465805190291788
all:0.016170641197394767
thanks:0.016893107160306467
hell:0.028926956987134708
throw:0.036130259123176356
my:0.032210652926450895
via:0.028968062530641058
to:0.010511688509167354
amendment:0.038729668169129546
relevant:0.03810163450680987
that:0.002939869707071837
nt:0.006051513150190157
me:0.018365909837365163
comments:0.03122038147482288
on:0.004296684959654999
you:0.004710160927192558
magazines:0.04500424499464218
am:0.013850308107638692
bill:0.0524663368761308
m:0.011600124678949763
a:0.0011834780727511822
want:0.03207793165613867
as:0.01356125695283082
begin:0.03536626677576706
should:0.01392213679858881
have:0.004332632314810617
copies:0.03826461215026654
rights:0.02943389338722717
second:0.02330250658179887
writing:0.033919141908030796
get:0.022277525004934278
of:0.008239007862955026
newspapers:0.046940977197600535
but:0.005637993408901782
least:0.020403918497512562
who:0.03287422561611479
now:0.02799854911658041
supporters:0.042498192078124844
author:0.03427125210220768
our:0.018896401889664353
battle:0.04078527526380168
or:0.005714503878839706
world:0.021366531260446416
few:0.01936972458395158
for:0.0027571937534921526
subject:0.00022624539738998556
offer:0.02978952219315117
i:0.0177956422008419
directly:0.030783901063528643
any:0.017343851970996735
will:0.009604282583926139
suggestions:0.03353386755144811
the:0.004471416160952009
do:0.01826231997219907
can:0.007326830444387401
peter:0.03120248373581319
mad:0.04456044850720729
here:0.015257634793418611
actual:0.034426753277361895
involved:0.061031815882472334
write:0.05515549025402565
protect:0.03499464065264121
advice:0.032964890408756345
change:0.0251865178636482
senator:0.04993098884694581
concentrate:0.04430491428542181
e-mail:0.02330250658179887
going:0.018456065119065106
bills:0.047783116806187007
