say:0.021810861773190155
way:0.01991233125915567
funny:0.05173294425926692
from:0.019461431136325875
wood:0.05792045238836525
that:0.003987409487752607
wednesday:0.06020609444290737
think:0.016548827902627072
could:0.017346082245127094
attention:0.04878940739681216
need:0.022082781511462486
re:0.004298166698599662
off:0.02509721204547529
he:0.03655478637977552
mainstream:0.06570075882156254
bible:0.04136705174548617
a:0.003210354312290563
how:0.01511911491067959
was:0.010177714185073398
target:0.05509476316404018
quotes:0.055856250354168926
jason:0.10482521089156424
kim:0.06398200325867791
21:0.046623023231658914
course:0.028116687355172632
christians:0.08268950889745909
early:0.04026139194015266
care:0.03639099932498732
it:0.0039408670085054245
without:0.02583000557244247
be:0.006648979967097371
boston:0.09585694564021932
writes:0.007600717138132901
get:0.015107746842426693
were:0.01783107238473907
if:0.015405756776170327
of:0.006704847778128919
equal:0.05124833723829821
waco:0.04465144493668105
in:0.004084590848149206
st:0.04410054302206092
become:0.03807152614707066
quoting:0.06193969087663822
cross:0.05264839325995572
sinner:0.06964265251267554
and:0.004388476028629768
we:0.015491309261080114
the:0.006064679390716518
because:0.020284164355109355
did:0.018895529234976612
fbi:0.04384852738264752
koresh:0.1408344354704742
long:0.027359899369064192
loving:0.05997847803720416
paul:0.03764393667941445
is:0.006176382227371584
expected:0.047693888088716475
globe:0.14147634364154243
1993:0.03482362991965675
too:0.02244273411338502
little:0.02695791611377545
april:0.03910521680331163
before:0.02443901456577752
john:0.03082159079979133
editorial:0.06666723143317796
s:0.007131451504092164
