media:0.11974109668773521
cnn:0.07876832580878274
owned:0.07634968723920874
compound:0.06488513290159857
bet:0.0653586562880244
ha:0.17131653516650325
that:0.021024522753604655
weapon:0.07352526993548936
this:0.007954279369263925
on:0.015363903795129998
you:0.008421196809223059
machine:0.04928483870188404
josh:0.0793625790383779
more:0.019263924633647362
a:0.004231830684383015
how:0.01992974238225946
was:0.040248233368244804
military:0.05866422064743289
it:0.010389558476968848
texas:0.060123782904075794
pitt.edu:0.07481553975882733
facts:0.061364951426316504
heard:0.04094920241545265
found:0.040523037958439354
showing:0.06506097450948202
what:0.013946092469645928
year:0.03749637448802503
bd:0.07383768337795504
called:0.04064021963419294
in:0.002692116695371068
gun:0.055469931754612144
or:0.010216840268228566
semi-auto:0.0986499377628156
and:0.0028924046552332564
subject:0.00040449934684876206
i:0.005784809310466513
paid:0.06266651723897207
rangers:0.07071137378707884
stupid:0.05851039683737201
the:0.007994350105944502
rock:0.07383768337795504
would:0.014131055244005698
an:0.013604517250935406
tax:0.06714324773736352
just:0.03558753222623897
is:0.008141594754262543
new:0.02612120552853859
