out:0.025337141915708815
correct:0.035185133765391924
help:0.023011749677868787
with:0.006288466417091907
ca:0.02211342576443356
someone:0.023693098007129248
atf:0.04784379415235131
everyone:0.03287648126358176
speak:0.03855304101761714
she:0.10694008015801557
that:0.00373015726273631
justice:0.04629856059680104
really:0.02098274992678415
grand:0.05392243726041648
nt:0.007678263997015469
me:0.011651491187145643
re:0.0040208656212706514
this:0.005644972455606656
discuss:0.04809099327304699
on:0.005451707798271935
burns:0.04970693094024418
sure:0.02346283892644305
was:0.00952108746345576
said:0.023564568050144435
let:0.024786427341428226
course:0.02630270752580666
no:0.024209585724355054
those:0.019956082304167316
taking:0.0366338713349635
place:0.02924115717544544
action:0.03959024818092427
it:0.0036866175240857202
only:0.01433909933622889
outcome:0.05806934565624427
were:0.01668068061798171
if:0.00720591849207967
of:0.002090758984577835
standing:0.05317484518892604
what:0.039588907655769084
but:0.007153583034950648
ranch:0.05225262129906126
please:0.020595864052744675
they:0.020062787623822447
in:0.001910534428973016
and:0.0020526742714558595
for:0.0034983748700223014
subject:0.0002870640526023473
i:0.004105348542911719
period:0.04076356165157652
the:0.003241948430060443
wrong:0.0568477861683841
do:0.015447697180784875
would:0.010028490818326624
meant:0.04378128257409696
did:0.05302938849816017
fbi:0.04101959013215414
jim:0.07282431713868537
myself:0.03583701141933208
just:0.012627834015762215
people:0.016185732688958253
about:0.010591571831417974
crazy:0.052627317334869514
is:0.0086668589319569
done:0.028480253241082783
dividian:0.054361383438053634
figure:0.03970427563521241
survivors:0.05049038629793097
first:0.02018876160635528
full:0.033222177246486594
reno:0.11118863587223929
happy:0.04083973213424754
s:0.013342715717333729
