go:0.013895944655672336
there:0.00655556418269391
british:0.03184718099808532
all:0.00681477021890208
wounds:0.08416938119913721
where:0.013196119987384012
with:0.0041773384056396235
way:0.012374091568189595
compound:0.03058870551075361
such:0.013735837167627132
members:0.02634458791789011
possibility:0.03029272558315237
suggests:0.03521746797703557
to:0.001968855942986901
been:0.010480288480153137
make:0.012572003452497883
that:0.01238945090837417
happens:0.02668626796270556
anything:0.016580293930852884
re:0.005342007182545293
wait:0.026224284322215127
so:0.0072986471241780005
anyone:0.011949391068867079
shot:0.05680903350839623
these:0.023666228187127752
you:0.003969992781490871
burning:0.03388024267640596
magazines:0.037932149352626975
went:0.023303294751686313
imho:0.030926226116828933
magazine:0.03016213954859916
a:0.004987514735165697
also:0.02119281616685095
died:0.028972878722530893
are:0.01836889661717787
those:0.013256540387768287
caused:0.02844510127896548
not:0.0043065000612568915
texas:0.028344069083350014
dscomsa.desy.de:0.04060155227972401
have:0.003651790093911806
has:0.007605531956332507
determine:0.031160439136993155
heard:0.019304623995856245
hallam-baker:0.04155534794132774
found:0.019103717894692836
writes:0.004723302792982588
were:0.0443229513563514
if:0.00478678871259578
phill:0.0409444752739123
of:0.004166583976408685
reporting:0.07952048976435683
what:0.006574586449975937
fire:0.025692811693139073
they:0.01999113481088022
up:0.009596145502517034
waco:0.02774768363922322
bodies:0.06820280286144002
in:0.0038074221834533675
government:0.01922582099011641
u.s:0.05039632001426712
or:0.004816510412164895
and:0.0013635621946099638
still:0.014583636301639622
for:0.002323920449371957
subject:0.0001906925492287021
i:0.0013635621946099638
similar:0.022605416341905007
bullets:0.04082832869625672
20:0.022463088202897285
information:0.017420152032026893
actually:0.017459386622150606
the:0.004307160057080302
when:0.018681063469196228
flying:0.03548502199514201
can:0.006175471374555095
hallam:0.0402743413080719
may:0.013293039481713077
imagine:0.02812670396047473
fbi:0.027248727730645246
an:0.006413558132583833
during:0.04183385014003529
people:0.010751951000522267
about:0.007035829859441939
is:0.0038381803841523415
either:0.017882590765095414
ubvmsb.cc.buffalo.edu:0.04118259256153795
does:0.008703491530982323
attempting:0.0357065236861603
first:0.013411105924221721
dead:0.024509158105793828
every:0.017372489478124257
ranger:0.04471129617189231
leave:0.02523701517353226
article:0.005788092002261436
initial:0.032904703140650596
killed:0.02609132140477061
citizens:0.02919541563524372
manner:0.032570690527021745
bullet:0.039760244882178414
news:0.02192054654402442
