with:0.012996163928656608
atf:0.09887717458152603
to:0.0030626648002018463
100:0.07507804664069048
think:0.031994400611745674
re:0.008309788950626012
torture:0.1277501297844207
you:0.012351088653527152
burns:0.10272765727650462
m:0.030418104713690493
more:0.028253756129349463
a:0.009310027505642634
shit:0.10709377514832794
character:0.10144412762867812
income:0.12496872660766503
no:0.025016571915166885
armed:0.19735213425105574
be:0.012854694603054918
ranch:0.1079887506847266
in:0.003948437819877566
government:0.05981366530258439
men:0.07803552339171871
and:0.00424219349434211
subject:0.0005932657087115177
holocaust:0.11108696257916538
i:0.00424219349434211
noise:0.1017868936359144
the:0.0016750066888645623
do:0.01596262042014437
an:0.019953291968038595
jim:0.1505035887532831
tax:0.19695352669626634
dividian:0.11234685910531084
lot:0.055078964183675354
survivors:0.10434679834905733
going:0.04839590408999295
assault:0.10581546750081267
by:0.04401935443631849
200:0.09235833435958252
