out:0.011900778778590505
vehicles:0.05049407389962063
help:0.021617098182240377
all:0.009637048794406983
your:0.012726588102841037
with:0.0059073472402984585
though:0.025106507086976565
response:0.03547069245078124
from:0.008551234893234097
post:0.026086644489203847
name:0.027901338442729812
my:0.009598123851821226
uicvm.uic.edu:0.054790502977014495
to:0.004176361091184336
fascist:0.05773703047955497
nt:0.007212914663863016
re:0.0075543535914781934
anyone:0.016898128784256478
this:0.005302852912842617
you:0.04491304964918965
them:0.014806658298305464
support:0.027666225348823296
burn:0.04922512225197003
a:0.001410610228127672
want:0.019117151189011937
let:0.02328421962376591
emergency:0.05594985160926125
those:0.018746622770581416
proper:0.04148008186910951
d:0.01840246689269733
lay:0.048352066638108336
police:0.03712711021851204
not:0.006090000086625909
should:0.016594062042762422
have:0.0051641476075520495
hurt:0.04555941019450165
occasionally:0.054549991374047646
expect:0.03491132407230695
hope:0.02917637916808127
site:0.03945014340847078
types:0.041382800121018984
yourself:0.03541691587247063
writes:0.0066794180910864885
down:0.023882480575284425
if:0.006769196159226357
cops:0.04915521878889352
of:0.0039280926376916905
even:0.03392241308618234
ranch:0.04908579576578482
they:0.00942343055058327
who:0.013061140143776247
in:0.001794744463580712
yes:0.02693783707579686
rather:0.025994784372857207
nearby:0.053750624499717105
and:0.005784809310466513
for:0.00328635215062701
subject:0.0002696662312325081
i:0.003856539540311009
we:0.013613574805191616
than:0.014450518002216781
the:0.003806833383783096
do:0.007255736554611078
when:0.039626498267992
benefit:0.045756509328073194
home:0.02958952577637726
come:0.04850896312059411
just:0.011862510742079656
is:0.0027138649180875143
keep:0.02676176347601941
hear:0.03347153095210917
change:0.030020294019297858
give:0.023871073448040472
assault:0.04809793977309667
refuse:0.05073554380723229
doubt:0.035152245444248165
s:0.006267033139959782
