tv:0.02848617335527566
out:0.008858474429176389
correct:0.024603138647980815
say:0.014267255445620627
there:0.006900593876519905
all:0.007173442335686399
media:0.029710196922520762
ah:0.035393247860682486
your:0.009473174602866636
way:0.02605071909092546
o:0.026323150254134446
atf:0.03345468312908775
themselves:0.02433421215280314
to:0.0020724799399862116
engineer:0.033523348419037174
that:0.005216610908789125
like:0.008756684688035136
nt:0.010738023334172007
could:0.011346685378391409
re:0.0028115827276554172
had:0.011536905907384475
this:0.003947236378732473
93:0.02752643229928121
apr:0.02802412238374435
on:0.0038120964303706008
you:0.00417893976999039
children:0.02520584111292124
burning:0.03566341334358522
disclaimer:0.02822598140657283
state:0.019982807420606135
defend:0.034059356567513126
burns:0.03475747802588502
sure:0.016406346016234613
a:0.00315000930642044
as:0.006015895941481341
said:0.016477479914762647
usa:0.027403170571644545
21:0.030497767076348308
science:0.025425806211784325
hmm:0.03729547729274182
computer:0.04031132188218519
l:0.02484932765979972
are:0.009667840324830458
yeah:0.029730995820963547
it:0.007733581121954255
not:0.004533157959217781
have:0.003843989572538743
probably:0.03589810097788283
ve:0.013722809767123565
university:0.01767173008720792
larry:0.10251390306706006
evil:0.03140356176247068
nazi:0.03788781472020884
be:0.004349332760432115
claims:0.02824305019254681
of:0.0029239185799359193
germany:0.03161462957283674
but:0.005002129490604588
ranch:0.036537547224155614
oh:0.048567160663781556
seems:0.017717948040459234
well:0.012653142181604096
easy:0.02491489897938953
now:0.01242040900660334
over:0.015082261297138027
in:0.0013359376082292516
minute:0.06725507329914841
according:0.02586109928260314
yes:0.020051472710555556
or:0.005070010960173573
watching:0.03202709844916792
and:0.001435328625905225
few:0.05155550753923954
subject:0.00020072899918810748
i:0.00287065725181045
we:0.010133412824917067
physical:0.032083844356200875
coverage:0.034798230412872534
the:0.005667315864579346
do:0.010801773216639048
see:0.013303652341437414
mexico:0.08670019486639569
got:0.01663273550098176
would:0.00701240335416824
liberal:0.036853067518133296
come:0.018054087777965477
laboratory:0.0359913879486671
just:0.008829989198991623
here:0.027073697828923247
expressed:0.03090044455355855
number:0.018814021416524496
vary:0.03826699407078698
dividian:0.03801209518600742
new:0.02592480548697063
right:0.014585515742784206
survivors:0.035305307712087064
update:0.03264543001485944
opinions:0.02147075304902287
by:0.0074468832693020005
mine:0.02455066950977433
while:0.01631836470585355
