someone:0.04896573588140044
from:0.018812716765115013
atf:0.09887717458152603
to:0.0030626648002018463
kent:0.20450459499828402
speak:0.07967628476974209
re:0.008309788950626012
excessive:0.12968371593974581
he:0.03533629350044967
bastard:0.13050685531042025
incorrect:0.11290947706051727
state:0.059060297487569254
burns:0.10272765727650462
speaking:0.09367731752956436
no:0.025016571915166885
have:0.011361124736614507
only:0.02963413862820637
university:0.052229780035525634
noticed:0.09013784491454056
thinking:0.07741170075219235
of:0.004320901901460859
ranch:0.1079887506847266
force:0.07942231375143936
and:0.00424219349434211
for:0.007229974731379422
subject:0.0005932657087115177
i:0.012726580483026328
we:0.029949864571421556
sick:0.09980538375655482
the:0.0033500133777291247
come:0.05335985943265353
jim:0.1505035887532831
myself:0.0740631569332863
here:0.04000890901385325
dividian:0.11234685910531084
survivors:0.10434679834905733
guess:0.06658127250968118
circle:0.12108113884107988
full:0.06865916630940563
by:0.022009677218159246
