simply:0.03398492599870433
believe:0.024140798670337117
go:0.021615913908823635
all:0.01060075367384768
knows:0.03882179345712483
way:0.01924858688385048
compound:0.047582430794505616
atf:0.04943858729076302
themselves:0.035960557959142415
to:0.009187994400605538
building:0.04222741743154058
t:0.028625256166671578
perhaps:0.0320940170848894
that:0.007708991676321707
could:0.01676787950362286
re:0.004154894475313006
happened:0.037470009985982565
started:0.036436054177654505
flee:0.06658836445345527
wait:0.0407933311678902
burning:0.052702599718853715
burns:0.05136382863825231
why:0.019774695335044515
burn:0.05414763447716703
a:0.001551671250940439
hard:0.030047037806394547
horrible:0.05724169466990989
was:0.009838457045570952
died:0.04506892245727028
no:0.025016571915166885
determined:0.05290773375040633
fighting:0.05066551859758939
it:0.007619009549777155
have:0.005680562368307254
stay:0.043874417425068694
accidental:0.06707153236389682
be:0.006427347301527459
were:0.017236703305247767
if:0.007446115775148992
what:0.020454268955480696
ranch:0.0539943753423633
fire:0.11989978790131568
together:0.03954406934944701
they:0.03109732081692479
find:0.02351607486303767
who:0.01436725415815387
up:0.014927337448359829
in:0.001974218909938783
and:0.00424219349434211
subject:0.00029663285435575884
i:0.002121096747171055
we:0.014974932285710778
refused:0.055989770642086406
will:0.012592281610036494
the:0.006700026755458249
see:0.019659841793457512
db:0.06484185796987291
would:0.01036277384560418
agree:0.03351727976627155
fbi:0.042386909803225944
jim:0.07525179437664155
people:0.016725257111923526
dividian:0.05617342955265542
matter:0.03356558902111714
survivors:0.052173399174528665
leave:0.039257579158827965
james:0.07687986150304506
