some:0.005695301829918801
simply:0.014920211414065314
go:0.03795965369354395
large:0.014605044487256465
out:0.005747205361368097
andrew:0.01836808858132682
11:0.01884982750058493
send:0.028618020691475343
take:0.01036950795285709
cnn:0.025359558553071516
with:0.0028528164721441335
way:0.008450599119739235
much:0.008522911558828934
c:0.02523022141881912
corporate:0.026119336745311677
work:0.009878402263367335
reach:0.021260016922099407
attend:0.02903063465566052
single:0.015860617904938413
to:0.0060506304589353545
signature:0.024384943005182645
crary:0.02933882441966799
most:0.0090565632388636
100:0.016480546823566204
complaining:0.027432159499243543
really:0.00951900362532159
nt:0.006966620016804278
along:0.0340874284013779
me:0.005285798440997779
need:0.009371717031693835
re:0.0018241000135520513
this:0.005121779886550429
hi:0.015370812975680022
on:0.002473213781655073
you:0.00542242916496314
american:0.015741635206771784
dont:0.02373837395170955
used:0.00963152930896032
suggest:0.017909267342000573
3:0.011421785095793266
m:0.006677144937151571
a:0.0054497721984249565
how:0.0064164048645323135
want:0.009232185208352105
crash:0.024911716849397744
as:0.007805991806995301
bring:0.01850422901116622
idea:0.01352378680615003
introduce:0.028647846287653222
frank:0.01910328964171035
betz:0.06462658124539349
plan:0.019051532670432227
51:0.02357300052890135
d:0.0177740899744101
care:0.015443985079384864
it:0.0016724655109266926
turner:0.027504428210390567
have:0.0024939054299885507
traded:0.02585271034268795
buy:0.014667517684116907
shareware:0.02419657795090079
classes:0.02531287830421224
b:0.02986252045379748
has:0.010388043647673668
willing:0.01744341392185205
network:0.017919461805022324
annual:0.02462102369231362
exchange:0.02363847867686301
anybody:0.014827293389818025
be:0.005643524459877769
writes:0.00645134040017134
if:0.006538052875740578
of:0.0028454719838888584
ucsu.colorado.edu:0.05340148829320987
even:0.016382043392839274
what:0.008979922956064694
but:0.003245284010977611
well:0.01641822351369117
they:0.00455082743662314
topics:0.026064832839954966
up:0.006553465221231144
rest:0.015934784553525896
in:0.0034669210125754238
5:0.050709714866686496
or:0.0032893241839174895
use:0.00811111964754804
and:0.005587279236450584
still:0.009959556498680718
for:0.003174135247922673
subject:0.00013022905800984534
p:0.03284027355737902
i:0.004656066030375486
we:0.006574360515677902
um:0.028208084838900558
any:0.004991645201408816
currently:0.017555773179791692
coverage:0.045152825804019976
the:0.004044528346282723
do:0.0035039898483243737
would:0.013648531406405505
meeting:0.04727695735372602
10:0.014099374428761777
just:0.00572872469983359
about:0.019219827908719445
is:0.003931794539863374
number:0.012206169992184187
discussed:0.022145343875424182
bucks:0.052460412525526336
keep:0.012923973581102054
does:0.0059438478748171965
sale:0.0154871812395299
issued:0.02575001078562535
23:0.02112034954320025
stock:0.09693469423063182
japan:0.025266640528824224
under:0.011840602083442143
resolution:0.021794253633350576
article:0.003952843318617566
by:0.009662785120167473
happy:0.01852729311456108
while:0.010587036614041572
everything:0.015071524311820747
s:0.0030265184432000892
share:0.05972266858157351
