out:0.030209669207191276
all:0.02446327770887926
someone:0.05649892601700051
post:0.06621994370336359
to:0.0035338440002328996
representatives:0.1400275325089013
us:0.10563468647102543
that:0.008894990395755815
uxa.cso.uiuc.edu:0.11432321383928062
re:0.00958821801995309
so:0.026200271727818462
letters:0.12025150789803214
truth:0.09218096225673343
washington:0.19688273514946122
starts:0.11467852242034281
tom:0.0973263647044809
of:0.004985656040147145
congress:0.11196504745101338
please:0.04911321427962192
gift:0.1413427451855052
and:0.004894838647317819
for:0.008342278536207025
subject:0.0006845373562055973
we:0.03455753604394795
house:0.08815056267923567
the:0.0038654000512259126
would:0.023914093489855796
can:0.022168358780454187
senate:0.2666004873528031
generic:0.1413427451855052
come:0.061569068576138676
write:0.08344035705096188
addresses:0.12356974055576299
dc:0.22959612243585542
