believe:0.02194618060939738
your:0.012726588102841037
with:0.0059073472402984585
funny:0.13638685304715825
atf:0.044944170264330015
themselves:0.03269141632649311
to:0.002784240727456224
then:0.01612000353308892
death:0.03389309478824669
brent:0.1081709905613918
that:0.0035040871256007762
think:0.014542909368975307
reliable:0.046859532479234724
nt:0.014425829327726031
anything:0.023446880306256607
re:0.0037771767957390967
wait:0.03708484651626382
healthy:0.05270835948724002
burned:0.04915521878889352
on:0.005121301265043333
you:0.022456524824594825
burns:0.04669438967113847
why:0.01797699575913138
a:0.001410610228127672
how:0.026572989843012613
same:0.019617104550794066
dose:0.06097412033081529
j:0.030849784439685484
as:0.008081961214313317
silver.ucs.indiana.edu:0.05466953135027999
logic:0.041946878264615885
speculation:0.055548434148155044
base:0.03890541268093991
works:0.030051777712633742
yeah:0.07988328170077076
wild:0.04772834939499271
not:0.006090000086625909
facts:0.040909967617544334
uxh.cso.uiuc.edu:0.1194196923191254
personal:0.033877732032279964
writes:0.013358836182172977
if:0.006769196159226357
of:0.0039280926376916905
wayne:0.04719814553013012
what:0.018594789959527906
ranch:0.04908579576578482
latest:0.04208430909346214
they:0.00942343055058327
bd:0.04922512225197003
paranoia:0.05790127816512851
in:0.005384233390742136
government:0.027188029682992908
according:0.03474268893521432
yes:0.02693783707579686
and:0.0019282697701555045
for:0.00328635215062701
subject:0.0002696662312325081
information:0.02463455842912894
the:0.003806833383783096
do:0.007255736554611078
nathan:0.06216384796370805
did:0.033210324109958896
fbi:0.038533554366569044
statements:0.042580598877074716
irvine:0.22014752516559977
press:0.03623586222997643
is:0.0027138649180875143
dividian:0.051066754138777655
update:0.0438569918381445
article:0.016370361218517194
opinions:0.028844547025454973
before:0.021476709769925703
says:0.02586895701441988
s:0.006267033139959782
