some:0.00480467849849117
believe:0.008941036544569302
at:0.003625370421623173
out:0.0096969308566293
boy:0.018661862984032215
there:0.011330604760211697
know:0.005077675414231695
50:0.028404800733567336
means:0.011665000907155363
ever:0.010878280069258686
stand:0.016204685409327006
your:0.010369812528240844
with:0.002406697023825298
option:0.017245313671820504
into:0.0073695633867587925
atf:0.03662117577093557
my:0.003910346754445685
to:0.005104441333669743
hardly:0.017969698973619434
then:0.0065674088468140055
ten:0.016567856965258556
legal:0.01555273742318282
that:0.008565546307024118
nt:0.01175437945222121
me:0.004459212676561913
re:0.004616549417014451
so:0.00840996376448494
had:0.006314438212683684
this:0.008641686228336116
he:0.026175032222555315
shot:0.016364742162912498
best:0.010021300740582034
on:0.00834582428377432
you:0.022872386395420653
them:0.012064684539360009
burns:0.019023640236389746
m:0.005632982354387128
a:0.0017240791677115988
kick:0.022794383988958285
was:0.018219364899205465
hearing:0.018661862984032215
as:0.006585301730181222
truth:0.014794475423920183
shit:0.019832180583023693
belief:0.016952737862422438
question:0.017966963648947364
therefore:0.014127265516686692
lets:0.019068371397858486
far:0.010244354206260914
are:0.007937177550632413
no:0.009265397005617366
51:0.019886687688990854
yeah:0.016272520346453302
bang:0.0242463238022206
it:0.005643710777612707
not:0.0024811111464031477
should:0.006760543795199505
have:0.004207823976523892
shooting:0.01962109706702554
being:0.008007423579938881
his:0.022770728907472303
aaron:0.020804973908390895
writes:0.0027212444074796805
get:0.00540894640037499
kill:0.01520424735227731
if:0.00551564131492518
of:0.00400083509394524
standing:0.0407017333544866
even:0.006910121184222328
believing:0.020320270057953102
what:0.003787827584348277
savior:0.02522439644369023
ranch:0.01999791679346789
saying:0.012413807320841314
they:0.003839175409496888
who:0.005321205243760693
up:0.01105728699878506
now:0.006798001637359031
rest:0.013442925240628843
in:0.001462384377732432
gun:0.015065907390141572
point:0.009059818770617534
u.s:0.014517458440323863
or:0.002774944270383067
and:0.003927956939205657
davidian:0.021433627219306164
for:0.009372189466602955
subject:0.00010986402013176255
legally:0.02060419133979241
cause:0.012977370919103157
however:0.009864604544020219
i:0.00549913971488792
branch:0.01876500688799607
we:0.011092542433859836
walker:0.02005467943598779
lives:0.016018345061453935
tired:0.020320270057953102
the:0.0024814913909104626
do:0.0059120816370905075
would:0.003838064387260807
because:0.007262231682693474
agree:0.012413807320841314
did:0.006765066022399035
road:0.014858651794117328
come:0.019762910900982786
koresh:0.01680740176396606
just:0.004832874746773194
here:0.007409057224787638
people:0.006194539671082788
many:0.01525268335455221
head:0.04262789796858868
is:0.005528243351659751
dividian:0.020804973908390895
right:0.00798301890448683
gave:0.01527520128822178
days:0.024512367280248335
type:0.013335442429348546
keep:0.010902940675415314
their:0.018687452081255728
goes:0.013263486403253814
survivors:0.019323481175751358
first:0.00772656308391375
dead:0.014120502612391507
count:0.017544734882859302
article:0.003334703211179428
ass:0.02005467943598779
little:0.009651599596289976
give:0.009725252145497972
going:0.008962204461109805
fault:0.05465432099156312
by:0.004075866151510972
says:0.01053920470957847
while:0.008931450641475401
blame:0.018424380195469884
s:0.005106471447374637
