tv:0.018755747803226055
since:0.009905057541602383
hmmm:0.02459357960059347
join:0.02270101500244184
at:0.004361212932942728
extreme:0.02398954519186593
all:0.009446216145012783
cults:0.029563858374322485
own:0.011220250671029679
your:0.006237288228620112
with:0.0028951850336116206
much:0.008649489453266986
compound:0.02120009292824508
service:0.01803262984395219
from:0.00838190350920966
saddam:0.030720367538587364
to:0.0013645536238523078
near:0.01784542464099765
day:0.01259060908793501
been:0.007263566273373462
that:0.00515204889259124
feds:0.02459357960059347
church:0.01855087049548915
weapons:0.01979978210638452
like:0.0057655399183597685
its:0.010236755227891931
re:0.0018511906078127255
cs:0.025325309820835112
u.n:0.031127486836790196
had:0.007596081612287798
jon:0.06162428114433168
illegal:0.020345342206055876
compuserve.com:0.027420966877806253
on:0.007529834038207276
you:0.002751480145587732
children:0.01659592508920062
used:0.00977457182344983
went:0.01615079834275289
compuserve:0.02583231479820179
more:0.00629415359317191
a:0.0027653547046463268
horrible:0.025503725347979653
j:0.015119448809548824
was:0.0043834709608979484
song:0.029563858374322485
as:0.007921922378386322
given:0.013800928510798421
also:0.007344045206334487
international:0.019630517924462347
military:0.019167517637280054
others:0.013348159520140575
results:0.01813407796469535
causes:0.02112451138304315
jefferson:0.02821765186202723
administration:0.02204964689457689
gas:0.03928880863038616
reason:0.013228771901032317
approved:0.024945937414790974
texas:0.01964440431519308
have:0.002530943629443826
interesting:0.016178339415452537
chemicals:0.029883356003716405
hope:0.014299314542772501
earlier:0.019534388786555903
after:0.009550562810222532
attack:0.019548007763644466
edward:0.02237668526427042
public:0.014672002960696009
network:0.018185592425888995
his:0.009130836839134933
heard:0.013379442373365715
be:0.008591008769368386
writes:0.003273576193156249
of:0.0038503086250641317
america:0.019493755220131
republican:0.029668083172331557
seen:0.012833984607041351
nature:0.018873342288414703
saying:0.014933441480021976
scenes:0.030720367538587364
using:0.010912973161608518
well:0.008331029258184875
ministry:0.026619763781517078
they:0.004618413982711602
who:0.006401251852642813
up:0.006650793912635567
waco:0.057693203606305705
david:0.012358639798735119
over:0.009930399764947315
paranoia:0.028377359100731296
president:0.018640881976099002
in:0.003518409938504762
government:0.013324826428793552
become:0.01639714244948093
u.s:0.017464071292072763
seven:0.023857524166706716
total:0.0181238390881406
use:0.0329263272821257
weeks:0.01802259844224312
hussein:0.03046644033864899
and:0.0028351293155256673
subject:0.00013216315293078365
i:0.0009450431051752224
draft:0.024444681307339622
branch:0.022573745909817054
held:0.020125980590586023
20:0.01556847697230505
decide:0.020265878300063263
will:0.01122084499904242
flames:0.022140902843531533
connect:0.02275285312059677
the:0.006716610980100472
agreement:0.024444681307339622
would:0.004617077455962258
radio:0.01775916020182013
william:0.020156729105896127
accused:0.027160354335799216
last:0.010792883921086623
development:0.019243876401268328
koresh:0.020218805092295802
just:0.005813804769633099
people:0.00745184722808474
army:0.04419012919782746
e:0.015400444039870429
press:0.01775916020182013
is:0.0026601250187194446
clinton:0.03628867612346963
involved:0.017826124440920136
provided:0.019989927889131405
addresses:0.023857524166706716
type:0.01604214114025592
1993:0.014998296054505629
chemical:0.02459357960059347
dave:0.017357795402844517
davidians:0.02395620839888898
under:0.012016452609433858
show:0.01490133004819224
e-mail:0.013612355329961716
article:0.004011548912458421
very:0.00862991332566063
april:0.016842345850931247
citizens:0.020234446479871885
by:0.019612583659745865
bernard:0.02880073619695982
while:0.010744269831081794
especially:0.015471760928204662
news:0.015192458000809003
banned:0.0556791356172765
