prism.gatech.edu:0.02700060908631016
taken:0.01882789314147806
since:0.011433266419449608
read:0.012954303210845267
ask:0.016654643339179244
at:0.005034085785453892
dan:0.06812234553235301
say:0.010843114138671677
there:0.005244451346155128
hours:0.022378139294574984
all:0.005451816175121664
sorenson:0.0695074318494568
way:0.009899273254551677
distant:0.03304375652556922
hell:0.01950503385418226
unusual:0.028655923801249896
post:0.01475758745389246
iastate.edu:0.0549274034297989
my:0.005429795779030293
to:0.006300339017558084
dod:0.01998550880967107
require:0.02216869176515764
bet:0.024649550371483486
cash:0.029033865529847297
attached:0.028173974381628462
basic:0.0218265874832
been:0.00838423078412251
that:0.0039646242906797345
movement:0.02689886837411869
nt:0.012241346600956089
location:0.02623329699699659
could:0.017246961775154942
me:0.0061919353165973984
anything:0.013264235144682307
re:0.002136802873018117
had:0.0175360969792244
this:0.00299989964783668
ti:0.021649491750009502
on:0.002897193287081657
you:0.003175994225192696
them:0.008376338123041376
came:0.017249867042731123
a:0.0063840188610120915
other:0.007881759930468062
was:0.005059777909150775
assistance:0.029762122367379414
minutes:0.022772384274500422
military:0.02212479178703183
mind:0.01731231887434364
corners:0.03239264647214512
doors:0.029491252430838933
soldiers:0.02676597201889431
tear:0.02834456274248378
likely:0.018893764599598444
d:0.01041053841358306
gas:0.045350510533360026
it:0.0039183477684568225
not:0.013780800196022054
flame:0.023986591456444547
have:0.00584286415025889
received:0.022110233089438696
viking:0.06426963082679915
only:0.007620207075824495
properly:0.024604377917157125
machines:0.022548265913624528
after:0.022048156430456586
exit:0.06081499229110849
has:0.006084425565066005
open:0.018885489021447786
exciting:0.03180819590574273
anybody:0.017369115113786828
writes:0.007557284468772141
if:0.0038294309700766245
of:0.0044443562415025974
what:0.0105193383199615
find:0.024187962716267317
who:0.014777747134101123
difficult:0.021298333011645708
damaged:0.03239264647214512
in:0.0020306251645084627
door:0.02417127026361693
or:0.003853208329731916
and:0.002181699511375942
few:0.013060728576607351
usenet:0.023338277877964296
for:0.0018591363594975656
subject:0.00030510807876592337
i:0.004363399022751884
house:0.01964498253994395
any:0.005847355807364613
chamber:0.07122494274144923
than:0.008174864469825491
the:0.0038764440513722725
do:0.004104673822322838
thing:0.01293675677214261
when:0.007472425387678491
would:0.005329426549167863
just:0.006710791791233634
people:0.017203121600835626
is:0.0015352721536609365
time:0.00902577125659265
window:0.059777018431288145
90:0.023039768054539042
easier:0.02386670693947772
lot:0.014163162218659375
their:0.008649620677609795
introduction:0.029544408960337866
six:0.04842626669971469
first:0.010728884739377378
masks:0.03400731488234518
initial:0.026323762512520478
training:0.025610332781780615
meet:0.024515090386282377
blame:0.02558356792856675
s:0.00709070035264021
james:0.019769107243640154
