prism.gatech.edu:0.08591102891098687
committed:0.040285948642418114
all:0.008673343914966283
situation:0.032037566261587255
your:0.011453929292556932
with:0.005316612516268612
someone:0.020031437406027454
such:0.017481974576979985
from:0.007696111403910686
to:0.0012529083273553007
crime:0.10939685250647771
that:0.006307356826081396
re:0.0033994591161651865
this:0.009545135243116709
criminals:0.04237560774753589
you:0.005052718085533835
dying:0.046268274649224256
a:0.008886844437204331
how:0.011957845429355674
as:0.007273765092881986
also:0.01348633756072333
responsible:0.035553229227936564
are:0.017533946770942513
caused:0.03620285617322879
police:0.03341439919666083
it:0.003116867543090654
fail:0.04149987039355014
against:0.023484370837798606
attack:0.035897250620510746
leadership:0.04798865646411997
points:0.03331960262245848
danger:0.04455870890828844
charged:0.047894449309251366
considered:0.031298572338292835
if:0.00609227654330372
of:0.0053029250608837815
result:0.032136381463740926
one:0.017878380141374953
in:0.006461080068890563
heart:0.036099841936778336
or:0.018390312482811418
dies:0.05487670829773376
and:0.0052063283794198615
few:0.020778431826420786
for:0.011830867742257235
subject:0.00024269960810925723
murder:0.11668854532359108
space:0.027795570522846393
any:0.00930261151171643
circles:0.05073109568617925
the:0.0034261500454047865
do:0.01306032579829994
when:0.011887949480397599
rounds:0.05410254640373096
law:0.02733491932039969
simple:0.02999262324505673
during:0.05324308199640855
is:0.009769913705115051
clinton:0.03331960262245848
occur:0.04136177797996855
run:0.024334858439885407
whoever:0.09161962468705047
deaths:0.08860522005354604
reno:0.04700246880053751
by:0.009003958861974236
incident:0.08738450545649824
doubt:0.03163702089982334
s:0.005640329825963803
james:0.06290170486612777
