some:0.005987368590427457
dallas:0.02833647327684473
out:0.006041933841438256
there:0.004706558900395627
know:0.006327564746965651
ever:0.01355601054784544
your:0.019383572648942502
ca:0.010546403056883698
someone:0.011299785203400102
atf:0.022817809518813698
to:0.004240612800279479
remember:0.014269866853955036
amendment:0.02343641458439634
crime:0.020570348334551364
besides:0.04153935173473732
then:0.016368003587444134
respect:0.020960811225303185
been:0.007524309678058663
that:0.007115992316604653
control:0.01563915010226166
nt:0.0073238825817686
need:0.009852317905114032
re:0.001917643603990618
so:0.005240054345563692
this:0.00807665289802183
he:0.00815452926933454
bastard:0.06023393322019396
these:0.00849556909281509
you:0.01710150736642221
children:0.08595838123124425
them:0.007517226520678159
burns:0.023706382448424143
a:0.0035807798098625512
was:0.013622478986175164
target:0.024580740488571774
shit:0.024713948111152597
said:0.011238486300838114
local:0.015673761291876677
nine:0.025883640291919446
also:0.007607677598356751
soul:0.021617842506822544
are:0.006593962888217697
no:0.005773055057346204
internet:0.01464889201597234
innocent:0.022725406926492272
place:0.013945782652904746
it:0.0035164659460509944
not:0.003091846197825461
should:0.016849355304958766
reported:0.0211762440872393
have:0.010487192064567238
being:0.009978481691923837
heat:0.02343641458439634
stay:0.02024973111926247
able:0.013525462698003431
b:0.015696965879560213
his:0.01891722093851545
heard:0.013859730048307048
be:0.005932935970640731
towers:0.031071337274886007
writes:0.006782178369410896
were:0.02386620457649691
things:0.011460132964821793
if:0.010310006457898604
of:0.00997131208029429
freedom:0.020451428104197977
what:0.004720215912803237
but:0.003411708832053386
ranch:0.0249204809272446
they:0.019136812810415255
david:0.025604566557379426
one:0.005042620039874987
in:0.005467067750599707
gun:0.01877443844002257
and:0.0019579354589271273
for:0.001668455707241405
subject:0.00013690747124111947
i:0.004894838647317819
we:0.00691150720878959
the:0.0038654000512259126
do:0.007367363270835863
when:0.00670602278381403
judge:0.02237159732912329
intended:0.02086435311270064
fan:0.02051054351533166
country:0.03457183700533469
pray:0.025437428102229036
sp:0.024200699605732175
makes:0.014322963498728072
people:0.007719349436272397
religion:0.03642596167141244
hit:0.03671489374286573
is:0.002755616686058091
dividian:0.02592619825507173
lack:0.019894979789244035
hospital:0.02547642604779426
their:0.007762480095290841
followers:0.024613719413342495
told:0.015898562906303232
survivors:0.048160060776487996
first:0.009628486304569441
guess:0.04609472712208698
supposed:0.01871125646880185
article:0.004155553232392826
deaths:0.02499121591253863
selective:0.029566989531360582
majority:0.021142505773916007
father:0.02220344439156949
tx:0.0242931021980536
john:0.027502342559813802
