believe:0.01658528152923924
mark:0.022928427208337328
know:0.01883778817798934
hand:0.024101064545440254
your:0.009617803222757728
with:0.004464331120530895
ca:0.01569884424497955
to:0.002104120855100505
then:0.012182292746380177
us:0.015724247222786227
brent:0.04087377124266331
make:0.01343572888053209
that:0.010592507646854253
guy:0.051699706060288085
reliable:0.03541292912552853
nt:0.021803925243433237
need:0.01466566405723081
anything:0.017719398094041248
re:0.005709015309590389
dream:0.038040366398163064
healthy:0.03983303503234169
on:0.007740592751744884
you:0.025456442262994892
ages:0.04249186475957998
m:0.010448967268061618
a:0.0031981010515566297
same:0.014825140080371087
dose:0.04607967872328789
j:0.023313959233044752
as:0.012215483362091883
steve:0.04896418086770055
silver.ucs.indiana.edu:0.04131514201280701
logic:0.03170031258165627
speculation:0.041979350997460675
across:0.0589185362112037
wa:0.03828081423831093
mind:0.023127143534428525
are:0.009815440940476726
base:0.029401800423000387
wild:0.03606951595499448
not:0.009204732955358242
uxh.cso.uiuc.edu:0.04512423488394433
writes:0.01009560902316889
if:0.005115652059262666
of:0.0029685585582555516
what:0.007026275595394131
but:0.005078497879774124
forgot:0.03663874263818157
never:0.016823963594365346
oh:0.024654322016347124
waco:0.029654013049551533
net:0.025306431182431165
paranoia:0.04375745449120398
in:0.004069000806744057
government:0.020546678920735095
according:0.02625592522584899
moving:0.03237390520336895
or:0.005147415707657139
and:0.0029144840800823654
for:0.002483579106199038
subject:0.00020379356406120838
steven:0.03424819944922917
i:0.0014572420400411827
we:0.020576242835327784
news.cso.uiuc.edu:0.0350046185533836
flames:0.06828186831134915
the:0.005178455793817921
do:0.005483342892416004
see:0.013506761537489894
magnus.acs.ohio-state.edu:0.07024967003757848
electricity:0.043272619333018285
page:0.032097295673185394
just:0.008964798194396075
people:0.011490634657046698
statements:0.03217923121244577
about:0.007519207483373065
e:0.02374724958819715
irvine:0.04159275761716484
press:0.027384353898989817
eye:0.03504448072117865
is:0.002050936083134839
write:0.024841022328148957
does:0.02790432399246241
history:0.025351203086647945
superior:0.03846625463960134
somehow:0.03245888108404714
article:0.012371494355978641
microwave:0.045275399977808294
says:0.01954982247654632
