some:0.005640274759098329
read:0.010951705613033437
at:0.00851173925076745
dan:0.03839423661243728
say:0.00916688393365963
there:0.004433714906169794
all:0.009218046672911026
50:0.033344766078535565
media:0.019089160341523
sorenson:0.05876232161185961
own:0.010949230123420266
with:0.005650506055937655
distant:0.0279355429563991
boys:0.026204153597702583
unusual:0.024226022537288557
post:0.012476221277445316
sell:0.03362388694667215
iastate.edu:0.046436210629057034
to:0.007323763652656589
dod:0.016895961554069742
city:0.01777674202167339
crime:0.019377864373128096
100:0.016321314487106626
that:0.00335173551144422
provide:0.016313795547262866
bit:0.013164657961621737
nt:0.0034496548392388333
re:0.0036129517176634834
anyone:0.008081713766383532
charles:0.01988527852625041
opening:0.023748051774704484
something:0.009616721338954215
these:0.008003072333811317
you:0.0026850192725059027
used:0.019076942109534933
them:0.028325781092410452
more:0.006142120897684665
a:0.0067463967432192995
how:0.0063544106146334505
hard:0.013063929481041106
low:0.032809609081930625
price:0.03024293914825085
immediately:0.020399514670550158
organization:0.018511271633414837
cheap:0.01795280781839057
hey:0.018619028916092604
works:0.014372589340824832
place:0.013137331484620414
police:0.017756444017549233
it:0.0016563064238645988
not:0.002912608737081956
flame:0.020278519347235725
purchase:0.021074693136130637
have:0.0024698097253509797
viking:0.054334228959854354
only:0.00644220404961008
ve:0.008817071009794368
machines:0.01906254364678402
buy:0.029051605074820925
money:0.04493072125694391
per:0.03417222333886973
between:0.011221574135489881
shame:0.025401608327780004
classes:0.05013661886341555
after:0.009319872887270295
exciting:0.02689098687683564
poor:0.038178320683046
be:0.005588997653502138
boston:0.020143850895408405
guns:0.058477650906385355
writes:0.0031945043044326682
get:0.006349632730874986
whatever:0.015965993134074215
of:0.0018786530006351559
what:0.008893160415426388
but:0.003213928609905363
who:0.006246632242675595
sounds:0.017211133157298733
over:0.0096905350363254
in:0.0025750681433984127
gun:0.08843032598561357
our:0.010771861946765186
or:0.0032575432739279484
and:0.00553329586218536
usenet:0.019730428157699285
for:0.004715200911769188
subject:0.00012897080624163428
i:0.0018444319540617867
example:0.013581445138927076
back:0.020351272657657366
similar:0.015288687380998556
mention:0.018235144030323298
pay:0.04830205886953454
allow:0.016938524982485954
firearms:0.04588744156245672
persons:0.023442839689576313
mtu.edu:0.06290720668933168
the:0.0018206594444180023
do:0.0069402697478888565
when:0.006317267839824811
educational:0.02550121841088501
rock:0.023542449772681315
got:0.01068673343782886
fund:0.025352563055006973
would:0.00901110769182972
can:0.004176647306462384
an:0.004337672166964911
nra:0.07696378129518518
pays:0.02810506624051151
firearm:0.026824352470399236
people:0.02181555275468286
about:0.0047585322720863354
is:0.002595870791214144
expanded:0.027536066068258456
new:0.008328500313447087
lot:0.01197368786601638
life:0.013480093494148356
blue:0.019307544094025644
their:0.0073124812491870235
too:0.009432453467944427
saved:0.04476921980366774
training:0.02165124752082902
meet:0.020725317959417466
give:0.011416600344715007
thus:0.01609350276751838
citizens:0.01974569173398126
reduce:0.02202848634677799
check:0.015987012389312508
blame:0.021628620229464643
