read:0.0128806992153291
go:0.01105359233973936
round:0.02500387893181386
dan:0.04515685783394612
say:0.010781505535611042
there:0.010429306654285767
wounds:0.03347645843147503
ammunition:0.06717357692950804
sorenson:0.06911250325940307
where:0.010496913626328193
distant:0.032856007908946674
from:0.004810069627444179
ship:0.02911705415469283
unusual:0.028493106052379157
post:0.014673737525177161
iastate.edu:0.05461531591031141
wound:0.0342979426860836
both:0.012759682285842261
my:0.010797889333298878
to:0.005481473932179441
dod:0.019871954782343392
look:0.013472547297022219
threat:0.052469928736452634
enough:0.013819025721235206
next:0.015218068316756678
that:0.007884196032601746
feds:0.028226722041590234
quite:0.015092041943803418
nt:0.004057264498422946
happens:0.02122771315215215
re:0.002124661947603242
shot:0.022594501963566684
these:0.00941270439260763
burned:0.027649810568752604
you:0.006315897606917294
tell:0.01369332416830939
burning:0.026950193038050196
magazines:0.030173300621407825
went:0.03707342346859186
them:0.008328745292796823
particularly:0.022824433495116946
imho:0.02460040713838665
magazine:0.023992611004567517
a:0.003967341266609077
sorry:0.018053503890560367
was:0.0050310291710306005
blood:0.02373110065004887
died:0.023046608074740484
those:0.010544975308452047
caused:0.022626785108267995
gas:0.022546418589028422
it:0.005844126643294976
not:0.006851250097454147
flame:0.023850304004987475
have:0.0029048330292480275
being:0.01105570414730198
desk:0.03042309109539144
viking:0.06390446246982871
only:0.007576910444711856
whether:0.016235560141374002
machines:0.022420150766388026
exciting:0.031627467519914645
writes:0.00375717267623615
get:0.007468033950517741
prior:0.026114070058866744
were:0.017628446562185218
if:0.0038076728395648254
of:0.0022095521087015756
even:0.009540678680488782
what:0.015689354028351667
fire:0.020437463846815173
they:0.005300679684703089
up:0.015266595117640735
waco:0.022072021076654836
in:0.0010095437607641504
or:0.007662630201171424
rather:0.014622066209732179
and:0.0021693034914249424
usenet:0.023205674026384956
pop:0.029992910290074982
for:0.007394292338910773
subject:0.0001516872550682858
space:0.017372231576778998
i:0.0021693034914249424
person:0.015938604767465062
held:0.02309913681419532
bullets:0.03247707964474967
actually:0.013888148449437981
the:0.003854418801080385
do:0.004081351811968731
see:0.010053328189836229
when:0.014859936850497
flying:0.028226722041590234
responsibility:0.02464641401470835
around:0.013449968370191112
can:0.004912306775214281
simple:0.018745389528160458
imagine:0.02237351451401399
an:0.005101693969100777
makes:0.015869192512795307
people:0.01710537659173997
finally:0.020662070885205143
about:0.005596682842737907
shared:0.028402916568536603
worry:0.024979335402583656
is:0.00457964704927268
picture:0.023241635020996593
ubvmsb.cc.buffalo.edu:0.03275888044667792
time:0.00897448846536201
matter:0.01716422165852581
unless:0.034977970747051036
dead:0.01949592122051782
nice:0.01795306509519749
every:0.013819025721235206
little:0.026651576157937094
difference:0.018222465038831744
meet:0.02437580009999668
by:0.011254948577467797
seem:0.01568018497099851
bullet:0.031627467519914645
blame:0.025438206747154437
s:0.01057561842368213
