since:0.010208273588794291
simply:0.015605323162670354
believe:0.011085060613930307
go:0.019851349508103338
out:0.012022215296739386
there:0.004682545844781364
all:0.004867693013501486
wounds:0.030060493285406147
knows:0.01782633373031242
take:0.010845658828243385
with:0.005967626293770891
way:0.017677273668842277
setting:0.021948147231441867
compound:0.043698150729648014
someone:0.011242133238076631
from:0.004319246196072324
atf:0.022701392123309544
themselves:0.033025002207375684
discovered:0.023136901556733813
to:0.007734791204591397
building:0.019390140657340058
recall:0.01995334293404603
then:0.008142246682529608
might:0.010852475183053295
t:0.013144250280614498
enough:0.01240892105580304
perhaps:0.014737048661428801
that:0.007079686233356669
ran:0.04632444382104038
through:0.012089098438902176
could:0.007699536506765598
its:0.010550125285888622
re:0.0019078597080518904
happened:0.017205616830298115
started:0.016730841204025026
flee:0.03057628980005599
wait:0.01873163165872509
so:0.005213319374412857
file:0.015502478992134739
had:0.01565722944573607
two:0.009514231799251588
on:0.002586779720608622
burning:0.024200173340289968
apparently:0.01932990334822277
graphic:0.02687953787764107
burns:0.023585431517564835
why:0.009080217245683706
burn:0.024863709708903226
a:0.0021375063150710126
hard:0.013797109196813822
horrible:0.07885335490242688
was:0.009035317694912098
also:0.007568862916732482
jason:0.04652955789574535
died:0.020694913373236354
no:0.011487201389617447
those:0.01893791483966898
determined:0.024294367538451885
religious:0.01873163165872509
fighting:0.023264778947872676
it:0.00524778718989753
conviction:0.028543903879957516
not:0.006152142944652703
ones:0.017309336634575796
couple:0.01610199895231897
have:0.00260842149565129
ve:0.009311906627690991
stay:0.020146416164572356
able:0.013456455235258515
accidental:0.030798152616075065
be:0.00590266588915787
writes:0.003373787709273277
were:0.007914812742205606
if:0.0034191347947112715
of:0.0029761314117204896
what:0.009392266357108481
but:0.0033943021543388274
ranch:0.02479333561639131
again:0.024917032021510386
fire:0.09176004176121098
together:0.0181579910278073
they:0.019039176010362115
find:0.010798197641190766
who:0.01319441708401886
up:0.006854389644655023
bodies:0.02435814387908572
in:0.004532645456492104
executed:0.02869179947624962
yes:0.013606356482162697
streets:0.02819189943359552
and:0.0038958919845998963
subject:0.00013620896373478723
i:0.0019479459922999481
we:0.006876244416908009
power:0.027569951838474917
refused:0.025709588560141713
will:0.01734651038117272
the:0.006537653658068317
see:0.009027478374546816
less:0.014024824268348352
db:0.029774322537186537
would:0.00475841656175702
agree:0.015390587647777749
maybe:0.01350976062419553
fbi:0.03892675390092178
jim:0.03455439537702928
people:0.0076799650003730475
constitutional:0.02749363829728329
is:0.0013707787086258362
self:0.021694456234745793
dividian:0.025793921733362177
carry:0.019859478826190335
matter:0.015412770468880318
survivors:0.023957173090344792
leave:0.0180264394096659
article:0.004134351430186739
seem:0.014080166096406823
while:0.011073176050400623
bullet:0.028400174915841722
news:0.015657533245731728
james:0.03530197722078599
