simply:0.02527804413126768
believe:0.017955965953143308
at:0.0072807025822680255
tavares:0.04257646710985033
your:0.010412662993233575
with:0.009666568211397476
c:0.02137270822668562
into:0.01480003225605278
from:0.006996464912646079
violent:0.03988281459261247
contents:0.04118419833189555
atf:0.036772502943542736
my:0.015706020848434733
to:0.003417022710969002
speak:0.029631676154036314
that:0.002866980375491544
wednesday:0.043288679475478854
justice:0.035584844095061956
its:0.03417891828155653
consider:0.026614579161745398
re:0.003090417378331988
tobacco:0.05065725897369194
so:0.008444715680867108
you:0.004593380077758032
why:0.014708451075652947
a:0.0011541356411953678
as:0.006612513720801805
idea:0.02291220078727898
said:0.018111610154243243
part:0.020241505061266755
cult:0.07830008146480086
alcohol:0.04443960565178884
rocket.sw.stratus.com:0.04577715131666829
course:0.02021613057768611
cbnews.cb.att.com:0.09941254555424692
d:0.015056563821297815
should:0.013576959853169254
texas:0.03279479067495043
deadly:0.04822948113461622
fresh:0.04566621726433655
whether:0.023615360205634914
moved:0.03684797801431359
larry:0.03756019037994211
sw.stratus.com:0.04144451789436968
status:0.0363692784462747
investors:0.04482859334483004
be:0.009561343093181345
considered:0.028453247580266215
writes:0.005464978438161672
if:0.005538433221185201
end:0.022349036384921566
of:0.009641681928879603
congress:0.0721758157122235
bureau:0.04647597270532997
department:0.05732356335029647
senators:0.047934290369309775
investigation:0.041120379769135955
plant:0.04623640628488987
beginning:0.033471791687081726
in:0.0029368545767684377
government:0.02224475155881238
or:0.005572821964488308
and:0.004733025799472602
davidian:0.04304439185364791
for:0.005377667155571471
subject:0.00022063600737205204
fatal:0.04623640628488987
i:0.0015776752664908673
branch:0.037685096477545824
special:0.028890175147644817
review:0.03571602879883295
firearms:0.03925082811334108
will:0.018732319750467512
agency:0.03615735753211489
cdt:0.12534566924972695
the:0.006852300090809573
when:0.010807226800361454
because:0.01458448180904557
company:0.027819239996953307
today:0.023463853436350025
write:0.026893999380062095
events:0.03362437071881508
smell:0.049017168571015596
vos.stratus.com:0.044251768866023916
transfer:0.03756019037994211
article:0.00669696595302976
upi:0.05107056823463956
s:0.010255145138116005
