some:0.004947190148870144
out:0.00998455168712254
there:0.011666682020048485
all:0.008085320598697383
happen:0.014328950110878454
50:0.014623658004781487
finish:0.020738730983656205
small:0.012664177543500047
tower:0.023302097375709107
seals:0.025673350714418525
where:0.007828206772176957
your:0.005338695856700265
with:0.004956164210080909
way:0.007340562794688743
much:0.007403376565931912
compound:0.018145842252141973
into:0.007588152131281298
loose:0.022110710123884582
members:0.015628145375019557
themselves:0.013713772103062787
my:0.004026331615806362
paranoid:0.04509586292772875
to:0.004087878864676193
building:0.01610367613914683
look:0.010047323407948774
engaged:0.022736286390011975
die:0.015965060895899785
that:0.008819609121215512
think:0.0061006272352904884
weapons:0.016947271124956243
like:0.0049349112860537
afternoon:0.02358658594705499
talking:0.0138122507642469
nt:0.009077269725285235
re:0.0015844936558397056
cs:0.04335349647295502
had:0.006501730871534471
this:0.011122509287530063
bus:0.017148485812523987
he:0.040427115445429714
big:0.011761782007913378
starting:0.01661661857151363
on:0.0021483424798274995
you:0.004710160927192558
children:0.028409973457784114
serious:0.015241498462031653
society:0.015746742450876473
detected:0.025131683885986807
them:0.006211267675984071
inside:0.015907014945229603
more:0.005387368753477652
a:0.005325651327380321
was:0.03001563166445375
as:0.01356125695283082
old:0.011219970687891203
coming:0.014731482859277945
cult:0.02007269037551039
buried:0.024884781732919112
wife:0.017122805199762586
modified:0.020922989932553406
stuff:0.01238735827404077
whole:0.01267760794503089
no:0.01908043620648322
fuck:0.024019970900955066
it:0.0014527772446608982
not:0.0025547034261693426
only:0.005650577280802062
grew:0.023705954069795226
minds:0.020829858971880628
struggle:0.022933405100329318
has:0.004511756245281996
absolutely:0.016959570954015398
his:0.0234461318835414
be:0.004902214043537892
soon:0.015241498462031653
were:0.006573319057086013
of:0.00906290864925053
helped:0.019946194768943944
even:0.007115082405788244
but:0.002818996704450891
year:0.010486274221227339
victim:0.022641062424537152
ok:0.013829869451317508
oh:0.013685238068396074
fact:0.010162148850122201
fire:0.015241498462031653
they:0.003953049256388745
bd:0.020649521622648444
up:0.011385257375867666
david:0.010578157793832602
good:0.006864448522709742
chance:0.015233294610222898
supporters:0.021249096039062422
one:0.008333143286234088
in:0.0022586402783197944
our:0.009448200944832176
seven:0.02042042322743541
brother:0.0196339586850831
or:0.005714503878839706
and:0.003235571309243982
subject:0.00011312269869499278
murder:0.018129576250840423
i:0.004044464136554977
group:0.011428457350875615
power:0.011448539322756534
any:0.004335962992749184
will:0.004802141291963069
the:0.00415202929231258
do:0.0030437199953665113
thing:0.009592934047139647
less:0.01164773540930626
because:0.0074776368597225164
agree:0.012782013470188302
did:0.013931449520703095
maybe:0.022439941375782407
put:0.02108016355548118
come:0.020349098936181427
fires:0.047657565231736664
koresh:0.03461185278511654
om:0.026407552923206814
just:0.004976222726550364
during:0.012408345380518942
religion:0.015048861283740307
is:0.0011384433342824741
move:0.014986547099885667
simultaneously:0.02341361139400306
days:0.012619714510805815
time:0.00669283885552421
does:0.005163088196345446
expected:0.017582068914060736
their:0.00641391363805811
wanted:0.012903220294686874
nothing:0.010825661023308935
change:0.0125932589318241
almost:0.012805054789256644
underground:0.02504777444829113
ass:0.020649521622648444
little:0.009937875855501967
three:0.024732949207393835
s:0.0026289672917627896
