apologies:0.025460987139479408
1968:0.028104948626317464
effects:0.040204082779089774
extreme:0.02264433705026597
hours:0.03659976052851048
all:0.008916521781741038
much:0.008164471353083791
ca:0.009610040168655706
from:0.007911890228319398
several:0.013170333514333627
my:0.013320760672854691
to:0.002576073196431459
cash:0.09497058818174349
then:0.007457384812036463
berkeley:0.02540365025820925
direct:0.01866250290922511
worse:0.018201240249254142
been:0.006856263491688968
die:0.01760632883846892
that:0.0032420993031259514
quite:0.024824293290742067
indeed:0.03446955428508986
through:0.011072258383293582
talking:0.015232201777393777
nt:0.0033368156622543854
could:0.0070519119407759685
its:0.00966273157025313
re:0.0017473855270007967
cs:0.07171559696928073
had:0.007170133110664182
this:0.00490637792870485
these:0.0077412895939202924
on:0.004738400235881214
you:0.0025971915392930924
children:0.015665312467376288
used:0.009226464992228343
8:0.013796688235391897
more:0.005941210401031429
a:0.0032628601071177455
exposed:0.05202275031313063
was:0.028963681956587377
as:0.0037388512159673756
given:0.013027044669071406
also:0.006932229587287693
stuff:0.01366082501249356
military:0.018092703564161542
worst:0.020138836045764077
are:0.003004258792529091
results:0.01711721377975916
causes:0.019939959342872505
tear:0.023178964859507763
gas:0.0927142446651636
reason:0.012486971607516485
it:0.012817025410840073
not:0.0084520094660182
have:0.0023890215567647327
made:0.010867194167841127
briefly:0.026941882984183707
only:0.006231477748921899
whether:0.01335261020972815
kind:0.025752585952925792
closed:0.019280713556611265
earlier:0.018439002499459307
after:0.00901501723207921
exit:0.024865943109682206
exposure:0.025637343812296452
convex.com:0.025127066747039482
network:0.01716583957957746
heard:0.01262919326831717
be:0.005406179973247395
writes:0.003090011172979263
if:0.009394632052758074
of:0.0036344034685184792
but:0.0031088001039738795
nature:0.01781502402925126
saying:0.014096052238151583
seems:0.01101162191299569
fire:0.01680838148149285
find:0.00988993802651117
waco:0.03630538046253506
paranoia:0.026786105319381876
in:0.003321115923261504
accurate:0.020899356889688643
total:0.01710754904581496
use:0.02330999337963572
and:0.006244350236998899
for:0.004560965367926271
subject:0.0001247521350094313
however:0.011201396748583704
space:0.014287442792117305
i:0.005352300203141914
we:0.006297868718289579
felt:0.021099178662296502
face:0.01677229715395121
water:0.019159332779025935
than:0.006685052720651687
eyes:0.020194577031115823
the:0.00422665239246198
thing:0.010579123528621292
painful:0.026635353626773366
would:0.004358175916375589
peter:0.034410215708653796
radio:0.01676331944283956
once:0.012537528948247225
forget:0.01794024923090885
imagine:0.018400647450777862
an:0.004195785694213723
afterwards:0.026210251859456885
just:0.010975594051083046
during:0.01368396967197416
army:0.020856089013927912
about:0.004602879347298465
passages:0.02457071459743206
entire:0.017427187956489724
is:0.0037664386947289332
living:0.01721497670107056
days:0.013917068339019496
type:0.015142581823979888
show:0.01406574144735903
article:0.003786602244470098
attacked:0.023508953491348666
concentration:0.028104948626317464
bad:0.012806546947413008
by:0.004628203153351243
doubt:0.01626202008869424
s:0.005798469914542227
news:0.014340544468053357
banned:0.05255694109668155
