believe:0.01658528152923924
out:0.017987436627182593
tavares:0.03932635511673198
tank:0.03541292912552853
all:0.007282960539284665
with:0.004464331120530895
c:0.019741203781900456
violent:0.03683832492905426
my:0.01450708795924124
to:0.0031561812826507575
remember:0.021241404858940702
stop:0.025373687897562117
then:0.012182292746380177
hang:0.040538174880670054
speak:0.027369716142277817
bear:0.034393605517707745
that:0.005296253823427127
re:0.0028545076547951947
exactly:0.02455253933795426
so:0.007800080896068092
on:0.007740592751744884
you:0.01697096150866326
burning:0.03620789293661705
support:0.020908063431553478
came:0.02304371551509883
a:0.00533016841926105
coleman:0.04799810947352381
was:0.00675924529848386
turns:0.033692784531042685
rocket.sw.stratus.com:0.042282712284861544
course:0.01867291450305358
responsible:0.08956156981083258
no:0.008593478902156563
caused:0.03039934487828372
d:0.01390720780440485
reason:0.02039856430540861
police:0.028057892455211387
action:0.02810605405210654
it:0.007851651062747449
dscomsa.desy.de:0.08678194380399024
sw.stratus.com:0.03828081423831093
investors:0.04140656331850714
hallam-baker:0.0444102955098159
which:0.009861773530668074
writes:0.005047804511584445
if:0.015346956177787998
phill:0.13127236347361196
of:0.0014842792791277758
looking:0.01980065149165377
but:0.005078497879774124
fire:0.02745796669495779
find:0.032312163933944885
who:0.0296118978832179
waco:0.029654013049551533
over:0.015312524828392043
in:0.001356333602248019
or:0.015442247122971419
for:0.009934316424796152
subject:0.00020379356406120838
i:0.0014572420400411827
special:0.02668481826614521
failing:0.041880851723904135
will:0.008651185838956368
cdt:0.11577729755127451
the:0.004027687839636161
do:0.005483342892416004
responsibility:0.033112739439608165
hallam:0.04304128078725242
may:0.014206301736181915
koresh:0.062354177536545825
here:0.013743518363537374
people:0.011490634657046698
about:0.007519207483373065
company:0.025695633890315647
different:0.019291732045887387
n:0.0279466831740794
is:0.008203744332539356
move:0.026998665004374176
today:0.021672719586246968
write:0.024841022328148957
knocking:0.0445478413533478
primary:0.03512483501878924
goes:0.024603261038096767
trouble:0.029120777727407135
vos.stratus.com:0.04087377124266331
him:0.018294009949338226
article:0.0061857471779893205
side:0.024582931897490022
by:0.007560576143642489
