at:0.00779615055269408
out:0.010426346009561592
there:0.008121937925461481
andrew:0.03332263857674335
take:0.01881193920651065
with:0.010350927022823846
profit:0.04889922379632498
from:0.007491789862213943
turn:0.030278567563845265
to:0.002439290548833329
100:0.029898337157797092
pittsburgh:0.039137746931404836
bit:0.024115789363324775
re:0.0066184159783747
barry:0.046532149768588146
anyone:0.014804555306560984
bitnet:0.043188104179301995
something:0.01761647183330551
mellon:0.05424361359129845
you:0.009837150255021626
used:0.01747312839236164
material:0.03736902244959188
them:0.025944410115614883
a:0.0037075330774683055
seth:0.11030411486507626
dogs:0.04600627879097045
adam:0.041102684701373515
science:0.029925948904135535
andrew.cmu.edu:0.07211998949959753
pa:0.045837710693884655
hey:0.03410742465160327
works:0.026328548615493275
expense:0.04889922379632498
try:0.02156097055171144
buy:0.07982764049320264
larry:0.040219318902415896
boston:0.036900682613712744
scratch:0.049897414010000585
guns:0.03570759214637689
dept:0.036312455666741586
making:0.027208913193561092
whatever:0.02924743875002976
of:0.001720713146599457
cmu.edu:0.05424361359129845
what:0.008145505336253373
but:0.00588746214380894
never:0.019503886998777524
they:0.016511851761199004
who:0.011442945789680073
sounds:0.03152835896956494
in:0.0015723867424291193
gun:0.09719510165852394
become:0.029311705971638475
wash:0.05197175653954788
cats:0.05231216610439564
or:0.005967358032770666
and:0.005068107272001635
for:0.002879193477098
subject:0.00023625625568157783
values:0.037795985578259014
example:0.024879284458034553
back:0.055920974869049664
eliot:0.15854600154725154
similar:0.0280067105120947
sad:0.0418682532226946
pay:0.029494177539804274
than:0.01266018833822532
the:0.002001114185811645
wrong:0.023393115547166908
do:0.006356795742535368
when:0.011572340202156955
less:0.024326243863683872
can:0.015302052963499351
did:0.014547885340203234
just:0.010392819145715805
firearm:0.04913841558736851
people:0.02664200247917022
is:0.002377633866289061
unlike:0.040814086598818106
figure:0.03267697021305092
life:0.02469362259547531
sale:0.028096213753129463
their:0.013395430252935521
excerpts:0.05148450187421136
dave:0.031028979392695506
engineering:0.03421902206392123
very:0.015426924706048206
thus:0.029481018344038098
by:0.008764915706346603
