another:0.017057733310681375
at:0.006776653941957162
know:0.009491347120448477
ah:0.036210015119005935
much:0.013439975919691781
c:0.019893059195607386
ca:0.01581960458532555
previous:0.026716918613021588
into:0.01377541463832605
work:0.015577480492233106
my:0.007309340471771549
to:0.005300766000349349
grade:0.042607963917822025
enough:0.018708834822595357
that:0.0026684971187267447
vice:0.04145194697128866
think:0.011074984827142734
cleveland.freenet.edu:0.03294168285773466
weapons:0.061531630545994975
nuclear:0.037540429017393274
sarcasm:0.044890517056065865
re:0.0028764654059859275
happened:0.025940776144141777
two:0.014344534097333165
on:0.0039000678864560766
you:0.01710150736642221
used:0.015188180833360505
more:0.009780146352467123
a:0.005371169714793828
how:0.010118176901762496
other:0.010610061444860854
as:0.012309448618723361
steve:0.07401124261925508
l:0.07626832104815454
it:0.002637349459538246
imaging:0.04154191650792859
fr:0.15025144366951915
expose:0.0456236722853299
have:0.003932697024212714
only:0.010257971063609898
christopher:0.03722426228135057
writes:0.005086633777058172
of:0.005982787248176574
seen:0.019942037620171948
what:0.007080323869204856
plate:0.039771319754300975
san:0.0621225451323776
up:0.01033431054117219
president:0.028965062762861527
in:0.0027335338752998537
yes:0.02051419900387607
or:0.02593505606550328
message:0.024979383758151705
and:0.007342257970976728
for:0.0025026835608621075
subject:0.00020536120686167922
car:0.04705605138282138
i:0.0014684515941953457
usenet.ins.cwru.edu:0.04006439549454921
sad:0.036393173955111456
any:0.007871440509913903
yet:0.0202312980206628
the:0.0011596200153677738
do:0.005525522453126898
see:0.013610659703162893
holding:0.03543583415146988
liberal:0.03770352292239791
wants:0.027081039712259607
mr:0.025976582140641646
an:0.006906908758167206
human:0.024660325932589044
just:0.009033758180506815
makes:0.02148444524809211
n:0.028161657660033857
is:0.004133425029087137
headed:0.043968969365199555
right:0.01492210456761769
himself:0.028790626542315147
2:0.0149877657853493
1:0.015065568399420836
strip:0.04127510452340636
too:0.015019368214342282
nice:0.024305688128882758
legitimate:0.035194171103520806
article:0.012466659697178478
ass:0.037486823868807945
little:0.018041066937680494
mf:0.10613325266699374
full:0.023766634491717332
los:0.035076128259869575
says:0.01970020572636591
619:0.048819944931188866
diego:0.039916461941257766
