believe:0.016093865780224745
say:0.0140558886982781
ideas:0.026644397311403487
tavares:0.03816112977993993
specifically:0.029978093716708603
c:0.019156279225399704
ca:0.015233693304387565
knives:0.04488082050816868
often:0.02301718806132375
my:0.014077248316004464
to:0.0030626648002018463
amendment:0.0677051976882561
then:0.011821335924265208
track:0.033702189465159564
randy:0.03714656789050912
heavily:0.040735518375313695
speak:0.02655876158991403
perhaps:0.02139601138992626
bear:0.10012360717377146
that:0.005139327784214471
control:0.04517976696208924
weapons:0.02962634063325684
nt:0.005289470753499545
consider:0.023854548730156987
anything:0.017194378891254844
re:0.0027699296502086707
this:0.003888758802751252
off:0.016173758873750745
you:0.008234059102351435
more:0.009417918709783155
a:0.0020688950012539187
was:0.006558971363713968
let:0.017075094390761665
also:0.010988867642070863
arms:0.060046521949981925
rocket.sw.stratus.com:0.041029891180124914
ie:0.03098976434638083
are:0.014286919591138345
no:0.008338857305055628
d:0.01349514238797804
it:0.01269834924962859
not:0.008932000127051332
restricted:0.08375475052584604
second:0.020368116864090863
sw.stratus.com:0.03714656789050912
investors:0.04017970218314396
without:0.016646003591129593
be:0.004284898201018306
constitution:0.03351837339760605
which:0.01913914566692619
common:0.02493428177504704
writes:0.004898239933463425
were:0.011491135536831846
if:0.019856308733730645
whatever:0.024481189472247134
even:0.02487643626320038
key:0.02374698052767834
2nd:0.03234545815251498
sense:0.024343126269355485
militia:0.042583376594806904
up:0.009951558298906553
pick:0.02977818153361492
in:0.0026322918799183775
gun:0.027118633302254825
or:0.009989799373379042
and:0.002828128996228073
for:0.004819983154252948
subject:0.00019775523623717257
i:0.0014140644981140366
special:0.025894156984185353
we:0.009983288190473852
firearms:0.035180371864550156
than:0.010597046534958972
cdt:0.11234685910531084
the:0.0033500133777291247
less:0.020361967085898353
century:0.03309497773953236
can:0.006404192536575655
makes:0.04137745010743665
firearm:0.082261347575891
long:0.01763193514895248
here:0.01333630300461775
about:0.007296416150532382
company:0.02493428177504704
is:0.003980335213195021
discussion:0.02546571810733475
today:0.021030564931839652
write:0.024104992036944543
right:0.014369434028076293
too:0.01446309531751479
knife:0.04577436115845472
vos.stratus.com:0.03966269653917699
words:0.02450266023338796
article:0.006002465780122971
little:0.017372879273321956
refers:0.039101868230023686
s:0.004595824302637173
