out:0.013542265506671952
andrew:0.04328112826634481
all:0.010966296903980358
someone:0.025327104766241608
post:0.029684802349783684
to:0.0015841369656216446
representatives:0.06277096284881782
that:0.003987409487752607
pittsburgh:0.05083408509481318
so:0.011744949395228967
barry:0.06043830946954552
bitnet:0.056094893934035925
d.c:0.198232960010308
mellon:0.07045434868754856
you:0.012776988262269468
material:0.0485367762851021
them:0.01684895599462346
letters:0.053905848368083376
seth:0.14326856298567375
dogs:0.05975528164804208
adam:0.053386245646611576
washington:0.13238666673843083
science:0.03886933593295765
andrew.cmu.edu:0.09367308980982207
pa:0.05953633687826398
try:0.02800447899245279
states:0.03968804293627222
scratch:0.06480928486356398
dept:0.047164453911974706
of:0.004469898518752613
cmu.edu:0.07045434868754856
congress:0.05019122816769565
what:0.0105797942873176
never:0.025332634837492648
please:0.02201626847017534
they:0.021446428149603302
in:0.002042295424074603
become:0.03807152614707066
wash:0.06750354585021737
cats:0.06794568700915755
or:0.007750706410380291
and:0.008776952057259537
for:0.003739642102437632
subject:0.0003068615734714747
we:0.015491309261080114
eliot:0.20592756522803937
house:0.11854730843069625
sad:0.054380604760511375
the:0.0025991483103070794
wrong:0.03038416157275702
when:0.015030740722341791
would:0.010720110874762942
can:0.009937540142962222
did:0.018895529234976612
senate:0.17926584494412623
generic:0.06336054094522646
just:0.013498719120297539
unlike:0.05301139983524651
white:0.039068610871501055
write:0.03740429798836222
addresses:0.11078666394654613
figure:0.04244250154108912
dave:0.040302007716949334
engineering:0.044445396473828724
article:0.00931417103812185
very:0.020037270020499393
