since:0.01527344750689833
freedoms:0.04737033773125685
dan:0.030334377781582125
there:0.007005946454787385
wounds:0.17990402088365207
fax:0.023348422441857933
monday:0.038592432517091504
ks:0.04717205157550677
with:0.00892866224106179
way:0.013224219996538498
someone:0.016820290951626106
from:0.012924767243208787
work:0.015458568427406899
single:0.024820050919941793
to:0.002104120855100505
janet:0.03878569822689524
thursday:0.03983303503234169
been:0.022400616598800598
she:0.025306431182431165
that:0.00794438073514069
justice:0.03286844378246181
clarify:0.042598629965494024
performed:0.037864873892631004
re:0.0028545076547951947
anyone:0.012770341600315963
comments:0.02812217567961145
voice:0.027683162606382962
had:0.035139125626308436
supposedly:0.03541292912552853
this:0.004007499529552817
he:0.012138421431452178
shot:0.030355972103723174
two:0.014235033837048178
on:0.003870296375872442
jury:0.04483059915243443
medical:0.061420114078911014
apparently:0.028921076765279868
phd:0.05056659982941093
a:0.00426413473540884
mac:0.07857898018651456
also:0.0113244055853402
evidence:0.07368797025602467
ee:0.04542961911763669
no:0.025780436706469692
internet:0.021805602619195466
texas:0.03029137153945803
uucp:0.032317775628519646
against:0.019719700703495012
stated:0.05926862691446961
has:0.008128049418981305
spelling:0.04122480264145585
his:0.01407961100385692
heard:0.020630895873434155
found:0.020416187063030514
writes:0.005047804511584445
of:0.0014842792791277758
lawrence:0.03620789293661705
department:0.02647385940986974
rutgers:0.04070412897713116
dr:0.029914844313790084
never:0.016823963594365346
using:0.016827638004923057
who:0.009870632627739299
authority:0.03228986485597681
waco:0.059308026099103066
boxes:0.037636988677747944
in:0.002712667204496038
our:0.017021186434964836
or:0.005147415707657139
and:0.0014572420400411827
for:0.007450737318597115
subject:0.00020379356406120838
station:0.03157244379978746
i:0.0014572420400411827
we:0.010288121417663892
preserve:0.042706909621921176
persons:0.03704326576902517
the:0.0034523038625452807
home:0.022361550014208767
radio:0.027384353898989817
claim:0.024925488891602947
county:0.042180246480799405
about:0.007519207483373065
is:0.002050936083134839
cartridge:0.044275184234247957
either:0.019111165703155405
morning:0.032749166546560425
told:0.023665799746023893
professor:0.03911909565821327
killed:0.02788385493639607
deaths:0.03720066490797735
reno:0.039467721893581116
by:0.007560576143642489
says:0.01954982247654632
bullet:0.16996745903831992
four:0.02677897825208377
news:0.023426538291323806
