some:0.03766247984301142
practices:0.16473877271375928
truly:0.14059043448485092
on:0.016355123394815804
children:0.10814118929092018
burning:0.15300754757086563
cult:0.15281144931033716
tortured:0.18653733522498755
hands:0.12920548243080945
have:0.016491955262827512
alive:0.1420974546321883
of:0.01254455390746701
women:0.12191339334946531
sounds:0.11492595366325284
president:0.12146639223135479
in:0.005731603286919048
our:0.07192823945098044
men:0.11327737266539813
and:0.0061580228143675786
for:0.010495124610066903
subject:0.0008611921578070418
hart:0.3730746704499751
we:0.04347560986174097
sick:0.14487878287241826
the:0.0024314613225453322
fbi:0.12305877039646242
jim:0.21847295141605608
here:0.05807744856849664
