tv:0.031572175468763855
out:0.009818142492337166
say:0.015812874785562862
there:0.007648158213142895
all:0.007950565255385759
media:0.03292880158912718
ah:0.03922751637892309
much:0.014559973912999428
proves:0.04662170967059728
wrote:0.021463124789107176
post:0.021521481703593172
atf:0.03707894046807226
themselves:0.026970418469356813
to:0.004593997200302769
t:0.021468942125003682
speak:0.029878606788653284
that:0.00578174375724128
think:0.011997900229404626
appears:0.03250250856161943
like:0.009705325529238943
nt:0.011901309195373974
re:0.0031161708564847544
had:0.012786737380684459
mean:0.022028517140248838
93:0.03050846246503668
he:0.039753330188005885
apr:0.031060068975316657
something:0.016588844309696024
on:0.008450147087321499
you:0.004631658245072682
children:0.027936473900154378
burning:0.03952694978914029
defend:0.03774912019566038
burns:0.038522871478689234
a:0.004655013752821317
responded:0.04364941847110784
as:0.006667618001808487
said:0.018262540238861934
21:0.03380169184295271
chip:0.053873405963387896
hmm:0.04133582066612218
are:0.005357594846676879
no:0.009381214468187581
yeah:0.03295185370156793
it:0.002857128581166433
not:0.005024250071466374
have:0.0042604217762304405
probably:0.03978706191715347
larry:0.037873191966441636
nazi:0.041992327981564805
claims:0.03130271396340605
of:0.003240676426095644
germany:0.03503954777656072
ranch:0.04049578150677247
saying:0.025137959824703657
oh:0.02691430153451228
seems:0.019637392411508983
well:0.028047798502555746
now:0.013765953315652035
over:0.016716172937661315
in:0.0029613283649081745
minute:0.07454103957322283
according:0.028662718371551817
yes:0.022223715587532406
watching:0.035496700781161114
few:0.05714068752265716
for:0.0027112405242672834
subject:0.00022247464076681915
i:0.004772467681134873
pretty:0.023983500474330222
coverage:0.038568038707600394
the:0.005025020066593686
do:0.005985982657554139
see:0.014744881345093134
did:0.02739851739071609
liberal:0.04084548316593107
come:0.02000994728724507
microsoft.com:0.0930070087579953
here:0.015003340880194968
number:0.020852207069981317
vary:0.04241258509512224
dividian:0.042130072164491564
itself:0.0280254653382865
survivors:0.039130049380896495
nothing:0.02129046667917424
update:0.03618201826646921
article:0.006752774002638341
by:0.008253628956809717
while:0.018086187548987685
s:0.0051703023404668196
