report:0.03913121879870882
at:0.009082113530458052
send:0.03024069196779611
thanks:0.020550377782640857
with:0.01205829642865046
ca:0.021201531918477536
to:0.0042624716291469
death:0.06918384296982313
nt:0.007361634553839572
injury:0.161385389357838
accidents:0.1165658899071053
articles:0.13026459651648456
sections:0.056429407732515584
age:0.08500595104976538
thereof:0.06270000295698423
children:0.06912117253646444
etc:0.023941484406785934
state:0.027399107081862023
a:0.005758779900397505
other:0.014219669977648565
same:0.020021580933284665
copy:0.07044560711470808
advance:0.03261341460491391
expose:0.06114512780508131
have:0.005270624877810854
shooting:0.04915388234316707
tom:0.03913121879870882
regarding:0.04079377702134925
be:0.005963518114819292
which:0.02663695530963954
of:0.006013626357703258
reasons:0.037489943049444384
but:0.006858589920107322
please:0.019746550071188192
groups:0.03793593400501435
find:0.021819038532715364
over:0.02067980157236451
one:0.010137225853356932
in:0.001831749504066912
our:0.04597475098928646
or:0.03475832256201471
and:0.005904083729239018
for:0.006708223977568536
subject:0.00027522635971152884
welcome:0.043130084399602184
relating:0.058600178548055264
locations:0.05943879338778674
we:0.02778853413843237
any:0.010549353260709353
limits:0.050982068067733206
firearms:0.04896237321354918
the:0.002331194876254803
would:0.009614944805199753
club:0.049819227921904914
needs:0.03452934600690048
comparisons:0.05909511895203837
an:0.009256681840842646
nra:0.054747432055337907
m.d:0.0645317676707724
long:0.024539291186686442
paul:0.033763118465041826
deal:0.033982628781036174
time:0.016283607937151688
wanted:0.03139340195408353
article:0.016707894439517545
data:0.030250985806245488
students:0.049283560510248105
