ask:0.018803629576492693
out:0.007601142574712645
say:0.024484451280871528
permits:0.03753386265668312
all:0.012310552653500532
where:0.011919076117637173
your:0.04064297490907298
with:0.007546159700510288
lawyer:0.06852259237893905
such:0.012406562603018055
often:0.040094456622951045
to:0.00978076823290267
weapon:0.03130753429511159
weapons:0.025803587003159184
talking:0.02103026567975657
anything:0.04492724807069814
re:0.0024125193727623905
requested:0.033793098171180265
this:0.0033869834733639935
contact:0.02245207934826173
you:0.028686399453353387
used:0.012738474247334616
them:0.009457155945369297
state:0.01714653798026204
a:0.0027029112113156036
same:0.02505926903907887
as:0.03097216104065878
immediately:0.027243222818089566
politicians:0.03600271306761108
evidence:0.020759406674277916
are:0.008295630730338394
police:0.04742688918235731
not:0.011669225972438031
deadly:0.03765011107928105
have:0.006596782105131004
verify:0.03484160739374656
against:0.033332655382681896
register:0.03341716973167075
facts:0.026129592220237995
call:0.01714165224515295
identification:0.039704651280045786
be:0.026124056773950317
down:0.015253971464213922
were:0.010008408370789026
fill:0.031177194247901784
if:0.017294204380991208
what:0.005938336148365362
saying:0.019461646315899608
present:0.023383872792447122
they:0.018056508861440203
who:0.008342276607960311
over:0.025883106484120746
in:0.0011463206573838094
required:0.07244093130001876
lying:0.031622309547817605
use:0.010727609856434504
repeat:0.030331850619473372
and:0.0061580228143675786
for:0.0020990249220133807
subject:0.00017223843156140837
cause:0.020345168602206882
until:0.036918267424059924
possible:0.016625623373965046
information:0.015734330867637192
decide:0.026411015591050187
will:0.021934942159418408
unfortunately:0.02375414890855456
shoot:0.03007301194986418
later:0.020615561477146473
the:0.0024314613225453322
do:0.009268618308470925
see:0.011415392009104361
would:0.0060170944909959745
can:0.005577845112501377
tax:0.028590028068812855
people:0.00971143961337495
statements:0.02719664057309933
is:0.00173337178639138
time:0.010190386902604605
somebody:0.0244885691837081
questions:0.0195108150790033
dave:0.022621126912094145
show:0.03883959573851397
registered:0.03335659076167179
citizens:0.026370052831833038
bernard:0.03753386265668312
