some:0.011675368751333542
at:0.008809650124544311
there:0.009177789855771475
all:0.009540678306462913
true:0.012916403960789233
with:0.0029241368839477365
into:0.017908039029823863
from:0.004232861272150878
atf:0.044494728561686715
occupation:0.02671645366095384
to:0.0027563983201816617
then:0.007979401748879017
us:0.020598763861849962
been:0.007336201936107197
that:0.00867261563586192
think:0.007198740137642776
weapons:0.01999777992744837
really:0.00975697871595463
talking:0.03259691180362268
re:0.0018697025138908526
avoid:0.019333747466115495
this:0.01574947315114257
suicide:0.025851357840295634
you:0.008336984841130827
kenneth:0.02457923358681914
serious:0.01798496818519735
went:0.016312306326180418
them:0.007329295857661205
burns:0.02311372288721354
why:0.008898612900770032
more:0.00635709512910363
a:0.0027930082516927903
was:0.004427305670506928
as:0.0040005708010850925
following:0.013686571365198809
immediately:0.021113497684019412
closely:0.02487782976032725
also:0.0074174856583978325
jason:0.06839845010674567
responsible:0.019554276075365112
theory:0.020342744284883123
are:0.016072784540030638
results:0.018315418744342303
no:0.011257457361825098
those:0.009279578271437801
taking:0.017034750170758027
crap:0.024297468904063483
tragedy:0.05594605160471674
d:0.009109221111885177
action:0.018409465404129785
ones:0.033926299803768566
should:0.008214060711167398
texas:0.01984084835834501
have:0.0025562530657382643
made:0.023255795519180014
being:0.00972901964962574
calling:0.020565003097737292
probably:0.011936118575146043
only:0.0066676811913464334
ve:0.00912566849513717
expect:0.01728110541579194
heard:0.013513236797099372
be:0.011569225142749426
writes:0.003306311955087812
were:0.015513032974722991
if:0.0033507520988170464
of:0.0068054204948008535
even:0.00839579723883013
congress:0.02183318425294761
but:0.006652832222504103
result:0.017675009805057512
ranch:0.024297468904063483
least:0.012038311913532412
seems:0.01178243544690539
mistakes:0.026189651082664706
exceptions:0.02891328695987307
who:0.006465264371169241
beginning:0.04050086794136889
now:0.008259571989391222
in:0.0008883985094724524
government:0.026916149386162977
rather:0.012867418264564317
and:0.005726961217361847
for:0.00325348862912074
subject:0.0001334847844600915
half:0.01890821741796508
i:0.0038179741449078986
we:0.00673871952856985
held:0.020327240396491884
rangers:0.023334753349736018
actually:0.012221570635505424
pretty:0.014390100284598133
than:0.014306012822194611
the:0.004522518059934318
do:0.007183179189064966
see:0.008846928807055881
stupidity:0.05160969175396813
nuts:0.02804496948961887
would:0.00466324823052188
nobody:0.020041448327292138
agree:0.015082775894822197
may:0.009305127637199154
fbi:0.019074109411451674
decisions:0.0497556595206545
people:0.030105462801462347
about:0.01970032360643743
dividian:0.025278043298694937
lot:0.024785533882653907
beleive:0.05608993897923774
tied:0.025623007656129692
zionist:0.029270581779783793
survivors:0.0234780296285379
conspiracy:0.10731527176085653
admittedly:0.029000245673432415
bad:0.02740601046746384
attribute:0.029964764004054872
