cia:0.03244430538069603
read:0.013180250359871639
health:0.024222945350306693
block:0.051020689385620134
dan:0.023103508659228247
know:0.007173692591036639
202:0.03496778491879034
send:0.01705434372602455
with:0.003400159167381089
ca:0.01195667788425768
post:0.06005994894026001
sell:0.020232978482445162
longer:0.019733784932407995
wisdom:0.028252870818678468
to:0.0032051143257926296
dod:0.0203340932656537
denver:0.1370199228823164
then:0.009278374126603506
threat:0.026845079818650183
death:0.01950823479090943
speak:0.020845539619990663
make:0.01023302606598665
that:0.006050662071531572
liberty:0.0289726046404614
ran:0.02639415985152301
think:0.008370628067026483
weapons:0.02325323247377717
like:0.020313472037941975
finds:0.030570540254944538
nt:0.004151619486758363
its:0.024044471581792674
me:0.006299934188398516
re:0.002174072690570759
voice:0.021084269194396325
sections:0.03182356133752332
something:0.011573612309090249
these:0.009631604494761295
on:0.0029477257281354066
you:0.01292555789322609
am:0.009501955562217241
ta:0.026845079818650183
classified:0.06045011050441466
2.2:0.0289726046404614
303:0.034367876568585504
following:0.01591461786651024
let:0.013401963620655958
stuff:0.01699660786438152
plus:0.020790115430114366
no:0.006545033349898313
begin:0.024262903950816938
statement:0.020193019881934917
hunting:0.06807112041810184
have:0.0029723872857421677
empire:0.031196299930481546
ve:0.010611242436206014
buy:0.017481634449092825
safety:0.02402717084387304
tons:0.03372121589934002
public:0.03446214648907667
pgp:0.05284631437177902
found:0.015549537821261613
notes:0.02719950249184604
writes:0.0038445487849858274
get:0.0076417091586693155
things:0.012992592605466568
if:0.0038962233707174956
end:0.015722287224276217
of:0.004521874082924155
ucsu.colorado.edu:0.03182356133752332
even:0.009762554928872243
key:0.037277236874843904
seen:0.015072470294316005
opinion:0.019240183515044706
what:0.005351407575561809
but:0.003867925710758199
version:0.01814227097479991
they:0.00542395130527758
accept:0.02076809285269031
one:0.0057169238824164095
in:0.0030990645679271596
heading:0.03278144059959341
rifle:0.03484274884192427
or:0.023522492710572742
use:0.009667322835740396
and:0.0011098762049150867
gets:0.019403001990655838
subject:0.00015521486565126915
i:0.0022197524098301735
nsa:0.026195129783835553
person:0.016309269994615412
any:0.005949344571446554
firearms:0.02761250117275739
will:0.006588984563391188
em:0.027648279460980515
the:0.003944056447617138
see:0.010287126519832419
supplies:0.03220369365881897
goods:0.0347203453000764
arm:0.02910940985796253
mr:0.019633463245833798
an:0.005220338014893818
mountain:0.02642315718588951
about:0.0057268382576853
newspaper:0.057330761823081174
revenue:0.033520714875670425
is:0.0015620501563410692
readers:0.02645229987091012
new:0.010023253284206668
friday:0.0289726046404614
their:0.008800486154544849
told:0.018024533527494942
1993:0.01761427792447754
23:0.02517250962997704
various:0.02072429638578598
dave:0.020385317856829024
under:0.014112345506428134
supposed:0.04242668617926001
article:0.004711237676259308
april:0.019779964313302978
lots:0.021213343089630004
ads:0.03212565284293443
assault:0.08305283786400994
bernard:0.033824120417359785
editorial:0.03372121589934002
revolution:0.030812823373552494
s:0.0036071876793954552
