report:0.04264863172443545
cat:0.05689861695965734
there:0.010312123433451094
all:0.010719863265688665
with:0.013142188242461737
compound:0.04811706484837647
such:0.021606934870424702
themselves:0.07272921834433298
paranoid:0.05979002051092126
hence:0.05170059985911675
to:0.001548538382124529
front:0.03951630257714532
afternoon:0.06254420543264019
nt:0.008023354513735264
re:0.008403157365801585
so:0.01148101794814517
anyone:0.01879679493979091
on:0.005696728373475167
you:0.006244932465266538
detected:0.0666413190684594
optical:0.06620063689819781
a:0.004707317278133916
other:0.01549784255990911
was:0.019898003013514284
as:0.008990046744011443
equipment:0.04533660575888302
military:0.04350380407562439
no:0.02529765699286539
imaging:0.060679203887985575
thermal:0.12670579287932734
equipped:0.12604480669491624
usually:0.03705337912569228
if:0.0075297799973416775
of:0.006554177041541752
they:0.02096448594399424
bd:0.054756034864550926
in:0.003992802289763831
recording:0.06440703975671597
morris:0.055234232779368855
or:0.015153066465237872
use:0.018682916042105032
and:0.004289858589784155
subject:0.000599931615550973
i:0.0021449292948920776
top:0.03799586770974511
elements:0.05507256157204189
sphere:0.0680776490854244
any:0.022995219467164207
the:0.005928394460588057
did:0.07388364240193103
fires:0.06318643480162839
human:0.03602070080041096
is:0.006037587121138515
move:0.03973960804014626
simultaneously:0.06208553133690699
notice:0.09074079626077627
almost:0.03395497674454571
capability:0.055153106397644286
three:0.03279200007272441
credibility:0.0668683157798922
s:0.006971194166921554
