health:0.025560408590507677
sentence:0.030384977142940365
such:0.011797651555017169
feet:0.026945165331014306
post:0.12675228488005794
sell:0.021350136803561764
longer:0.02082338041947347
my:0.0058295353455846705
to:0.00845520957110939
denver:0.18073180012084678
within:0.019855522799526487
threat:0.028327323489618597
track:0.02791285630550025
make:0.010798039775151556
she:0.020338297453364924
that:0.0021282492357943363
weapon:0.02977096819473802
weapons:0.07361145985563816
finds:0.0322584841954016
suppose:0.023645024451724967
its:0.025372080442137058
attention:0.026040972046151276
boulder:0.06763640567159143
so:0.00626877667107313
this:0.0032207511556528773
26:0.026971552336532045
classified:0.0637878466672351
snyder:0.07491326115629036
came:0.01851979590477268
a:0.0008567509974517761
was:0.010864553792655038
running:0.018573376763476698
bring:0.023272189860669174
following:0.016793339098403446
said:0.013444814899775658
colorado:0.0578306955533492
across:0.023675853508183083
no:0.013812831118803801
it:0.002103407544417006
encourage:0.03154981617624918
buy:0.018446878068981386
rights:0.021307971899955865
complaints:0.032134541205723566
university:0.014419264426985606
safety:0.02535382444874947
second:0.01686929924326544
strongly:0.028631599202130084
feel:0.018688814013780232
public:0.01818248219669076
call:0.016300344159501275
regarding:0.02427605135626305
making:0.018862620802898182
of:0.008350209196074666
keeping:0.025645030198681515
department:0.02127653731713458
policy:0.02353832664367669
accept:0.02191479736602904
now:0.010134444158762235
called:0.01645554905433579
in:0.00218011904165019
according:0.021101387758197657
or:0.004136880108607886
use:0.010201101397222995
and:0.0035134731394857966
for:0.0019960052939391043
known:0.0199811579611433
subject:0.0001637850116074742
spoke:0.03143927319770514
however:0.02941225649321366
i:0.007026946278971593
any:0.006277835989501886
will:0.0069527935270140145
the:0.00786122771154227
quote:0.049508686043442815
eric:0.04893286478918535
reaction:0.02895175719704156
biology:0.03638697789627538
expressed:0.02521324616946802
e:0.03817042571845186
is:0.003296596648965201
number:0.015351318088329804
readers:0.0558257126110005
morning:0.026319882316560832
their:0.009286402567985975
1993:0.018586845417240105
notice:0.04954558814238705
paper:0.023660419614948438
change:0.018233184711107287
april:0.02087210958213566
ads:0.06779892379122358
feelings:0.032713134331314
assault:0.08763857737797369
refuse:0.030814839490282186
security:0.02277223259532449
