some:0.004670147500533416
out:0.009425416792643679
there:0.014684463769234359
all:0.0076325426451703295
happen:0.01352652890466926
50:0.013804733156513723
finish:0.01957736204857146
small:0.011954983601064045
tower:0.021997179922669398
seals:0.024235643074411086
where:0.007389827192935047
your:0.00503972888872505
with:0.007017928521474568
way:0.006929491278186173
much:0.006988787478239725
compound:0.017129675086022023
into:0.007163215611929546
loose:0.020872510356947045
members:0.014752969234018462
themselves:0.01294580086529127
my:0.003800857045321205
paranoid:0.04257049460377594
to:0.004410237312290659
building:0.015201870275354606
look:0.009484673297103643
engaged:0.021463054352171305
die:0.015071017485729397
that:0.008325711010427443
think:0.005758992110114221
weapons:0.015998223941958694
like:0.004658556254034693
afternoon:0.02226573713401991
talking:0.013038764721449074
nt:0.008568942620669262
re:0.0029915240222253645
cs:0.040925700670469536
had:0.006137633942728541
this:0.01049964876742838
bus:0.016188170607022646
he:0.03816319698048565
big:0.01110312221547023
starting:0.015686087931508868
on:0.00202803530095716
you:0.006669587872904662
children:0.026819014944148206
serious:0.014387974548157881
society:0.01486492487362739
detected:0.02372430958837155
them:0.005863436686128964
inside:0.015016222108296748
more:0.005085676103282904
a:0.005027414853047022
was:0.02833475629124434
as:0.012801826563472295
old:0.010591652329369296
coming:0.01390651981915838
cult:0.018948619714481807
buried:0.023491233955875643
wife:0.016163928108575882
modified:0.019751302496330416
stuff:0.011693666210694488
whole:0.01196766190010916
no:0.01801193177892016
fuck:0.022674852530501582
d:0.007287376889508142
it:0.0013714217189598878
not:0.0024116400343038597
have:0.0020450024525906114
only:0.005334144953077147
grew:0.022378420641886696
minds:0.01966338686945531
struggle:0.021649134414710877
has:0.004259097895546204
absolutely:0.016009834980590536
his:0.02213314849806308
be:0.0046276900570997705
writes:0.0026450495640702493
soon:0.014387974548157881
were:0.006205213189889197
of:0.0085553857648925
helped:0.018829207861883086
even:0.006716637791064102
but:0.002661132889001641
year:0.009899042864838607
victim:0.021373162928763074
ok:0.013055396762043727
oh:0.012918864736565894
fact:0.009593068514515357
fire:0.014387974548157881
they:0.003731678498030975
bd:0.01949314841178013
up:0.010747682962819078
david:0.009985780957377977
good:0.0064800394054379965
chance:0.014380230112050417
supporters:0.020059146660874928
rodney:0.024057836024127754
one:0.00786648726220498
in:0.0028428752303118476
our:0.008919101691921574
seven:0.01927687952669903
brother:0.018534456998718446
or:0.0053944916616246825
and:0.003054379315926319
subject:0.00010678782756807318
murder:0.01711431998079336
i:0.004581568973889478
group:0.01078846373922658
power:0.010807421120682168
any:0.004093149065155229
will:0.004533221379613137
the:0.003919515651943075
do:0.0028732716756259867
thing:0.009055729740499827
less:0.01099546222638511
because:0.007058889195578056
agree:0.024132441431715515
did:0.013151288347543724
maybe:0.02118330465873859
joe:0.015917876907691746
put:0.019899674396374235
come:0.019209549395755268
fires:0.04498874157875941
koresh:0.03267358902915002
om:0.024928729959507234
just:0.0046975542538635435
during:0.011713478039209881
religion:0.014206125051850852
is:0.0010746905075626556
move:0.014147300462292069
simultaneously:0.02210244915593889
days:0.011913010498200689
time:0.006318039879614855
does:0.0048739552573501006
expected:0.016597473054873333
their:0.0060547344743268556
wanted:0.01218063995818441
nothing:0.010219424006003635
change:0.01188803643164195
almost:0.012087971721058273
underground:0.02364509907918683
article:0.0032413315212664042
ass:0.01949314841178013
little:0.009381354807593856
three:0.02334790405177978
s:0.0024817451234240735
