another:0.009163245166894953
some:0.004824532541873364
since:0.008267857947949096
out:0.009737000818846776
effects:0.017776185361002506
know:0.00509865754404257
extreme:0.020024331110565775
all:0.011827287156772205
oxygen:0.025036821357862695
hand:0.013046444030796172
wonder:0.015249453338086484
much:0.007219821775041039
c:0.01068635411334281
though:0.010270843808308594
previous:0.014352063717738868
from:0.013992929825292159
harm:0.01988703504598594
to:0.004556030281292003
bds:0.02459206654715044
janet:0.02099556391621189
been:0.006062976806700163
make:0.007273059848552495
that:0.005733960750983088
cleveland.freenet.edu:0.01769594533679961
weapons:0.01652709084913088
nt:0.01180295126813948
its:0.008544729570389133
inability:0.023824640324856667
attention:0.017539993568275448
re:0.001545208689165994
cs:0.06341792459266975
greatly:0.016127806404134717
had:0.006340530932570807
this:0.002169348918890161
these:0.00684560319462373
on:0.0062852333707349994
you:0.009186760155516064
children:0.04155839092584949
used:0.008158940117094487
more:0.005253797627358371
a:0.0034624069235861033
other:0.011399239568858768
was:0.007317860612408146
running:0.012510166993581413
given:0.011519783302401988
also:0.006130153436692424
stuff:0.012080233688733975
international:0.016385804217939646
course:0.010108065288843055
military:0.015999332903845333
are:0.0026566586016579566
results:0.015136709706068018
infants:0.025131819367055663
causes:0.017632856608986433
d:0.007528281910648907
gas:0.03279479067495043
reason:0.01104219803309309
it:0.0070837898706605775
have:0.0021126058394531112
probably:0.009864560805905821
christopher:0.019996504531304023
ve:0.007541874789369563
sufficient:0.018905959683709526
left:0.012084318940084965
earlier:0.016305564193736743
careful:0.019013856972980952
open:0.013656861895675054
suffered:0.021813025665509078
network:0.015179709380287508
heard:0.011167964295123449
be:0.004780671546590672
which:0.0053383980682542055
get:0.010862594837116714
were:0.012820688408861976
things:0.009234404661736568
if:0.008307649831777801
of:0.007231261446659702
safe:0.017160086562797407
seen:0.01071266483728245
what:0.0038034797644488894
but:0.002749104224175249
nature:0.015753781579585825
saying:0.0124651040453076
fairly:0.016215729538214405
breath:0.023553577174088847
they:0.0077100795413863115
waco:0.03210475792967976
paranoia:0.04737377304419605
rest:0.01349847451848268
in:0.004405281865152657
point:0.009097256038264714
or:0.002786410982244154
total:0.015128163205803312
use:0.03435494892039975
and:0.0015776752664908673
for:0.0013444167888928677
subject:0.00011031800368602602
i:0.003944188166227168
draft:0.020404238116043815
diseases:0.023177660735222205
away:0.011442080935221779
paid:0.017090868337901476
mention:0.015597829811061665
any:0.004228459778052923
chamber:0.025752820206102516
pretty:0.011892644863304243
will:0.009366159875233756
the:0.005917895532971904
do:0.008904767589749958
see:0.007311511410789984
when:0.005403613400180727
agreement:0.020404238116043815
would:0.015415696629824399
can:0.003572586745610386
radio:0.014823761821353993
did:0.0067930208406734105
claim:0.013492723325619778
just:0.004852845303578041
people:0.006220136942450899
army:0.01844298780570485
about:0.004070314794718478
is:0.005551087332451733
issue:0.012939504163077906
type:0.013390547563354118
told:0.012810825482351778
chemical:0.020528525121156535
too:0.00806825565233263
dave:0.014488738311465257
show:0.012438300288160465
although:0.013056774614689083
article:0.00334848297651488
full:0.012767200346790302
reno:0.02136475854569887
close:0.02871829104273174
checked:0.0185982072337034
by:0.0040927085736246534
says:0.010582755142262678
quantity:0.023967145184654887
bernard:0.02404028393299952
doubt:0.014380464045374247
news:0.012681307918030656
banned:0.04647597270532997
