out:0.011781770990804599
there:0.01835557971154295
help:0.02140092720041797
all:0.009540678306462913
access:0.03352376868018526
consideration:0.05014786665218732
someone:0.0220345811466302
from:0.016931445088603513
my:0.009502142613303012
control:0.030496342699410237
database:0.05063976909409504
me:0.010835886804045448
need:0.019212019914972362
description:0.04375040261385902
michael:0.03004695201673689
this:0.00524982438371419
617:0.052083714142913975
two:0.018647894326533115
game:0.029720091079104876
on:0.0050700882523928995
great:0.02521250688732677
them:0.01465859171532241
bill:0.06191027751383435
m:0.013688147121160722
a:0.0027930082516927903
was:0.008854611341013856
incorporated:0.058177487117858834
40:0.038245071880247984
wife:0.0404098202714397
not:0.006029100085759649
courses:0.05911274769796707
have:0.005112506131476529
safety:0.041326733851461635
b:0.030609083465142416
has:0.01064774473886551
list:0.05823257193843159
if:0.013403008395268185
of:0.003888811711314773
what:0.009204421029966312
street:0.039880284803186054
latest:0.041663466002527516
please:0.01915415356905255
they:0.009329196245077437
in:0.0017767970189449048
compiled:0.05278752211053197
stories:0.04628164644912047
p.s:0.04534832705119828
and:0.005726961217361847
subject:0.000266969568920183
p:0.0336612803963135
i:0.009544935362269746
house:0.034378719444901916
hunter:0.05782657391974614
the:0.0037687650499452652
can:0.008645659924377134
law:0.03006841125243966
senate:0.10397419006759322
road:0.0361065238597051
gather:0.05699965676129501
fight:0.04259604093739334
thought:0.026845864051917127
nra:0.05310500909367777
places:0.03814821882290335
fish:0.05499294980667349
requests:0.052479805523864435
ma:0.16044871700950064
is:0.002686726268906639
2:0.01948409552095409
1:0.019585238919247086
update:0.043418421919763056
under:0.04854646854211279
e-mail:0.027496957766522667
enforcement:0.04520090423382625
takes:0.03575899853979671
laboratories:0.05653445660494607
bills:0.11276815566260133
mike:0.03195412028957704
