some:0.00997894765071243
out:0.010069889735730427
there:0.015688529667985427
means:0.024227309576399597
consideration:0.04286142448904899
further:0.030323370949413564
floor:0.04201578390909255
service:0.03113325836306276
scheduled:0.04372403917785207
my:0.016242978826158997
daryl:0.21126628226979102
to:0.0023558960001552665
tracking:0.04972434796398192
concealed:0.050194944350161634
100:0.028876171784880954
normally:0.03637480123180157
calls:0.03425888602955921
that:0.008894990395755815
like:0.00995418002998866
nt:0.006103235484807167
me:0.018522883425718714
re:0.003196072673317697
phone:0.025105530993244182
telling:0.03670106254381037
voting:0.0495730695272349
roll:0.046057718856987395
two:0.015938371219259072
state:0.022715499033680482
support:0.023409882987465866
bill:0.05291476710584133
m:0.023398542087454226
why:0.015211304103880397
sure:0.03729989778049921
a:0.0035807798098625512
vote:0.03893019975920084
let:0.019702031989340386
also:0.01267946266392792
express:0.03979243245025879
are:0.010989938147029497
those:0.015862526959722737
legislative:0.053266517007494095
it:0.002930388288375829
not:0.010306153992751537
texas:0.06783196019947013
offices:0.0489933892166472
between:0.01985355423971287
second:0.02350167330472023
found:0.022859149617581176
writes:0.005651815307842414
of:0.001661885346715715
what:0.015734053042677457
but:0.005686181386755643
reading:0.0280882226184871
well:0.01438348641156705
called:0.045850504202679214
in:0.003037259861444282
hb:0.12196667010972348
additional:0.03653637520307638
required:0.03198958504701683
rep:0.04700252120228504
and:0.004894838647317819
still:0.01745050497632092
for:0.005561519024138017
subject:0.00022817911873519915
i:0.009789677294635637
person:0.023976020846785052
information:0.020844626363109103
informed:0.04364873465065417
actually:0.020891573735906707
the:0.0019327000256129563
do:0.00613946939236322
quote:0.03448681976530418
got:0.01890729762077414
myself:0.0284858295897255
just:0.03011252726835605
is:0.004592694476763486
today:0.04853207291962997
carry:0.033268870512250484
article:0.006925922053988043
three:0.024944341935662164
s:0.01060574839070117
