out:0.03184262429947189
floor:0.1328607220909143
service:0.09844841158049576
scheduled:0.1382625022650998
daryl:0.501043682950653
tracking:0.15723645166988875
concealed:0.15872455375591651
calls:0.10833215312049804
that:0.009375800687418293
phone:0.0793877601678262
voting:0.1567580847212563
roll:0.14564197584506824
bill:0.08366253718085723
a:0.0037743354752605273
vote:0.1231036046439594
let:0.06230102007440067
those:0.05015988254831244
legislative:0.1684373645912651
texas:0.2144956579280542
found:0.07228433797991886
called:0.0724933647528847
in:0.0048021541052565
hb:0.3856783892658823
and:0.005159424520145809
for:0.008793212511137136
subject:0.000721539375459954
i:0.005159424520145809
just:0.03174023144502395
is:0.014522844696792644
today:0.1534662846377488
carry:0.10520156351171099
