report:0.01757281584942016
looks:0.01584771052950875
combat:0.0273670128231329
cat:0.023444337543562514
vehicles:0.023143117203992786
batf/fbi:0.02661461037175431
tank:0.021477285719649245
hours:0.018130436928475102
all:0.004416980697436533
media:0.01829377866062621
discussing:0.02252947527824286
saw:0.015728613810812288
with:0.0027075341518034597
armored:0.02755222270560373
boys:0.025112313864464976
c:0.011972674515874814
setting:0.03983182275335746
previous:0.01607962694302225
from:0.007838631985464589
unusual:0.0232166049315682
my:0.004399140098751394
to:0.0019141655001261538
bds:0.02755222270560373
line:0.013073165503731428
everyone:0.014155151655153256
next:0.012399907517357292
been:0.006792779570469626
knock:0.025225237258558304
make:0.008148520756248627
that:0.009636239595402133
quite:0.012297219361617599
cleveland.freenet.edu:0.019826012831044005
infrared:0.030486129002312734
weapons:0.018516462895785523
like:0.005391847516243857
through:0.010969737472337161
suppose:0.017843236044588748
generally:0.017901618024181012
re:0.001731206031380419
flat:0.022860303815197238
cs:0.02368385455466987
anyone:0.007744975692784218
this:0.004860948503439064
getting:0.012556488760299472
criminals:0.021580170612171056
merely:0.01889374546176322
these:0.015339221973138356
on:0.0023472630798115272
set:0.012265808259842227
garden:0.0273670128231329
you:0.012865717347424116
am:0.007566372021765581
fed:0.02661461037175431
convention:0.02661461037175431
sure:0.020204111297770402
a:0.0032326484394592475
how:0.00608964350569039
was:0.004099357102321229
as:0.01111269666968081
operation:0.019934102479178224
military:0.03585035706232009
third:0.01691104165124021
far:0.011524898482043525
tear:0.04592868962902464
d:0.008434463992486275
religious:0.016997221319954247
yeah:0.018306585389759964
gas:0.055113467662069475
it:0.006349174624814295
thermal:0.05220747947342654
have:0.007100702960384067
being:0.01801670305486248
christopher:0.02240349118784988
ve:0.008449693051052936
murders:0.025056868535544993
expect:0.016001023533140684
able:0.012210487157919763
after:0.0089315448503007
heard:0.01251225629361053
be:0.005356122751272882
which:0.005980983020914434
were:0.007181959710519903
if:0.003102548239645413
whatever:0.015300743420154457
seen:0.012002152271399781
what:0.004261306032391811
but:0.003080014917825973
sense:0.015214453918347177
variety:0.0216324833679763
fire:0.016652748319627177
groups:0.017036044437437
bd:0.02256151436548626
find:0.009798364526265695
who:0.005986355899230779
witness:0.023329071100869334
waco:0.017984609766163197
now:0.007647751842028908
one:0.0045523653137760295
paranoia:0.026538085825683896
in:0.0032903648498979715
confirm:0.026035151376596878
tactics:0.025056868535544993
battle:0.022280844820039804
morris:0.022758549617425128
and:0.004418951556606363
for:0.0015062447357040462
subject:0.00012359702264823285
idiots:0.027458691653207808
i:0.003535161245285091
branch:0.021110632748995575
person:0.012987011292008568
away:0.012819368455202177
cameras:0.026315820922043334
actually:0.011316269106949465
pretty:0.013324166930183456
will:0.005246784004181872
the:0.006281275083242108
do:0.0033255459208634103
when:0.012108096692997554
would:0.012953467307005223
operating:0.021278131159076605
maybe:0.012258856862695944
fires:0.052070302753193756
fbi:0.03532242483602162
during:0.013557266249085511
excuse:0.020495370371836172
about:0.009120520188165476
claimed:0.03940603466778503
is:0.006219273770617219
today:0.013144103082399782
viewer:0.024841498092790862
hardware:0.0164337089059007
time:0.007312546156961637
study:0.017154506242753696
lot:0.011474784204932365
their:0.007007794530470898
build:0.017276078995455343
six:0.019617121926967754
almost:0.013990708010484111
article:0.0037515411125768564
says:0.011856605298275777
strange:0.020353532550253347
s:0.005744780378296466
