believe:0.029360430815274872
correct:0.0442191545970466
help:0.028920171892456718
1992:0.053323601822760705
to:0.0037248625948400837
appreciate:0.051881261289385056
think:0.019456054426061558
control:0.04121127391812194
could:0.020393366963865643
me:0.014643090275737092
happened:0.04557163376673556
so:0.013808251316012434
anyone:0.022606956076235016
this:0.014188714550578893
two:0.050399714396035446
these:0.022386972609445173
on:0.013702941222683512
state:0.03591504576946779
bill:0.12549380577128585
a:0.0037743354752605273
was:0.023931382002740153
also:0.02004725853621036
month:0.05370004715388187
d:0.024619516518608588
it:0.013899544448917783
25:0.0496984128147245
if:0.009056086753559586
of:0.00525515096123618
congress:0.0590086060890476
what:0.024876813594503548
but:0.008990313814194734
year:0.03344271238121151
one:0.013287985240211115
in:0.0048021541052565
gun:0.09894636475147031
subject:0.000360769687729977
i:0.007739136780218714
any:0.013828206301200099
limits:0.06682784598067731
actually:0.033031271987852495
the:0.004074340594535422
when:0.017671276254645082
did:0.022215014100580615
just:0.015870115722511974
brady:0.08536134970141719
bush:0.06314346496598489
is:0.003630711174198161
number:0.03381438984321295
throughout:0.06254276547178443
questions:0.08173449560123006
virginia:0.06594940232785305
passed:0.058400533576470084
give:0.031935625288594685
news:0.04147130427247863
