at:0.009082113530458052
mess:0.052648473753881826
all:0.009835750831405064
happen:0.034862187898632116
much:0.01801233886144259
into:0.01846189590703491
to:0.0085249432582938
remember:0.057373691474664576
justice:0.04438934160311852
really:0.020117481888566244
talking:0.03360506371507493
re:0.003855056729671861
happened:0.03476598864678795
so:0.01053412986994763
federal:0.04073666175974496
on:0.00522689510555969
you:0.00572988648874971
kenneth:0.05067883213777142
tell:0.02484561910950982
a:0.0028793899501987526
want:0.019511319254764757
as:0.008248599589866169
truth:0.03706244874239798
demand:0.04883664874866445
fox:0.058440341573457684
are:0.0066279523876415
proper:0.042335341289091145
d:0.018781899199763252
it:0.0070691841183499375
not:0.006215567098721287
ken:0.04253683197025578
chooses:0.060544417412050626
leadership:0.05442012588714636
anybody:0.03133603242178036
writes:0.0068171380517274465
showing:0.04426829193428673
of:0.002004542119234419
what:0.028467281535978287
investigation:0.10258898870238041
who:0.013330442002410807
waco:0.0800964063812629
in:0.003663499008133824
government:0.027748607614601004
and:0.0039360558194926785
for:0.003354111988784268
subject:0.00027522635971152884
i:0.0019680279097463393
house:0.07088395761835446
actually:0.025199114712382314
the:0.006993584628764409
thank:0.0374277763584486
got:0.022805709501346125
did:0.016947536530339848
joe:0.041025455947659134
wants:0.036294176933956174
jim:0.03491062625720484
address:0.06583136812234248
about:0.010154805982699706
is:0.00553964179156008
write:0.0335481847936857
new:0.01777319139055203
attorney:0.053110850724658654
does:0.012561740353995104
man:0.029876797307166997
congressional:0.06156597310941383
matter:0.03114333001959322
him:0.0494126866672847
article:0.008353947219758772
by:0.010210674998115114
s:0.012792500636206563
