seemed:0.02511358866865294
behind:0.041996933345222594
all:0.0056789751824184
knows:0.02079738935203116
happen:0.020128763250995923
case:0.014711970876825926
ah:0.028019654556373636
with:0.0034811153380330194
missing:0.0257002825201741
funny:0.026790274705691796
though:0.01479490596196833
someone:0.013115822111089403
post:0.015372486931137979
my:0.016968111809469666
uicvm.uic.edu:0.03228726068288354
to:0.0032814265716448352
everyone:0.018199480699482757
look:0.01411409716830899
social:0.051688597523527446
us:0.024522337930773762
next:0.015942738236602232
that:0.004129816969458057
quite:0.015810710607794057
like:0.006932375378027816
me:0.0064499326214556224
re:0.004451672652121078
workers:0.03281170870377799
mean:0.01573465510017774
th:0.03462945661777311
he:0.01893015723238375
best:0.014495095714056154
certain:0.01962092257000303
on:0.006035819348086785
you:0.006616654635818117
american:0.01920854296064414
am:0.01945638519882578
card:0.018219692538775246
a:0.0016625049117218987
how:0.007829541650173358
sister:0.03473670962671763
ridiculous:0.029708750825008422
part:0.02915740610015806
accuracy:0.0288044886700927
jason:0.054284484211702906
explanation:0.02745233205753837
worst:0.025653041153532813
express:0.027712586885001656
freeman:0.19163441385867236
those:0.011047116989806904
kratz:0.03648528771319479
it:0.008163224517618379
deleted:0.02091297319641867
have:0.0030431584115931717
being:0.023164332499108906
only:0.007937715703983848
picked:0.028417834525600007
date:0.021296423748710255
kind:0.016401944624780118
after:0.011483414807529471
facts:0.02410765948891005
quit:0.029945928852075088
his:0.010978744294674147
be:0.006886443537350849
were:0.009233948199239875
things:0.013301940048453866
of:0.005786922189456507
keeping:0.024881785252292184
u28037:0.07326453510008447
andy:0.08003228994306442
what:0.005478822041646614
lines:0.02103084597794355
seems:0.01402670886536356
who:0.015393486598022003
up:0.02399036375629258
now:0.00983282379689431
one:0.005853041117712038
in:0.002115234546362982
gun:0.021791758903597625
point:0.02620876144357215
and:0.004545207315366545
for:0.0019366003744766308
subject:0.0003178209153811702
i:0.003408905486524909
top:0.020128763250995923
actually:0.029098977703584338
the:0.002691975035675189
thing:0.013475788304315216
see:0.021064116207275906
when:0.007783776445498427
can:0.010292452290925158
thinks:0.02696365728261456
an:0.005344631777153194
just:0.006990408115868368
here:0.021433344114564237
many:0.011030958497488651
about:0.005863191549534949
e:0.01851720057174897
is:0.007996209133650711
ignored:0.030556965483385108
else:0.015039001341297957
experience:0.01971561175473302
guess:0.01783426942223603
gang:0.033473766055624556
article:0.004823410001884529
very:0.0103764434034729
before:0.012655918257277644
by:0.0058954492548640835
says:0.015244206812068856
while:0.01291870539213406
s:0.0036930731003334424
