libertarian:0.08748806120523282
there:0.05921154745659016
800:0.07741411750970623
nowhere:0.08324143831285183
post:0.04165448071663194
to:0.002222901871114243
t:0.08310558241936909
perhaps:0.046588089316774925
that:0.016785707682313394
guy:0.05461823785401402
nt:0.011517395995523202
me:0.017477236780718462
re:0.006031298431905976
so:0.01648081608685355
this:0.008467458683409984
he:0.05129461959742694
on:0.008177561697407902
more:0.020506758480979447
a:0.004504852018859339
steve:0.05172828785216752
course:0.039454061288709985
anywhere:0.06816660169120099
not:0.019448709954063382
voted:0.09442123154768965
writes:0.010665522435767134
get:0.021199580246631003
of:0.006272276953733505
sense:0.05300519429617726
net:0.05347004007900778
in:0.002865801643459524
for:0.0052475623050334515
subject:0.0004305960789035209
i:0.0030790114071837893
mention:0.060881851843176175
any:0.016504633327238828
alan:0.07097875309676192
will:0.03655823693236401
the:0.003647191983817998
do:0.011585772885588656
can:0.01394461278125344
law:0.04849743750393493
put:0.04012031128301257
makes:0.045048030358902806
is:0.01300028839793535
blame:0.07221168366934162
cup.portal.com:0.17383074536346854
