involving:0.028213367048521076
since:0.010475505881694666
go:0.010185509171697001
out:0.006168466487332251
say:0.009934790441191327
there:0.014415376736813833
tavares:0.026972526284250734
scenario:0.02959919193976234
hand:0.01653004950498782
with:0.0030619234386887297
c:0.013539778510099267
decision:0.022014375566425586
turn:0.01791349808751055
wrote:0.013484685731376237
atf:0.023295669404024458
single:0.017023176285405107
to:0.0014431404817705036
remember:0.014568712233095457
recall:0.020475681754309017
day:0.013315722700329173
enough:0.0127337619211382
perhaps:0.015122835275602332
been:0.007681886844091305
that:0.0090812729171329
happens:0.039121230521243756
re:0.003915607358933723
transfer.stratus.com:0.03045941733919311
so:0.010699587407171939
he:0.0749277427627336
on:0.002654496467221413
you:0.014549711764626227
why:0.01863583853564405
more:0.006656644114244639
a:0.0029246159703589427
how:0.020660151788939124
was:0.02781553300842049
old:0.013863419279279185
shit:0.05046303541020688
said:0.0458953890819567
handling:0.02526607626024141
course:0.012807077486387534
responsible:0.040951363508618034
foreign:0.023108663735950746
hey:0.02017873814466581
plan:0.020447980091301606
d:0.009538451426057777
religious:0.019221988508429936
action:0.01927692712474323
it:0.0071802184238737585
not:0.003156596903539083
have:0.0026767047808777637
ve:0.009555673816897562
between:0.012161601288201077
sw.stratus.com:0.02625542756659022
feel:0.031898185175352645
his:0.009656696552383543
list:0.015244128779694135
loop:0.02687733089638062
apples:0.032920169324772874
of:0.007126094758953772
meetings:0.03126648896132535
what:0.01445720580622981
but:0.006966316463355082
sense:0.03441174917657582
oh:0.016909508817494628
policy:0.02008768190010105
one:0.005148224648039909
in:0.005581561316057292
compare:0.02256393148582991
yes:0.013962543824627692
and:0.003997878685767433
subject:0.00013977464341370836
leaders:0.023154792687166217
i:0.0009994696714418583
fanatics:0.030747688423921
branch:0.02387380457478034
group:0.014121025836684007
we:0.007056250815256388
socialist:0.030553755064338023
reagan:0.03036674939626431
review:0.022626384736433438
than:0.007490059069211839
cdt:0.026469155286591557
the:0.004340985921402923
do:0.0037608268005575743
when:0.01369292610307577
responsibility:0.022710831762244345
century:0.023391738192863182
rock:0.02551459216201588
did:0.017213728203591263
joe:0.020834917418444693
an:0.0047010373746687786
people:0.007881011204571296
about:0.015471458329662903
bush:0.024463960248601473
is:0.0028133259360278943
clinton:0.019189299939635772
assuming:0.020775757443293207
executive:0.028399265940965628
right:0.020312812500421985
time:0.008269685706302167
man:0.015173033187409419
every:0.0382012857634146
under:0.012708499618354133
gang:0.029442893703376577
supposed:0.019103115243017596
article:0.004242580525217807
little:0.012279260219363687
difference:0.016791381397038674
north:0.021016517198486
s:0.009745072474178298
