school:0.02490770188901442
say:0.012996883385394132
there:0.0062861574354599135
all:0.013069422337620427
transportation:0.0413454651558268
hand:0.021624927777073106
your:0.008629672754666182
from:0.017395320296510457
my:0.00650831685842672
to:0.0047198601372973655
fantasy:0.039607242410785025
schools:0.03371999641570485
look:0.016240878933396645
then:0.010930687327231528
lived:0.030794471724681947
us:0.01410874237113011
prayer:0.036373293899779294
die:0.025806536790632526
bunch:0.02778221247365976
aclu:0.040488183354771966
that:0.014256354469910006
guy:0.023194046211978556
produce:0.028873145813906823
like:0.007976979887045706
need:0.01315891774998107
re:0.005122472640796856
this:0.0035957701258316366
he:0.010891323339179693
blow:0.03337867878729474
on:0.0034726631865704786
you:0.015227369572841693
amateur:0.03252979590215254
a:0.0038260387009490275
hard:0.01852214659298294
other:0.009447314985150073
as:0.005480233974089167
copy:0.046802903357032084
stuff:0.020023401045709738
marry:0.04149938882604638
anthony:0.03683008413607157
hands:0.027434040790103375
quoted:0.030601520512581283
no:0.007710587234126779
those:0.01271175105676411
fighting:0.031232168998514002
ban:0.036227558293975975
proof:0.028678825970556026
christopher:0.033144891072435435
45:0.0308930247209292
public:0.0202996205346616
nonsense:0.03601460906746891
anybody:0.020819144828169142
guns:0.027636698031099926
if:0.009180142736485057
of:0.0066589241632102275
excellent:0.026678530228358813
york:0.025775117859078375
using:0.015098771086609045
they:0.00638986044183386
up:0.009201783358577976
now:0.011314482177248248
in:0.004867937038205219
ours:0.03766640397717362
francisco:0.03418541190822887
or:0.004618571628103324
world:0.017268840333785458
better:0.01531654706370824
and:0.001307525392091746
few:0.01565498288291977
subject:0.000182855869123413
i:0.003922576176275238
firearms:0.03252979590215254
unfortunately:0.025218445759081894
than:0.019597277838622754
the:0.0046464226643160795
when:0.008956674266052985
regularly:0.034026733419999185
can:0.005921684879710365
claim:0.044729301983561454
auto:0.032363743767837516
wants:0.024113254538313346
an:0.006149987250422854
microsoft.com:0.07644411678739339
lawyers:0.03803178740666193
is:0.005520670415561587
either:0.017147689774749026
living:0.025232911054993836
new:0.011808216197832512
eliminate:0.036909267851147426
life:0.019112187351292532
their:0.010367696017682972
build:0.025559130568618867
wanted:0.020857260202370564
superior:0.0345142421766286
first:0.012859964584870143
jewish:0.026195254712498617
full:0.021162071807693514
by:0.006783804622035384
built:0.025291079685443515
everything:0.021162071807693514
s:0.012748690702520923
