some:0.015619222409810757
read:0.015163900079584762
believe:0.029065844552914253
there:0.012277979740162507
search:0.014271409028009083
all:0.006381724619707633
tried:0.01036074934125977
essential:0.03392920252879845
access:0.011211962769292727
hand:0.010559329282450413
from:0.0028313453325423932
work:0.006772817605318742
wrote:0.00861396312606308
posters:0.018264460762030605
post:0.008637383961308295
hitler:0.017079939645908152
avoided:0.019282819259582987
name:0.01847647161090469
to:0.006453106435207903
everyone:0.010225795175629108
spoken:0.019282819259582987
most:0.012418698755632361
owners:0.014440292519696484
make:0.017659670401502046
that:0.008121512970037917
think:0.004815210794409884
weapons:0.013376441423042385
like:0.007790227849556342
really:0.006526407167862628
nt:0.009552890324046
could:0.0050471878104550415
batf:0.01525049054776938
ifi.uio.no:0.019972907664257997
so:0.006834853494213512
this:0.003511588216531231
mean:0.008840876444247026
child:0.013262089032579912
30:0.01144851329222037
criminals:0.015589688468993137
on:0.0016956816897635114
you:0.01301201647445168
society:0.024857733902386943
them:0.0049025390352248855
more:0.0042522375445509224
a:0.004203524124621256
how:0.004399207348592389
other:0.009226140386835523
was:0.0029614084752554704
norway:0.03856563851916597
said:0.0073294475875031176
harder:0.016369031813186836
hands:0.013395886138311346
are:0.0043004105792724115
individuals:0.014271409028009083
it:0.004586694712240428
not:0.004032842866728862
should:0.01648306497224227
ban:0.035379421477729045
have:0.010259209628380995
only:0.004459987418960825
ve:0.0061041260837037935
argue:0.014246167537589746
goverment:0.020935055063762285
against:0.008639735090828918
postings:0.03081376882736511
after:0.012904439382374256
b:0.010237151660582748
has:0.00356111864176104
mixed:0.018711054048400247
without:0.007515754129774231
be:0.005803959101713759
guns:0.06747421258429079
get:0.013187698748740357
were:0.005188305342716719
making:0.01028296719355319
if:0.008965223006868351
of:0.0019509088852749698
america:0.026339388324190385
germany:0.014062694759823701
freedom:0.01333788789404216
reasons:0.012162289216709383
what:0.006156803364525961
parts:0.012202993349218597
reading:0.021982087266642077
europeans:0.019010760264753714
instance:0.014296842470769015
never:0.007371034216929299
seems:0.01576245544736507
fire:0.012030079053643714
please:0.006406071427776772
who:0.008649183105243131
waco:0.025984452906295995
now:0.005524797317318543
one:0.006577330486793462
in:0.004753971957043223
gun:0.024488397965246832
thomas:0.02464217400688361
point:0.00736299652595338
or:0.00902088906626201
rather:0.008606968738839007
cross:0.01531909770440183
and:0.004469200504072791
still:0.006828458468995141
for:0.006528739723988107
subject:8.928748124420834e-05
car:0.010229576387569864
i:0.004469200504072791
we:0.013522514104153545
warrant:0.015743484834350403
pay:0.011146628969892585
persons:0.016229658246629756
corrupt:0.019398157641091915
the:0.0032771869999524044
wrong:0.008840876444247026
do:0.01201200533288456
see:0.005917678131809954
would:0.006238459171266729
can:0.0028915250583201116
did:0.005498030245628647
americans:0.01432247080771072
cars:0.02556573279713382
just:0.003927720948046441
newsgroup:0.025713470505514043
people:0.005034358328003737
many:0.012395993495505641
about:0.006588736992119542
is:0.004492853292486018
number:0.008368778757183138
move:0.011828846540377984
discussion:0.011497899479900306
ruled:0.01848030865881178
new:0.011531769664772889
does:0.004075213425878011
2:0.006516419906673608
their:0.00506248701866794
history:0.011107048843982878
1:0.0065502471301829715
first:0.012558895179873185
abuse:0.016229658246629756
change:0.009939829792342767
little:0.007843942146817606
give:0.007903800238648851
by:0.0033124932268132645
incident:0.016074072910058204
especially:0.01045249400500783
reduce:0.01525049054776938
s:0.002075037728615446
banned:0.018808002332257278
