some:0.020848872770238464
violations:0.09940061220544602
all:0.034073851094510395
unusual:0.08954976187890591
amendment:0.0816089436420944
day:0.04541612563862271
next:0.0478282147098067
civil:0.07452177642036631
that:0.006194725454187085
happens:0.0667156699067639
re:0.006677508978181616
had:0.027400151530038126
this:0.009374686399489624
on:0.009053729022130176
you:0.009924981953727175
material:0.0754053488714979
a:0.0024937573675828484
hearing:0.08097915544856836
as:0.014287752861018185
d:0.06506586508489412
not:0.01076625015314223
have:0.009129475234779515
being:0.03474649874866336
rights:0.062021418208800104
punishment:0.0847006066910149
escaped:0.09407838257174375
suffered:0.09426343234023565
heard:0.048261559989640615
without:0.08025751731437482
were:0.11080737839087851
they:0.01665927900906685
who:0.023090229897033004
point:0.03931314216535822
and:0.003408905486524909
subject:0.0004767313730717553
i:0.003408905486524909
any:0.018272986898014414
yet:0.04696551326225292
the:0.004037962553512783
when:0.023351329336495284
time:0.028205535176852026
1:0.034973640927226934
dave:0.06261204770311772
davidians:0.0864134660102781
cruel:0.10740105367914174
luck:0.07362122546274323
bernard:0.10388836985331934
doubt:0.062144148196081564
