24:0.03981612770509196
out:0.03841881844827586
recorded:0.05895934559483081
there:0.009975858538882037
tank:0.10084986337922254
cnn:0.11301542398651436
someone:0.023950631681119782
weather:0.056718778143877845
building:0.0413094300960723
ten:0.04376075263649814
might:0.02312049060737441
thirty:0.0658577257456823
perhaps:0.03139632106130484
been:0.015948265078493905
that:0.007541404900749496
really:0.02121082329555354
through:0.02575503580461768
exactly:0.03496068101382618
michael:0.032659730452974885
so:0.011106636928096957
carefully:0.05054503860468285
something:0.04327524602529397
starting:0.04262523894431758
went:0.03546153549169656
m:0.014878420783870349
seconds:0.05030613744469616
a:0.006071757068897369
pulling:0.058573403328994834
nine:0.05486206366222056
smoke:0.055134954109297474
minutes:0.04331703530475624
starts:0.048613721460797496
across:0.04194743610688959
no:0.012236366697635975
it:0.011180068361086043
have:0.0055570718820397045
interesting:0.03552200610784144
area:0.034874641789775514
second:0.029887997572307243
shows:0.04200233301760773
found:0.029070875057141274
of:0.008453938502858202
fire:0.039097756924342066
bd:0.05297051198853296
now:0.017955591281285262
or:0.007329472366337884
and:0.01037492974159755
for:0.0035364006838268913
subject:0.00029018431404367716
balloon:0.07389758657388706
i:0.00414997189663902
tape:0.04510182895346014
house:0.03736817330967599
later:0.03473273944519243
the:0.004096483749940505
would:0.010137496153308435
maybe:0.02878166393850352
friend:0.03775216760535659
during:0.03183010336741816
about:0.010706697612194256
govt:0.05304625839414266
is:0.005840709280231824
today:0.030860068106503834
1:0.021288303173094658
very:0.018948287954167906
check:0.03597077787595314
s:0.006743872618000199
news:0.0333573534365589
