out:0.030209669207191276
dan:0.10189239716377585
story:0.09218096225673343
ever:0.06778005273922719
atf:0.11408904759406849
to:0.0035338440002328996
ap:0.14496014514088734
been:0.03762154839029331
nt:0.036619412908843
could:0.07739021309364397
re:0.01917643603990618
so:0.026200271727818462
had:0.03934380732518295
you:0.02850251227737035
inside:0.09625783402754325
burns:0.11853191224212072
quick:0.10408398000490501
was:0.02270413164362527
no:0.02886527528673102
tear:0.12718714051114516
have:0.013108990080709046
probably:0.06121086448792842
keith:0.10103761715691453
boi.hp.com:0.1578005371386435
be:0.014832339926601828
writes:0.01695544592352724
if:0.017183344096497674
they:0.04784203202603814
waco:0.09960706947413464
subject:0.0006845373562055973
would:0.023914093489855796
come:0.061569068576138676
dear:0.24646911795422582
