go:0.013945750908918475
acting:0.018498097402855962
cat:0.018150454872435495
fast:0.012479562455010888
say:0.006801236466908758
ideas:0.03867735093590829
there:0.006579060828510018
licenses:0.0432719563638044
means:0.010159839499780476
where:0.01986512686272862
with:0.002096155472363969
lawyer:0.019034053438594184
floor:0.017619522284458164
such:0.01378506955890895
from:0.0030343091556637117
violent:0.01729684790575666
tm:0.016473391865091565
my:0.006811571765808612
to:0.0064217165165522585
amendment:0.016380289763287766
then:0.011440002507353428
most:0.006654464028555691
mom:0.021404657317609828
grade:0.019853173151673342
trust:0.014872287683578256
enough:0.008717378232750523
perhaps:0.010352908737061094
that:0.00373015726273631
weapons:0.014335326112866214
could:0.016226980164796317
asking:0.012851013672539047
need:0.03443014321679635
re:0.0013402885404235503
tobacco:0.021969635612246328
so:0.0036624035748563442
this:0.005644972455606656
implied:0.019191627357666285
these:0.005937763344440654
certain:0.011814749074410427
on:0.005451707798271935
you:0.0019921110731495406
used:0.00707693013740812
narrow:0.019664485934879718
went:0.011693409552817505
am:0.005857836403947547
them:0.005253975525205164
support:0.009817047704421168
raid:0.018957790361722196
why:0.012757867958093236
a:0.006006469358479119
how:0.0047145627140828825
other:0.00988751245757642
nor:0.012381860204212914
basis:0.0133591694517491
was:0.0031736958211519197
as:0.002867792688949887
pissed:0.019853173151673342
definitions:0.019232127555709053
related:0.013814118228068708
jail:0.03942146939546487
gold:0.01853143931203988
are:0.006913025608615329
no:0.004034930954059175
flag:0.019853173151673342
gas:0.0568913214576201
it:0.0036866175240857202
not:0.008643871090694836
should:0.011776431127121718
ban:0.018957790361722196
deadly:0.020916728377378357
analysis:0.015432853532267013
have:0.0018324394736475014
try:0.008732579470764848
only:0.004779699778742963
45:0.01616624232708123
stated:0.01391431922185577
chemicals:0.0216359781819022
second:0.009855540418108481
ira:0.019951377360232895
without:0.008054517866675609
be:0.012440027035214438
which:0.0046304384678047235
explosive:0.022058139600025436
writes:0.002370116096837141
certainly:0.01102421963174065
were:0.01112045374532114
if:0.009607891322772892
of:0.00278767864610378
even:0.006018492644322673
breaking:0.018120461146017876
available:0.009681232357757096
what:0.009897226913942271
but:0.004769055356633765
powerful:0.016492306048248712
nerve:0.021716526052339685
killing:0.014505529217762226
well:0.006031784624205537
must:0.008306309775912176
they:0.010031393811911224
now:0.005920840135764317
good:0.011612973844870962
one:0.003524411855826604
in:0.001273689619315344
become:0.011871766217903756
or:0.002416886945172349
rather:0.009223955745207395
douglas:0.01616624232708123
use:0.017879349760724174
and:0.0034211237857597657
pop:0.0189202588209792
for:0.004664499826696401
subject:9.568801753411576e-05
i:0.010263371357279297
license:0.1006089124429574
research:0.011065704231314614
will:0.004062026325818224
the:0.0024314613225453322
do:0.005149232393594958
devices:0.015213901231264008
would:0.006685660545551083
can:0.006197605680557085
law:0.010777208334207764
mr:0.012103783793130514
an:0.003218272898070741
reaction:0.01691446746637195
pure:0.018090716333061977
about:0.017652619719029955
lab:0.015446992522557393
is:0.004814921628864944
right:0.006952951949069174
spot:0.01729684790575666
type:0.011614740180400346
drawn:0.01800293489934049
lot:0.008883703900592798
1:0.007019798895787486
chemical:0.01780610422695298
possess:0.08753305783853282
x:0.010914551933856998
agents:0.01632556764095519
recover:0.021480117565630733
article:0.0029044189258659535
very:0.006248180974134219
purposes:0.015867383513679615
metal:0.017974145753472157
shown:0.014800600706134995
bad:0.009822942819879513
needed:0.011956353728086098
wish:0.01339095883433254
black:0.01265072529119691
defined:0.015666056375804868
banned:0.020156246227042745
