at:0.005438055632434759
traffic:0.027006421366579637
thanks:0.01230485583281582
ca:0.012694744420322968
previous:0.02143950259069633
my:0.023462080526674103
to:0.0034029608891131624
w:0.019100869475489838
important:0.01939734131464952
ten:0.024851785447887832
calls:0.024742528799126095
she:0.020463842499373348
that:0.010706932883780149
bay:0.02958792836587343
need:0.011859271552452075
re:0.0023082747085072255
oakland:0.034804986315617695
fixed:0.02799279447604832
phone:0.036263544768019365
89:0.029204398852867217
this:0.0032406323356260433
these:0.010226147982092237
pushed:0.031524086136583564
you:0.006861715918626195
numbers:0.06532856298145737
am:0.010088496029020774
pilot:0.03602325442770717
state:0.04921691457297437
bill:0.07643244137510413
a:0.0008620395838557994
air:0.023790981392784995
member:0.024635172362633077
sorry:0.01961368323912731
controller:0.025999312473454734
sb:0.17956014542549023
was:0.01093161893952328
180:0.03548614716233908
also:0.009157389701725718
california:0.024564624857548987
are:0.007937177550632413
hey:0.023790981392784995
d:0.0112459519899817
it:0.002116391541604765
ones:0.020942160372696642
ab:0.16135740387900535
have:0.003155867982392919
made:0.014355429332827168
being:0.012011135369908322
only:0.008231705174501768
per:0.02183225379983344
charge:0.025408967005764414
lady:0.0316333427853453
providing:0.028469085096706457
call:0.049202890703679766
free:0.017824122185955155
asked:0.020816672214434756
found:0.016509385834919735
fill:0.029830031533486276
if:0.004136730986193884
of:0.0036007515845507157
but:0.008213373114202595
forgot:0.02962762521976411
order:0.051931793724675775
they:0.005758763114245331
bob:0.022740771691537653
in:0.001096788283299324
41:0.030906287009688612
and:0.003535161245285091
few:0.014108811733989422
for:0.006024978942816185
subject:0.0003295920603952876
i:0.007070322490570182
we:0.008319406825394875
house:0.02122143175611229
room:0.04923491951010624
any:0.006316588063511156
will:0.006995712005575829
currently:0.04443127780070737
the:0.00279167781477427
carrier:0.03699353580747515
when:0.008072064461998369
peter:0.04545547013365378
senate:0.03209079940357815
may:0.011487811897776734
an:0.005542581102232942
nra:0.0327808698109122
here:0.011113585837181457
about:0.006080346792110318
five:0.02451223835213344
worry:0.027138043400337795
number:0.015446079311097271
today:0.01752547077653304
told:0.03827431810776703
filled:0.030809074929638365
nice:0.019504564547868877
resolution:0.02757914811627696
very:0.010760756122120045
67:0.03444704028073899
bills:0.13921994526247078
aware:0.02528948896284493
letter:0.025191660615684296
include:0.020750143662003714
s:0.0076597071710619545
