simply:0.021692505956619784
king:0.029770592233175852
at:0.006247978811733553
help:0.015177962553487922
extreme:0.034368000913169626
wonder:0.026172820622815098
with:0.008295423784248898
hell:0.024208375350935427
from:0.006004058542057982
to:0.0029323386384911294
death:0.023797279319407248
speak:0.025428601522258114
next:0.018995603005313298
that:0.0049206329848861955
think:0.010210978918642236
protection:0.029999803518673495
nt:0.0050643868916484995
its:0.02933084476644213
me:0.007685026102159891
anything:0.016462703193754636
re:0.0026520603033912803
justify:0.03377089388323808
so:0.007246883669396596
political:0.02556578565589734
this:0.007446559409523674
tell:0.017092376266825905
am:0.011591037990789827
concerned:0.028553115195445594
incorrect:0.07206987897479825
more:0.01803431242298902
a:0.003961713832188355
air:0.02733431904702957
was:0.006279866199300607
as:0.011349137024354871
enforce:0.039883636151382455
far:0.01765516363206668
are:0.009119310377322347
it:0.0024315987924820705
couple:0.02238292052946467
try:0.017279359378321934
only:0.01891540763502534
ve:0.012944210631400242
struggle:0.0383849900970051
has:0.007551592013379794
personal:0.023786492703515714
were:0.02200430209180566
things:0.015849120057732265
end:0.019178960301953967
cops:0.03451323872411672
of:0.006895056225735414
freedom:0.056567779862675256
seen:0.018386275820016687
but:0.004718320725180214
lately:0.037291722864187665
again:0.017318220837645518
seems:0.016712674392773602
double:0.031334399893898086
they:0.013232902475287144
bd:0.034562319879042784
who:0.009170587760523747
waco:0.02755089155667554
beginning:0.02872401981657368
in:0.0012601397297481594
government:0.0763578705990439
become:0.023490941665213812
point:0.015613730221702558
u.s:0.025019449652473037
or:0.004782350763851669
and:0.0013538915407474818
for:0.002307438744057262
subject:0.0001893401198015482
i:0.00812334924448489
possible:0.01827639448911051
the:0.008553225645265849
wrong:0.018747674161913905
do:0.0050944533255779904
around:0.016788613001089615
would:0.006614536497194156
can:0.00613167370523201
did:0.011658943570517484
jim:0.04803306024040949
myself:0.023637177744665838
just:0.008328996904013375
people:0.010675696028887358
about:0.006985930356892706
is:0.0038109592466760837
questions:0.02144805912940079
verdict:0.04265573763143218
first:0.013315991697808801
too:0.013847644452939692
nothing:0.018119546109935523
little:0.016633607814882725
citizens:0.02898835594988738
s:0.008800514622071182
