cite:0.056321830285300446
there:0.009868591242765026
all:0.010258793877917111
hand:0.03394881134895348
with:0.01886539925127572
ca:0.02211342576443356
into:0.019255955946047166
arguments:0.044726028335294106
atf:0.04784379415235131
then:0.017160003761030142
born:0.04621422535528464
perhaps:0.031058726211183284
make:0.03785119319031621
that:0.00746031452547262
like:0.01252300068288896
nt:0.015356527994030937
need:0.02065808593007781
re:0.0040208656212706514
you:0.02390533287779449
etc:0.024971225671593933
them:0.015761926575615495
8:0.03174721809004157
burns:0.04970693094024418
m:0.014718437764688948
sure:0.02346283892644305
a:0.006006469358479119
idea:0.02981049779850276
private:0.0381686142330597
are:0.013826051217230658
no:0.012104792862177527
not:0.0064829033180211285
pipes:0.06421397195282949
should:0.017664646690682576
admit:0.044087066824855387
components:0.05232652322688665
against:0.02777721281890158
second:0.029566621254325447
writes:0.007110348290511424
if:0.00720591849207967
of:0.002090758984577835
but:0.007153583034950648
ranch:0.05225262129906126
phil:0.04765004678135477
adobe.com:0.0572184067255053
one:0.010573235567479812
in:0.001910534428973016
stores:0.058325374136821886
and:0.0061580228143675786
subject:0.0002870640526023473
i:0.008210697085823438
pounds:0.059132204093197305
we:0.028983739907827315
water:0.044087066824855387
grenades:0.06128995350676883
the:0.0008104871075151108
nathan:0.06617441880007631
units:0.05225262129906126
can:0.018592817041671258
specific:0.03941028267172508
law:0.03233162500262329
maybe:0.02847218368110026
just:0.012627834015762215
is:0.002888952977318967
purchasing:0.06000452177935181
dividian:0.054361383438053634
hardware:0.0381686142330597
2:0.020950640345111925
survivors:0.05049038629793097
article:0.00871325677759786
metal:0.05392243726041648
aware:0.08810531638668559
citizens:0.043950088053055066
aside:0.04855079821216615
