religions:0.039456166944634725
some:0.014473597625620093
believe:0.008977982976571654
correct:0.013521559670171275
dan:0.01642067557598041
there:0.003792475147013006
know:0.00509865754404257
all:0.003942429052257401
souls:0.0234885013188486
story:0.029711219239773587
true:0.02134942803436237
knowledge:0.015275913821703041
sorenson:0.025131819367055663
own:0.009365663783256178
way:0.014317130740054078
though:0.010270843808308594
extensive:0.04380004644835562
into:0.00740001612802639
from:0.01049469736896912
gain:0.01894878111774071
unusual:0.02072225894718484
iastate.edu:0.019860114876476875
tm:0.018992050951903088
my:0.003926505212108683
to:0.0051255340664535035
engaged:0.022172576810094324
heaven:0.01799240775357168
t:0.03193726927686499
next:0.011067686048550312
been:0.006062976806700163
that:0.012901411689711947
quite:0.02195206100916861
church:0.03096922181891577
like:0.004812558113672203
me:0.004477639175225392
re:0.001545208689165994
mormons:0.021944218633751143
michael:0.012416095874684667
so:0.004222357840433554
had:0.006340530932570807
described:0.01714614985007576
contend:0.02426780367342525
this:0.006508046756670484
on:0.004190155580489999
set:0.010947994149280667
you:0.004593380077758032
used:0.008158940117094487
them:0.012114538607704471
names:0.033858654644470076
philosophy:0.020224547570838285
a:0.0017312034617930517
other:0.011399239568858768
was:0.003658930306204073
as:0.006612513720801805
truth:0.014855609619886793
rejected:0.02168587005118365
local:0.012629683685603108
also:0.006130153436692424
learn:0.015743860250918312
are:0.0026566586016579566
lie:0.018842548238772912
native:0.02185629549967146
it:0.002833515948264231
not:0.004982727343603016
have:0.0021126058394531112
made:0.009609832859165295
viking:0.023237986352664986
only:0.005510480323426804
secure:0.017664280573388164
has:0.004399894520192359
netcom.com:0.026603596485298673
his:0.007621607609525854
be:0.007171007319886008
sort:0.012964716147359629
writes:0.005464978438161672
down:0.009770105689889083
if:0.0027692166105926005
end:0.011174518192460783
of:0.004820840964439801
short:0.014309825890996974
suffer:0.020313416187453835
but:0.005498208448350498
years:0.009213948028844602
understanding:0.01658741646657366
order:0.011588086203026827
well:0.00695399962873283
they:0.011565119312079467
who:0.005343193695181192
up:0.00555148913368754
sounds:0.014721919684135694
in:0.0058737091535368754
compiled:0.021813025665509078
and:0.005521863432718035
few:0.009444741739282177
for:0.0026888335777857353
subject:0.00011031800368602602
each:0.010520699989093453
jews:0.01526707482067515
i:0.0007888376332454337
example:0.011617186544454152
everybody:0.01685086487494293
pay:0.01377207463635489
ago:0.011822998865143158
any:0.004228459778052923
addition:0.016385804217939646
research:0.012757568101391642
will:0.014049239812850634
persons:0.02005234634604255
convinced:0.019600140391309234
detailed:0.02043496116764513
the:0.004983490975134235
wrong:0.010923231639792813
do:0.002968255863249986
judge:0.018026700327186125
would:0.0038539241574560997
can:0.003572586745610386
lds:0.1311279512614577
may:0.007690188129916657
an:0.003710322886618747
just:0.004852845303578041
long:0.019671993761227975
jesus:0.014352063717738868
people:0.012440273884901798
excuse:0.018293388431060386
religion:0.014675749020507077
about:0.004070314794718478
is:0.006661304798942081
ignorance:0.03988281459261247
methods:0.018386251471771368
detail:0.01988703504598594
new:0.021371895432440665
spare:0.021066811050238773
records:0.020373741804896615
dead:0.014178851796740232
article:0.00669696595302976
convert:0.035360165249573056
condemned:0.023059588948263297
researchers:0.0232992057154135
project:0.01591585064220269
by:0.0040927085736246534
god:0.010963546412294318
s:0.0025637862845290012
