at:0.0072807025822680255
know:0.01019731508808514
posting:0.02726602113186976
all:0.007884858104514803
where:0.015268238001931916
your:0.02082532598646715
with:0.004833284105698738
such:0.0158927041608909
from:0.006996464912646079
nicholas:0.04822948113461622
dealers:0.08137387564781666
themselves:0.026747522448948905
dealer:0.03655012729957642
several:0.023292986546011543
to:0.004556030281292003
city:0.030411451227160265
hole:0.03856984024749755
value:0.03085828776658403
legal:0.03123400986639194
been:0.012125953613400325
that:0.002866980375491544
think:0.011898744029161613
kinds:0.037685096477545824
like:0.009625116227344407
really:0.016127237547032446
nt:0.00590147563406974
re:0.003090417378331988
had:0.012681061865141613
these:0.01369120638924746
recently:0.027349682351964374
pieces:0.042062067862931145
on:0.004190155580489999
you:0.004593380077758032
am:0.013506912038854261
purchased:0.039560781794815904
a:0.006924813847172207
other:0.011399239568858768
baltimore:0.043206445336196476
j:0.02524073272337903
was:0.014635721224816291
local:0.025259367371206216
fine:0.05353977814744728
popular:0.06991689745674319
cheap:0.06142530939515451
place:0.022474608407573766
it:0.002833515948264231
marcus:0.04822948113461622
hope:0.023871582955702856
referring:0.07850165622668216
netcom.com:0.026603596485298673
his:0.015243215219051708
which:0.010676796136508411
pistol:0.051964895380426604
guns:0.06669351921554693
writes:0.005464978438161672
get:0.010862594837116714
were:0.012820688408861976
of:0.004820840964439801
youth:0.04684886886467269
but:0.005498208448350498
particular:0.02802521857920502
lines:0.029199852266896833
fact:0.019820389492800326
in:0.0029368545767684377
gun:0.06051265282321325
our:0.018427896057689203
and:0.0031553505329817346
subject:0.00022063600737205204
i:0.006310701065963469
any:0.008456919556105846
favorite:0.039937728168799806
drug:0.10617567202079767
actually:0.020200943199182517
community:0.06724874143763016
source:0.025779074063634912
the:0.0031146818594588966
do:0.005936511726499972
hate:0.033272638368246524
specific:0.06058109567719723
arm:0.04137866525264095
many:0.01531571097171978
average:0.032062157511591624
questions:0.024993192869797617
matter:0.02496614059421936
exception:0.041120379769135955
incidents:0.04710715434817769
by:0.008185417147249307
s:0.010255145138116005
