22:0.0291352909108584
some:0.008164593532401078
week:0.024110760869969116
say:0.013269545274598206
all:0.006671803011512526
guilty:0.09863154222416168
case:0.0172839937573899
where:0.012919278309327006
with:0.00817940387118248
from:0.02368034278126365
violent:0.03374699696297978
scheduled:0.035774213872788056
often:0.021729513204746198
to:0.0019275512728543088
then:0.011160002445984637
ap:0.039534585038423824
thursday:0.0364904027219354
death:0.023464450238016937
reactions:0.039023919758599424
might:0.014874721229919202
enough:0.017008031656904867
next:0.01872993023600822
reform:0.03793188667639465
months:0.023746814964893847
re:0.0026149685508962974
penalty:0.033887329571726695
he:0.04447925056000658
criminals:0.03259662134425838
two:0.01304048554303015
fall:0.02727483235940092
roger:0.030865417996969177
came:0.02110997715019543
a:0.003906305247122784
how:0.009198342637965904
beating:0.036987576999444
j:0.02135754307362841
was:0.012384071805613784
standard:0.02128702475847718
jail:0.03845660825641503
attempted:0.0361557452311827
also:0.010374105815941025
kim:0.07785222774132836
course:0.017105956642657474
town:0.03114705365527645
no:0.007872347805472097
should:0.011488196798835521
university:0.01643594476642415
32:0.059893968832244834
hope:0.020199031731748567
mother:0.029787441214960377
after:0.013491004808845812
has:0.007445975341863993
his:0.012898105185351446
be:0.008090367232691907
boston:0.029159280666780002
charged:0.03684188408403951
writes:0.004624212524598338
end:0.01891072309493363
of:0.0054388974983423394
what:0.006436658062913505
years:0.015592835125737017
released:0.03024928325913514
women:0.026428777579254718
ed:0.027749438263419596
david:0.034915318032790126
in:0.0037275461935907094
rape:0.10732264161836418
repeat:0.03287718074138722
and:0.0013349559947230414
for:0.002275166873511007
subject:0.0001866920062378902
p:0.023539356920498952
44:0.031781699552258715
any:0.007155855009012639
the:0.0010542000139707034
do:0.005023202230115361
when:0.00914457652338277
jr:0.032675639213167
her:0.046243479789226966
home:0.020485056306722718
did:0.01149588142267808
county:0.03864064537751554
last:0.030491783944888082
an:0.006279007961970187
btw:0.026236297345757588
ted:0.03137422467027287
about:0.006888225037215885
15:0.02336930581804646
n:0.051203013927334284
disclaimers:0.03818932704788217
is:0.007515318234703886
win:0.023702625200198193
new:0.012055941013171657
spent:0.030362532811023118
time:0.011045524265060934
man:0.040532158584548235
life:0.01951314233069028
globe:0.04303651012872095
six:0.02963145689667857
1993:0.021186404216854107
16:0.024384564628147844
massachusetts:0.0392237335519145
escape:0.03039113410648833
article:0.01133332699743498
commit:0.0364904027219354
april:0.023791285747469314
close:0.02430009242077301
by:0.006926122201518644
john:0.018751597199873047
