another:0.015399342572142908
taken:0.022881120137212916
school:0.07576092657908552
go:0.013509946193014771
generated:0.03369908205376595
happen:0.02348355712616191
50:0.023966550618947435
with:0.00406130122770519
from:0.005878973989098441
my:0.019796130444381277
to:0.0038283310002523076
property:0.06347362283274008
city:0.0255540666561555
otherwise:0.02467628355286136
mail:0.02127996878358233
that:0.0024090598988505334
control:0.02117801576347933
along:0.02426362091070302
need:0.013341680496508584
sender:0.0385600066761989
student:0.027937621334504663
posts:0.027937621334504663
on:0.003520894619717291
them:0.010179577580085005
taxes:0.033067333594003955
support:0.019020529927316013
imho:0.03006716428025035
m:0.028516973169084834
more:0.008829298790421707
board:0.024938864717744057
a:0.002909383595513323
how:0.009134465258535585
214:0.08156678456901265
vote:0.03163078730435068
election:0.03905272706489532
given:0.019359635827647784
sig:0.06554356143219131
rich:0.03152635760043026
portion:0.035284211581411644
lose:0.029199623147133934
are:0.004464662372230733
no:0.007817678723489652
spending:0.03403790263827589
those:0.012888303154774723
plan:0.05424394718664731
it:0.004761880968610722
not:0.004186875059555312
have:0.007100702960384067
vax:0.04118803747981171
term:0.027067220791072624
robin:0.07810545412979064
money:0.021529303935618957
per:0.02456128552481262
stated:0.02695899349234555
after:0.01339731727545105
has:0.007394267179767715
poor:0.027440667990939315
disaster:0.038189548476856586
of:0.006751409221032592
saturday:0.034606166653884454
up:0.009329585905224893
one:0.006828547970664045
in:0.0012338868187117393
our:0.015484551548474954
and:0.006628427334909546
subject:0.00018539553397234928
exercise:0.06932041859168632
however:0.01664652016803412
i:0.005302741867927637
we:0.01871866535713847
any:0.00710616157145005
council:0.03510839347040963
will:0.023610528018818425
than:0.009934731126524035
the:0.0036640771318912297
waiting:0.030382224037402095
when:0.01816214503949633
home:0.020342798971259363
senate:0.03610214932902542
pyron:0.18400623826813423
solutions:0.03268959698243591
tax:0.06154797709258323
dillon:0.08901546108383175
here:0.012502784066829139
expressed:0.028539993927939492
revenue:0.04003863165705079
is:0.00932891065592583
right:0.013471344401321524
spent:0.030151681888724344
their:0.010511691795706346
unless:0.0213754265676423
hood:0.08237607495962342
opinions:0.01983062608000029
going:0.015123720028122794
