go:0.01926170546330819
at:0.008722425865885456
out:0.023330239585751682
percentage:0.04460952794871005
ever:0.026172495612176837
increases:0.0520607220183214
allocation:0.06482439145066043
to:0.008187321743113846
look:0.02347691410174169
100:0.0334506148399116
that:0.0034346992617274932
higher:0.036751226861761306
debt:0.11744707717015618
feustel:0.26079223225740794
national:0.06443908762351512
federal:0.07824665724149032
on:0.010039778717609702
ownership:0.052686255697742504
taxes:0.04714550532214426
m:0.013552620912040318
want:0.03747718747944914
as:0.007921922378386322
private:0.03514535766014407
politicians:0.11050337674217263
starts:0.04428180568706307
dollar:0.05582581963495115
business:0.03580756171518384
57:0.05444846515512227
reason:0.026457543802064633
real:0.025322711425725224
netcom.com:0.06374327078655721
public:0.029344005921392018
be:0.005727339179578924
guns:0.07990015668397206
of:0.011550925875192394
beginning:0.040099869248880086
david:0.024717279597470238
government:0.05329930571517421
point:0.021797385755050105
reaching:0.05470903256420517
and:0.0018900862103504448
for:0.006442551740833149
subject:0.0002643263058615673
i:0.0018900862103504448
collected:0.05643530372405446
pay:0.06599687251480957
will:0.02244168999808484
currently:0.03563300496888413
the:0.006716610980100472
interest:0.0723323761716413
fund:0.05196020348897469
forward:0.042828193129270546
an:0.008890080579819175
tax:0.13162735695047503
rising:0.05976671200743281
revenue:0.05708478176846845
general:0.029192379832550013
lack:0.03841109959309492
eliminate:0.05335399115116361
goes:0.03191116035634333
dave:0.034715590805689034
every:0.024080678484528675
before:0.021051428388343014
needed:0.03302794742708932
