school:0.03108140577603509
read:0.019376094546136084
hmmm:0.042460710079657106
independence:0.04700252120228504
all:0.008154425902959755
document:0.1167905992776025
kids:0.037575752400467725
wisconsin:0.05198205373356813
to:0.0023558960001552665
that:0.008894990395755815
liberty:0.04259220511247318
me:0.009261441712859357
re:0.003196072673317697
dunno:0.050357749435381245
this:0.004487029387789906
93:0.03129073073337096
you:0.009500837425790118
american:0.027581497584514666
inc:0.03129073073337096
why:0.015211304103880397
a:0.004774373079816736
other:0.011788957160956504
milwaukee:0.05069296920592212
are:0.010989938147029497
those:0.015862526959722737
it:0.008791164865127486
not:0.005153076996375769
being:0.016630802819873062
u.s.a:0.043876668386399136
free:0.024679553795937913
be:0.004944113308867276
constitution:0.07735009245601396
which:0.011041814807842033
g:0.030213691974457287
justification:0.04411084765296422
things:0.019100221608036323
if:0.017183344096497674
of:0.00997131208029429
america:0.03365588508090994
gives:0.03108140577603509
duty:0.04299928245426167
but:0.011372362773511287
fact:0.020498009646400337
find:0.018089288356182825
president:0.03218340306984614
in:0.009111779584332845
government:0.023005255885609383
office:0.031202888145693684
recommend:0.03750238706977207
and:0.001631612882439273
gets:0.028524071302502604
for:0.0027807595120690086
subject:0.00022817911873519915
i:0.001631612882439273
taught:0.041360291423722856
we:0.011519178681315984
the:0.005153866734967884
peter:0.03146917163099108
americans:0.0366018698419274
once:0.04586378110982746
just:0.010037509089452017
people:0.01286558239378733
is:0.006889041715145228
white:0.029051018340346943
write:0.02781345235032063
right:0.03316023237248376
too:0.016688186904824757
dave:0.02996815958439823
radical:0.04832004838029579
article:0.013851844107976087
very:0.014899508476781603
going:0.018613809265381902
by:0.008465260468522789
seem:0.02358728679398067
bernard:0.04972434796398192
especially:0.026711929123908906
revolution:0.13589245180130843
