hours:0.04501349858104163
all:0.010966296903980358
pass:0.04665833586426777
with:0.006722153756201693
way:0.01991233125915567
4:0.028554821887111254
several:0.032395992782383864
daryl:0.21308754332384092
to:0.003168273931243289
remember:0.031984184327830255
changes:0.04687252068662286
concealed:0.13500709170043473
that:0.003987409487752607
nt:0.0082077994450855
140:0.06607765333676933
re:0.004298166698599662
30:0.039346039935332075
getting:0.03117473071522628
etc:0.026693379166186616
a:0.0016051771561452815
other:0.01585411480266564
same:0.022322912075041522
related:0.0443004481107031
character:0.052471100497592134
course:0.028116687355172632
it:0.007881734017010849
texas:0.09122229130273568
licensing:0.06817330341486076
passes:0.05319729476910399
types:0.04709077255150436
feel:0.03501467453156526
provides:0.05078333775907621
personal:0.03855052265742202
if:0.015405756776170327
of:0.0022349492593763064
years:0.02562960256299303
they:0.010723214074801651
good:0.018620802889189644
in:0.004084590848149206
hb:0.16402414256135225
and:0.002194238014314884
for:0.011218926307312896
subject:0.0003068615734714747
al:0.04379326644508312
i:0.006582714042944653
house:0.03951576947689875
pay:0.03830852944825153
firearms:0.05459023220361231
the:0.003465531080409439
do:0.0165130556070459
law:0.03456139224418352
agree:0.03467304803407401
correctly:0.05009544217276297
fight:0.04896096659470499
an:0.010320668259330307
instruction:0.06351278493085888
criteria:0.12469562746492953
is:0.003088191113685792
fee:0.057826621231593274
et:0.052296500894213116
time:0.018155287010387513
carry:0.08948178965363922
meet:0.04931196342068294
citizens:0.04698112860843817
by:0.011384315802496162
high:0.032153147421166914
while:0.0249464655848106
s:0.007131451504092164
