saw:0.04718584143243687
leader:0.06505618199036811
cnn:0.07220429865805084
with:0.00812260245541038
continues:0.06878821214304555
bds:0.08265666811681119
line:0.03921949651119428
ha:0.07852007861798065
that:0.019272479190804267
r:0.08611721574247583
started:0.04554506772206813
batf:0.06333189824698673
on:0.007041789239434582
inside:0.05213966009825259
independent:0.057676957613846835
more:0.017658597580843413
a:0.0019395890636755486
was:0.012298071306963688
wife:0.056124750376999585
question:0.030319251157598672
team:0.1334676903622707
are:0.008929324744461465
daniel:0.05942472215553249
it:0.014285642905832164
not:0.016747500238221247
reported:0.0573523277362731
goverment:0.08693863144534615
secure:0.059371609704999107
of:0.005401127376826073
fire:0.04995824495888153
bd:0.06768454309645879
waco:0.053953829298489596
now:0.022943255526086725
one:0.01365709594132809
and:0.0026513709339638183
for:0.009037468414224276
subject:0.00037079106794469857
the:0.009421912624863162
propaganda:0.14113684632564658
an:0.01247080748002412
just:0.016310952270359527
examined:0.08031468599964742
is:0.011194692787110995
under:0.033712825376467206
agents:0.06326157460870135
claiming:0.06405544146758953
by:0.013756048261349529
s:0.025851511702334094
