some:0.005355673739143827
looks:0.01570231868978849
at:0.008082247820682854
there:0.012629986040052488
andrew:0.06909097539765136
means:0.02600546073797021
way:0.00794666430984653
sharks:0.026447536507409695
turn:0.015694853828965665
ext:0.02505079710021629
to:0.0037932086974976995
indicates:0.022549755584237746
fails:0.02195804861088406
published:0.018807785388585095
teams:0.056917295473928764
that:0.009547833727554408
broadcast:0.02330700214551962
bay:0.02198735961133714
location:0.021058839332451392
permanent:0.023426155752874028
me:0.004970590277085068
re:0.0017153234072393145
scott:0.03506492709331657
wait:0.01684128350967944
this:0.004816352645609349
he:0.014588378050644361
26:0.02016680289382901
on:0.002325728556143532
tampa:0.028713676440664786
28:0.06086099178782679
more:0.005832197366150119
stable:0.023040453380348606
a:0.0019217946685959567
was:0.016246993286263958
old:0.012146390285973965
patrick:0.02103488546097822
team:0.044081072046254555
are:0.011796539111949092
no:0.010327942533784494
plan:0.017915432098342232
it:0.004718193987247321
couple:0.01447702658098403
have:0.0023451862988424443
made:0.010667796109715603
only:0.0061171387076572785
ve:0.008372172931318506
per:0.016223968420059715
stated:0.017807775517879633
adams:0.02125511123706244
considered:0.01579285760189088
writes:0.0060666274405280956
were:0.007116070171891281
formed:0.023936365088242026
if:0.003074084494327566
of:0.0035677171663438287
future:0.016075717084026837
expansion:0.12723150213145068
seen:0.011892040782671344
looking:0.023797113260611413
years:0.01022832762835043
central:0.04202211205152429
sense:0.015074871772307296
pacific:0.04922718888112685
ottawa:0.023759914258756728
good:0.007431237850272932
one:0.013531801483150769
in:0.008965489545134842
thomas:0.016899105568940826
fully:0.01925529130677888
seven:0.022106513218691545
or:0.0030931718243260796
and:0.003502728573309999
for:0.0014924259766608899
subject:0.00012246310500925824
each:0.02335788437945519
until:0.026249226838207747
i:0.0008756821433274997
imo:0.024262493169360057
bones:0.02702686552265874
back:0.009662186789300631
failing:0.025166933834089182
actually:0.011212450124316903
grow:0.024073305286176346
will:0.005198648371115984
the:0.0069151652292573675
nhl:0.03914817705848364
when:0.005998506618549247
century:0.020494596306591138
club:0.022167271139563197
eric:0.018293708625314705
last:0.010000745651649073
7:0.0146400391235381
thought:0.012314616537576664
during:0.04029866297893308
norris:0.025408418850077354
satisfied:0.024881925663873556
about:0.004518422845513173
current:0.01450571432904045
hold:0.01591642483001844
is:0.004929772970470898
division:0.07270765901138226
night:0.015357040580660663
time:0.007245458577539971
six:0.019437148331307504
cities:0.02225994410890962
first:0.008612636832068997
nothing:0.01171952294266472
atlantic:0.028346508056841226
committee:0.022076433399672468
although:0.014494217691535588
article:0.0074342466084091835
era:0.02315279750882703
inherent:0.025864255885917738
occurs:0.021899982570187163
before:0.00975318471203048
by:0.004543281994574156
hp:0.01984241975255195
while:0.009955699568250103
telecom:0.026853744752095225
john:0.012300359631109384
s:0.005692075971156132
roman:0.023426155752874028
