some:0.006277079973835238
obvious:0.02068090491345168
choice:0.02028151975547604
at:0.004736371034701242
fewer:0.029566102046598652
marty:0.03269838863885737
defense:0.02109788466799939
own:0.012185433524451589
with:0.0031442332085459537
much:0.01878706311354765
though:0.026726281737749245
kings:0.08416334821349615
surprise:0.026163261613443324
goals:0.024824482412945333
to:0.0066687056133427295
young:0.020183094231581652
most:0.009981696042833537
day:0.01367367223528426
that:0.00746031452547262
through:0.012739049967875414
could:0.016226980164796317
toronto:0.021597313414734316
rob:0.023659584365587308
re:0.0020104328106353257
avoid:0.020788975770016663
prefer:0.022078108091622802
this:0.002822486227803328
mean:0.014211946542096026
he:0.05129461959742694
shot:0.021379743793482453
best:0.01309234451592169
goal:0.02254906539978402
on:0.0027258538991359674
you:0.0029881666097243114
mvp:0.03127821888056927
hartford:0.033087209400038155
great:0.013555111229745575
came:0.016229713615472832
more:0.013671172320652967
onto:0.023409476754647024
a:0.0030032346792395596
hard:0.014538889261158653
other:0.007415634343182317
was:0.00476054373172788
as:0.004301689033424831
defenseman:0.033805120113073225
let:0.012393213670714113
career:0.025980995206584822
worst:0.023170488783836093
begin:0.022436663868497388
d:0.009794861410629224
it:0.0036866175240857202
not:0.0032414516590105642
becoming:0.025600516330841778
pleasant:0.0323358011076986
only:0.021508649004343332
allowed:0.020601253914606835
robert:0.01717963456428873
kelly:0.03127821888056927
decided:0.02006254334956105
manage:0.02709182450423536
his:0.019832570338766203
be:0.006220013517607219
were:0.008340340308990855
if:0.00720591849207967
of:0.0031361384768667524
liability:0.031183059863905824
quietly:0.03137509256606754
candidate:0.030907289463972754
opinion:0.017791997659073598
but:0.01788395758737662
year:0.013305165140912107
huge:0.02310711267764232
biggest:0.051961990413169644
award:0.030394869142444127
czech:0.03630138682345547
fact:0.012893909293703439
order:0.015076972371680066
goaltender:0.03336297979997123
who:0.00695189717330026
highly:0.022455235023702155
good:0.008709730383653223
one:0.010573235567479812
comment:0.021126867725176145
rest:0.01756253136275704
in:0.003821068857946032
our:0.01198803990849674
accurate:0.024045496636523497
clearly:0.019540378367873142
better:0.012022665974738727
and:0.005131685678639648
for:0.0017491874350111507
subject:0.00014353202630117365
i:0.0020526742714558595
away:0.014887008528621886
we:0.007245934976956829
league:0.020913210044264777
any:0.011003088884825886
pretty:0.015473226112471112
than:0.023074214229346145
the:0.003241948430060443
would:0.005014245409163312
can:0.0046482042604178144
because:0.009487754295131797
an:0.004827409347106112
thought:0.014433260242966197
mentions:0.030997650315136096
jonathan:0.025701641771473476
hold:0.018654734478193657
paul:0.0176076478016616
trade:0.022683241378138146
is:0.00433342946597845
goes:0.01732810320425095
easily:0.019886638539760148
him:0.012884490878297355
defensive:0.05500766219149132
warren:0.030078522368127282
give:0.012705571351376382
fault:0.023801075270519428
wish:0.02008643825149881
alex:0.030155881171633193
lang:0.033506357472455964
s:0.013342715717333729
