another:0.007466347913766258
above:0.009167192020634832
scheme:0.015457329880385196
know:0.00830892340510641
returned:0.01599107812025007
pass:0.013667593333977426
anyway:0.010264356301833448
selanne:0.18574328290353714
your:0.00848439206856069
with:0.003938231493532305
way:0.02333162046527331
maynard:0.03540830251751152
ca:0.006924406047448892
generate:0.015790602047216343
goals:0.031093291103083037
my:0.0031993746172737417
scored:0.01667593021649589
to:0.00464040121242704
observers:0.02017829225862281
then:0.00537333451102964
teams:0.013925892719771571
that:0.0035040871256007762
think:0.004847636456325102
like:0.00392134364817735
nt:0.012021524439771692
re:0.002518117863826064
worried:0.016939111269860658
nope:0.01838745376379512
so:0.006880879443669496
glenn:0.018789294698584907
had:0.0051663585376502865
described:0.013970936914876542
this:0.0017676176376142053
he:0.03212390318222698
best:0.02459773818142863
goal:0.04236491075110937
game:0.010006764673099284
management:0.015252169776024397
on:0.010242602530086665
you:0.011228262412297412
knowledgeable:0.020037980149529986
messiah:0.018742202974764234
score:0.048745662279859686
roger:0.029722254367451798
winning:0.03154239126805727
impressive:0.01770415125875576
burns:0.015564796557046153
more:0.0042808721408105245
a:0.003291423865631234
how:0.004428831640502102
hockey:0.026480159989767712
was:0.002981350619869985
as:0.01077594828575109
let:0.007761406541255302
ice:0.047255701298964836
feeding:0.041114012015068445
arms:0.013646936806814072
contribution:0.019470226909005434
team:0.032355803724186845
pat:0.013646936806814072
are:0.0021646847865361128
it:0.00577197693164936
not:0.006090000086625909
feed:0.016778747468550036
have:0.0034427650717013657
against:0.01739583025022119
terrible:0.017050427304409102
after:0.012991337964073745
points:0.012340593563873509
has:0.003585099238675256
his:0.024840795171787968
be:0.0038953620009257325
writes:0.0022264726970288294
down:0.007960826858428142
if:0.0022563987197421185
jump:0.01670134168328169
of:0.0013093642125638965
dchhabra:0.021076031865538462
what:0.015495658299606585
anderson:0.01633894887455319
again:0.008221781609791305
order:0.009442144313577414
up:0.004523435590412069
now:0.005562001339657388
over:0.006754009267741945
comment:0.013230967666271928
in:0.0029912407726345198
or:0.0022704089484952366
world:0.00848905955802248
use:0.005598584268509589
watching:0.014342101325721663
and:0.0019282697701555045
for:0.00109545071687567
suck:0.0371203169174054
subject:8.988874374416935e-05
winnipeg:0.07027781264965335
exercise:0.016804949961620925
create:0.01280419424661151
leaders:0.014890792603531133
i:0.0019282697701555045
we:0.00907571653679441
games:0.011211684483531062
any:0.003445411671006085
allow:0.011805638624156876
scoring:0.034691936163581745
the:0.003045466707026477
do:0.012092894257685128
nhl:0.014367512792507461
interest:0.012298939382720152
see:0.01787258344859774
when:0.013208832755997333
scores:0.017471852028159963
powerplay:0.02217173018350017
around:0.007970351626779918
would:0.0094207034960038
can:0.008732989822603166
agree:0.010156751444324711
did:0.011070108036652964
ramsey.cs.laurentian.ca:0.03720951036353348
refer:0.015090263423608107
forward:0.014564469717361363
put:0.008375283836857842
wants:0.011853653746106897
jet:0.017136398018231205
record:0.012985348138843753
excuse:0.014905723906789943
many:0.00623973409958954
about:0.0033165527956965373
busy:0.017194956074500126
contribute:0.03605699685379726
is:0.009950838032987552
object:0.028484661926821295
win:0.022824750192783443
assuming:0.013360840645350175
does:0.02051327970265194
too:0.006574134235233995
him:0.016138150190998703
count:0.014354783085975792
defensive:0.01722462149430536
article:0.002728393536419532
stpl.ists.ca:0.021076031865538462
neither:0.012601957745794508
meaningful:0.03894045381801087
john:0.009028546799938874
jets:0.017408321777976857
s:0.010445055233266302
