ability:0.052740653492874046
go:0.025597792786764828
watch:0.05058110316545197
kings:0.13731914708517792
to:0.0036268398949758705
rookie:0.07678641075379686
that:0.009129069090380968
puck:0.07253114555571975
think:0.018944052993796777
control:0.04012676670975031
nt:0.009395770417400506
re:0.004920269773396981
anyone:0.02201203617949199
this:0.013815327325563656
he:0.06276841608632507
on:0.006671168753148551
orion.oac.uci.edu:0.070904646135099
mvp:0.07654932515507741
great:0.03317435116753522
impressive:0.06918595952434817
bryan:0.06973428447698722
a:0.0018375054287452564
was:0.011650804396070863
defenseman:0.08273358343462657
assist:0.1483791521876333
worst:0.056706722549914636
have:0.0067269817519428005
expect:0.04547659319945247
site:0.0513890025978764
his:0.04853760635540149
knew:0.05108019819602315
be:0.007611332330756201
writes:0.008700820934441609
opinion:0.043543573218259066
but:0.008753726608558028
year:0.06512528200551715
biggest:0.2543402688644619
they:0.012275258217207152
one:0.012938301418100295
in:0.00467578162880238
become:0.04358187861572563
chosen:0.06477788785122247
speed:0.04419033114323396
and:0.005023650190668287
for:0.004280906090948342
subject:0.00035127574857918807
i:0.005023650190668287
angeles:0.06233098590290068
the:0.001983560552602771
do:0.009451551564559166
would:0.024543411739588843
did:0.021630408466354806
is:0.007070332286596418
article:0.010662274741007907
going:0.028655469526969506
los:0.059998640444513744
alex:0.0738025512884707
s:0.008163635274421294
