bnr.ca:0.05691403256033175
uicvm.uic.edu:0.06614950969176141
changes:0.04973060121629499
w:0.03773586408572383
next:0.03266317102133141
began:0.054656198009897655
that:0.012691632637846713
puck:0.26889595425535134
its:0.02521737263456305
re:0.004560250033880129
set:0.03230993395275514
regular:0.04935417867994709
used:0.0481576465448016
a:0.0034061076240155977
noted:0.05442930547537285
was:0.04319322605372613
red:0.0440563287188116
season:0.1396549181230141
play:0.03904778332659075
terry:0.0660034585814356
reason:0.032587950292786924
it:0.008362327554633463
not:0.007352561080194694
of:0.00474245330648143
fact:0.02924716010522975
they:0.0227541371831157
one:0.023983192872576158
in:0.006500476898578919
and:0.002328033015187743
for:0.007935338119806684
subject:0.0003255726450246134
games:0.04060817428791129
yet:0.03207400905714834
the:0.00919210987791528
abandoned:0.14723019299391985
quickly:0.051764371262471444
jim:0.04129671642620573
jordan:0.06706457293496768
during:0.03571182329027403
affected:0.06165376414315838
blue:0.1462193278340235
their:0.018459556324167244
first:0.022897010114524892
somehow:0.05185504173183141
article:0.009882108296543915
very:0.02125905477784692
before:0.025929198380763956
by:0.012078481400209343
says:0.03123203346862888
black:0.043043321417609
rubber:0.06822689220087408
