22:0.003743348248205527
24:0.006582360734714215
king:0.007542953288190109
louis:0.021173412792443665
minnesota:0.02263737357496755
played:0.0036443872606957105
29:0.004101514594151407
11:0.0034718909592272337
43:0.009224744296870977
selanne:0.022028852958910064
edmonton:0.030559100445419922
4:0.04017686529669023
overtime:0.010391118404267052
from:0.0007606219716353779
wood:0.00905494942998702
goals:0.012445697382231353
stevens:0.010657821019034838
0:0.5005424580840123
montreal:0.022149350928953194
3-0:0.011248124823117562
young:0.010118748051412902
pittsburgh:0.02781487674999212
13:0.007075900367415028
bay:0.017226394951559736
toronto:0.010827763598761678
12:0.012770475585308307
islanders:0.01953775797037477
murphy:0.03466897523418052
ps:0.008096248558525993
30:0.006151132927895581
hull:0.011350835360116572
tampa:0.022496249646235124
hartford:0.04976458987930267
scorer:0.11765073740371436
28:0.0039735538214274455
8:0.018569127562099788
3:0.09256469143221498
a:0.0025094413761839983
buffalo:0.018417256176912627
gilmour:0.010553114984670101
21:0.007288774521391421
pts:0.1105879775095615
third:0.036101199427984496
results:0.0032911803673571073
no:0.009103065252149675
27:0.007939174097106254
play:0.0632903873505568
51:0.008683674947753418
d:0.0016368771090539403
46:0.004662300136894438
philadelphia:0.035653538040860105
42:0.004372297089039046
lafontaine:0.011636665898534697
32:0.003847635913302341
60:0.0036582742851671316
second:0.027175789346967596
boston:0.01873215244990809
47:0.004781052853074567
g:0.06352204781691828
14:0.0033547644382359997
san:0.014512005152217589
vancouver:0.013289610557371916
anderson:0.008719978105556688
sat:0.00467089802639682
ottawa:0.02326891872600614
35:0.004056805241447845
thomas:0.006619955101579695
37:0.00467089802639682
st:0.017236061288945646
jersey:0.009192655137122538
5:0.03969527320539139
baker:0.01609676385879553
pp:0.12478738314301037
total:0.009867966295968738
for:0.00029231703765684997
winnipeg:0.0375067571553406
period:0.11240195032227163
6:0.029040292864466435
special:0.009422402137102487
power:0.05340594444182563
games:0.002991797207195621
bure:0.011058797750956148
angeles:0.008512407778293714
scoring:0.03702966771099292
nhl:0.0038339185079736895
jose:0.016387768818627295
calgary:0.024367743911610222
38:0.013765234377699562
lindros:0.016521639719182548
ny:0.015098628325545083
7:0.017205005546799493
1-0:0.005485562249988917
10:0.01038767927366097
quebec:0.02362144170642615
17:0.010599201505338291
15:0.006005050731321912
31:0.012564196367193931
new:0.003097932731147434
9:0.015996557302897695
detroit:0.029870127054806735
cook:0.004820991543614399
sh:0.02161530640083356
2:0.14880037010611838
sanderson:0.017454998847802047
61:0.004534869592923892
1993:0.0027220627160917674
1:0.47335393254963753
16:0.0062659348460469754
23:0.0038900913354501807
first:0.018556247190747038
chicago:0.018969899087169284
domi:0.01051952624610379
lemieux:0.020055419678273918
charlie:0.004929372485023757
u:0.003397703040065603
33:0.008287496470200263
april:0.0030567420142750337
los:0.008193884409313647
summary:0.003865082531323097
