penguins:0.05975528164804208
canucks:0.20521655532449676
round:0.05058255967815217
all:0.010966296903980358
selanne:0.07045434868754856
with:0.006722153756201693
cup:0.15100926198260078
my:0.010922003003796567
to:0.0015841369656216446
stop:0.0382063576388579
montreal:0.05667178754925265
playoff:0.05351396088138251
pittsburgh:0.20333634037925272
r:0.035634709962403796
re:0.004298166698599662
winner:0.25344216378090584
them:0.01684895599462346
a:0.0016051771561452815
mario:0.06306197213599359
sorry:0.03652203085906465
stanley:0.11368415178322118
definitely:0.04891783613931935
pens:0.05773354984960915
jack:0.04913512527310271
patrick:0.052708103798773005
wales:0.07132774991717986
andrew.cmu.edu:0.046836544904911036
lose:0.04833041072629065
are:0.007389785995416385
not:0.006930000098574309
campbell:0.06430580644220314
b:0.03518285455763496
walk:0.05276812614338394
adams:0.05325993390436335
predictions:0.12018344564781089
of:0.004469898518752613
vancouver:0.05667178754925265
again:0.05613492271512685
they:0.010723214074801651
who:0.014862676715331589
in:0.004084590848149206
or:0.007750706410380291
and:0.002194238014314884
suck:0.06336054094522646
subject:0.0003068615734714747
winnipeg:0.11995695607440832
champion:0.07404486230872273
will:0.013026498217279131
the:0.004331913850511799
conference:0.10019088434552594
norris:0.06366707252088348
quebec:0.06043830946954552
is:0.003088191113685792
division:0.18218700763771645
win:0.03895948739802691
detroit:0.10918046440722462
first:0.04316217998600094
almost:0.034735550922581244
going:0.02503236418447911
champions:0.065157622214085
smythe:0.06913171271301079
