another:0.007976637879095607
some:0.008399545864268736
okay:0.015488367393893874
bench:0.0211252103919745
at:0.0031689388937209753
out:0.01271414135698338
mark:0.03241320824775745
there:0.00990408977241526
all:0.006863797342779074
pass:0.014601709425148547
rick:0.01731173554362805
watch:0.013827927484080396
ever:0.009508712434639787
your:0.004532130295616053
with:0.004207391199924801
sticks:0.13282491255554885
such:0.006917328070028053
alot:0.018215744278451452
bits:0.015861073377578392
post:0.009289848217378348
often:0.01117741146862844
my:0.006836073822520153
to:0.0034702856549049697
experiences:0.033993572590678256
next:0.009634460517083365
been:0.0052778431195015805
that:0.007487150189233313
like:0.004189349149311774
through:0.008523249259082112
nt:0.002568627883893664
consider:0.011584043448097818
me:0.0038978010086494416
re:0.001345109722223635
so:0.007351155376869929
had:0.005519454984468112
this:0.0018884260373072627
off:0.015708326963714752
getting:0.009756120763398152
best:0.008759626186911633
two:0.006707875657026301
game:0.01069068024428233
certain:0.011857248171800392
pieces:0.018307590688541975
on:0.005471318257977949
you:0.009996384701595716
regular:0.014557707380416049
them:0.005272874717741874
m:0.014771381785425239
more:0.004573449733168079
a:0.003014037681682867
hockey:0.014144977548491028
christian:0.01153180709077905
was:0.006370223986340904
as:0.002878108489989275
season:0.027462118192055532
let:0.008291862384002967
canadian:0.01745563962497229
also:0.0053363206175523975
are:0.009250523476276626
it:0.0036998787382011363
not:0.0021687410380430393
have:0.00919515491272757
only:0.0047968929434147
ve:0.01969568739957663
tom:0.013653698645592646
between:0.016711265079470544
after:0.013879235163057203
uses:0.012284155143296536
talk:0.012444581897974918
yourself:0.012612498817894217
which:0.00929418944257207
thinking:0.012530670985067107
writes:0.0023786416943077783
get:0.0047279639398961236
if:0.004821226041463377
of:0.007693692234615557
even:0.006040141898438942
looking:0.009330522825203755
what:0.00662188563306929
but:0.00478621023201734
shop:0.01748019345616078
years:0.00802077490280717
well:0.006053481691199083
brands:0.04342761088309866
find:0.007613117761415073
up:0.009665182520520753
beginning:0.014568657532866508
over:0.007215614217695532
one:0.003537089596315189
in:0.001917406854976516
stores:0.019511725880303723
and:0.005493487978284747
few:0.016443363315872567
still:0.01468855454841401
for:0.002340639301525712
subject:9.603221903603705e-05
i:0.010300289959283898
any:0.0036808894470820408
decide:0.014725566246808559
pretty:0.010352590132804413
later:0.011494287873948574
suggestions:0.014233799895938409
than:0.005146047777767846
the:0.004609280996335936
do:0.005167754812276955
when:0.009407729804631193
got:0.007957387847591993
can:0.0031099496130853
quickly:0.015268627494685822
bought:0.013176560247728276
rid:0.016609186074848317
friend:0.012493523092420166
an:0.009689548257860468
problem:0.0076099470936891525
about:0.0035432236702225596
changed:0.01359465897062383
15:0.01202090191359944
is:0.004832241490839278
broken:0.016155547730377577
time:0.005681690539221991
easier:0.015024006166937413
break:0.056463403571912034
broke:0.018038800954024214
aluminum:0.15832469923460912
first:0.013507588700654972
change:0.01069068024428233
changing:0.01540438407016369
article:0.0029148664759589965
little:0.008436470150713901
models:0.03210937445309765
shaft:0.07753601591751835
difference:0.011536524628900672
wide:0.030948466599730984
playing:0.028815611189604986
seem:0.009927023578761646
giving:0.013645204846363581
range:0.014386892034135517
s:0.004463570365870636
