since:0.008267857947949096
say:0.00784109493498985
andrew:0.062238977837553694
all:0.003942429052257401
raise:0.019476040031396528
anyway:0.01259716455225014
breton:0.028966475448201724
edmonton:0.023424434432336345
from:0.0034982324563230397
surprise:0.040217906281821966
ext:0.022566420528294013
goals:0.019079974085982776
name:0.011414183908389467
my:0.007853010424217367
to:0.0022780151406460013
player:0.01606307038452976
observations:0.02113930819755658
impact:0.019806795021783043
next:0.011067686048550312
teams:0.03418173667580295
that:0.001433490187745772
think:0.005949372014580807
quite:0.010976030504584304
higher:0.015338321954702035
really:0.008063618773516223
depth:0.02172782199938207
nt:0.00590147563406974
could:0.006235988245148998
12:0.014683408395091059
re:0.001545208689165994
scott:0.031587413662574435
so:0.004222357840433554
had:0.01902159279771242
this:0.008677395675560645
off:0.00902255143783616
he:0.026283193512731163
amount:0.015365359552176976
these:0.00684560319462373
big:0.011470167577965113
game:0.02456205874306188
on:0.008380311160979998
you:0.002296690038879016
numbers:0.01457744793801115
mvp:0.04808056786599904
suggest:0.015171073574835197
28:0.01827506364978821
m:0.005656259140975505
sure:0.009016710827104146
bryan:0.02190002322417781
stable:0.0207554497393223
a:0.0028853391029884197
same:0.008025179134415755
was:0.014635721224816291
as:0.006612513720801805
expectations:0.024764267771946177
far:0.02057337249687109
team:0.026472930319789235
worst:0.017808722784270713
staff:0.01988703504598594
are:0.00796997580497387
those:0.0076690729516014884
lacking:0.023895278479233943
d:0.015056563821297815
not:0.004982727343603016
have:0.0021126058394531112
made:0.009609832859165295
due:0.013698935888010258
only:0.005510480323426804
opportunity:0.019013856972980952
decent:0.018618026127354196
heck:0.02046591435660859
kelly:0.02404028393299952
has:0.008799789040384719
his:0.03810803804762927
without:0.009285993738853285
be:0.004780671546590672
thinking:0.014394737743176263
considered:0.014226623790133107
writes:0.002732489219080836
down:0.009770105689889083
were:0.006410344204430988
of:0.005624314458513102
style:0.01897035939865456
even:0.006938675403991842
opinion:0.013674841175982187
but:0.005498208448350498
year:0.09203655556151598
biggest:0.09984432042199952
well:0.00695399962873283
they:0.0038550397706931558
who:0.016029581085543573
now:0.006826092553215885
pick:0.016611795483628157
one:0.0040632682139488535
in:0.0022026409325763283
or:0.002786410982244154
and:0.003944188166227168
for:0.008066500733357207
subject:0.00011031800368602602
each:0.010520699989093453
cape:0.02442675524709383
however:0.009905367372714517
i:0.004733025799472602
suggestion:0.019124647293024988
oilers:0.1202014196649976
games:0.027519589186848974
any:0.004228459778052923
the:0.004983490975134235
see:0.007311511410789984
would:0.0038539241574560997
because:0.007292240904522785
did:0.0067930208406734105
instead:0.012676588064399344
last:0.009008936165535116
an:0.003710322886618747
just:0.004852845303578041
during:0.024201400907458433
about:0.004070314794718478
is:0.0022204349329806934
division:0.0163742455211584
win:0.028012193418416046
production:0.019833368948767714
lot:0.010241956149856986
deserve:0.020890944874954492
1:0.008093073933573176
dave:0.014488738311465257
him:0.019805911598043867
article:0.00334848297651488
admittedly:0.023967145184654887
players:0.015338321954702035
33:0.01905781729614234
era:0.02085665230134005
hp:0.01787457647130713
telecom:0.02419056345436677
john:0.011080489254470437
s:0.0025637862845290012
roman:0.02110290063688652
