post:0.16141111277694878
matthew:0.26789202130134343
re:0.02337128142363566
winner:0.3445229413896689
j:0.1908830412205539
rush:0.3191813721329086
won:0.27010246779117414
virginia.edu:0.3003842375067127
writes:0.04132889943859765
finals:0.6975525656849647
please:0.11971345980657842
who:0.08081580463961552
in:0.011104981368405655
subject:0.0016685598057511436
lake:0.33258198909199954
