round:0.03492605311110507
stephen:0.032314756185642994
true:0.020502228509189258
send:0.04656106541073369
much:0.013866641821904216
4:0.03943284927267744
ca:0.01632181425470096
from:0.006718827416112504
to:0.00875047085771956
montreal:0.11739155992345192
most:0.01473488463465903
depend:0.04067144072401538
franchise:0.049043958384058624
that:0.01376605656486019
nt:0.011334580186070451
anything:0.018422548812058757
this:0.004166527288662055
off:0.01732902736473294
he:0.012620104821589168
personally:0.031101941310369054
on:0.00402387956539119
a:0.0022166732156291983
million:0.03105961316770745
rumor:0.043960597692990974
overall:0.0367747162672985
brian:0.02965140884745062
taking:0.0270392859853302
likely:0.026241339721664505
it:0.005442149678412253
not:0.009570000136126426
choose:0.03153812293164491
reported:0.06554551741288354
whether:0.022678242737157336
has:0.008450591062591674
sun:0.02879755796903842
be:0.009181924716467798
if:0.0053186541251064225
future:0.02781354225649087
huge:0.0341104996669958
again:0.01937991379450808
seems:0.018702278487151412
they:0.007404124004029711
up:0.010662383891685591
ottawa:0.24665053849566504
pick:0.0638103890006034
in:0.0014101563642419878
or:0.005351678235738772
better:0.017747745010328594
and:0.004545207315366545
gets:0.026486637638038126
for:0.007746401497906523
subject:0.00021188061025411345
i:0.001515069105122182
away:0.043952120417836034
mention:0.02995773662124542
will:0.03597794745724712
the:0.0023928666983779458
see:0.014042744138183936
represents:0.04165063930465431
can:0.006861634860616772
did:0.013046913043198136
eric:0.031651019685068296
lindros:0.1945882011370389
may:0.014770043868570086
just:0.018641088308982316
quebec:0.04173121368135286
including:0.025237838940716108
15:0.05304461479334355
draw:0.0335134883873324
trade:0.06696956978307451
is:0.0021323224356401896
1st:0.03572036627425573
first:0.014901228804690803
him:0.019019962725105616
successful:0.03804162218469441
afford:0.03750084595320855
players:0.058918633540283996
give:0.03751168684692074
giving:0.03010608688324663
s:0.0049240974671112565
