out:0.01707503042145594
bbs:0.05865279205442987
technology:0.04880677805531801
take:0.03080795841066237
access:0.04858517200026849
your:0.01825988727798931
flyers:0.0821552627916724
to:0.001997390087088161
re:0.005419427576495225
jmd:0.08284008720979626
prefer:0.05951490007307016
aw:0.08781030099424307
blow:0.07062734931804394
you:0.016110115635035418
moment:0.06099001158480845
m:0.019837894378493797
sure:0.03162382637911889
a:0.006071757068897369
hockey:0.05698990954319574
as:0.011595857394449542
truth:0.05210228301467542
play:0.046404612069281766
kevin:0.1305960093570932
dineen:0.19706023086369884
it:0.0049689192715937965
jokes:0.08993498902600938
digest:0.08538922730347254
public:0.04295282026174774
writes:0.009583512913298006
making:0.04455952450539715
of:0.002817979500952734
good:0.02347840364289129
in:0.0051501362867968255
thomas:0.106782754029829
system:0.03239452651076123
and:0.00276664793109268
for:0.014145602735307565
subject:0.00038691241872490284
i:0.00829994379327804
flames:0.06481829528106334
the:0.005461978333254007
see:0.0256432719045098
cellar.org:0.18225369104439476
would:0.01351666153774458
fan:0.05796457949985034
butt:0.08047305741119772
myself:0.04830205886953454
just:0.017020124108201244
thru:0.07479665471589585
article:0.02348790957439423
miami:0.18309390950448903
