there:0.007911887806699547
ahead:0.03725551279878264
means:0.024436165693437522
breton:0.1812901825465039
with:0.01008323063430254
clark:0.043230919527747685
flyers:0.048868216660563756
to:0.002376205448432467
montreal:0.12751152198581847
city:0.03172228964212407
important:0.02708939045666571
aka:0.04465225265869798
that:0.0029905571158144553
tie:0.09137595896984534
re:0.0032236250239497458
this:0.004525710675615681
counts:0.04873660052150523
two:0.016075770971149237
game:0.051241536343284266
you:0.004791370598351051
possibly:0.033422014339632246
a:0.0024077657342179226
seth:0.05372571111962766
given:0.024032651372252422
therefore:0.029594185522024707
mind:0.02611772243974256
are:0.011084678993124578
race:0.07535913325602686
not:0.005197500073930732
wins:0.04244068514390438
probably:0.04115902956946911
won:0.03725551279878264
only:0.022992004108091147
interesting:0.02817262553380528
between:0.020024705569365565
against:0.022269662001360747
has:0.00917909029212544
adams:0.07988990085654503
be:0.0049867349753230285
which:0.011137002866530325
boston:0.14378541846032897
writes:0.005700537853599676
certainly:0.026515148941858975
of:0.005028635833596689
standing:0.04263155691870794
year:0.02133414410525562
mcrcim.mcgill.edu:0.05284076151566142
pete:0.04481646123603156
over:0.017292592694132393
one:0.01695363634095901
in:0.007658607840279763
and:0.004937035532208489
for:0.005609463153656448
subject:0.000230146180103606
each:0.021948356873798407
games:0.08611733512781188
leads:0.03913616805570653
remaining:0.12969275858324306
the:0.0025991483103070794
can:0.007453155107221667
breaker:0.05305362886557842
here:0.015520697462270656
quebec:0.18131492840863658
head:0.05953206440440833
is:0.0023161433352643437
division:0.06832012786414367
keep:0.02283978089763725
tied:0.044177599407120155
first:0.016185817494750353
count:0.036753194625300085
position:0.029679680665622515
article:0.006985628278591388
purposes:0.0381637931061777
already:0.02504988208014958
three:0.025159379366142005
data:0.025296082958670797
s:0.005348588628069123
