go:0.01473812311965248
there:0.006952871102857178
know:0.009347538830744712
all:0.007227786595805237
nick:0.03769368145504129
ever:0.02002592467295349
own:0.017170383602636327
into:0.013566696234715049
cup:0.0331762772537532
name:0.020926003832047357
flyers:0.1288343893778499
my:0.007198592888865919
to:0.001044090272796084
city:0.02787716362489691
spoken:0.04367850726223722
h:0.026766531244655428
that:0.007884196032601746
think:0.01090718202673148
through:0.017950479500188084
nt:0.010819371995794523
michael:0.02276284243692189
so:0.007740989374128183
fair:0.03199014800609002
on:0.0038409759487824996
you:0.016842393618446118
brain:0.033404381810354496
great:0.019100384005550582
a:0.0031738730132872617
how:0.00996487119112973
hurts:0.04449097340127963
y:0.03229826194344553
coming:0.02633810571810299
stanley:0.03746409547401607
rumor:0.08392477741389187
l:0.05007516028414186
are:0.014611622309118763
no:0.008528376789261438
hey:0.02919802261841795
d:0.013801850169522996
yeah:0.029956230637789034
should:0.012445546532071815
have:0.0038731107056640367
philadelphia:0.0375780187873838
spelling:0.040912493530535735
coach:0.03862248692543775
knew:0.029409811082558784
be:0.004382282251041449
of:0.005892138956537535
looking:0.01965064655611094
never:0.016696509324711065
ok:0.024726130231143423
oh:0.04893509369911324
easy:0.025103648214081876
who:0.01959171021566437
keenan:0.0493249688814078
net:0.025114715794685473
in:0.0040381750430566014
po.cwru.edu:0.07224131192859402
our:0.01689223805288177
or:0.005108420134114283
for:0.0024647641129702576
subject:0.00020224967342438103
p:0.051001939994414394
i:0.004338606982849885
becomes:0.03261944042047346
back:0.015957247879299526
stupid:0.029255198418686006
yet:0.01992476320216791
later:0.02420766688604321
the:0.003997175052972251
do:0.010883604831916617
when:0.009906624566998
thank:0.027503744748253896
country:0.025536015969849488
did:0.012453871541234587
mr:0.025582997562753135
here:0.013639400800177243
people:0.02280716878898663
many:0.02807880344815293
about:0.007462243790317209
trade:0.0319627492146492
is:0.004070797377131272
today:0.02150853231665419
their:0.01146730014077056
trouble:0.02890016577492678
notice:0.03059064722427685
fans:0.03115909560263226
little:0.01776771743862473
94:0.041277660968549956
task:0.03805165785542421
fault:0.03353787879027737
mike:0.07262300065812963
clue:0.03842739225799521
s:0.009400549709939672
