some:0.01995789530142486
okay:0.036801419961559806
all:0.01630885180591951
own:0.01937171483374355
continue:0.03340347185385851
into:0.015306016264806722
to:0.009423584000621066
young:0.03208594467584775
owners:0.07380593954511537
that:0.0029649967985852723
justice:0.036801419961559806
european:0.037875678210820454
nt:0.006103235484807167
re:0.003196072673317697
this:0.004487029387789906
these:0.014159281821358486
principle:0.04265871913334544
american:0.05516299516902933
a:0.0035807798098625512
richard:0.031932286451100675
hockey:0.03360943383316672
was:0.007568043881208425
harder:0.04183197018925526
canadian:0.04147579329694272
are:0.005494969073514749
play:0.05473364500479388
reasonable:0.031951343334239726
it:0.014651941441879144
have:0.00436966336023635
opportunity:0.03932780673043924
writes:0.005651815307842414
get:0.02246793120155765
of:0.00332377069343143
standing:0.04226718463735147
even:0.014351790151846375
gives:0.03108140577603509
what:0.007867026521338728
canadians:0.09855663177120196
but:0.011372362773511287
europeans:0.14574916202977847
who:0.01105173396781067
over:0.01714479275657571
one:0.008404366733124979
in:0.006074519722888564
according:0.029397659868258277
point:0.01881654667743642
better:0.019112956164969257
and:0.006526451529757092
subject:0.00022817911873519915
until:0.024454407909099526
i:0.001631612882439273
away:0.023666526378834794
league:0.09973992482649355
will:0.009686370469258842
the:0.0019327000256129563
nhl:0.10941413588140297
relations:0.04118991351858767
americans:0.0366018698419274
instead:0.052439902762130626
fight:0.036406872596062685
jonathan:0.04085902025208604
many:0.01583932502203499
is:0.004592694476763486
right:0.01658011618624188
remark:0.04942442215362918
does:0.010414434310577139
their:0.025874933650969472
carried:0.03846808675689079
too:0.016688186904824757
fraser.sfu.ca:0.04942442215362918
little:0.020045629930756106
players:0.06345083612030586
give:0.0201986006098804
north:0.034309015255648084
john:0.022918618799844838
psychological:0.04689223569086703
s:0.005302874195350585
