go:0.051878193381176725
out:0.015709027987739467
there:0.012237053141028633
rex:0.08309576653169079
thanks:0.05315697719776435
overtime:0.07710209855966152
ca:0.027420647947897617
to:0.001837598880121108
add:0.0916325444387125
t:0.03435030740000589
nt:0.00952104735629918
could:0.020121455404347434
me:0.05779139628824239
re:0.004985873370375608
islanders:0.2174552462102712
anyone:0.02230552999521855
on:0.0067601176698572
you:0.014821306384232584
tell:0.03213366738163271
beat:0.05794576236303775
onto:0.058055502351524624
how:0.017538173296388324
was:0.011806148454685143
rpi.edu:0.15763399386124552
also:0.019779961755727552
advance:0.04218001622235533
it:0.004571405729866293
list:0.11646514387686319
writes:0.01763366376046833
if:0.008935338930178791
keeping:0.0557351989651345
please:0.051077742850806795
in:0.014214376151559238
for:0.004337984838827654
subject:0.00035595942522691063
i:0.002545316096605266
rangers:0.06222600893262938
the:0.003015012039956212
when:0.01743565923791648
last:0.029068834027459974
an:0.011971975180823158
just:0.015658514179545148
is:0.003582301691875519
friday:0.06644383997545815
request:0.052004013698591096
too:0.026033571571526623
count:0.11368988204092828
e-mail:0.07332522071072711
article:0.021608876808442694
u:0.050421913114573544
isles:0.08309576653169079
