go:0.020478234229411866
round:0.04632297570525515
stephen:0.042859571362010705
send:0.061754676228973106
4:0.02615020530714399
ca:0.021647879958866537
my:0.010002255382424224
to:0.005802943831961393
montreal:0.10379885298494697
that:0.0036516276361523874
nt:0.0075166163339204055
toronto:0.04228526626463771
anything:0.024434117371783196
re:0.00787243163743517
this:0.011052261860450927
personally:0.04125099584322633
on:0.010673870005037682
you:0.005850515677986546
asshole:0.06264505373063585
posted:0.03593032552086206
m:0.014408575917011284
same:0.020443087900301183
million:0.04119485535927514
was:0.009320643516856691
listen:0.04495733021413967
idiot:0.055787427581589784
rumor:0.05830563483491435
brian:0.03932713173451346
it:0.003609004523578652
reported:0.13040108201089465
sports:0.0505228977431767
has:0.011208152356700536
heard:0.028448919572840785
sun:0.038194655832619384
what:0.009688864242069802
again:0.025703885664294924
who:0.013611082886672086
up:0.01414168810897247
ottawa:0.16356825184449367
pick:0.0423163632319791
comment:0.041364183125081715
conversation:0.052537580406330685
and:0.00401892015253463
for:0.0034247248727586736
subject:0.0002810205988633505
i:0.010047300381336574
group:0.028390694050596264
we:0.014186777954883894
will:0.03578858983905109
the:0.0031736968841644337
wrong:0.027825495335051163
see:0.01862511327801238
eric:0.04197924716124848
lindros:0.1290427018066679
thought:0.02825880426517592
gretzky:0.06123946012406193
just:0.024723969757176546
here:0.018951588480246275
including:0.03347334427926558
15:0.03517695507348046
trade:0.08882279781755147
is:0.0028281329146385673
notice:0.04250489930110046
first:0.019763735046221486
guess:0.03153849750458582
players:0.03907235697934623
give:0.02487617127743165
giving:0.039930178392516585
s:0.006530908219537035
news:0.032303963328035985
