round:0.05500853364999049
there:0.034416711959143025
true:0.03229100990197308
way:0.021654660244331794
ca:0.05141371490230803
from:0.021164306360754392
alexander:0.06361887764268336
to:0.0017227489501135387
montreal:0.12326113791962452
nt:0.017851963793060963
philly:0.07491191001013718
big:0.034697256923344466
you:0.027789949470436094
shadow:0.13414408970107067
a:0.0034912603146159877
jay:0.06372710342697228
rumor:0.06923794136646079
patrick:0.057320062881165645
it:0.0342855429739972
not:0.007536375107199561
traded:0.06624757025313786
real:0.03196992317497809
be:0.007230765714218392
get:0.01642967469113903
if:0.025130640741127846
fact:0.02997833910786049
senators:0.2175018425507431
ottawa:0.06474576635511207
pick:0.10050136267595036
and:0.011931169202837183
gets:0.08343290855982011
subject:0.00033371196115022873
draft:0.061722820301032544
will:0.014166316811291055
the:0.0009421912624863163
see:0.0663519660529191
can:0.010807074905471418
roy:0.06298849197234721
eric:0.04985035600398258
lindros:0.15323820839541813
deal:0.04120393739700637
first:0.023469435367388016
three:0.03648110008090591
going:0.027222696050621033
s:0.038777267553501145
