racist:0.2307931378882026
say:0.03953218696390715
all:0.0198764131384644
maynard:0.43817774365420503
to:0.0028712482501892307
that:0.0072271796965516
kinds:0.09499784737048009
re:0.007790427141211886
you:0.011579145612681705
roger:0.183906448898608
a:0.002909383595513323
richard:0.15566989644911577
j:0.0636276804068513
are:0.013393987116692197
deleted:0.07319540618746534
after:0.04019195182635315
has:0.022182801539303146
absolutely:0.0833845571905757
writes:0.013776299812865881
of:0.004050845532619555
europeans:0.11842119414919501
find:0.04409264036819563
in:0.007403320912270436
and:0.003977056400945728
subject:0.0005561866019170479
rm:0.10713791743184617
we:0.028077998035707707
necessary:0.07509949536419844
the:0.003140637541621054
nhl:0.08889898540363991
sfu.ca:0.12157848369351171
when:0.027243217559244498
ramsey.cs.laurentian.ca:0.11511692268718171
many:0.03860835474121028
man:0.12075205578313328
too:0.04067745558051034
nothing:0.0532261666979356
fraser.sfu.ca:0.12047202899947113
little:0.048861222956218
