phoenix:0.07435565748171959
at:0.005540660455688246
folks:0.02329066572512439
played:0.025510710824869973
marc:0.0904385734956886
know:0.007760220916089949
send:0.01844872403066807
where:0.011619225146124288
with:0.007356319204899967
though:0.015632353469249557
cup:0.027542569795568697
to:0.0026003757737562846
city:0.02314330565085781
franchise:0.07773004725020613
next:0.016845157382070285
teams:0.05202503317952399
that:0.004363580194144363
nt:0.008982120147452057
re:0.002351827061497928
michael:0.018897454098576662
pack:0.032400959247118805
contact:0.0218872471633998
apr:0.023441561490805025
two:0.011728235425492525
fair:0.026557858722037
on:0.006377469499865282
great:0.03171384514129153
size:0.022647026019282188
a:0.002634913444993198
other:0.008674893005232144
hockey:0.049462940358245354
said:0.013783049236876933
part:0.030807825313374556
houston:0.06328196285721528
question:0.013729472222308834
patrick:0.08652084963194814
l:0.020785915589643794
are:0.004043467808812739
no:0.007080161862783081
internet:0.01796562228373966
hey:0.0242398678341583
d:0.011458139763377582
magic:0.032400959247118805
it:0.006468970372452301
not:0.0037918868463897165
couple:0.01984900499782716
made:0.014626286490050324
university:0.014782013217601595
placed:0.02864675076620439
has:0.006696694804317931
adams:0.029142227985406364
attempt:0.024255650297085506
list:0.018312129540387294
be:0.003638121114072147
writes:0.004158882962374606
of:0.004891587058257576
ahl:0.03825094520017277
oklahoma:0.07621271407047511
mailing:0.02775946398469555
department:0.02181179611756564
expansion:0.05814773053387054
but:0.008368342418244155
central:0.028807611406390866
gmt:0.02664967507059771
york:0.02366771828569461
whalers:0.039727923760408
up:0.025348308874573296
one:0.006184345331922155
email:0.01725722427023862
in:0.00782237681296499
and:0.006003104001427513
for:0.0020462192635979496
subject:0.00016790538925797672
showed:0.026885257224905257
i:0.0024012416005710054
league:0.024464509863102193
idaho:0.039545612207746036
the:0.00474058496848461
do:0.004517722760418218
nhl:0.026837429555815827
interest:0.022973490545081042
country:0.021199711371195803
fri:0.03658961453953386
label:0.03466897523418052
forget:0.024145995820216943
put:0.015644398110357102
an:0.005647158104161867
just:0.0073860915941250695
address:0.020080637446123338
interested:0.01809481896487371
is:0.0033795298979957724
capital:0.032118880214632314
move:0.02224418311681143
either:0.01574567740322867
assuming:0.024957041960182405
new:0.010842764559016019
district:0.03555626201568936
2:0.012254148126386219
their:0.00952002275837556
goes:0.020270611295538848
1993:0.038108878025284745
cities:0.03051992336944841
16:0.021930771961164414
falls:0.06220453588138517
article:0.005096433209538371
by:0.006229153929667712
champions:0.03565228385298991
