prism.gatech.edu:0.04772834939499271
go:0.07860332330481322
ask:0.029440026104609773
out:0.011900778778590505
music:0.04653190343122307
faith:0.037828546670250436
take:0.02147221343773438
braves:0.04854694747583237
your:0.025453176205682073
flyers:0.057259728612377735
to:0.004176361091184336
next:0.027054343674234097
problems:0.027707810463553265
quite:0.026830296788983854
re:0.0037771767957390967
prefer:0.04148008186910951
hrivnak:0.12761090662434085
aw:0.06120111887477548
blow:0.04922512225197003
on:0.005121301265043333
you:0.016842393618446118
moment:0.042508189892442254
m:0.01382641123349568
more:0.012842616422431575
sure:0.04408169737695361
a:0.002821220456255344
hockey:0.03972023998465157
as:0.008081961214313317
following:0.027649639121613754
question:0.022050364478253582
no:0.011371169052348586
internet:0.028853878213278852
play:0.03234260841192366
kevin:0.09102146106706496
dineen:0.13734500938985073
thread:0.04204977569195925
it:0.0034631861589896162
have:0.0051641476075520495
friedman:0.06032221607690042
jokes:0.06268196204843078
digest:0.05951370387817784
his:0.01863059637884098
anybody:0.030702981261744398
be:0.005843043001388599
making:0.031056638291640442
if:0.006769196159226357
of:0.0019640463188458452
now:0.016686004018972165
good:0.016363735872318173
and:0.0019282697701555045
capitals:0.05773703047955497
for:0.01314540860250804
subject:0.0002696662312325081
i:0.005784809310466513
flames:0.04517638762013505
the:0.005329566737296334
see:0.01787258344859774
would:0.0094207034960038
fan:0.08079911081797321
effect:0.0350138732790142
butt:0.056087282438107504
an:0.009069678167290271
myself:0.03366507133331195
just:0.011862510742079656
about:0.009949658387089612
is:0.0027138649180875143
having:0.02643324638808446
does:0.012307967821591164
miami:0.12761090662434085
mike:0.0645537783627819
emotional:0.053750624499717105
poster:0.04600841789723736
