some:0.005779885520462149
go:0.01926170546330819
at:0.017444851731770912
there:0.004543460324639344
andrew:0.018640881976099002
all:0.014169324217519175
nick:0.024631514614185397
gld:0.11555974687700123
with:0.005790370067223241
rumours:0.029774549534811574
mentioned:0.017401800093028903
cunixb.cc.columbia.edu:0.02618427480653709
options:0.022400893112261466
flyers:0.02806293630012572
throw:0.021105794933340645
to:0.0034113840596307695
declared:0.02703501865270867
next:0.013259307048263244
that:0.012021447416046226
tie:0.026236661486391234
me:0.0053643003980423
worried:0.024905524985884234
off:0.021618390573825252
leading:0.022352595216492337
took:0.016709909289191482
dare:0.04981104997176847
none:0.017933218972382644
working:0.01568583668666637
helmet:0.02618427480653709
came:0.01494419174494033
bill:0.015324326117285729
bryan:0.026236661486391234
a:0.003456693380807909
same:0.009614323517468378
wings:0.022624261603748943
was:0.0043834709608979484
letting:0.024194422499602835
gary:0.0420265192427986
red:0.017884252252190848
season:0.018897200142058014
said:0.010849033805264516
lunch:0.02755660536388603
guard:0.026619763781517078
patrick:0.02270101500244184
team:0.031715094739549476
worst:0.02133520254353224
l:0.032722381967855076
are:0.00636545922377451
dinner:0.030108417261522132
it:0.003394608215247247
not:0.0029847030127523014
approved:0.024945937414790974
have:0.005061887258887652
made:0.011512770059000007
being:0.019265385444803447
mistake:0.022117930667509247
philadelphia:0.024555933068983474
warned:0.02821765186202723
buy:0.014885352105168148
money:0.015347622607569951
je:0.027488321590953674
after:0.019101125620445063
his:0.0273925105174048
coach:0.0252384568027613
knew:0.019218292390582967
be:0.005727339179578924
sabres:0.05725403358390707
get:0.006506801857876843
down:0.02340956016785305
fill:0.04784618919232452
of:0.0038503086250641317
what:0.004556644074240748
but:0.0032934812982693576
stadium:0.028377359100731296
clarke:0.05777987343850061
senators:0.028713114528150906
they:0.004618413982711602
who:0.01920375555792844
keenan:0.09669647364870042
now:0.016355588097804397
professional:0.02366586816581221
over:0.009930399764947315
one:0.004867875781067438
president:0.018640881976099002
bob:0.018237648584302477
in:0.001759204969252381
and:0.0018900862103504448
green:0.02083322177896922
for:0.004831913805624861
subject:0.00013216315293078365
flight:0.023274439831774123
winnipeg:0.02583231479820179
mighty:0.027987354754923796
oilers:0.02880073619695982
stan:0.027354516282102587
back:0.01042750851518583
room:0.019742715249102007
don:0.022072303662039328
sick:0.02223387261903449
will:0.01122084499904242
schedule:0.0252384568027613
the:0.004477740653400315
around:0.0234375686450855
can:0.00856005933106647
because:0.008736249004428287
ted:0.0222104659794506
quebec:0.0260303610091607
entire:0.018462466448954464
is:0.003990187528079166
gerry:0.029361769292539044
win:0.016779581206080897
guys:0.019231067868768572
their:0.0074934832603055146
told:0.015347622607569951
chicago:0.02090445315249447
him:0.03559181143608873
almost:0.014960361040913703
domi:0.05796154807877979
players:0.018375613430880653
assistant:0.02769606515084987
miami:0.03127098949457857
realize:0.019373818114510586
mike:0.01581887143048368
says:0.012678350219938456
john:0.013274645542484384
security:0.018375613430880653
murray:0.02656318607941993
jets:0.025595403802272904
s:0.003071466736910982
share:0.02020321296901414
