prism.gatech.edu:0.03579626204624453
go:0.01473812311965248
ask:0.02208001957845733
out:0.008925584083942877
anyway:0.023094801679125258
take:0.016104160078300785
your:0.019089882154261554
with:0.004430510430223844
from:0.012826852339851145
flyers:0.0429447964592833
to:0.004176361091184336
that:0.002628065344200582
problems:0.02078085784766495
v:0.029141275105318273
like:0.00882302320839904
nt:0.005409685997897261
joy:0.13103552178671168
re:0.002832882596804322
prefer:0.031110061401832128
hrivnak:0.047854089984127816
aw:0.045900839156081605
mean:0.02002592467295349
blow:0.03691884168897752
game:0.02251522051447339
you:0.012631795213834588
moment:0.03188114241933169
m:0.010369808425121758
more:0.009631962316823681
sure:0.03306127303271521
a:0.0031738730132872617
hockey:0.11916071995395472
j:0.023137338329764112
as:0.0060614709107349885
following:0.020737229341210316
play:0.02425695630894274
kevin:0.06826609580029872
dineen:0.10300875704238803
thread:0.03153733176896944
yeah:0.029956230637789034
it:0.010389558476968848
made:0.017618026908469708
stay:0.02991437551709229
jokes:0.09402294307264618
digest:0.04463527790863337
bother:0.034739432049191304
crowd:0.04056412146052192
foods:0.041563572544177585
his:0.013972947284130732
anybody:0.023027235946308296
be:0.004382282251041449
which:0.00978706312513271
writes:0.005009563568314866
making:0.02329247871873033
if:0.010153794238839534
of:0.0029460694782687674
looking:0.01965064655611094
oh:0.02446754684955662
up:0.010177730078427157
good:0.01227280190423863
one:0.007449325058906231
in:0.002692116695371068
useless:0.03636117640607414
5:0.0196884309614976
and:0.0028924046552332564
word:0.023249064516389535
for:0.007394292338910773
subject:0.00020224967342438103
i:0.005784809310466513
away:0.02097714838123993
gregory:0.04047947524386945
any:0.007752176259763692
flames:0.033882290715101286
the:0.004568200060539715
do:0.0054418024159583085
see:0.013404437586448305
would:0.007065527622002849
fan:0.030299666556739952
butt:0.042065461828580626
myself:0.025248803499983964
just:0.017793766113119485
about:0.007462243790317209
is:0.002035398688565636
having:0.019824934791063346
advice:0.029468614153282186
natural:0.03172051963409985
article:0.006138885456943947
u:0.02864881426964406
bad:0.02076212914201806
miami:0.14356226995238344
poster:0.034506313422928016
s:0.009400549709939672
