4:0.15526684401116744
post:0.16141111277694878
re:0.02337128142363566
winner:0.3445229413896689
m:0.0855509195072545
andrew.cmu.edu:0.25467371292045377
won:0.27010246779117414
writes:0.04132889943859765
finals:0.6975525656849647
please:0.11971345980657842
who:0.08081580463961552
in:0.011104981368405655
5:0.16242955543235518
subject:0.0016685598057511436
lake:0.33258198909199954
