another:0.009317249287346969
some:0.004905617122409051
since:0.008406813543712947
at:0.0037015336657749203
out:0.0049503239457162175
louis:0.019803368435285545
dan:0.08348326658376594
know:0.005184349267471856
story:0.015105283731145395
saw:0.01427470833250191
with:0.002457257885670367
edmonton:0.023818122405989055
boys:0.02279100754085897
into:0.007524386146984816
from:0.0035570262791183847
1980:0.022593244890195166
my:0.003992496896345804
to:0.001158150554698177
remember:0.011691697632442152
near:0.015146116712107248
then:0.013410759241813472
sweep:0.025653070522006993
that:0.004372747379426179
memory:0.014208538765408887
r:0.013026133473651806
really:0.008199141778113133
through:0.009955728126154735
talking:0.013696181430093563
nt:0.006000660098507886
me:0.0045528936151451455
re:0.0015711785831015567
islanders:0.022841937627129327
so:0.004293321837751765
voice:0.03047474202887536
hooked:0.024225054447963502
bus:0.017004380889729668
he:0.04008739178622442
goal:0.017622378841848012
game:0.012487433226514653
recently:0.013904670439444072
on:0.012781735090066132
you:0.0023352898714652176
tell:0.010126155687489298
used:0.008296065161079266
moment:0.017681978148536903
great:0.02118698057758552
them:0.00615907214929513
loved:0.022050338455405223
seconds:0.01944606993660524
more:0.005342096747145907
passing:0.02053476195344442
a:0.0035205986365875507
hockey:0.08261142349748962
million:0.01644332461819806
was:0.022322549599194597
letting:0.02053476195344442
bring:0.015938516585248214
usa:0.015313536495919012
let:0.009685452700642121
danny:0.046104130889339845
smoke:0.021312671336367092
no:0.009460048203214368
brian:0.03139560936788889
those:0.007797964933981345
early:0.029434799149523367
play:0.013453437952858999
it:0.004321707097562672
pipes:0.025092014250475383
have:0.002148111819948121
ve:0.0076686289875102275
closed:0.017336439920650468
always:0.022327362168056364
kelly:0.12222161159214041
adams:0.05840690230688587
crowd:0.02249774803692812
heard:0.011355661174033086
writes:0.005556826815273633
end:0.0113623252209055
of:0.004901863501657277
dchhabra:0.0263007624540543
but:0.011181230626057314
year:0.010398154269788453
never:0.00926024886916748
finals:0.02344714506504083
up:0.005644791472068843
good:0.0068067640813424335
sounds:0.014969346905717806
one:0.004131558436032027
in:0.005225873585132073
st:0.016120786734955043
70s:0.02641912748332613
or:0.0028332414189205265
blues:0.02321685835707866
and:0.004010477042970482
few:0.009603476894564228
for:0.004101036087126983
subject:0.00011217208778158947
p:0.01414339512450147
60s:0.028369991383036624
i:0.0048125724515645785
oilers:0.02444432231842808
we:0.005662789519806596
top:0.014208538765408887
back:0.008850238319611502
canadiens:0.025858071211794523
stupid:0.016225572232212406
will:0.004761787163459178
later:0.013426100962007156
the:0.006017355962097481
do:0.0030181425164138515
when:0.016483291296349612
canada:0.015632805012632967
got:0.009294763956430982
home:0.012308248117064489
forget:0.016131148468128124
may:0.007819434989242986
reaction:0.019828304298814176
gretzky:0.02444432231842808
long:0.020002615505114157
many:0.007786558939403753
about:0.008277446893461105
night:0.028133065937680876
unlike:0.019378116746497673
guys:0.016322166846601895
spot:0.020276556998765162
lot:0.010414089866661305
silence:0.022545225159843807
first:0.015777771675554966
dave:0.01473224651838064
him:0.010069392030938267
late:0.016193861284164578
barrel:0.025270836159798058
article:0.006809520002660512
stpl.ists.ca:0.0263007624540543
give:0.009929564165361372
by:0.004161493591668765
s:0.007820625388941408
