go:0.017065195191176552
canucks:0.026102105721098272
round:0.019301239877189645
stephen:0.017858154734171128
pass:0.017803838685049544
true:0.011330178912973011
send:0.02573111509540546
ever:0.023187912779209303
with:0.00513006470868024
much:0.007663144164736541
4:0.021791837755953326
hell:0.014970968967025856
ca:0.009019949982861057
into:0.00785440308325608
cup:0.01920731841006764
from:0.011139108610923362
flyers:0.09945110758991921
to:0.0054402598424638056
montreal:0.06487428311559185
aka:0.022717812756179675
most:0.008142962561258937
depend:0.02247632250537692
franchise:0.027103240159611346
that:0.009129069090380968
nt:0.01252769388986734
could:0.006618899804061655
anything:0.010180882238242999
re:0.0016400899244656602
dream:0.021856526307716496
this:0.0023025545542606097
off:0.009576567754194519
he:0.006974268454036119
personally:0.017187914934677636
drag:0.022886524514196323
two:0.01635780204081852
on:0.004447445835432368
american:0.01415366323415884
phillies:0.024235141618354043
3:0.010269587476480787
why:0.007805800790149151
limbaugh:0.02961428925071367
a:0.0018375054287452564
same:0.00851795329179216
want:0.008300868279439393
million:0.01716452306636464
as:0.0035092726325307824
also:0.006506566367015642
rumor:0.024294014514547643
washington:0.01683865497988813
overall:0.020322869516138646
team:0.014049230564449549
brian:0.016386304889380608
taking:0.014942763307682478
likely:0.014501793004077754
d:0.007990544834986997
it:0.0030075037696488767
not:0.007933026428631116
choose:0.017428962672751132
rush:0.02239869278125674
reported:0.03622252278080406
philadelphia:0.04351139017486545
whether:0.012532713091586949
university:0.010308509217537953
has:0.004670063481958557
sun:0.015914439930258074
be:0.007611332330756201
things:0.009801429509387059
if:0.002939256227032497
of:0.0008528095858146432
future:0.015370641773323902
but:0.002917908869519343
never:0.009666400135359037
huge:0.018850539289655573
vancouver:0.021624761038530615
again:0.010709952360122885
seems:0.010335469690267886
they:0.012275258217207152
up:0.02356948018162078
ottawa:0.13630687653707804
pick:0.052895454039973866
in:0.00233789081440119
or:0.0029575063934345848
better:0.009807964347813171
weeks:0.015967389847952238
and:0.0041863751588902395
gets:0.014637352378915808
for:0.005707874787931122
i:0.0016745500635560958
group:0.011829455854415109
away:0.0242893297045936
mention:0.016555591290688256
ago:0.01254897247966949
will:0.02485318738822992
the:0.0036365276797717468
see:0.007760463865838492
represents:0.023017458563098434
older:0.019377852565963288
would:0.012271705869794421
can:0.003791956107182953
roy:0.02210122525345516
did:0.014420272310903204
soderstrom:0.02905361656865277
eric:0.01749135298385353
lindros:0.1344194810486124
may:0.008162392664209784
come:0.010531551203813194
simple:0.014470125249808072
an:0.003938149730533933
just:0.010301654065490226
quebec:0.023061986508116056
including:0.013947226783027324
e:0.01364425305286766
15:0.029314129227900384
draw:0.0185206120035258
trade:0.07401899818129289
is:0.0011783887144327363
dc:0.019636510471487637
1st:0.01974020241472027
2:0.00854565593024302
1:0.008590017069845213
existence:0.01784451253059923
first:0.008234889602592286
him:0.010511032032295208
psuvm.psu.edu:0.02192505840378264
successful:0.02102300173364691
afford:0.020724151710983674
article:0.003554091580335969
players:0.048840446224182786
94:0.023897593192318392
give:0.03109521409678956
mike:0.028029930078576345
says:0.011232573440471788
giving:0.016637574330215243
john:0.011760870173604585
s:0.002721211758140431
