go:0.007599344733570809
at:0.0068825391598002425
out:0.009204508586566093
mark:0.011732906110516368
lead:0.045283765284608334
behind:0.013780243753901165
final:0.01506503280170545
all:0.00745365492692415
bradley:0.02158442300384657
cut:0.014300841780485943
with:0.015991373584089183
way:0.006767081326353685
much:0.006824987771718482
2-1:0.025035598429827683
post:0.010088194548559299
313:0.023943470061784083
goals:0.03607307600631118
both:0.008772281571516554
scored:0.05804005399569468
to:0.004845231422194327
motor:0.0196839037413585
might:0.01661785262405036
thirty:0.023667620189854577
approximately:0.020233051985972524
quite:0.01037577883636485
like:0.013648114025492264
nt:0.0027893693426657754
along:0.013648286762270449
so:0.003991447646034844
anyone:0.006534823240786684
this:0.004101425299776711
goal:0.016383305329530574
game:0.0812658740444274
starting:0.01531844524561413
on:0.0019805032235909762
set:0.01034927571924188
you:0.0021710898023778197
pulled:0.019557884748318575
mvp:0.022725580905413607
went:0.012743989317328452
great:0.009848635502862019
inside:0.014664279402633542
came:0.035375703896225935
particularly:0.0156917980278929
seconds:0.018078768144187685
beat:0.016976297567296215
more:0.00993296113922442
a:0.004909584817428732
hockey:0.015360561556564475
j:0.01193019007628462
milwaukee:0.02316827108239409
looked:0.029101587534997538
was:0.006917665110167075
running:0.011826017236119929
also:0.005794910670623306
minutes:0.015567059562646772
third:0.014268691393233928
moves:0.0201600358413938
team:0.01251259597146288
play:0.0250149861935972
month:0.015522669880418978
it:0.005357116089687062
have:0.003994145415216038
boards:0.018274665736709057
won:0.03376280847389677
proved:0.04115929237513789
safety:0.0161432554107272
against:0.010090940594366589
amazing:0.01914632023403019
second:0.032222997382643746
after:0.007535990967441216
walk:0.017932917869040638
holds:0.019174322146056022
2-0:0.023943470061784083
goalie:0.06261668826786057
coach:0.01991471982092884
ford:0.018673849099586196
be:0.0022596142856932473
were:0.012119557011502337
end:0.04225364691524233
of:0.006076268298929333
saturday:0.019465968742810005
department:0.013547170244894283
seen:0.010126815978993566
year:0.019334068095387905
they:0.0072884345664667475
who:0.00505098778997597
now:0.0064527906167118915
championships:0.024451490094003606
michigan:0.020124033282390194
one:0.0076821164669970505
in:0.004858429348677474
minute:0.0524116684499223
douglas:0.017618678161154935
and:0.002237094225531972
subject:0.00010428498785944647
doug:0.016881404236948384
i:0.0014913961503546479
period:0.029617275262473562
away:0.021632684268153676
back:0.008227955937763818
games:0.013007305826596585
will:0.004426974003528455
the:0.008833043085809214
do:0.0028059293707285026
forward:0.01689706057053252
quickly:0.016580775170010383
last:0.017032519937964827
jim:0.013227854480269021
snow:0.10666159702826467
just:0.004587455326038617
about:0.0038477194543823107
company:0.013148937654809961
five:0.015511650832209442
paul:0.012793056605894755
night:0.013077479869468845
type:0.012658251993483189
center:0.012760276693253159
run:0.010456384485888261
first:0.022002595656926263
sold:0.01604112541031969
change:0.011609410577775342
replaced:0.01689706057053252
difference:0.012527944714196822
walsh:0.024911580077036352
laboratories:0.02208377211130706
three:0.03420103132584929
by:0.011606665720513665
bears:0.023757422995419806
four:0.013703305277433492
s:0.004847158444187643
driven:0.0183878983026202
