hmmm:0.046867010182263025
round:0.04151587445282301
boy:0.042781440614338
british:0.04206231452577306
know:0.011640331374134923
all:0.009000639911757464
send:0.0276730860460021
where:0.017428837719186432
whom:0.03970104527690361
with:0.005517239403674975
further:0.033470135859258364
from:0.007986530702171467
gerald:0.04777336706990098
france:0.04834529746439564
ship:0.04834529746439564
to:0.0013001878868781423
most:0.017515051546858847
us:0.019432796096084868
that:0.0032726851456082715
think:0.013582528561590142
european:0.041806173119490496
like:0.010987160976496916
nt:0.006736590110589042
french:0.09431911917098947
re:0.007055481184493784
dunno:0.05558355362207174
he:0.0150012566747192
you:0.015730160077605335
american:0.03044372846592656
europe:0.03880189263724017
came:0.02847855407998063
a:0.001317456722496599
as:0.007548246794500174
part:0.023105868985030916
blood:0.039402582211401894
let:0.021746582478800233
heritage:0.056740179302188096
those:0.01750863824799585
daniel:0.04036396221885226
early:0.03304472734710642
hey:0.036359801751237444
should:0.030996455513839238
probably:0.022520978443671777
has:0.010045042206476895
absolutely:0.03775904476554372
his:0.017400273976464684
writes:0.0062383244435619085
of:0.005503035440539773
america:0.03714847692892889
europeans:0.053624691690201516
settled:0.05505440771026945
they:0.008801128533091921
up:0.012674154437286648
sounds:0.0336104204109513
in:0.006704894411112848
golchowy:0.05151956384761463
or:0.006361428846255522
and:0.001800931200428254
subject:0.00025185808388696507
i:0.003601862400856508
we:0.025429130296489997
back:0.0794851592478316
than:0.01349623851150435
em:0.044863245917817436
the:0.0014221754905453829
do:0.006776584140627327
nhl:0.04025614433372374
see:0.01669231850387902
start:0.026580774413985965
can:0.008156282947525597
trace:0.051758411092749444
olchowy:0.05117226221438146
americans:0.040400177089674576
many:0.017483028562057485
is:0.0025346474234968293
right:0.01830069428104056
study:0.03495635234372452
lot:0.023382579134579157
alchemy.chem.utoronto.ca:0.05105927927997848
history:0.03133026041840453
too:0.018419979885514116
him:0.022608634937389696
lemieux:0.10529095331093806
article:0.007644649814307556
players:0.035017678424885776
before:0.020058436483232495
north:0.07573876952661934
s:0.005853172460905833
