played:0.028365056091988288
4:0.05211754204570656
goals:0.03228918691474008
0:0.38445695333605934
30:0.023937800520097138
hartford:0.3012555709010467
scorer:0.09157011939184201
8:0.02064679218443263
3:0.0327477754494772
m:0.009572130853958546
a:0.001953152623561392
mon:0.03776537864357144
pts:0.0860730202574419
third:0.02554395102564955
results:0.025615970271807415
play:0.04478207318574044
45:0.03154113013465499
second:0.019228641794771094
19:0.02864963085301314
36:0.03662888263309749
25:0.02571805977824904
g:0.04944058686729374
34:0.03458224197601483
5:0.09086968136075815
pp:0.10406220587275515
total:0.025601506963667142
for:0.002275166873511007
subject:0.0001866920062378902
44:0.031781699552258715
period:0.07953170420132762
6:0.04109579905677195
special:0.024445532817237922
power:0.03778818573665094
games:0.023285806235026053
rangers:0.1958161120257568
nhl:0.029840218876746268
ny:0.17627384608040222
7:0.02231838132119794
9:0.024900934654720465
cook:0.037522822294005775
sh:0.08411830777667047
2:0.1771281410995826
sanderson:0.1358560399832425
1993:0.021186404216854107
1:0.4382710807104243
first:0.013129754051685602
charlie:0.038366374656163924
april:0.023791285747469314
summary:0.030082775226311934
