read:0.009729626875098377
go:0.04174747321446625
at:0.00756193143737709
there:0.003938965603335396
played:0.0174085966573147
all:0.008189423439023959
damn:0.018462819130311614
stand:0.016900165469813145
with:0.00250998874158604
hell:0.014649703538548909
ca:0.008826388824430563
into:0.007685853660868611
someone:0.009456901779669614
such:0.008253292718745916
from:0.007266714630301936
surprise:0.04177138764034728
yours:0.01813875238134962
my:0.004078172795409019
to:0.004732014283573668
add:0.014747727109234844
look:0.02035337617404215
pointing:0.021955847999178938
observations:0.021955847999178938
then:0.006849271887449799
lunatic:0.026747564334235228
enough:0.010438405695010283
next:0.011495193234975
that:0.005955444213467413
think:0.006179176083813542
like:0.0049984509163462365
talking:0.013990090902842353
earn:0.025720827471291736
nt:0.009194144442778178
champs:0.024329240912555346
agreed:0.02038347726057627
happens:0.016034667445402485
me:0.00930119038973858
sarcasm:0.02504621123299812
happened:0.014473394415186398
this:0.00675943053697106
fingers:0.024395782485671078
best:0.010451399484813021
on:0.010880017708997637
you:0.004770806776040531
american:0.02769987311062846
hartford:0.02641296544380728
roger:0.018943153534620567
why:0.00763829433542492
prove:0.016853640943835183
a:0.0035961479635529484
how:0.005645334752056328
same:0.008335164594543401
anymore:0.019019117384832588
as:0.00343396635286274
baseball:0.016082728927419777
definitely:0.01826545812927375
washington:0.03295462090484544
patrick:0.03936141657075753
lose:0.01804611902655488
team:0.027495489860038604
poorly:0.024744905401782463
are:0.0027592763158850882
wow:0.022230306044673676
yeah:0.016970911777631555
it:0.001471482531072841
not:0.002587596603330321
should:0.021152087668242225
leafs:0.02138750213802301
have:0.0021942086401186816
traded:0.022745946868030168
being:0.008351089828004928
calling:0.017652363174023425
ve:0.00783319184131946
keith:0.03382375166626323
campbell:0.024011180946230358
strike:0.022611113407801073
absolute:0.01993392004830561
hope:0.012396830633648263
talk:0.014848041921188958
personal:0.01439440116393011
goalie:0.022932578249745785
publicly:0.022230306044673676
be:0.004965332679291599
which:0.005544602285482909
get:0.005641090022708679
things:0.009591098404035407
of:0.001669017901851834
what:0.003950395291831035
but:0.002855292799357984
again:0.010480125056257587
they:0.008007893772598659
talks:0.02054444033121341
who:0.005549583151218233
up:0.005765924336276329
ottawa:0.04446061208934735
now:0.00708976136428431
over:0.008609187779053038
in:0.0030502953114933985
become:0.014215548389678746
and:0.000819307756418004
for:0.001396347051124781
subject:0.00011457921412883389
i:0.006554462051344032
everybody:0.017501756651228276
we:0.011568617216428927
back:0.009040157596856384
league:0.01669466552889806
rangers:0.040059662402980284
stupid:0.016573760477538852
mail.sas.upenn.edu:0.025124962901101968
pretty:0.012352017411672217
will:0.004863971437353152
the:0.004205488896934631
do:0.0030829095232038483
would:0.01200836454211643
can:0.003710583658530959
nobody:0.01720295993758982
home:0.012572373613138834
agree:0.01294658875092034
americans:0.018379479706032213
once:0.011515155343025349
maybe:0.022728867659590764
lindros:0.07892096569721105
come:0.020611104501883335
sp:0.020253804391063408
quebec:0.0225670940937788
about:0.012682611763800922
head:0.014819140495517953
trade:0.03621530383119051
is:0.0057655070148211135
itself:0.014433716054053133
right:0.008325637741589268
time:0.013558025492735739
told:0.01330566423488897
wanted:0.013069356178309451
smith:0.016900165469813145
nothing:0.03289514165022629
him:0.020570946809985474
taste:0.022110525838162618
kkeller:0.027506923596720544
supposed:0.015659635242130304
sign:0.01859962260039938
playing:0.017190428992940314
latin:0.025813128781252952
blame:0.019215126126605926
s:0.005325633312068827
