large:0.02153981381214083
there:0.006602726514943507
thanks:0.01434091111450477
with:0.004207391199924801
funny:0.03237961259392966
my:0.006836073822520153
to:0.0019830203742314113
hole:0.033575184675879166
randy:0.07215520381609686
been:0.021111372478006322
that:0.004991433459488875
considering:0.028815611189604986
like:0.016757396597247096
nt:0.005137255767787328
happened:0.0485223150897616
anyone:0.012035357911089145
ball:0.06415259481628698
had:0.011038909968936224
error:0.0812688811332086
this:0.015107408298458101
something:0.014321304440025344
game:0.08552544195425864
on:0.0072950910106372654
went:0.02347094435421643
am:0.011757815515837163
letters:0.03373963171239751
seconds:0.033296148524547105
a:0.002009358454455245
was:0.031851119931704516
said:0.015766221788945555
given:0.02005602560562073
also:0.010672641235104795
jack:0.030753639559424
exact:0.0307262328801674
video:0.02514900138751815
computer:0.01928563241126126
yeah:0.028447643483368003
it:0.004933171650934849
should:0.011818792390168918
zero:0.06667070862848362
couple:0.022704976939960566
have:0.011034185895273083
only:0.0095937858868294
interesting:0.02351096807137707
completely:0.05175530413006432
after:0.013879235163057203
has:0.00766024801357231
screen:0.026894296187813294
down:0.017009824294627038
even:0.012080283796877884
seen:0.01865082655123995
what:0.00662188563306929
years:0.01604154980561434
never:0.0158556779198695
oh:0.023235368231233622
must:0.033344754352222984
programmer:0.036677469598257434
one:0.007074179192630378
code:0.023313039642674074
in:0.005113084946604043
system:0.0160807361816009
or:0.014553484698627741
message:0.04672402717352117
and:0.0027467439891423733
subject:0.0001920644380720741
i:0.00824023196742712
ago:0.02058392608176003
later:0.022988575747897148
the:0.004880415172590991
do:0.005167754812276955
when:0.009407729804631193
forget:0.027620239823125857
an:0.025838795354294584
thought:0.019313571260372035
actual:0.02922558911315614
address:0.022969937798083533
division:0.05701535850532853
else:0.01817663471466228
atari:0.044643987358234875
drove:0.0379766346118935
golf:0.08295774041173114
playing:0.028815611189604986
by:0.01425087014125419
black:0.025392462994560706
7th:0.03965731699449426
s:0.004463570365870636
