week:0.0405628094635951
out:0.01386090704800541
andrew:0.17719803101985876
posting:0.038813983023014594
thanks:0.023451607587248978
your:0.014822732025661912
someone:0.025923036643094352
mentioned:0.04135486610343339
ext:0.06424792668055472
to:0.003242821553154896
day:0.029921212185445554
next:0.03151035322057853
playoff:0.10954622580424184
nt:0.00840092413791104
could:0.017754225356777145
sometime:0.06127495781519291
scott:0.08993122478050604
so:0.012021301145704943
two:0.021938699207686017
pool:0.12420593437772229
28:0.05203018121469114
was:0.010417189812957478
as:0.00941310776725904
operation:0.050656072182382314
town:0.05240033732593567
those:0.021834301815147766
missed:0.051128613849739185
18:0.045491170508507046
ve:0.021472161165028637
postings:0.05419598164342452
able:0.031029002660125517
messages:0.05147106189865767
be:0.020416279663675457
considered:0.040504034790731905
if:0.007884122585451873
of:0.004575072601546792
who:0.015212386755692333
in:0.0020903494340528293
and:0.00224586714406347
usenet:0.04804939563110296
for:0.007655267362637035
subject:0.0003140818457884505
until:0.06732154647916809
i:0.00898346857625388
will:0.013333004057685699
the:0.007094145976367558
benefit:0.05329287557034407
would:0.010972348777698543
repost:0.06532518778085461
rules:0.09692977177808594
during:0.03445140599767612
entry:0.05871847221884018
first:0.022088880345776954
instructions:0.056852530687350314
era:0.0593801159638152
april:0.04002533955162485
before:0.025014050202619344
grateful:0.06339709536785323
respond:0.04757656174188831
hp:0.050889970659486174
telecom:0.06887195712890304
roman:0.06008119946031221
