your:0.01657805555501661
with:0.0076950970630203595
ca:0.05411969989716634
alot:0.06663127512380926
my:0.012502819228030279
to:0.0036268398949758705
montreal:0.06487428311559185
then:0.020998425654944777
everywhere:0.06546797305349276
h:0.046489238477559425
bruce:0.06061392683804057
nt:0.02818731125220152
consider:0.04237321156014728
me:0.02851549158959328
wait:0.048307892172501546
baby:0.13134395101582672
game:0.0391053829988222
on:0.020013506259445653
you:0.03656572298741591
possibly:0.05101254820259659
a:0.0018375054287452564
row:0.07270542485506212
against:0.03399053673891903
lady:0.06742896751613076
throwing:0.06696723962387721
love:0.08611098526793286
personal:0.04413020356836468
get:0.017294394411725294
down:0.031110073380962604
of:0.0025584287574439294
what:0.012111080302587252
pete:0.06840407241289027
please:0.025202833643490193
direction:0.058133557697889866
in:0.00233789081440119
or:0.008872519180303753
and:0.005023650190668287
wpi.wpi.edu:0.07727379590748566
subject:0.00035127574857918807
cause:0.04149343596502719
i:0.0025118250953341434
we:0.017733472443604868
canadiens:0.08097659142640916
the:0.0009917802763013855
do:0.01890310312911833
ulf:0.1678253815716133
can:0.01137586832154886
peter:0.04844596158981522
once:0.0353030420384856
come:0.06318930722287916
just:0.03090496219647068
during:0.03853117776055882
dear:0.06323878684351847
win:0.044598360574057125
fans:0.054118429204571813
him:0.03153309609688563
by:0.013032045721278501
seem:0.036312007301259705
