reached:0.053359158246677044
some:0.026534928980303504
go:0.04421436935895744
there:0.010429306654285767
among:0.039142107590748015
rumours:0.06834612506854475
from:0.009620139254888358
both:0.025519364571684522
finnish:0.29760288802348656
to:0.004698406227582378
centre:0.05689566472238131
next:0.030436136633513355
that:0.003942098016300873
playoff:0.05290584768954862
think:0.01636077304009722
had:0.01743646006456972
this:0.005965709526947943
getting:0.03082047241164416
he:0.03613939108000535
on:0.011522927846347498
stronger:0.05783534331153033
hockey:0.04468526998273302
also:0.016857921950904166
team:0.0364002791897102
are:0.02191743346367814
ones:0.03855261341337337
traded:0.06022506386648897
being:0.02211140829460396
stay:0.04487156327563844
against:0.02935546354724826
has:0.024199419861057978
erik:0.06309819274287093
heard:0.030711901811589483
which:0.014680594687699066
get:0.014936067901035481
of:0.0022095521087015756
year:0.028122280866018774
good:0.018409202856357946
according:0.03908552505211611
and:0.0021693034914249424
still:0.02320123957079031
subject:0.0003033745101365716
i:0.004338606982849885
mighty:0.06424370068743872
top:0.07685527786743898
canadiens:0.06993432895917155
games:0.037839435131917336
will:0.012878469828446414
currently:0.040896971612014735
the:0.005995762579458376
nhl:0.04849035567471269
level:0.040006081393110786
last:0.024774574455221566
just:0.013345324584839613
during:0.03327692624775535
btw:0.04263398318685608
about:0.011193365685475814
is:0.006106196065696907
acquired:0.06652404949950862
too:0.022187703043914733
very:0.01980957377026645
players:0.0421803853754306
by:0.011254948577467797
champions:0.06441719468892496
jets:0.11750617200134379
news:0.034873596774584306
