canucks:0.055619440228134635
say:0.017734065180070497
there:0.008577373696982686
with:0.0054656764185939
edmonton:0.052978627407713974
worse:0.036402480498508284
teams:0.03865411343712296
like:0.02176895445810604
toronto:0.037542993412528806
sitting:0.042427995275345395
re:0.0034947710540015934
this:0.00490637792870485
getting:0.025347678245090523
game:0.0277757860552382
on:0.004738400235881214
you:0.01038876615717237
american:0.0301592076391422
numbers:0.03296955514952054
am:0.015274171557956686
etc:0.021703962499609677
names:0.11486627697142653
seeing:0.03746065107905072
particularly:0.037542993412528806
m:0.01279266086089787
a:0.002610288085694196
richard:0.03491661228765213
other:0.012890728858242155
wings:0.0427112228407223
as:0.007477702431934751
red:0.03376279397142571
let:0.021543343390213313
bull:0.052286029537118445
canadian:0.04535203566114296
far:0.023265215627302816
team:0.029936678212098104
are:0.018025552755174548
annoying:0.04867636835786352
it:0.0064085127054200365
between:0.021709026598564538
doing:0.025053298179115096
which:0.012073760116986146
writes:0.006180022345958526
of:0.0036344034685184792
america:0.07360258980311145
what:0.008602262644828329
but:0.006217600207947759
europeans:0.10624705269460487
well:0.015727737478068642
accept:0.033384224024885355
in:0.0049816738848922565
point:0.02057510244168281
or:0.00630197624021575
watching:0.07961876810727726
and:0.010704600406283828
subject:0.0002495042700188626
i:0.0035682001354279424
bure:0.05751608362997286
sick:0.08394845362700872
the:0.0035222103270516492
nhl:0.07975983737149002
sfu.ca:0.05453988053540712
an:0.008391571388427445
gretzky:0.054371483287718535
here:0.03365235337613824
many:0.034639271543515766
quebec:0.04914142919486412
is:0.0075328773894578665
too:0.054743491622369064
fraser.sfu.ca:0.054043527027800124
article:0.007573204488940196
north:0.07503093055908085
john:0.025060545790484536
s:0.011596939829084454
