some:0.010911559580685551
since:0.018699267508445618
played:0.037908439450040424
4:0.023217472001669896
from:0.007911890228319398
to:0.002576073196431459
remember:0.026005832117020858
playoffs:0.04295398439589296
appreciate:0.0358804984618177
teams:0.03865411343712296
that:0.006484198606251903
think:0.013455589042322946
really:0.018237343394307718
could:0.014103823881551937
toronto:0.037542993412528806
re:0.0034947710540015934
93:0.03421509809162992
best:0.045517309905821195
leading:0.042198357324593004
two:0.017427938622928144
game:0.0277757860552382
hartford:0.05751608362997286
am:0.015274171557956686
scorer:0.0611893788459505
names:0.038288758990475506
a:0.001305144042847098
other:0.012890728858242155
same:0.018150405145127217
was:0.008275337701882109
gilmour:0.05488606064456925
minutes:0.03724455371997732
course:0.02286123177476653
video:0.032670198064159085
team:0.029936678212098104
are:0.006008517585058182
no:0.010520988188621587
it:0.0064085127054200365
ones:0.031706822246512674
won:0.04038915406223165
against:0.024142811141662116
real:0.02390274629904904
be:0.005406179973247395
making:0.02873464664366732
things:0.020885289048039716
if:0.012526176070344097
of:0.0036344034685184792
available:0.025243587175833925
but:0.006217600207947759
using:0.02060206148266281
well:0.015727737478068642
finals:0.05215346285495063
now:0.015438452316619104
title:0.039263489080214195
email:0.025643912700634958
in:0.001660557961630752
5:0.024288531653436286
thoughts:0.04013106838902629
better:0.0208992137504804
and:0.007136400270855885
still:0.019081393291864927
for:0.006081287157235027
subject:0.0002495042700188626
each:0.023794480349164628
i:0.010704600406283828
period:0.03543001152894033
compete:0.052978627407713974
top:0.03160403949689079
games:0.062240566198293934
scoring:0.04814721981581205
the:0.006339978588692969
7:0.029827369429264537
many:0.017319635771757883
different:0.02361884951412381
is:0.0025109591298192887
done:0.02475386496654858
yesterday:0.04108750496125909
matter:0.02823273842897703
lemieux:0.05215346285495063
players:0.03469041040222329
november:0.05014732325273669
shots:0.04580801850384793
playing:0.037433364068739185
fashion:0.051274687624592905
