picks:0.02318046709797956
go:0.007844484886266642
choice:0.015211139816607027
out:0.014252142327586207
mark:0.012111386952791089
played:0.016355657343364215
know:0.0049753029260415395
take:0.008571569073934289
selanne:0.02471584006377712
your:0.010160743727268245
with:0.002358174906409465
ca:0.01658506932332517
into:0.007220983479767687
from:0.0034135978001216755
gerald:0.040838523462979864
turn:0.013796282801268206
surprise:0.05886733863024748
themselves:0.01305020248517265
my:0.0038315091182673437
to:0.004445803742228486
player:0.0156744477139363
look:0.009561162597886736
then:0.006435001410386303
us:0.00830595317010079
enough:0.009807050511844339
perhaps:0.011647022329193731
been:0.005916291883957416
make:0.007097098723184289
that:0.0013988089735261161
guy:0.013654559463503505
think:0.0058054355948732065
like:0.018784501024333437
nt:0.014396744994404001
re:0.001507824607976494
this:0.006350594012557487
off:0.0088042639030498
he:0.012823654899356735
joke:0.01979284866689654
two:0.007519312228440772
game:0.023967815386374897
on:0.004088780848703951
you:0.006723374871879699
went:0.013155085746919693
them:0.00591072246585581
roger:0.053392194841531355
mogilny:0.07714553830308031
a:0.003941745516501921
how:0.005303883053343243
want:0.00763144341819428
was:0.007140815597591819
as:0.009678800325205867
old:0.010677068880412597
season:0.01539207430925693
ice:0.01886417108305451
waste:0.017252338690315883
learn:0.01536296040613803
course:0.009863515322177496
straight:0.016115571078481085
worst:0.01737786658787707
are:0.005184769206461496
no:0.004539297323316572
taking:0.01373770175061131
play:0.025821921232100337
works:0.011996475780446533
reason:0.010775048080679547
it:0.001382481571532145
not:0.0048621774885158455
couple:0.025451546731084827
have:0.002061494407853439
pleasant:0.024251850830773945
only:0.010754324502171666
proved:0.021243505742006653
neil:0.022501695667256925
has:0.004293445459219963
attacking:0.02137018395262512
his:0.01487442775407465
coach:0.04111426027546599
be:0.0069975152073081205
writes:0.0026663806089417836
get:0.010599790123315501
down:0.009533732165133701
if:0.002702219434529876
of:0.003920173096083441
opinion:0.013343998244305199
but:0.002682593638106493
year:0.01995774771136816
years:0.008991029931372555
biggest:0.019485746404938616
lines:0.014246702114090792
who:0.026069614399875974
up:0.005417178912711229
in:0.005731603286919048
pull:0.018226171062026713
golchowy:0.02202045874131916
world:0.01016633342230918
weeks:0.01467969711827867
and:0.011546292776939209
for:0.0026237811525167258
known:0.013132777208332088
subject:0.00010764901972588023
tricks:0.023048250070467506
draft:0.019910587193881467
back:0.00849337387124007
league:0.015684907533198584
rangers:0.037636698951187125
bure:0.024815407050028614
predicted:0.022501695667256925
will:0.009139559233091003
the:0.004255057314454331
do:0.005792886442794328
got:0.008919975087220056
can:0.00348615319531336
olchowy:0.021872015301308206
butt:0.022389681295857427
needs:0.01350542968818285
injuries:0.021776004621091596
an:0.007241114020659167
interested:0.011601113771834355
minors:0.024340475454639972
is:0.006500144198967675
number:0.010089777614507089
new:0.006951611148723979
expected:0.016731323644025537
their:0.006103562978152072
trouble:0.015382346299557802
alchemy.chem.utoronto.ca:0.021823724208377897
smith:0.015877978042203478
too:0.007873055918808453
every:0.009807050511844339
dog:0.02006276593574778
article:0.0032674712915991976
very:0.0070292035959009964
players:0.04490170056094224
skate:0.02491749498544914
golf:0.02324823773635207
bad:0.03315243201709335
while:0.008751381072090817
alex:0.022616910878724892
s:0.005003518394000148
