go:0.02262130525342008
out:0.013699733710237905
with:0.006800318334762178
from:0.009843863423606693
to:0.0032051143257926296
line:0.03283492731169754
that:0.012101324143063145
think:0.016741256134052966
nt:0.008303238973516727
could:0.017547780875884388
this:0.02441778783122879
he:0.09244960508838578
on:0.01768635436881244
a:0.004871526020394402
hockey:0.045724462307912855
was:0.01029605969885332
local:0.03553934246413898
canadian:0.11285273990098366
team:0.07449359462080227
play:0.03723160735791211
it:0.003986691043488046
plays:0.057590131096503246
heard:0.06285226417255523
be:0.006726293687645015
if:0.007792446741434991
of:0.004521874082924155
host:0.055661099967124705
year:0.02877628739778665
well:0.019568231513410986
they:0.01084790261055516
called:0.031189005765775973
one:0.011433847764832819
in:0.004132086090569546
or:0.007840830903524248
world:0.05863373694727155
and:0.004439504819660347
for:0.003783126312931093
station:0.048092908578746006
i:0.0022197524098301735
will:0.013177969126782376
yet:0.030582194682397253
the:0.0043822849417968195
when:0.015205516777252744
radio:0.041713376287996116
did:0.01911524469119727
lindros:0.07127358530019448
last:0.025350727349529045
friend:0.040386039763869834
paul:0.11424497062008339
is:0.0031241003126821383
night:0.03892831216958168
morning:0.04988535834417925
2:0.02265592502436522
told:0.036049067054989885
1:0.022773533627031495
wanted:0.03540883708774538
him:0.027866457015852414
arena:0.06627867065266861
playing:0.04657406924831503
