since:0.012274979284685161
ability:0.024590734143916732
bench:0.036029499932324606
out:0.007228080362456809
marty:0.03731227169832804
surely:0.02752462655122099
watch:0.02358382724278742
with:0.007175796034227575
much:0.01071899919975418
though:0.030497474866388707
surprised:0.026998053325148708
kings:0.06402610538940812
surprise:0.02985501018466539
to:0.003382083828443757
rookie:0.03580225286680099
that:0.004256498471588673
puck:0.033818202835795716
problems:0.016828670158845233
think:0.008832809984837762
control:0.018709412699024684
really:0.023943506051422404
nt:0.0043808500105671075
its:0.012686040221068529
re:0.0022941135139765063
anyone:0.010263280672646572
this:0.009662253466958632
he:0.029266255353133167
personally:0.024041991442371173
on:0.006220967180850183
orion.oac.uci.edu:0.03305983500777623
mvp:0.07138341977651391
am:0.010026603415345801
great:0.01546779563639679
impressive:0.0322584841954016
more:0.007800116722826539
bryan:0.03251414490951552
a:0.0025702529923553284
noted:0.027381613797426832
was:0.010864553792655038
as:0.004908675829552261
running:0.018573376763476698
defenseman:0.0385751677363903
coming:0.021329018127543526
assist:0.069182917584418
handling:0.02960626113930128
third:0.02240972390593795
team:0.01965168447051839
worst:0.02643994425640192
van:0.028132546199345104
month:0.024379162511578272
it:0.002103407544417006
not:0.011096503225324508
have:0.006273013658253409
unfair:0.03663741958044872
expect:0.02120381032612508
second:0.03373859848653088
site:0.02396051654870311
has:0.006532358735500313
his:0.03394654677617037
knew:0.023816534128207115
be:0.00709768413665609
writes:0.008113648969540643
of:0.003578661084032
even:0.010301591704086047
opinion:0.020302524936120794
but:0.004081492161045462
year:0.03036516216208162
biggest:0.20752917643541988
well:0.010324343007075736
they:0.0057234332791886115
david:0.015315614965303644
one:0.006032582256292163
in:0.00218011904165019
become:0.020320385121442627
chosen:0.030203186973576122
speed:0.020604080778440375
and:0.004684630852647728
for:0.003992010587878209
subject:0.0001637850116074742
i:0.00585578856580966
rate:0.023832366315897247
stupid:0.023691326326788668
angeles:0.029062300175585594
the:0.003699401276019892
do:0.008813716796398733
putting:0.02466291108612279
would:0.011443553939930995
agree:0.01850647349057938
did:0.020170687649606937
just:0.007204837812674147
people:0.009234804540325874
contribute:0.03284947259379689
is:0.009889789946895605
expected:0.025456247016676894
too:0.011978637226162556
him:0.029405095746789053
article:0.004971367363905528
warren:0.03432273104583849
close:0.021318485988776323
going:0.013360832417482715
los:0.027974826219527883
alex:0.034411005508734806
s:0.0038063575512639163
