prism.gatech.edu:0.06562648041811496
obvious:0.05342567102641683
go:0.10807956954411817
choice:0.05239392603497976
music:0.06398136721793171
know:0.01713715452303197
faith:0.05201425167159434
ever:0.03671419523374806
braves:0.06675205277926949
from:0.011757947978196882
my:0.013197420296254184
to:0.0038283310002523076
next:0.03719972255207188
quite:0.03689165808485279
re:0.005193618094141257
happened:0.0468375124824782
prefer:0.05703511257002557
hrivnak:0.43866249152117165
on:0.007041789239434582
you:0.01543886081690894
seeing:0.05567068979803371
more:0.017658597580843413
how:0.01826893051707117
giant:0.07894746276613
question:0.030319251157598672
no:0.015635357446979303
internet:0.03967408254325842
play:0.04447108656639502
have:0.014201405920768134
friedman:0.08294304710573808
after:0.0267946345509021
be:0.008034184126909323
writes:0.009184199875243921
what:0.025567836194350865
who:0.017959067697692337
now:0.022943255526086725
in:0.0024677736374234785
or:0.009365436912542852
and:0.005302741867927637
capitals:0.07938841690938807
for:0.004518734207112138
will:0.015740352012545616
the:0.0020937583610807025
would:0.012953467307005223
fan:0.05554938868735657
effect:0.048144075758644524
wam.umd.edu:0.07674461512478781
an:0.01247080748002412
about:0.013680780282248214
is:0.0037315642623703318
does:0.01692345575468785
fans:0.057125008604825805
him:0.03328493476893483
article:0.01125462333773057
answer:0.04217043114067856
mike:0.0887614452488251
emotional:0.073907108687111
jets:0.07180932733415453
