some:0.010711347478287654
obvious:0.035290351503688186
choice:0.03460883187631691
know:0.011319955281268824
ever:0.024251578503026245
eos.ncsu.edu:0.05337384139253105
goals:0.04236104338355809
my:0.008717562030553223
to:0.0050576115966636
might:0.019514542530994917
think:0.013208697500261976
like:0.010684762050538288
nt:0.013102358747200707
re:0.003430646814478629
happened:0.03093854035539845
effort:0.037269329236043154
prefer:0.03767456977102607
hrivnak:0.23180696799650907
this:0.004816352645609349
he:0.029176756101288722
two:0.01710815993259919
you:0.010198146594655448
seeing:0.03677329968310484
sharp:0.04933203930152706
a:0.0012811964457306378
how:0.01206755043329472
looked:0.0341743413255017
let:0.021148052685805732
starts:0.08206352980538294
frank:0.0718564105789105
play:0.08812618989303968
have:0.018761490390739554
against:0.02369982378126465
hopefully:0.04241050071048356
after:0.035398416287430304
has:0.009768573154922487
his:0.033842734706518475
be:0.005306984010435517
credit:0.04433454227912639
if:0.006148168988655132
of:0.0017838585831719143
relief:0.04796311821724563
seen:0.023784081565342688
what:0.016888845926543692
but:0.01220703160092496
ok:0.029943570555146164
who:0.011862870405815122
david:0.022903167333435726
over:0.018403126169902365
in:0.0032601780164126697
or:0.006186343648652159
and:0.005254092859964999
for:0.0059697039066435595
subject:0.0002449262100185165
i:0.005254092859964999
mighty:0.05186647394949181
we:0.01236462298820156
actually:0.022424900248633806
will:0.010397296742231967
yet:0.024129071033818016
the:0.00207454956877721
do:0.006590072650518319
would:0.00855641877159978
forget:0.03522214069187609
just:0.010774207004274184
about:0.009036845691026345
trade:0.03870718253517151
is:0.002464886485235449
tonight:0.044582511750575204
fans:0.03773395063805008
him:0.04397275785987721
change:0.027266138604683375
eight:0.0449675044028599
give:0.021681066709688137
answer:0.027855697634209694
periods:0.05069369072463048
four:0.032183909642412606
jets:0.04743368411063419
s:0.005692075971156132
isles:0.057175986145658796
