mark:0.06129844825086102
all:0.019470772054005943
to:0.0028126513471241443
thursday:0.21298479956068414
game:0.12130649420042805
on:0.020694237764868974
regular:0.08259270717868696
concerned:0.0821630457664863
following:0.05586355659264819
injured:0.11360069966336689
are:0.03936192132252401
those:0.03787582967933796
should:0.03352677841292815
leafs:0.10169975506447675
against:0.05272001616648666
be:0.01180533177831574
were:0.031659250968822425
saturday:0.10169975506447675
who:0.05277766833607544
leaf:0.12611303584472217
and:0.0038958919845998963
for:0.019919318137473916
subject:0.0005448358549391489
back:0.042986871838113005
the:0.0030765428979145017
peter:0.07514067511889706
home:0.0597829194257418
return:0.1506272533802828
including:0.06489730013327
maple:0.11506954659449115
dave:0.07155662594642025
update:0.08860902432604705
fans:0.08393878815402975
players:0.15150505767501599
questionable:0.12274406134759057
john:0.05472404897105807
s:0.025323929830857888
