reached:0.03427449580808452
choice:0.027535493974587905
round:0.032121771474446996
say:0.013850693242828784
played:0.029607321322294346
among:0.02514237567872865
cup:0.0639309284305901
finnish:0.09558048958418545
daryl:0.09021224461885236
to:0.0030179543651624036
ccu.umanitoba.ca:0.0865850714904071
playoffs:0.03354800241139085
centre:0.03654612040561719
that:0.005064301101233238
playoff:0.03398331822394363
really:0.014243764548838874
through:0.01729535251113012
nt:0.005212252202353566
re:0.002729492721008544
so:0.00745847151375854
had:0.022400123878571317
this:0.0038319886012512334
getting:0.0197970917680634
he:0.05803405866862172
contact:0.025401987583799763
on:0.0037007943448123352
a:0.0020386921545202845
stronger:0.03714970957236984
same:0.014175863872471623
was:0.0064632199569444205
route:0.03734096776502695
course:0.017855122627007437
overall:0.033822001822478916
fidonet:0.040140839274944155
are:0.004692783807308215
no:0.00821712216191613
internet:0.02085061272346428
play:0.023371665932703952
it:0.002502594377664029
ones:0.0247637224845026
turner:0.08231252238146082
stay:0.028822609987271403
against:0.018856064176334647
has:0.007772076451726649
5th:0.04314799102041392
noticed:0.029607321322294346
writes:0.00482673278115009
get:0.009593970622562936
of:0.004257823041585518
year:0.018063946833647093
oh:0.02357457068716404
well:0.012283707373382078
please:0.013981133992009159
up:0.009806280075564852
pick:0.029343463555022
good:0.011824889425981745
over:0.014641903303061005
in:0.006484660653083594
yes:0.0194660282518532
or:0.0049219814430882134
still:0.014902986001675526
for:0.011874046091681531
subject:0.00019486829848188537
winnipeg:0.03808852254917344
i:0.001393421220769306
mighty:0.04126602671893874
draft:0.0720850456070453
top:0.04936689381266154
games:0.024305622566487047
will:0.008272301787615214
the:0.008252770182361894
scores:0.03787693468878474
level:0.02569733695323904
last:0.015913595270507282
during:0.021374959925565477
norris:0.04043091466654644
btw:0.027385332266009744
is:0.007844456259581427
win:0.049481392753698415
assuming:0.02896474212897082
entry:0.03643116889490084
article:0.005914838542456942
very:0.01272439775024414
by:0.0072294560205632555
champions:0.04137746812135325
begun:0.04137746812135325
jets:0.22643525115587415
1991:0.03169227877354967
