mode:0.061270163943651694
hmmm:0.03974322463455905
boy:0.03627866164095862
british:0.03566884271785555
know:0.009871001005266415
send:0.023466776967009783
further:0.028382675208651093
cup:0.03503414877996338
from:0.006772578035441405
gerald:0.04051181527527603
france:0.04099681224980751
to:0.0011025593280726647
most:0.014852763711736303
us:0.016479011089479967
that:0.011100948013903258
like:0.027951337524208156
nt:0.017137885241338524
toronto:0.03213680236112466
french:0.07998261305699907
sarcasm:0.04668613773830849
re:0.0029915240222253645
dunno:0.047134853471516844
so:0.008174484779079361
anyone:0.01338331799713113
mean:0.021147376454638885
off:0.017467659583650805
he:0.025442131320323764
posts:0.03218413977734937
on:0.00405607060191432
you:0.00889278383053955
american:0.025816281739105728
reader:0.04121402016233512
europe:0.032904004956379664
a:0.001117203300677116
was:0.007083689072811085
as:0.006400913281736148
said:0.017532038629307457
part:0.019593776899306217
blood:0.033413389715268804
patrick:0.03668484024394601
heritage:0.04811567204825551
early:0.02802192879034625
hey:0.030833111885049357
ludicrous:0.04777519513290513
yeah:0.031633779553505215
it:0.005485686875839551
probably:0.01909778972023367
has:0.008518195791092408
his:0.014755432332042054
kinda:0.0408552156330123
of:0.004666574053577728
america:0.0315019084357317
what:0.0147270736479461
canadians:0.046124503668922505
reading:0.05258115274180785
europeans:0.045473738553290885
settled:0.04668613773830849
must:0.03707936683967196
sounds:0.028501636508486704
in:0.0042643128454677715
or:0.0053944916616246825
and:0.0015271896579631594
subject:0.00021357565513614637
i:0.0015271896579631594
back:0.0505525612816209
decide:0.032749659332902234
than:0.01144481025775569
the:0.0036180144479474544
do:0.011493086702503947
nhl:0.03413721039499773
can:0.013833055879003414
trace:0.043891132606651534
did:0.013151288347543724
americans:0.03425935017204405
many:0.014825608220624748
quebec:0.04206506339080369
is:0.0042987620302506226
win:0.027115803229026732
right:0.015518988750322397
study:0.029642986787478388
lot:0.019828427106123127
fly:0.039622010194394236
history:0.026568060834807047
too:0.015620142942915973
him:0.01917212242690646
lemieux:0.08928672840767549
before:0.017009554137781154
going:0.01742252547239746
understand:0.023969258103485228
sometimes:0.0280360505945428
north:0.0642264765585732
opposite:0.038606564525648875
s:0.009926980493696294
