tv:0.01994032134869296
likes:0.027838018478528907
another:0.011671080686255678
some:0.0061449309217544955
played:0.02134843695344382
bnr.ca:0.04912579652576003
tel:0.021397095154201982
take:0.011188153317556333
watch:0.020232441266180786
ever:0.013912747667525581
with:0.003078038825208144
c:0.013611040502257683
maynard:0.05534876761947853
cup:0.046097564184162346
wrote:0.013555657761541374
my:0.005001127691212112
weather:0.027463829417035585
to:0.0029014719159806963
everyone:0.016092172407963703
montreal:0.051899426492473484
playoffs:0.048379750845900495
that:0.0018258138180761937
problems:0.01443722755732512
pittsburgh:0.023276660017098667
like:0.006129679281624596
talking:0.01715626937032773
could:0.007942679764873986
need:0.010111589428932822
re:0.005904323728076377
so:0.005377950512552211
this:0.0027630654651127316
game:0.015642153199528882
on:0.0026684675012594206
syndrome:0.028677111830782073
tell:0.012684342387486593
roger:0.023230288281929433
richard:0.01966356586725673
hockey:0.02069633557095003
as:0.004211127159036939
coming:0.018298052393629447
said:0.011534235940333853
steal:0.028361858454039605
stanley:0.026027687381948005
let:0.012132303909225393
act:0.019640174015886077
team:0.03371815335467892
ontario:0.024996580009022478
are:0.006767488227381321
no:0.005924977558855315
likely:0.017402151604893303
play:0.033704402450320435
crap:0.02557628305690893
not:0.006346421142904893
have:0.0026907927007771204
only:0.014037223560729332
massive:0.026268790203165342
kind:0.014502772089279262
stay:0.020782618780295695
p.o:0.02424557073521623
against:0.013596214695567614
hope:0.030404858290947846
lineup:0.030811138715561886
has:0.011208152356700536
be:0.0030445329323024804
613:0.03324599935739406
writes:0.0069606567475532875
get:0.006917757764690118
were:0.008164754197222627
if:0.003527107472438996
of:0.0030701145089327155
trying:0.01419120117404419
together:0.018731401270790687
alone:0.020206385975865757
they:0.03928082629506289
up:0.007070844054486235
ottawa:0.02726137530741561
now:0.017388572609244677
box:0.016676521108982142
one:0.005175320567240118
email:0.014441571889304951
in:0.00467578162880238
use:0.008751471198670252
and:0.006028380228801945
still:0.010745837274892353
for:0.0017123624363793368
known:0.017141730250875568
subject:0.00014051029943167525
station:0.021768369146169246
i:0.0010047300381336576
we:0.014186777954883894
canadiens:0.032390636570563666
games:0.03505126622746027
research:0.01624911305545672
will:0.005964764973175181
unfortunately:0.019378384635926088
than:0.007529480432734006
the:0.005157257436767205
sfu.ca:0.030714564301518747
canada:0.01958214522635077
can:0.013651041985858632
home:0.015417700272954466
ramsey.cs.laurentian.ca:0.058164339884049704
forget:0.020206385975865757
simple:0.017364150299769687
last:0.011474539747681567
problem:0.01113455416866097
ltd:0.028361858454039605
about:0.005184295685904587
paul:0.034473920959042705
is:0.0056562658292771345
win:0.01783934422962285
having:0.013773112591686112
right:0.010209861019948944
life:0.014686207122572157
their:0.02390026766181654
run:0.014088602254670499
1:0.010308020483814255
easily:0.01946797246523888
nice:0.016630207667130307
show:0.01584246668281491
fraser.sfu.ca:0.030435038905129545
article:0.004264909896403163
three:0.015360463191960383
before:0.011190496143277075
playing:0.02108089450186891
john:0.014113044208325503
four:0.018463400794857757
dean:0.026227831569259796
s:0.006530908219537035
