at:0.01874393643520066
your:0.02680706855704814
way:0.036858996160564754
my:0.020217324709155347
to:0.005864677276982259
look:0.05045038987821086
near:0.07669735696769202
fails:0.10184797015261116
problems:0.05836326033812283
avoid:0.16454253162651486
anyone:0.03559393084343385
machine:0.06920849690051802
a:0.002971285374141266
crash:0.217314976771342
season:0.08121775380203657
have:0.010877672620162827
only:0.02837311145253801
reading:0.13984349133459534
never:0.046892324060890646
tim:0.08676402765396146
and:0.00812334924448489
subject:0.0005680203594046446
i:0.004061674622242445
the:0.012829838467898773
can:0.01839502111569603
is:0.011432877740028251
else:0.053756430326341635
sheet:0.11081641307002972
does:0.05185058784415001
faq:0.33039106918278804
