philip:0.11600098269372966
saw:0.0679476116627091
thanks:0.03986773289832326
previous:0.06946398839385612
post:0.05165155608862361
to:0.0027563983201816617
harris:0.11635497423571767
mail:0.06128631009671712
playoff:0.18622858386721114
nt:0.01428157103444877
could:0.030182183106521147
me:0.021671773608090895
so:0.0204362119476984
this:0.01049964876742838
you:0.011115979788174437
pool:0.21115008844212788
a:0.0027930082516927903
advance:0.06327002433353299
internet:0.057130678862292124
it:0.0068571085947994395
have:0.020450024525906114
anybody:0.060791902898253904
if:0.013403008395268185
seen:0.05184929781244706
but:0.013305664445008206
phil:0.08862908701331985
in:0.0035535940378898095
or:0.013486229154061707
and:0.0038179741449078986
usenet:0.1633679451457501
for:0.01301395451648296
subject:0.000533939137840366
cape:0.11822549539593415
i:0.007635948289815797
away:0.05537967172647341
info:0.05890790918784795
any:0.020465745325776146
the:0.003015012039956212
rules:0.08239030601137305
does:0.024369776286750505
request:0.07800602054788663
instructions:0.09664930216849554
corporation:0.09498700403428542
