prism.gatech.edu:0.08750197389081996
go:0.14410609272549088
music:0.08530848962390895
faith:0.06935233556212578
braves:0.08900273703902599
florida:0.09457225840975068
name:0.10230490762334263
franchise:0.11443590289613678
next:0.04959963006942917
quite:0.049188877446470394
re:0.006924824125521676
hrivnak:0.23395332881129152
on:0.009389052319246109
curious:0.07937541371891657
you:0.010292573877939293
more:0.023544796774457886
question:0.04042566821013156
team:0.05931897349434254
no:0.02084714326263907
internet:0.05289877672434456
it:0.006349174624814295
have:0.009467603947178755
friedman:0.11059072947431743
writes:0.012245599833658562
now:0.03059100736811563
in:0.0032903648498979715
capitals:0.10585122254585076
for:0.006024978942816185
subject:0.0004943880905929314
will:0.020987136016727487
the:0.00279167781477427
when:0.024216193385995108
fan:0.07406585158314209
effect:0.06419210101152603
announce:0.10308211636120329
an:0.016627743306698826
just:0.021747936360479368
south:0.08003036082701455
new:0.03192591786821383
does:0.022564607672917132
article:0.015006164450307426
miami:0.23395332881129152
mike:0.11834859366510012
emotional:0.09854281158281468
s:0.022979121513185864
