please:0.38308307138105097
subject:0.00533939137840366
flames:0.894492474878674
testing:1.9692477906771633
