racist:0.16291280321520185
at:0.02591073566042444
from:0.024899183953828695
to:0.00405352694144362
everywhere:0.14634017506074853
been:0.043154129035924686
that:0.010203077218661082
re:0.021996500163421796
this:0.015440659952100559
off:0.06421933670459855
student:0.11832404329907857
you:0.016347029100256524
a:0.004107365076018809
how:0.03868714697732718
cherry:0.17503765012971784
has:0.03131689629078091
of:0.00571884075193349
canadians:0.16957538113574452
europeans:0.1671828623282753
please:0.05633574579133102
net:0.0975041907323083
in:0.005225873585132073
or:0.019832689932443685
don:0.1311354511685866
the:0.002216920617614862
nhl:0.1255044499816093
william:0.1197546846879711
an:0.02640876878122755
long:0.07000915426789955
many:0.05450591257582628
is:0.007902136085019527
keep:0.07792395835664474
too:0.057426996113661664
