go:0.03537149548716595
canucks:0.10820509280746192
all:0.017346687829932567
gld:0.4244194339846227
cunixb.cc.columbia.edu:0.0961677001985544
me:0.01970161237099172
re:0.013597836464660746
on:0.009218342277077999
you:0.01010543617106767
dare:0.18294240171449508
seeing:0.07287799391742596
m:0.024887540220292218
gary:0.15435194340082392
overall:0.08424753181235657
volunteer:0.10482841742936932
l:0.12018038468194046
those:0.033743920987046545
should:0.029869311676972356
je:0.1009571083885935
be:0.010517477402499477
of:0.0035352833739225207
europeans:0.10334940580293382
vancouver:0.0896444639415451
women:0.06871482170606227
in:0.0032305400344452813
and:0.006941771172559816
for:0.0059154338711286175
subject:0.00048539921621851447
half:0.06875715424714574
winnipeg:0.09487504707703202
oriental:0.11652933087337976
i:0.006941771172559816
draft:0.08977864771059278
sick:0.08165895034627212
the:0.002740920036323829
nhl:0.0775845690795403
myself:0.12119425679992302
many:0.03369456413778352
guys:0.07063046744529547
white:0.061799439014919855
right:0.03527042897800545
too:0.03550032487026357
domi:0.10643847919921379
jets:0.09400493760107502
