played:0.039380611855867234
final:0.03744318832268539
all:0.009262794472294089
storm:0.05445625143615314
way:0.016819153587830517
2-1:0.06222439998093093
my:0.00922538117796409
might:0.020651311998819862
encounter:0.055652684838327394
been:0.014245052303120767
paris:0.05614230477645256
european:0.04302382864724264
swedish:0.057391017182492295
12:0.06899776372062205
re:0.0036304903182346653
dream:0.0483814368753336
attendance:0.06132757163014438
had:0.014897169763904223
this:0.005096916877392417
30:0.033234033731785344
contact:0.03378710969884046
goal:0.040719671498639094
two:0.01810475177333312
game:0.028854457358354246
on:0.004922415779022232
regular:0.07858335246127497
vs:0.03317098975789652
a:0.0013558292483945582
season:0.07412105686787802
sweden:0.1549896648195726
team:0.031099267657228126
27:0.04289466393242359
46:0.05038000050838358
have:0.004963598185899542
stefan:0.12383232038293797
marcus:0.056657934148432634
between:0.022552095592683546
against:0.02508039604036744
jan:0.05155826125599783
penalties:0.05243154510709433
2-0:0.05950998384288082
be:0.005616128710072537
14:0.1087529947501942
writes:0.0064200232137627405
were:0.015061197062837855
things:0.021696368234371353
if:0.006506314754984556
2nd:0.04239453252999536
well:0.016338523399547035
in:0.005175136948383218
thomas:0.03576703897115631
pp:0.04815823766926856
41:0.04860988830650053
and:0.007413542028947375
for:0.0031587268243890676
subject:0.0002591937562331873
finland:0.10532543290727057
ninth:0.05683608112579377
i:0.0018533855072368438
games:0.06465767556521797
remaining:0.04868724917688089
the:0.00219539711647297
nhl:0.041428653391987535
would:0.01810970186610439
peter:0.03574653476530055
1-0:0.05927602703143363
different:0.024536086388458715
15:0.03244476438816159
division:0.038471528311847886
9:0.06914240108009759
sh:0.058392805883805216
vesa:0.051250021466535886
1st:0.04369675874326429
globe:0.059749717945699964
involve:0.04794005460274372
1993:0.029414134009807153
nice:0.030677082104415124
every:0.023613092494537826
arena:0.05533947258378155
shots:0.04758697067875464
april:0.06606124003666236
north:0.03897237655253229
3rd:0.04285198809287953
