all:0.01630885180591951
take:0.018168795985775244
way:0.014806605295269603
into:0.030612032529613444
devils:0.043210330425119556
from:0.014471320588550012
gerald:0.043281853926576956
turn:0.029243402860807826
to:0.0023558960001552665
that:0.0029649967985852723
pittsburgh:0.037799704301271345
could:0.038695106546821983
re:0.003196072673317697
islanders:0.0464647961987759
penalty:0.08283569450866526
so:0.008733423909272823
this:0.004487029387789906
best:0.020813470768901148
game:0.025401787247098188
on:0.008666817525457948
you:0.004750418712895059
them:0.012528710867796932
beat:0.037144719463485736
a:0.004774373079816736
how:0.011242418779736106
other:0.011788957160956504
want:0.016176051006087024
defenseman:0.053741473000270254
also:0.01267946266392792
personality:0.04972434796398192
whole:0.025571927136985386
minutes:0.03406125853023568
andrew.cmu.edu:0.03482717441647231
others:0.023045540368105952
team:0.05475597553323928
play:0.08210046750719081
d:0.015571318139974664
yeah:0.03379677302724917
it:0.005860776576751658
second:0.02350167330472023
robert:0.02731121392271542
penalties:0.04615768500880955
be:0.009888226617734553
get:0.011233965600778825
kill:0.06315610438638268
spend:0.035043565937705565
if:0.01145556273099845
of:0.00664754138686286
they:0.007973672004339691
now:0.014118926477591833
box:0.02708153000603938
35:0.03859166011736284
one:0.008404366733124979
in:0.007593149653610704
and:0.014684515941953457
capitals:0.04885441040577728
subject:0.00022817911873519915
i:0.003263225764878546
we:0.011519178681315984
power:0.023092780172397798
league:0.03324664160883119
will:0.009686370469258842
scoring:0.04403207282300761
the:0.005153866734967884
clone:0.04576464985289653
when:0.011176704639690052
got:0.01890729762077414
fan:0.03418423919221943
just:0.010037509089452017
about:0.00841894171215275
time:0.013500085212852255
words:0.028272300269293803
comes:0.025847661002098392
lots:0.062370854896006175
s:0.005302874195350585
