say:0.01200977831814901
final:0.02440916707111769
with:0.00370143909360473
10,000:0.03587793121914807
from:0.005358052243228959
france:0.03243418690649328
my:0.006014014312217097
single:0.02057864981336946
to:0.003489111797698306
nationality:0.03864196698884598
player:0.04920586117792661
important:0.019888413246665966
teams:0.026177152770709852
that:0.004391197790309833
paris:0.03659909741756085
vice:0.03410603231814889
think:0.009112329288155413
britain:0.035230596731044166
european:0.11218871773837956
russia:0.03243418690649328
really:0.012350605969562821
nt:0.013558453513717187
need:0.012159506275298963
had:0.009711446111912247
great:0.015957282840080234
europe:0.026031649490806698
a:0.0035354534831554306
mario:0.03472399731538887
norway:0.036490904801362745
ending:0.036279914799669126
sweden:0.06735837753762015
netherlands:0.03682119437839167
preventing:0.03505718550200546
local:0.01934419906275919
anywhere:0.026748919650977605
others:0.017065368500432887
team:0.06082071965875628
are:0.008138118754445893
should:0.010397545204009364
austria:0.03806619624070847
have:0.0064715267487044665
made:0.014718857923531654
being:0.024630429492723396
marcus:0.036935235552459256
after:0.012210213213069311
site:0.024718760743282317
has:0.006739078948649057
list:0.018428029094440378
be:0.003661147197072603
writes:0.004185205006440268
get:0.008318822628424824
end:0.017115401282123476
of:0.0049225464700187
germany:0.026612314767008143
moscow:0.037290232176832944
but:0.0042106533053823435
fact:0.015178905877397716
must:0.014667471059996818
they:0.005904554585492048
up:0.017005827472814997
chance:0.02275352865830762
rest:0.020674878692865876
in:0.006747330451689512
1-2:0.037290232176832944
st:0.02428321039822342
rather:0.01628787122096749
and:0.006041098330550472
subject:0.00016896808159505252
finland:0.06866151638891689
italy:0.03597605898203393
i:0.0036246589983302837
we:0.00853002471970867
top:0.021402735608653894
league:0.07385804559936548
any:0.006476501685372198
the:0.003816470936653433
do:0.004546315942446181
can:0.005471936660998186
agree:0.01909212138585088
did:0.010404500274955477
lindros:0.03879448313808054
forward:0.02737751586111598
an:0.011365799222300464
german:0.029719024846250504
eg:0.03199752316290498
many:0.011729120427709452
different:0.015995043658299037
is:0.0034009193277299227
number:0.015837119293656696
issue:0.03963746844892219
average:0.04910786150509604
their:0.009580276066972874
matter:0.019119639315826217
fans:0.026031649490806698
every:0.01539334510719871
switzerland:0.03578130164870005
arena:0.0360757321274019
article:0.005128689115927855
players:0.09397149146931373
sign:0.027428557379069973
comes:0.019140356564845012
majority:0.026093598898187475
before:0.01345692574191547
close:0.021993121621332535
going:0.0137836435699347
by:0.006268578954539025
four:0.022202823740651734
