since:0.028583166048624018
at:0.012585214463634729
tommy:0.03966172115266173
there:0.01311112836538782
11:0.055203066251713014
defense:0.028030046773199185
take:0.015183922359540738
existing:0.030926226116828933
with:0.0041773384056396235
way:0.012374091568189595
from:0.012093889349002507
flyers:0.1214724242705442
to:0.0009844279714934505
matt:0.03506161763850244
apart:0.032904703140650596
might:0.015193465256274614
next:0.03826257176784536
that:0.004955780363349669
playoff:0.03325510426200198
nt:0.010201122167463408
stretch:0.039280678433338205
clarify:0.039860146610569414
need:0.0137228713678374
re:0.005342007182545293
so:0.0072986471241780005
had:0.010960060612015252
personally:0.027991747179332147
healthy:0.03727233992311972
two:0.013319924518952224
game:0.04245727297014982
you:0.003969992781490871
regular:0.028907447512540436
suggest:0.026224284322215127
winning:0.06691493004723577
m:0.00977724794368623
a:0.007980023576265115
want:0.013518556912229867
season:0.027265960204969415
defenseman:0.04491251672165442
pens:0.07175455481308565
streak:0.175129381023335
far:0.017781271943724298
hey:0.05505912836615956
row:0.07893731841406745
terry:0.03865916859769799
18:0.027619639237307852
it:0.002448967355285514
not:0.0043065000612568915
won:0.03086885346184847
properly:0.030755472396446402
kind:0.019682333549736142
anybody:0.021711393892233536
be:0.012395598367231529
found:0.019103717894692836
of:0.0027777226509391236
piece:0.030783649384239376
what:0.006574586449975937
but:0.009504046032148718
year:0.05303058677592111
blackhawks:0.04577937998597062
least:0.017197588447903443
finals:0.039860146610569414
they:0.013327423207253481
who:0.009236091958813203
in:0.0038074221834533675
better:0.015972970509295737
and:0.004090686583829891
subject:0.0001906925492287021
until:0.020436898038318885
i:0.0013635621946099638
we:0.009626742183671214
the:0.005383950071350378
do:0.0051308422779035474
would:0.013323566372919657
fan:0.028568257039211953
soderstrom:0.04731588984037737
lindros:0.04378234525583375
last:0.015572589657567842
trade:0.03013630640238353
is:0.007676360768304683
tied:0.03660429665161384
met:0.0337081173079841
paper:0.027547488551689963
chicago:0.03016213954859916
him:0.017117966452595054
psuvm.psu.edu:0.0714130473723206
weaver:0.046506399231041634
by:0.0141490782116738
