some:0.004746084858265668
at:0.0035811585872131345
mark:0.012209853513382888
there:0.0037308088844599492
all:0.003878324514822322
ultimately:0.02190550043198181
truly:0.017716680768416173
where:0.015019973969380178
own:0.009213376567268275
with:0.0023773470601201113
option:0.017035004968505622
edmonton:0.02304354931961543
though:0.010103838217929593
someone:0.008957146807573252
from:0.0068827012555298835
gerald:0.02058527198946953
sell:0.042439906085128876
via:0.013895249506567665
to:0.00784340985417546
remember:0.011311479823257042
building:0.0154490551578807
city:0.01495847804262761
value:0.015178263494945806
wake:0.022199486861167284
franchise:0.025120076245493447
enough:0.01977356525965363
potential:0.01742387130415242
make:0.007154798712803674
that:0.004230544212615571
puck:0.022407996187945946
think:0.01170526851649232
nt:0.005805516680670232
re:0.0015200833446267097
exactly:0.013074726232813043
political:0.014653560071063111
this:0.0021340749527293456
he:0.058175605153179336
begins:0.02172069403329581
principle:0.02028890300244478
on:0.004122022969425122
them:0.00595877712004976
state:0.010803712955043156
crisis:0.023106574468135615
more:0.005168370023661488
a:0.005109161436023396
other:0.005606943039967118
hockey:0.015984974627969536
basis:0.015151253158691053
million:0.01590858235419162
was:0.007198871008954355
minority:0.02016381495908399
also:0.006030476145038889
based:0.012280093544311149
lose:0.017092462330029624
team:0.06510619042061987
business:0.014701478590380356
are:0.0052269218016359805
likely:0.013440686198901335
early:0.014238784954444233
it:0.0027874425182111543
not:0.0024508536933982314
have:0.002078254524990459
probably:0.029112484329624492
states:0.014036015184779201
money:0.012602519376947684
has:0.004328351519864029
be:0.0023514685249490705
which:0.005251594847632187
writes:0.002688058500071392
get:0.021371934557579228
spend:0.016667061848420938
if:0.0027241886982252413
of:0.00474245330648143
offered:0.018813677418341657
what:0.0037416345650269564
but:0.008113210027444027
loss:0.017300210341954406
they:0.0037923561971859505
who:0.005256312496885563
up:0.005461221017692621
powers:0.021543925285573293
good:0.006585405899835363
risks:0.02262778164026414
one:0.007994397624192054
in:0.00433365126571928
golchowy:0.022199486861167284
office:0.01484039802051285
moving:0.01723976252699729
or:0.008223310459793723
better:0.027270925259773208
and:0.003880055025312905
complain:0.02068906590005963
for:0.002645112706602228
subject:0.00010852421500820447
offer:0.014289283003218856
i:0.0015520220101251621
oilers:0.04729877001451938
appreciated:0.013759195606407494
possible:0.01047549440229505
refused:0.020484062430031612
decide:0.01664108705940154
will:0.01842772918541926
community:0.0165388164917749
normal:0.01533480761999408
than:0.0058154523667457774
the:0.0036768439511661124
do:0.002919991540270312
thing:0.009202977378556736
would:0.003791258724001529
can:0.003514495904218347
holding:0.018726253819882455
peter:0.014967045044007955
operating:0.01868323711528678
did:0.006682565217247827
olchowy:0.02204983656392047
may:0.007565144420487118
wants:0.014311118547129062
an:0.003649992433177792
just:0.004773937249861326
people:0.006118996504362266
current:0.012854657413539911
revenue:0.023437247799249245
draw:0.0171654452715605
is:0.0054608257498102416
deal:0.013399654438050851
move:0.028754675736365996
either:0.010177084175257554
new:0.007008128312534744
65:0.019895693138792137
lot:0.01007542027750159
sale:0.025811968732549838
their:0.006153185441389082
dollars:0.018640670855663625
alchemy.chem.utoronto.ca:0.022001152860478535
wanted:0.012378699144496352
first:0.007632336704841631
arena:0.023170592179388216
article:0.003294036098847972
already:0.011812139517468909
before:0.00864306612692132
going:0.017705818569509615
realize:0.01590858235419162
aware:0.01665405370723935
millions:0.03871297591493147
s:0.010088394810666966
share:0.016589630161548196
