played:0.04557531484443062
k:0.04256922535114228
all:0.010719863265688665
damn:0.04833524558834389
with:0.006571094121230869
someone:0.024757956344528313
cup:0.049205265140398004
from:0.009512047802586241
to:0.001548538382124529
ward:0.06223635179007711
h:0.03969867555387097
been:0.0164858470474319
she:0.07449758393030298
that:0.007795609560325321
think:0.016176944129534326
bay:0.05385667859855613
nt:0.008023354513735264
re:0.004201578682900792
supposedly:0.05212464848813749
performance:0.04259563183816422
tampa:0.07033237600072947
seeing:0.04503696253324076
more:0.01428560703169355
a:0.004707317278133916
quick:0.04560983393473366
was:0.009949001506757142
bring:0.04262210053133793
usa:0.04095080546099691
rumor:0.06223635179007711
it:0.007704616398651055
couple:0.035460581962410316
turner:0.06335289643966367
after:0.02167655828837024
atlanta:0.053784883114300276
has:0.023927516267113504
be:0.01949869406081364
which:0.014515644185590088
er:0.06178983124345336
of:0.004369451361027835
future:0.03937647555413314
year:0.02780630018213092
years:0.025053656437981946
goaltender:0.06972487913252412
who:0.014528683980155598
thin:0.06404455815875844
good:0.01820235788044381
in:0.005989203434645746
competing:0.063693405984555
for:0.007311210402518516
i:0.004289858589784155
we:0.015143189951842358
will:0.025467535840523244
the:0.0033876539774788895
start:0.03165800098744396
her:0.03715066072954751
home:0.032914191593947734
page:0.04724433408075603
come:0.02697970420752144
just:0.013195377117594224
note:0.03327740560537638
immediate:0.053928935793278496
about:0.011067597531706422
today:0.03190029512132981
days:0.033463512635395196
spot:0.0542227029854619
lot:0.02784891447489203
2:0.021892242158375378
playing:0.04500415680174261
s:0.027884776667686215
