out:0.007751165125529341
inner:0.1098638345428614
financial:0.0355292706975705
till:0.03288758760567396
rick:0.03166225316531972
saw:0.02235118804694378
graphics:0.023149614737761327
where:0.01215432104101159
much:0.011494716247104811
insurance:0.029213309346373378
ca:0.02705984994858317
from:0.011139108610923362
availability:0.035226737057821665
to:0.0027201299212319028
city:0.0726273473385472
owners:0.02840557541703453
t:0.01694916483552922
enough:0.01600097715090392
next:0.017620921208876154
that:0.004564534545190484
view:0.022403610215688364
think:0.018944052993796777
nt:0.009395770417400506
account:0.026807759254784607
re:0.0024601348866984903
wait:0.024153946086250773
off:0.028729703262583558
lowest:0.0372941653462197
big:0.018261714170181298
on:0.006671168753148551
you:0.007313144597483182
american:0.02123049485123826
a:0.006431269000608398
richard:0.02457945733407091
hard:0.017791009227470456
hockey:0.1552225167821252
was:0.005825402198035431
season:0.025113384399313935
ice:0.030778384398667886
definitely:0.027999024632373574
silicon:0.03576566549511039
income:0.03699732037726925
no:0.0074062219485691435
play:0.042130503062900546
place:0.01789097116655543
it:0.0022556278272366577
not:0.003966513214315558
have:0.0067269817519428005
farm:0.036179572241232555
only:0.008773264725455832
sports:0.031576811089485436
selling:0.027432744311510132
poor:0.02599642230720567
writes:0.0043504104672208044
of:0.006396071893609824
reasons:0.023924503130237532
what:0.006055540151293626
year:0.016281320501379287
biggest:0.03179253360805774
ticket:0.03331563756190463
well:0.022142998817807166
alone:0.025257982469832196
in:0.00467578162880238
yes:0.01754503862173611
or:0.008872519180303753
and:0.0037677376430012154
for:0.002140453045474171
subject:0.00017563787428959404
i:0.0012559125476670717
barrier:0.08520795490177051
league:0.02559116492258716
any:0.013464306135379042
pretty:0.018934342479734384
community:0.053533537591797686
the:0.005950681657808312
when:0.008603121334498262
ross:0.03568591970213444
major:0.02155544718893284
come:0.01579732680571979
last:0.014343174684601959
sport:0.06598403506866751
mountain:0.029899888394559183
just:0.00772624054911767
n:0.02408562826187106
is:0.008837915358245522
white:0.044723278234481474
average:0.025523164861201226
time:0.020783025919785706
players:0.024420223112091393
majority:0.027123609381010664
north:0.02640891305862385
alberta:0.03986125505659718
four:0.023079250993572196
