go:0.017848002310037865
out:0.01080896421174734
round:0.04037323570641504
all:0.00875291587748891
versus:0.04965397801539192
with:0.005365388777885755
hawks:0.2134953655701242
hell:0.03131542132552198
to:0.0050576115966636
then:0.014641104126383517
playoffs:0.04216583789321603
that:0.012730444970072544
toronto:0.03685413114807874
its:0.01897086748655202
so:0.009374409150320367
getting:0.02488258323141914
none:0.033234038829553156
beat:0.03987093740575992
sure:0.020018752478524804
a:0.0025623928914612756
hard:0.02480948075757348
other:0.01265420172322854
bring:0.03480153162650528
let:0.021148052685805732
also:0.013610065428252903
far:0.022838330936893594
lose:0.07715129785664747
brian:0.034275940502557604
it:0.0031454626581648806
not:0.005531284482348302
have:0.009380745195369777
probably:0.02190113500026797
won:0.03964806866659437
second:0.025226566758277676
div:0.04954540500945612
johnson:0.04236104338355809
be:0.005306984010435517
get:0.024116953675066465
of:0.0017838585831719143
but:0.01220703160092496
advantage:0.0391134915278423
again:0.022402469156954295
well:0.015439155139021513
finals:0.051196518582382736
they:0.017117791275371445
now:0.015155177962185728
rest:0.02996909021534687
in:0.0016300890082063348
better:0.020515741938544985
and:0.007005457146619998
for:0.0059697039066435595
subject:0.0002449262100185165
each:0.02335788437945519
pretty:0.026403853733207586
will:0.05198648371115984
than:0.013124782405683131
the:0.009681231320960314
road:0.03312525124743587
return:0.03385658447538467
just:0.010774207004274184
makes:0.02562365029588967
is:0.002464886485235449
division:0.07270765901138226
time:0.014490917155079943
detroit:0.043572020199213496
easier:0.07663621494327709
pitt:0.05289507301481939
goes:0.029569056843951162
chicago:0.038740362722971405
little:0.021516868824756553
while:0.019911399136500207
