since:0.014498707415968705
read:0.016427558419550157
at:0.006383804438075587
all:0.0069135350046832696
much:0.012660846880869069
4:0.018001952928831007
someone:0.015967087787413188
from:0.012269163107683704
post:0.018714331916167976
surprise:0.03526352652246709
to:0.001997390087088161
might:0.015413660404916275
that:0.010055206534332662
quite:0.019247821609488416
gee:0.036695484850793506
like:0.016878827007372074
nt:0.0103489645177165
toronto:0.029109422428554944
me:0.007852091886989454
re:0.0027097137882476125
believes:0.035569757024567696
this:0.0038042205679088333
mean:0.019155232295868557
he:0.03456811320696163
something:0.014425082008431326
on:0.007347953988975216
you:0.0040275289087588545
mvp:0.042157599360767274
went:0.023641023661131043
sam:0.03572786606365928
assume:0.02515571416876215
m:0.009918947189246899
mogilny:0.09242557245972907
a:0.0030358785344486846
how:0.009531615921950176
other:0.009994985419071817
was:0.012832770059440371
stuff:0.021184177917924797
responsible:0.028339530544007407
team:0.06963531671074993
success:0.03247687128124353
pat:0.029370581388578114
it:0.009937838543187593
not:0.004368913105622934
have:0.00370471458802647
whose:0.027121604713775137
sun:0.026293422493469866
be:0.004191748240126604
writes:0.004791756456649003
kinda:0.03700653589946766
of:0.001408989750476367
dchhabra:0.045359285971484954
forgot:0.03478025569276657
english:0.032015582500287174
yep:0.0410776313958362
must:0.03358638300694924
wong:0.08883374399734384
one:0.007125441360692916
comment:0.028475343455672195
in:0.0012875340716992064
5:0.01883241222404118
or:0.004886314910891923
weeks:0.026380904966181958
and:0.00138332396554634
for:0.004715200911769188
subject:0.00019345620936245142
i:0.00829994379327804
ago:0.020733084966410464
actually:0.017712421210877426
normal:0.02733596140955466
the:0.004369582666603206
quote:0.029238825453192677
around:0.017153582848939388
would:0.00675833076887229
can:0.006264970959693575
nobody:0.058091154571861266
just:0.008510062054100622
here:0.01304638337408258
about:0.007137798408129504
language:0.029550067389392674
is:0.007787612373642432
interpret:0.03788391221507082
else:0.018308349458971425
time:0.011445724419592128
remark:0.04190331443459865
spot:0.03496971424424716
does:0.008829629089402357
man:0.021000357527501443
first:0.01360546977819595
fraser.sfu.ca:0.04190331443459865
players:0.026897637050999217
stpl.ists.ca:0.045359285971484954
going:0.015781273072823787
alex:0.08128976663657643
s:0.022479575393334
