probert:0.05171261868995539
since:0.01667351352836401
at:0.007341375103786925
there:0.007648158213142895
played:0.03380169184295271
all:0.007950565255385759
with:0.004873561473246228
hawks:0.04848123926488236
much:0.014559973912999428
previous:0.02894332849744005
my:0.00791845217775251
look:0.019759736035632587
teams:0.03446658448143464
that:0.00867261563586192
really:0.016261631193257714
nt:0.005950654597686987
re:0.0031161708564847544
penalty:0.04038240107297431
master:0.03962920056073874
so:0.008515088311541
likewise:0.04723927610521163
this:0.008749707306190317
he:0.07950666037601177
shot:0.033138602879897804
a:0.0034912603146159877
other:0.022988466463865178
wings:0.03808417369964405
was:0.022136528352534643
as:0.013335236003616973
also:0.02472495219465944
course:0.02038459833250016
andrew.cmu.edu:0.0339564950560605
cheap:0.06193718697344746
mind:0.02524713169175114
no:0.037524857872750325
brian:0.06226795857964631
not:0.005024250071466374
couple:0.026299931622120985
have:0.0042604217762304405
ve:0.015209447491895286
tom:0.031631068528956294
after:0.032153561461082523
robert:0.026628433574647527
noticed:0.06760338368590542
writes:0.005510519925146353
down:0.05910913942382895
of:0.003240676426095644
year:0.04124601193682753
ed:0.033068080597241686
good:0.013500082094662493
called:0.022352120798806115
bob:0.030700041783575834
in:0.004441992547362262
suspension:0.04650350437899765
weeks:0.03033804071110925
watching:0.035496700781161114
and:0.003181645120756582
for:0.005422481048534567
subject:0.00022247464076681915
i:0.001590822560378291
period:0.0315917602799718
possible:0.02147476352470485
ago:0.023843047711372033
review:0.03601366237215655
the:0.0037687650499452652
when:0.0108972870236978
ralph:0.046158627577640526
increase:0.07007909555312145
an:0.007482484488014473
many:0.015443341896484112
is:0.0022389385574221993
goes:0.026858559966588973
too:0.016270982232204138
very:0.01452702076486206
attacked:0.04192430039290512
shots:0.04084548316593107
kicked:0.09553710897246202
bad:0.022838342056219867
john:0.022345653329848714
doubt:0.02900060249150473
s:0.015510907021400459
