prism.gatech.edu:0.11117897859068888
looks:0.040271829110281064
go:0.09154975302560599
music:0.05419598164342452
know:0.014516177948921198
send:0.03450996612795556
anyway:0.03586486848993569
faith:0.04405913082770344
curtis:0.06651112541758361
braves:0.05654291529538122
your:0.04446819607698574
post:0.03038326828742565
my:0.01117899130976825
to:0.003242821553154896
next:0.03151035322057853
think:0.016938212088571238
quite:0.031249404495404722
like:0.027403272082557016
me:0.012748102122406409
hrivnak:0.14862917359776168
ti:0.044572483014725446
best:0.05729826070497492
starting:0.046135552739731966
on:0.017894429126092584
you:0.01307762328020522
m:0.0161037024954832
more:0.01495787089200854
vote:0.05358627496266468
question:0.025682189215848288
no:0.013244067484500115
internet:0.03360628168370125
d:0.02143346143972983
have:0.00601471309585474
ve:0.021472161165028637
friedman:0.07025763990133108
always:0.03125830703527891
goalie:0.12572448781625337
of:0.002287536300773396
who:0.015212386755692333
now:0.019434287033861696
or:0.007933075972977474
blues:0.06500720339982026
capitals:0.06724665902912873
for:0.007655267362637035
subject:0.0003140818457884505
i:0.00449173428812694
joseph:0.04804939563110296
the:0.003547072988183779
fan:0.04705359982929028
effect:0.0407808641720283
an:0.02112701502498204
mask:0.06312663044756266
here:0.02118118712498113
is:0.0031608544340078104
time:0.018582470234161336
does:0.014335162521617944
poll:0.06823587217278215
masks:0.14003012010377427
e-mail:0.03234936207826196
mike:0.07518616538724009
emotional:0.06260366853496462
s:0.01459850072602396
