there:0.006373465177619079
all:0.0066254710461547996
with:0.00406130122770519
into:0.02487227643031092
such:0.013354286135193044
to:0.0038283310002523076
aspect:0.0363054158727762
player:0.08098464652200421
measure:0.03206495645005438
consistently:0.03758530280331749
that:0.004818119797701067
nt:0.0049588788314058226
account:0.0565941584267675
re:0.0025968090470706285
tools:0.03089911705672688
something:0.013824036924746685
these:0.023008832959707536
hull:0.04386624915211716
on:0.003520894619717291
am:0.011349558032648371
score:0.03351264281740353
a:0.0019395890636755486
as:0.005556348334840405
given:0.019359635827647784
also:0.010302063414441433
plus:0.024832637874858822
are:0.008929324744461465
play:0.22235543283197512
defence:0.04147152355286904
it:0.007142821452916082
should:0.022816835308798328
expose:0.04118803747981171
only:0.00926066832131449
opportunity:0.031953842968481874
real:0.017761068430543384
evaluation:0.039473731383065
plays:0.034394106071522774
points:0.025452474225489113
greg:0.0608231749652142
his:0.01280853501045317
be:0.008034184126909323
stats:0.03225419007816116
considered:0.023908631647307027
writes:0.009184199875243921
if:0.0046538223594681195
of:0.00810169106523911
tend:0.02958058398430093
advantage:0.02960674011482507
aspects:0.033466804733852475
good:0.03375020523665623
one:0.006828547970664045
in:0.0024677736374234785
become:0.023001547047188525
point:0.015288444175417087
tends:0.03610214932902542
and:0.0026513709339638183
still:0.014178535293260743
subject:0.00018539553397234928
i:0.0013256854669819091
imo:0.03673071882583675
we:0.009359332678569235
power:0.11257730334043925
any:0.0142123231429001
offense:0.034552541333787844
the:0.0026171979513508786
can:0.006003930503039676
because:0.04902006385818094
interested:0.019979695940381386
is:0.00932891065592583
done:0.01839349688486596
man:0.020125342630522212
their:0.010511691795706346
stat:0.12083435697263506
1:0.013600860360588253
too:0.013559151860170114
dave:0.024349129662323554
defensive:0.07105156366400961
article:0.01125462333773057
very:0.01210585063738505
players:0.0515538043477485
brett:0.036374515392589866
takes:0.049665275749717644
minus:0.04091567141624725
aware:0.02845067508320055
by:0.006878024130674764
john:0.018621377774873927
