school:0.02457111132294666
join:0.030983817773603053
round:0.08920302754052511
stephen:0.05502242269447321
take:0.014363169799565565
4:0.050356814273892145
my:0.006420366630610144
to:0.0009312156487100209
london:0.034330584241373495
walter:0.07579721483680775
playoff:0.06291506211730107
re:0.0025266250187714226
la:0.029447996412367422
cal:0.2537861156506742
western:0.02763870110605
you:0.0037553985770859585
vs:0.3462782376753388
fun:0.02781251793874213
det:0.12281575882302916
mon:0.10946856377089291
que:0.03830211576098241
sc:0.036332380296394934
van:0.030983817773603053
business:0.024436241440767347
buf:0.04248481311507851
bos:0.20246462164901943
not:0.004073716274161925
only:0.009010379988305992
pit:0.039189521180314074
nyi:0.04141573199876166
writes:0.004467989128497043
predictions:0.07064837683351045
lawrence:0.06409775641482209
2nd:0.0295043030445238
ok:0.02205303507101981
finals:0.03770554409107917
over:0.02710730746647781
stl:0.04309030067379261
in:0.021609693473654247
wash:0.11904341531693739
5:0.12291966357043095
or:0.00455615849799382
and:0.0025797122600729047
tor:0.037997247955033286
subject:0.0001803848438649885
i:0.0012898561300364523
6:0.09926856866754036
the:0.0010185851486338555
wrong:0.017860959843445004
got:0.014946985281287663
7:0.06469314585671566
col.hp.com:0.03943085957627407
win:0.0687055825059799
chi:0.34144539880566876
pitt:0.311652051817044
1st:0.030410582098352856
2:0.01316492940605006
smith:0.026606341584232855
give:0.015967812644297343
bad:0.01851757464017827
3rd:0.029822667388963463
