ultimate:0.02660802739402854
there:0.004635247401904786
surely:0.022659162261863743
entirely:0.020990530536268755
final:0.01947802220826563
all:0.004818524397203492
50:0.017430218631961772
anyway:0.015396534452750172
watch:0.019414968891789647
whom:0.021254094946221127
with:0.0029536736201492293
from:0.004275617446617049
both:0.011341939809637566
finnish:0.06613397511633035
to:0.002784240727456224
montreal:0.024901239983762532
then:0.00806000176654446
teams:0.06266651723897207
perhaps:0.02917637916808127
class:0.020041260968025266
make:0.00888929537045305
expand:0.027215924779128917
that:0.0070081742512015524
european:0.044762165158242356
like:0.005882015472266027
could:0.0076217634107376645
re:0.0018885883978695484
national:0.016435221843371282
best:0.02459773818142863
goal:0.021182455375554684
something:0.010053845036179409
two:0.009418128447743998
big:0.014019093706401805
on:0.0025606506325216664
you:0.008421196809223059
vs:0.017255615884158297
why:0.00898849787956569
a:0.002821220456255344
bigger:0.023542004304186608
low:0.017150477474645556
want:0.009558575594505968
as:0.012122941821469977
idea:0.014001900481114932
international:0.020027094044148454
plus:0.018060100272624603
others:0.013617819308426244
team:0.048533705586280264
no:0.005685584526174293
those:0.009373311385290708
play:0.01617130420596183
d:0.009201233446348664
it:0.0034631861589896162
not:0.006090000086625909
should:0.016594062042762422
fr:0.0328833125876052
contain:0.023685903070824518
have:0.0051641476075520495
marcus:0.02947357180448769
settle:0.05622660892429271
against:0.013046872687665894
call:0.013418970191912665
minor:0.021949152410241573
be:0.005843043001388599
writes:0.0033397090455432443
get:0.006638252400460214
spend:0.020707561690462378
were:0.007834865138748986
if:0.010153794238839534
end:0.013657744457452069
of:0.0029460694782687674
even:0.01696120654309117
expansion:0.023347194835569234
what:0.004648697489881976
but:0.0033600162739919714
they:0.00942343055058327
up:0.006785153385618105
now:0.008343002009486082
one:0.004966216705937488
in:0.005384233390742136
or:0.017028067113714275
rather:0.012997392186428603
and:0.0019282697701555045
for:0.00657270430125402
subject:0.00013483311561625404
finland:0.027395251488507247
i:0.0009641348850777523
example:0.014198783554332853
period:0.019146521381801094
we:0.006806787402595808
marks:0.05741633655718547
league:0.07858297107541917
rangers:0.023570457929026283
angeles:0.023925024892022487
allow:0.017708457936235315
will:0.005723764368198407
currently:0.018176431827562105
than:0.014450518002216781
the:0.004568200060539715
nhl:0.08620507675504478
see:0.00893629172429887
when:0.006604416377998666
would:0.0188414069920076
maybe:0.02674659679133661
countries:0.021290299438537358
ny:0.021218148139307676
an:0.013604517250935406
just:0.005931255371039828
btw:0.018948436971936038
dozen:0.026018952122686314
different:0.012763721707127515
interested:0.01453068795664101
is:0.0013569324590437571
division:0.040025933496164984
entry:0.025207424942431392
does:0.006153983910795582
matter:0.015257085918689609
first:0.009482600148439602
eventually:0.02140049664760119
too:0.009861201352850993
nothing:0.01290331313889348
150:0.023804048927262424
players:0.03749367588927164
los:0.02302978118072245
high:0.014127898109300614
s:0.003133516569979891
