tv:0.019630368167107063
say:0.019663678489819102
know:0.006393135366105191
financial:0.027981601792905268
with:0.003030193662122007
much:0.009052833521035914
ca:0.021311384415464468
previous:0.017995851915506768
availability:0.055486673914910814
florida:0.026460631886666
kids:0.022779083061423438
sell:0.018031462689018486
antonio:0.0317592141752162
to:0.0049986498034382465
teams:0.021430000713845373
make:0.009119587996630589
that:0.007189733169626462
think:0.014919668679052386
nt:0.007399777738056358
could:0.01563843684275707
me:0.0056144491212670716
account:0.021112846666980625
rise:0.025701028393443844
re:0.001937515558436117
this:0.008160348782975425
off:0.011313251025680572
la:0.02258188325922476
something:0.01031430734281618
big:0.014382282662526204
on:0.0052539774636195845
you:0.008639362529669252
etc:0.012032766774395003
a:0.0036178863363896243
richard:0.019357914584346003
hard:0.014011572034069997
hockey:0.16299704698364792
ice:0.048479942265259264
question:0.011310808722005723
equipment:0.02090651768155746
also:0.0076865136356454224
team:0.016597018490645064
no:0.011665758924171087
those:0.009616143286464042
play:0.03318049982155898
investment:0.028167778006511813
it:0.005329359011502155
not:0.0031238860547977455
have:0.005297933815001584
try:0.01262378068571706
interesting:0.016932769750888147
keith:0.020416927819272887
argue:0.022070487532328157
able:0.013665622933215903
selling:0.02160506287745876
exposure:0.028426899356639595
has:0.0055169661859406785
which:0.0066937426555311805
writes:0.006852460010544688
get:0.006810227851249339
of:0.006044785043494465
reasons:0.018842095729513498
what:0.004769130067340058
but:0.003447063327722333
well:0.01743904570107093
groups:0.019066246624281823
they:0.004833780437863957
in:0.006444341519489291
presence:0.024736767877206228
winter:0.027861099916406475
or:0.003493841749756919
and:0.006923787309418468
for:0.0033714908073790052
subject:0.00013832620151304817
summer:0.023320031868166956
i:0.0029673374183222007
group:0.013974693962728732
any:0.005302006561081903
pretty:0.014912021020308946
will:0.005872048419188002
community:0.08432225610314248
coverage:0.023980127693844805
the:0.0035149104092753766
do:0.011165563506318602
would:0.0048323815860330365
can:0.004479616541128049
effect:0.017960484220841483
radio:0.018587307568744386
road:0.03741608690124881
sport:0.07795005179096474
ny:0.021767841096284556
substantial:0.027981601792905268
an:0.009304643922919551
makes:0.014471387990942872
long:0.012333218886572978
here:0.018657004203351254
south:0.022391914428283866
contribute:0.027743336957455407
is:0.005568344598770237
having:0.013559022758654723
white:0.017611239097516024
new:0.008932640232557238
time:0.008183989481366392
bu.edu:0.02746013274741466
experience:0.01716177603520802
too:0.01011667289048962
fraser.sfu.ca:0.0299619553988322
article:0.004198615960189642
miami:0.09818766649593065
seem:0.014299028781843201
s:0.00642939151146133
