penguins:0.04726099548526964
24:0.03330076135334964
11:0.03512922397836283
c:0.02350997904935418
4:0.02258426821980617
overtime:0.052569612654314674
devils:0.2757604723493993
jagr:0.1671689546131834
stevens:0.37743219799682004
cs.cmu.edu:0.047087830076445146
goalies:0.05665620445342553
pittsburgh:0.28143598020673843
12:0.032303498469200324
murphy:0.10022485567699457
30:0.031119140676126276
contact:0.03163702089982334
goal:0.03812841967599843
on:0.004609171138538999
score:0.04387109605187371
8:0.02684082983976242
3:0.021286054042160177
interference:0.05086004691337885
driver:0.06690519269975258
pens:0.04566198942650905
third:0.03320713633334441
no:0.020468104294227452
second:0.02499723433320242
minor:0.07901694867686965
penalties:0.24547496118321438
box:0.028804900097332792
5:0.023626117153797116
cross:0.08328018570211176
for:0.0029577169355643087
subject:0.00024269960810925723
conduct:0.04726099548526964
period:0.10339121546172589
6:0.026712269386901768
saves:0.09884329373194145
scoring:0.2341705691041768
the:0.0006852300090809572
holding:0.04187871308810076
nj:0.31056173096207157
7:0.029013895717557324
10:0.02627610688996513
39:0.04827728099425251
match:0.043516859974297495
checking:0.08835443237841266
9:0.032371215051136604
served:0.045960078724899885
2:0.01771281410995826
1:0.017804762653860984
first:0.017068680267191282
ref:0.052569612654314674
lemieux:0.4565798611756133
u:0.03437857712357287
33:0.04192719805151315
shots:0.1336761267248653
by:0.009003958861974236
