above:0.1323513347979154
entries:0.0808020654414706
folks:0.025716776738158177
say:0.013177395654635717
11:0.026834823872360494
know:0.008568577261515985
send:0.08148186446878396
your:0.008749529320703211
4:0.017251871556796382
cup:0.0608231749652142
my:0.006598710148127092
to:0.0028712482501892307
playoffs:0.03191719673861491
format:0.027917045187763986
that:0.0024090598988505334
playoff:0.032331351365835266
think:0.009998250191170522
13:0.02734540662823932
12:0.02467628355286136
me:0.007524921391698226
re:0.0025968090470706285
so:0.0070959069262841665
ps:0.03128862724180358
winner:0.5742049023161149
this:0.0036457113775792984
something:0.013824036924746685
you:0.00771943040845447
them:0.010179577580085005
8:0.020503411683151847
3:0.01626018017109458
richard:0.025944982741519296
want:0.013143041442445704
stanley:0.06868417503569613
patrick:0.031844479378425355
wales:0.04309384890829616
internet:0.01983704127162921
comparable:0.03516650631534377
won:0.030011385310130458
campbell:0.038851424725497734
chuck:0.034606166653884454
adams:0.03217787673388619
summarize:0.03980712873852584
14:0.025929533470532413
predictions:0.1089162476183286
of:0.021604509507304293
3-4:0.04015734299982371
biggest:0.03355878547517206
york:0.026133105607121128
please:0.026602991068128537
who:0.017959067697692337
one:0.006828547970664045
in:0.0012338868187117393
1-2:0.04091567141624725
5:0.018047728381372797
or:0.004682718456271426
and:0.0013256854669819091
for:0.002259367103556069
subject:0.00018539553397234928
i:0.007954112801891455
6:0.020405205781661072
everybody:0.02831881458150131
angeles:0.032896909226530914
madison:0.04428725347028684
will:0.023610528018818425
the:0.001570318770810527
see:0.02457480224182189
when:0.009081072519748165
conference:0.060531992625421915
7:0.022163392562022956
10:0.02007202609650114
norris:0.0384655229813671
people:0.010453285694952203
15:0.023207018972087802
is:0.0018657821311851659
division:0.11007131711445368
win:0.023538023636307925
new:0.011972219200580185
9:0.024728011497396014
2:0.01353062188955145
1:0.013600860360588253
chicago:0.02932430233891585
smythe:0.041767076430777345
