screw:0.025504659775828782
out:0.006011107648369693
say:0.009681351909528282
candidates:0.02996330861718832
watch:0.019613080819256886
ever:0.026973694457447555
stand:0.02009050282891052
with:0.0029838131468854453
maynard:0.10730883518062165
from:0.004319246196072324
goals:0.023557927187795057
prevent:0.020525599347799343
scored:0.025269139154588158
to:0.003515814183905181
line:0.014407161983704023
player:0.03966594931690002
hall:0.023369439865388506
been:0.007485920342966526
that:0.007079686233356669
considering:0.020435560996709654
technical:0.01957524103530255
re:0.0019078597080518904
so:0.005213319374412857
derek:0.028124321746095415
error:0.019211521220265298
he:0.016225849056328928
best:0.012424367754905276
on:0.010347118882434487
you:0.005671418259272671
score:0.04924306699700111
them:0.01495774664828817
roger:0.04503831401598563
bill:0.015793438141284272
includes:0.019223236588940554
why:0.009080217245683706
a:0.004987514735165697
richard:0.019061619973361112
was:0.009035317694912098
as:0.01224664530944416
russell:0.02667336676367231
gilmour:0.02996330861718832
plus:0.01824438701010036
stars:0.025424938766119187
career:0.024655434226657023
are:0.003280160110210334
play:0.03267263502837185
dick:0.025751580902674955
defence:0.03046887444700582
gainey:0.22280054219569886
not:0.006152142944652703
have:0.00521684299130258
made:0.011865201795500007
being:0.009927571071046673
shift:0.024723919024269986
probably:0.012179712831781675
against:0.013180004041621665
always:0.013555898459177079
plays:0.025269139154588158
greg:0.022343207130078684
his:0.01882070450515568
writes:0.003373787709273277
watched:0.025424938766119187
down:0.012063089678332438
things:0.011401662898674742
of:0.0029761314117204896
wayne:0.023839879630014698
candidate:0.02933038694030067
seen:0.013226861686848739
never:0.033733763737681534
they:0.009519588005181058
who:0.00659720854200943
up:0.006854389644655023
good:0.00826535638448724
over:0.010234391594486518
one:0.010033784773220637
bob:0.11277566369476837
in:0.0018130581825968415
or:0.003440364580117782
and:0.004869864980749871
subject:0.00013620896373478723
secondary:0.02819189943359552
purpose:0.03837634175657741
doug:0.02204918104417748
rm:0.02623785733024804
i:0.0038958919845998963
caught:0.02303685833536455
will:0.005782170127057573
the:0.0030765428979145017
when:0.01334361676371159
start:0.014375316774910777
fame:0.02959208742186981
goods:0.03046887444700582
ralph:0.028260384231208482
did:0.008387301242055945
potvin:0.028767386648622786
ramsey.cs.laurentian.ca:0.02819189943359552
forget:0.019587823139869866
forward:0.022069630132940433
belongs:0.027991793754242045
many:0.009455107283561701
about:0.0050255927567442425
head:0.017616631303345322
press:0.018302807963100336
entire:0.01902764399331021
is:0.008224672251755017
number:0.01276665738978448
grant:0.02308663473814702
time:0.008058724336243436
their:0.007722875605008744
runs:0.01914178836960885
sanderson:0.03303981924762529
stat:0.02959208742186981
sold:0.020951674005315512
him:0.024454237789421504
fuhr:0.029416137543955678
lemieux:0.028471533293263865
defensive:0.052201148814374404
very:0.008894094345833914
minus:0.030060493285406147
by:0.005053242218454929
especially:0.015945386262741536
assessment:0.03036367400209391
main:0.018971515365443
