means:0.05669190440877506
to:0.0027563983201816617
most:0.037131909279340757
re:0.0074788100555634104
anyone:0.06691658998565565
espn:0.1999565326424977
this:0.01049964876742838
game:0.237760728632839
assume:0.06942977110578352
sure:0.04364088040318407
wings:0.18280403375829146
said:0.04383009657326865
stars:0.09966575996318723
it:0.0068571085947994395
christopher:0.09678308193151149
virginia.edu:0.09612295600214807
has:0.02129548947773102
heard:0.10810589437679498
be:0.02313845028549885
writes:0.013225247820351248
showing:0.08588048635251626
whatever:0.06609921157506726
what:0.018408842059932623
they:0.03731678498030975
or:0.013486229154061707
for:0.00650697725824148
subject:0.000533939137840366
i:0.0038179741449078986
will:0.02266610689806569
the:0.006030024079912424
would:0.03730598584417504
is:0.005373452537813278
tonight:0.19437975123250786
show:0.06020137339469665
going:0.04355631368099365
s:0.012408725617120366
