read:0.013739412496351041
say:0.011500272571318445
knowledge:0.02240467360516446
i.e:0.02093659998166911
4:0.015056178813204115
someone:0.013354291604018303
from:0.010261481871880916
except:0.019541584357598868
my:0.005758874311092735
to:0.0025058166547106014
recall:0.023702152818624377
besides:0.0245459805705266
might:0.012891425065929975
perhaps:0.01750582750084876
that:0.010512261376802327
think:0.008725745621385183
quite:0.016098178073390312
like:0.007058418566719232
nt:0.004327748798317809
toronto:0.02434606239479141
anything:0.014068128183753963
re:0.002266306077443458
believes:0.029749251329638435
this:0.0031817117477055696
mean:0.01602073973836279
telling:0.026024389803792805
he:0.028911512864004275
something:0.01206461404341529
game:0.018012176411578713
fair:0.025592118404872015
on:0.0030727807590259994
you:0.0033684787236892234
mvp:0.035259083101732626
went:0.019772492516582325
sam:0.029881487980515035
assume:0.02103932457751016
came:0.018295313530169374
m:0.008295846740097406
mogilny:0.038650693937704886
a:0.003385464547506412
how:0.007971896952903785
other:0.008359442350496429
low:0.020580572969574665
was:0.010732862231531947
truth:0.02178822744250063
steve:0.019437296041420523
responsible:0.023702152818624377
team:0.03882696446902421
success:0.027162474162494593
pat:0.02456448625226533
it:0.006233735086181308
not:0.0036540000519755447
reported:0.025026470284919174
indicate:0.028783940616450125
whose:0.022683523942430114
after:0.011692204167666372
has:0.006453178629615461
his:0.011178357827304586
sun:0.021990862449083888
be:0.007011651601666319
writes:0.004007650854651893
of:0.002356855582615014
dchhabra:0.07587371471593847
what:0.005578436987858371
impression:0.028673409782815087
english:0.053553338000480365
well:0.010199199455474817
yep:0.03435583716742664
must:0.014045214711996953
who:0.007836684086265748
wong:0.07429731316141486
one:0.005959460047124984
comment:0.047631483598578946
in:0.0021536933562968544
5:0.015750744769198077
or:0.004086736107291426
weeks:0.022064029608079457
and:0.002313923724186605
for:0.003943622580752412
subject:0.00016179973873950483
i:0.006941771172559816
ago:0.017340398335543298
pretty:0.017442545799512887
normal:0.02286280408799117
the:0.005481840072647658
do:0.0043534419327666465
sfu.ca:0.035368286165385225
quote:0.024454290379033874
around:0.014346632928203852
would:0.011304844195204559
can:0.005239793893561899
nobody:0.024292664639141984
just:0.0071175064452477935
here:0.010911520640141795
about:0.005969795032253767
language:0.04942920363316593
is:0.006513275803410034
interpret:0.03168472657987741
recent:0.02301875811203043
assuming:0.02404951316163032
remark:0.07009281687241957
detroit:0.028783940616450125
man:0.01756393538663757
first:0.011379120178127523
him:0.014524335171898835
fraser.sfu.ca:0.035046408436209785
article:0.004911108365555157
very:0.010565106010808772
players:0.022496205533562984
stpl.ists.ca:0.037936857357969235
incident:0.029128168485499414
grasp:0.03594592361874477
alex:0.06798780482331847
s:0.015040879535903474
