picks:0.025213841404819876
some:0.005120775768128746
penguins:0.045602714941926845
since:0.026326600307943173
go:0.017065195191176552
at:0.007727763267144132
played:0.017790364127869846
tomorrow:0.022173722191837664
know:0.005411733007273253
help:0.009386371579130687
send:0.01286555754770273
your:0.005526018518338871
with:0.00256503235434012
miss:0.0211658796741496
times:0.012326649743390468
mentioned:0.015417384292946658
cup:0.01920731841006764
devils:0.022173722191837664
from:0.0037130362036411207
feet:0.01926342960068128
often:0.01362859819420485
both:0.009849579308369464
my:0.004167606409343426
to:0.004231313210805182
stop:0.01457874173061683
most:0.016285925122517874
front:0.01542522337441199
might:0.009329320771396692
next:0.011747280805917434
been:0.0064352648562343824
that:0.004564534545190484
puck:0.024177048518573253
playoff:0.020419800862632797
think:0.012629368662531186
pittsburgh:0.019397216680915555
like:0.005108066068020496
really:0.01711750651921865
nt:0.01252769388986734
champs:0.024862776897479802
could:0.01323779960812331
me:0.00475258193159888
re:0.0016400899244656602
islanders:0.1192188849837013
anyone:0.0073373453931639965
chances:0.021404630580092652
this:0.004605109108521219
shot:0.017441369936788315
two:0.01635780204081852
on:0.002223722917716184
you:0.0024377148658277273
hartford:0.026992197142136385
pool:0.023152421978303493
great:0.022116234111690145
winning:0.02054405747064256
posted:0.014970968967025856
beat:0.038122212080945884
a:0.0018375054287452564
want:0.008300868279439393
broad:0.024177048518573253
as:0.0035092726325307824
running:0.013278335142310095
stanley:0.02168973948495667
shed:0.025213841404819876
washington:0.03367730995977626
exact:0.018732220922558194
team:0.014049230564449549
likely:0.02900358600815551
play:0.028087002041933696
it:0.006015007539297753
have:0.0089693090025904
shooting:0.041823917432343906
due:0.0145400986179758
only:0.0058488431503038885
keith:0.03456550060631287
completely:0.015776287881752064
mathew:0.02353405082474924
has:0.004670063481958557
poor:0.017330948204803777
greg:0.01920731841006764
be:0.0025371107769187337
noticed:0.017790364127869846
writes:0.00580054728962774
po:0.022886524514196323
were:0.006803961831018855
if:0.005878512454064994
of:0.0025584287574439294
even:0.007364734420026428
opinion:0.014514524406086355
what:0.004037026767529084
but:0.011671635478077372
year:0.010854213667586193
robbie:0.02721716773155547
seems:0.010335469690267886
whalers:0.027704999464495048
they:0.012275258217207152
net:0.0145400986179758
chance:0.015767796175493877
in:0.00467578162880238
thomas:0.016157916728197805
yes:0.02339338482898148
better:0.019615928695626342
and:0.0025118250953341434
capitals:0.025070026392438337
subject:0.0002341838323861254
i:0.0041863751588902395
imo:0.02319834873210742
league:0.017060776615058105
games:0.01460469426144178
rangers:0.020469081885733348
mail.sas.upenn.edu:0.025675948929634904
will:0.0049706374776459835
than:0.0062745670272783384
the:0.005289494806940722
do:0.006301034376372777
when:0.005735414222998841
level:0.015440943695586616
would:0.008181137246529614
can:0.003791956107182953
rules:0.018068049563897598
makes:0.012249902992333219
many:0.008128074682360058
hit:0.01570044798214653
is:0.005891943572163682
pitt:0.025287556836032076
does:0.0053442491856909
their:0.013277926478786964
light:0.015316731078097777
talent:0.02348449137188111
psuvm.psu.edu:0.04385011680756528
kkeller:0.028110145605420554
article:0.010662274741007907
very:0.007645800402558979
give:0.01036507136559652
side:0.014124403853382424
before:0.009325413452730896
says:0.011232573440471788
s:0.005442423516280862
isles:0.02733413372752986
