prism.gatech.edu:0.02473877795866114
sent:0.019254882451778078
since:0.010475505881694666
go:0.040742036686788004
louis:0.02467644862616733
music:0.02411863057429887
minnesota:0.02638261443867946
all:0.004995119532179535
send:0.015357838329194884
faith:0.01960746659871619
rick:0.025197185765071194
curtis:0.02959919193976234
braves:0.025163077487473318
your:0.006596503781053731
with:0.0030619234386887297
ron:0.022184808043063015
4:0.03901993985620962
though:0.013013320427281046
response:0.018385332736268807
to:0.002164710722655755
retired:0.030847417193401075
player:0.020352162476734045
next:0.014022932061514008
that:0.0018162545834265803
quite:0.013906803047693202
like:0.006097586719940698
toronto:0.02103193871801352
me:0.0113464783288434
so:0.010699587407171939
hrivnak:0.06614387306706672
best:0.01274961298409128
on:0.005308992934442826
you:0.011639769411700982
8:0.030916139082448862
3:0.08581288802336826
more:0.006656644114244639
a:0.0007311539925897357
other:0.007221507789695868
as:0.004189079372863971
coming:0.018202251072196834
question:0.011429246509670704
buffalo:0.053660749018072655
pts:0.12888420834360412
far:0.01303339304775603
team:0.03354161852036123
are:0.0067320563518452935
results:0.019178448946955293
no:0.005893956733939843
brian:0.019560615260621878
internet:0.014955675094840871
play:0.016763969805133203
it:0.0017950546059684396
not:0.003156596903539083
voted:0.030649823853176748
have:0.0053534095617555275
received:0.020258066966763202
only:0.013963730243657452
friedman:0.03126648896132535
atlanta:0.0250620659537839
decided:0.01953734587967725
feel:0.015949092587676322
goalie:0.05595068829519129
free:0.015117841854056208
boston:0.021831293902353617
if:0.007017281882339365
andy:0.02346496459063669
what:0.004819068602076603
2nd:0.02286197303973572
san:0.021141180280652063
please:0.02005670530790843
ed:0.020775757443293207
they:0.004884395939831119
now:0.008648766481037929
one:0.010296449296079818
in:0.0009302602193428821
st:0.02008768190010105
5:0.027213328658823907
and:0.0009994696714418583
still:0.010689576346751557
capitals:0.0299265236517065
for:0.010220383128127978
subject:0.00013977464341370836
welcome:0.021903760140112104
i:0.0029984090143255746
mention:0.019762695362706403
any:0.005357524954391662
favorite:0.02530086444201454
will:0.005933535837189971
joseph:0.021383238893422786
em:0.024897927053867272
the:0.0015785403350556085
do:0.0037608268005575743
nhl:0.022341106279448776
jose:0.02387380457478034
fan:0.020940083693663212
effect:0.018148552118441918
7:0.016709573449902124
an:0.009402074749337557
mask:0.08427900923627475
here:0.009426182751954953
people:0.007881011204571296
many:0.009702623181037139
quebec:0.027529491747908173
is:0.0014066629680139471
grant:0.0236909969040671
gave:0.038867789665318245
9:0.018643108144633647
keep:0.013871280545161891
does:0.006379522588154583
2:0.061206582788337446
their:0.015850090246928943
1:0.1025405179018172
votes:0.0897795709551195
poll:0.06073349879252862
chicago:0.022108374538240223
update:0.02273215807317438
fuhr:0.030186193500603736
players:0.019433894832659122
give:0.012372964771497418
before:0.01113190715823374
mike:0.033459811821546635
emotional:0.027860271337549702
john:0.014039153924512281
3rd:0.023108663735950746
