another:0.024915790229085154
at:0.004949241643002421
out:0.006618972466744156
take:0.011942410844582604
selanne:0.03443555244840857
with:0.006571094121230869
ron:0.023805046832724917
interpreted:0.030610400268812326
francis:0.06208553133690699
from:0.004756023901293121
gerald:0.02844930847982867
goals:0.051880378975368895
jagr:0.06887110489681714
to:0.0038713459553113222
player:0.08735422546193712
unique:0.02849671785424364
teams:0.023235899650405376
think:0.008088472064767163
re:0.002100789341450396
meaningless:0.09246727374996812
comparing:0.06016251722234712
these:0.009306943669095184
game:0.016696680381519592
on:0.005696728373475167
them:0.00823516388501259
more:0.007142803515846775
a:0.0007845528796889859
how:0.007389679759714181
other:0.023246763839863665
same:0.021821273601445083
as:0.013485070116017165
ridiculous:0.0841191596393497
part:0.02751934957767727
given:0.015661727860568995
plus:0.0200893250223577
based:0.016971365235396305
team:0.03599128728870222
role:0.049592750264793165
statistic:0.03516618800036474
are:0.010835585083166722
it:0.0038523081993255275
not:0.003387134879640252
absurd:0.08745741661286813
received:0.021737588711526805
points:0.04118153133112845
has:0.005981879066778376
his:0.010361960907332901
be:0.00649956468693788
asked:0.018945510667069836
stats:0.05218655473320457
writes:0.0037149572529076537
of:0.004369451361027835
looking:0.014572389580936202
what:0.005171023050542871
but:0.003737546192418035
never:0.012381681072257643
must:0.013019440603817399
they:0.00524112148599856
one:0.016572655749027346
in:0.003992802289763831
context:0.02333000532694928
compare:0.07263557719876707
golchowy:0.030680189707006467
or:0.003788266616309468
and:0.013942040416798505
for:0.005483407801888887
enjoy:0.025970475154172515
subject:0.00014998290388774325
each:0.014303423580677613
i:0.0010724646474460388
league:0.021853129596816002
any:0.005748804866791052
information:0.013701243171257106
will:0.006366883960130811
yet:0.029551334187484984
the:0.005081480966218335
can:0.004857112317065805
olchowy:0.030473369633283343
potvin:0.031676448219831836
lindros:0.03443555244840857
just:0.013195377117594224
about:0.011067597531706422
different:0.014197847741636222
is:0.006037587121138515
involved:0.020229646837448694
time:0.008873651516312997
stat:0.06516909140097171
alchemy.chem.utoronto.ca:0.06081217532222156
words:0.01858347826689536
article:0.004552431911891017
players:0.04170644846109991
playing:0.04500415680174261
minus:0.03310031844909891
s:0.020913582500764662
