phoenix:0.01919245055128801
join:0.014888328021081986
at:0.1115507645640351
played:0.013169490328423135
breton:0.2048343620979979
moncton:0.11379686783222104
hawks:0.018888794518785338
4:0.05646067054951544
cup:0.042655213611968404
devils:0.016414313830321388
2-1:0.0208088090845321
scheduled:0.016609456440937313
suns:0.020063437520751258
to:0.0004474672597697503
gm:0.6713344740944874
ii:0.011920129237370514
t:0.03345809162338237
adirondack:0.08768906427484048
playoff:0.04534786944818453
86:0.01552112132952619
champs:0.05521473830479281
islanders:0.017650588166418117
89:0.015360755240793798
contact:0.011298936035651195
game:0.019298760440977194
on:0.001646132549478214
state:0.008628939567989014
vs:0.09983606332977299
3:0.0456129729474861
hockey:0.03830165998519973
baltimore:0.10184376400674883
series:0.011647241431063852
wings:0.029675979506216147
red:0.0234585646424841
usa:0.011833187292301055
andrew.cmu.edu:0.013229803268595002
team:0.010400079768488628
cd:0.014490918990196668
results:0.011893129054767729
ot:0.04869071411749132
leafs:0.016179506487530394
indians:0.01777159918848705
adams:0.01504420210934939
status:0.014287930818179348
list:0.009453339600394739
boston:0.013538237452433573
of:0.0006313006024861645
ahl:0.09873214751343296
mailing:0.014330372641449976
pacific:0.017421310350788397
in:0.000576882149008086
st:0.07474182940751883
5:0.05062739390099382
66:0.016609456440937313
and:0.0012396019950999672
for:0.0021126549539745064
subject:8.667843146759188e-05
cape:0.11515470330772805
6:0.05724057725764664
rochester:0.05449290740719163
oilers:0.018888794518785338
canadiens:0.019981236845477587
rangers:0.015152437240088324
leads:0.0736979788062006
schedule:0.01655249439661618
the:0.0004894500064863981
home:0.009510918999549834
americans:0.013903957050342551
ny:0.013640238089554934
7:0.06217263368047998
1-0:0.07929130888620343
bruins:0.03288296694421756
capital:0.016580850500410835
division:0.03859643587130194
maple:0.01830651877639632
district:0.01835534305355392
90:0.013090777303715365
91:0.03034166498365507
2:0.06326005039270807
springfield:0.08551953070778638
tied:0.016638316659824477
1993:0.009836544814967978
1:0.038153062829702114
first:0.006095957238282601
fans:0.013353898115413826
falls:0.016056040917435458
full:0.010031371701049525
81:0.01675639342661303
champions:0.01840491276826427
high:0.009082220213121822
john:0.08706098699941056
s:0.024172842111273442
