there:0.010797399830319382
case:0.029077777733020654
gld:0.0686560849092772
with:0.006880322079877027
from:0.009959673581531478
gerald:0.059576198934229455
cunixb.cc.columbia.edu:0.06222615895200579
to:0.001621410776577448
most:0.0218422995760828
mail:0.03605077064512772
next:0.03151035322057853
months:0.03995052399976259
toronto:0.04726000347224214
re:0.004399300032684359
eat:0.053120285102722965
this:0.006176263980840224
standards:0.049850568661471
dare:0.05918724761351312
a:0.004928838091222571
was:0.03125156943887243
gary:0.04993739345320774
stuff:0.03439313591380732
ethical:0.14051527980266215
team:0.037684994925817616
l:0.03888188916180427
not:0.007093058924423116
should:0.019327201673335053
probably:0.02808498488269657
charge:0.048426501822751
sports:0.11293353613180673
points:0.04311948574671097
free:0.03397067993087924
which:0.015198733323735503
writes:0.007779557541383086
making:0.03617184930438122
of:0.004575072601546792
even:0.019754817032541477
reporting:0.06548746215888208
year:0.02911483195540767
keenan:0.07659877520406858
accept:0.04202484671367922
one:0.023136727241779353
in:0.008361397736211317
golchowy:0.06424792668055472
and:0.00224586714406347
few:0.02688973530477984
subject:0.0003140818457884505
oilers:0.06844410249159863
stan:0.06500720339982026
room:0.04691798212139536
ago:0.033660773239584045
any:0.03611602116313437
will:0.013333004057685699
the:0.006207377729321613
olchowy:0.06381482111440512
an:0.01056350751249102
about:0.011588425650845547
press:0.04220412189138431
is:0.0031608544340078104
mostly:0.04801234140871596
globe:0.07240259939302467
alchemy.chem.utoronto.ca:0.06367392474914964
papers:0.05438523032285539
article:0.028599984011174154
