some:0.010152494566376992
since:0.017398448899162446
winners:0.05545534347583744
round:0.038266806017384684
know:0.010729348918767843
chris:0.03336301950364609
someone:0.019160505344895825
my:0.008262732707220012
to:0.0011984340522528964
playoffs:0.07993176226713995
next:0.06987078322823935
teams:0.035965131632801364
make:0.01530504768130177
playoff:0.04048447475374155
re:0.003251656545897135
this:0.0091301293629812
la:0.07579658207009354
cal:0.13997644142720417
on:0.00440877239338513
vs:0.029709669087507325
same:0.03377553653093239
det:0.2634309029827292
was:0.015399324071328446
let:0.020044676023937606
que:0.1478794730250103
van:0.15949930540846094
buf:0.10935221462663686
are:0.005590533753054135
bos:0.26056316525265105
probably:0.02075846708721051
christopher:0.0420796008397876
left:0.025429610291309232
pit:0.15130562960051694
nyi:0.21320098559362521
be:0.005030097888151924
fill:0.04202143572543284
of:0.0016907877005716404
what:0.00800384437388375
year:0.10759829200911529
well:0.014633634001333433
stl:0.11091068695167489
in:0.0015450408860390476
thoughts:0.037339341892398376
and:0.004979966275966824
tor:0.09780161212773784
subject:0.0002321474512349417
the:0.004588061799933366
would:0.008109996922646748
nj:0.08487401343062827
rules:0.0716437443577157
just:0.010212074464920748
here:0.03131132009779819
win:0.058947398323971154
new:0.014991300564204755
chi:0.1647845185540401
16:0.030321676015870797
wanted:0.026479652083009585
first:0.01632656373383514
under:0.042214320471402424
three:0.0253781565780215
s:0.03237058856640095
