picks:0.3025660968578385
go:0.10239117114705931
fewer:0.14471828896493022
your:0.03315611111003322
to:0.0036268398949758705
champs:0.1491766613848788
re:0.009840539546793961
had:0.04037917067584566
want:0.049805209676636354
season:0.10045353759725574
it:0.00902251130894663
wins:0.12955577570244495
keith:0.2073930036378772
opinion:0.08708714643651813
they:0.024550516434414305
who:0.03402770721668022
ottawa:0.13630687653707804
subject:0.0007025514971583761
i:0.010047300381336574
league:0.10236465969034864
rangers:0.12281449131440009
mail.sas.upenn.edu:0.15405569357780943
the:0.003967121105205542
when:0.03441248533799305
because:0.046440060497224045
during:0.07706235552111763
first:0.14822801284666112
kkeller:0.16866087363252333
give:0.06219042819357912
s:0.032654541097685175
