school:0.03952743995430549
effective:0.04389092862613635
read:0.024641337629325237
go:0.021146002736892686
forgive:0.061287041120978984
all:0.010370302507024904
your:0.013694915458491984
much:0.018991270321303603
from:0.009201872330762778
post:0.02807149787425196
my:0.010328415884025013
london:0.05522746160568779
player:0.042252859054958715
that:0.007541404900749496
think:0.01564943508183212
nt:0.007761723388287375
rec.sport.hockey:0.07002068500933561
me:0.01177813783048418
anything:0.02523088206868917
he:0.017284056603480816
apr:0.040513133446065205
something:0.021637623012646986
western:0.08892451660207391
m:0.014878420783870349
how:0.014297423882925264
hockey:0.0427424321573968
basis:0.040513133446065205
was:0.009624577544580277
as:0.017393786091674312
frankly:0.06145049630972399
plus:0.07773695334738415
organization:0.04165036117518338
business:0.03931047536123443
ontario:0.05162337175776381
no:0.012236366697635975
gainey:0.07911033744629886
care:0.034413227622542356
it:0.007453378907390695
not:0.006553369658434401
should:0.017856653719929127
date:0.038889121628079594
university:0.025547175017376668
always:0.02887995758694247
has:0.01157363558572338
of:0.006340453877143651
defending:0.0578403459290434
but:0.007231339372287068
gmt:0.04605759061114169
lines:0.03840415352494039
david:0.10854109736280408
bob:0.04004353276118587
in:0.0019313011075488096
for:0.0070728013676537825
subject:0.0005803686280873543
i:0.00622495784495853
than:0.015550013937168055
do:0.007807803466374963
less:0.029878973441263883
did:0.0178685982982931
fri:0.0632363990411509
an:0.009759762375671052
many:0.020143489430196667
is:0.002920354640115912
win:0.03684212395248197
stat:0.12608802466709745
1993:0.03293104133706671
16:0.037902095019838496
him:0.052098158768767555
minus:0.1280838409552088
four:0.03813093642416276
james:0.15041712033204466
newsgroups:0.04658991674805973
