thanks:0.03497169552484496
with:0.01026012941736048
someone:0.03865715990636877
post:0.04530838253388036
flyers:0.19890221517983842
my:0.016670425637373705
to:0.007253679789951741
next:0.046989123223669736
that:0.012172092120507957
guy:0.05940931134998016
could:0.02647559921624662
need:0.03370529809644274
re:0.006560359697862641
great:0.04423246822338029
a:0.002450007238327009
have:0.0089693090025904
lineup:0.10270379571853962
without:0.03942474534741219
be:0.010148443107674935
notes:0.08207569172978102
of:0.0034112383432585726
trying:0.04730400391348063
up:0.02356948018162078
one:0.01725106855746706
in:0.006234375505069841
compare:0.07560896339988618
point:0.03862343791684317
and:0.0033491001271121917
subject:0.0004683676647722508
i:0.006698200254224383
back:0.036953626667851534
walker:0.08549626496394794
will:0.019882549910583934
the:0.009256615912146264
eric:0.13993082387082825
lindros:0.1075355848388899
just:0.020603308130980453
record:0.06766049819713324
trade:0.14803799636258577
is:0.004713554857730945
stat:0.10175524797695583
players:0.06512059496557705
john:0.04704348069441834
