go:0.02611318458784063
out:0.007907228852888993
say:0.012735201169580828
all:0.006403139802995243
saw:0.022801211967352044
hawks:0.03904529336769049
from:0.011363385965505712
gerald:0.03398642221080204
my:0.006377276921679874
to:0.0018499317585111822
playoffs:0.03084614986819159
that:0.006984656887942486
puck:0.11098725628660473
playoff:0.031246406689129383
like:0.015632739107498968
tie:0.035569165236584085
nt:0.019169894005971504
re:0.002509667803880339
murphy:0.03699575209553491
so:0.006857789244194094
anyone:0.01122761576940531
this:0.010570116208820516
he:0.021344069899600474
goal:0.08444549324214416
game:0.05983910955524471
on:0.010208231380656843
went:0.04379142637900783
cage:0.035640945700454875
vs:0.02293028151049223
bottle:0.04081812273038571
a:0.0009372510911720772
was:0.017828076525531252
red:0.024245764798272156
said:0.014708086098412296
rear:0.03179298609812384
evidence:0.04319071187265875
video:0.046922297890805674
hitting:0.03221258580940796
crap:0.03261405222021944
it:0.0023010431526172613
not:0.0040463758964829856
should:0.011025584847204561
leafs:0.033444885893686986
have:0.006862424337552387
hope:0.019385647903624466
terrible:0.03398642221080204
be:0.003882290316358868
writes:0.004438002624278942
of:0.002609940745848841
even:0.011269526495073998
opinion:0.022210144728776436
but:0.0044649880687947
disappointed:0.039542662308319494
find:0.01420434052129792
net:0.04449855684427493
in:0.010732330986915532
according:0.023084068487155825
golchowy:0.03665150179763189
ended:0.033341631404831415
or:0.004525580253040841
and:0.001281199377485872
subject:0.00017917420732898185
i:0.0038435981324576158
top:0.022695518296424935
water:0.02751743097121846
review:0.029004291843347556
assumed:0.032800492247783704
the:0.00859986655692208
see:0.011875072224236081
judge:0.058556529921866336
would:0.012518787196031894
did:0.03309888006932145
olchowy:0.036404428152512984
joe:0.026707847160556616
last:0.014631963436640924
thought:0.018017358424105453
just:0.007881802439368361
counted:0.038695053413525596
is:0.0018031719925547913
move:0.023737081312570584
night:0.022468690245530366
occur:0.03053554079058081
else:0.016956726344550716
does:0.008177777277433055
light:0.023437682455075794
alchemy.chem.utoronto.ca:0.036324051031394085
article:0.005438475706822825
thus:0.022358087737424866
lots:0.024487885982660138
by:0.006647217951793061
s:0.00416400188493972
