another:0.0316786475769797
believe:0.031038169719004863
know:0.017626787509404312
into:0.025582912899748376
via:0.04883187683736636
that:0.004955780363349669
guy:0.09675230705568198
pack:0.07359646457559842
anyone:0.023898782137734158
had:0.021920121224030503
derek:0.07874810088906717
this:0.014999498239183399
he:0.04543237735772101
recently:0.04727587949410984
card:0.0437272620930606
a:0.003990011788132557
mario:0.07837702251187774
hockey:0.056175767978292934
as:0.03429060686644365
coming:0.04966614221127993
quoted:0.06382602849766954
it:0.004897934710571028
be:0.016527464489642037
which:0.018455604750250255
were:0.0221614756781757
of:0.005555445301878247
particular:0.04844359211548296
saying:0.0430936454137777
russian:0.06651020852400397
who:0.03694436783525281
pro:0.06429665929366031
pick:0.11485870020108611
good:0.023142997876564275
in:0.005076562911271156
subject:0.0003813850984574042
i:0.005454248778439855
draft:0.07054036605832291
will:0.03238015271152241
the:0.002153580028540151
nhl:0.12191860855356332
got:0.03160219745186534
named:0.06659024074612782
bought:0.052329767840978
many:0.026474300393972763
is:0.007676360768304683
cards:0.056214535205030024
1993:0.0432807971858591
1:0.0559578254835631
various:0.05092255683364555
lemieux:0.07972029322113883
players:0.0530267701862556
says:0.03658609634896526
s:0.00886337544080026
