some:0.006748768064354648
ability:0.023169304424615185
choice:0.021805564592592735
where:0.010678941030252957
own:0.013101101939583786
cut:0.021161939282106367
with:0.006761010136295344
into:0.01035146764729703
cup:0.02531369131500244
gerald:0.029271542828956665
both:0.012980948452648773
to:0.002389940740041903
prime:0.029033634895468185
crucial:0.033040265996970755
teams:0.02390745744376969
bear:0.02604371284866887
make:0.010173875626298864
that:0.004010458097508402
think:0.02496672880107321
pittsburgh:0.05112792373697973
like:0.006732017708142619
arrived:0.030513018561001137
could:0.008723174308243107
re:0.00216150579640561
effort:0.023481831715194815
islanders:0.031424168527495834
had:0.017738826424070927
beaten:0.033732758481436774
he:0.02757456429225841
healthy:0.03016258722102174
on:0.008792060553282483
you:0.0032127109214376984
regular:0.023393310125755268
names:0.02368148677445595
more:0.02204772877145767
a:0.004843366910449925
hockey:0.022730079528789048
was:0.030709634708718573
as:0.004624937342294904
season:0.04412987778838981
following:0.03164525171144233
stanley:0.028585321402139426
course:0.014139605779768895
stars:0.028805132937337347
career:0.027933324326154776
play:0.05552459363203077
missed:0.025120995244091508
it:0.0019818232932946357
not:0.003485028951306155
slide:0.032947778474737
have:0.005910411712689628
made:0.013442656369468215
marcus:0.033732758481436774
nh:0.03515549298744202
victory:0.031284876321836526
has:0.006154765745008965
stayed:0.0320175451405599
his:0.0533071977313658
without:0.012989655981517311
which:0.007467585737095478
writes:0.0038223259596390884
if:0.003873701848343406
of:0.004495736082444824
even:0.009706123975526159
failure:0.027452891339388847
year:0.02860995047641216
finals:0.03225676604323536
good:0.009364218793985545
one:0.005683878079627875
in:0.007189352099777072
1990:0.02468755127366051
our:0.012888875277343314
golchowy:0.03156690039218006
and:0.00551730367761257
subject:0.0001543176698960595
until:0.016538530204419907
i:0.0044138429420900556
oilers:0.1008858158113159
power:0.015617660579020472
mention:0.02181892956229435
than:0.024808114720568687
the:0.004792649196462186
behalf:0.033732758481436774
nhl:0.024665614447252696
when:0.007558811808345294
around:0.013683204815916969
would:0.010782076833576602
because:0.010200706930026091
did:0.009502375973658758
olchowy:0.031354102859678816
an:0.010380325301291753
gretzky:0.03362860527043863
just:0.006788373199224774
minors:0.034892704697981
new:0.009965315403951137
right:0.01121314216063757
lack:0.022424977219090095
alchemy.chem.utoronto.ca:0.031284876321836526
him:0.013852689614816806
although:0.01826438992343791
article:0.004684005088535266
players:0.04291183714494673
playing:0.02315242748760169
by:0.005725060548076104
while:0.012545332403922095
s:0.0035863368835607995
