24:0.020931907136391203
round:0.07544027471998696
louis:0.02693258107198834
computing:0.024928351309594525
11:0.044162453001370415
all:0.005451816175121664
thanks:0.01139078082809236
4:0.028391651476327762
florida:0.02918229688072307
my:0.005429795779030293
to:0.0007875423771947605
0:0.020943750219831043
montreal:0.056347948763256925
pittsburgh:0.10108720921711421
months:0.019404540228456113
toronto:0.09181943531749902
islanders:0.062130070345791766
michael:0.017169686866706797
this:0.00299989964783668
30:0.019560602710707944
26:0.05024414892405398
pool:0.06032859669775082
ta:0.026384878450330464
state:0.015186933639660664
8:0.016871378756422094
3:0.013379805397929255
includes:0.021530024979613423
a:0.0023940070728795345
air:0.022023651346463825
was:0.005059777909150775
40:0.04370865357742627
colorado:0.02693258107198834
canadian:0.027729530375670268
buffalo:0.029283437321291076
washington:0.06581508574996275
21:0.023178302978024718
team:0.036608280785079966
ontario:0.027139144009795835
27:0.025246573628797887
18:0.06628713416953885
have:0.002921432075129445
picked:0.05456224228915202
royal:0.03488817590992951
university:0.02686102973255604
500:0.02382729791628309
boston:0.09530919166513235
14:0.042672603654361915
of:0.0022221781207512987
what:0.00525966915998075
year:0.02828297961382459
2nd:0.024952210574797268
vancouver:0.0845219231448854
york:0.043007625227719344
finals:0.03188811728845553
who:0.007388873567050562
beginning:0.023143353109353653
good:0.009257199150625709
michigan:0.02943858583023937
over:0.011462518585824902
1990:0.024405407830532962
st:0.021924269959538858
jersey:0.05846528667209934
5:0.044552106632874566
41:0.057220782806509204
and:0.001090849755687971
for:0.0018591363594975656
subject:0.00015255403938296168
winnipeg:0.05963574387699156
6:0.016790569328909682
angeles:0.10827782693989604
the:0.001292148017124091
calgary:0.0929873107667046
38:0.02918229688072307
canada:0.021260614817180837
7:0.018237305879607462
here:0.010288005174990835
people:0.017203121600835626
quebec:0.1502323692528703
15:0.05728818397681104
is:0.0015352721536609365
31:0.05327219259690227
new:0.03940570434019536
detroit:0.10855657603918334
served:0.02888919234136564
1st:0.025718663717464126
2:0.07793638208381636
entered:0.028655923801249896
1:0.07834095567698834
23:0.024740980893463146
chicago:0.09651884655551732
luck:0.023558792148077837
los:0.10422620968646959
mike:0.018259497308329733
students:0.027317173539966093
summary:0.024581924899214895
four:0.020045978005845566
3rd:0.025221455848951954
s:0.003545350176320105
