read:0.017174265620438802
go:0.04421436935895744
raise:0.035706073390893635
watch:0.029122453337684467
with:0.008861020860447688
funny:0.03409671326178956
from:0.006413426169925573
brothers:0.03882273887292378
organizations:0.036026545964307946
to:0.003132270818388252
that:0.005256130688401164
anything:0.0351703204593849
anyone:0.012673596588192358
winner:0.04176035653208108
this:0.003977139684631962
30:0.02593261723010523
getting:0.020546981607762773
he:0.03613939108000535
came:0.022869141912711718
m:0.010369808425121758
sure:0.016530636516357604
a:0.0021159153421915077
hockey:0.08937053996546604
as:0.018184412732204964
season:0.02891844264163423
patrick:0.034739432049191304
plus:0.0270901504089369
talked:0.037351859975643796
career:0.03660958415473316
pat:0.030705607815331666
not:0.013702500194908294
signs:0.03805165785542421
always:0.020128455287868996
has:0.008066473287019326
div:0.040912493530535735
coach:0.03862248692543775
be:0.004382282251041449
boston:0.031589220722345004
if:0.010153794238839534
end:0.0204866166861781
even:0.012720904907318377
but:0.005040024410987957
award:0.04282913379162581
york:0.028508842480495778
well:0.02549799863868704
up:0.020355460156854313
keenan:0.1479749066442234
in:0.0040381750430566014
baker:0.04524166205767532
or:0.005108420134114283
p.s:0.03435479322060476
and:0.0014462023276166282
gets:0.02528269956358185
for:0.0024647641129702576
subject:0.00020224967342438103
i:0.004338606982849885
rangers:0.03535568689353942
mention:0.02859602132027972
pay:0.025248803499983964
worlds:0.04960048133724776
will:0.01717129310459522
the:0.0034261500454047865
see:0.013404437586448305
got:0.016758741072958896
maine.maine.edu:0.049059125549504236
may:0.014098678238180538
an:0.006802258625467703
just:0.008896883056559743
about:0.007462243790317209
paul:0.02481077644779589
bruins:0.03836346143492048
is:0.002035398688565636
number:0.018956551881801197
move:0.026794129663431948
100,000:0.042065461828580626
east:0.061691807263500265
new:0.013060602764269295
denying:0.0429447964592833
globe:0.04662288597278103
hear:0.025103648214081876
1:0.029674604423101644
guess:0.02269816108284586
nice:0.023937420126929985
him:0.018155418964873545
walsh:0.2898802045327867
assistant:0.04238337242781571
past:0.025026624597752754
champions:0.1288343893778499
black:0.026739033001848014
while:0.016441988680897898
bears:0.046075002172935385
s:0.004700274854969836
