picks:0.058068240811100326
since:0.020210319428320016
entries:0.05876513850288772
go:0.03930166165240661
at:0.008898636489438698
there:0.009270494803809572
form:0.034478595196786824
all:0.009637048794406983
anyway:0.030793068905500345
thanks:0.0201352186355168
enter:0.04785004978404497
your:0.012726588102841037
cup:0.044235036338337606
my:0.009598123851821226
to:0.004176361091184336
everyone:0.06176793449521421
that:0.0035040871256007762
playoff:0.04702742016848766
champs:0.057259728612377735
re:0.0037771767957390967
so:0.02064263833100849
winner:0.0556804753761081
sunday:0.045129515099362305
you:0.005614131206148706
tell:0.02434368741032781
pool:0.05332072940457775
more:0.012842616422431575
want:0.019117151189011937
40:0.03863138573762423
stanley:0.049952127298688094
far:0.02514523305173133
declare:0.05741633655718547
are:0.012988108719216677
18:0.039058075689122215
it:0.0069263723179792324
cry:0.05823800968298297
only:0.013470063012821078
keith:0.07960539533575085
hopefully:0.04669438967113847
after:0.01948700694611062
has:0.010755297716025769
feel:0.030770471558042203
which:0.013049417500176949
of:0.0019640463188458452
opinion:0.03342738954128979
least:0.024319822047540227
well:0.016998665759124697
finals:0.11273576819150946
they:0.00942343055058327
who:0.013061140143776247
in:0.001794744463580712
and:0.0019282697701555045
subject:0.0002696662312325081
i:0.00964134885077752
league:0.039291485537709586
rangers:0.047140915858052565
mail.sas.upenn.edu:0.05913248844400767
actually:0.024690041687889745
will:0.022895057472793627
the:0.0022841000302698576
interest:0.03689681814816046
when:0.013208832755997333
conference:0.04402326736394322
myself:0.03366507133331195
here:0.018185867733569658
people:0.015204779192657752
is:0.005427729836175029
today:0.028678043088872254
division:0.08005186699232997
win:0.03423712528917517
right:0.019594682765558584
entry:0.050414849884862785
entered:0.05065441075978517
1993:0.030602583868789265
pm:0.05251221720585516
kkeller:0.06473851715187764
april:0.03436519052412235
give:0.023871073448040472
before:0.021476709769925703
s:0.012534066279919563
