penguins:0.15290322068763706
go:0.019072865213667915
out:0.011550755873337842
lead:0.037884457231567754
with:0.005733601733230856
hawks:0.057036752076332194
cup:0.04293400585779826
devils:0.049564790781754776
possibility:0.04157825080040522
to:0.0027023512942957466
wake:0.05353993890046226
playoffs:0.045059571866279874
day:0.024934343487871293
that:0.006802051479107388
nt:0.007000770114925867
could:0.014795187797314287
12:0.03483710619227486
wait:0.035994115736373705
game:0.029137344195200858
on:0.00497067475724794
you:0.010898019400171016
them:0.014371168348355303
3:0.022955548476839407
a:0.0013691216920062696
was:0.017361983021595796
as:0.007844256472715867
stanley:0.048482947084020796
given:0.027331250580208636
patrick:0.04495691206365933
course:0.023981880391176658
straight:0.039182957131993226
are:0.006303052760796329
place:0.026661055071729663
it:0.010083983227646235
wins:0.04826587722247949
only:0.013073884688914574
92:0.04297563616055759
left:0.028670639053927072
naturally:0.05032911961969312
be:0.005671188795465405
po:0.1023162272399365
of:0.0019062802506444965
what:0.018047884372482965
robbie:0.12167674985871858
up:0.013171180101493967
now:0.016195239194884747
one:0.009640303017408064
in:0.006967831446842764
pull:0.0443146119939473
yes:0.026145547750038127
blues:0.16251800849955064
for:0.003189694734432098
subject:0.0002617348714903755
i:0.005614667860158675
6:0.05761469867763126
we:0.013213175546215391
face:0.03518893716613294
any:0.01003222810087066
predicted:0.054710005151761935
the:0.0036948676960247696
do:0.014084665076597974
see:0.03469383845904267
when:0.012820337674938587
strong:0.03539855280363245
did:0.016116774935715346
1-0:0.05985716455134965
about:0.009657021375704624
division:0.038848700158042475
right:0.019018368566571565
91:0.04580996477924393
first:0.01840740028814746
psuvm.psu.edu:0.04900895407904355
comes:0.029648787620054035
champions:0.055575618947307795
s:0.01824812590752995
