penguins:0.05941382289576755
go:0.01111675572453787
at:0.020136343141815567
purdue:0.03294607404923036
lead:0.022081226500685208
all:0.005451816175121664
ever:0.015105268896170632
with:0.003341870724511699
missing:0.024672271219367135
devils:0.02888919234136564
sell:0.019886127422746102
my:0.005429795779030293
to:0.007875423771947604
line:0.016136021421748508
add:0.019635545236866964
otherwise:0.020305056180640206
near:0.020598718728465856
value:0.021336301827180958
playoffs:0.07878987994903795
that:0.005946936436019603
r:0.017715541524166458
nt:0.004080448866985363
re:0.002136802873018117
wait:0.0209794274577721
sections:0.031278014571737206
this:0.00299989964783668
best:0.013915291885493909
illegal:0.023484337860704498
game:0.03396581837611986
on:0.005794386574163314
you:0.003175994225192696
traditional:0.02852040079200809
material:0.02412971163887933
3:0.013379805397929255
a:0.0007980023576265114
how:0.007516359984166425
series:0.020499144918672378
as:0.004572080915525819
given:0.015930214623893036
pens:0.028701821925234263
terribly:0.03285003337313675
others:0.015407589846105121
mind:0.01731231887434364
l:0.03777097804289557
are:0.011021337970306723
early:0.02001566342167589
decides:0.032134815413399576
kevin:0.051492140832225315
d:0.01041053841358306
taylor:0.0309957702555682
it:0.007836695536913645
civic:0.03488817590992951
money:0.035431083048332916
university:0.01343051486627802
left:0.016710886762860352
selling:0.02382729791628309
be:0.006610985795856815
which:0.0073822419001001015
writes:0.0037786422343860705
get:0.022532125290704957
if:0.0038294309700766245
of:0.0022221781207512987
what:0.00525966915998075
but:0.003801618412859487
ok:0.01865056680291961
present:0.02071143018759602
again:0.013953537932045817
well:0.009616388058019114
easy:0.018935323224336043
they:0.005330969282901392
find:0.012093981358133658
now:0.009439510845018538
good:0.009257199150625709
difficult:0.042596666023291416
in:0.003045937746762694
point:0.012580205492914633
or:0.007706416659463832
and:0.002181699511375942
subject:0.00030510807876592337
until:0.01634951843065511
outside:0.04119743745693171
6:0.016790569328909682
back:0.012036324114671643
games:0.019027830237764148
face:0.02051012337683177
will:0.012952061084608965
the:0.0034457280456642423
do:0.004104673822322838
magnus.acs.ohio-state.edu:0.07888034378505242
when:0.007472425387678491
would:0.005329426549167863
can:0.004940377099644076
may:0.010634431585370462
come:0.013721106711253763
rid:0.026384878450330464
here:0.010288005174990835
e:0.01777651254887901
different:0.01444123941720713
is:0.010746905075626556
seats:0.03188811728845553
tickets:0.1602569685121078
their:0.01729924135521959
experience:0.0189269872845437
1:0.011191565096712621
strategy:0.03016429834887541
arena:0.06514246487005143
article:0.004630473601809149
little:0.013401935439419796
opinions:0.016317772317257385
says:0.014634438539586103
especially:0.01785883261427052
reduce:0.026056552421617397
dean:0.05695186283610699
s:0.003545350176320105
