go:0.02431790314742659
mark:0.03754529955365238
gld:0.2917883608644281
lu:0.07464874239516427
cunixb.cc.columbia.edu:0.06611529388650615
to:0.006890995800454155
wc:0.07124957095161875
centers:0.06890458827793378
that:0.00433630781793096
me:0.013544858505056809
re:0.0046742562847271315
msg:0.06857989469789302
political:0.04505969721851907
personally:0.048985557563831265
internal:0.04953209270150416
dare:0.1257729011787154
nelson:0.06638126136709721
link:0.06057360160946147
y:0.05329213220668513
was:0.011068264176267321
gary:0.10611696108806645
canadian:0.06065834769677872
attempted:0.06462839460073909
team:0.04004030710868122
l:0.08262401446883408
it:0.0171427714869986
not:0.015072750214399123
invited:0.07066807075618259
have:0.006390632664345661
made:0.058139488797950035
due:0.041439281061231036
probably:0.029840296437865108
je:0.06940801201715803
his:0.023055363018815708
writes:0.008265779887719529
were:0.01939129121840374
if:0.008376880247042617
of:0.0024305073195717334
sense:0.04107902557953738
keenan:0.08138619865432287
repeated:0.06474576635511207
and:0.0023862338405674366
for:0.004066860786400925
subject:0.00033371196115022873
winnipeg:0.06522659486545952
possible:0.03221214528705728
rangers:0.11667376674868009
the:0.0037687650499452652
would:0.011658120576304701
conference:0.05447879336287973
injuries:0.06750561432538396
an:0.01122372673202171
makes:0.034912223528149676
during:0.03660461887253088
press:0.08968375901919166
n:0.04576269369755502
issue:0.03914200009331067
domi:0.07317645444945949
mike:0.039942650361971296
while:0.02712928132348153
jets:0.06462839460073909
