another:0.03037678534778875
yankees:0.0783009043489855
go:0.02664975687389215
out:0.016139412316170682
gld:0.3197680667007431
devils:0.13850982629421882
cunixb.cc.columbia.edu:0.07245511658795195
to:0.0018879440549189463
playoffs:0.0629599497309664
been:0.020099183386595058
that:0.009504236313273337
playoff:0.06377691228329148
me:0.014843680553486912
television:0.07161616281753114
re:0.005122472640796856
game:0.08142490706604075
starting:0.053719479217496126
on:0.013890652746281915
dare:0.13783331636023602
great:0.034537680667570916
a:0.0019130193504745137
hockey:0.053867174773705555
gary:0.11629256009651118
baseball:0.051332545754641204
l:0.090546865171325
are:0.008807005227414047
it:0.009393299444930739
texas:0.054358488653000026
je:0.07606357481332386
has:0.01458595169707604
network:0.05032177630177502
they:0.01277972088366772
and:0.002615050784183492
for:0.013370501215564684
subject:0.000365711738246826
winnipeg:0.07148119985255838
away:0.03793128200443384
rangers:0.06393083109516717
coverage:0.06339951568372668
locked:0.07744446110266584
the:0.0051626918492400885
waiting:0.05993205837514933
start:0.03859674092989743
an:0.012299974500845709
win:0.046431169912717
their:0.04147078407073189
too:0.026746820107732827
nice:0.04328410214732545
domi:0.08019337473913367
bad:0.03754248009241622
by:0.027135218488141537
jets:0.07082563791861816
s:0.016998254270027897
