blown:0.056132844856953384
sent:0.07661838642270026
entries:0.1212030981622059
looks:0.03565734869139469
ask:0.030360026920378827
apologize:0.055893370708779436
andrew:0.15689408996549992
all:0.0099382065692322
thanks:0.020764444217876696
your:0.013124293981054818
missing:0.04497549441030467
sigh:0.05798369045317685
from:0.008818460983647662
ext:0.056886185081741154
my:0.019796130444381277
to:0.0057424965003784615
changes:0.04247822187225196
important:0.032733013468471066
trip:0.053568958715923085
make:0.01833417170155941
that:0.0072271796965516
playoff:0.09699405409750579
like:0.024263313823097356
me:0.01128738208754734
scott:0.07962660527440638
lost:0.03650527421164427
file:0.03165089460894176
on:0.005281341929575936
pool:0.1099740043969416
am:0.03404867409794511
28:0.046068389617174445
a:0.0014546917977566614
was:0.009223553480222767
operation:0.044851730578151006
therefore:0.035759640839113184
advance:0.0329531376737151
team:0.03336692259056768
it:0.007142821452916082
not:0.0062803125893329675
between:0.024196519229650056
after:0.020095975913176575
discover:0.056886185081741154
considered:0.03586294747096054
email:0.028582277697582717
in:0.001850830228067609
5:0.027071592572059197
and:0.003977056400945728
usenet:0.04254373571503908
for:0.003389050655334104
subject:0.0002780933009585239
each:0.026520931222506407
i:0.00994264100236432
person:0.029220775407019277
away:0.0288435790242049
back:0.021941215834036847
the:0.003140637541621054
got:0.06912980692595544
would:0.009715100480253917
problem:0.02203713845880817
during:0.0305038490604424
about:0.01026058521168616
17:0.04096149748417193
today:0.029574231935399507
era:0.05257614434296137
april:0.07087820545600233
hp:0.045058828188086715
200:0.0432929692310543
telecom:0.0609803787078829
roman:0.05319689535548476
