another:0.008977754374042829
yankees:0.023141562823789236
penguins:0.08418962758509572
at:0.0035666599694511377
out:0.009539895539113035
lead:0.01564459367457454
surely:0.018164024809105346
all:0.007725245592277661
raise:0.019081788208898623
gld:0.023626587924245192
funny:0.018221725305895636
hell:0.01381935596956233
cup:0.017729832378523977
devils:0.06140415376201199
possibility:0.017169965917576243
cunixb.cc.columbia.edu:0.02141386036809916
my:0.003847021300932394
jagr:0.07444771258076995
scored:0.04010324918460955
to:0.0027898768422891314
playoffs:0.0186075964791925
been:0.0059402444826778915
that:0.005617888671003673
guy:0.013709841080764654
playoff:0.018849046950122583
think:0.005828939382706701
bit:0.01103272954678421
nt:0.005782012564554158
12:0.014386173407336179
asking:0.01451592232647123
television:0.04233182093667833
re:0.00302785832209045
wait:0.014863966822308169
abc:0.022264352148450805
had:0.006212180103976256
this:0.008501739892654559
off:0.008839908696179557
he:0.00643778626526411
goal:0.016980267871902134
two:0.015099509576140174
game:0.04812970215239656
starting:0.015876607218126386
on:0.008210669234644372
you:0.004500396675374266
dare:0.020368081162545
great:0.010207492666933915
8:0.01195340600151363
3:0.009479619209059188
a:0.003957704000374399
how:0.005325356264085523
other:0.005584242865716238
hockey:0.015920258131500022
was:0.014339451564394909
as:0.0032393285838745686
gary:0.01718493296972736
said:0.01774497836974439
part:0.019831757995249208
baseball:0.01517115724732311
stanley:0.02002129798611385
question:0.00883800033743767
patrick:0.018565202552604257
scale:0.01959171699018451
straight:0.016180816305519468
l:0.013380407201430619
are:0.002602880087454354
d:0.007375887539987998
it:0.005552314651659465
wins:0.019931657800376146
texas:0.03213092851553848
area:0.012989745120078328
92:0.017747023839582488
has:0.004310827829500206
network:0.02974485562776985
naturally:0.02078368502513643
be:0.0023419484094634466
po:0.04225204525697783
were:0.012561160303419427
if:0.0027131595941838433
of:0.003148835393777144
even:0.0067982163877167035
what:0.003726486246949924
year:0.020038548309389895
robbie:0.050247078889025486
forgot:0.019431883747375655
disappointed:0.023853670785180588
they:0.007554005056742864
who:0.01047006375897853
now:0.006687912542017184
good:0.006558744337487851
in:0.003596755099078755
pull:0.018299961228269736
and:0.0023186077803084406
complain:0.020605304499654527
for:0.005268807496551805
subject:0.00010808484571667326
i:0.007728692601028135
6:0.011896152358539249
away:0.011210459863658585
we:0.0054564530595707286
games:0.013481256241330874
rangers:0.01889453712529232
stupid:0.015634357049662158
scoring:0.020857297653003603
coverage:0.037475017367708884
locked:0.022888443969613793
the:0.003967121105205542
waiting:0.017712713608849805
do:0.005816339424344103
see:0.021490515320783516
start:0.022814267918077023
strong:0.014618025854131621
would:0.0037759094983982836
because:0.007144624691880624
instead:0.012419976969978305
may:0.0075345163054244164
friend:0.014061536112116623
an:0.007270430271754953
1-0:0.024718343256022932
just:0.004754609568687797
belongs:0.022212111643042272
many:0.007502838168332362
about:0.003987919758388144
is:0.0021754868574142827
division:0.016042783061215923
win:0.01372257248432527
time:0.00639477720608791
91:0.01891747533393879
pirates:0.023274315142910656
their:0.012256547518880275
too:0.007904930639127516
nice:0.012792467436254082
psuvm.psu.edu:0.020238515449645514
lemieux:0.045185591299430915
article:0.0032806999203101256
little:0.009495298388252891
give:0.009567758183627557
bad:0.02219110159308813
comes:0.012243628895730817
going:0.008817067546759849
process:0.014641958434143997
by:0.008019720443863693
champions:0.022950255597673667
says:0.010368529329666268
while:0.008786811764690374
s:0.015071326660470081
