some:0.008222090669953198
penguins:0.03661063030549057
out:0.008297021824510281
there:0.006463232292796813
all:0.006718787539762614
with:0.004118502653447516
though:0.017503832405709012
to:0.005823376732778158
line:0.01988594189299992
look:0.01669836848081627
near:0.025385744911841725
value:0.026294738167300477
front:0.02476726006595728
playoffs:0.03236673472084892
might:0.029958945575752762
that:0.0024429903199611044
r:0.021832533568515
could:0.010627529262859559
re:0.0026333838223814828
wait:0.02585492820500083
game:0.020929641605003435
on:0.007140969369567464
you:0.0234844643412136
regular:0.02850030036447649
them:0.030968855736596638
board:0.02529011633348693
a:0.0009834536097509824
how:0.009263119698796651
richard:0.02631040503365337
j:0.021507948306541288
below:0.026139957134069663
season:0.02688193259644872
terribly:0.04048419605844318
are:0.009055089881707402
it:0.009657899429294984
have:0.003600356430617274
pitt.edu:0.03477341988790566
buy:0.02117493750171807
money:0.04366506713703
always:0.03742191687322123
earlier:0.027788355879466847
selling:0.029364627713729156
usually:0.023223596775962065
be:0.00814734164982354
writes:0.0046567774015321296
get:0.018512309511142567
if:0.0047193691532634455
of:0.0027385997967005445
even:0.011825066533563562
but:0.004685093114439509
street:0.05616941521575501
easy:0.02333578566379442
they:0.006569856510617913
find:0.04471366347197303
up:0.009460988523608342
now:0.023266399970116116
pick:0.02831024300730996
difficult:0.05249589122588731
in:0.003753796518897686
or:0.014246016712037013
better:0.015747999093671854
message:0.02286844991943466
and:0.0013443570932774292
few:0.016095968316241455
for:0.002291189175437141
subject:0.0003760134773523704
gate:0.043165692505751585
until:0.020149054403976366
outside:0.05077148982368345
games:0.02344979078597694
face:0.02527656049961662
pay:0.04694143749292793
later:0.022502901612378196
the:0.005838931767520833
magnus.acs.ohio-state.edu:0.06480779418959705
less:0.019358208145044208
around:0.016670383332067856
would:0.006567955254256169
can:0.00608849290449094
extra:0.027356871193600363
during:0.020622320491566693
is:0.0037841215055023085
bucks:0.03786755129483415
time:0.011123309647209251
tickets:0.15799982811052884
1:0.013792421774117667
under:0.017093826951448163
arena:0.040140603353024655
article:0.005706569579694373
says:0.018035399608644847
especially:0.022009124700685504
dean:0.03509357745182649
