tv:0.1306434846983332
ever:0.09115248471827105
next:0.09235793185341984
he:0.054832179569663284
on:0.034966125878571716
entering:0.18131492840863658
also:0.051155073506191945
athena.mit.edu:0.16852666706619904
play:0.11041097354415316
d:0.06282221456472536
anybody:0.10481362568664465
seen:0.0893953410559432
what:0.0317393828619528
year:0.08533657642102248
david:0.086084318598086
pick:0.1386225692082074
word:0.10582332814356615
subject:0.000920584720414424
i:0.006582714042944653
will:0.03907949465183739
the:0.007797444930921237
is:0.01852914668211475
hear:0.11426488152616578
first:0.06474326997900141
him:0.08263845873666578
