some:0.007484210738034321
out:0.007552417301797819
79:0.035593852316491294
know:0.007909455933707062
all:0.006115819427219815
way:0.0111049539714522
o:0.02244217297307616
wrote:0.016510095991620902
to:0.0035338440002328996
recall:0.025069584712006553
montreal:0.031605419979390904
centre:0.032094990356215096
been:0.009405387097573327
that:0.002223747598938954
re:0.0023970545049882726
lost:0.044929568260485254
brad:0.030644265189064525
this:0.006730544081684859
he:0.030579484760004525
two:0.011953778414444304
on:0.00325005657204673
you:0.007125628069342587
vs:0.02190135862220091
a:0.002685584857396914
how:0.016863628169604156
richard:0.047898429676651005
series:0.022995835645946577
was:0.0056760329109063175
as:0.005128936924468067
vital:0.0382814063564945
also:0.019019193995891876
jack:0.02740228140230728
course:0.015680460255769354
starts:0.028669630605085702
team:0.020533490824964726
no:0.007216318821682755
those:0.011896895219792052
not:0.003864807747281826
ones:0.02174762807933882
should:0.010530847065599229
have:0.006554495040354523
made:0.014907561230243598
after:0.012366754408108662
his:0.03546978925971648
which:0.016562722211763047
boston:0.08018802183364501
14:0.023934953972799152
writes:0.00423886148088181
were:0.009944251906873713
making:0.039418040908620555
end:0.017334829503689163
of:0.004985656040147145
keeping:0.026795768733237735
even:0.010763842613884779
park:0.02879001454516004
but:0.0042646360400667325
years:0.014293432198592266
again:0.01565300729556422
fire:0.023057651519483784
finals:0.0357719264453828
please:0.01227830356990548
they:0.011960508006509534
find:0.013566966267137116
up:0.008611925450976825
good:0.031154035603067294
one:0.006303275049843734
in:0.006833834688249634
star:0.029428378041502584
or:0.01296752803275164
and:0.007342257970976728
few:0.014651458339142862
for:0.004171139268103512
subject:0.00017113433905139932
however:0.015366018616646878
combination:0.03179678512778629
i:0.0024474193236589093
away:0.017749894784126093
canadiens:0.039450134284660876
rangers:0.02991635044837951
any:0.006559533758261585
wing:0.03595508908925496
pretty:0.018448846518715555
the:0.0024158750320161953
got:0.014180473215580603
would:0.005978523372463949
did:0.010537891304121572
last:0.01397540097474037
long:0.015258405417362723
trade:0.08113620954487874
bruins:0.09738417133479815
deal:0.02113022430615711
else:0.016195847598320875
right:0.012435087139681406
somebody:0.024331591176120226
type:0.020772516091869846
matter:0.019364762896798348
runs:0.02404993923361112
article:0.005194441540491032
admittedly:0.03717980214542617
luck:0.026428132217395008
difference:0.02055867850534863
april:0.021808678601846872
bad:0.017567955427861433
before:0.013629450430914387
going:0.013960356949036426
seem:0.017690465095485497
doubt:0.022308155762695944
s:0.003977155646512937
