penguins:0.048136199105367226
go:0.01801326159068636
at:0.008157083448652139
final:0.035709707381820326
stand:0.03646054217098576
gld:0.2701744082078038
with:0.005415068303606919
way:0.0160404890698754
devils:0.09362238258775903
from:0.007838631985464589
cunixb.cc.columbia.edu:0.09794858353556467
my:0.008798280197502789
paranoid:0.04927140579140734
to:0.005104441333669743
that:0.006424159730268089
guy:0.031354914323600644
think:0.013331000254894029
hour:0.043108468487780355
bit:0.02523226109310833
nt:0.00661183844187443
me:0.020066457044528606
need:0.017788907328678112
re:0.003462412062760838
this:0.009721897006878128
game:0.027518602851023033
on:0.0046945261596230544
dare:0.1397476679763504
am:0.015132744043531161
great:0.02334491378456182
m:0.012674210297371038
why:0.016478912779203762
a:0.0025861187515673983
hockey:0.03641021998593061
gary:0.11790773454229606
l:0.09180446052092674
no:0.010423571631319534
d:0.01686892798497255
it:0.0031745873124071474
have:0.004733801973589378
calling:0.03808333906988387
only:0.024695115523505305
je:0.051413342234931866
be:0.016068368253818646
writes:0.006122799916829281
po:0.04831599619663668
things:0.020691906742039346
but:0.006160029835651946
robbie:0.1149169304221231
disappointed:0.054554228554996344
over:0.01857352548629035
in:0.0032903648498979715
for:0.0030124894714080924
subject:0.0002471940452964657
winnipeg:0.04831599619663668
i:0.003535161245285091
6:0.02720694104221476
away:0.025638736910404355
coverage:0.042853376341778215
locked:0.052346719078653764
the:0.0034895972684678375
waiting:0.04050963204986946
do:0.006651091841726821
judge:0.04039316184425039
start:0.026088537850764003
radio:0.03321620704414505
sony:0.04704561544188219
7:0.029551190082697274
just:0.010873968180239684
is:0.004975419016493776
nice:0.029256846821803312
psuvm.psu.edu:0.04628623440798557
domi:0.054204781073673686
little:0.021716099091652445
going:0.02016496003749706
by:0.009170698840899686
says:0.023713210596551553
jets:0.09574576977887271
