seemed:0.01687633158533478
okay:0.017223064542009985
read:0.009068012247591687
say:0.007590179897070174
form:0.013653523697927583
all:0.011448813967755494
chris:0.030693977943354402
specifically:0.016188170607022646
much:0.006988787478239725
from:0.006772578035441405
hence:0.018405413549845564
to:0.0027563983201816617
then:0.006383521399103213
owners:0.03454117970711399
might:0.008508340543513784
been:0.005868961548885757
make:0.021120965800196446
that:0.008325711010427443
view:0.013621395011138527
think:0.011517984220228442
like:0.009317112508069386
re:0.0014957620111126823
injury:0.020872510356947045
so:0.01226172716861904
mean:0.010573688227319442
off:0.008733829791825402
he:0.012721065660161882
these:0.013253087784791541
game:0.0237760728632839
management:0.03623915538783397
on:0.00405607060191432
you:0.004446391915269775
great:0.04034001101972283
etc:0.018578591899665885
them:0.011726873372257928
roger:0.01765501909426637
names:0.016387588847923518
why:0.007118890320616026
more:0.005085676103282904
a:0.001117203300677116
hockey:0.015729215033922023
j:0.01221651463811545
want:0.0075703918708487266
was:0.017709222682027712
as:0.012801826563472295
said:0.008766019314653728
adding:0.01890042636041711
worth:0.014060654475167352
deserved:0.02364509907918683
ice:0.018713257714390075
rich:0.01815918197784783
are:0.01028658210561961
those:0.007423662617150241
book:0.012438794042734694
it:0.0041142651568796635
not:0.009646560137215439
should:0.013142497137867836
have:0.006135007357771834
made:0.02790695462301602
due:0.01326056993959393
only:0.005334144953077147
ve:0.007300534796109737
recognition:0.022736869276645442
money:0.03720263720074956
campbell:0.022378420641886696
after:0.015433709501319611
has:0.004259097895546204
adams:0.018534456998718446
div:0.021601796584122868
heard:0.021621178875359
be:0.006941535085649656
which:0.005167569330070071
comparison:0.018667802679788813
writes:0.0026450495640702493
were:0.012410426379778393
depends:0.017223064542009985
of:0.003888811711314773
even:0.006716637791064102
what:0.025772378883905673
but:0.002661132889001641
saying:0.024132441431715515
who:0.025861057484676965
net:0.01326056993959393
professional:0.019122021477976266
one:0.00393324363110249
in:0.0007107188075779619
point:0.008806143845040243
chosen:0.019692477906771633
rather:0.010293934611651453
men:0.028092788421018734
and:0.004581568973889478
for:0.0039041863549448877
subject:0.00010678782756807318
i:0.004581568973889478
example:0.011245436575031619
back:0.00842542688027015
league:0.015559428272932994
than:0.01144481025775569
the:0.005125520467925561
nhl:0.03413721039499773
see:0.0070775430456447045
less:0.01099546222638511
got:0.008848615286522296
would:0.011191795753252513
did:0.006575644173771862
named:0.018645267408915794
insult:0.02299502336119573
instead:0.02454187449267713
put:0.009949837198187117
individual:0.01544674476506621
norris:0.022156141237267453
people:0.030105462801462347
about:0.007880129442574973
previously:0.019022016269154594
is:0.0042987620302506226
involved:0.014403508548263472
division:0.03170053932896266
their:0.0060547344743268556
too:0.007810071471457986
him:0.00958606121345323
almost:0.012087971721058273
e-mail:0.010998783106609067
players:0.05938998260860628
difference:0.012828615387337547
by:0.007923483798537329
smythe:0.04811567204825551
lesser:0.023567426735758422
include:0.013446093092978407
