with:0.034401610399385135
matthew:0.25213366710714674
playoff:0.5477311290212092
updates:0.3488869057113463
updated:0.3025070609840363
me:0.06374051061203204
stats:0.5464239260300243
for:0.019138168406592587
subject:0.0031408184578845056
the:0.004433841235229724
nhl:0.2510088999632186
scores:0.6104870649839422
e-mail:0.16174681039130978
