some:0.01269061820797124
out:0.012806272816091955
own:0.0246357677776956
with:0.006356819312929862
way:0.01883013934289721
both:0.02440982698161128
my:0.010328415884025013
to:0.002996085130632241
that:0.007541404900749496
its:0.02247635386993663
abc:0.3586496726522184
had:0.0166783531052406
this:0.00570633085186325
la:0.04737286379380846
bc:0.06285497165189798
game:0.06460889365022798
on:0.005510965491731412
great:0.027404898790572573
them:0.015933251864480878
a:0.0015179392672243423
same:0.042219420663665484
was:0.028873732633740833
said:0.02382070465938513
question:0.02372810960159896
it:0.007453378907390695
leafs:0.05416617389303653
real:0.027799933195633123
west:0.044325101084089005
cbc:0.13932854778338885
be:0.006287622360189905
get:0.014286673644468721
of:0.0021134846257145506
even:0.018251733127891582
but:0.007231339372287068
vancouver:0.05359179909548892
double:0.04802337375043076
they:0.020280861402342254
chance:0.03907671226100656
in:0.003862602215097619
or:0.007329472366337884
and:0.00414997189663902
gets:0.03627517763470439
for:0.0070728013676537825
subject:0.00029018431404367716
i:0.00414997189663902
coverage:0.20122454977878465
the:0.009831560999857212
when:0.014213852639605824
canada:0.04044138688050703
would:0.010137496153308435
did:0.0178685982982931
thought:0.029180287012953398
just:0.012765093081150933
is:0.002920354640115912
today:0.030860068106503834
east:0.04425716608033715
show:0.03271813771450905
supposed:0.039659728384960444
shown:0.04488443040230069
black:0.03836469952439062
