some:0.010241551536257491
phoenix:0.02592664372717854
go:0.008532597595588276
know:0.005411733007273253
happen:0.014831720290207523
bradley:0.024235141618354043
i.e:0.015151486828839485
with:0.00256503235434012
beautiful:0.02251565877723113
10,000:0.024862776897479802
supporting:0.021560731216508016
such:0.008434285980121923
times:0.012326649743390468
from:0.0074260724072822415
nights:0.024729858697938888
acquire:0.025438811994238957
wisconsin:0.02667500125801522
to:0.0054402598424638056
hill:0.04371305261543299
building:0.01666871740718707
city:0.06455764207870862
martin:0.04074213483557199
franchise:0.08130972047883403
teams:0.018140307621807704
been:0.019305794568703148
that:0.0015215115150634946
mi:0.023387021473702554
bay:0.02102300173364691
like:0.005108066068020496
re:0.0016400899244656602
islanders:0.02384377699674026
so:0.004481625427126842
attendance:0.027704999464495048
30:0.01501362050163987
cleveland:0.023634882045033
best:0.010680596841936113
amount:0.016308846542222928
sincerely:0.023897593192318392
on:0.002223722917716184
brown:0.020371067417785996
numbers:0.015472554390345167
hartford:0.026992197142136385
am:0.007168141915356866
them:0.006429206892685267
support:0.012012966269883798
independent:0.01821377608858321
a:0.0018375054287452564
how:0.005769135952759317
other:0.0060495964378592575
hockey:0.05174083892737507
milwaukee:0.13006748677835278
as:0.010527817897592348
jason:0.019999546814837912
washington:0.01683865497988813
minutes:0.017478803719463042
plus:0.01568377128938452
anywhere:0.018536532038835356
figures:0.020697966768060412
team:0.028098461128899098
are:0.008459360284226652
play:0.028087002041933696
d:0.007990544834986997
relatives:0.024475528620525076
it:0.004511255654473315
not:0.002644342142877039
have:0.011211636253238
against:0.011330178912973011
able:0.011567829939081882
atlanta:0.020994976303389142
exists:0.01636681167990506
minor:0.019061106040472942
without:0.009856186336853048
anybody:0.013331557653125855
be:0.0025371107769187337
which:0.0056661944408663055
if:0.005878512454064994
of:0.005116857514887859
america:0.017270783133624835
seen:0.011370460046589266
what:0.008074053535058167
but:0.002917908869519343
san:0.01771037470879186
again:0.010709952360122885
fact:0.010518715476442278
port:0.01828849620767342
well:0.014761999211871445
please:0.008400944547830065
testimony:0.0244141854539692
who:0.005671284536113369
up:0.005892370045405195
championships:0.027454304666951417
box:0.013897100924151785
in:0.00467578162880238
visit:0.02152906346223834
jersey:0.02243733589389777
p.s:0.019889617127718542
and:0.005860925222446335
word:0.013459984720014993
green:0.018457503505928872
for:0.002853937393965561
subject:0.0001170919161930627
i:0.0041863751588902395
league:0.017060776615058105
games:0.01460469426144178
will:0.009941274955291967
rt:0.027970896928602218
the:0.006942461934109698
nhl:0.056146727623351524
interest:0.016020986827490726
see:0.007760463865838492
regularly:0.021789048593508248
would:0.004090568623264807
club:0.021195022405371827
home:0.012848083560795387
once:0.011767680679495202
promote:0.023686180465047002
county:0.024235141618354043
put:0.010909909208538505
an:0.007876299461067866
people:0.006602075175759286
about:0.004320246404920489
is:0.004713554857730945
move:0.01551239085777639
having:0.022955187652810186
new:0.007561401600366433
does:0.0053442491856909
2:0.00854565593024302
cities:0.021283630770799547
cincinnati:0.027103240159611346
arena:0.024999849456708335
close:0.015240847439344476
live:0.01358196611380552
facility:0.02239869278125674
north:0.03521188407816513
four:0.01538616732904813
diego:0.02275938619457679
