another:0.026088298004571516
go:0.022887438256401497
tomorrow:0.05947774893810573
watch:0.04522545694793353
overtime:0.06803126343499546
into:0.021068281211557485
clark:0.0589974901790439
then:0.01877506293853886
that:0.004081230887464433
suppose:0.045342811595660816
hot:0.04921903749131073
dream:0.05862691762540425
goal:0.04934266075717443
leading:0.053120285102722965
game:0.03496481303424103
you:0.00653881164010261
am:0.01922748654942783
a:0.006571784121630095
how:0.015474858790930874
hockey:0.04626239715859418
song:0.07025763990133108
red:0.04250139946991237
minutes:0.04688432056514793
play:0.03766962626800519
it:0.01210077987317548
leafs:0.05862691762540425
couple:0.03712931523122963
only:0.01568866162669749
always:0.03125830703527891
2-0:0.07211209806843207
get:0.04638966971615726
if:0.007884122585451873
of:0.002287536300773396
susan:0.14540091191509144
oh:0.037996660989899685
well:0.019798446001804058
they:0.021951049988417497
now:0.019434287033861696
one:0.011568363620889676
in:0.004180698868105659
minute:0.05261720440462788
pull:0.05317753439273676
world:0.029661772808619726
female:0.06339709536785323
and:0.00224586714406347
subject:0.0003140818457884505
i:0.00449173428812694
away:0.09772883245848249
power:0.031786532707888726
will:0.013333004057685699
later:0.03759308269362004
the:0.006207377729321613
can:0.010171364616914275
fan:0.04705359982929028
habs:0.07025763990133108
last:0.025648971200699974
picture:0.04812385604347529
win:0.07975236243831392
night:0.03938629231275323
give:0.08340833898903553
bad:0.03224236525583981
going:0.025621360988819793
s:0.00729925036301198
