since:0.007755122571332098
all:0.0036979373280863997
story:0.013934331503924821
tried:0.012007225011770043
rick:0.01865373054701007
take:0.016478675428958943
ever:0.010245821925697134
leader:0.01815521357870738
c:0.010023634478406821
maynard:0.061141080509889076
from:0.006562575615737795
to:0.004807671488688945
remember:0.010785364482640433
gm:0.019081858436794216
then:0.006185582751069004
day:0.009857763704507257
amongst:0.02152186419136683
been:0.017060934735133013
that:0.0026891831429029208
nt:0.008303238973516727
bobby:0.04045060146695164
re:0.0014493817937138392
michael:0.011646105432843756
so:0.011881518574243256
brad:0.018529090579434367
had:0.00594731971194626
philly:0.046456998455899026
off:0.008463013364171901
he:0.04314314904124669
best:0.009438666976594706
on:0.0039303009708472085
carpenter:0.02339704617345238
took:0.02616590446834635
great:0.009772289491211925
concerned:0.015604609467278407
roger:0.017107576641730977
came:0.011700491211154832
sure:0.008457534961857378
a:0.005412806689327113
other:0.005346154991596554
was:0.030888179096559963
as:0.009303653025779283
gary:0.01645224202915759
season:0.01479548228176635
promised:0.02071042919453786
team:0.024831198206934087
are:0.0024919045798497113
it:0.003986691043488046
leafs:0.0579452092809228
have:0.003963183047656224
traded:0.06162564674710499
philadelphia:0.019225963100521944
kind:0.010680336034740542
charge:0.015954467654782308
always:0.03089483834882218
second:0.010657735568419638
reporter:0.04613395429775509
has:0.004127032844521515
attempt:0.01494824960169223
status:0.017056909658911778
his:0.014297899546552377
coach:0.03952068429579677
be:0.0022420978958816716
asked:0.01307093371604043
writes:0.002563032523323885
were:0.006012803478574803
making:0.011917082135164354
captain:0.13078122551964944
of:0.006029165443898873
what:0.0035676050503745393
but:0.0025786171405054663
clarke:0.06785775834056468
senators:0.02248081059956001
they:0.007231935073703439
up:0.01041442147559988
called:0.010396335255258658
title:0.016283695083654726
one:0.007622565176555213
in:0.00482076710566447
leaf:0.047903401212336334
ended:0.019255438291937522
or:0.0026136103011747494
and:0.005919339759547129
still:0.007913601093912974
for:0.0025220842086207287
subject:0.00020695315420169222
doug:0.01675054063821235
rm:0.019932635801273708
i:0.0007399174699433912
darryl:0.025100017723002164
morons:0.022911917712390338
away:0.021464989041268763
we:0.005223813588038643
back:0.008164173333595107
any:0.0039662297142977025
the:0.007011655906874911
nhl:0.016539346121607425
when:0.010137011184835162
got:0.008574239618723155
would:0.00722984221786338
cancer:0.020187486101904642
did:0.01274349646079818
ramsey.cs.laurentian.ca:0.04283420379057924
instead:0.011890443068157525
friend:0.01346201325462328
an:0.0034802253432625455
during:0.0340508082535171
many:0.007182949719294936
about:0.0038178921717902
mel:0.024483487898856092
new:0.013364337712275557
time:0.006122131666293463
detroit:0.018408334115171593
told:0.012016355684996628
eventually:0.01642363696211254
chicago:0.016367052468232102
him:0.009288819005284138
late:0.014938523200120811
ass:0.018888709701337335
little:0.009090460084877768
players:0.01438710819006935
neither:0.01450690484690298
era:0.01956321649970656
full:0.011975435984198656
give:0.018319661018263617
playing:0.015524689749438344
by:0.003838897189213822
while:0.02523654076602933
s:0.004809583572527274
