keys:0.023895393933576224
report:0.023144684289480216
large:0.018256305609070583
minnesota:0.030726093645047418
there:0.005596213326689923
final:0.023516148763637775
happen:0.02061970869614217
truly:0.026575021152624258
with:0.003566020590180167
further:0.021633136591959676
remove:0.02693994137219287
from:0.010324051883294825
turn:0.02086267155313729
post:0.015747425636775492
goals:0.028154595907364827
scored:0.03019970289206878
to:0.009244018756706792
remains:0.028154595907364827
franchise:0.03768011436824017
day:0.015507945340017513
that:0.004230544212615571
eve:0.03592595538987564
re:0.0022801250169400644
lost:0.021368941001938112
michael:0.018321312205327372
prefer:0.02503980551854781
had:0.00935614930293985
this:0.0032011124290940184
announced:0.029425735156744567
he:0.009695934192196557
26:0.02680709165155319
two:0.01137066727227629
management:0.027621307460239306
on:0.003091517227068841
you:0.003389018228101963
score:0.05885147031348913
came:0.01840687031998748
board:0.021897539752165514
a:0.005109161436023396
hockey:0.023977461941954305
wings:0.02786646856071516
was:0.021596613026863064
as:0.004878744879372064
red:0.0220281643594058
ice:0.028526307491448286
given:0.016998704629154152
fine:0.01975095474341805
rumor:0.03377460554461502
stars:0.12154360971120394
are:0.003920191351226985
play:0.019523891663295375
it:0.004181163777316732
earlier:0.024060649602953003
has:0.006492527279796043
his:0.011246518545763761
which:0.00787739227144828
were:0.009459166448001825
of:0.005928066633101788
piece:0.026278725084106787
year:0.015090004367132023
they:0.005688534295778925
who:0.007884468745328343
one:0.005995798218144039
in:0.00433365126571928
useless:0.029266312717084065
minute:0.027271112038983962
or:0.004111655229896862
stories:0.028220516127512484
use:0.01013889955943505
truck:0.03135743924834523
and:0.003492049522781614
green:0.05132086340672906
for:0.001983834529951671
subject:0.0001627863225123067
until:0.017446132471735636
sad:0.02884824764734445
fell:0.03052938107054607
any:0.00623955650176102
than:0.008723178550118666
the:0.00689408240843646
ulf:0.038886368900739675
less:0.016761375345099253
did:0.01002384782587174
twin:0.03628829331957565
reports:0.024111112464561903
mad:0.032061786121039396
last:0.013293674097923768
mr:0.02059119316026472
an:0.005474988649766688
including:0.01939004699103799
tonight:0.02963105963910181
attempting:0.030481178756478305
history:0.04050009273598635
cities:0.029589437900867665
paper:0.023516148763637775
dog:0.03033881678088689
norm:0.1820701034028397
arena:0.06951177653816465
article:0.0049410541482719575
close:0.021188495220552078
by:0.012078481400209343
mike:0.019484219688766485
while:0.013233795767551966
north:0.04895310713305885
s:0.011349444162000335
