selected:0.05556472587157439
know:0.013863765456834851
ever:0.02970137142505461
i.e:0.03881504490983599
with:0.006571094121230869
trivia:0.06757819107901054
to:0.0046456151463735865
teams:0.04647179930081075
been:0.0329716940948638
like:0.013085832174254755
michael:0.033760620243524594
management:0.0508976901514522
procedures:0.061360379414012935
on:0.005696728373475167
roger:0.049592750264793165
a:0.004707317278133916
other:0.01549784255990911
vote:0.05117790305423031
hockey:0.04418318829753377
season:0.042890274479727174
blood:0.04692891813942248
team:0.07198257457740444
staff:0.05407485933852357
are:0.021671170166333444
traded:0.05954837775562954
has:0.011963758133556752
his:0.020723921814665803
coach:0.057282789597278456
be:0.00649956468693788
captain:0.25274573920651355
of:0.004369451361027835
what:0.010342046101085743
they:0.02096448594399424
keenan:0.07315613362186324
title:0.047204419455987856
box:0.03560156191805176
in:0.0019964011448819156
or:0.015153066465237872
use:0.018682916042105032
and:0.004289858589784155
for:0.003655605201259258
subject:0.000599931615550973
i:0.0021449292948920776
appreciated:0.038031035046924073
we:0.015143189951842358
rangers:0.05243764797693487
any:0.011497609733582104
turned:0.04412245325745615
the:0.005081480966218335
do:0.008070987852881985
nhl:0.04794552021769344
would:0.020958419013581486
mr:0.037943322227903524
appointed:0.06620063689819781
during:0.03290302820002776
including:0.03572997423067674
select:0.053226459872139906
new:0.01937078162790502
their:0.017007681107659708
players:0.04170644846109991
hopes:0.06440703975671597
bad:0.030793270188161616
by:0.022256976962183508
high:0.031430604782489005
while:0.024385870852567666
s:0.006971194166921554
