know:0.04254741812614834
hill:0.17183751717790902
martin:0.16015873693983473
that:0.011962228463257821
best:0.08397158896418738
game:0.3074492180597056
you:0.019165482393404203
a:0.004815531468435845
hockey:0.271193362653828
college:0.2841045034874933
d:0.06282221456472536
details:0.13154558214794257
anybody:0.10481362568664465
if:0.023108635164255494
of:0.006704847778128919
please:0.06604880541052603
in:0.01838065881667143
subject:0.000920584720414424
the:0.007797444930921237
do:0.02476958341056885
does:0.042016855666811216
