another:0.006599718245204103
read:0.006747032922315243
believe:0.006466285358126013
go:0.01736993081959042
at:0.002621919679923902
say:0.011294910561116329
there:0.008194455228367387
rex:0.05564448651675721
means:0.008436295298924859
your:0.0037497982803013762
with:0.00522167300704953
though:0.007397452980984165
ca:0.00612068034551286
devils:0.015046454344461271
post:0.007686243465568989
both:0.0133672862042157
to:0.0016407132858224176
then:0.004749643898142271
might:0.006330610523447755
teams:0.036928483372965684
that:0.004129816969458057
higher:0.01104724378880325
86:0.028455389104131344
tie:0.1104126170885631
nt:0.00425046756977642
champs:0.01687117003757558
me:0.0032249663107278112
re:0.0011129181630302695
so:0.0091233089052225
had:0.004566691921673021
math:0.014524570750777158
this:0.004687343199744812
two:0.016649905648690278
these:0.009860928411303229
game:0.008845265202114545
you:0.0033083273179090587
tell:0.007172693611971585
slowly:0.01571057205670594
great:0.007503722287894871
score:0.028725122414917315
a:0.005818767191026646
how:0.015659083300346717
other:0.004105083297118782
same:0.02312015893486443
hockey:0.02340656999095539
want:0.005632732046762445
as:0.0047625842870060615
listen:0.012711149911735917
40:0.011382461869121424
rpi.edu:0.035186159344028016
let:0.006860528996288169
therefore:0.010217040239746624
also:0.004415170034760614
team:0.08580065809003118
are:0.0019134267309560283
play:0.00952951854994179
wow:0.015415658655979065
yeah:0.011768519179131404
it:0.005102015323511487
not:0.0017943750255237049
should:0.004889321851885356
wins:0.07326070649840637
precise:0.016825731132424426
have:0.006086316823186343
being:0.005791083124777227
only:0.003968857851991924
keith:0.0234551611257123
amazing:0.014587672559261095
second:0.0163672367657873
36:0.015589078025395657
points:0.065449219436972
has:0.01584485824235939
love:0.009738742381492405
talk:0.010296410022729246
list:0.008665561300361843
be:0.006886443537350849
writes:0.0019680428304094115
things:0.013301940048453866
if:0.003988990593829817
of:0.003472153313673904
even:0.004997498356446505
opinion:0.009849141561272885
what:0.005478822041646614
but:0.003960019180061966
equal:0.013269658749202214
again:0.007267467672940529
oh:0.009612250548040099
well:0.005008535446884954
they:0.008329639504533425
net:0.009866495490769293
good:0.00482145789095089
called:0.015965800570575797
one:0.005853041117712038
in:0.003701660456135218
our:0.006636236377917837
point:0.006552190360893037
or:0.0020068793384020395
better:0.006655404378873223
and:0.003408905486524909
gets:0.019864978228528597
for:0.0038732007489532616
subject:7.945522884529255e-05
each:0.02273222676214835
cause:0.009385420039708532
i:0.003408905486524909
example:0.008367140308803287
6:0.01749017638428092
back:0.006268918809724813
league:0.011576955560218
rangers:0.013889734136747628
stupid:0.022986227328967573
mail.sas.upenn.edu:0.017422965345109398
actually:0.0072747444258960845
exist:0.010822989511297931
than:0.004257741911367444
the:0.0038136313005398513
do:0.002137850949126478
nhl:0.02539971011532569
when:0.015567552890996855
38:0.030398225917419863
would:0.002775742994358262
can:0.010292452290925158
breaker:0.0915806688751056
did:0.009785184782398603
ends:0.01408069230406098
maybe:0.007880693697447393
put:0.014806305354445114
thought:0.007989840491642001
10:0.01720459379700098
record:0.06886872137922491
here:0.005358336028641059
people:0.026879877501305667
about:0.0029315957747674745
different:0.022564436589386137
is:0.0039981045668253555
number:0.02234165043212284
win:0.0504386220778027
time:0.004700922529475338
man:0.017250293683304753
first:0.022351843207036204
kkeller:0.01907474166082109
article:0.0024117050009422646
very:0.00518822170173645
occurs:0.014208917262800004
give:0.007033441283797639
understand:0.008917134711118015
s:0.009232682750833606
isles:0.018548162172252403
