louis:0.05747806936095073
into:0.021839071987590077
cup:0.10681142920720543
from:0.010324051883294825
to:0.0050421920491127955
playoffs:0.05604971134586033
legs:0.06951177653816465
teams:0.050438904119172644
playoff:0.11355401455317753
re:0.004560250033880129
had:0.0187122986058797
two:0.02274133454455258
took:0.04116343507825219
them:0.01787633136014928
8:0.07201198249692357
onto:0.05309954483371154
a:0.005109161436023396
other:0.01682082911990135
j:0.03724547145766906
series:0.043748175131313
old:0.06458324591078839
ice:0.05705261498289657
team:0.03906371425237192
it:0.004181163777316732
wins:0.060038042398694
made:0.028360726242902458
has:0.012985054559592086
throwing:0.062067197700178885
common:0.04105034194672378
of:0.00474245330648143
year:0.030180008734264047
in:0.00866730253143856
symbol:0.14370382155950256
become:0.04039296066823351
and:0.002328033015187743
subject:0.0003255726450246134
6:0.03583353210438042
league:0.04743728131991767
the:0.010111320865706808
original:0.03763619528382292
start:0.03436051326685991
around:0.028868224794556533
joe:0.04853011252345044
people:0.0183569895130868
is:0.003276495449886145
win:0.1240051976937198
days:0.03632015395792893
time:0.01926231670614285
detroit:0.17375671469686355
every:0.02966034788948044
words:0.04033974550618749
e-mail:0.03353287532502764
arena:0.06951177653816465
era:0.06155255923078405
four:0.04278105062223139
