picks:0.026130708364995144
some:0.0053069857960607
statistics:0.021477757227746717
entries:0.026444312326299468
go:0.017685747743582975
out:0.0053553504503657265
there:0.008343445323428613
all:0.013010015872449425
true:0.011742185418899303
your:0.005726964646278466
ya:0.02321319070057517
4:0.02258426821980617
hell:0.01551536783855407
cup:0.01990576635225192
my:0.008638311466639102
to:0.003758724982065902
montreal:0.022411115985386275
tough:0.04357494904792269
teams:0.018799955171691623
sweep:0.0277519581101712
that:0.001576839206520349
playoff:0.021162339075819447
pittsburgh:0.08041028005906813
nt:0.006491623197476713
champs:0.025766877875569978
toronto:0.03651909359218711
52:0.02449433230121602
need:0.008732736324987438
so:0.013933780873430729
winner:0.025056213919248643
this:0.002386283810779177
on:0.004609171138538999
you:0.01010543617106767
pool:0.04798865646411997
am:0.007428801621369843
roger:0.020062521698029964
3:0.010643027021080088
why:0.00808964809160912
beat:0.019754237169217412
a:0.002539098410629809
how:0.005978922714677837
was:0.00402482333682448
as:0.003636882546440993
said:0.009961385584833782
odd:0.022088608094603165
stanley:0.022478457284409642
washington:0.017450969706429516
mind:0.013771162740955167
lose:0.019112480605396758
are:0.014611622309118763
no:0.010234052147113726
it:0.003116867543090654
not:0.005481000077963317
have:0.0023238664233984217
picked:0.06510267545864729
keith:0.05373364185163182
has:0.004839883972211596
absolutely:0.018192994296125607
anybody:0.013816341567784976
boston:0.037907064866814
stats:0.021111833505705484
14:0.016972058271621217
were:0.007051378624874086
of:0.004419104217403151
what:0.004183827740893778
but:0.003024014646592774
happening:0.020635434065736168
vancouver:0.04482223197077255
well:0.015298799183212225
finals:0.025365547843089625
they:0.008481087495524942
who:0.00587751306469931
pick:0.018272975031990973
good:0.007363681142543177
one:0.004469595035343738
in:0.013729795146392446
compiled:0.023994328232059985
5:0.04725223430759423
and:0.000867721396569977
subject:0.00012134980405462862
i:0.003470885586279908
6:0.10684907754760707
league:0.01768116849196931
games:0.015135774052766934
rangers:0.02121341213612365
angeles:0.04306504480564047
mail.sas.upenn.edu:0.026609619799803447
will:0.005151387931378565
the:0.00239830503178335
calgary:0.04931145267931304
got:0.020110489287550673
nobody:0.01821949847935649
consensus:0.025629126286954847
come:0.010914516702133675
7:0.07253473929389331
here:0.016367280960212692
quebec:0.04780120839864055
15:0.015190048781730199
is:0.002442478426278763
win:0.015406706380128823
detroit:0.10793977731168798
1:0.06231666928851345
chicago:0.07677635521461604
update:0.019735646327165027
every:0.011055220576988163
kkeller:0.02913233271834494
luck:0.056219844898822105
los:0.041453606125300406
t4:0.05769629855504138
s:0.008460494738945704
