go:0.026289625024244964
truly:0.058895992824734844
gld:0.31544687661019255
cunixb.cc.columbia.edu:0.07147599339081746
to:0.0037248625948400837
areas:0.05562503587748426
been:0.03965514560057944
that:0.009375800687418293
me:0.014643090275737092
re:0.005053250037542845
justify:0.06434724375049419
abc:0.07431479703604527
espn:0.06755288264949247
this:0.0070943572752894465
game:0.04016228524203362
on:0.006851470611341756
dare:0.1359707039769896
great:0.06814191050628857
a:0.0037743354752605273
hard:0.03654369462939878
was:0.011965691001370076
as:0.02162470703289239
gary:0.1147210390141259
part:0.03309759611369294
l:0.08932325888522603
wins:0.0665286415769312
have:0.02072637620868863
only:0.018020759976611983
je:0.07503568866719787
able:0.035641421974468505
channel:0.06548497471293133
network:0.04964175229769698
of:0.00262757548061809
seen:0.0350333093327345
loss:0.05751151005568627
one:0.013287985240211115
in:0.0048021541052565
or:0.00911231699598764
and:0.005159424520145809
few:0.030886858120355225
subject:0.000360769687729977
winnipeg:0.07051523769238867
league:0.052565636057206065
pay:0.04503840624321464
unfortunately:0.04975531190305347
flames:0.06043868073504554
the:0.0030557554459015664
would:0.037810120788015246
push:0.06486047683245658
done:0.0357927506948743
le:0.07251031875733549
domi:0.07910968048590215
by:0.013384263173204947
jets:0.06986853470350171
