another:0.025198924208961124
at:0.010010966050618535
11:0.043911529972953535
truly:0.04952617578443612
own:0.02575557540395449
with:0.01329153129067153
decision:0.0477812015134919
gerald:0.05754519215238072
kings:0.11859380884629003
suggests:0.05602778996346569
to:0.003132270818388252
line:0.03208867896370442
most:0.02109767572689816
next:0.030436136633513355
that:0.003942098016300873
afternoon:0.18976480511948787
re:0.004249323895206484
abc:0.06249198841667442
this:0.005965709526947943
la:0.04952617578443612
best:0.027672455454107205
posts:0.04571610763828036
game:0.06754566154342018
sunday:0.05077070448678259
3:0.026607567552700225
impressive:0.05975151049830069
a:0.0015869365066436309
was:0.010062058342061201
as:0.018184412732204964
plus:0.04063522561340535
career:0.054914376232099736
not:0.006851250097454147
wins:0.05594453950787396
probably:0.027127542216241005
has:0.012099709930528989
his:0.0209594209261961
dropping:0.0663155365600973
writes:0.0075143453524723
were:0.017628446562185218
of:0.0022095521087015756
least:0.027359799803482753
loss:0.04836195163773618
zone:0.05545745195751279
up:0.015266595117640735
now:0.018771754521343685
in:0.008076350086113203
golchowy:0.062057656452808536
subject:0.0006067490202731432
vernon:0.07113160754619231
games:0.037839435131917336
angeles:0.05383130600705059
flames:0.25411718036325964
the:0.006852300090809573
olchowy:0.061639315849141306
during:0.03327692624775535
five:0.04512480242097292
hit:0.04067843340828874
is:0.0030530980328484533
deal:0.03745812490636942
their:0.017200950211155842
alchemy.chem.utoronto.ca:0.06150322276906499
show:0.03420532579244128
article:0.00920832818541592
los:0.05181700765662551
mike:0.036311500329064814
especially:0.03551472394883343
