another:0.0238441433375116
ian:0.11798691560927832
thumbs:0.06644665329453105
since:0.02151421100434066
go:0.020918626363377713
at:0.009472742069402485
out:0.012668570957854407
there:0.009868591242765026
cup:0.04708890965048842
to:0.002963869161485658
playoffs:0.0494201755952747
cubs:0.11883037180612306
kinds:0.04903114702992521
v:0.04136180982690336
re:0.0040208656212706514
so:0.010987210724569034
charles:0.044260781235847695
indiana:0.06294748769845977
espn:0.16125526826007877
had:0.016499015975076723
this:0.011289944911213313
game:0.0639141743636664
on:0.005451707798271935
state:0.028577563300436735
astros:0.07000963325103042
a:0.0030032346792395596
hockey:0.042282836112693616
wings:0.0491408692898633
was:0.00952108746345576
part:0.026335721638852446
baseball:0.040293288603105465
stanley:0.05317484518892604
are:0.006913025608615329
no:0.012104792862177527
fools:0.060789738284888255
it:0.0036866175240857202
not:0.0064829033180211285
leafs:0.05358374191569206
between:0.02497705210802587
decided:0.0401250866991221
boston:0.04483631328332839
writes:0.007110348290511424
showing:0.04617230449060014
of:0.01254455390746701
least:0.025888842824800886
they:0.020062787623822447
up:0.01444581043389661
in:0.005731603286919048
world:0.02711022245949115
and:0.0061580228143675786
subject:0.0002870640526023473
cec1.wustl.edu:0.06761024022614645
showed:0.09193023438193411
morons:0.06356209429888933
joseph:0.04391611428649196
the:0.0048629226450906645
see:0.01902565334850727
got:0.02378660023258682
because:0.018975508590263594
instead:0.032986390447146685
people:0.016185732688958253
move:0.03803037758680664
1:0.02105939668736246
chicago:0.04540537136348261
nice:0.033975693083384495
show:0.03236632978209498
u:0.04066283315691415
by:0.010649843815238346
four:0.03772092635508574
