cable:0.022371230380255177
out:0.01220908910964207
there:0.014265994594463432
all:0.004943356635473011
where:0.009572315016755243
own:0.011743474795585468
stand:0.020402790437650066
your:0.006528146228918459
cut:0.01896899220624042
with:0.003030193662122007
way:0.008976024971743749
ca:0.010655692207732234
followed:0.023030765290172436
times:0.014562052546595993
surprised:0.02280146472538466
both:0.011635772447192943
my:0.0049233899550792815
to:0.00428455697437564
job:0.01798698733310454
rookie:0.03023713584087338
that:0.005392299877219847
like:0.006034399292791053
nt:0.003699888869028179
its:0.010714116870643369
me:0.0056144491212670716
re:0.001937515558436117
started:0.016990906093206762
abc:0.31343132014166236
this:0.0027201162609918083
off:0.011313251025680572
la:0.02258188325922476
bc:0.0299619553988322
he:0.008239032163317282
something:0.01031430734281618
game:0.030798021843631996
on:0.01313494365904896
you:0.0028797875098897506
names:0.021227446694201447
a:0.004341463603667549
same:0.02012531969459702
looked:0.01930053473823671
was:0.02293940761920688
question:0.011310808722005723
attempted:0.026788971855228636
no:0.0058328794620855435
play:0.01659024991077949
it:0.007105812015336207
couple:0.03270457818294838
made:0.012049634984031096
probably:0.012369034792897454
only:0.0069095141879237645
decent:0.023344882501656557
between:0.012035574331846662
real:0.013251781626933926
doing:0.01388965235836951
has:0.0055169661859406785
decided:0.019334886336882667
cbc:0.09962352121299306
coach:0.026415379658848617
knew:0.020114482191180102
be:0.0029972085862045145
noticed:0.021016595964530184
writes:0.003426230005272344
were:0.016075681839091183
depends:0.02230966909586786
of:0.004029856695662977
even:0.008700308019513086
department:0.0179693035372691
explain:0.018627241077785513
but:0.006894126655444666
never:0.011419374253170262
island:0.026598809332687556
settled:0.03023713584087338
vancouver:0.025546349827901455
mistakes:0.027139534800688817
well:0.008719522850535465
they:0.004833780437863957
policy:0.01987951939336425
one:0.005094875169821878
in:0.004603101085349494
occasions:0.029533500912588086
or:0.010481525249270755
and:0.0029673374183222007
for:0.0033714908073790052
subject:0.00013832620151304817
al:0.01974100611773177
i:0.003956449891096268
away:0.014347065214112283
we:0.0069831290451501035
don:0.02310158207114997
pretty:0.014912021020308946
coverage:0.11990063846922401
the:0.005858184015458961
sfu.ca:0.03023713584087338
thing:0.011730219871113765
when:0.006775515247895005
canada:0.01927775954925724
start:0.014598767294728044
got:0.011461936899640281
rule:0.020459572892519078
did:0.008517673800222619
once:0.013901716035880344
fight:0.022070487532328157
just:0.006084914836610808
here:0.009328502101675627
finally:0.018842095729513498
about:0.005103710778869801
company:0.017441077925551038
is:0.0027841722993851184
switching:0.02746013274741466
show:0.015596210724014677
supposed:0.018905155499566638
article:0.004198615960189642
players:0.019232507321439857
shown:0.021395687031148514
black:0.018287836042714705
