root:0.13260735152073094
someone:0.05798573985955315
from:0.022278217221846724
to:0.0036268398949758705
wc:0.14999909674025
channels:0.14471828896493022
broadcast:0.1337085912558757
me:0.02851549158959328
you:0.014626289194966363
tell:0.06342171193743297
machine:0.08559998300853544
igor:0.18606609684950662
red:0.09506891986690924
action:0.09689192317963044
able:0.06940697963449129
be:0.015222664661512402
which:0.033997166645197835
please:0.050405667286980385
must:0.06098580072314466
who:0.03402770721668022
title:0.11055771925218208
world:0.13269740467014088
for:0.02568543654569005
subject:0.0007025514971583761
will:0.05964764973175181
the:0.009917802763013855
thank:0.09553932386235564
german:0.12356857699230472
show:0.07921233341407453
satellite:0.1287984345300754
