help:0.1528637657172712
wc:0.40714040543782143
ps:0.32182588020140823
europe:0.29378575853910416
vs:0.2440437103616673
finished:0.35323290018358006
sweden:0.38009370181942803
in:0.02538281455635578
subject:0.0019069254922870211
finland:0.3874471281946025
coverage:0.33058318892228905
fan:0.5713651407842391
