means:0.0745946110641777
most:0.048857775367553626
anyone:0.08804814471796796
espn:0.26310070084539167
this:0.013815327325563656
game:0.3128430639905776
assume:0.09135496198129411
sure:0.05742221105682114
wings:0.12026581168308648
said:0.05767117970166927
has:0.02802038089175134
heard:0.1422445978642039
be:0.015222664661512402
showing:0.1130006399375214
whatever:0.08697264680929902
what:0.024222160605174504
they:0.04910103286882861
or:0.017745038360607507
for:0.008561812181896684
subject:0.0007025514971583761
i:0.005023650190668287
will:0.029823824865875904
the:0.005950681657808312
would:0.049086823479177685
is:0.007070332286596418
tonight:0.2557628305690893
show:0.07921233341407453
