at:0.0036706875518934625
say:0.007906437392781431
british:0.0185775222488831
attitude:0.018318179295228013
know:0.0051411463569095905
keeps:0.019892484167920006
own:0.00944371098144998
with:0.004873561473246228
edmonton:0.023619638052605814
ca:0.008568952483718004
someone:0.009181075477762583
cup:0.01824695248956426
corporate:0.022310266803287057
from:0.003527384393459065
my:0.003959226088876255
to:0.0017227489501135387
everyone:0.012739636489637931
within:0.013485209234678407
look:0.009879868017816294
adirondack:0.028133574788177986
teams:0.08616646120358659
nyc:0.024712822487887028
format:0.016750227112658393
that:0.00578174375724128
problems:0.011429471816215722
european:0.07385757251109988
like:0.009705325529238943
really:0.008130815596628857
talking:0.013582046584842784
nt:0.014876636494217468
its:0.008615935650142376
dynamic:0.022968196092644593
me:0.004514952835018936
need:0.008005008297905151
account:0.01697824752803025
sucks:0.02416687139452701
dream:0.020763699992330673
so:0.0042575441557705
ball:0.0185775222488831
had:0.012786737380684459
off:0.009097739366484793
best:0.01014656699983931
these:0.0069026498879122605
big:0.011565752307781488
on:0.0021125367718303747
you:0.004631658245072682
etc:0.009676349947742647
ta:0.019238973870032632
support:0.011412317956389608
europe:0.034275005162895486
more:0.010595158548506048
a:0.0017456301573079939
how:0.005480679155121351
other:0.0057471166159662945
hockey:0.016384598993668772
sorry:0.013239236186410935
as:0.006667618001808487
stanley:0.020605252510708837
team:0.013346769036227071
worst:0.01795712880747297
product:0.016628741344777327
are:0.005357594846676879
those:0.007732981892864834
play:0.013341325969918506
d:0.007591017593237648
it:0.0014285642905832166
flame:0.017490222936990815
have:0.0042604217762304405
term:0.016240332474643574
being:0.008107516374688118
interesting:0.013616769008005885
ve:0.007604723745947643
sports:0.019998647023340775
incompatible:0.02416687139452701
somewhat:0.01792432023901086
feel:0.012692819517692407
free:0.012031282475519732
be:0.007230765714218392
thinking:0.02902938778207213
get:0.02738279115189838
fill:0.020135271285103236
if:0.005584586831361744
of:0.001620338213047822
totally:0.017164647085702717
expansion:0.038522871478689234
but:0.002772013426043376
year:0.020623005968413766
never:0.009183080128591085
ok:0.013599371627128883
they:0.007774330204231197
who:0.005387720309307701
up:0.005597751543134936
ottawa:0.04316384423674138
pro:0.01875319229398426
good:0.013500082094662493
in:0.0014806641824540872
our:0.027872192787254918
system:0.027940279115531565
or:0.011238524295051422
thoughts:0.017891767990107554
use:0.013856496064561234
and:0.005567878961324019
for:0.005422481048534567
subject:0.00011123732038340957
fourth:0.02010758569044212
forced:0.018915814560258155
i:0.0023862338405674366
example:0.023427992864649205
we:0.016846798821424626
compete:0.023619638052605814
paid:0.01723329224071732
similar:0.013186492866111255
league:0.0324154755686104
rangers:0.01944562779144668
any:0.00426369694287003
the:0.0037687650499452652
do:0.005985982657554139
would:0.031088321536812534
can:0.007204716603647611
fan:0.016664816606206972
thinks:0.01887456009783019
because:0.014706019157454283
ends:0.019712969225685373
maybe:0.01103297117642635
put:0.01036441374811158
an:0.0037412422440072364
lower:0.01654576088769007
just:0.004893285681107858
record:0.016069368321819145
long:0.00991796352128577
here:0.007501670440097484
many:0.007721670948242056
about:0.0041042340846744645
sj:0.025856309344977697
is:0.0022389385574221993
today:0.011829692774159803
division:0.03302139513433611
win:0.014122814181784757
unlike:0.01921663244027686
their:0.012614030154847616
run:0.011153476784947478
eventually:0.03531081946854196
fans:0.034275005162895486
every:0.030401856586717454
arena:0.02374985698387292
by:0.004126814478404859
s:0.0025851511702334098
