another:0.01561623472104633
go:0.013700227125310755
there:0.012926464585593626
all:0.006718787539762614
own:0.0159612016587887
decision:0.029610885444980892
darren:0.04299599143829341
my:0.006691649727678178
to:0.0019411255775927195
sound:0.02430410766991853
line:0.03977188378599984
everyone:0.021531779982486645
player:0.02737509178208593
then:0.011238594012505656
ten:0.02835203691942133
been:0.010332678783249572
make:0.012394932981335942
she:0.02334607383731326
that:0.007328970959883312
produce:0.02968647386500279
think:0.03041721184919483
signed:0.03482577889133888
nt:0.00502872219522844
re:0.0052667676447629656
this:0.003697059425150838
mean:0.01861564828753423
he:0.044792484718879866
on:0.010711454054351196
you:0.007828154780404533
a:0.0019669072195019647
hockey:0.027692279989299337
sorry:0.022376173836187497
was:0.006235641789446377
let:0.03246672877116655
pens:0.035371963640253495
lets:0.03263108626534938
are:0.004527544940853701
play:0.04509743989831608
d:0.012829888889979123
it:0.002414474857323746
not:0.004245845130816654
keith:0.027749768092392022
whose:0.026357615848598373
real:0.018011224323931322
has:0.007498411787933458
coach:0.07180518695996878
familiar:0.032441256617542845
be:0.00407367082491177
writes:0.0046567774015321296
were:0.010924671108959854
if:0.009438738306526891
what:0.012963973281642694
but:0.004685093114439509
they:0.013139713021235826
good:0.011408520079996473
one:0.006924724702645229
comment:0.02767322110480819
in:0.003753796518897686
ali:0.04408155960609101
better:0.015747999093671854
and:0.005377428373109717
gets:0.02350222776332961
4th:0.035841621207145555
subject:0.0001880067386761852
fourth:0.03398465187116978
i:0.004033071279832287
top:0.0238143114518825
back:0.01483349802864463
rangers:0.06573169957672118
any:0.00720624835414653
mail.sas.upenn.edu:0.041226171520822245
the:0.003715683852058712
when:0.009208974949603774
can:0.00608849290449094
did:0.02315367666821078
maybe:0.018647275227762845
7:0.022475553020643
just:0.008270341996238634
head:0.0486318272599392
minors:0.04251012614613179
is:0.0037841215055023085
stays:0.04220389296345757
right:0.01366108164641056
time:0.022246619294418502
himself:0.026357615848598373
smith:0.05546110640093609
him:0.05063060500063326
domi:0.041226171520822245
kkeller:0.04513459998616822
carol:0.044484083647217405
very:0.012276355575939769
bad:0.07720002948581363
wish:0.02631040503365337
panix.com:0.036476488087387085
s:0.01310780875047926
