simply:0.012383171416531941
go:0.007876243934389179
there:0.00371570439504918
played:0.032843749159144335
all:0.0038626227961388307
take:0.008606271782735642
ever:0.021404227180808588
your:0.005100940170774343
with:0.0023677221732370337
compared:0.016691451926775795
maynard:0.04257597509190657
such:0.007785494750881776
my:0.003847021300932394
to:0.0033478522107469573
player:0.06295162806568748
enough:0.009846755169787029
centre:0.020270520224977957
been:0.0059402444826778915
that:0.005617888671003673
think:0.005828939382706701
like:0.004715137908941997
nt:0.005782012564554158
could:0.012219507330575363
me:0.0043869987060912745
need:0.00777814571456371
re:0.001513929161045225
had:0.012424360207952512
this:0.0021254349731636398
telling:0.017384713836541752
he:0.03218893132632055
comparing:0.021677992035582565
best:0.01971802493895898
game:0.01203242553809914
you:0.011250991688435664
used:0.007993779385979213
etc:0.01880424281342701
roger:0.0178694525245611
includes:0.015254066281102627
more:0.005147445448666906
sure:0.008834186316434022
a:0.005088476571909941
other:0.005584242865716238
mario:0.022212111643042272
hockey:0.015920258131500022
was:0.003584862891098727
as:0.016196642919372842
part:0.009915878997624604
waste:0.034644372430755785
gilmour:0.04755310517383733
plus:0.01447732734404725
cover:0.015887475903837597
team:0.03890556156309106
role:0.0357389050491222
are:0.007808640262363063
play:0.03888969513498512
gainey:0.11786479425197564
it:0.0027761573258297326
not:0.004881862417619149
have:0.00620952161717797
being:0.007877748704150398
completely:0.014562727275463443
types:0.016586628388586554
has:0.004310827829500206
decided:0.015107826166066212
greg:0.017729832378523977
his:0.007467324054677153
be:0.00702584522839034
greatest:0.020175255053276765
apples:0.025456487210654327
writes:0.00267717567213588
certainly:0.012452458612371016
were:0.006280580151709713
if:0.008139478782551529
of:0.004723253090665716
but:0.005386908682189557
they:0.011331007585114296
who:0.015705095638467795
good:0.006558744337487851
one:0.003981015820953937
bob:0.04474500017039393
in:0.000719351019815751
compare:0.01744822232305066
or:0.0054600118032638485
rather:0.010418962157541957
better:0.02716051665548263
opposed:0.01812600966598859
and:0.0023186077803084406
for:0.0026344037482759026
subject:0.00010808484571667326
al:0.015425158626405797
doug:0.03499303226444361
i:0.0007728692601028134
any:0.004142863426270475
the:0.001830978971633327
do:0.005816339424344103
when:0.015882685540612177
around:0.009583783130176663
would:0.015103637993593134
because:0.014289249383761247
potvin:0.022827561875020514
ramsey.cs.laurentian.ca:0.04474179991080747
maybe:0.010720295879928437
instead:0.012419976969978305
forward:0.07005097175799717
an:0.007270430271754953
gretzky:0.11776819254627295
different:0.010231647360369424
is:0.00870194742965713
either:0.01013588140531724
solid:0.018241143007367268
et:0.01842022501132203
checking:0.05902219166978984
type:0.013119483847496746
their:0.006128273759440138
matter:0.012230376566398957
stat:0.023481980302374424
him:0.009702491106734039
successful:0.019405847754135612
lemieux:0.06777838694914637
defensive:0.16569109583186048
article:0.0032806999203101256
very:0.007057661910054442
players:0.01502782960744086
felix:0.022950255597673667
offensive:0.060908340063385406
minus:0.023853670785180588
dominated:0.024439019889679003
s:0.0025118877767450133
