some:0.004125571996937647
since:0.007070041072097814
go:0.020622956732799937
round:0.10885080863602357
preferably:0.018616217045998765
entirely:0.014685954226788738
form:0.02412283338856463
happen:0.01194923048115659
anyway:0.02154426729077409
modify:0.01888088597947268
your:0.008904114644390547
way:0.024485834905251497
4:0.017556674941192077
cup:0.07737223670486612
post:0.0273771498702952
to:0.0014609885089302095
obviously:0.013010222900445076
within:0.04574487938265466
important:0.03331133526120024
next:0.00946424036660486
format:0.01420513960084104
that:0.001225811397294971
playoff:0.01645128832749215
think:0.0050874488605249304
like:0.004115332379889304
nt:0.0025232457658036695
champs:0.020030788454506697
so:0.010831914459910814
winner:0.11686997305091242
this:0.003710123239373986
off:0.03086158937040778
getting:0.00958375113860313
two:0.0065893619528385565
these:0.0058538373607736486
game:0.05250899483940791
fair:0.014921199776692165
starting:0.013856968137375325
on:0.007166202476880423
you:0.003927908052358459
pool:0.018652834668032497
8:0.010432831386480093
3:0.01654746250627293
hockey:0.013895066284383412
series:0.0380284490540742
want:0.006687625327604882
as:0.0028272585166679094
season:0.026976921757566916
stanley:0.08737209545176892
course:0.00864364593604247
are:0.0022717716664354256
early:0.012377177027538095
ot:0.01766400465039732
it:0.0024230065706005084
not:0.0021304240585723142
probably:0.02530625846320716
keith:0.027847823810032982
real:0.009037434113068012
points:0.19426623437122434
decided:0.013185982554835175
be:0.01022016355366557
14:0.01319382621822144
predictions:0.018473427157879058
if:0.0023680226846763577
of:0.004122415241676438
opinion:0.011693680440239183
but:0.007052472320675728
2nd:0.04628943657868752
well:0.011893059435712684
finals:0.019718800443391228
who:0.0045690914283881565
cares:0.017893911340669623
pick:0.2556925128151387
over:0.007088129867559568
one:0.013898387389054735
email:0.009695754978685304
in:0.0018835304087755176
5:0.018366592840407654
or:0.0023827259989508314
and:0.0013491074716989041
still:0.007214519725192746
for:0.0011496426251310036
subject:9.43355367209127e-05
each:0.017992999274633322
i:0.0026982149433978082
6:0.02076572178487063
league:0.013745077979622785
games:0.10589693506882872
rangers:0.016490991766597893
champion:0.02276290820091476
mail.sas.upenn.edu:0.02068592351928183
will:0.02803228768312011
scoring:0.03640814501973067
the:0.002929782017625294
do:0.0025382258618604123
see:0.012504493013506545
when:0.0046207577485644375
rounds:0.0210292583194714
conference:0.046201096844845004
forms:0.016914680555380653
last:0.0077037546009169535
7:0.045109943871820574
10:0.010213327766417542
rules:0.029113182336174222
long:0.008410993798970264
here:0.012723681311826121
lazy:0.021409578687642303
is:0.005696239439378034
number:0.008841925259356035
deal:0.011647756154630774
tests:0.01663357584972004
entry:0.052908870727223486
9:0.01258245107994709
1st:0.04771130194935925
2:0.013769678813395116
goes:0.011388788678412285
too:0.013798712847098915
picking:0.019297080451756717
kkeller:0.022647043102600305
very:0.006159867462132322
give:0.008350658202671401
s:0.006577063047943658
