geoff:0.354794930664046
loose:0.15812507846172005
themselves:0.09807424897947932
flyers:0.1717791858371332
caps:0.31222742547223575
playoffs:0.13927504031395596
that:0.010512261376802327
really:0.05913320433911897
believes:0.1487462566481922
game:0.09006088205789356
beat:0.13169491446144943
pens:0.3044132628433937
are:0.019482163078825016
no:0.03411350715704575
not:0.018270000259877725
have:0.015492442822656147
real:0.07750284406055295
get:0.039829514402761286
who:0.03918342043132874
chance:0.10894113721250316
one:0.029797300235624925
in:0.005384233390742136
subject:0.0008089986936975241
the:0.00913640012107943
kidding:0.1791295384786881
can:0.0261989694678095
may:0.05639471295272215
