above:0.011941473816353267
some:0.005120775768128746
go:0.017065195191176552
resident:0.025757931969161887
at:0.003863881633572066
cable:0.037874100556046036
round:0.019301239877189645
say:0.008322565676612033
know:0.005411733007273253
true:0.011330178912973011
moncton:0.12298047470990907
take:0.009323461097963611
way:0.007598126401519926
1992:0.01730678304773812
my:0.004167606409343426
to:0.0018134199474879353
then:0.006999475218314926
jays:0.023244761492329076
playoffs:0.020158229519125204
omitted:0.026475604880485584
t:0.011299443223686149
memorial:0.02536253242094129
class:0.017404252945916677
make:0.007719651242761858
that:0.0015215115150634946
nt:0.00626384694493367
champs:0.024862776897479802
me:0.00950516386319776
re:0.0016400899244656602
cs:0.02243733589389777
dream:0.021856526307716496
so:0.004481625427126842
carrying:0.040693804521440675
this:0.013815327325563656
30:0.01501362050163987
26:0.019282293994976857
contains:0.01841076098630612
these:0.007265947250433958
game:0.026070255332548135
on:0.002223722917716184
set:0.011620239404061056
material:0.0185206120035258
m:0.006003573298754701
why:0.015611601580298302
sure:0.019140737018940382
a:0.0012250036191635044
series:0.0157339928103845
was:0.007767202930713909
part:0.010742202247426653
local:0.013405190578578736
21:0.017790364127869846
popular:0.01855251007075861
ie:0.018349202573514963
quoted:0.019595710503670472
team:0.028098461128899098
are:0.0028197867614088838
no:0.009874962598092191
begin:0.018303594208511024
hey:0.016904118358031444
d:0.015981089669973993
place:0.011927314111036954
it:0.004511255654473315
not:0.010577368571508155
sex:0.018972138184457563
leafs:0.06556957892314949
have:0.0022423272506476
farm:0.02411971482748837
date:0.015692101709575978
friedman:0.026192541191285706
university:0.010308509217537953
92:0.019225942492881027
free:0.012664507868968137
heard:0.01185371648868366
intentionally:0.024862776897479802
be:0.0025371107769187337
14:0.016376547455073102
writes:0.00580054728962774
making:0.013485119258212296
if:0.002939256227032497
of:0.005116857514887859
ahl:0.02667500125801522
even:0.007364734420026428
piece:0.018902240849971545
but:0.005835817739038686
least:0.010559922731168781
pete:0.022801357470963422
easy:0.014533691071310558
they:0.004091752739069051
who:0.005671284536113369
cares:0.02221042504126975
eliminated:0.025757931969161887
in:0.0015585938762674603
st:0.05048351635420131
or:0.008872519180303753
world:0.011058117055845073
better:0.019615928695626342
and:0.0016745500635560958
for:0.0014269686969827805
subject:0.0001170919161930627
station:0.018140307621807704
i:0.0033491001271121917
info:0.012918401137685952
games:0.04381408278432534
stupid:0.016937220137134
any:0.013464306135379042
favorite:0.021195022405371827
will:0.009941274955291967
than:0.012549134054556677
the:0.002975340828904156
do:0.006301034376372777
nhl:0.01871557587445051
see:0.007760463865838492
home:0.025696167121590775
because:0.007740010082870675
come:0.010531551203813194
7:0.013997932144435551
here:0.007896495200102613
expressed:0.018025259322909153
quebec:0.023061986508116056
about:0.004320246404920489
17:0.017246946309125023
dates:0.024537741931893304
is:0.007070332286596418
win:0.014866120191352373
night:0.014683486169228176
carry:0.01707218355233906
9:0.01561769147203959
center:0.042981984650958004
friday:0.021856526307716496
dale:0.10582939837074799
blue:0.017529217664312757
belong:0.02152906346223834
23:0.018989787966473905
first:0.008234889602592286
nothing:0.011205508778512757
fans:0.018039476401523938
article:0.003554091580335969
opinions:0.012524605945263343
april:0.014921727464421544
thus:0.014611206459983794
live:0.01358196611380552
by:0.0043440152404261665
john:0.03528261052081376
s:0.016327270548842587
news:0.04037995416004498
