probert:0.03854356672543259
all:0.011851774293742746
take:0.013203410747426729
way:0.01076007962451269
much:0.010852154469316344
into:0.0222460112171725
devils:0.03140129602322352
from:0.01577463828130762
gerald:0.03145327272925157
turn:0.02125141698580444
my:0.005901951933728579
jagr:0.03807160457029021
to:0.004280121615188916
stevens:0.03683899004405519
t:0.016001695993791563
she:0.020590947111170696
that:0.004309374228999712
pittsburgh:0.05493870066147511
tie:0.03291804733075173
could:0.02812004637253523
re:0.0023226118184979535
islanders:0.03376634257923466
penalty:0.06019736805909214
so:0.006346649673198261
this:0.0032607604867789996
he:0.009876603773417609
best:0.015125317266841205
game:0.018459683900065138
on:0.006298246276264471
you:0.0034521676360790175
them:0.00910471535113193
bill:0.019226794258954766
beat:0.053986735120842615
a:0.003469575467941354
how:0.016339913009057443
other:0.008567130359204414
want:0.011755266880199886
kick:0.03440394602060163
defenseman:0.03905436236665602
also:0.009214267898630847
personality:0.03613508516637194
whole:0.01858332593184652
minutes:0.02475259160271785
andrew.cmu.edu:0.10123675544664
others:0.016747380267505566
team:0.03979160954899996
play:0.05966307266050513
d:0.022631605246919692
yeah:0.024560387852100324
it:0.004259073661366111
second:0.01707885575560414
robert:0.019847279682967102
penalties:0.033543162397706314
his:0.02291216200627648
be:0.00718585412593132
writes:0.004107219819984859
get:0.008163813511124983
kill:0.045896051013706654
spend:0.025466442327400935
if:0.008324849934949183
whatever:0.02052770545809542
of:0.004830822001633258
they:0.0057945318292406435
now:0.01026033787502015
box:0.019680366526127993
35:0.02804487101696554
one:0.006107521166308214
bob:0.02288201872067764
in:0.006621603797310204
and:0.010671356305643195
capitals:0.0355028945184841
subject:0.00016581960802495836
i:0.002371412512365154
we:0.008371080159714099
back:0.013082960994208307
power:0.016781709814723864
league:0.024160602908281044
rangers:0.028987271241908093
will:0.007039163632939654
scoring:0.031998462858955835
the:0.004213526142795948
clone:0.03325754057632853
when:0.008122201508346185
got:0.013740085848637106
fan:0.024841962642793
ralph:0.03440394602060163
country:0.020936360919379702
just:0.007294338903514819
about:0.00611811292125386
is:0.0016687740800662354
clinton:0.022764945891120696
time:0.009810620931078966
too:0.012127440173071406
him:0.029770376439295747
domi:0.03636097115501092
lemieux:0.03466099705266905
words:0.02054570889135015
article:0.005033123480227335
comes:0.018783703958046655
lots:0.045325403868526216
going:0.013526805490991816
s:0.007707282992000227
