phoenix:0.04314799102041392
canucks:0.04344000076211975
join:0.03347156956564417
tb:0.04314799102041392
hawks:0.08493063812826107
4:0.01813335404509985
cup:0.03196546421529505
devils:0.036902252990795525
kings:0.03808852254917344
suns:0.04510612230942618
to:0.0010059847883874676
rd:0.07561549355341557
caps:0.03760403299483131
ii:0.026798538723431516
t:0.03760982562044441
adirondack:0.04928509451943589
playoff:0.03398331822394363
86:0.03489419977732895
champs:0.12413240436405976
re:0.002729492721008544
89:0.03453366871652912
contact:0.025401987583799763
state:0.01939936778788771
a:0.0010193460772601423
hockey:0.08610884142658042
wings:0.0667168006417122
red:0.02636948142293833
usa:0.026603078000209668
stanley:0.036096792719489935
pens:0.07332582243672987
patrick:0.03347156956564417
wales:0.04529572439996093
andrew.cmu.edu:0.029742915377571243
it:0.002502594377664029
leafs:0.03637436495006833
campbell:0.040836534018041416
b:0.04468479337976995
adams:0.06764400364495783
call:0.019393840131377425
list:0.021252763481179413
boston:0.03043632945510613
sabres:0.04220917804361032
predictions:0.03816043712175017
ahl:0.13318029825169644
mailing:0.0322171881282233
2nd:0.12749304673254078
pacific:0.039166157576954935
over:0.2196285495459151
in:0.01945398195925078
5:0.13278912560893272
66:0.03734096776502695
and:0.001393421220769306
for:0.0023748092183363064
subject:0.00019486829848188537
6:0.06434342261078528
flames:0.0326457107619954
the:0.0011003693576482525
habs:0.04359050650812512
ny:0.0306656447560797
7:0.046591657356661396
norris:0.04043091466654644
bruins:0.03696333510517886
division:0.08677154925810948
90:0.029430360653608264
91:0.06821337821142892
1st:0.13140923067317437
fans:0.0300219023324632
falls:0.036096792719489935
81:0.03767130784961177
champions:0.04137746812135325
smythe:0.04390116062797035
high:0.02041842208497461
jets:0.03773920852597903
s:0.013586195931153686
isles:0.04549038313778692
