some:0.010241551536257491
take:0.037293844391854444
ron:0.0371692836510968
much:0.015326288329473081
francis:0.14541084971012425
from:0.014852144814564483
jagr:0.2150711696777798
to:0.0036268398949758705
player:0.03409879853558072
that:0.003043023030126989
r:0.02719491023446605
higher:0.032560297482788526
nt:0.01252769388986734
need:0.01685264904822137
anything:0.020361764476485997
re:0.0032801798489313205
had:0.05383889423446088
this:0.009210218217042439
asshole:0.052204211442196544
more:0.02230559694422326
a:0.007350021714981026
hockey:0.03449389261825005
j:0.02679060227656897
owner:0.039314107340452695
expectations:0.052569761410622584
season:0.06696902506483716
plus:0.03136754257876904
no:0.009874962598092191
permission:0.04385011680756528
it:0.00902251130894663
not:0.005288684285754078
being:0.017068455525659193
pitt.edu:0.04331425986037371
decent:0.03952247651596241
points:0.06430098751702513
has:0.04670063481958557
writes:0.00580054728962774
down:0.020740048920641737
of:0.0034112383432585726
what:0.016148107070116335
but:0.005835817739038686
year:0.04341685467034477
using:0.019337022619692286
who:0.022685138144453477
up:0.01178474009081039
good:0.014210612731223676
in:0.0015585938762674603
better:0.058847786086879024
and:0.0033491001271121917
subject:0.0002341838323861254
away:0.0242893297045936
we:0.011822314962403244
informed:0.04479738556251348
than:0.025098268109113354
joseph:0.03582630376003291
the:0.0013223737017351805
do:0.006301034376372777
did:0.014420272310903204
joe:0.03490762479756961
an:0.015752598922135732
arrogant:0.04858802902909529
observer:0.049459717395877775
is:0.007070332286596418
stat:0.050877623988477914
although:0.027717012778550508
article:0.007108183160671938
very:0.015291600805117957
comes:0.02652786260741677
live:0.02716393222761104
minus:0.05168295336789127
despite:0.037397987513463245
by:0.008688030480852333
dean:0.08742610523086598
