some:0.005507249411006387
havent:0.035568468441165034
round:0.062273811679234514
all:0.009000639911757464
knows:0.016480950052552994
take:0.020054237078638713
with:0.0027586197018374873
way:0.00817156990352143
hawks:0.10976884361860158
4:0.03515475713460395
though:0.011724265101937168
hell:0.01610085341736743
to:0.0006500939434390711
aka:0.024432364662306444
playoffs:0.02167960533188937
walter:0.026457518386432892
that:0.0016363425728041358
playoff:0.021960917908869237
problems:0.012939024697602703
through:0.011176713651060504
could:0.0071184394119153645
re:0.003527740592246892
so:0.004819861308419434
had:0.0072377758758591275
mean:0.012468971966178587
la:0.02055803523127537
cal:0.15186123362385356
intensive:0.028473763739390156
you:0.002621693346267556
possibly:0.018287517280176135
them:0.0069144300543973625
vs:0.24174141120731196
m:0.00645667317035883
beat:0.020499680081263353
a:0.003952370167489797
how:0.0062045424397600205
det:0.0857393033292845
doesnt:0.029795942820305996
mon:0.07642145017967995
blood:0.019701291105700947
que:0.02673921288974243
pens:0.023692541683566017
team:0.015109549852332534
van:0.021630212407987036
buf:0.029659209155809524
are:0.003032600856609554
play:0.015103387890473781
bos:0.14134322643422112
d:0.008593604822533185
it:0.0016172425931130752
fate:0.026526380647853426
have:0.004823118991958989
due:0.015637464551407937
ve:0.008609121221827519
adopted:0.027196051691581666
nyi:0.028912869508569458
boston:0.01966876007240349
predictions:0.02466028247962157
making:0.014502864107888695
of:0.0009171725734232955
style:0.021654844219218882
but:0.003138128406841558
year:0.011673399604762508
2nd:0.020597343634856234
yep:0.02673921288974243
finals:0.026322738327734515
they:0.004400564266545961
who:0.00609930601053702
stl:0.03008190801755333
in:0.015924124226393013
wash:0.08310578050427704
5:0.08581184060577254
and:0.000900465600214127
tor:0.026526380647853426
for:0.003069328895396924
subject:0.00012592904194348253
i:0.003601862400856508
6:0.09702097843355831
will:0.021383119715156308
normal:0.017794163559049732
the:0.0024888071084544204
can:0.0040781414737627985
agree:0.014229033863039807
eric:0.018811455095842478
maybe:0.024980312097569093
7:0.04516313956034867
record:0.018191737722814127
quebec:0.049605027583494915
bruins:0.02388668353495049
acquired:0.027613756396022444
win:0.06395236610619512
right:0.00915034714052028
chi:0.20857159974214198
pitt:0.24476446522423498
1st:0.02123002901205765
their:0.007140017068781669
unless:0.014519157668587222
somehow:0.020057138783066867
extend:0.026457518386432892
change:0.014018910886370224
taste:0.0243007194353391
arent:0.03662103236245848
3rd:0.02081959798852166
