tv:0.03475835831423544
seemed:0.03870718253517151
some:0.010711347478287654
report:0.03482319471077757
inner:0.051068204435825486
all:0.01750583175497782
saw:0.03116862920307757
with:0.005365388777885755
kids:0.12100081736297404
to:0.0037932086974976995
city:0.03375950090354488
camp:0.052740879268797544
trip:0.047180000336959786
that:0.006365222485036272
ran:0.04164949994919227
like:0.021369524101076575
re:0.003430646814478629
something:0.01826294786388553
on:0.013954371336861192
you:0.010198146594655448
regular:0.03712883166748313
etc:0.04261144931116029
fun:0.03776378582508106
a:0.010249571565845102
richard:0.034275940502557604
hockey:0.1803809063523168
looked:0.0341743413255017
was:0.008123496643131979
steve:0.029423429787471436
ice:0.04292031585869283
canadian:0.04451988821781924
equipment:0.03701796250037238
based:0.02771470653119764
anywhere:0.03877366334728864
proper:0.03767456977102607
it:0.006290925316329761
cbc:0.058799203651705385
be:0.005306984010435517
writes:0.0060666274405280956
get:0.012058476837533232
were:0.014232140343782562
of:0.005351575749515743
even:0.015405132548312163
york:0.034524469792893975
well:0.015439155139021513
they:0.008558895637685722
now:0.015155177962185728
in:0.008150445041031674
weeks:0.03339967784709276
and:0.003502728573309999
few:0.02096905964134208
for:0.0029848519533217798
subject:0.0002449262100185165
league:0.07137352418776603
mention:0.034630044167678196
ago:0.026249226838207747
actually:0.022424900248633806
community:0.037326136302537845
the:0.004840615660480157
when:0.011997013237098494
club:0.04433454227912639
last:0.020001491303298147
just:0.010774207004274184
having:0.024008177912113408
new:0.015816509769573824
else:0.023179378214110615
time:0.014490917155079943
documentary:0.05768580129386807
lot:0.02273902191069166
article:0.0074342466084091835
playing:0.07349302670376318
