entries:0.02006120245443408
okay:0.014847469432767229
read:0.007817251937579041
24:0.012631323271960208
positions:0.033373476528107404
join:0.0158124311396319
send:0.02022998014397395
defense:0.013531746718096158
your:0.013033781608771682
cup:0.030201852396520155
post:0.008905440704935106
goals:0.01592190940968218
except:0.011118487651737287
name:0.009524939675276728
my:0.00655320180227794
scored:0.017078452669997517
to:0.00142572326905948
line:0.09737254306227547
goalies:0.021490284447851064
then:0.00550303568888208
ii:0.012659999327965923
that:0.002392445692651564
wednesday:0.01806182833287221
playoff:0.04816256479324426
think:0.004964648370788121
tie:0.036550383587938134
12:0.01225305114348978
sample:0.016252419612406758
murphy:0.01900816228356794
this:0.0018102842702462723
goal:0.05785001606013554
two:0.006430308388459694
game:0.010248307268656854
on:0.003496612587857172
you:0.0019165482393404202
pool:0.10921556298730753
scorer:0.09030708326229936
none:0.02498282918911237
them:0.010109373596774074
winning:0.01615187966657415
3:0.024222061496251238
m:0.004720050731434731
a:0.002889318881061507
hockey:0.05423867253076559
j:0.010531478136306423
as:0.013795071727879627
steve:0.011059151195980643
assist:0.019442785459069193
accepted:0.01452375386448161
modified:0.034053969821259335
pts:0.1273287092773882
ie:0.014426269609522108
1.5:0.018387037572428214
team:0.022091203922031014
are:0.0022169357986249155
internet:0.00985011704522278
play:0.011041097354415316
it:0.0011822601025516274
not:0.0020790000295722927
wins:0.01697627405756175
have:0.0017629331487850099
try:0.016802687395471673
only:0.00459840082161823
uucp:0.014598719335641632
gordon:0.015470738371893175
second:0.009481709574662987
plays:0.017078452669997517
points:0.06319234980121435
follows:0.014806980405606253
be:0.01595755192103369
which:0.00890960229322426
613:0.021781861647947834
g:0.03656898580356727
14:0.02575070910177012
if:0.0023108635164255493
of:0.0026819391112515674
saturday:0.0343675034355818
jeremy:0.02130875433238409
lines:0.012183386635498332
again:0.008420238407269028
order:0.009670058141836179
please:0.013209761082105205
they:0.0032169642224404954
ottawa:0.017860901063479193
wong:0.042272609212529136
david:0.0172168637196172
pick:0.08317354152492443
chance:0.012396750096595186
one:0.0033907272681918017
in:0.0036761317633342856
chosen:0.01697627405756175
or:0.002325211923114087
total:0.012624191364842764
41:0.017264891364032947
and:0.003949628425766792
0.5:0.04118551304560787
for:0.0067313557843877376
subject:0.0001841169440828848
i:0.0006582714042944653
6:0.010132240112273084
any:0.007057153560612464
will:0.023447696791102434
event:0.014319796373093007
cost:0.011451750359830624
the:0.003118977972368495
canada:0.012829681355195334
would:0.003216033262428883
can:0.011925048171554667
once:0.009251831706637608
forward:0.014916025882952844
may:0.006417329404964934
last:0.015035603807306881
7:0.011005270789418296
10:0.009966799165159189
rules:0.02841045034874933
note:0.02042544206123102
long:0.008207969810719258
eg:0.017433133309444782
actual:0.028016254391232436
replies:0.015454511161419337
is:0.001852914668211475
broken:0.015487042307051608
win:0.023375692438816147
9:0.012278736743534574
2:0.03359326813957601
their:0.0052195986847645304
1:0.09454942926533076
smith:0.013578408808505043
first:0.006474326997900142
dave:0.012090602315084801
update:0.014971869627504502
every:0.025160157175214443
players:0.03839869565211613
by:0.010245884222246546
include:0.01159145956291242
pt:0.08559329990061583
s:0.0021394354512276493
