looks:0.04504086150491961
go:0.012798896393382414
there:0.012076039283909833
know:0.00811759951090988
your:0.008289027777508305
4:0.01634387831696499
hell:0.022456453450538785
followed:0.02924301119081105
led:0.027733416373884184
cup:0.028810977615101464
from:0.005569554305461681
mechanical:0.03479752309816113
my:0.006251409614015139
to:0.004533549868719838
city:0.024209115779515733
engineer:0.029332929866657528
bunch:0.02668554619180477
that:0.006846801817785726
liberty:0.032784789461574745
r:0.02039618267584954
like:0.0076620991020307444
really:0.012838129889413985
nt:0.004697885208700253
re:0.0024601348866984903
he:0.010461402681054178
something:0.013096456033970545
on:0.006671168753148551
you:0.003656572298741591
great:0.01658717558376761
sharp:0.03537626502543716
why:0.011708701185223725
a:0.00551251628623577
vote:0.029966009025174326
hockey:0.025870419463687535
want:0.012451302419159089
also:0.019519699101046926
gold:0.034014944526704775
town:0.029302820215161396
cover:0.02581714834373609
official:0.02668554619180477
are:0.008459360284226652
those:0.01220997140978658
z:0.03283598775395668
it:0.01804502261789326
have:0.0033634908759714002
keith:0.0518482509094693
real:0.01682627535525163
has:0.021015285668813506
his:0.012134401588850372
goalie:0.03515322850125505
anybody:0.019997336479688783
be:0.0038056661653781006
writes:0.0043504104672208044
if:0.004408884340548745
of:0.005116857514887859
opinion:0.021771786609129533
what:0.006055540151293626
york:0.024757678996220018
who:0.008506926804170055
over:0.013196978634995775
yankee:0.039288811786928564
in:0.0035068362216017857
or:0.004436259590151877
ali:0.04118145700042712
and:0.0037677376430012154
subject:0.00017563787428959404
i:0.0025118250953341434
person:0.01845522657285428
back:0.013857610000444325
rangers:0.030703622828600022
champion:0.04238094092670314
alan:0.028951859815784464
mail.sas.upenn.edu:0.03851392339445236
actually:0.016081013994086082
circles:0.036713292930787615
will:0.007455956216468976
the:0.004463011243356235
when:0.008603121334498262
would:0.006135852934897211
put:0.01636486381280776
7:0.020996898216653327
mask:0.07060215247424771
language:0.026828350656159135
is:0.008837915358245522
new:0.01134210240054965
does:0.0160327475570727
sides:0.029966009025174326
goes:0.021204126289412345
masks:0.039153158581647404
kkeller:0.04216521840813083
supposed:0.024004572443528688
article:0.005331137370503954
golf:0.03793133525404811
three:0.01920057898995048
give:0.01554760704839478
by:0.006516022860639251
black:0.023220739185815378
represent:0.031619393421759234
john:0.07056522104162752
s:0.008163635274421294
