go:0.039702699016206676
at:0.01797887780519247
know:0.025181125013434728
all:0.038941544108011886
with:0.011935252587541781
eos.ncsu.edu:0.11872956554665068
cup:0.08937282852031474
to:0.005625302694248289
stop:0.13567155569716885
caps:0.10513780653656916
that:0.007079686233356669
think:0.029382612806705205
really:0.07964880584452758
so:0.020853277497651427
these:0.0338088974101825
on:0.010347118882434487
you:0.011342836518545342
let:0.04704362740311887
are:0.013120640440841337
annoying:0.10629329416921218
it:0.01399409917306008
predictions:0.21338693410937848
of:0.003968175215627319
please:0.039090109324597035
who:0.05277766833607544
cares:0.10334646753896945
net:0.06765596907956087
david:0.1018957240548773
subject:0.0005448358549391489
we:0.027504977667632036
will:0.023128680508230293
the:0.006153085795829003
see:0.03610991349818726
carl:0.09917334246556524
is:0.005483114834503345
win:0.1383459348419731
going:0.04444521804183025
