some:0.006277079973835238
hmmm:0.02670915634042947
content:0.025468574885056196
at:0.004736371034701242
out:0.006334285478927204
all:0.0051293969389585555
true:0.01388860640945079
watch:0.020667547529969625
ever:0.014211946542096026
with:0.006288466417091907
way:0.00931383236315346
shape:0.025634013910146268
though:0.013363140868874622
contract:0.02731680896625418
sharks:0.030997650315136096
except:0.017335276446257063
daryl:0.03322332664726552
to:0.005927738322971316
bet:0.023191781263492528
line:0.015181740584978435
prime:0.027004402349010734
ccu.umanitoba.ca:0.06377502577519234
slightly:0.02327780460406479
young:0.020183094231581652
might:0.022871883181488667
next:0.014399892600802018
teams:0.04447301223410922
that:0.0055952358941044646
guy:0.018206079284671342
think:0.015481161586328552
through:0.012739049967875414
re:0.0020104328106353257
he:0.008549103266237824
best:0.02618468903184338
two:0.02005149927584206
these:0.017813290033321966
game:0.0159785435909166
you:0.0029881666097243114
them:0.007880963287807748
roger:0.047459728748027875
beat:0.023365226759289415
a:0.0015016173396197798
hockey:0.021141418056346808
markus:0.03445759783890262
old:0.01423609184055013
also:0.007975791030535305
pens:0.027004402349010734
gold:0.027797158968059822
injured:0.029927066040349344
team:0.0688865498643978
are:0.006913025608615329
no:0.012104792862177527
dineen:0.03655149443439575
silver:0.02800199685102902
not:0.0032414516590105642
turner:0.030314020339408963
have:0.010994636841885008
try:0.013098869206147274
left:0.01572260851344388
hope:0.015529363105591642
has:0.005724593945626619
open:0.035537210524229715
verified:0.0324539672728533
shows:0.020775347514085545
coach:0.054819013700621325
heard:0.014530362147418681
without:0.012081776800013416
be:0.006220013517607219
g:0.019005386887158617
writes:0.003555174145255712
spots:0.0315742391880049
if:0.003602959246039835
of:0.0010453794922889175
even:0.00902773896648401
what:0.0049486134569711356
but:0.003576791517475324
least:0.012944421412400443
san:0.021709491578519056
they:0.010031393811911224
now:0.008881260203646475
good:0.008709730383653223
one:0.005286617783739906
in:0.00477633607243254
world:0.013555111229745575
and:0.0020526742714558595
still:0.010976930549621223
for:0.008745937175055752
subject:0.00014353202630117365
finland:0.029162687068410943
until:0.015382611426691636
i:0.004105348542911719
we:0.014491869953913657
info:0.01583545945909891
games:0.017902528449509278
pretty:0.015473226112471112
the:0.004052435537575554
do:0.0038619242951962187
nhl:0.02294167365255224
jose:0.024515573514962606
canada:0.020003266629067994
got:0.01189330011629341
can:0.009296408520835629
named:0.025060843291553486
lindros:0.03295445341836949
wants:0.018927608401041664
ready:0.022663867144249443
long:0.012797372285530026
people:0.008092866344479126
about:0.005295785915708987
is:0.0014444764886594834
yesterday:0.023636360380939376
guys:0.020885353276834686
spot:0.05189054371726999
keep:0.014244164430784523
hear:0.017815492280961333
too:0.03149222367523381
him:0.02576898175659471
leave:0.018995602818787725
article:0.00435662838879893
players:0.03991262272083755
already:0.015622507103749203
assistant:0.030078522368127282
needed:0.01793453059212915
everything:0.016611088623243297
s:0.006671357858666864
news:0.01649933610840548
