some:0.008844976326767834
24:0.0277506344611247
hmmm:0.03763562938878698
content:0.03588753733803373
join:0.034739432049191304
at:0.006673977367079024
final:0.029217033312398447
ever:0.02002592467295349
with:0.004430510430223844
though:0.018829880315232424
cup:0.0663525545075064
from:0.006413426169925573
daryl:0.09362937509683919
to:0.004176361091184336
recall:0.029627691023280472
ccu.umanitoba.ca:0.08986480904686192
wc:0.04318155815249622
might:0.03222856266482494
that:0.007884196032601746
guy:0.025654020810218708
swedish:0.044782384619672023
through:0.03590095900037617
re:0.002832882596804322
he:0.02409292738667023
contact:0.02636418408318612
two:0.014127192671615996
you:0.0042105984046115295
a:0.0021159153421915077
route:0.03875539836218706
technically:0.042065461828580626
also:0.01123861463393611
pens:0.03805165785542421
fidonet:0.04166132561111628
team:0.048533705586280264
internet:0.02164040865995914
curt:0.09570817996825563
it:0.002597389619242212
turner:0.08543042095651616
have:0.0038731107056640367
try:0.018457497517752976
hope:0.02188228437606095
stage:0.03781113741364709
open:0.0751127404262128
coach:0.03862248692543775
heard:0.020474601207726324
be:0.004382282251041449
thinking:0.02639035252915648
writes:0.005009563568314866
spots:0.08898194680255926
of:0.0029460694782687674
least:0.01823986653565517
please:0.014510722400797385
they:0.0070675729129374525
up:0.010177730078427157
eliminated:0.04449097340127963
over:0.015196520852419378
one:0.007449325058906231
in:0.002692116695371068
leaving:0.03506185337054581
or:0.005108420134114283
and:0.0028924046552332564
for:0.014788584677821546
subject:0.00020224967342438103
winnipeg:0.03953126961543001
finland:0.04109287723276087
until:0.02167549791942912
i:0.004338606982849885
mats:0.04831336742213111
info:0.02231360196509392
actually:0.01851753126591731
the:0.005139225068107179
scores:0.039311667063359916
can:0.01309948473390475
named:0.03531300645627991
norris:0.041962388706945936
about:0.007462243790317209
is:0.004070797377131272
win:0.05135568793376275
spot:0.036559246709894765
hear:0.025103648214081876
him:0.018155418964873545
late:0.02919802261841795
although:0.023937420126929985
leave:0.053533062489310855
article:0.006138885456943947
hopes:0.04342595862384638
before:0.016107532327444277
needed:0.025271384016181977
seem:0.02090691329466468
jets:0.11750617200134379
