at:0.008470817427446454
out:0.01132862595269673
there:0.008824797938241803
british:0.042871205189730234
know:0.011864183900560595
all:0.009173729140829723
became:0.041592764481310815
i.e:0.03321672112476349
into:0.017219268297907563
my:0.009136675589714436
to:0.0026503830001746746
player:0.037377529164001944
wc:0.05480736227047597
born:0.0413261822888603
us:0.01980650371331727
perhaps:0.027773668631154283
me:0.010419121926966776
re:0.0035955817574824093
had:0.014753927746943608
this:0.005047908061263645
he:0.015289742380002263
moment:0.04046452691684407
europe:0.03954808288026403
a:0.00402837728609537
other:0.013262576806076065
was:0.008514049366359477
as:0.0153868107734042
coming:0.03342913418066918
far:0.02393632761655194
mind:0.029131305798174398
team:0.03080023623744709
are:0.018545520623112276
play:0.030787675315196557
only:0.025644927659024742
interesting:0.0314233130953982
marcus:0.05611314632008233
robert:0.030725115663054844
valentine:0.061626088442652764
has:0.04095286438025196
sort:0.030167897189048366
writes:0.01271658444264543
were:0.014916377860310569
of:0.003739242030110359
germany:0.040430247434493145
but:0.006396954060100099
fact:0.02306026085220038
who:0.012433200713787004
now:0.01588379228729081
one:0.0189098251495312
in:0.01195921070443686
our:0.0214401482978884
and:0.001835564492744182
for:0.0062567089021552695
subject:0.000256701508577099
i:0.001835564492744182
the:0.003623812548024293
canada:0.0357750730096793
can:0.008313134542670322
friends:0.038236849476805154
andreas:0.061626088442652764
forward:0.041592764481310815
german:0.18060022791183
here:0.01731154716945573
many:0.01781924064978936
is:0.0025833906431794607
average:0.037303087104832565
somebody:0.03649738676418034
lee:0.04103030095552612
their:0.014554650178670327
told:0.02980980544931856
arena:0.05480736227047597
article:0.007791662310736549
players:0.03569109531767204
three:0.02806238467761993
majority:0.03964219832609252
going:0.02094053542355464
by:0.009523418027088136
