tv:0.025427255411084985
basically:0.026336956699650242
dallas:0.03708464623479679
go:0.013056592293920316
minnesota:0.0676386490978225
final:0.02588354629017849
watch:0.025799757319290937
truly:0.029250358852552873
with:0.0078500319032154
goals:0.03098895120005256
my:0.006377276921679874
scored:0.033239941438250195
to:0.005549795275533546
then:0.010710606374334249
franchise:0.04147341447242541
day:0.017069147891025985
that:0.0023282189626474955
broadcast:0.03410017763572669
son:0.028638599324662523
me:0.0072724072510372125
joel:0.03665150179763189
lost:0.023520176673274162
prefer:0.027560591309005643
voice:0.0243388879291018
he:0.010672034949800237
26:0.059011584306774806
two:0.012515365319820882
on:0.006805487587104563
you:0.014920778239160317
score:0.03238805748796046
came:0.02025991095622783
m:0.01837335184048419
a:0.005623506547032463
air:0.025866704601551473
hockey:0.026391300392486616
wings:0.030671817744679773
was:0.005942692175177084
responded:0.03515389407069088
as:0.005369893692731667
red:0.024245764798272156
fine:0.021739305892084296
stars:0.2006693153621219
team:0.021498151467748305
play:0.021489384112620413
not:0.0040463758964829856
follow:0.02534894169407574
stated:0.026054329281193018
doing:0.017991294665539028
his:0.012378718399364138
asked:0.022632891937841817
get:0.008821301847591424
were:0.010411431526659725
of:0.005219881491697682
sit:0.031246406689129383
what:0.00617746377850088
year:0.01660913232355471
years:0.014964935724700626
easy:0.02223947358562958
who:0.017356414419246284
now:0.011086673811263385
one:0.0065994020656082045
in:0.002384962441536785
minute:0.030016526002640063
or:0.004525580253040841
world:0.016921145561964272
and:0.0038435981324576158
for:0.00436709883103455
subject:0.00017917420732898185
al:0.05114112994258029
i:0.002562398754971744
sad:0.03175243365211067
will:0.015212152280580997
than:0.009601350887378934
the:0.0055646195368319355
do:0.004820925630244944
when:0.008776338542575408
ulf:0.04280110402497521
less:0.01844876212480723
thank:0.048731467204959925
pair:0.03427450975923851
mad:0.03528948271040578
including:0.021342065144498188
new:0.011570466878413066
tonight:0.06522810444043887
history:0.044577283279877596
first:0.012601039123429806
him:0.01608399532458596
dog:0.03339306008097617
norm:0.0400798616886788
close:0.02332156520919826
going:0.029232425289257482
by:0.026588871807172242
mike:0.021445718315152372
chair:0.0385822539617378
north:0.08082190842102333
s:0.00416400188493972
