29:0.0426634181615936
send:0.027414459073609555
your:0.011775067497021145
continue:0.03652529165328453
4:0.09286988800667959
cup:0.04092774390182638
to:0.002576073196431459
0:0.13701518835403484
keywords:0.053726690096251695
teams:0.03865411343712296
approximately:0.04840804961129875
format:0.03757060286951415
this:0.00490637792870485
97:0.056008904680476396
game:0.0555515721104764
8:0.055186752941567586
73:0.051038072596702344
3:0.10941429647839343
vote:0.04256853618529437
det:0.05662533428600721
21:0.037908439450040424
phi:0.06551296316322258
van:0.04285612178031076
are:0.006008517585058182
no:0.010520988188621587
bos:0.056008904680476396
not:0.005634672977345466
turner:0.052695399842337065
have:0.004778043113529465
74:0.055619440228134635
pit:0.05420606667931292
after:0.01803003446415842
atlanta:0.04473695885208154
points:0.03425379708850871
5th:0.055245558596230905
but:0.006217600207947759
2nd:0.04080969019242544
email:0.025643912700634958
stl:0.05960153738057295
in:0.003321115923261504
point:0.04115020488336562
5:0.170019721574054
tor:0.05255694109668155
for:0.012162574314470055
subject:0.0002495042700188626
until:0.026739866592192935
6:0.027461211519244806
person:0.026216770458634117
the:0.00211332619623099
102:0.06020470112952221
ny:0.039263489080214195
nj:0.045609867030477806
7:0.05965473885852907
10:0.02701282016725387
here:0.01682617668806912
39:0.04963084962025959
win:0.03167734022082562
9:0.033278819211448846
chi:0.059034952129952065
1st:0.04206323505192731
2:0.054628305198936696
20th:0.054043527027800124
standings:0.054043527027800124
1:0.10982376964063786
16:0.03258871721331908
votes:0.10684048630796152
poll:0.10841213335862585
69:0.051395280193152794
33:0.04310272696884529
april:0.031795830484935624
3rd:0.04125004461277189
