surely:0.03477917928565132
entirely:0.03221802361380785
all:0.0073958746561727995
whom:0.03262256433606033
both:0.01740855877758324
finnish:0.10150796180646053
then:0.012371165502138008
most:0.014392212898969286
perhaps:0.04478234942077589
class:0.061522010413472904
been:0.011373956490088676
that:0.0053783662858058415
european:0.06870471861497662
smaller:0.03481583154298423
really:0.015127098784425782
could:0.011698520583922926
re:0.0028987635874276785
national:0.025226154457267547
best:0.018877333953189412
two:0.01445573203607218
on:0.0039303009708472085
you:0.00430851929774203
why:0.01379629907096129
more:0.009855961440470743
a:0.0032476840135962676
how:0.010196612381621119
hockey:0.030482974871941904
low:0.026323988682014108
as:0.012404870701039045
shipped:0.0433690322517184
international:0.06147852125180456
plus:0.027720153906819152
team:0.07449359462080227
play:0.024821071571941408
place:0.02108083424276299
not:0.009347441993425812
contain:0.03635510703893995
have:0.015852732190624896
farm:0.0426301936485841
only:0.010337490219141756
marcus:0.04523850556037645
settle:0.0431506533605037
quality:0.029799719694374803
has:0.00825406568904303
poor:0.030631443338722957
usually:0.025563959241756692
minor:0.033689396722696364
be:0.004484195791763343
writes:0.01025213009329554
if:0.005194964494289994
of:0.007536456804873591
even:0.013016739905162989
expansion:0.03583522928250161
but:0.0051572342810109325
years:0.017285080798297624
they:0.007231935073703439
good:0.012558215902011621
in:0.006886810150949243
or:0.015681661807048497
few:0.01771804264268439
for:0.0050441684172414574
subject:0.00020695315420169222
example:0.0217934817345574
top:0.026214203303622598
back:0.016328346667190213
league:0.09046179228449415
currently:0.02789870931672323
than:0.0110899324203059
the:0.0023372186356249705
nhl:0.09923607672964456
when:0.010137011184835162
got:0.01714847923744631
would:0.01445968443572676
an:0.02088135205957527
just:0.009103787313689039
dozen:0.03993606604877434
many:0.014365899438589872
different:0.019590828666753858
is:0.002082733541788092
division:0.030717576869149867
recent:0.029442597585155203
average:0.030073806658159587
too:0.015135797425306175
article:0.006281650235012411
players:0.1726452982808322
high:0.02168468081892652
while:0.01682436051068622
