another:0.016186170294807144
thumbs:0.04510612230942618
since:0.014604537397107162
at:0.012860803101524541
out:0.008599832840003357
there:0.006699116683044871
followed:0.032444800737250215
times:0.020514424390460046
mentioned:0.025658128604319985
cup:0.03196546421529505
my:0.006935870520659133
to:0.0020119695767749353
bet:0.03148665193437671
playoffs:0.03354800241139085
100:0.024660672254241397
that:0.002532150550616619
cubs:0.040332936415946874
re:0.005458985442017088
so:0.01491694302751708
charles:0.030045639817035293
espn:0.10946525509625786
game:0.06508049141409827
on:0.0037007943448123352
you:0.01622770771996268
took:0.024637968440997658
astros:0.04752478753537101
a:0.0020386921545202845
other:0.010067941517021246
hockey:0.057405894284386944
wings:0.0333584003208561
was:0.012926439913888841
seth:0.04549038313778692
said:0.015996385610681986
baseball:0.13676189197404406
stanley:0.036096792719489935
wife:0.02949621917623336
anywhere:0.030849119013536215
are:0.004692783807308215
no:0.00821712216191613
hoping:0.034940544504910395
it:0.005005188755328058
leafs:0.03637436495006833
feed:0.03637436495006833
have:0.003731756300347831
ve:0.013322143788521418
between:0.016955225153623396
decided:0.02723819754027996
glad:0.03386199792295064
be:0.00422234494260928
writes:0.00482673278115009
showing:0.031343243194349
watched:0.03637436495006833
were:0.011323381733374445
if:0.00489160890338255
of:0.0028385486943903453
available:0.019715794363607517
what:0.006718555496325775
but:0.004856081914236571
pete:0.0379467846962019
they:0.034048161478384804
up:0.009806280075564852
in:0.0012969321306167188
gon:0.03489419977732895
point:0.016069605556642778
or:0.0049219814430882134
and:0.004180263662307919
for:0.004749618436672613
subject:0.00019486829848188537
each:0.01858401019971252
cec1.wustl.edu:0.04589600248928189
showed:0.031202597801167412
i:0.001393421220769306
we:0.009837546757036277
back:0.01537486656983604
room:0.029109696936632158
games:0.024305622566487047
joseph:0.029811668822217165
the:0.0033011080729447575
see:0.012915224535848
got:0.01614710818708448
would:0.006807661650396905
can:0.006310700674727834
did:0.01199935068206544
na:0.03181243408051371
instead:0.04478444250488527
last:0.015913595270507282
is:0.001961114064895357
move:0.025816241719511072
night:0.07331025211497864
else:0.018441987046263188
break:0.02864384341786778
1:0.014295794831567215
nice:0.02306379165514422
every:0.03550581791149483
show:0.04394260831729682
leave:0.02578965054229574
article:0.005914838542456942
by:0.014458912041126511
rain:0.041490637366141316
