22:0.013887822000842506
tv:0.05051548075002217
another:0.007391684434628596
some:0.0038917895837778473
penguins:0.05198709503379661
since:0.006669405411345605
at:0.01468275020757385
round:0.01466894230666413
watts:0.018844818868315356
there:0.006118526570514316
stations:0.01828797191943814
know:0.004112917085527673
anyway:0.010161712738815115
where:0.006158189327445873
with:0.005848273767895473
fm:0.019452557390961873
contract:0.01693642155907759
monthly:0.01828797191943814
longer:0.02262807338916117
both:0.007485680274360793
to:0.004134597480272492
receive:0.014274729238351686
cs.cmu.edu:0.017265537694696555
then:0.005319601165919344
randy:0.016715955550729106
next:0.00892793341249725
teams:0.013786633792573857
that:0.001156348751448256
playoff:0.031038097311201857
broadcast:0.06774568623631036
pittsburgh:0.014741884677495824
like:0.0038821302116955774
nt:0.00476052367814959
12:0.011844616105373454
re:0.001246468342593902
this:0.00524982438371419
he:0.005300444025067451
contact:0.011600240996601893
game:0.009906697026368292
starting:0.013071739942924059
on:0.0067601176698572
you:0.009263316490145364
used:0.006581545027789552
am:0.005447787855671219
bill:0.010318379585639059
more:0.00423806341940242
a:0.0032585096269749218
same:0.006473644501762042
series:0.011957834535892222
was:0.0029515371136712857
as:0.00533409440144679
season:0.038172344286957184
steve:0.010690512822781289
said:0.0073050160955447745
baseball:0.024981838933925388
local:0.010187944839719841
subscription:0.02105579959301624
also:0.004944990438931888
pens:0.05022818836915996
team:0.02135483045796332
are:0.008572151754683007
no:0.011257457361825098
those:0.006186385514291868
likely:0.011021362683099094
early:0.011675803662644271
play:0.010673060775934806
d:0.006072814074590119
it:0.0022857028649331465
not:0.00200970002858655
couple:0.02103994529769679
have:0.0034083374209843524
try:0.00812129890781131
only:0.004445120794230956
whether:0.009524861949606082
rights:0.01157733139897602
moved:0.014862017799106482
able:0.008791550753702231
after:0.012861424584433009
craig:0.015216619144301719
struck:0.01816217082616198
regarding:0.013189987903569593
be:0.02506665447595709
writes:0.004408415940117083
if:0.0022338347325446977
end:0.009014111341918365
of:0.003888811711314773
available:0.009003546092714101
but:0.004435221481669402
hire:0.019837600348034688
least:0.008025541275688275
62:0.01933349711562161
seems:0.007854956964603595
fact:0.007994223762096131
well:0.00560955970051115
they:0.006219464163384958
who:0.004310176247446161
up:0.008956402469015898
pick:0.013400181690126715
one:0.003277703025918742
president:0.012551527197239995
in:0.0017767970189449048
according:0.011465087348620728
or:0.0022477048590102845
and:0.005090632193210532
word:0.010229588387211396
for:0.002168992419413827
subject:8.898985630672766e-05
station:0.04135990137772157
i:0.001272658048302633
vela.acs.oakland.edu:0.03855104927983076
games:0.11099567638695752
pay:0.011109473539992944
will:0.04533221379613138
remaining:0.016715955550729106
than:0.004768670940731538
coverage:0.01542721548304016
the:0.005778773076582739
do:0.0023943930630216555
when:0.00435891480947912
can:0.00576377328291809
radio:0.0597891726794611
may:0.0062034184247994366
17:0.01310767919493502
paul:0.010916741637030191
deal:0.021975433278403393
fee:0.033539440314324105
morning:0.014300469391998053
new:0.01149333043255698
time:0.010530066466024758
carry:0.025949718999555376
detroit:0.01583116733904757
tonight:0.01619831260270899
pirates:0.03832503893532622
their:0.0050456120619390464
unless:0.010260204752468305
dollars:0.015285350101644174
carried:0.030005107670374818
first:0.006258516097970138
hook:0.01714206678909539
under:0.016182156180704264
dark:0.01537330595222149
contracts:0.01951372118652253
article:0.0027011096010553367
give:0.007877454237853356
playing:0.026702466369033954
by:0.01320580633089555
mike:0.010651373429859012
s:0.004136241872373455
