penguins:0.07025283112675218
at:0.0059524663003677775
out:0.007960656074867973
rick:0.032517989737355396
ever:0.017860959843445004
ron:0.02863039416368267
former:0.026965526505044315
c:0.034947266154445406
francis:0.037335218168815694
trivia:0.04063823652724283
cup:0.029589652685779885
wrote:0.0174025336127896
iastate.edu:0.06494794324469465
flyers:0.03830211576098241
nl:0.03588176290113363
to:0.0037248625948400837
w:0.020907708479928067
aka:0.034997711543303826
software:0.01902558032757606
been:0.01982757280028972
pittsburgh:0.05976439734119929
nt:0.004824855079205666
re:0.0025266250187714226
michael:0.020301994605903307
he:0.010744143294055644
recently:0.022360213274241144
on:0.003425735305670878
them:0.00990445386170433
3:0.015820715842146078
a:0.0018871677376302637
other:0.00931964856643183
mario:0.03707021335021245
y:0.02880655794955953
was:0.029914227503425192
season:0.05158424903642863
stanley:0.03341392299033866
jay:0.03444708293349853
buffalo:0.03462568602179688
pens:0.06787593022859455
course:0.016528052702027157
andrew.cmu.edu:0.027532293288697707
team:0.04328681849587159
are:0.004343995821629903
have:0.0034543960347814383
traded:0.1432379897365143
being:0.013147323850845596
only:0.009010379988305992
real:0.017281039554042213
has:0.01438884424171015
his:0.012462358388549033
be:0.003908522007685617
rotate:0.04109392085694237
writes:0.008935978256994086
prior:0.031054569799733426
captain:0.22798348773019972
of:0.00525515096123618
even:0.02269134388873008
institute:0.026300390877927748
whalers:0.042680674850708596
they:0.006303510976403674
title:0.02838644142961432
one:0.006643992620105558
sei.cmu.edu:0.042109341147816275
in:0.00240107705262825
412:0.041929150289153026
or:0.00455615849799382
and:0.006449280650182261
for:0.0065949093833528516
subject:0.000360769687729977
appreciated:0.0228700143187584
we:0.009106377741310609
any:0.006914103150600049
currently:0.024317118255792546
the:0.007130096040436988
nhl:0.02883210337415349
when:0.017671276254645082
jr:0.03157173248299244
would:0.006301686798002542
during:0.03957256094327663
east:0.027511211347236605
time:0.010672364661511578
pirates:0.03884294486688468
1:0.013233269540031815
engineering:0.026126685765020943
lemieux:0.03770554409107917
article:0.005475222164301358
playing:0.027063310509156033
mike:0.02159062181728178
champions:0.07660423152196481
while:0.029328952782142197
john:0.036236194588943865
s:0.004192137032810935
