manager:0.014931172395108737
go:0.007397080805300864
resident:0.022330070300262017
1968:0.02286866542217467
there:0.003489653937555694
all:0.003627634337058141
50:0.013122369920640422
seals:0.046075367061618036
own:0.008617835116152073
adrian:0.02475625814580163
way:0.006586968895614233
much:0.0066433341047906136
cup:0.033302422794641996
from:0.003218905910380896
florida:0.07767151261028954
trick:0.018889365320607913
name:0.03150835557981275
hair:0.02076453904124392
my:0.0036129819822444914
to:0.0020961203955754083
signature:0.01900727496601689
gm:0.018719085462710675
montreal:0.018746941128460003
most:0.007059298342079992
beach:0.02019201866679763
next:0.01018395446292462
bear:0.01713141567612059
golden:0.020359178831896932
that:0.0026380579880948807
vice:0.020489555537138878
attention:0.016139461762443567
islanders:0.06201195234133209
national:0.024746569771768163
this:0.001996130944378019
30:0.013015610168722018
announced:0.036698255252517936
he:0.006046133868898232
big:0.010554298683907061
on:0.0038555804200706457
focus:0.01900727496601689
you:0.002113304142238486
hat:0.020359178831896932
winning:0.017810057427020926
bill:0.023540029472940815
more:0.004834292873843064
a:0.0026549508095939068
other:0.01048903412799932
was:0.0033667723730090708
as:0.018253554985939585
season:0.014514199348652923
said:0.016665435959417736
operation:0.0163717343555228
stanley:0.03760654450623666
ice:0.017788267789344177
stress:0.08530789198363153
introduce:0.022330070300262017
hands:0.015229543556483243
california:0.015131061699326752
promised:0.020316694799204442
uniform:0.021165149366939078
responsible:0.014870171920429743
team:0.024359122195395416
are:0.0024445299680654962
27:0.016799050893686808
early:0.013318407219746316
native:0.020111116011104532
play:0.024349188081980545
month:0.015109518971054215
have:0.0019439186811697827
only:0.010140959986838682
second:0.010455117021491508
hopefully:0.017576975579630068
after:0.01467082652216693
has:0.004048572144055327
his:0.007013038180628353
personal:0.01275245426310158
species:0.020909866846643914
g:0.01344107209510077
14:0.014197159010481625
watched:0.018947863110872095
of:0.008871813790071726
park:0.017076966802452343
expansion:0.017576975579630068
but:0.0025295940009521303
parts:0.013873365062419622
years:0.008478233547453968
clarke:0.02218922896307438
york:0.014308620560553015
championships:0.02380068997743317
one:0.0037388247443940017
president:0.05726932561478325
bob:0.014007623627487073
in:0.0060802939811802825
become:0.012594002945989155
cats:0.022476329923181396
chosen:0.018719085462710675
seasons:0.044241435070615086
repeat:0.089380928631528
and:0.005080954185238648
for:0.0012370679198177718
subject:0.00010150934179474638
andre:0.020717305124899596
1972:0.022258997551166382
i:0.0058068047831298835
we:0.005124501542638669
preserve:0.021272262967572904
information:0.009273084731877433
will:0.004309145798111347
the:0.007738148771750734
nhl:0.04867472965066216
when:0.019888584682034006
would:0.003546196373020441
club:0.018374392047242498
country:0.012816555543802784
named:0.017723638221402844
an:0.003414061363352611
jim:0.025751564615580758
myself:0.05068961311023396
58:0.02111270327518115
south:0.016432089295280557
general:0.011210761836834796
is:0.002043137847077292
throughout:0.01759758420118649
new:0.0065551314254127255
executive:0.020624561957127127
man:0.011019199006825851
their:0.011510902042446494
first:0.02141697524020199
guess:0.011392232938918834
leaves:0.018947863110872095
under:0.03691746657194889
accounts:0.018947863110872095
little:0.008917637649804046
eight:0.018636722357078816
give:0.008985689244699646
by:0.003765914352916981
champions:0.021554042329374128
four:0.026677157041999803
s:0.01415443986743768
