looks:0.03846185926262798
at:0.009898483286004843
louis:0.05295732233256134
4:0.02791314049638965
continues:0.05564889072246381
goals:0.10376075795073779
scored:0.11129778144492762
to:0.001548538382124529
observers:0.06733654832371881
most:0.020860623190640876
latter:0.05218655473320457
that:0.011693414340487982
like:0.013085832174254755
toronto:0.09027191674473219
re:0.004201578682900792
best:0.05472305797666144
swiss:0.0680776490854244
on:0.011393456746950335
m:0.030759881171147686
a:0.0031382115187559437
route:0.057479916672007775
mistaken:0.06054778771087106
team:0.03599128728870222
no:0.012648828496432694
not:0.013548539518561008
leafs:0.05599199997931866
only:0.014983553238980747
against:0.029025626878178053
19:0.046032552943605386
after:0.02167655828837024
towards:0.046851428487073486
writes:0.007429914505815307
if:0.0075297799973416775
but:0.00747509238483607
goaltender:0.06972487913252412
en:0.063693405984555
net:0.03724879196515149
over:0.022538660140666942
in:0.007985604579527662
or:0.007576533232618936
world:0.02832865942396266
watching:0.047860720154374536
subject:0.0002999658077754865
i:0.004289858589784155
leaning:0.06782514508708666
than:0.016074171710331025
the:0.006775307954957779
nhl:0.04794552021769344
less:0.030886129849396374
potvin:0.06335289643966367
joe:0.044713137381156585
william:0.0457489806673148
development:0.04367711273096856
five:0.04461778216905188
is:0.0030187935605692573
win:0.038083993299194846
maple:0.06335289643966367
detroit:0.1600904562375597
their:0.017007681107659708
run:0.030076791330195446
six:0.04761009366544983
first:0.021096121678551023
article:0.009104863823782033
shots:0.05507256157204189
april:0.03822644788638328
s:0.006971194166921554
