out:0.019314378673450164
there:0.015045557140608975
played:0.06649513149433321
geoff:0.09596912058945506
goals:0.0756943234230792
scored:0.0811926438409718
wc:0.09344206026441805
rookie:0.09566831503751741
centers:0.09036667315138856
playoff:0.07632319010951276
re:0.006130172176691321
this:0.017212538962997345
he:0.052135515000663456
on:0.008311620085889999
hartford:0.10088886800667372
a:0.009157404103910787
was:0.014515756296744026
as:0.052466502309312685
season:0.06257761358517572
steve:0.05257629257105552
canadian:0.15910386281122285
team:0.1575356345259589
are:0.01053953084592173
d:0.029866298727492385
not:0.009883770632392867
46:0.08506786971087721
bound:0.08329387652005373
left:0.04794106858197642
be:0.018965942856966275
of:0.003187550583044896
but:0.01090628233197394
who:0.021197588102194236
and:0.003129487004022868
for:0.005333587916591377
subject:0.0004376550310166934
possible:0.04224543644204233
wing:0.09195071963809465
will:0.018578776145955482
the:0.0012356606721132017
canada:0.06099356709846962
an:0.014719641615766176
is:0.004404469293289573
center:0.10710265027779702
sanderson:0.3184821920918635
position:0.05644004847888872
although:0.05179900748778292
