penguins:0.045206169594605744
at:0.01532113065138141
out:0.020490036505747128
duties:0.05249076445870186
technology:0.029284066833190806
former:0.03470346019779616
c:0.06746341814162504
service:0.03167470633459429
to:0.002396868104505793
hill:0.04333293911442923
perhaps:0.025117056849043872
that:0.0030165619602997985
pittsburgh:0.038457090463032584
re:0.003251656545897135
scott:0.06647090527254794
had:0.01334268248419248
on:0.00440877239338513
took:0.029351318925362427
them:0.012746601491584703
3:0.020360573431631473
board:0.031227795820479517
a:0.002428702827558948
mario:0.04770775283331688
was:0.023098986106992667
as:0.006957514436669725
season:0.03319334285822364
buffalo:0.04456175244544294
pens:0.04367668553839996
turns:0.03838047629188341
course:0.021270885216521904
team:0.027854126684299978
are:0.01118106750610827
those:0.01613839699380487
internet:0.024839425592300922
not:0.005242695726747521
have:0.004445657505631764
traded:0.04608526626305243
being:0.01692003417326216
campus:0.04504053311659971
university:0.020437740013901334
real:0.0222399465565065
doing:0.023310460044915784
has:0.009258908468578705
heard:0.02350128138625978
rotate:0.052886089450673655
prior:0.039965881133569976
whatever:0.028738787641333592
captain:0.14670241819160676
of:0.005072363101714921
even:0.029202773004626533
experimental:0.04627227674323472
necessarily:0.03380228724396698
they:0.016224689121873803
one:0.0085505296328315
in:0.0015450408860390476
jersey:0.04448445725051037
office:0.031745547069966615
or:0.011727155786140614
and:0.004979966275966824
for:0.008487361641184538
subject:0.0002321474512349417
i:0.001659988758655608
marks:0.04942797668835966
information:0.021207141604206652
currently:0.03129507392919389
the:0.00786524879988577
nhl:0.03710566347282362
during:0.025464082693934527
expressed:0.035737035874985106
bulletin:0.04759697869612184
carolina:0.05013533007491577
time:0.013734869303510554
their:0.013162466248536644
1:0.017030642538475728
lemieux:0.09705079174747336
opinions:0.024831392656696018
playing:0.0348293039596095
mike:0.027786191556153944
while:0.03774508705875691
north:0.034905693781833266
s:0.00539509809440016
