22:0.013527099351469974
another:0.00719969263113175
edm:0.04141145779039809
statistics:0.015341255162676226
24:0.023786258109535458
out:0.00765050064337961
marty:0.019746429502686593
played:0.013169490328423135
behind:0.011453709094151618
honor:0.01749595164372573
11:0.06273075710421933
final:0.012521585705313622
all:0.003097622826773673
50:0.011205140549118283
percentage:0.01462844910006401
anyway:0.00989777214819654
53:0.017812959661790397
take:0.006901782890700336
tb:0.01919245055128801
monday:0.016414313830321388
your:0.004090689033056047
with:0.005696370553144941
from:0.0027486112156823884
scheduled:0.033218912881874625
goals:0.029982816420830078
to:0.0022373362988487512
interrupt:0.019067560029119843
0:0.0832990065561462
goalies:0.04046871746673252
player:0.03786295162067729
then:0.005181429707064296
most:0.012055814701084662
day:0.008257477388840494
think:0.00467450658288492
like:0.0037812956607424456
really:0.012671400929811208
through:0.023079187928813246
nt:0.0023184368562416836
bobby:0.0338839453846543
rob:0.028575861636358696
penalty:0.015733403015444538
had:0.004981845732734205
this:0.003408976872541682
off:0.007089147558299839
30:0.022227957625804484
two:0.006054511144978284
these:0.0053786882243472165
carpenter:0.05879647317614331
you:0.0036090843468098823
igor:0.045912413508319816
28:0.028717957163952906
8:0.009586010657058008
came:0.019602121639467188
posted:0.011082405598967194
3:0.02280648647374305
why:0.005778320065435086
a:0.0045341043046960875
other:0.004478272687765944
was:0.005749747624034972
as:0.0025977732474578522
bring:0.012316126452237258
season:0.0123936182749861
steve:0.01041283716504671
also:0.004816549128829762
minutes:0.012938854701420695
pts:0.1598498947638207
far:0.0080823963380565
are:0.00417474923117679
27:0.07172322053635763
18:0.01255438147150357
it:0.003339500939025701
kind:0.008946515249880065
real:0.00830387614934496
second:0.008927583690429437
19:0.013301614324613246
after:0.006263680804106985
points:0.023799716158898913
feel:0.009890508715084994
nyi:0.01990106602537898
writing:0.012994995925804007
list:0.028360018801184217
stats:0.01507988107550392
g:0.09181823275354552
were:0.005036699017767206
63:0.038135120058239685
of:0.0018939018074584932
department:0.01125998565809395
what:0.002988448386352699
but:0.004320020923703963
reading:0.010669876773905814
62:0.0188313283593717
gp:0.15920852820303183
who:0.00839644723528473
up:0.013085652957977771
pro:0.014612877112195527
now:0.010726716869339249
title:0.013640238089554934
code:0.010521144514063949
in:0.004615057192064688
our:0.007239530594092187
5:0.00843789898349897
message:0.010543246391427667
and:0.003718805985299901
still:0.01325785118330875
for:0.0010563274769872532
subject:8.667843146759188e-05
each:0.008266264277144855
i:0.004338606982849885
6:0.009540096209607775
top:0.01097932540963414
back:0.006838820519699798
league:0.012629406065692366
games:0.021622534361095624
20:0.010210494637680584
any:0.0033223612541844394
55:0.0159605412901423
filter:0.016973960667791475
the:0.0046497750616207815
nhl:0.06927193667816098
when:0.004245696242999143
categories:0.0189472961600278
regularly:0.03225911090467455
flying:0.016129555452337276
64:0.01644148347210878
because:0.005729617853553617
did:0.0053373735176719655
come:0.007796083358666911
individual:0.01253794217943686
an:0.0029152536966290154
10:0.06569026722491283
here:0.0058454574857902475
about:0.003198104481564518
17:0.06383609997533288
15:0.010850034844093
average:0.07557508556303741
time:0.0051282791230640055
9:0.05780574116274393
65:0.031781431897031594
1:0.019076531414851057
too:0.006339343726832781
leaves:0.016179506487530394
69:0.01785485383333555
players:0.012051538678694455
passed:0.04209389108433883
difference:0.01041283716504671
three:0.009475610410624911
close:0.01128218576678747
by:0.003215699593562228
included:0.012151887826301848
s:0.004028807018545574
news:0.009963884792738372
