penguins:0.033757853918049745
believe:0.01410825896318403
at:0.0057205520289248775
out:0.00765050064337961
rick:0.031251055072263625
with:0.0037975803687632947
former:0.025914921576276357
c:0.050378526534330385
someone:0.014308169575733897
flyers:0.03680982553652854
to:0.0044746725976975025
that:0.004505254875772426
think:0.01869802633153968
pittsburgh:0.028717957163952906
nt:0.009273747424966734
re:0.0024281850829751335
scott:0.02481868216345134
off:0.014178295116599678
he:0.0722787821600107
on:0.003292265098956428
them:0.009518566048910656
3:0.0152043243158287
a:0.0009068208609392176
speaking:0.027373242135262314
mario:0.03562591932358079
was:0.05174772861631474
gary:0.02756284703586142
season:0.0247872365499722
steve:0.02082567433009342
also:0.009633098257659524
buffalo:0.03327663331964895
pens:0.032615706733220756
course:0.031768205193506746
team:0.020800159536977256
d:0.01183015728816257
yeah:0.025676769118104886
leafs:0.09707703892518235
have:0.0033198091762834604
traded:0.17207161104711133
being:0.012635090454059405
real:0.01660775229868992
has:0.006914119960302279
his:0.011976811957826343
rotate:0.039492859005373186
sabres:0.03754972332451048
writes:0.004293911629984172
prior:0.02984465149584771
captain:0.21910101418226985
of:0.007575607229833973
even:0.02180726555540293
but:0.004320020923703963
oh:0.020972183013905674
ed:0.025767335530318198
they:0.0060579196396606735
one:0.00638513576477677
in:0.002307528596032344
thomas:0.023922110480708445
jersey:0.033218912881874625
and:0.004958407980399869
for:0.006337964861923519
subject:0.00017335686293518376
i:0.003718805985299901
oilers:0.037777589037570676
darryl:0.042050679042432204
marks:0.03691050207247637
currently:0.02336969806400842
later:0.02074942875946561
the:0.008810100116755164
nhl:0.027708774671264393
when:0.025474177457994854
got:0.028729270410786677
gretzky:0.037777589037570676
during:0.01901538642728877
time:0.010256558246128011
their:0.009829114406374767
1:0.012717687609900706
chicago:0.027420126862362875
lemieux:0.03623649691869947
article:0.005261901820237669
before:0.013806456280666523
playing:0.026008895813994112
mike:0.04149885751893122
while:0.01409313315505534
s:0.004028807018545574
