believe:0.015743999132828555
contributions:0.040644883318288215
there:0.0066505723592546915
rex:0.04516074268026673
wang:0.04342719420877518
with:0.008475759083906484
ca:0.014902526058640009
devils:0.036634845360427444
work:0.014674438144857273
my:0.006885610589350009
attend:0.043125218147901496
to:0.001997390087088161
might:0.015413660404916275
teams:0.02997094302733447
that:0.010055206534332662
tie:0.19202194276271847
nt:0.0103489645177165
its:0.014984235913291089
me:0.01570418377397891
re:0.0027097137882476125
math:0.03536417226276178
this:0.0114126617037265
mean:0.019155232295868557
off:0.015822155419973553
two:0.013512966903284865
you:0.008055057817517709
tell:0.03492789932786163
great:0.018269932527048383
them:0.01062216790965392
a:0.0030358785344486846
how:0.02859484776585053
same:0.028146280442443657
hockey:0.02849495477159787
was:0.006416385029720186
as:0.011595857394449542
steve:0.023240245266915843
are:0.004658778127545112
it:0.0049689192715937965
not:0.004368913105622934
should:0.011904435813286084
have:0.00740942917605294
points:0.026559103539640815
list:0.021098757948707098
be:0.016766992960506415
if:0.00485616246205369
of:0.001408989750476367
what:0.006669870311569791
but:0.0048208929148580455
please:0.041639464280549016
they:0.006760287134114085
net:0.02402277162969915
good:0.011739201821445645
in:0.0051501362867968255
or:0.014658944732675767
and:0.00276664793109268
for:0.004715200911769188
subject:0.00019345620936245142
cause:0.02285145748798599
forth:0.03578134510204785
i:0.00414997189663902
stupid:0.027983233270047484
actually:0.03542484242175485
the:0.0016385934999762022
do:0.005205202310916642
can:0.018794912879080725
breaker:0.22297901986982235
increasing:0.036943248363462196
put:0.03605013477604028
thought:0.019453524675302265
just:0.008510062054100622
record:0.08384018254862163
here:0.01304638337408258
people:0.04363110550936572
different:0.03662633185523548
is:0.003893806186821216
win:0.04912283193664263
does:0.008829629089402357
man:0.042000715055002885
first:0.0272109395563919
cutting:0.03880046400571662
isles:0.04516074268026673
