basically:0.039638449982301885
since:0.020210319428320016
at:0.008898636489438698
out:0.011900778778590505
all:0.009637048794406983
finish:0.04943778295093803
thanks:0.0201352186355168
with:0.017722041720895376
times:0.028388647893868958
from:0.008551234893234097
often:0.03138707462907784
to:0.002784240727456224
us:0.02080683218368683
appreciate:0.03877993268095449
make:0.0177785907409061
playoff:0.141082260505463
nt:0.014425829327726031
could:0.015243526821475329
need:0.019406080722194307
lost:0.035399053780988385
greatly:0.039423526765662645
this:0.010605705825685234
goal:0.04236491075110937
etc:0.023457818055133695
posted:0.034478595196786824
m:0.01382641123349568
sure:0.022040848688476805
a:0.001410610228127672
local:0.030872560120363154
others:0.02723563861685249
are:0.006494054359608339
it:0.0034631861589896162
ken:0.04167750203146274
have:0.010328295215104099
west:0.12357300908291481
editors:0.06410699839449044
edition:0.04922512225197003
bother:0.04631924273225507
penalties:0.054549991374047646
be:0.005843043001388599
get:0.013276504800920429
coast:0.16225648584208768
if:0.006769196159226357
of:0.0039280926376916905
newspapers:0.05594985160926125
senators:0.05858635489582306
they:0.00942343055058327
who:0.013061140143776247
now:0.016686004018972165
and:0.003856539540311009
for:0.00328635215062701
subject:0.0002696662312325081
i:0.005784809310466513
group:0.027243595301077225
away:0.027969531174986573
we:0.013613574805191616
games:0.10090516035177957
scoring:0.05203790424537263
the:0.0022841000302698576
do:0.014511473109222156
nhl:0.04310253837752239
interest:0.03689681814816046
would:0.0188414069920076
people:0.015204779192657752
night:0.03381651360185883
morning:0.043334755733327436
right:0.019594682765558584
lot:0.025035892810761524
papers:0.04669438967113847
guess:0.030264214777127815
too:0.03944480541140397
late:0.03893069682455727
very:0.017608510018014622
shots:0.04950967656476494
freenet.carleton.ca:0.056087282438107504
happy:0.03836459685338405
