believe:0.015409020427874754
go:0.013797391856695937
there:0.013018141639392161
50:0.024476477227861212
with:0.008295423784248898
4:0.017618932653749496
ca:0.014585451036115752
devils:0.03585538056552473
to:0.001954892425660753
0:0.025994016230286753
w:0.021945679822903217
might:0.015085710183535076
t:0.01827144010638611
teams:0.058666526776910026
that:0.0024603164924430977
tie:0.2255236434149374
nt:0.010128773783296999
52:0.03821810713664911
me:0.007685026102159891
re:0.0026520603033912803
so:0.007246883669396596
math:0.03461174306568174
this:0.007446559409523674
30:0.024277343789885747
two:0.026450913938344842
you:0.003941836804317176
tell:0.017092376266825905
identical:0.03466151308453739
great:0.01788121055838778
a:0.003961713832188355
how:0.027986446749555836
same:0.027547423411753365
hockey:0.027888679138159615
as:0.011349137024354871
rpi.edu:0.08384786907513059
pts:0.04364695708090139
team:0.04543580948502833
l:0.023439436728747255
are:0.004559655188661174
it:0.004863197584964141
not:0.004275957507630957
have:0.007251781746775218
32:0.030371764336918478
b:0.02170856983343434
chuck:0.07068493614410441
points:0.051988032460573506
104:0.08626808917485773
list:0.020649848205117585
without:0.01593766301278365
be:0.012307686322073857
writes:0.004689804191613917
if:0.0047528398564780795
of:0.0013790112451470826
what:0.006527958177281072
but:0.004718320725180214
they:0.006616451237643572
net:0.023511648829067252
good:0.011489431569925525
in:0.008820978108237116
or:0.004782350763851669
message:0.023030637507515755
and:0.0013538915407474818
for:0.002307438744057262
subject:0.0001893401198015482
cause:0.02236525626483735
i:0.004061674622242445
stupid:0.02738784532813158
any:0.007257356498502179
actually:0.017335561185114076
the:0.0016037298084873467
see:0.012548835187313305
can:0.01839502111569603
breaker:0.21823478540450697
did:0.011658943570517484
put:0.03528311063186921
thought:0.019039619894976684
record:0.08205634887737435
here:0.0127688007491021
people:0.04270278411554943
different:0.0358470481987411
is:0.0038109592466760837
win:0.04807766529969278
man:0.04110708281979005
first:0.026631983395617603
article:0.005747041704373057
isles:0.04419987581472914
