some:0.004096620614502997
looks:0.012010896401311897
there:0.0032202771423759558
all:0.00334760642332032
truly:0.0152922928737908
ever:0.009275165111683721
with:0.002052025883472096
ron:0.029735426920877443
much:0.006130515331789233
cup:0.046097564184162346
gerald:0.017768340033015802
goals:0.01620124115371169
my:0.0033340851274747414
to:0.005802943831961393
gm:0.06909641370797064
job:0.012180661597505882
playoffs:0.016126583615300165
randy:0.017595742684978006
next:0.00939782464473395
been:0.005148211884987506
make:0.012351441988418973
that:0.007303255272304775
problems:0.019249636743100162
think:0.010103494930024949
like:0.004086452854416397
depth:0.018449589206492846
nt:0.0075166163339204055
decade:0.03956777391670222
clutch:0.018141303747575884
grab:0.01878759309750489
me:0.0038020655452791043
anything:0.0081447057905944
anyone:0.0058698763145311975
this:0.0018420436434084878
upper:0.01834378907256061
getting:0.009516496744648021
he:0.011158829526457791
best:0.008544477473548891
set:0.009296191523248846
you:0.001950171892662182
took:0.023687029308187224
great:0.01769298728935212
bill:0.010861452195409535
m:0.009605717278007523
bryan:0.03719161838772652
a:0.004900014476654018
how:0.004615308762207454
horrible:0.01807632463260312
same:0.006814362633433728
hockey:0.01379755704730002
want:0.006640694623551514
wings:0.08017720778872432
looked:0.01307018668238486
was:0.018641287033713382
as:0.002807418106024626
stanley:0.05205537476389601
plus:0.012547017031507617
responsible:0.013722299000256219
moves:0.018108663773322153
team:0.03371815335467892
are:0.004511658818254214
it:0.0024060030157191017
not:0.0021154737143016314
admit:0.014386306016531757
have:0.007175447202072321
made:0.008159928252343865
due:0.011632078894380641
probably:0.008376223561505995
picked:0.016751565615090534
able:0.009254263951265506
after:0.01353834166782422
has:0.011208152356700536
his:0.012943361694773732
without:0.00788494906948244
which:0.004532955552693045
writes:0.004640437831702192
were:0.005443169464815084
things:0.007841143607509649
of:0.0034112383432585726
style:0.016108164822717205
even:0.005891787536021143
seen:0.009096368037271414
but:0.0070029812868464235
year:0.017366741868137907
reading:0.011530954548642072
years:0.007823773413966293
never:0.0077331201082872295
ok:0.011452102422845375
sense:0.011530954548642072
they:0.013093608765020965
up:0.009427792072648314
now:0.005796190869748225
pick:0.028210908821319398
good:0.017052735277468412
over:0.01407677721066216
one:0.003450213711493412
president:0.026424267783663146
in:0.0031171877525349207
morris:0.017248584973206416
or:0.002366005114747668
better:0.007846371478250538
and:0.00401892015253463
for:0.0034247248727586736
subject:9.367353295445017e-05
half:0.013268924503835143
i:0.00401892015253463
draft:0.017325703944149486
vela.acs.oakland.edu:0.040580051873506065
skills:0.019205798421242145
top:0.01186537623216602
any:0.0035904816361010785
pretty:0.020196631978383346
will:0.003976509982116788
the:0.004760545326246651
do:0.002520413750549111
nhl:0.014972460699560408
when:0.0045883313783990735
would:0.0032724548986118457
can:0.003033564885746363
major:0.011496238500764182
did:0.017304326773083845
push:0.01684096591439223
maybe:0.00929092309593798
ready:0.0147911553994049
during:0.01027498073614902
people:0.00528166014060743
about:0.006912394247872783
worry:0.015425835195981485
is:0.0028281329146385673
deal:0.011566017514949154
clinton:0.012860197503405026
win:0.0475715846123276
done:0.01858711264154876
new:0.012098242560586295
figure:0.0129561320493851
talent:0.01878759309750489
paper:0.01353209963942665
first:0.006587911682073829
him:0.008408825625836168
although:0.02217361022284041
leave:0.012397130260682515
article:0.005686546528537551
players:0.01302411899311541
three:0.010240308794640255
before:0.0074603307621847175
needed:0.011704641018021126
unlikely:0.03345913394587513
giving:0.013310059464172195
murray:0.11296344395879634
s:0.00435393881302469
