penguins:0.05650771199325718
watch:0.04178438957146032
thanks:0.021667246140393077
4:0.02700292939324651
devils:0.05495226804064116
via:0.03715468889799614
to:0.005992170261264482
day:0.027644598214813826
appreciate:0.04173057973276624
next:0.02911282634509973
pittsburgh:0.04807136307879072
me:0.01177813783048418
anyone:0.018183855974362947
abc:0.059774945442036403
30:0.0372076681997162
opening:0.05343311649308509
game:0.03230444682511399
sunday:0.04856328255257465
on:0.02204386196692565
you:0.006041293363138281
apparently:0.04118109843751807
a:0.004553817801673027
beer:0.05795914017395851
was:0.019249155089160554
season:0.04149167857277955
immediately:0.04589890800873785
let:0.02505584502992201
video:0.03799686079201112
d:0.019802654591054732
yeah:0.04298067874117557
it:0.02981351562956278
only:0.01449495911162268
area:0.034874641789775514
buy:0.03268305570917354
against:0.028079139045193983
channel:0.05267269705170562
willing:0.07773695334738415
be:0.006287622360189905
if:0.007284243693080536
please:0.020819732140274508
up:0.01460283011252592
pick:0.04369624464171754
good:0.017608802732168468
in:0.003862602215097619
minute:0.048613721460797496
and:0.00622495784495853
for:0.0035364006838268913
subject:0.00029018431404367716
i:0.00829994379327804
special:0.03799686079201112
any:0.011122687677052252
turned:0.042683677607756494
the:0.004096483749940505
would:0.02027499230661687
return:0.040112692476270966
william:0.04425716608033715
come:0.0260999312442327
here:0.01956957506112387
is:0.002920354640115912
time:0.01716858662938819
lot:0.026940797698536856
request:0.042394576384721
e-mail:0.029887997572307243
respond:0.043956605957179415
