looks:0.02593261723010523
out:0.008925584083942877
mark:0.02275472700221356
minnesota:0.03817484361960437
played:0.030728810766320648
know:0.009347538830744712
case:0.03744865314101145
breton:0.05310520498836983
take:0.016104160078300785
edmonton:0.0429447964592833
gerald:0.03836346143492048
sharks:0.04367850726223722
to:0.004176361091184336
obviously:0.027893129400196642
everyone:0.02316297543570533
wc:0.04318155815249622
playoffs:0.03481876007848899
us:0.015605124137765122
european:0.03357162386868176
like:0.01764604641679808
re:0.002832882596804322
had:0.011624306709713145
this:0.007954279369263925
93:0.027734965877306072
he:0.02409292738667023
them:0.011104993723729098
names:0.031037100090764238
a:0.0010579576710957538
was:0.0067080388947074665
season:0.02891844264163423
usa:0.027610770348702462
stars:0.03775218180423759
team:0.024266852793140132
are:0.014611622309118763
results:0.0277506344611247
play:0.02425695630894274
18:0.02929355676684166
it:0.002597389619242212
not:0.004567500064969431
interesting:0.024757761832737975
ve:0.013826770447177533
university:0.01780560683029283
decided:0.028269947447108746
univ:0.035186389176175815
russians:0.042065461828580626
be:0.004382282251041449
writes:0.005009563568314866
certainly:0.023301191494360916
listed:0.034392390109560286
of:0.0029460694782687674
ahl:0.046075002172935385
york:0.11403536992198311
senators:0.043939766171867296
they:0.0070675729129374525
in:0.008076350086113203
golchowy:0.04137177096853902
total:0.027734965877306072
and:0.00867721396569977
for:0.00985905645188103
subject:0.00020224967342438103
cape:0.044782384619672023
i:0.0014462023276166282
oilers:0.13222156163149734
rangers:0.14142274757415768
the:0.005139225068107179
jose:0.034544671771083675
canada:0.028186421159141262
because:0.01336910832495844
olchowy:0.04109287723276087
injuries:0.040912493530535735
an:0.006802258625467703
just:0.008896883056559743
makes:0.021158923350393745
ted:0.03398874339279561
sj:0.04701147153632309
is:0.006106196065696907
weight:0.03367377046214606
new:0.02612120552853859
alchemy.chem.utoronto.ca:0.041002148512709995
smith:0.02983135268535199
late:0.02919802261841795
article:0.006138885456943947
spring:0.0360734548298225
april:0.02577389289309176
playing:0.09103113534897939
north:0.03041026352205171
vacation:0.044782384619672023
news:0.023249064516389535
