taken:0.023534866426847573
at:0.006292607231817364
fewer:0.039280678433338205
there:0.01311112836538782
nichols:0.0774894256389205
ever:0.01888158612021329
with:0.0041773384056396235
led:0.030110566348788545
from:0.006046944674501254
sharks:0.0823651851230759
wisdom:0.03471066986294783
to:0.0009844279714934505
been:0.04192115392061255
that:0.01238945090837417
think:0.020567828964693644
need:0.0137228713678374
re:0.0026710035912726466
lost:0.025032188030841784
exactly:0.022974161809085774
had:0.021920121224030503
this:0.0037498745597958497
he:0.022716188678860504
management:0.03235638873913747
on:0.003621491608852071
you:0.007939985562981741
3:0.016724756747411567
more:0.009081564470148042
a:0.002992508841099418
how:0.018790899960416062
vision:0.0340566184806229
worked:0.02745831314695964
ice:0.03341653163283942
jack:0.030533970705428112
moves:0.036864065538548665
accomplished:0.04060155227972401
product:0.02850641373390399
terry:0.07731833719539598
not:0.008613000122513783
should:0.011734372444524854
have:0.025562530657382645
traded:0.07571150886072898
made:0.049833847541100026
heat:0.032643577456837755
has:0.022816595868997522
explained:0.033836820918717515
sherri:0.08311069588265547
writes:0.004723302792982588
making:0.02196147993480288
things:0.01596232805814464
of:0.004166583976408685
conventional:0.038087434971458445
but:0.004752023016074359
never:0.015742423077584715
loss:0.030398941029434166
who:0.018472183917626405
adobe.com:0.0380093701819428
wong:0.04378234525583375
one:0.007023649341254446
in:0.001269140727817789
firing:0.07819503642934302
better:0.015972970509295737
still:0.014583636301639622
subject:0.0001906925492287021
i:0.0027271243892199276
person:0.02003710313624179
top:0.02415451590119511
snichols:0.0859208429433134
league:0.027784693344523204
mention:0.026961962959120876
any:0.007309194759205766
fired:0.03388024267640596
the:0.00484555506421534
around:0.01690853166538311
would:0.046632482305218804
nobody:0.028630640467560194
leland.stanford.edu:0.03605221326374494
decisions:0.0355397568004675
different:0.018051549271508913
is:0.0019190901920761708
headed:0.04082832869625672
lot:0.01770395277332422
eventually:0.03026641668732168
committee:0.03437616057948999
article:0.005788092002261436
personnel:0.040714040543782144
by:0.0070745391058369
s:0.013295063161200393
