computing:0.02660037487304294
there:0.005596213326689923
administrative:0.037525737490287175
defense:0.023928088708828576
corner:0.05977387780380157
where:0.011264980477035133
fax:0.018650264267581644
episode:0.03722823648925405
with:0.003566020590180167
way:0.010563248899674044
user:0.023058801729225708
ca:0.012539930463977568
times:0.017137049643250163
from:0.005162025941647413
both:0.013693317575050231
to:0.0008403653415187993
player:0.07110847011688175
software:0.017169426149275954
next:0.016331585510665703
engineer:0.02718661792519478
been:0.008946587726959996
that:0.0021152721063077856
pittsburgh:0.08090058664479415
like:0.014202915408642356
nt:0.004354137510502674
its:0.012608686317281525
sarcasm:0.035583946446881475
re:0.0022801250169400644
complete:0.022580584453016937
this:0.0032011124290940184
he:0.009695934192196557
best:0.02969726926782237
two:0.01137066727227629
on:0.009274551681206522
mellon:0.037375172779370275
you:0.003389018228101963
score:0.029425735156744567
a:0.002554580718011698
j:0.01862273572883453
was:0.026995766283578828
said:0.01336283432111849
services:0.02436988797233725
baseball:0.02284924292737078
cherry:0.10886487995872694
local:0.0372729689258043
avenue:0.032447023326048735
gilmour:0.10742942357869958
allan:0.030063692175518176
andrew.cmu.edu:0.04969243178935683
are:0.003920191351226985
pa:0.03158330066103028
play:0.019523891663295375
it:0.002090581888658366
not:0.01102884162029204
clip:0.07161961571913306
couple:0.019243852406429993
have:0.0031173817874856884
only:0.008131318526032235
university:0.01433134208291862
second:0.01676643766251382
earlier:0.024060649602953003
19:0.02498108056085902
has:0.006492527279796043
coach:0.06217278383119248
be:0.0035272027874236056
which:0.00787739227144828
writes:0.004032087750107088
hitter:0.03218751348203169
of:0.0011856133266203576
what:0.005612451847540435
but:0.008113210027444027
who:0.007884468745328343
good:0.009878108849753044
in:0.006500476898578919
point:0.013423999763780859
office:0.06678179109230782
412:0.07567700296091034
world:0.015373479809345591
weeks:0.02219856637398238
and:0.0011640165075938716
subject:0.0001627863225123067
doug:0.02635146027230967
until:0.017446132471735636
don:0.10874647170077913
information:0.014870861490754665
the:0.003217238457270348
nhl:0.026019215240089735
can:0.005271743856327521
last:0.026587348195847536
an:0.005474988649766688
jim:0.020648358213102864
about:0.006006196221474826
is:0.0016382477249430726
clinton:0.022348513954088003
night:0.020413627113317224
days:0.018160076978964466
time:0.009631158353071425
runs:0.022876771466117895
six:0.025837184976981925
1993:0.01847351099396425
le:0.06543614131759544
too:0.01190559675527132
non:0.030245722438625985
leaves:0.030385902427800985
lemieux:0.06805390884731363
players:0.022633377518523734
shown:0.07553721214045725
april:0.020744840621268978
by:0.006039240700104672
summary:0.026230712544893942
s:0.011349444162000335
news:0.03742532336784657
james:0.021095083949006263
