screwed:0.0436173100448524
go:0.015946165998312518
at:0.007221024692249435
out:0.009657189336725082
objective:0.03654594540763889
say:0.015553647330061832
all:0.007820228120051568
anyway:0.024987818210201098
saw:0.027847381828979136
hawks:0.04768646485070396
from:0.013878233679183206
gerald:0.04150800745417626
my:0.0077886414863139455
to:0.002259342885394805
line:0.04629186473452441
that:0.014217402681740852
puck:0.18073334630277713
tie:0.043441029674188766
nt:0.011706205765941615
re:0.0030650860883456605
murphy:0.04518333657569428
goal:0.06875616662884962
game:0.024360730392708915
on:0.008311620085889999
went:0.026741485780623638
vs:0.028005015943142152
was:0.021773634445116038
red:0.029611630778217633
rear:0.038829138759184034
evidence:0.07912396806179697
not:0.009883770632392867
should:0.013465673296995734
leafs:0.04084662293573247
have:0.008381157592584473
be:0.004741485714241569
writes:0.0054201835329308395
even:0.013763602030869064
dchhabra:0.10261608957483481
opinion:0.027125504627767947
impression:0.03877961159151221
fairly:0.03216562744465481
find:0.03469584815858017
up:0.011011970248790038
net:0.02717329905654494
in:0.008738345994811008
golchowy:0.04476289973645206
ended:0.04072051704360558
or:0.005527143095926929
cross:0.07508869202649422
and:0.001564743502011434
subject:0.0002188275155083467
showed:0.03503898277672079
i:0.006258974008045736
any:0.00838760054335088
review:0.03542327446441628
the:0.010503115712962212
would:0.015289338460727477
did:0.0404240420518762
olchowy:0.04446114585839701
joe:0.032618600220679805
thought:0.02200480659993207
counted:0.04725871277553536
is:0.0022022346466447863
time:0.012946803031997653
somebody:0.031112526421924223
light:0.02862471053939585
alchemy.chem.utoronto.ca:0.08872596071602819
under:0.019896093664800323
article:0.006642072789480337
stpl.ists.ca:0.051308044787417406
thus:0.02730618912193693
s:0.005085543285705069
