taken:0.014579120795392302
bench:0.02598587826977394
at:0.00389807527634704
there:0.0040609689627307405
behind:0.015609479650436717
with:0.007763195267117885
decision:0.01860506961587295
previous:0.030736278050378815
such:0.008508925679061056
from:0.0037458949311069715
gerald:0.04481395495052658
several:0.012471023770209718
my:0.004204487881992483
to:0.004878581097666658
hardly:0.01932140199375895
gm:0.1307022869918471
player:0.017200278907328326
most:0.0164300483536906
randy:0.02218932152751651
teams:0.03660168263515183
that:0.006139904874946492
problems:0.012137492194211385
bowman:0.02769726311533152
memory:0.014962974452067767
really:0.008634494438897902
nt:0.006319279218782642
could:0.006677474138610873
mainly:0.021294966730657512
re:0.001654603994593675
injury:0.0230890601293662
had:0.006789418078239536
this:0.002322931143236367
philly:0.02651749026907511
he:0.007035987643894846
best:0.010775115398059443
on:0.0022434018815897785
used:0.00873656419618082
great:0.011155976498817154
them:0.006486102528903721
burns:0.020454622024082776
beat:0.019229788394813412
bryan:0.02345046734624349
a:0.004325455257046356
other:0.012206265379043457
wings:0.04044337030050696
was:0.019589848099588178
as:0.014161312570212714
worked:0.017009574515815706
adam:0.020551342350686758
also:0.013128293200704128
whole:0.026477128097586636
team:0.028347120076942452
pat:0.0179342488124946
product:0.017658840366135214
are:0.002844740626554095
those:0.008212016169413982
it:0.003034118847256389
not:0.005335486801557212
couple:0.01396456546307309
have:0.006786512563906897
made:0.01029017500848673
being:0.008609751902323664
decent:0.019936116472653607
recovered:0.026612650469167866
after:0.008536343750729872
quality:0.017009574515815706
has:0.009422782954748238
suffered:0.023357310668376978
anybody:0.013449536039436704
be:0.0025595630846790766
which:0.005716337754502291
writes:0.00292593978326355
if:0.002965267344085882
of:0.0060224960130980994
even:0.007429909060911618
what:0.004072752668126687
but:0.00294373107190447
years:0.009866262933541564
advantage:0.018864471577587655
never:0.009751943499388762
significantly:0.021625103296105185
russian:0.06180152119487095
well:0.007446318186519225
necessarily:0.017200278907328326
they:0.004127962940299751
who:0.028607364474200182
good:0.007168185183006633
one:0.004350933220246117
in:0.002358580113643679
leaving:0.020478604623504634
golchowy:0.024164043220562616
or:0.005967358032770666
better:0.009894760492484084
and:0.0008446845453336059
few:0.010113396021709232
for:0.001439596738549
subject:0.00011812812784078892
vela.acs.oakland.edu:0.02558697961050714
plain:0.0201318388398077
away:0.012252139762494117
back:0.009320162478174944
league:0.01721175693908517
improve:0.020987760949985994
stupid:0.017087107041002445
any:0.004527819762339855
will:0.010029250839852073
the:0.004335747402591897
do:0.003178397871267684
nhl:0.018881200439711133
would:0.0041267683455945845
specific:0.016217505701196604
did:0.014547885340203234
olchowy:0.024001149534178916
put:0.011006457077640615
just:0.0051964095728579025
trading:0.02624370529687118
here:0.007966375688599097
many:0.008200004546805723
about:0.004358478673990582
trade:0.018668508390857055
is:0.0011888169331445305
involved:0.0159330846772826
win:0.014997678777116556
done:0.011719750227525215
time:0.006988982167715547
detroit:0.04202964780278116
gone:0.017387599101251164
alchemy.chem.utoronto.ca:0.023948157538396984
first:0.008307764731818766
strategy:0.046714621336753956
volume:0.01958849557662218
him:0.010604050014881893
very:0.015426924706048206
little:0.01037760487565692
players:0.049272662562449894
before:0.009407939235498427
by:0.004382457853173301
murray:0.14245390056750867
s:0.0109811731124959
