go:0.011790498495721983
boy:0.027483834576483807
all:0.011564458553288378
racing:0.03632092606552106
where:0.011196707868083404
gld:0.1414731446615409
with:0.0070888166883581495
followed:0.026939016369716847
from:0.010261481871880916
cunixb.cc.columbia.edu:0.0320559000661848
to:0.0016705444364737343
everyone:0.018530380348564263
been:0.017784731966320477
that:0.006307356826081396
complaining:0.034082379983908645
through:0.014360383600150465
could:0.009146116092885197
me:0.006567204123663907
re:0.006798918232330373
abc:0.06665812097778605
espn:0.1211857773590895
had:0.01859889073554103
this:0.0031817117477055696
off:0.0132330754421597
amount:0.022535860676526232
two:0.011301754137292796
sunday:0.027077709059617382
on:0.006145561518051999
trucks:0.034545246521996975
you:0.0033684787236892234
went:0.019772492516582325
dare:0.060980800571498364
etc:0.014074690833080215
a:0.000846366136876603
air:0.02335841809473436
hockey:0.07149643197237282
was:0.005366431115765974
old:0.016047958074801964
gary:0.05145064780027464
baseball:0.022710762667204898
cohen:0.03658447219848917
sc:0.0651780882892903
l:0.04006012822731349
are:0.0077928652315300065
no:0.00682270143140915
ot:0.030296444339772376
it:0.012467470172362617
not:0.007308000103951089
have:0.0030984885645312294
made:0.014094421526775766
ve:0.011061416357742026
pitt.edu:0.02992621590353093
rights:0.021049693452683673
je:0.0336523694628645
left:0.017723667778791283
after:0.023384408335332743
quality:0.023297962670147575
has:0.006453178629615461
cbc:0.03884311029112659
writes:0.004007650854651893
showing:0.026024389803792805
of:0.0070705667478450415
even:0.0101767239258547
beyond:0.023670086045082462
they:0.016962174991049885
who:0.015673368172531496
in:0.0010768466781484272
point:0.013342642189454914
yes:0.016162702245478115
or:0.008173472214582853
use:0.010077451683317262
and:0.003470885586279908
for:0.003943622580752412
subject:0.00016179973873950483
winnipeg:0.03162501569234401
car:0.01853723236292963
i:0.002313923724186605
we:0.008168144883114969
any:0.0062017410078109535
coverage:0.0560989653928733
the:0.0022841000302698576
when:0.0079252996535984
home:0.017753715465826353
did:0.019926194465975336
whereas:0.030490400285749182
last:0.013213106376118168
bought:0.022200507568899762
movies:0.03426330703330065
problem:0.012821607830579299
just:0.0071175064452477935
about:0.005969795032253767
n:0.022187972701844857
pickup:0.03632092606552106
is:0.004884956852557526
night:0.0405798163222306
lack:0.02351224884183386
production:0.02908894112485931
time:0.009572787696386142
checking:0.02945147745947089
domi:0.0354794930664046
advertising:0.03265910973495469
shown:0.025026470284919174
by:0.006002639241316158
sales:0.02932820664591257
jets:0.03133497920035834
s:0.02256131930385521
