probert:0.027337067148875103
out:0.005190207484935947
say:0.00835922896153103
there:0.00404307923161739
all:0.008405883970451906
defense:0.05186176054953154
take:0.009364533613813673
with:0.005152664112683237
ron:0.03733302498876683
though:0.010949533927800351
clark:0.02209157121241732
goals:0.04068153065028927
my:0.008371931817888117
to:0.0036428171632356763
remember:0.012258255667494415
probable:0.025789058836813917
enough:0.01071431069135417
speak:0.015794858214266055
family:0.017358885767046993
next:0.011799030941626324
tough:0.04223122815217178
problems:0.024168046131205052
quite:0.01170131886391807
decade:0.04967760161348077
suppose:0.01697858583978489
toronto:0.07078590828441556
its:0.00910935927768357
re:0.0016473149902122052
getting:0.011948024547245315
game:0.01309255113616955
on:0.0022335190539175768
set:0.011671429886017274
you:0.007345361093507337
roger:0.019443853628046664
support:0.012065886826138794
trek:0.026217092970970954
came:0.013298355649682587
3:0.010314827949945461
bill:0.013636625003047215
m:0.006030020758220582
a:0.004306400388072584
hard:0.01191292247830621
same:0.00855547731510402
low:0.029918894625372866
want:0.008337435981110933
wings:0.12079561702089744
was:0.0039007098418563247
as:0.01057419595000465
red:0.03182924189376697
season:0.016816010699100083
ice:0.020609314663425193
team:0.014111121447993381
hitting:0.021143943989435185
are:0.0028322087295208176
no:0.004959232317984626
not:0.002655991227206894
leafs:0.021952810564578686
have:0.009008821377051153
being:0.008571823479846469
only:0.005874608979159853
left:0.012882842218064149
after:0.008498738712180404
be:0.0025482874763765257
thrown:0.021623905151499305
writes:0.0029130501806941076
soon:0.015845786947310442
were:0.006833935231155503
things:0.009844607612952642
if:0.002952204492349821
of:0.005995965193657139
even:0.007397178183991303
key:0.014122653617782274
seen:0.011420550178953097
what:0.0040548110264168775
but:0.0029307630936141423
tend:0.018764775743345084
reading:0.014477189631555025
lines:0.015564678961649854
must:0.010209076773037434
they:0.008219556163063822
up:0.01775498286809319
now:0.014554311875579245
david:0.010997556120460328
one:0.012995298340646994
president:0.033175842812088095
in:0.002348189892878729
star:0.020223907376539223
leaf:0.08166791308006238
morris:0.0216557124112944
ended:0.02188503559171754
rather:0.011336932391686623
total:0.01612782156742027
better:0.00985117123921323
and:0.00336385387216555
few:0.010068843616327254
for:0.0057330196107854454
subject:0.00011760773961241542
i:0.002522890404124162
mighty:0.02490504696253131
6:0.012944271509071343
we:0.011874395645057005
power:0.011902446168152168
wing:0.049418448439857036
offense:0.043837585480752866
favorite:0.021288392548126773
will:0.0049925345590453064
ways:0.01571955234043654
than:0.006302208291715688
the:0.0049807467620422005
major:0.014433603404043139
put:0.010957970482584931
just:0.005173517900730775
here:0.007931281522570027
people:0.006631159207370562
about:0.008678556654818252
worry:0.019367238021386447
is:0.002367159708287788
deal:0.014521211417447178
clinton:0.03229212588960734
match:0.02108746518578293
guys:0.017113108852384366
maple:0.024838800806740384
new:0.015189423479150194
right:0.00854569865105859
gave:0.016351867458316707
detroit:0.020922247584644366
keep:0.011671429886017274
tonight:0.021407461589483246
lot:0.010918737393239607
paper:0.016989640516460774
fans:0.10871367276336895
every:0.01071431069135417
leave:0.015564678961649854
players:0.016351867458316707
three:0.012856775358909573
bad:0.012073132364521516
s:0.00546639895027329
