another:0.02359048223817637
thumbs:0.06573977400416368
since:0.0212853364191881
out:0.012533798926387871
louis:0.050140443485084674
there:0.009763606229544121
cup:0.04658796380314279
scheduled:0.05442247429583715
to:0.0029323386384911294
playoffs:0.0488944290463888
randy:0.10669758862167514
that:0.003690474738664647
cubs:0.05878310945728427
saint:0.06098113338667789
re:0.0039780904550869205
charles:0.04378992186099825
espn:0.21271971557712518
contact:0.03702204573383583
game:0.09485135450778151
on:0.005393710906800957
came:0.032114114175297304
astros:0.06926484991857265
a:0.002971285374141266
other:0.01467348923225437
hockey:0.04183301870723942
wings:0.04861809408465198
was:0.02825939789685273
baseball:0.07972927319337889
stanley:0.052609155346490646
l:0.14063662037248353
no:0.0119760184700267
z:0.05309649083618527
reason:0.028427786425622634
it:0.0036473981887231058
leafs:0.053013702108078306
only:0.014186555726269005
between:0.02471133878772772
b:0.032562854750151506
decided:0.03969822407466334
writes:0.007034706287420876
showing:0.045681109761976736
of:0.002068516867720624
they:0.009924676856465357
up:0.014292131599493453
in:0.0018902095946222392
blues:0.05878310945728427
and:0.004061674622242445
for:0.0069223162321717865
subject:0.0002840101797023223
cec1.wustl.edu:0.1337819647028004
showed:0.045476126582552505
joseph:0.04344892158131651
the:0.00481118942546204
see:0.018823252780969957
got:0.023533551293942277
because:0.018773641477601213
joe:0.04233477900981847
instead:0.03263547139983661
e:0.09928371370384553
move:0.03762579910184061
evening:0.056494690525189115
1:0.020835360552390516
nice:0.033614249539944234
show:0.032022007124838645
article:0.008620562556559585
u:0.040230249825457615
by:0.010536547604437937
s:0.01980115789966016
