another:0.05156989140438555
thumbs:0.07185510181850449
since:0.023265367713996295
go:0.02262130525342008
out:0.013699733710237905
there:0.010671848669501714
option:0.048728037468050954
much:0.020316242669301526
cup:0.05092172787785375
to:0.004807671488688945
playoffs:0.05344274802744822
cubs:0.06425130568586886
nt:0.016606477947033453
re:0.004348145381141518
so:0.011881518574243256
charles:0.04786340296434692
espn:0.23250759609592753
game:0.06911649088163925
on:0.011790902912541626
m:0.01591645014088456
astros:0.07570809177146312
a:0.0016238420067981338
other:0.01603846497478966
wings:0.10628141497575085
was:0.02059211939770664
baseball:0.08714594976950717
stanley:0.057503030262443265
lets:0.05387923546139083
play:0.03723160735791211
it:0.007973382086976092
not:0.007010581495069359
leafs:0.0579452092809228
have:0.0059447745714843354
between:0.027010067977283784
decided:0.0433910821281204
credit:0.05619145474912531
writes:0.007689097569971655
showing:0.049930515321230384
were:0.01803841043572441
of:0.0022609370414620775
but:0.007735851421516398
they:0.02169580522111032
up:0.015621632213399822
good:0.01883732385301743
in:0.002066043045284773
and:0.004439504819660347
subject:0.0003104297313025383
cec1.wustl.edu:0.07311339931432115
games:0.038719421995450296
any:0.011898689142893108
joseph:0.047490681728415717
the:0.0035058279534374557
see:0.041148506079329676
got:0.025722718856169464
did:0.01911524469119727
eric:0.09274484837950246
instead:0.03567132920447257
move:0.04112587343689555
1:0.022773533627031495
too:0.02270369613795926
nice:0.03674115647389253
late:0.04481556960036243
show:0.035000798485288746
article:0.009422475352518616
give:0.027479491527395428
by:0.011516691567641466
