looks:0.02297386224412007
at:0.01182503372422055
behind:0.02367612349663556
rick:0.032299748195493944
camera:0.10447932991335925
miss:0.03238805748796046
surprised:0.02953478316778013
work:0.013591090362351031
my:0.006377276921679874
to:0.0018499317585111822
mom:0.0801597233773576
been:0.009847250920949256
that:0.0023282189626474955
guy:0.022727051992945432
puck:0.07399150419106983
like:0.007816369553749484
along:0.023449405443900905
re:0.002509667803880339
charles:0.027625856744522385
abc:0.036908020004478855
this:0.003523372069606839
getting:0.018202695115601922
these:0.011118362235563372
game:0.01994636985174824
on:0.006805487587104563
particularly:0.026960404665373035
beat:0.02916733004850893
more:0.017066027192224508
a:0.004686255455860386
same:0.013034183560594714
hockey:0.026391300392486616
series:0.0240761769179038
looked:0.025000021506575064
was:0.023770768700708336
said:0.029416172196824592
andrew.cmu.edu:0.0546950255936545
are:0.004314841487256547
corners:0.03804505458137849
play:0.021489384112620413
not:0.008092751792965971
have:0.0034312121687761934
boards:0.031398083413406164
ve:0.012249219456559962
pitt.edu:0.03313976928914499
always:0.017831920120796693
doing:0.017991294665539028
b:0.020543009037008335
without:0.015081949562432851
writes:0.004438002624278942
were:0.010411431526659725
of:0.002609940745848841
even:0.011269526495073998
losing:0.03304107031337522
but:0.0089299761375894
they:0.006261205533609018
who:0.017356414419246284
up:0.009016512552700568
good:0.02174509867596643
one:0.01979820619682461
in:0.00476992488307357
point:0.014775409135973562
and:0.0038435981324576158
for:0.002183549415517275
subject:0.00017917420732898185
i:0.00640599688742936
experienced:0.03427450975923851
back:0.028273244564664932
pretty:0.019315570851809575
than:0.009601350887378934
joseph:0.054821458102600695
coverage:0.0931845230519204
impressed:0.034762827573214534
the:0.008093992053573723
fan:0.053685315241472124
hits:0.033239941438250195
maybe:0.017771228740552508
people:0.010102504295792734
is:0.005409515977664373
guys:0.026071649056988264
show:0.04040360630516553
slot:0.03421589445743478
article:0.005438475706822825
little:0.015740528200660832
complaint:0.0400798616886788
shots:0.03289569114034717
before:0.014269760182702311
close:0.02332156520919826
by:0.006647217951793061
mike:0.021445718315152372
while:0.014566057086433036
check:0.022210144728776436
range:0.026842657620736062
s:0.00416400188493972
