cs.rochester.edu:0.1103489063641319
boy:0.04048957772428418
know:0.011016742193377694
all:0.017036925547255197
fax:0.02730931553467312
with:0.01566501902114859
from:0.015117361686253135
name:0.02466279023062724
everyone:0.027299221049224137
us:0.01839175344808032
been:0.013100360600191421
nt:0.012751402709329259
re:0.003338754489090808
abc:0.09820169608334552
espn:0.08926630921540074
comments:0.032892901910974104
this:0.004687343199744812
something:0.017773761760388595
certain:0.029431383855004545
on:0.004526864511065088
you:0.009924981953727175
tell:0.021518080835914756
etc:0.020735035602305673
state:0.023729583811969785
why:0.015890380179946484
a:0.0024937573675828484
air:0.034411955228849725
hockey:0.035109854986433084
coming:0.031041338882049952
cohen:0.05389676707813137
science:0.030193144876493886
starts:0.03993269977136937
computer:0.023934847367547456
are:0.01148056038573617
early:0.031274474096368576
it:0.0030612091941068925
made:0.020764103142125012
uucp:0.03780025542264351
pitt.edu:0.04408772878645181
university:0.020985179478559407
whose:0.033417691522330074
has:0.009506914945415633
blue.cis.pitt.edu:0.05332053028226019
writes:0.005904128491228235
dept:0.03663667402090892
of:0.010416459941021713
even:0.014992495069339515
rutgers:0.047609293714323056
year:0.02209607782330046
saving:0.04713171617011783
who:0.023090229897033004
george:0.10666912979612055
in:0.0031728518195444726
or:0.0060206380152061185
and:0.005113358229787364
for:0.002904900561714946
subject:0.00023836568653587764
p:0.030054714639565622
rochester:0.14985549536977696
we:0.012033427729589017
any:0.009136493449007207
coverage:0.08264579723057226
the:0.0033649687945939864
do:0.012827105694758869
did:0.014677777173597905
ends:0.04224207691218294
bought:0.03270610490061125
ny:0.037510654746276066
just:0.010485612173802552
during:0.026146156337522056
n:0.03268763835539644
interests:0.04395642389904382
is:0.0023988627400952133
production:0.04285424362144452
time:0.028205535176852026
article:0.007235115002826795
advertising:0.048113867020245754
already:0.025944520725869207
sales:0.04320673300513905
s:0.011079219301000327
