another:0.02359048223817637
thumbs:0.06573977400416368
since:0.0212853364191881
believe:0.02311353064181213
cs.rochester.edu:0.13147954800832737
out:0.012533798926387871
tried:0.032956000564219906
fax:0.032538758934929676
cup:0.04658796380314279
surprised:0.04681577331914084
to:0.004398507957736694
playoffs:0.0488944290463888
cubs:0.05878310945728427
indeed:0.03923662030324059
through:0.02520705631941305
nt:0.00759658033747275
could:0.016054352716234652
me:0.011527539153239837
re:0.0039780904550869205
charles:0.04378992186099825
espn:0.15953978668284388
best:0.025906128510228024
game:0.06323423633852102
on:0.010787421813601913
m:0.01456185863953268
astros:0.06926484991857265
a:0.002971285374141266
wings:0.04861809408465198
was:0.00941979929895091
baseball:0.03986463659668944
stanley:0.052609155346490646
science:0.035974810916673566
computer:0.028518116012396972
race:0.04649818860478253
it:0.0072947963774462115
not:0.006413936261446435
leafs:0.053013702108078306
uucp:0.04503860220570291
university:0.025003618102113337
between:0.02471133878772772
decided:0.03969822407466334
writes:0.007034706287420876
showing:0.045681109761976736
dept:0.043652207344061694
of:0.006205550603161871
short:0.036840190059800715
rutgers:0.056725966978767896
they:0.029774030569396072
find:0.02251539082631266
up:0.014292131599493453
george:0.12709513337410108
in:0.0018902095946222392
and:0.004061674622242445
subject:0.0002840101797023223
cec1.wustl.edu:0.0668909823514002
car:0.032538758934929676
i:0.0020308373111212227
rochester:0.1785512285256917
joseph:0.04344892158131651
the:0.00240559471273102
see:0.018823252780969957
got:0.023533551293942277
instead:0.03263547139983661
ny:0.044693546080669354
cars:0.0406603941826756
move:0.03762579910184061
their:0.016103017218954404
1:0.020835360552390516
notice:0.04295707908089941
nice:0.033614249539944234
show:0.06404401424967729
article:0.008620562556559585
by:0.010536547604437937
