reached:0.04603535221281941
out:0.023101511746675685
know:0.01209681495743433
situation:0.03455031655661371
watch:0.0376878807899446
hand:0.030953327994634055
ron:0.16616856220490334
francis:0.16251800849955064
my:0.027947478274420626
to:0.00810705388288724
then:0.031291771564231435
us:0.02019486653122545
think:0.014115176740476031
nt:0.014001540229851735
re:0.0036660833605702994
barry:0.05155032278284766
had:0.03008644089572814
this:0.015440659952100559
he:0.04676862375059515
bell:0.04375689263706444
two:0.018282249339738346
went:0.031984914365059645
a:0.0027382433840125392
answered:0.047642095890320556
daughter:0.054172669499850216
bonds:0.05353993890046226
not:0.005910882437019264
party:0.04161449454433978
stayed:0.054304267738400615
his:0.018082637661816243
be:0.005671188795465405
of:0.00571884075193349
but:0.006522384531866767
george:0.039042295873089876
over:0.01966608580901331
in:0.003483915723421382
door:0.041470316628754535
proceeded:0.04737710890612526
and:0.005614667860158675
incredibly:0.05165087670605539
subject:0.0002617348714903755
car:0.029986699410621466
i:0.005614667860158675
person:0.02750190626542991
house:0.03370462690676658
mention:0.03700661582624434
the:0.0036948676960247696
do:0.007042332538298987
would:0.00914362398141545
because:0.017301199008769745
mr:0.033107408610621704
friend:0.1362038988114826
an:0.00880292292707585
introduced:0.050780993219695744
andy.bgsu.edu:0.05834588337657261
is:0.005268090723346351
himself:0.03669393578922518
break:0.03847261321811653
drove:0.05175247265738429
nice:0.030977837811321157
little:0.02299351668527906
christmas:0.05940108596669384
mine:0.03201214749803908
while:0.021277867704691394
s:0.012165417271686633
