ask:0.020240017946919216
attitude:0.030530298825380022
ever:0.01835709761687403
where:0.012829561098845567
your:0.008749529320703211
with:0.01624520491082076
ron:0.029425682890451634
though:0.017260723622296387
previous:0.024119440414533375
francis:0.19186153781196952
post:0.01793456808632764
to:0.0028712482501892307
player:0.0539897643480028
matthew:0.029765780144593714
100:0.023461889575215774
think:0.009998250191170522
through:0.01645460620850574
me:0.007524921391698226
generally:0.053704854072543044
re:0.0025968090470706285
penalty:0.03365200089414526
complete:0.051433553476316354
had:0.021311228967807433
this:0.0036457113775792984
he:0.022085183437781045
arthur:0.03710618564021367
hartford:0.042737645475049275
none:0.025156321058481205
a:0.005818767191026646
j:0.02120922680228377
as:0.005556348334840405
season:0.07952571726449413
coming:0.024143263574927742
also:0.010302063414441433
pens:0.03488068636747219
ethical:0.04147152355286904
minutes:0.027674772555816483
uniform:0.038655793635451234
cheap:0.025807161238936442
it:0.002380940484305361
not:0.004186875059555312
rush:0.035464596903656505
have:0.0035503514801920335
tons:0.04027811899087835
always:0.01845108401387991
101:0.04027811899087835
virginia.edu:0.06675205277926949
points:0.025452474225489113
has:0.01478853435953543
love:0.02272373222348228
his:0.01280853501045317
highest:0.032771780716095655
be:0.0040170920634546615
writes:0.004592099937621961
certainly:0.021359425536497504
of:0.004050845532619555
tremendous:0.041767076430777345
even:0.011660829498375177
but:0.00462002237673896
forgot:0.033331078372234625
whalers:0.04386624915211716
nearly:0.02979264456666261
who:0.008979533848846168
good:0.011250068412218744
in:0.007403320912270436
heart:0.027576268146150117
point:0.015288444175417087
or:0.004682718456271426
total:0.025423718720863898
and:0.003977056400945728
few:0.0158724132007381
capitals:0.039694208454694034
subject:0.00018539553397234928
i:0.003977056400945728
skills:0.03801147604204175
mention:0.02621301954358974
ways:0.024780127647771488
hunter:0.04015734299982371
the:0.0026171979513508786
when:0.009081072519748165
agreement:0.034290455722795855
got:0.015362179316878985
would:0.012953467307005223
last:0.015140017722635402
an:0.00623540374001206
here:0.012502784066829139
many:0.012869451580403425
different:0.01755011734730033
is:0.0074631285247406635
either:0.017385852132731652
center:0.022684936343561172
lot:0.017212176307398547
dale:0.03351264281740353
1:0.013600860360588253
him:0.016642467384467414
article:0.005627311668865285
very:0.01210585063738505
davis:0.034394106071522774
full:0.021455989471689255
shots:0.03403790263827589
before:0.014765237966823918
s:0.00430858528372235
