some:0.0075814082800867155
mark:0.019504051716183055
know:0.008012176140638323
chris:0.02491394313583961
ever:0.017165078291102993
with:0.007595160737526589
ron:0.02751492426120153
floor:0.0319210825802846
edmonton:0.03680982553652854
francis:0.03588059927912157
trivia:0.039054928610597006
clark:0.03256354977414761
ext:0.03546151797303345
to:0.005369607117237003
montreal:0.03201587997912325
design:0.024436150697567813
mom:0.03877856747800742
been:0.019055069963914796
guy:0.02198916069447318
think:0.00934901316576984
pittsburgh:0.028717957163952906
updates:0.038513489591512254
nt:0.009273747424966734
toronto:0.026085066851562224
re:0.0024281850829751335
michael:0.019511007803075905
so:0.006635133749252728
he:0.08260432246858365
on:0.003292265098956428
you:0.0036090843468098823
inc:0.023772827894833776
communications:0.02739664218398503
a:0.0009068208609392176
how:0.008541318163825484
other:0.008956545375531888
was:0.06899697148841966
season:0.0247872365499722
also:0.009633098257659524
buffalo:0.03327663331964895
andrew.cmu.edu:0.05291921307438001
town:0.02892226410847099
team:0.04160031907395451
are:0.00417474923117679
daniel:0.055565973963614804
not:0.0039150000556880836
should:0.010667611313204414
traded:0.2409002554659559
royal:0.03964565444310172
has:0.006914119960302279
his:0.023953623915652686
be:0.0037562419294641
writes:0.008587823259968343
captain:0.25561784987931485
of:0.007575607229833973
wayne:0.03034166498365507
whalers:0.0410177914149667
they:0.0060579196396606735
who:0.00839644723528473
title:0.027280476179109867
in:0.002307528596032344
or:0.004378645829240814
thoughts:0.02788327478977801
and:0.003718805985299901
for:0.0021126549539745064
subject:0.0003467137258703675
winnipeg:0.0338839453846543
i:0.0024792039901999343
oilers:0.037777589037570676
appreciated:0.021978974799845733
we:0.008751583803337468
any:0.006644722508368879
the:0.00244725003243199
nhl:0.027708774671264393
when:0.05094835491598971
l.a:0.039054928610597006
would:0.0060561665331453
peter:0.02390839662873998
did:0.010674747035343931
forget:0.02492995672347074
just:0.007625899762765493
during:0.01901538642728877
quebec:0.0682874405694865
about:0.006396208963129036
dale:0.0313364971799098
strip:0.034842620701576794
too:0.012678687453665563
chicago:0.027420126862362875
e-mail:0.017855167380858874
article:0.005261901820237669
while:0.01409313315505534
s:0.004028807018545574
