say:0.3162574957112572
islanders:0.9060635258761299
subject:0.004449492815336383
i:0.03181645120756582
fan:0.6665926642482789
isles:1.0386970816461347
