some:0.005586300837958632
at:0.00843028720052087
out:0.011274422000769951
folks:0.017718736125812335
there:0.004391287012330849
know:0.005903708735207186
watch:0.018393128423800715
cnn:0.024874208150141915
with:0.0027982171138255852
previous:0.016618179041592372
loads:0.02712302934270524
from:0.004050584949426677
both:0.010744995609130325
to:0.0013188508709003166
hardly:0.02089299928511733
everyone:0.014629247643603365
then:0.007635791147252646
teams:0.019789426496517496
calls:0.0191784194519542
that:0.004979492231116892
choices:0.02456253684788851
updates:0.028378360751640606
nt:0.006833287576291277
could:0.0072206179680672595
toronto:0.019220575574835322
re:0.001789189008507993
so:0.0048890459205020095
national:0.01557021016740437
phone:0.014054292469902243
had:0.007341667395608302
30:0.01637849509269804
la:0.020853126646078364
he:0.015216585717896988
two:0.017844874953620204
game:0.04266041781689695
on:0.00727763863979842
great:0.024126800849116524
etc:0.022223196052231917
them:0.007013680246565746
m:0.006549352689550584
why:0.008515419043799074
a:0.0020045513768130073
hockey:0.01881485051904548
was:0.004236656144025768
said:0.01048566903666714
odd:0.023251166415371755
let:0.011029367190204902
ice:0.02238427956266755
canadian:0.02321850629541769
course:0.011704075597607746
far:0.011910899866609577
ontario:0.04544832728913178
no:0.005386343235323014
those:0.008879979207117512
d:0.008716958001803997
care:0.015148406417578454
missed:0.020793933862334118
should:0.00786034517815062
leafs:0.09537393297912652
have:0.0048923503650493095
shift:0.023186067601707737
ve:0.008732697124533178
moved:0.021333039903023657
ring:0.02384348324478163
second:0.013156439122738117
west:0.039023055499867836
heck:0.02369737451817837
adams:0.022170403108514886
cbc:0.09199684016319455
be:0.0027677572111840733
writes:0.0031639348852514943
get:0.012577741390345667
of:0.003721350919918443
totally:0.019710599524251925
seen:0.012404138232642836
what:0.008808058401881638
but:0.01273269324881168
vancouver:0.023590648405669764
double:0.021139475526505407
must:0.01108832740420812
they:0.017854921043210403
who:0.006186855857578221
loud:0.025896093797501046
cares:0.024229554590476092
up:0.0064280400495329406
cheaper:0.02109750430127652
now:0.015807793281131525
good:0.007751243307940187
chance:0.017201232191447865
rings:0.027349119700841824
one:0.004704836879309198
in:0.0034005684573108225
southern:0.02418951511836836
system:0.010694843680586244
better:0.01069959747034164
and:0.0045669547187893525
gets:0.015968020776999062
for:0.00622677249592486
subject:0.00012773663584697749
half:0.018093987959775196
i:0.005480345662547223
bure:0.02944603324596697
than:0.006844982211576369
the:0.005770357971208061
do:0.006873855683315757
sfu.ca:0.02792233118319886
scores:0.049656842606349366
less:0.013152466777972618
canada:0.01780195020577343
would:0.008924876996214125
because:0.01688729472626329
crying:0.02877731581833463
ends:0.022636902460117174
thought:0.012844911029625419
here:0.008614358400111943
people:0.0072022638281010395
is:0.0038565448835980467
today:0.013584336199992119
east:0.019481623346368503
maple:0.026978027670478785
figure:0.017667452794616043
exception:0.023806535655815548
talent:0.025619445132961213
too:0.009342190755332519
nothing:0.01222419139474119
every:0.023274148583132977
show:0.028804484877845284
article:0.007754381629823933
freenet.carleton.ca:0.05313532020452289
says:0.01225371648051468
s:0.0029685946452441066
news:0.029367239389123622
