penguins:0.04683522075116811
your:0.02270148148074347
compared:0.03714223987309569
devils:0.045546023961612496
feet:0.039568125666264255
to:0.0037248625948400837
everyone:0.027545159977595525
that:0.0031252668958060975
bowman:0.1691778774071601
pittsburgh:0.03984293156079952
bit:0.024550308090591888
could:0.013595577975910426
re:0.0033688333583618965
ps:0.04059065155693437
game:0.02677485682802241
on:0.009135294148455674
you:0.015021594308343834
great:0.022713970168762854
m:0.012331664073117766
a:0.0037743354752605273
mario:0.04942695113361659
sorry:0.028625375538185806
was:0.015954254668493435
also:0.013364839024140238
gold:0.04657902313566781
andrew.cmu.edu:0.036709724384930274
cheap:0.10043868157856346
those:0.033439921698874955
it:0.01235515062126025
not:0.005431621698882567
should:0.014800109389490806
have:0.009211722759417168
made:0.020951167134396407
only:0.012013839984407988
amazing:0.04415727909830386
able:0.023760947982979
robert:0.02878749575637571
annual:0.045471259972290914
stayed:0.04990121900285462
coach:0.04592944391133138
knew:0.03497382939547531
stick:0.07615007756494525
were:0.02795141076526665
what:0.016584542396335698
but:0.0059935425427964885
up:0.012103246579751212
in:0.0032014360701709994
and:0.0034396163467638723
for:0.005862141674091423
subject:0.000240513125153318
i:0.005159424520145809
will:0.010209958062191752
later:0.02878749575637571
the:0.0027162270630236144
do:0.006471332602761231
come:0.021632375445670347
mr:0.0304230241286794
just:0.010580077148341315
about:0.008874019642539383
guys:0.034997078463885146
white:0.03062134365604137
time:0.014229819548682104
talent:0.04823841470980985
1:0.017644359386709087
notice:0.03637806696941031
guess:0.026992407774195076
nothing:0.02301672073424242
nice:0.028466121232024848
already:0.026178255146822985
saved:0.04174427251963614
shots:0.13247183729491158
going:0.019619961117564706
by:0.01784568423093993
high:0.050402231092640026
black:0.03179776897517061
s:0.01676854813124374
