defense:0.020653718674988872
corner:0.051594294525386615
where:0.009723456832809271
episode:0.03213384623282981
with:0.006156077650416288
way:0.009117751681823912
user:0.019903386755752712
ca:0.010823939979433268
times:0.01479197969206856
from:0.004455643444369345
gerald:0.026652510049523702
both:0.011819495170043357
to:0.0007253679789951741
player:0.0613778373640453
next:0.014096736967100922
december:0.02674171825117514
been:0.007722317827481259
that:0.0018258138180761937
pittsburgh:0.046553320034197335
like:0.012259358563249192
nt:0.0037583081669602027
its:0.010883287137021948
sarcasm:0.030714564301518747
re:0.0019681079093587924
started:0.017259183557836344
complete:0.019490609738393568
this:0.0027630654651127316
he:0.016738244289686687
best:0.025633432420646675
roll:0.028361858454039605
two:0.009814681224491112
on:0.008005402503778262
you:0.002925257838993273
great:0.01326974046701409
etc:0.02444551565745511
score:0.02539905560897952
a:0.002205006514494308
j:0.01607436136594138
was:0.032622252308998415
as:0.004211127159036939
season:0.020090707519451148
said:0.011534235940333853
baseball:0.019722504421520043
cherry:0.09396758059595378
local:0.03217245738858897
gilmour:0.12363807345197707
allan:0.025949713246236742
andrew.cmu.edu:0.04289241480765537
those:0.009767977127829263
play:0.016852201225160218
recognized:0.02631007008453917
it:0.001804502261789326
not:0.012692842285809787
leafs:0.026227831569259796
clip:0.061819036725988534
couple:0.01661048312976062
have:0.0026907927007771204
made:0.012239892378515796
being:0.010241073315395517
only:0.014037223560729332
second:0.02894416607002386
earlier:0.020768139657285748
19:0.02156261690516252
has:0.005604076178350268
his:0.009707521271080297
coach:0.05366492920166087
be:0.0030445329323024804
which:0.006799433329039567
writes:0.0069606567475532875
hitter:0.027782906373964196
were:0.008164754197222627
of:0.0010233715029775718
what:0.004844432121034901
but:0.010504471930269635
particular:0.01784763920044109
who:0.006805541443336043
good:0.008526367638734206
in:0.006546094280323333
point:0.01158703137505295
golchowy:0.028742493514985003
world:0.01326974046701409
weeks:0.019160867817542684
and:0.0030141901144009726
for:0.0034247248727586736
subject:0.00014051029943167525
half:0.019903386755752712
doug:0.022745470971888348
don:0.09386537557330409
bure:0.032390636570563666
the:0.0031736968841644337
nhl:0.02245869104934061
can:0.004550347328619544
meant:0.021429785681005353
olchowy:0.02854873576170755
last:0.034423619243044705
an:0.004725779676640719
gretzky:0.030619730062030965
people:0.007922490210911143
remarks:0.05904204103077656
many:0.00975368961883207
about:0.005184295685904587
is:0.0014140664573192836
night:0.01762018340307381
time:0.008313210367914282
their:0.007966755887272178
runs:0.019746265897070184
alchemy.chem.utoronto.ca:0.028485703177251152
1993:0.01594555685794809
lemieux:0.11748253737852037
article:0.004264909896403163
players:0.019536178489673116
diagnosed:0.029835332276975764
shown:0.06520054100544732
april:0.017906072957305855
before:0.02238099228655415
by:0.010425636577022801
summary:0.022641246617697928
s:0.016327270548842587
news:0.032303963328035985
james:0.018208388250721196
