looks:0.024805112133144135
at:0.006383804438075587
rick:0.034874365805279695
take:0.015403979205331184
with:0.004237879541953242
miss:0.03496971424424716
gerald:0.036695484850793506
my:0.013771221178700018
us:0.01492664047960142
day:0.01842973214320922
teams:0.02997094302733447
been:0.010632176718995936
that:0.0025138016335831655
guy:0.024538628601078763
like:0.008439413503686037
nt:0.00517448225885825
re:0.0027097137882476125
charles:0.02982791778937562
abc:0.03984996362802427
national:0.02358097047092401
this:0.0038042205679088333
he:0.02304540880464109
goal:0.030392218582317585
these:0.012004608500716975
sunday:0.03237552170171643
you:0.0040275289087588545
imho:0.03137443229243515
bill:0.04486251993756112
a:0.005059797557414475
same:0.014073140221221829
hockey:0.02849495477159787
looked:0.026992776844055686
was:0.006416385029720186
as:0.011595857394449542
said:0.03176093954584684
danny:0.039756460694430736
personality:0.042157599360767274
andrew.cmu.edu:0.059054774010540004
team:0.023211772236916648
are:0.009317556255090224
beside:0.04374230371558488
dick:0.10972412732444112
d:0.013201769727369823
not:0.008737826211245869
pleasant:0.08716607255118751
being:0.014100028477718464
ve:0.013225606514691552
color:0.026772696424662217
grew:0.0405406171048672
terrible:0.036695484850793506
always:0.019253305057961648
doing:0.019425383370763154
has:0.00771575705714892
knew:0.028131123644186663
writes:0.004791756456649003
of:0.002817979500952734
even:0.012167822085261055
opinion:0.02398051858396876
but:0.0048208929148580455
york:0.02726932759003944
who:0.018739896728026787
up:0.01947044015003456
good:0.02347840364289129
over:0.0145358025544881
one:0.007125441360692916
in:0.0025750681433984127
point:0.015953159139565656
jersey:0.037070381042091975
golchowy:0.03957299831773298
or:0.004886314910891923
and:0.00276664793109268
subject:0.00019345620936245142
i:0.006916619827731701
example:0.020372167708390614
rangers:0.03381848311555945
any:0.01483025023606967
pretty:0.02085521780376541
coverage:0.03353742496313078
the:0.0027309891666270035
wrong:0.019155232295868557
do:0.005205202310916642
fan:0.05796457949985034
because:0.01278784274561242
did:0.011912398865528735
olchowy:0.03930623039655388
last:0.015798279362749985
friend:0.02516811173690439
long:0.017248632210931775
is:0.00973451546705304
involved:0.026093312587433824
guys:0.02814982398182066
new:0.02498550094034126
alchemy.chem.utoronto.ca:0.039219446403461734
first:0.01360546977819595
almost:0.021898499494670782
although:0.022896662730106942
article:0.005871977393598558
mike:0.023155159630128288
mine:0.023661152498550626
john:0.019431002895520622
include:0.024358864298873927
s:0.004495915078666799
