read:0.058128283638408246
thanks:0.051112478074773406
your:0.032305954414904164
to:0.0035338440002328996
matt:0.2517244343277098
everyone:0.0783977630131565
day:0.06521289835289415
that:0.01778998079151163
playoff:0.11937729735077636
me:0.027784325138578068
lost:0.08985913652097051
on:0.01300022628818692
you:0.02850251227737035
posted:0.08752258780722809
a:0.0035807798098625512
other:0.0353668714828695
sorry:0.08147222268560575
doing:0.06873597192731577
list:0.14931428702161947
wasting:0.14496014514088734
stats:0.1190923941347489
were:0.03977700762749485
of:0.004985656040147145
mailing:0.11317319932222031
please:0.09822642855924384
george:0.10211061997577352
for:0.008342278536207025
subject:0.0006845373562055973
space:0.0783977630131565
i:0.004894838647317819
the:0.0019327000256129563
put:0.06378100768068665
address:0.08186721420342591
andy.bgsu.edu:0.152596925754113
