say:0.01621833311339781
there:0.007844264833992714
take:0.018168795985775244
gerald:0.043281853926576956
to:0.0023558960001552665
puts:0.04220363781267183
bay:0.04096790081428629
toronto:0.03433419055675712
re:0.003196072673317697
effort:0.06944199806373852
this:0.004487029387789906
you:0.014251256138685175
regular:0.034590108134663775
tampa:0.05350069627405918
am:0.013968686809413383
burns:0.11853191224212072
a:0.0071615596197251025
series:0.03066111419459544
wings:0.0781213819479878
old:0.022631735746515592
season:0.0326259352879976
gilmour:0.050194944350161634
jake:0.0464647961987759
lose:0.03593799771954946
pat:0.10392667260573794
are:0.016484907220544243
reasonable:0.031951343334239726
it:0.002930388288375829
not:0.010306153992751537
leafs:0.1703688204498927
miracle:0.047817138123689526
only:0.01139774562623322
credit:0.04130312058482716
writes:0.005651815307842414
down:0.020208252794471436
were:0.02651800508499657
if:0.017183344096497674
of:0.004985656040147145
short:0.029598101415566392
what:0.015734053042677457
but:0.005686181386755643
in:0.004555889792166422
become:0.028309596365770497
leaf:0.052816570567447756
golchowy:0.04667584416963377
or:0.005763345792334063
and:0.004894838647317819
for:0.005561519024138017
subject:0.00022817911873519915
doug:0.03693708961246826
i:0.003263225764878546
contest:0.05159348643376679
away:0.023666526378834794
the:0.005153866734967884
do:0.01227893878472644
would:0.0079713644966186
can:0.014778905853636127
hits:0.04233120747264342
olchowy:0.046361194826704574
pray:0.042395713503715064
an:0.007674343064630229
during:0.025028799229080946
lazy:0.05178556212481002
is:0.004592694476763486
win:0.028969875244686683
detroit:0.040592736766788644
lot:0.02118421699372129
their:0.012937466825484736
deserve:0.043210330425119556
unless:0.026308217314021297
alchemy.chem.utoronto.ca:0.046258834219467686
nothing:0.02183637608120435
article:0.006925922053988043
going:0.018613809265381902
four:0.029983300436093797
