thumbs:0.04203767861490739
at:0.01198591853679498
louis:0.03206259651427183
there:0.012486788919416972
know:0.008393708337811577
previous:0.023627206936685755
followed:0.03023767143539646
times:0.019118885316279092
mentioned:0.02391267767885604
from:0.005758994928096432
clark:0.03411419500148797
my:0.006464042594083682
to:0.0018751008980827629
bet:0.029344702823194624
100:0.022983075502252186
that:0.004719790822237779
nt:0.004857677222601622
saint:0.03899473835610695
re:0.005087625888138375
so:0.013902184998434286
charles:0.028001718741046497
espn:0.06801242606887675
contact:0.02367396121755488
game:0.020217749033404675
on:0.0034490396274781624
you:0.015123782024727125
took:0.02296191616609986
a:0.0019000056133964558
other:0.018766095072543003
hockey:0.05350073140789803
classic:0.034800765876249605
was:0.012047090259882797
seth:0.04239579925086264
season:0.02596758114758992
said:0.014908196113356682
baseball:0.10196668952622606
wife:0.027489673654040613
anywhere:0.02875053948880586
l:0.08993090010213232
are:0.004373546813613779
no:0.007658134259744965
z:0.03395285808572391
hoping:0.03256363671546071
it:0.00233234986217668
feed:0.03389991835482559
have:0.0034778953275350533
ve:0.012415875503587987
b:0.02082250575860028
shows:0.026287174405577627
glad:0.03155846064928052
be:0.0039351105927719135
writes:0.004498383612364369
watched:0.03389991835482559
were:0.010553083656274144
fill:0.03287391230220937
if:0.004558846392948362
of:0.001322725071875773
available:0.018374583862681836
what:0.006261510904738987
but:0.009051472411570206
pete:0.035365370771290205
they:0.025385568013816154
up:0.009139186192873365
in:0.002417410910129122
gon:0.03252044469043582
point:0.014976435110612658
or:0.0045871527734903765
blues:0.03758919924479403
and:0.0012986306615332987
for:0.006639772712491305
subject:0.00018161195164638296
each:0.017319791818779694
cec1.wustl.edu:0.08554765089838938
showed:0.029079972100407723
i:0.0025972613230665974
we:0.009168325889210679
back:0.014328957279371004
room:0.027129445444344254
games:0.06795653656344337
schedule:0.03468141683100533
joseph:0.027783664140433685
the:0.0030765428979145017
would:0.0063445554156760274
can:0.005881401309100091
did:0.01118306832274126
na:0.029648322918574003
joe:0.02707121923076827
instead:0.020868940895133616
last:0.014831037769112229
e:0.06348754481742504
is:0.0018277049448344482
night:0.06832316013436784
else:0.017187430104340522
time:0.010744965781657916
break:0.02669528264114208
every:0.03309045614880811
show:0.02047665761724376
slot:0.03468141683100533
leave:0.0240352525462212
article:0.005512468573582319
u:0.02572546587478242
by:0.006737656291273239
rain:0.03866814502830857
sometimes:0.023840179076992176
s:0.008441309943619297
