thumbs:0.12359077512782773
thanks:0.03986773289832326
with:0.011696547535790946
to:0.011025593280726647
everyone:0.06115025515026207
that:0.0069380925086895365
like:0.023292781270173465
nt:0.01428157103444877
its:0.0413564911206834
re:0.0074788100555634104
espn:0.29993479896374653
game:0.1188803643164195
on:0.010140176504785799
why:0.03559445160308013
a:0.0027930082516927903
hockey:0.15729215033922023
was:0.05312766804608313
no:0.022514914723650196
it:0.0068571085947994395
not:0.012058200171519299
craig:0.09129971486581032
allen:0.08908057345409065
be:0.011569225142749426
they:0.018658392490154874
up:0.026869207407047693
subject:0.000533939137840366
i:0.0038179741449078986
coverage:0.09256329289824095
the:0.004522518059934318
see:0.035387715228223524
last:0.04360325104118996
just:0.02348777126931772
about:0.01970032360643743
night:0.06695669693168049
matter:0.06041806023801085
carried:0.09001532301112444
almost:0.060439858605291365
supposed:0.07297390022832721
by:0.01980870949634332
