manager:0.033563233674475196
much:0.014933306577435312
cup:0.037429646132439515
from:0.007235660294275006
gerald:0.043281853926576956
sharks:0.09855663177120196
both:0.019194051985540497
hair:0.04667584416963377
to:0.0011779480000776333
signature:0.042725754838140534
gm:0.1262338327357156
next:0.02289213695512116
perhaps:0.02468770544991492
that:0.0029649967985852723
re:0.003196072673317697
islanders:0.0464647961987759
on:0.004333408762728974
bill:0.026457383552920665
a:0.0035807798098625512
as:0.020515747697872268
operation:0.036801419961559806
stanley:0.04226718463735147
introduce:0.050194944350161634
hands:0.034233931242351225
uniform:0.04757636139747845
are:0.005494969073514749
27:0.037761969102902825
early:0.029937958109344284
month:0.03396413238792529
d:0.015571318139974664
have:0.00436966336023635
probably:0.020403621495976142
second:0.04700334660944046
willing:0.030563246615210864
his:0.015764350782096214
be:0.004944113308867276
writes:0.005651815307842414
of:0.00664754138686286
years:0.01905790959812302
san:0.03451252507354312
clarke:0.049878352284517626
york:0.032163822285687545
senators:0.0991461390544698
ottawa:0.04427060947358091
president:0.03218340306984614
bob:0.03148722234212906
in:0.007593149653610704
become:0.028309596365770497
golchowy:0.04667584416963377
and:0.011421290177074911
4th:0.04350008727704845
subject:0.00022817911873519915
each:0.02176076408000526
andre:0.04656966878503072
i:0.001631612882439273
we:0.011519178681315984
information:0.020844626363109103
will:0.019372740938517683
the:0.0070865667605808395
nhl:0.03647137862713433
jose:0.038973475844299534
see:0.0302459104514731
olchowy:0.046361194826704574
jim:0.028942997837169828
general:0.025200259513568815
throughout:0.03955696277702605
new:0.014735039016098694
their:0.0388124004764542
alchemy.chem.utoronto.ca:0.046258834219467686
leaves:0.04259220511247318
article:0.006925922053988043
little:0.020045629930756106
already:0.024835780523908987
before:0.018172600574552517
champions:0.048450539595088854
four:0.029983300436093797
3rd:0.03772439977407344
s:0.02121149678140234
