out:0.008663066905003382
music:0.033872488527140324
ideas:0.05289696525058045
played:0.02982502221437004
remind:0.03881435449303821
watch:0.028265910592458452
ever:0.019436926888454855
continue:0.028736810344863566
wrote:0.018938051284506333
to:0.0030401452060827153
sound:0.02537634771417964
everyone:0.022481711452302232
look:0.017435061207911107
near:0.026505704246187683
like:0.017127045051598136
nt:0.010501155172388801
me:0.007967563826504005
re:0.005499125040855449
lost:0.02576842885527831
so:0.007513313216065589
this:0.0038601649880251397
la:0.032046349036988074
on:0.007456012135871911
you:0.004086757275064131
great:0.01853860800538733
them:0.010778376261266476
3:0.017216661357629556
a:0.005134206345023511
speaking:0.030996171241399972
y:0.031348313062755956
looked:0.027389729444703564
was:0.013021487266196848
bring:0.02789240402418438
red:0.02656337466869523
season:0.02806790021099793
forever:0.03469953252292481
pens:0.11079747434373521
team:0.02355312182863601
electronic:0.03171817143389419
yeah:0.029075165030795234
it:0.0025209958069115587
rush:0.07510149932539026
have:0.007518391369818424
pitt.edu:0.07261508270709711
has:0.007829224072695228
be:0.004253391596599054
watched:0.03664182351587766
end:0.019884069136584626
of:0.007148550939916862
dchhabra:0.09205266858919005
seen:0.03812448368562284
but:0.0048917883989000755
treat:0.035483974747839035
younger:0.04168171421048085
double:0.03248639988999728
they:0.020579109364141406
zone:0.0358842336195671
up:0.009878385076120474
good:0.023823674284698518
in:0.0026129367925660364
point:0.016187764421029857
watching:0.06264123667263727
and:0.0014036669650396686
subject:0.0001963011536177816
i:0.0014036669650396686
we:0.009909881659661543
translation:0.03487672040218261
will:0.016666255072107124
the:0.006650761852844586
do:0.00528174940372424
when:0.01923050651240788
can:0.006357102885571422
fan:0.029408499893306423
habs:0.08782204987666385
long:0.01750228856697489
excuse:0.03255147059056333
quebec:0.03866274208713574
army:0.032817669477798336
is:0.0019755340212548817
right:0.014263776424928673
time:0.011614043896350835
break:0.028854459913587396
2:0.014326540824230946
their:0.011130026607218485
non:0.036472782940696044
bias:0.039371059064624216
players:0.027293190537043325
stpl.ists.ca:0.09205266858919005
skate:0.04543778497346608
going:0.01601335061801237
answer:0.022325522368594534
especially:0.022980115496303983
s:0.004562031476882488
