music:0.050072374344468304
ideas:0.07819551384868413
damn:0.046759096275680506
camera:0.11280739244268498
continue:0.04248050224892875
wrote:0.02799538015970501
my:0.010328415884025013
to:0.0014980425653161205
sound:0.03751286183835251
mom:0.06491194990883849
that:0.007541404900749496
puck:0.1198340665703196
along:0.0379778414254482
re:0.004064570682371419
exactly:0.03496068101382618
so:0.011106636928096957
abc:0.059774945442036403
la:0.04737286379380846
on:0.011021930983462824
more:0.027639544039580997
a:0.0030358785344486846
y:0.04634098452755228
series:0.03899293870399637
was:0.009624577544580277
bring:0.04123224942705517
forever:0.051294961120845375
far:0.02705845730566741
electronic:0.04688773168488706
not:0.006553369658434401
have:0.0055570718820397045
boards:0.05085124378910346
follow:0.041054264265405274
pitt.edu:0.16101605295921534
doing:0.02913807505614473
b:0.03327074289689393
were:0.016861992363829337
biggest:0.05252679465679105
they:0.010140430701171127
one:0.02137632408207875
in:0.003862602215097619
and:0.00207498594831951
for:0.0035364006838268913
subject:0.00029018431404367716
i:0.00207498594831951
experienced:0.05550980384920149
back:0.022895181739864538
translation:0.05155689102931341
will:0.02463707271528879
than:0.015550013937168055
joseph:0.08878692670964677
coverage:0.10061227488939233
the:0.00819296749988101
hits:0.053834252981513904
maybe:0.02878166393850352
people:0.016361664566012145
about:0.010706697612194256
is:0.002920354640115912
non:0.05391628782537675
show:0.0654362754290181
slot:0.05541487254519329
little:0.025492811977157217
complaint:0.12982389981767697
shots:0.05327671717295357
while:0.02359067941172307
check:0.03597077787595314
s:0.013487745236000399
