go:0.01736993081959042
correct:0.02921622714447722
there:0.008194455228367387
with:0.00522167300704953
way:0.015467614460236994
except:0.028788941241105474
to:0.0036916048931004393
line:0.1260626673574102
look:0.021171145752463486
that:0.006194725454187085
think:0.012854893102933529
like:0.010398563067041724
toronto:0.0717339338417961
re:0.003338754489090808
anyone:0.01493673883608385
this:0.004687343199744812
mean:0.023601982650266612
these:0.014791392616954844
on:0.009053729022130176
you:0.014887472930590763
them:0.01308802831725215
state:0.023729583811969785
vs:0.09151639138562523
burns:0.04127450515573846
m:0.012221559929607786
a:0.0037406360513742723
wings:0.0816089436420944
jason:0.04071336315877718
jake:0.048539117457649814
pat:0.03618875206806946
no:0.010051301215915265
play:0.02858855564982537
should:0.014667965555656068
have:0.0045647376173897575
shift:0.043266858292472475
try:0.02175347921735172
university:0.020985179478559407
usually:0.05888840611047523
which:0.011534752968906409
writes:0.005904128491228235
get:0.011735481922242164
were:0.013850922298859814
if:0.005983485890744726
wayne:0.04171978935252572
lines:0.06309253793383064
oh:0.028836751644120296
well:0.015025606340654864
up:0.01199518187814629
michigan:0.04599779035974901
in:0.0015864259097722363
pull:0.04035795020877343
and:0.0017044527432624546
for:0.002904900561714946
subject:0.00023836568653587764
i:0.003408905486524909
suggestions:0.03533032474170426
the:0.002691975035675189
do:0.006413552847379434
thing:0.020213682456472825
start:0.02515680435609386
powerplay:0.058794677361603126
marshall:0.10555847803208404
would:0.01665445796614957
fan:0.03571032129901494
maybe:0.023642081092342178
pray:0.04428837928513091
praying:0.05313642950366434
different:0.022564436589386137
is:0.0047977254801904266
match:0.04273977318904218
checking:0.13016501198605437
detroit:0.08480982503061198
triple:0.054097417576810455
first:0.016763882405277153
article:0.007235115002826795
players:0.03314173136640975
three:0.05211585725843701
lots:0.03257763403050322
before:0.018983877385916465
by:0.008843173882296126
s:0.016618828951500488
