report:0.023004413475604578
at:0.005339181893663218
attitude:0.026644624429422566
media:0.09579287735018815
ah:0.028529102821034977
your:0.007635952861704621
maynard:0.06373494453152073
continues:0.0300166743896926
someone:0.013354291604018303
spot.colorado.edu:0.032729994824428586
sharks:0.03494280580978978
trick:0.03010850351102958
to:0.005011633309421203
everyone:0.018530380348564263
that:0.004204904550720931
bay:0.08714989809584538
really:0.023653281735647586
toronto:0.02434606239479141
me:0.006567204123663907
re:0.002266306077443458
boulder:0.03340828522566486
lost:0.02123943226859303
he:0.009637170954668092
goal:0.025418946450665617
leading:0.027364995355948194
game:0.03602435282315743
tell:0.014606212446196684
hat:0.032451297168417534
went:0.019772492516582325
am:0.009905068828493124
roger:0.026750028930706618
apparently:0.022961582159100987
winning:0.028388152141251538
3:0.014190702694773452
beat:0.026338982892289885
a:0.002539098410629809
how:0.01594379390580757
intelligence:0.02739448741444015
wings:0.055395161744936805
quick:0.024601668001159368
was:0.005366431115765974
as:0.0048491767285879905
red:0.04378932066597032
part:0.014843770378262285
let:0.013970531774259545
colorado:0.028564858712714906
gilmour:0.035592778721023705
california:0.02411799531468446
not:0.007308000103951089
expecting:0.03390669794225257
leafs:0.15100872721695036
have:0.0030984885645312294
only:0.008082037807692646
area:0.058335764448351764
university:0.014244485464234263
against:0.03131249445039814
call:0.016102764230295198
penalties:0.032729994824428586
his:0.011178357827304586
coach:0.0617959790807004
be:0.007011651601666319
writes:0.008015301709303787
if:0.004061517695535814
of:0.0035352833739225207
reporting:0.033735965354575626
department:0.021018639895108705
candidate:0.03484094448666019
but:0.004032019528790365
san:0.07341755333826444
who:0.007836684086265748
good:0.009818241523390904
george:0.024135237448819194
in:0.0010768466781484272
francisco:0.06049781986183534
replace:0.026644624429422566
yes:0.016162702245478115
and:0.003470885586279908
for:0.00985905645188103
subject:0.00016179973873950483
i:0.0011569618620933025
fired:0.02874687257392021
will:0.006868517241838087
coverage:0.02804948269643665
the:0.006395480084755601
jose:0.027635737416866937
powerplay:0.039909114330300303
can:0.005239793893561899
did:0.019926194465975336
potvin:0.03417216838260646
ramsey.cs.laurentian.ca:0.03348855932718013
joe:0.02411799531468446
many:0.011231521379261172
biased:0.0315658873593418
is:0.006513275803410034
win:0.041084550347010196
maple:0.03417216838260646
detroit:0.028783940616450125
tonight:0.02945147745947089
expected:0.025147686446777777
chemical:0.03010850351102958
ref:0.035046408436209785
engineering:0.023434845413473328
conspiracy:0.032519779321471674
playing:0.0242749694263945
john:0.032502768479779946
