at:0.016314166897304277
purdue:0.1067696844188021
posting:0.06109608438807853
monday:0.09362238258775903
times:0.05204585447209308
london:0.09409123088376438
next:0.04959963006942917
toronto:0.07439074620630708
rec.sport.hockey:0.1192945003862755
re:0.006924824125521676
this:0.009721897006878128
western:0.0757505141425074
you:0.010292573877939293
steve:0.17817521371302147
l:0.12240594736123565
ontario:0.08795092966137538
kevin:0.1668726786229524
not:0.011165000158814165
courses:0.1094680512925316
university:0.08704963339254272
hope:0.053490028474815654
list:0.05391904809114036
kid:0.09377735017425005
writes:0.012245599833658562
interviews:0.10875571275868352
of:0.007201503169101431
phil:0.08206396945677764
in:0.0032903648498979715
and:0.003535161245285091
for:0.01204995788563237
subject:0.0004943880905929314
will:0.020987136016727487
the:0.004187516722161405
canada:0.0689001406112342
newsgroup:0.07118821926989537
is:0.004975419016493776
time:0.029250184627846548
lee:0.15804264071758206
header:0.09737283192315668
arena:0.10555491992832408
article:0.015006164450307426
golf:0.1067696844188021
before:0.03937396791153045
check:0.06128354749236461
