probert:0.007198972439436946
king:0.004869667639069368
4:0.005763966367003896
francis:0.006410223073068123
clark:0.0058176179410890155
jagr:0.007110821735286224
stevens:0.01376120045729208
0:1.432897528091109
player:0.004509585885216012
young:0.004355052815631307
playoff:0.01080212203406097
murphy:0.0063948573807827164
la:0.06067243808394958
cal:0.04357348621380485
hull:0.007328004498729549
brown:0.0053881709643331865
3:0.024446860210833615
mogilny:0.007398334686451631
a:0.00016200743919331728
det:0.08434678564180192
was:0.006163302557550248
as:0.0018564133647726644
mon:0.03759013326703515
driver:0.004268892805668668
que:0.046033633327584415
gilmour:0.0068130028874349305
pts:0.007139467457548836
team:0.0037160377827082335
van:0.04255781930852205
buf:0.05106063385988554
bos:0.02780952575782355
taylor:0.006292644773462221
lafontaine:0.007512534306884639
pit:0.07401454812244931
19:0.00950556197675378
adams:0.005375422563433424
nyi:0.021332465205858672
g:0.004100930349201278
of:0.00045113824957247945
gp:0.007110821735286224
stl:0.05178834280516142
tor:0.052191115520602564
subject:3.0970947670554866e-05
leaders:0.01026117262934744
bure:0.007139467457548836
hunter:0.00670841924823041
nhl:0.004950291530597118
nj:0.039630847338547416
gretzky:0.0067491284359465
win:0.019660530183459056
chi:0.05129603149110684
rocket:0.005719774381421091
2:0.09945477992134337
1993:0.007029363812088484
1:0.704341538859234
april:0.007893628449856409
