at:0.01295536783021222
all:0.04209122782263049
send:0.04313745765994445
anyway:0.044831085612419615
take:0.031261016622583876
with:0.008600402599846284
devils:0.07434718617263217
from:0.012449591976914347
goalies:0.09164974249818836
look:0.03487012241582221
been:0.021577064517962343
months:0.049938154999703235
re:0.005499125040855449
two:0.02742337400960752
these:0.024362293722043273
you:0.008173514550128262
a:0.006161047614028214
how:0.01934357348866359
partial:0.08313890677197952
capable:0.06452616598769605
closely:0.07317008753037427
andrew.cmu.edu:0.11984645313903707
team:0.04710624365727202
are:0.009454579141194493
play:0.047087032835006495
kevin:0.0662582694532311
deep:0.06690875849700795
it:0.005041991613823117
should:0.024159002091668817
follow:0.055544004594371844
has:0.015658448145390455
writes:0.009724446926728858
of:0.002859420375966745
excellent:0.05728037372559393
they:0.013719406242760936
who:0.019015483444615417
one:0.014460454526112094
in:0.010451747170264146
and:0.008422001790238012
for:0.004784542101648147
power:0.039733165884860915
the:0.001108460308807431
do:0.02112699761489696
closer:0.068548777238661
around:0.03481168284049464
an:0.02640876878122755
people:0.02213636970695761
is:0.003951068042509763
their:0.02226005321443697
poll:0.08529484021597769
thousand:0.068548777238661
article:0.011916660004655896
very:0.0512718379936308
todd:0.14969147680631378
