there:0.024152078567819667
where:0.04861728416404636
meaning:0.10384069828642874
dennis:0.14274367880853775
throw:0.11219396254038974
to:0.0036268398949758705
this:0.013815327325563656
game:0.0782107659976444
on:0.026684675012594205
used:0.05195956600886488
came:0.07944017717047228
mon:0.142117082790282
ice:0.2462270751893431
knew:0.1021603963920463
thrown:0.12917438077343005
were:0.04082377098611313
what:0.024222160605174504
years:0.05867830060474719
never:0.05799840081215422
they:0.024550516434414305
in:0.00467578162880238
or:0.017745038360607507
subject:0.0007025514971583761
i:0.005023650190668287
ago:0.07529383487801694
the:0.007934242210411084
during:0.07706235552111763
here:0.09475794240123137
fish:0.14471828896493022
is:0.007070332286596418
night:0.08810091701536905
detroit:0.12498290004511238
