report:0.017737047773246518
read:0.010593472251859446
go:0.009090804914925827
week:0.01611139628226908
at:0.004116658936702948
mark:0.028071252002730748
say:0.008867032590035248
attitude:0.020543752480629545
happen:0.015802019748445396
media:0.07385899421860302
ah:0.02199673815640547
maynard:0.04914142919486412
someone:0.010296533246088877
sharks:0.026941882984183707
trick:0.02321450037065365
to:0.005152146392862918
pound:0.026786105319381876
that:0.004863148954688927
bay:0.0671950148869836
really:0.02735601509146158
toronto:0.018771496706264403
sometime:0.02433818417893176
me:0.005063498506563293
re:0.0017473855270007967
lost:0.016376197777186213
he:0.014861058014207805
goal:0.019598720394204797
leading:0.021099178662296502
game:0.0277757860552382
tell:0.01126179931599277
hat:0.02502085996630324
went:0.015245146099234035
am:0.007637085778978343
roger:0.04125004461277189
apparently:0.017704023627344218
winning:0.021888061230404224
3:0.010941429647839344
m:0.01279266086089787
beat:0.02030809428611136
a:0.002610288085694196
how:0.012293112123636676
wings:0.0427112228407223
was:0.004137668850941054
as:0.0037388512159673756
red:0.03376279397142571
said:0.01024067676945529
part:0.011444963142118117
worth:0.016425998218653447
let:0.010771671695106656
idiot:0.02476544682360294
gilmour:0.027443030322284626
california:0.01859565059309783
no:0.005260494094310794
it:0.0016021281763550091
not:0.0084520094660182
expecting:0.026143014768559222
leafs:0.13971835508858022
have:0.0023890215567647327
only:0.006231477748921899
area:0.04497850997186
against:0.024142811141662116
determine:0.020385334014855334
call:0.012415682700928538
penalties:0.02523574367304073
his:0.01723765459350707
coach:0.04764643246876432
be:0.01081235994649479
er:0.025697640096576397
writes:0.006180022345958526
down:0.011048437275482046
if:0.012526176070344097
of:0.0009086008671296198
trying:0.012599664593777551
reporting:0.026011375156565316
candidate:0.026863345048125847
what:0.0043011313224141645
but:0.006217600207947759
san:0.056606992059876786
who:0.006042303150625459
george:0.018608944761940034
in:0.003321115923261504
francisco:0.04664551531403192
replace:0.020543752480629545
yes:0.012461896591139667
ought:0.02332275765701596
or:0.003150988120107875
and:0.002676150101570957
few:0.010680502340683582
still:0.009540696645932463
for:0.0076016089465437845
subject:0.0001247521350094313
i:0.006244350236998899
back:0.009842788411530549
sf:0.026635353626773366
column:0.027021763513900062
fired:0.02216464474157399
will:0.010591638737413872
coverage:0.021626937593046947
the:0.005987757555987803
jose:0.02130792838216376
kidding:0.027622779298115453
powerplay:0.03077104609579229
can:0.004040028002045389
did:0.015363654611616498
potvin:0.026347699921168533
ramsey.cs.laurentian.ca:0.051641236345651605
joe:0.01859565059309783
just:0.005487797025541523
many:0.008659817885878942
biased:0.02433818417893176
is:0.0075328773894578665
win:0.03167734022082562
maple:0.026347699921168533
new:0.008056072733100685
detroit:0.02219322524165547
tonight:0.02270791486361073
expected:0.019389571325786604
ref:0.027021763513900062
conspiracy:0.025073661626368347
article:0.003786602244470098
playing:0.018716682034369592
check:0.015464072731718173
news:0.014340544468053357
