believe:0.01957362054351658
go:0.017526416682829973
dir:0.05257447943503209
out:0.010614208099823963
rex:0.05614578819708836
wang:0.05399056577307185
with:0.005268715106212138
maynard:0.14211170064460707
ca:0.01852746482966055
someone:0.019850974005973153
devils:0.045546023961612496
both:0.020231568309083223
to:0.0012416208649466945
might:0.03832585830411614
teams:0.03726117241236177
tie:0.0954919931576762
nt:0.019299420316822663
could:0.013595577975910426
me:0.009762060183824727
re:0.0033688333583618965
so:0.018411001754683246
math:0.08793253643713739
this:0.004729571516859631
two:0.016799904798678482
on:0.004567647074227837
tell:0.021711937420022098
am:0.014723750961273563
great:0.04542794033752571
roger:0.07952711303723589
a:0.0037743354752605273
how:0.011850117092154272
same:0.01749633649124876
as:0.014416471355261593
rpi.edu:0.05325472765582619
lets:0.04174427251963614
are:0.00579199442883987
not:0.0162948650966477
always:0.02393654142341178
points:0.033019426022256146
be:0.01563408803074247
writes:0.011914637675992113
if:0.006037391169039723
trying:0.024291245252868434
what:0.008292271198167849
but:0.0059935425427964885
using:0.019859644852656944
well:0.015160972163543647
in:0.008003590175427499
or:0.0060748779973250925
and:0.0034396163467638723
subject:0.000240513125153318
rm:0.04632991024079835
i:0.006879232693527745
morons:0.05325472765582619
any:0.009218804200800066
actually:0.022020847991901665
than:0.012888299839814965
the:0.0013581135315118072
do:0.006471332602761231
see:0.01594041226496555
can:0.007788882814754174
breaker:0.110886863935263
ramsey.cs.laurentian.ca:0.14934087267526278
put:0.022409543239160175
record:0.034744580155284636
here:0.016219827978589153
people:0.013561019279937995
many:0.0166955047529558
different:0.022767719801903133
is:0.002420474116132107
win:0.030535814447102176
time:0.014229819548682104
figure:0.0332657444511239
man:0.02610855260175855
first:0.01691490837289226
dog:0.04482491848707613
article:0.007300296219068477
little:0.021129177494580757
neither:0.033718751806315034
poster:0.0410345348813198
isles:0.05614578819708836
