thumbs:0.06370658511743697
report:0.03913121879870882
go:0.020056002595815744
out:0.024292311321246596
music:0.04749132412052664
thanks:0.020550377782640857
with:0.00602914821432523
into:0.01846189590703491
my:0.009796023312683519
to:0.0042624716291469
significance:0.05442012588714636
player:0.04007487662944538
then:0.016452374739956734
make:0.018145159622161892
that:0.007152672689370656
re:0.003855056729671861
started:0.03380664820607119
injury:0.05379512978594599
espn:0.154605566476158
had:0.015818644182290054
this:0.005412190086303288
off:0.022509870597488147
game:0.030639269153716366
on:0.00522689510555969
went:0.033633621291093645
great:0.025992275141573987
a:0.0014396949750993763
other:0.014219669977648565
wings:0.047114441690281304
was:0.01825693060002857
baseball:0.07726341938327438
local:0.03150910775171085
ice:0.048230045655644524
lets:0.04776921906886197
yeah:0.04076517983699126
it:0.0035345920591749688
boards:0.048230045655644524
only:0.027495592541634774
his:0.01901473238665213
if:0.006908767214055766
of:0.004009084238468838
they:0.03847091235083479
up:0.013850106910849326
now:0.017030045338950972
threw:0.05410289229264374
seasons:0.05997679084315344
habit:0.05926552412679311
and:0.005904083729239018
for:0.006708223977568536
subject:0.00027522635971152884
i:0.0039360558194926785
the:0.009324779505019212
when:0.04044353946939389
agree:0.03109850699963339
problem:0.021809951464387467
just:0.012107098592431814
btw:0.038678252788075615
people:0.01551827979456822
about:0.010154805982699706
hit:0.03690414577246814
right:0.019998696843198965
detroit:0.04896237321354918
explaining:0.05753010851010018
show:0.03103163577046219
shoulder:0.05696507514417239
ads:0.05696507514417239
especially:0.032219543376261255
