root:0.035738151473672174
another:0.015726988158784247
go:0.027594783713391875
say:0.013457765774947117
there:0.006509070819696081
small:0.06359033830353215
c:0.018341118407297588
clark:0.03556586287389171
wrote:0.018266489182218872
to:0.003909784851321506
mc:0.04020363923847798
centre:0.03550935103240819
been:0.010405960193059852
that:0.0024603164924430977
playoff:0.033019252458725376
problems:0.01945442011270761
v:0.027281193715617106
consider:0.022839461550150306
re:0.0026520603033912803
this:0.003723279704761837
he:0.02255508095773383
big:0.019686386906862106
you:0.003941836804317176
am:0.011591037990789827
burns:0.03278542253505466
a:0.002971285374141266
wings:0.03241206272310132
was:0.006279866199300607
as:0.017023705536532305
buffalo:0.036344691710822254
jason:0.032339692721865564
jake:0.03855589471813319
team:0.022717904742514165
business:0.02564938817896147
success:0.03178587401994048
pat:0.02874567540158709
are:0.013678965565983522
no:0.007984012313351134
d:0.012920881009766209
not:0.008551915015261913
leafs:0.14136987228820883
have:0.010877672620162827
miracle:0.039678050783487046
only:0.00945770381751267
against:0.018321140369913804
b:0.02170856983343434
has:0.007551592013379794
call:0.01884366026949438
his:0.013081057031952175
be:0.004102562107357952
sabres:0.04101175455301145
down:0.01676855019115715
were:0.01100215104590283
if:0.0047528398564780795
of:0.004137033735441248
short:0.024560126706533812
key:0.0227364707179899
what:0.013055916354562144
but:0.004718320725180214
disappear:0.04089051743698804
york:0.0266891291306769
plant:0.039678050783487046
they:0.006616451237643572
who:0.009170587760523747
one:0.006973836225359025
in:0.0012601397297481594
leaf:0.04382651600277579
or:0.004782350763851669
and:0.005415566162989927
for:0.004614877488114524
known:0.023098785444442254
subject:0.0001893401198015482
i:0.005415566162989927
rochester:0.039678050783487046
any:0.007257356498502179
will:0.008037626559597761
the:0.0032074596169746933
do:0.0050944533255779904
when:0.009274286828678978
would:0.006614536497194156
can:0.00613167370523201
hits:0.03512589556240624
maybe:0.018779525406683147
come:0.017029742372123464
an:0.006368071904693168
10:0.020499090481533082
about:0.006985930356892706
is:0.00952739811669021
new:0.012226947268677638
time:0.011202198368111444
unless:0.021830222877592134
slow:0.029124312801715183
too:0.013847644452939692
nothing:0.018119546109935523
dave:0.04973439250176726
him:0.016996562435200764
going:0.015445501305316897
playing:0.05681375823198713
four:0.024879759936333148
main:0.02637175185550942
aside:0.03202286690589682
