ca:0.15819604585325547
to:0.010601532000698698
nt:0.0549291193632645
re:0.028764654059859274
beat:0.3343024751713716
how:0.10118176901762495
pens:0.38637067976276895
trying:0.20740986331295355
but:0.051175632480800794
good:0.12461614241226918
subject:0.002053612068616792
the:0.005798100076838869
luck:0.31713758660874014
