77:0.2408276221442114
go:0.21146002736892686
thanx:0.10549277860309342
know:0.026823372296919605
help:0.04652375478351732
all:0.02074060501404981
supreme:0.11322546552807385
need:0.04176526068472253
greatly:0.08484628586523046
am:0.03552905123263838
ray:0.09429932318671021
wings:0.09935001834689752
tigers:0.12982389981767697
red:0.07853519467266415
only:0.02898991822324536
be:0.01257524472037981
of:0.012680907754287303
wearing:0.1091917138459999
now:0.035911182562570525
one:0.02137632408207875
in:0.007725204430195238
for:0.0070728013676537825
subject:0.0005803686280873543
i:0.00829994379327804
appreciated:0.07358178519948354
any:0.022245375354104504
the:0.00819296749988101
nhl:0.09276415868205905
would:0.02027499230661687
bruins:0.1100864545523805
blue:0.0868839484231154
players:0.08069291115299765
s:0.013487745236000399
