tv:0.03382733085938985
basically:0.03503755846649898
go:0.01736993081959042
say:0.016942365841674495
there:0.008194455228367387
take:0.018979902949425923
watch:0.0686457828673991
wonder:0.03294971167693686
with:0.00522167300704953
much:0.015599972049642244
extensive:0.047319693037955614
into:0.015989320562342733
my:0.008484055904734833
to:0.0036916048931004393
us:0.03678350689616064
latter:0.041469672957635775
playoff:0.04156888032750248
me:0.009674898932183434
scott:0.03412568797474559
so:0.0091233089052225
had:0.013700075765019063
this:0.009374686399489624
two:0.016649905648690278
on:0.004526864511065088
m:0.012221559929607786
a:0.0024937573675828484
how:0.03523293742578011
hockey:0.035109854986433084
series:0.06405982787085118
as:0.007143876430509092
local:0.027289137963535284
waste:0.03820160709998517
question:0.019490947172742003
ie:0.037353733810369744
are:0.017220840578604252
it:0.0030612091941068925
not:0.016149375229713343
feed:0.04449364284070858
have:0.0045647376173897575
only:0.011906573555975773
opportunity:0.04108351238804813
keith:0.03518274168856845
kind:0.024602916937170177
down:0.021110406937081768
if:0.005983485890744726
of:0.001736076656836952
even:0.014992495069339515
year:0.02209607782330046
anyways:0.05047719339727327
please:0.0171019228295112
they:0.008329639504533425
zone:0.043573712252331476
over:0.017910185290351408
email:0.024499095169356614
in:0.006345703639088945
or:0.0060206380152061185
and:0.005113358229787364
for:0.002904900561714946
subject:0.00023836568653587764
i:0.005113358229787364
we:0.012033427729589017
games:0.029730984746506477
alan:0.0392918097499932
impossible:0.03675225584762353
coverage:0.1239686958458584
the:0.004037962553512783
wrong:0.023601982650266612
canada:0.06643942130369011
because:0.015756449097272446
an:0.008016947665729792
locally:0.054727931569792186
many:0.016546437746232975
general:0.026325271098995993
is:0.009595450960380853
readers:0.04062317480175483
time:0.014102767588426013
bandwidth:0.047707952965988995
slow:0.03666542950930215
almost:0.02698207973450507
news:0.05480136636006104
