22:0.03415038196928485
tv:0.062109197643469886
24:0.03002527663006935
go:0.015946165998312518
week:0.028260973806603144
at:0.02888409876899774
louis:0.038632800718016065
there:0.007522778570304488
know:0.010113730538182802
where:0.015143088510112802
with:0.004793667022865143
times:0.02303668968436907
to:0.006778028656184413
t:0.021116992254101984
next:0.021953934620894882
that:0.0028434805363481705
broadcast:0.04164693826002686
pittsburgh:0.07250107218440568
really:0.01599504707533546
12:0.058252210354295675
me:0.00888187442954545
re:0.0030650860883456605
tells:0.03628688524849683
michael:0.024628649194046635
wait:0.03009344102549277
anyone:0.013712415980667142
abc:0.13522856509837744
espn:0.16389879724794892
this:0.004303134740749336
something:0.016316896042323958
united:0.032143622810468994
them:0.012015239110920008
a:0.0011446755129888484
local:0.025052323376360264
are:0.005269765422960865
d:0.014933149363746193
18:0.09508400393171555
couple:0.025868785202086218
have:0.0041905787962922365
being:0.01594921254037007
rights:0.02846884770240005
states:0.028302128979144945
love:0.026821454427716794
be:0.004741485714241569
writes:0.0054201835329308395
if:0.005493036227568929
pacific:0.0439816687544494
eastern:0.04084662293573247
finals:0.04574115184819441
zone:0.0800041929878873
in:0.002912781998270336
st:0.031448747892781154
and:0.001564743502011434
for:0.0026667939582956887
subject:0.0002188275155083467
p:0.05518242687920246
until:0.023452178076759377
i:0.003129487004022868
games:0.02729401878367808
20:0.025777314331193606
angeles:0.038829138759184034
will:0.018578776145955482
schedule:0.08357652908455382
cdt:0.04143941524376219
the:0.0012356606721132017
see:0.029006323957560264
calgary:0.04446114585839701
alternate:0.04845307188357957
conference:0.03572379892647851
protected:0.038536367590314535
road:0.02959551136041402
ny:0.034436010914614096
bruins:0.08301601490835252
time:0.038840409095992956
does:0.009987613232274798
1:0.016053474523973023
cities:0.03977596570280571
chicago:0.03461229128527773
bias:0.04388904944908929
article:0.006642072789480337
shown:0.033847275385341505
laboratories:0.046339718528644325
april:0.16731904238793993
est:0.05004451462489889
by:0.008118323564075132
los:0.037376202244123316
john:0.04395866228822698
