school:0.08658391609038345
at:0.020975357439391214
help:0.1528637657172712
thanks:0.04746158678371817
post:0.061489947724551915
t:0.061339834642867665
need:0.045742904559458
anyone:0.03983130356289027
them:0.03490140884600573
state:0.06327889016525276
a:0.0033250098234437974
immediately:0.1005404651619972
march:0.10318362061650133
not:0.014355000204189639
have:0.012172633646372687
university:0.05596047860949175
war:0.08421012179935755
of:0.013888613254695616
andy:0.10670971992408589
york:0.0895992192244153
please:0.04560512754536321
email:0.06533092045161763
in:0.004230469092725964
or:0.016055034707216316
for:0.015492802995813047
subject:0.0006356418307623404
i:0.004545207315366545
we:0.03208914061223738
will:0.02698346059293534
the:0.0017946500237834594
nhl:0.10159884046130276
gods:0.1153782887799266
ubvmsb.cc.buffalo.edu:0.13727530853845984
new:0.0410476086877035
does:0.029011638436607742
standings:0.13768231885653842
project:0.09170561560507264
