go:0.022361290250507208
out:0.006771132753335976
round:0.025291279839076086
all:0.005483148451990179
versus:0.031105078182055854
50:0.01983438671912891
with:0.0033610768781008465
hawks:0.2006120245443408
hell:0.01961713174989595
cup:0.02516821033043346
turn:0.019663667440888016
post:0.014842401174891842
to:0.006336547862486578
player:0.02234059214400116
then:0.0091717261481368
playoffs:0.026414231783681304
make:0.010115405076722435
that:0.007974818975505215
pittsburgh:0.02541704254740659
quite:0.015265513690283916
nt:0.00410389972254275
toronto:0.023086783305405645
its:0.011884049172610173
re:0.002149083349299831
scott:0.021965960075698312
so:0.0058724746976144835
getting:0.01558736535761314
goal:0.02410417335838981
none:0.020819024324260308
beat:0.024976621708205925
sure:0.012540482874478181
a:0.003210354312290563
hard:0.015541571279169593
other:0.00792705740133282
bring:0.021800959467178593
let:0.013247918061797844
also:0.008525845584365324
far:0.014306770529433343
lose:0.04833041072629065
brian:0.042943419710100905
it:0.005911300512758138
not:0.006930000098574309
have:0.005876443829283366
being:0.01118278120646637
miracle:0.06430580644220314
probably:0.027439353046312738
won:0.02483700853252176
only:0.007664001369363716
second:0.01580284929110498
hopefully:0.026567497571509814
div:0.031037064057647796
johnson:0.02653651568280363
be:0.006648979967097371
writes:0.0038003585690664504
get:0.015107746842426693
prior:0.026414231783681304
if:0.007702878388085164
of:0.0011174746296881532
but:0.011470400383627764
blackhawks:0.03683398389675797
advantage:0.02450212975020006
2nd:0.025095614083847827
jeremy:0.035514590553973484
again:0.028067461357563425
well:0.009671654656053706
finals:0.06414276466068641
they:0.02680803518700413
now:0.009493760907346232
rest:0.01877374042225752
in:0.002042295424074603
seasons:0.0334353374240568
better:0.012851815352306914
and:0.00548559503578721
for:0.005609463153656448
subject:0.00015343078673573735
each:0.014632237915865605
back:0.024210996782385488
pretty:0.016540345154710496
will:0.052105992869116526
than:0.008221846449537133
the:0.007797444930921237
do:0.004128263901761475
o.k:0.035088682668032556
road:0.020750875781439714
return:0.02120900981503982
just:0.006749359560148769
makes:0.016051597024436634
is:0.001544095556842896
division:0.04554675190942911
occur:0.026148250447106558
time:0.009077643505193756
detroit:0.027295116101806155
keep:0.015226520598424834
easier:0.04800774384377702
pitt:0.03313541930238686
goes:0.018523144804544117
chicago:0.02426838814255105
article:0.004657085519060925
little:0.013478958056887725
close:0.01997076561017552
while:0.0124732327924053
s:0.003565725752046082
