some:0.00634530910398562
go:0.010573001368446343
at:0.009575706657113381
say:0.010312744425367084
british:0.02423155075941274
much:0.009495635160651801
such:0.01045118045362934
corporate:0.029100348004287464
from:0.004600936165381389
to:0.0014980425653161205
montreal:0.02679589954774446
look:0.025773568742129462
ha:0.030725248154861995
playoffs:0.024978675708481234
t:0.01400148399456762
teams:0.0899128290820034
nyc:0.032234116288548297
make:0.009565654800813606
that:0.007541404900749496
problems:0.02981601343360623
european:0.04816798207245644
like:0.006329560127764528
nt:0.007761723388287375
need:0.010441315171180632
re:0.0020322853411857095
so:0.005553318464048478
had:0.0166783531052406
these:0.009003456375537731
certain:0.017914755390002767
on:0.005510965491731412
used:0.010730779936613399
them:0.007966625932240439
ta:0.02509431374352082
support:0.014885632117029923
a:0.0030358785344486846
how:0.014297423882925264
sorry:0.01726856893879687
was:0.004812288772290139
as:0.004348446522918578
also:0.00806248441130199
logic:0.022569244283679197
popular:0.02298897987028784
team:0.017408829177687483
product:0.0216896626236226
are:0.003494083595658834
play:0.01740172952598066
row:0.03003050157056914
missed:0.023619196615368647
it:0.0037266894536953474
not:0.0032766848292172003
leafs:0.05416617389303653
namely:0.029039623544515045
have:0.008335607823059556
term:0.02118304235823075
charge:0.022370938342031712
humor:0.03017739652919914
be:0.0031438111800949527
thinking:0.01893220942309052
were:0.016861992363829337
fill:0.026263397328395523
of:0.0031702269385718257
expansion:0.02512361183392776
what:0.005002402733677343
but:0.003615669686143534
tend:0.023150022248583337
year:0.013449786501139411
years:0.012118344690110834
never:0.01197793060251011
well:0.009146021250833395
they:0.03042129210351338
who:0.01405492254602009
ottawa:0.028150333197874817
good:0.008804401366084234
one:0.005344081020519687
in:0.003862602215097619
our:0.012118344690110834
system:0.012147947441535462
or:0.003664736183168942
use:0.009036845259496457
and:0.00414997189663902
for:0.0035364006838268913
subject:0.00014509215702183858
p:0.036588348256862496
gate:0.03331265399900394
i:0.001037492974159755
example:0.01527912578129296
we:0.007324695139749837
similar:0.017199773303623375
any:0.005561343838526126
the:0.005735077249916708
do:0.007807803466374963
when:0.007106926319802912
would:0.010137496153308435
major:0.01780667376477061
fan:0.04347343462488775
home:0.015920451368811678
because:0.009590882059209315
road:0.01962311079331799
sport:0.027254275354449627
ny:0.022832572454254997
an:0.004879881187835526
record:0.02096004563715541
long:0.02587294831639766
many:0.010071744715098334
bruins:0.027521613638095126
done:0.014394910605547274
match:0.026015514115069156
houses:0.027754901924600745
field:0.021154662227898403
maple:0.061287041120978984
man:0.015750268145626082
run:0.01454801319775758
history:0.01804895437147218
guess:0.016283463385519854
dead:0.018648272471799652
fans:0.04470652847334194
every:0.013218198515964109
solely:0.029161758630667535
arena:0.030978074326790762
players:0.020173227788249412
laboratories:0.030725248154861995
bad:0.029789141812460694
john:0.02914650434328093
s:0.0033719363090000997
