go:0.011511433442568799
all:0.005645371778972137
happen:0.020009658143001863
thanks:0.011795187248024632
ever:0.015641550632129353
own:0.040233561577775065
your:0.014910440499186538
with:0.0069210340448467135
way:0.010250726742878954
c:0.015302353227390295
4:0.014699819551353131
from:0.005009303280651927
goals:0.02732161969708776
to:0.002446507384776623
line:0.016708897921928926
look:0.014030581800449174
been:0.02604568734712614
that:0.002052690091328265
puck:0.06523511316254085
nt:0.008450633748194538
anything:0.013735154735617773
re:0.002212665696912252
anyone:0.0098989038440319
had:0.009079340151965296
this:0.009319214882332881
goal:0.049634629164021615
on:0.006000104440701656
you:0.006577502833239312
numbers:0.02087421539052484
am:0.009670629329593878
why:0.010530902841147967
more:0.007523189501897786
sure:0.01291150307786511
same:0.01149167663034682
hockey:0.023268069576807725
was:0.005239414994682755
skin:0.030429704359340927
steve:0.01897724169724489
birthday:0.036876819466726676
science:0.020009658143001863
team:0.01895399153073667
computer:0.0158621473678421
are:0.0038042093585871333
no:0.006661217373861005
pressure:0.026039542556208516
play:0.018946261732428648
kevin:0.02666013208769062
mwm:0.03558851482859135
deep:0.026921867324239887
it:0.004057460706981916
not:0.0035675148436447625
sex:0.025595547373114348
leafs:0.029486911231712196
disagree:0.025138396585320674
have:0.015125757785433515
money:0.018344495661119113
university:0.013907337879281974
plays:0.0293062205579839
selling:0.049346474974550775
his:0.010913781310681991
goalie:0.031617104924205726
credit:0.028594468097188026
common:0.03983583478853669
writes:0.007825590426243341
if:0.003965387099191771
end:0.016001381080328458
of:0.0011505360092647257
seen:0.015340028938593804
what:0.005446402976311427
but:0.003936587113907753
years:0.013193937414085168
never:0.02608212107528829
they:0.005520234464542862
net:0.019616227721292796
one:0.005818407738317293
in:0.006308155096845816
5:0.015377946076435993
or:0.007980017250924086
watching:0.05040951590224064
and:0.00225915629876207
for:0.005775423601989479
subject:0.0001579701591243686
i:0.005647890746905175
back:0.01246364923116886
power:0.01598730935012155
league:0.02301690572919082
pay:0.019720958946733036
the:0.005798100076838869
do:0.00850080377404138
see:0.010469738233202226
calgary:0.03209621180310317
when:0.007737718596708496
would:0.005518636959197492
agree:0.017849438928783663
put:0.014718694080158457
people:0.01781388331447476
religion:0.02101497788735333
is:0.0015897788573412065
grant:0.02677503200400483
cards:0.023284127008000602
else:0.014950013167680808
their:0.008956707802258662
smith:0.04660045626587529
under:0.014362860515417982
fuhr:0.0682315143031398
position:0.02037185181782374
article:0.009589738228598828
little:0.013877743798215764
offensive:0.029673293877033914
by:0.005860564939746545
mike:0.018907763484956826
god:0.01569927947795991
blame:0.026491860281060244
s:0.0036712205967811733
