prism.gatech.edu:0.029531916188151736
go:0.04863580629485318
tommy:0.034704006008579015
louis:0.02945751054748725
music:0.028791615248069276
11:0.024151341485124447
faith:0.023406413252217456
rick:0.030079140507053737
curtis:0.035334035378091294
thanks:0.012458666530726019
braves:0.030038423750671273
your:0.007874576388632891
ron:0.026483114601406472
4:0.03105336880223349
turn:0.02138423834196572
remember:0.017391400228257702
retired:0.07364820854924507
player:0.024295393956601265
next:0.016739875148432348
guy:0.021164567168430435
quite:0.01660124613818376
nt:0.004462990948265241
hrivnak:0.0789592484738109
glenn:0.03487762828424824
voting:0.03625030709179052
jon:0.025933551648239586
he:0.009938332547001471
cal:0.03353602242526767
on:0.006337610315491124
you:0.0069474873676090235
regular:0.025294016573472883
8:0.018453070514836665
3:0.029268324307970245
ray:0.027111055416179187
more:0.007946368911379537
a:0.0008728150786539969
vote:0.028467708573915614
det:0.037868192303767326
nyr:0.044594063758867646
mon:0.03375280716269198
usa:0.02277888553767953
question:0.013643663020919404
also:0.00927185707299729
washington:0.02399508334634059
pts:0.03846388092754435
others:0.016852051394177475
team:0.04004030710868122
buf:0.03929845213144762
are:0.0040181961350076595
results:0.02289427343042788
no:0.007035910851140687
brian:0.023350484467367368
those:0.011599472839297251
internet:0.01785333714446629
ken:0.02578795438196757
have:0.0031953163321728306
friedman:0.03732437119758213
after:0.012057585547905945
atlanta:0.02991784123232953
nyi:0.03830955209885453
goalie:0.0667911341523846
sending:0.028373721840387237
boston:0.05212221419186926
if:0.0041884401235213085
of:0.0012152536597858667
andy:0.02801130148007255
2nd:0.027291480316184516
san:0.025237283960028403
please:0.011971345980657843
ed:0.024801060447931265
now:0.010324464986739028
tim:0.02548693312335118
bob:0.023025031337681877
in:0.002220996273681131
st:0.02397967026824563
5:0.0974577332594131
or:0.004214446610644284
and:0.003579350760851155
tor:0.03514745435840579
still:0.01276068176393467
capitals:0.03572478760922464
for:0.010167151966002312
subject:0.00016685598057511437
6:0.03672937040698993
vernon:0.039122384150405774
don:0.027866283373324655
joseph:0.02552624142902345
the:0.0018843825249726326
jose:0.02849935421114403
can:0.005403537452735709
fan:0.02499722490931046
effect:0.02166483409139004
receiving:0.03180943882134168
healy:0.036473545108053514
an:0.005611863366010855
mask:0.03353602242526767
10:0.01806482348685103
quebec:0.032863330774065384
15:0.04177263414975805
sj:0.03878446401746655
is:0.0033584078361332988
grant:0.028281127554230102
gerry:0.03706923373183054
win:0.021184221272677134
days:0.018614078903438577
time:0.009871937311898211
keep:0.01655884115078701
does:0.007615555089609533
1st:0.02812978844097639
2:0.048710238802385224
1:0.03672232297358828
votes:0.1071743628276739
chicago:0.026391872105024267
update:0.027136513699851914
fuhr:0.03603476849134571
three:0.018240550040452955
mike:0.05991397554295694
emotional:0.033258198909199954
john:0.016759239997386537
3rd:0.0275859673347912
include:0.021009520457778763
