prism.gatech.edu:0.03691489523518967
some:0.00912138183697933
at:0.0068825391598002425
tommy:0.04338000751072377
there:0.007170148324821464
hours:0.030595112316801735
remind:0.0412402516488531
thanks:0.015573333163407524
your:0.009843220485791114
with:0.0045689638811683385
devils:0.03949694265421084
turn:0.02673029792745715
to:0.0010767180938209616
remember:0.021739250285322125
retired:0.046030130343278165
that:0.00271019238620685
guy:0.026455708960538043
nt:0.011157477370663102
re:0.0029214101779544573
hrivnak:0.04934953029613181
glenn:0.043597035355310294
philly:0.04681994375633574
voting:0.04531288386473815
he:0.06211457841875919
acsu.buffalo.edu:0.04237702964628465
on:0.007922012894363905
you:0.0043421796047556395
regular:0.031617520716841103
cage:0.04148828835443576
scorer:0.05115049637903675
helmet:0.04132205867906635
ray:0.03388881927022398
a:0.0021820376966349923
usa:0.028473606922099413
also:0.011589821341246613
team:0.02502519194292576
are:0.005022745168759574
results:0.028617841788034847
those:0.014499341049121563
taking:0.026616797141809416
not:0.004710234441999726
have:0.007988290830432076
after:0.015071981934882432
plays:0.03869336933046312
nyi:0.047886940123568165
goalie:0.08348891769048075
sending:0.03546715230048404
writes:0.005166112429824706
if:0.005235550154401635
of:0.0015190670747323332
brooks:0.0464943758157063
what:0.007190953929661181
but:0.01039505034766266
2nd:0.03411435039523064
least:0.018809862364894393
variety:0.03650481568346001
please:0.014964182475822303
in:0.005552490684202827
or:0.010536116526610708
and:0.0059655846014185915
still:0.015950852204918337
for:0.015250727949003468
known:0.02544475584114342
subject:0.00020856997571889294
i:0.0014913961503546479
top:0.02641900176693215
ago:0.022352857229411282
the:0.0029443476952697384
got:0.01728245173148886
can:0.006754421815919636
soderstrom:0.05175175451291275
healy:0.04559193138506689
mask:0.08384005606316916
is:0.0041980097951666235
white:0.026554446451723376
days:0.04653519725859644
time:0.012339921639872763
hammerl:0.15934167104994398
keep:0.02069855143848376
does:0.009519443862011916
1st:0.035162235551220486
2:0.015221949625745381
1:0.015300967905661786
votes:0.08931196902306159
update:0.03392064212481489
him:0.018722775807525842
lemieux:0.043597035355310294
article:0.006330725627473445
dumb:0.04017671903694232
three:0.022800687550566193
3rd:0.034482459168489
include:0.02626190057222345
s:0.019388633776750572
