there:0.016995907140317543
with:0.010830136607213839
to:0.005104441333669743
franchise:0.11443590289613678
been:0.027171118281878504
that:0.006424159730268089
re:0.006924824125521676
prince:0.10136393611211132
off:0.04043439718437686
announced:0.08936704751307609
serious:0.06661099327850871
season:0.07068952645732812
ice:0.08663545238143552
stuff:0.10827468713606007
are:0.02381153265189724
it:0.006349174624814295
not:0.011165000158814165
deleted:0.06506258327774697
edward:0.08370537821078934
has:0.019718045812713907
writes:0.012245599833658562
ahl:0.2252555661787952
island:0.09506611483719811
senators:0.3222249519270268
in:0.009871094549693914
and:0.003535161245285091
subject:0.0004943880905929314
negotiations:0.1094680512925316
review:0.08003036082701455
will:0.020987136016727487
currently:0.06664691670106104
the:0.00279167781477427
move:0.13099352279900064
new:0.06385183573642766
cook:0.1987319847423269
expected:0.07684015303182098
their:0.02803117812188359
sold:0.0760468167600341
article:0.015006164450307426
charlie:0.30479953199063564
