tv:0.02202709916425385
believe:0.012631813257734537
dallas:0.03212565284293443
at:0.005121889607293204
minnesota:0.029296973010394047
small:0.017376429652709368
truly:0.025338973657153364
where:0.010741027896707916
your:0.007325187338263154
though:0.014450838381457439
hell:0.019845237933034277
work:0.011773677116222696
1980:0.03126274583643285
to:0.004006392907240787
montreal:0.057330761823081174
w:0.035980707616620394
look:0.01378586235044134
day:0.014786645556760883
speak:0.020845539619990663
that:0.010084436785885954
nt:0.004151619486758363
re:0.002174072690570759
mean:0.0153687328885457
cap:0.03372121589934002
you:0.0032313894733065223
tell:0.0140117735675724
amateur:0.02761250117275739
a:0.002435763010197201
how:0.007647459286215839
hockey:0.045724462307912855
was:0.00514802984942666
as:0.009303653025779283
season:0.04438644684529905
usa:0.021189660965283283
spite:0.034600465723316313
town:0.025895515538979837
stars:0.1158904185618456
team:0.0558701959656017
are:0.003737856869774567
internet:0.016607755483224455
d:0.010592117571959509
it:0.007973382086976092
not:0.010515872242604038
should:0.00955123338507837
have:0.0029723872857421677
made:0.013520811348360473
grew:0.0325267741887888
hope:0.01679338103279096
real:0.014869731709292136
after:0.011216358649214832
without:0.013065177237223807
be:0.0033631468438225075
get:0.0076417091586693155
certainly:0.017882309751486285
if:0.0038962233707174956
of:0.004521874082924155
kept:0.023219625712640544
what:0.010702815151123618
but:0.003867925710758199
seems:0.01370050633361092
well:0.009784115756705493
loss:0.024743324093725486
they:0.00542395130527758
up:0.007810816106699911
eliminated:0.03414423540098204
now:0.009604153476036303
in:0.004132086090569546
leaf:0.035927550909252245
for:0.011349378938793278
subject:0.00015521486565126915
i:0.012208638254065955
sad:0.027506468687002846
the:0.006573427412695229
do:0.004176266970386608
nhl:0.04961803836482228
start:0.01638117492954949
got:0.012861359428084732
peter:0.021406355121081144
did:0.009557622345598635
bought:0.02129699853993291
an:0.010440676029787635
jim:0.03937593891801011
just:0.006827840485266779
jordan:0.06394529047287616
long:0.013839018866910377
jesus:0.020193019881934917
paul:0.019040828436680566
is:0.0015620501563410692
morning:0.024942679172089626
maple:0.03278144059959341
right:0.01127833484761802
life:0.01622313577493436
fans:0.07173838289908357
bad:0.015933727015967347
going:0.012661719093312108
live:0.018004001592718945
fault:0.02573837209486403
wish:0.02172138089987662
black:0.020520653233976383
while:0.012618270383014664
north:0.07001432764379346
s:0.0072143753587909105
