phoenix:0.02570119465129003
week:0.01499060349741558
join:0.019937413176057617
at:0.09958734923397916
final:0.016768036509724325
posting:0.014344298073722785
breton:0.09143330945823674
moncton:0.060955539638824496
hawks:0.025294559616460363
4:0.043204687029194416
cup:0.05712089474994029
devils:0.02198090721625647
suns:0.026867559810397335
to:0.0005992170261264482
gm:0.6207411514091058
ii:0.01596260784830486
might:0.009248196242949765
t:0.022402374391308193
next:0.011645130538039892
adirondack:0.11742709476804726
began:0.01948612276874612
that:0.0015082809801498993
playoff:0.06072671213061232
86:0.020784805954322028
champs:0.07393973651250516
islanders:0.02363643980546426
complete:0.016100938479542512
so:0.004442654771238783
89:0.02057005484419343
contact:0.015130749126002468
state:0.011555275595393984
vs:0.08912900726252197
3:0.050901433579078684
hockey:0.06838789145183488
baltimore:0.06819104198712747
series:0.015597175481598549
wings:0.039740007338759015
red:0.031414077869065665
usa:0.015846181243603152
also:0.006449987529041593
andrew.cmu.edu:0.017716432203162002
team:0.013927063342149989
cd:0.019405230647741623
didnt:0.028978463357274293
results:0.015926451082036785
early:0.01522930912518818
not:0.0026213478633737605
leafs:0.021666469557214615
indians:0.02379848934806092
has:0.0046294542342893525
adams:0.020146148911650487
list:0.025318509538448518
be:0.002515048944075962
boston:0.018129465805867568
listed:0.01973824128026938
ahl:0.10577217890134731
mailing:0.019190238145941705
pacific:0.023329406904534028
in:0.0007725204430195238
st:0.03336301950364609
5:0.03389834200327412
66:0.022242228625255184
and:0.002489983137983412
for:0.002829120547061513
subject:0.00011607372561747085
cape:0.02570119465129003
until:0.01243985097984628
6:0.03832629955511992
rochester:0.07297311078876095
oilers:0.025294559616460363
canadiens:0.02675748238437868
rangers:0.020291089869335668
unfortunately:0.016008230786199812
schedule:0.044331898036154636
the:0.0013108747999809617
home:0.012736361095049342
americans:0.018619212050023936
ny:0.018266057963403998
7:0.04162863298606051
newspaper:0.02143671963819557
bruins:0.044034581820952205
division:0.05168566194939564
night:0.014555803680800106
maple:0.024514816448391593
90:0.017530258302366663
91:0.04063144702159027
2:0.059299421150729836
their:0.006581233124268322
springfield:0.05726090316956131
1993:0.013172416534826682
standings:0.02514198866075919
1:0.05109192761542718
paper:0.016768036509724325
first:0.00816328186691757
fans:0.017882611389336774
falls:0.0215011330546527
already:0.012633853570858049
81:0.022438996414768753
champions:0.02464657883750172
high:0.012162277502789224
john:0.04663440694924949
s:0.01079019618880032
news:0.01334294137462356
