taken:0.027688078149232437
minnesota:0.08469040937458447
final:0.03240881006081172
know:0.010368698534943712
truly:0.03662439889941494
with:0.004914515771340734
from:0.007114052558236769
goals:0.03880129183872127
my:0.007984993792691608
scored:0.04161975860755697
to:0.004632602218792708
within:0.027197060641368214
us:0.017309885598193242
franchise:0.05192889711253266
day:0.021372294418175394
next:0.022507395157556093
that:0.002915164919617452
pittsburgh:0.03716441515335081
indeed:0.0309936328445766
decade:0.047381578009496356
re:0.0031423571662031135
joel:0.045891376200396225
lost:0.029449632977460925
so:0.00858664367550353
prefer:0.03450863953816673
this:0.004411617129171588
26:0.03694422715003969
two:0.01567049943406144
you:0.00934115948586087
score:0.040553113997530324
came:0.025367451533428124
a:0.005867664394312585
hockey:0.033044569398995846
wings:0.0384042087727503
as:0.006723648405185028
red:0.03035814247850883
fine:0.027219803175803026
andrew.cmu.edu:0.03424184375401059
stars:0.12562910919729484
team:0.053835707036882306
are:0.005402616652111138
play:0.026906875905717997
should:0.01380514405238218
only:0.011206186876212491
left:0.024574833474794635
always:0.022327362168056364
sports:0.04033340576135955
be:0.009722037935083552
writes:0.005556826815273633
were:0.013036162163632766
things:0.018779209480170166
of:0.0016339545005524256
losing:0.04137075190498242
year:0.020796308539576907
never:0.01852049773833496
they:0.007839660710149106
who:0.021731981079560474
professional:0.0401723140293619
one:0.008263116872064054
in:0.002986213477218327
minute:0.03758371743187706
fear:0.03618290870170165
or:0.011332965675682106
and:0.0016041908171881927
for:0.0027340240580846554
enjoy:0.038846593087753845
subject:0.00022434417556317895
i:0.0016041908171881927
away:0.02326876963297202
we:0.022651158079226383
sad:0.07951449771705024
will:0.009523574326918355
than:0.012021859514449253
the:0.005067247125976827
when:0.021977721728466147
ulf:0.053591298316985767
less:0.023099710559632582
can:0.007265260440653053
including:0.026722417701934703
is:0.002257753167148436
tonight:0.04083608219170333
their:0.012720030408249696
history:0.05581525385463665
fans:0.034563030416365194
norm:0.050184028500950766
very:0.0146490965696088
close:0.029200951396391096
by:0.01664597436667506
mike:0.026852201924014312
north:0.03373239315051114
s:0.0052137502592942715
