looks:0.021261524685552112
at:0.01094366475098672
out:0.014635740361247948
there:0.005700490593646878
all:0.005925887146871373
take:0.013203410747426729
funny:0.02795506925811318
from:0.005258212760435873
chevy:0.03722330932180729
my:0.005901951933728579
to:0.0017120486460755662
stop:0.020645671519134393
city:0.02285581117072293
bunch:0.025193807584809474
that:0.002154687114499856
think:0.017885068664950994
like:0.00723378300315946
really:0.012120470454602024
nt:0.004435270507592785
re:0.0023226118184979535
so:0.006346649673198261
this:0.0032607604867789996
he:0.05925962264050566
best:0.015125317266841205
something:0.01236435600722685
two:0.011582543059958456
on:0.006298246276264471
you:0.010356502908237053
great:0.015659942166041472
sharp:0.033398709837679806
a:0.003469575467941354
vote:0.028290890508239117
looked:0.023136665866333443
was:0.005499758596903016
as:0.004969653169049804
said:0.013611831233934361
cherry:0.07392894539640256
pointed:0.026867375814014438
closely:0.030904136348232608
also:0.018428535797261694
are:0.003993238395038667
it:0.010647684153415278
not:0.0037447826619625146
should:0.010203802125673785
have:0.003175469646879831
neat:0.03253372805299963
keith:0.024474950739873706
has:0.019840518146954367
call:0.01650283290682427
his:0.01145608100313824
goalie:0.03318814119373148
heard:0.016786629561614128
writes:0.004107219819984859
of:0.003623116501224944
dchhabra:0.038879387975558524
seen:0.01610226640138107
what:0.00571703169563125
but:0.004132193927021181
year:0.015371184572730756
distance:0.029311406354768782
york:0.023373709362890946
ed:0.024647016594217405
they:0.0057945318292406435
up:0.008344474350014812
now:0.01026033787502015
good:0.010062172989810552
one:0.012215042332616428
in:0.004414402531540136
or:0.004188269923621648
and:0.004742825024730308
gets:0.020728672934116794
seriously:0.024080457536629445
subject:0.00016581960802495836
i:0.00829994379327804
top:0.021003926870604442
don:0.027693200867900274
mention:0.04689037036368848
mail.sas.upenn.edu:0.03636097115501092
yet:0.01633583069991406
the:0.00234084785710886
nhl:0.026504045337731156
see:0.01098997367336134
when:0.008122201508346185
effect:0.02153026990448699
auto:0.029348488137293648
may:0.023118329533414046
last:0.013541382310928557
an:0.011154014143624057
mask:0.1333108965973373
btw:0.023303046710828165
current:0.019641277787147936
is:0.0016687740800662354
new:0.02141614366314965
time:0.009810620931078966
detroit:0.029499069575865036
sides:0.028290890508239117
goes:0.04003760491913884
him:0.014885188219647873
fuhr:0.03581095005351126
masks:0.03696447269820128
kkeller:0.039808156509539665
although:0.019625710911520235
article:0.005033123480227335
stpl.ists.ca:0.038879387975558524
give:0.014678486157490723
john:0.016655145339017675
s:0.01926820748000057
