thumbs:0.15844971170234326
report:0.0973263647044809
out:0.030209669207191276
returned:0.12177821030036591
into:0.04591804879442016
to:0.0035338440002328996
player:0.19934682220801037
that:0.008894990395755815
re:0.00958821801995309
injury:0.1337981433137631
michael:0.07704346670958177
espn:0.12817726451442157
he:0.0407726463466727
went:0.08365285295477137
same:0.049797265398169546
wings:0.2343641458439634
was:0.02270413164362527
boards:0.11995678022044919
his:0.04729305234628863
they:0.02392101601301907
up:0.0344477018039073
in:0.004555889792166422
and:0.014684515941953457
subject:0.0006845373562055973
period:0.09720541624606707
later:0.08193364176814624
the:0.009663500128064781
when:0.033530113919070154
hit:0.09178723435716434
shoulder:0.14168236638422363
especially:0.0801357873717267
