rough:0.07075253005087433
know:0.01623519902181976
enter:0.06233098590290068
ca:0.02705984994858317
into:0.02356320924976824
to:0.007253679789951741
playoffs:0.06047468855737562
teams:0.05442092286542311
been:0.019305794568703148
playoff:0.061259402587898394
cold:0.11626711539577973
pittsburgh:0.058191650042746665
nt:0.02818731125220152
hot:0.16514282316163467
need:0.10111589428932821
this:0.006907663662781828
sunday:0.05878713151101141
pool:0.06945726593491049
m:0.018010719896264106
a:0.00551251628623577
want:0.024902604838318177
are:0.008459360284226652
have:0.0067269817519428005
25:0.048390559845915955
list:0.03831090259107341
be:0.007611332330756201
get:0.017294394411725294
of:0.0025584287574439294
ok:0.042945384085670155
they:0.024550516434414305
who:0.03402770721668022
now:0.021735715761555845
accurate:0.05884818913675486
or:0.008872519180303753
p.s:0.05966885138315563
and:0.0025118250953341434
subject:0.00035127574857918807
i:0.010047300381336574
games:0.04381408278432534
mention:0.04966677387206477
any:0.013464306135379042
will:0.014911912432937952
than:0.018823701081835013
the:0.002975340828904156
do:0.01890310312911833
ramsey.cs.laurentian.ca:0.07270542485506212
last:0.028686349369203917
during:0.03853117776055882
about:0.012960739214761466
is:0.003535166143298209
guys:0.0511141540722533
does:0.0160327475570727
guess:0.03942312188073228
going:0.028655469526969506
by:0.013032045721278501
