vax.clarku.edu:0.17410548705023993
son:0.11532841349661396
suppose:0.10416591853057215
this:0.014188714550578893
curious:0.11584519840058095
names:0.1107269516751589
trek:0.16084540822730828
a:0.007548670950521055
wondering:0.09726847302317018
was:0.023931382002740153
it:0.009266362965945189
between:0.06278015800125421
connection:0.1163720577162837
knew:0.10492148818642594
if:0.018112173507119172
of:0.01051030192247236
in:0.0048021541052565
star:0.12407640471552442
and:0.010318849040291619
subject:0.000721539375459954
i:0.010318849040291619
possible:0.06964788170174546
any:0.027656412602400197
the:0.004074340594535422
relationship:0.12337799306190583
just:0.03174023144502395
newsgroup:0.10389632001552297
bruins:0.2737284815897029
fans:0.11116217890668807
players:0.10032091656859168
s:0.01676854813124374
