thumbs:0.09223192173718488
at:0.013148731529170612
out:0.017584732822096414
say:0.02832156678011259
way:0.07756893221850193
overtime:0.08630831928320319
into:0.026728416462423677
to:0.008228054687109437
playoffs:0.06859815418448577
us:0.030744423674402926
charles:0.06143660679005725
espn:0.22383193952518396
this:0.01567111756332594
game:0.04435834489418638
on:0.015134591798187758
you:0.00829550730460779
was:0.01321583782240874
bring:0.05661741712371754
baseball:0.05592949015057922
colorado:0.07034629384474567
are:0.009595692262704859
tom:0.056652660051862015
university:0.03507970300893513
sports:0.07163694456122069
channel:0.07232668848890922
down:0.03528903846198743
of:0.0058041965840519
america:0.05877221723084272
what:0.02747588367154123
but:0.009929600332095676
year:0.07387345421521349
in:0.0026519358491714994
or:0.010064350114971423
and:0.0028492344364984316
subject:0.0003984620431644522
i:0.0028492344364984316
we:0.02011558068229806
coverage:0.06907708425241861
the:0.004500017970083898
do:0.01072116296875368
hate:0.060089391679967595
last:0.03253973958297758
is:0.008020078414646683
tuesday:0.07496744532710442
does:0.018186400213992912
superior:0.07521013966847427
leave:0.05273406155663457
charlie:0.08188644143032002
going:0.03250471170223407
says:0.03822427976757564
giving:0.05661741712371754
