at:0.009472742069402485
out:0.012668570957854407
round:0.09463833746234923
boy:0.04876164199053579
though:0.026726281737749245
often:0.03341204718579254
to:0.004445803742228486
bet:0.046383562526985056
a.k.a:0.06421397195282949
might:0.022871883181488667
perhaps:0.031058726211183284
make:0.018925596595158106
lost:0.03768286370234248
on:0.005451707798271935
great:0.02711022245949115
more:0.013671172320652967
a:0.004504852018859339
ice:0.0503044562214787
capture:0.05885647903283884
therefore:0.036913177640374904
jason:0.09806229405985042
streak:0.06590890683673899
team:0.0344432749321989
are:0.006913025608615329
place:0.02924115717544544
it:0.0073732350481714405
not:0.0064829033180211285
should:0.017664646690682576
have:0.010994636841885008
against:0.02777721281890158
b:0.03291299297327142
adams:0.049823809136339915
love:0.035185133765391924
boston:0.04483631328332839
sabres:0.18653733522498755
of:0.002090758984577835
even:0.01805547793296802
what:0.009897226913942271
but:0.021460749104851944
advantage:0.04584269437134205
least:0.025888842824800886
oh:0.03472813101227391
well:0.036190707745233225
together:0.038268454209142266
they:0.020062787623822447
good:0.017419460767306445
in:0.001910534428973016
and:0.0020526742714558595
for:0.006996749740044603
subject:0.0002870640526023473
i:0.012316045628735157
the:0.005673409752605775
see:0.01902565334850727
quote:0.043386644220866556
start:0.030296366536371105
would:0.010028490818326624
home:0.03149852743936934
agree:0.03243607719316601
put:0.026746874188675048
compute:0.06294748769845977
bruins:0.05445136461730649
is:0.002888952977318967
win:0.03644597208202518
first:0.06056628481906584
playing:0.04306849414360315
