at:0.007465805190291788
there:0.02333336404009697
all:0.008085320598697383
ah:0.03989238953788789
own:0.019207547758881314
stand:0.033370665715817475
to:0.0058398269495374185
stop:0.02816909419136133
look:0.020094646815897548
potential:0.0363243418713686
that:0.002939869707071837
think:0.012201254470580977
pittsburgh:0.03747936782414192
really:0.01653725206094005
nt:0.012103026300380314
could:0.025578121276712835
toronto:0.1361728913606977
on:0.004296684959654999
you:0.004710160927192558
them:0.024845070703936285
beat:0.0368299337053206
more:0.010774737506955304
a:0.0011834780727511822
wings:0.038729668169129546
red:0.0306154148723945
granted:0.03989238953788789
gilmour:0.1990782538633529
patrick:0.07772211916090258
mind:0.02567504917805201
team:0.05429194184227962
no:0.00954021810324161
play:0.027134900277800352
not:0.005109406852338685
should:0.01392213679858881
university:0.01991813645422588
get:0.011138762502467139
if:0.005679240845452621
of:0.003295603145182011
what:0.007800356805056197
vancouver:0.041783436582923564
they:0.00790609851277749
who:0.010958075205371596
up:0.011385257375867666
over:0.0849974895135321
one:0.008333143286234088
in:0.007528800927732647
5:0.022024346499302398
or:0.005714503878839706
and:0.001617785654621991
still:0.017302619340928367
for:0.0027571937534921526
subject:0.00022624539738998556
p:0.02852650881043517
i:0.001617785654621991
6:0.09960507229014219
hart:0.04900557111842893
back:0.017850480678538453
walker:0.08259808649059378
than:0.012123739679825942
the:0.0019163212118365755
do:0.006087439990733023
when:0.011081986803760473
less:0.02329547081861252
canada:0.03153057282209023
did:0.02786289904140619
potvin:0.047783116806187007
just:0.009952445453100728
n:0.031025555049189843
is:0.0022768866685649483
new:0.014610165804097856
detroit:0.24149238313801377
their:0.02565565455223244
chicago:0.035785589294948156
lemieux:0.04729169936847218
players:0.03145655858506688
comes:0.025628613027504337
going:0.018456065119065106
s:0.010515869167051158
