go:0.026289625024244964
at:0.011904932600735555
out:0.015921312149735946
mark:0.04058951303097555
gld:0.31544687661019255
cunixb.cc.columbia.edu:0.07147599339081746
throw:0.05761311589911906
to:0.0037248625948400837
aspect:0.07064837683351045
playoffs:0.06210913959946685
me:0.014643090275737092
re:0.005053250037542845
this:0.0070943572752894465
game:0.04016228524203362
you:0.007510797154171917
dare:0.1359707039769896
burns:0.12493904263358671
a:0.0018871677376302637
wings:0.061758119512936305
as:0.010812353516446195
gary:0.1147210390141259
l:0.08932325888522603
pat:0.10954433058442649
d:0.049239033037217175
it:0.004633181482972594
try:0.0329241847613972
je:0.07503568866719787
found:0.03614216898995943
writes:0.008935978256994086
were:0.04192711614789998
if:0.018112173507119172
end:0.03654369462939878
of:0.00262757548061809
trying:0.03643686787930265
year:0.03344271238121151
lines:0.04774570438235833
up:0.01815486986962682
in:0.0048021541052565
point:0.029750485962973795
subject:0.000360769687729977
winnipeg:0.07051523769238867
i:0.005159424520145809
rangers:0.06306690094523248
the:0.005092925743169277
last:0.029461656108912136
mix:0.06974282669455154
is:0.003630711174198161
too:0.02638537659276347
dead:0.04636867749744779
every:0.03286687198564049
late:0.052082959265286076
domi:0.07910968048590215
dominated:0.08157348530744207
jets:0.06986853470350171
s:0.01676854813124374
