tv:0.014460538382639934
yankees:0.02181666418883947
thumbs:0.023586025787753383
read:0.00865268344235848
go:0.007425313938145523
at:0.003362461879597065
out:0.008993718313591297
say:0.007242538069723448
all:0.0036414802696423327
take:0.008113546298991234
chris:0.01464407344625687
switch:0.01622944054202357
cnn:0.019842402684655192
wonder:0.02817074586119793
gld:0.0890956827066956
with:0.0066964966807963435
way:0.026448439993076996
overtime:0.022071211419750436
contract:0.01939284911344762
into:0.013670258801392261
devils:0.05788864877563726
from:0.00969357543240659
cunixb.cc.columbia.edu:0.02018787599587974
to:0.005260302137751263
job:0.013249956317897618
respect:0.015600603774557712
us:0.007862123611393114
that:0.005296253823427127
nt:0.0027254906554291546
could:0.0057599586081147226
me:0.004135834658032613
re:0.0028545076547951947
charles:0.015710887995930668
espn:0.07631928726812888
voice:0.013841581303191481
had:0.011713041875436146
derek:0.021039568939827107
this:0.006011249294329225
he:0.006069210715726089
something:0.0075979439586394
game:0.011343546213398807
fair:0.016117173804594973
on:0.005805444563808663
you:0.0021213701885829076
used:0.007536120260827731
dare:0.038403939291210804
reader:0.01966317755836599
bill:0.011814938456838616
horrible:0.01966317755836599
other:0.005264534304701949
same:0.0074125700401855435
hockey:0.01500879297129964
series:0.013692176949494908
was:0.00675924529848386
as:0.006107741681045942
bring:0.014478499798813264
gary:0.04860318828461059
baseball:0.04290773862697109
awful:0.019201969645605402
pointed:0.016510104984947805
local:0.011665585694335694
advance:0.012074432124720036
far:0.009501443023364128
sc:0.04104726934249198
team:0.024452095944232803
l:0.02522870670804094
pat:0.015470000884060227
are:0.0024538602351191815
early:0.013369240835088858
it:0.002617217020915816
not:0.0023011832388395606
feed:0.019020183199081532
proof:0.01598133050267626
made:0.008876257831748096
due:0.012653215591215582
probably:0.009111540897058047
empire:0.020480013694819946
ve:0.0069661591565932605
tom:0.01448751230333876
je:0.02119328611210932
left:0.01116185184542199
after:0.007363411021621951
sports:0.018319371319090786
cbc:0.024462264114640787
network:0.014020952939044186
his:0.00703980550192846
be:0.004415734787308941
boston:0.015915179905914276
sabres:0.022071211419750436
writes:0.0025239022557922226
get:0.005016694562179856
down:0.009024296095241061
were:0.03552602971310609
if:0.005115652059262666
of:0.0029685585582555516
even:0.006409005525824525
reasons:0.013879864411435516
what:0.0035131377976970655
but:0.005078497879774124
years:0.008510593217482418
they:0.017803809628010377
good:0.006183243707479004
over:0.007656262414196022
in:0.0006781668011240095
and:0.0029144840800823654
for:0.0037253686592985573
subject:0.00010189678203060419
winnipeg:0.019916517516170844
i:0.0029144840800823654
we:0.020576242835327784
games:0.012709428593926434
coverage:0.052994251659298254
the:0.006041531759454241
landing:0.021299314982747012
do:0.002741671446208002
nhl:0.016286837020514183
thing:0.008640963492843346
alternate:0.022562117441972163
original:0.011779267226234654
got:0.00844333519706326
colour:0.02018787599587974
because:0.006735581293490511
did:0.006274469631461699
an:0.0034270921319150254
just:0.004482399097198038
about:0.0037596037416865323
bruins:0.019328156142784363
is:0.0051273402078370976
stuck:0.0363015577655622
deal:0.012581354930383622
tuesday:0.019171064263038152
involved:0.013743805866663617
spent:0.016571916763268343
does:0.004650720665410401
dale:0.01841916246452713
their:0.011554836783066518
hear:0.012647639558239722
sanderson:0.02471681134555175
too:0.022357074822875914
chicago:0.016117173804594973
domi:0.022343955557086865
bad:0.03138092801617997
before:0.008115245294742918
going:0.008312273603243063
by:0.007560576143642489
mike:0.03658868735447752
says:0.00977491123827316
everything:0.01179260490047043
jets:0.019733860946790558
s:0.011840387039236991
