train:0.04338000751072377
penguins:0.0406149179951536
purdue:0.045043460614182136
all:0.00745365492692415
with:0.009137927762336677
into:0.013990655492049893
devils:0.03949694265421084
angels:0.04017671903694232
scored:0.03869336933046312
to:0.005383590469104808
0:0.028634033503675254
reserved:0.04453098184476172
that:0.00271019238620685
could:0.011789915275984823
so:0.015965790584139376
espn:0.07810802056347566
national:0.02542323378896495
this:0.004101425299776711
cleveland:0.04209963364271504
roll:0.04209963364271504
goal:0.09829983197718345
something:0.015552041540340022
two:0.014568667442603996
game:0.09287528462220274
on:0.007922012894363905
you:0.017368718419022558
winning:0.03659410236958206
seconds:0.03615753628837537
a:0.0021820376966349923
hockey:0.03072112311312895
coming:0.02716117152179371
baseball:0.029275592500693812
lucky:0.03720075029325445
california:0.031089603335335437
third:0.028537382786467856
l:0.051640009043021295
those:0.014499341049121563
kevin:0.07039941129405805
presidents:0.05207067634510224
it:0.005357116089687062
have:0.003994145415216038
due:0.025899550663269395
only:0.010418251861478801
university:0.01836203204373948
between:0.018147389422237543
indians:0.042762910547296966
worthless:0.04306536767370861
feel:0.023799036595673263
network:0.028699138047106068
his:0.014409601886759818
be:0.004519228571386495
of:0.009114402448394
breaking:0.03949694265421084
again:0.01907710264146889
over:0.015671412129057483
rest:0.025520553386506318
in:0.0013881226710507069
heart:0.031023301664418884
battle:0.03759892563381717
or:0.005268058263305354
unable:0.03574408002701332
and:0.0014913961503546479
for:0.002541787991500578
subject:0.00020856997571889294
we:0.02105849852678078
will:0.01770789601411382
scoring:0.04024806656478039
remaining:0.03917802082202134
hunter:0.04517701087480167
coverage:0.03615753628837537
the:0.0076553040077013195
do:0.005611858741457005
when:0.010216206584716687
agreements:0.04665546399697767
joe:0.031089603335335437
may:0.014539261933123679
7:0.024933816632275826
trading:0.04633654216478818
is:0.0020990048975833117
regulation:0.044912155002335405
carry:0.030409826952603955
dale:0.037701723169578975
show:0.04703232296460676
dammit:0.04559193138506689
deaths:0.038072555491758066
live:0.024192877140216083
grave:0.046030130343278165
s:0.004847158444187643
