screwed:0.045873377805793036
go:0.016770967687880407
out:0.010156699130003964
fast:0.030015499353000324
there:0.007911887806699547
knows:0.030120356992596853
anyway:0.026280291565901153
means:0.024436165693437522
take:0.018325423537376755
ca:0.017728867207692425
drawing:0.04088994805773133
to:0.005940513621081168
everyone:0.02635786859925089
next:0.02308948296335496
make:0.015173107615083652
that:0.0029905571158144553
really:0.033644754192947
nt:0.01231169916762825
toronto:0.2077810497486508
so:0.008808712046421724
he:0.027416089784831642
game:0.051241536343284266
you:0.004791370598351051
more:0.010960508843282118
a:0.006019414335544807
was:0.007633285638805048
owner:0.038636277903548344
as:0.020692607591819442
forever:0.040682210544118746
gilmour:0.050627659387663025
whole:0.025792374784718016
patrick:0.07906215569815951
anywhere:0.03643387331771088
team:0.11045601961015508
it:0.002955650256379069
have:0.004407332871962525
university:0.020261552599988394
expect:0.05959001867514462
real:0.022048222879295237
penalties:0.046555596086471696
be:0.009973469950646057
which:0.02227400573306065
get:0.01133081013182002
soon:0.03100856583654716
down:0.020382461870285844
of:0.0033524238890644594
year:0.02133414410525562
europeans:0.049001873441046215
they:0.008042410556101238
good:0.027931204333784466
in:0.0015317215680559523
become:0.028553644610303
pull:0.03896629675329849
force:0.0308103803346101
and:0.0016456785107361632
for:0.002804731576828224
subject:0.000230146180103606
i:0.0016456785107361632
walker:0.08402219143008677
will:0.009769873662959347
the:0.0019493612327303093
when:0.011273055541756343
would:0.016080166312144414
did:0.01417164692623246
last:0.018794504759133603
an:0.00774050119449773
just:0.010124039340223155
is:0.006948430005793032
new:0.014862065214513335
average:0.03344414705950506
time:0.013616465257790634
detroit:0.1228280224581277
lot:0.021366839554011988
slow:0.03540110435380897
very:0.015027952515374546
players:0.031998913043430104
going:0.018774273138359332
resort:0.04913763513904742
s:0.010697177256138246
