probert:0.06464077336244424
some:0.012161842449305772
say:0.03953218696390715
there:0.009560197766428618
tried:0.032269417219131985
ever:0.027535646425311047
continue:0.04071048132189005
with:0.006091951841557784
way:0.018045550203609824
drawing:0.04940868723642536
to:0.004306872375283846
that:0.0072271796965516
guy:0.03527427861405072
like:0.024263313823097356
nt:0.014876636494217468
could:0.01571988703464643
re:0.003895213570605943
justify:0.049601000391005935
he:0.08281943789167892
game:0.030958428207400912
on:0.005281341929575936
a:0.002909383595513323
fake:0.0619925010876084
part:0.025512730337638304
patrick:0.09553343813527607
cheap:0.03871074185840466
fools:0.05889005896348549
d:0.01897754398309412
it:0.003571410726458041
have:0.00532552722028805
university:0.02448270939165264
shame:0.05477221795677563
penalties:0.05625467860448663
if:0.02094220061760654
of:0.004050845532619555
even:0.017491244247562765
what:0.028763815718644725
they:0.02915373826586699
who:0.013469300773269252
now:0.03441488328913009
one:0.010242821955996066
and:0.003977056400945728
subject:0.0002780933009585239
i:0.007954112801891455
we:0.014038999017853854
walker:0.10152681464468817
allow:0.03652369449348533
the:0.0007851593854052635
do:0.014964956643885346
ulf:0.13286176041086054
canada:0.038756329093819236
would:0.019430200960507835
fan:0.04166204151551743
people:0.03135985708485661
is:0.005597346393555498
deal:0.0343366144975053
new:0.01795832880087028
detroit:0.049472397934523654
does:0.03807777544804766
him:0.024963701076701122
shots:0.051056853957413835
by:0.010317036196012146
s:0.012925755851167047
