go:0.0707429909743319
know:0.022434093193787304
with:0.010633225032537224
ya:0.09285276280230068
funny:0.08183211182829495
sharks:0.10482841742936932
then:0.029016006359560056
that:0.006307356826081396
re:0.006798918232330373
winner:0.10022485567699457
on:0.018436684554155997
hat:0.0973538915052526
a:0.002539098410629809
hockey:0.2144892959171185
season:0.06940426233992215
patrick:0.08337463691805912
pat:0.07369345875679599
ve:0.03318424907322608
kind:0.050100485399328355
campus:0.09417566015289029
always:0.04830829269088559
div:0.09818998447328575
get:0.02389770864165677
of:0.0035352833739225207
seen:0.04713572528404278
san:0.07341755333826444
award:0.10278992109990194
baker:0.10857998893842075
p.s:0.08245150372945141
subject:0.00048539921621851447
cause:0.05733638424258303
i:0.003470885586279908
draft:0.08977864771059278
will:0.02060555172551426
the:0.0013704600181619145
nhl:0.0775845690795403
jose:0.08290721225060081
maine.maine.edu:0.11774190131881015
paul:0.05954586347471013
bruins:0.09207230744380915
number:0.045495724516322875
east:0.14806033743240063
1993:0.05508465096382067
1:0.07121905061544394
champions:0.3092025345068397
black:0.06417367920443523
bears:0.11058000521504491
