since:0.04446270274230403
thanks:0.044297480998136955
where:0.04105459551630582
hell:0.07585290943293102
times:0.06245502536651171
trivia:0.13365464457848752
from:0.018812716765115013
montreal:0.10956545592855513
100:0.07507804664069048
been:0.032605341938254206
that:0.007708991676321707
uxa.cso.uiuc.edu:0.09908011866070987
this:0.011666276408253757
lord:0.09465786874976298
m:0.030418104713690493
sure:0.04848986711464897
wondered:0.12496872660766503
advance:0.07030002703725888
it:0.007619009549777155
have:0.011361124736614507
has:0.02366165497525669
heard:0.060058830209330547
asked:0.07494001997196513
of:0.008641803802921719
but:0.014784071605564672
ok:0.07252998201135405
in:0.003948437819877566
for:0.007229974731379422
subject:0.0005932657087115177
i:0.012726580483026328
canadiens:0.1367604655201577
the:0.00837503344432281
did:0.03653135652095479
habs:0.2654177507383619
come:0.05335985943265353
before:0.04724876149383654
s:0.013787472907911519
