22:0.01859976160827121
24:0.016353052450305626
29:0.0203794006396898
4:0.033271466573821594
france:0.06863305622177596
0:0.37633301176258904
w:0.02762804334847637
wc:0.02544627533986384
playoffs:0.020518197903395298
t:0.023002437991075375
swedish:0.02638961950802101
russia:0.1372661124435519
93:0.01634381917769822
30:0.015281720867740581
contact:0.015536037049020391
26:0.019626620673458585
game:0.013267897803171818
28:0.01974359555021762
3:0.07317081076992561
a:0.0018703180256871362
norway:0.07721736105288365
usa:0.08135316263456975
sweden:0.1425351381822855
21:0.018108049201581808
l:0.02950857659601217
27:0.019723885647498347
18:0.017262274523317408
austria:0.16110158051871262
19:0.01828971969634321
b:0.09565338582857005
25:0.016418225662007197
2-0:0.054727931569792186
germany:0.1313983041621027
czech:0.18085869506685848
gp:0.054727931569792186
republic:0.1377487509838022
championships:0.02794456010743269
in:0.0007932129548861182
5:0.03480633330693325
world:0.011255583431842306
and:0.0008522263716312273
for:0.001452450280857473
subject:0.00011918284326793882
p:0.030054714639565622
finland:0.09686178204865062
italy:0.152255821048965
6:0.026235264576421377
group:0.02408139227505933
20:0.028078860253621607
scores:0.023165803805194236
canada:0.09965913195553518
may:0.016616299352141345
1-0:0.027256387429632427
2:0.2000599093669393
1993:0.013525249120580968
standings:0.07744630435680286
1:0.18361161486794142
23:0.019328891323018082
switzerland:0.15143158019181982
april:0.212634616368007
