all:0.014677966625327558
from:0.013024188529695009
yours:0.06502045084391479
to:0.008481225600558959
caps:0.23777319324424107
matthew:0.06594265139725378
enough:0.037417669645190714
tough:0.07374222146571532
re:0.01150586162394371
so:0.01572016303669108
espn:0.23071907612595888
game:0.045723217044776734
on:0.007800135772912153
went:0.05019171177286283
them:0.022551679562034476
a:0.002148467885917531
j:0.046986594761982504
was:0.013622478986175164
pens:0.1545482719051076
play:0.04926028050431449
rush:0.0785677223711775
being:0.029935445075771512
only:0.020515942127219796
virginia.edu:0.07394073538626775
get:0.04044227616280376
kinda:0.0785677223711775
central:0.07046784944024843
they:0.028705219215622885
up:0.02066862108234438
in:0.0027335338752998537
and:0.0029369031883906913
subject:0.00041072241372335844
cause:0.04851540205141641
i:0.005873806376781383
away:0.04259974748190262
we:0.020734521626368768
games:0.05122877371705732
actually:0.037604832724632074
angry:0.08203447532314127
the:0.004638480061471095
see:0.027221319406325786
when:0.060354205054326274
fan:0.061531630545994975
is:0.004133425029087137
switched:0.0838254038130553
dc:0.06887883673075663
virginia:0.07508085803478655
close:0.053460203325700624
