picks:0.05866077388060134
go:0.04962837377025835
means:0.014462220512442616
take:0.04338263531297354
chris:0.01957524103530255
with:0.0029838131468854453
much:0.008914269742652711
edmonton:0.057844011557401986
mentioned:0.01793450825914203
alot:0.025836616884742362
alexander:0.025966888833748307
brothers:0.026145926179724173
lu:0.06093774889401164
sharks:0.029416137543955678
except:0.016450823566345987
name:0.056372091955719406
my:0.004848031945562761
montreal:0.025155334269311123
then:0.008142246682529608
playoffs:0.023449369032451768
100:0.01723730662668914
next:0.013665204202801914
been:0.007485920342966526
that:0.008849607791695838
think:0.007345653201676301
bay:0.024455328547303548
like:0.005942036038309556
nt:0.007286515833902433
along:0.01782633373031242
rec.sport.hockey:0.03286685214723917
rob:0.04490492542856366
re:0.0019078597080518904
scott:0.019500393128426052
so:0.005213319374412857
this:0.002678481828425607
he:0.016225849056328928
contact:0.01775547091316616
you:0.0028357091296363356
tampa:0.03193664012278022
am:0.008338450799496763
nelson:0.054188784789467107
apparently:0.01932990334822277
sure:0.011132877653873486
a:0.0028500084200946837
as:0.008164430206296105
gary:0.02165652267103397
defenseman:0.06416073817379203
also:0.007568862916732482
far:0.01270090853123164
team:0.01634298249333927
are:0.006560320220420668
it:0.00524778718989753
not:0.006152142944652703
should:0.008381694603232038
have:0.00260842149565129
traded:0.027039824593117493
probably:0.012179712831781675
stay:0.04029283232914471
leadership:0.026932409240067328
has:0.00543252282595179
his:0.00941035225257784
be:0.002951332944578935
which:0.006591287410803661
writes:0.003373787709273277
get:0.0067059896698526645
of:0.0009920438039068297
but:0.006788604308677655
year:0.012626330184743122
saying:0.015390587647777749
san:0.04120372891433208
russian:0.02375364590142999
they:0.028558764015543175
ottawa:0.026426843410249826
championships:0.03193664012278022
in:0.0054391745477905245
jersey:0.026100574407187202
or:0.010321093740353346
world:0.012863523922105493
and:0.002921918988449922
for:0.011619602246859784
subject:0.00013620896373478723
al:0.01943884786082771
victor:0.03238057571966608
i:0.002921918988449922
draft:0.025192987877972466
hart:0.029503354040686804
oilers:0.02968239138666267
imo:0.026985834239390265
will:0.023128680508230293
flames:0.02281868558363964
the:0.002691975035675189
wrong:0.013486847228723777
nhl:0.021771180098850592
jose:0.04652955789574535
calgary:0.027674794871043032
would:0.00475841656175702
because:0.009003685198441396
did:0.008387301242055945
leland.stanford.edu:0.025751580902674955
may:0.009495028201223625
last:0.03336983498050252
norris:0.028260384231208482
many:0.009455107283561701
quebec:0.026827208795155412
is:0.005483114834503345
either:0.025546558235850593
new:0.008795916147365034
shawn:0.03166078695303391
center:0.016666483844249024
1993:0.01545742756637825
1:0.019984937672701104
guess:0.015286516647630883
too:0.009961825856451513
almost:0.01541833127686004
defensive:0.026100574407187202
show:0.015357493212932817
article:0.004134351430186739
already:0.014825440414782403
roberts:0.028400174915841722
smythe:0.030686015336897642
s:0.012661964915428944
