school:0.04743292794516659
go:0.008458401094757075
at:0.0038302826628453523
out:0.010245018252873564
folks:0.016100938479542512
andrew:0.0654862288551652
rick:0.020924619483167817
take:0.009242387523198711
where:0.00803242086188592
own:0.00985430711107824
your:0.01643389855019038
with:0.00508545545034389
into:0.007786103926010375
someone:0.009580252672447912
my:0.004131366353610006
to:0.0017976510783793444
london:0.022090984642275116
look:0.010309427496851785
he/she:0.05211263305053022
us:0.008955984287760852
might:0.009248196242949765
been:0.006379306031397562
bunch:0.01763566530936663
that:0.0030165619602997985
think:0.012519548065465697
like:0.02025459240884649
nt:0.00931406806594485
toronto:0.017465653457132968
kirk:0.13074910882678126
re:0.0016258282729485676
lost:0.015236984018773261
so:0.004442654771238783
anyone:0.007273542389745179
this:0.0045650646814906
mean:0.011493139377521134
off:0.009493293251984133
map:0.021566515130150704
posts:0.01749138031377683
something:0.008655049205058794
on:0.002204386196692565
western:0.08892451660207391
you:0.0193321387620425
them:0.006373300745792352
asshole:0.05175026177748179
why:0.007737924261539159
a:0.0036430542413384216
richard:0.016243815281646864
other:0.0059969912514430904
hockey:0.01709697286295872
j:0.013278820258821142
million:0.01701526634404843
shit:0.06285938976097509
accepted:0.018312559220433334
stars:0.06499940867164383
team:0.013927063342149989
business:0.04717257043348131
ontario:0.06194804610931657
are:0.008385800629581202
27:0.019209349500172307
place:0.011823598336158371
it:0.001490675781478139
not:0.007864043590121281
should:0.007142661487971651
leafs:0.021666469557214615
have:0.002222828752815882
being:0.00846001708663108
calling:0.017882611389336774
probably:0.010379233543605254
ve:0.007935363908814932
pitt.edu:0.021468807061228713
moved:0.03877048121506039
university:0.020437740013901334
real:0.01111997327825325
second:0.011955199028922898
has:0.0046294542342893525
feel:0.013244681235852946
call:0.011551983034776989
network:0.0159716942175199
blue.cis.pitt.edu:0.025964779963535398
heard:0.02350128138625978
be:0.005030097888151924
writes:0.005750107747978803
get:0.005714669457787489
of:0.0076085446525723825
what:0.004001922186941875
years:0.009694675752088667
never:0.028747033446024264
anyways:0.024580198523889596
they:0.004056172280468451
who:0.0056219690184080365
good:0.007043521092867388
one:0.00427526481641575
in:0.0023175613290585713
pull:0.019652567058185324
or:0.0029317889465351535
thoughts:0.018669670946199188
and:0.000829994379327804
few:0.009937510873505594
for:0.005658241094123026
subject:0.00011607372561747085
i:0.001659988758655608
person:0.012196497561190655
back:0.009158072695945815
offense:0.021632895443762828
actually:0.010627452726526454
than:0.006220005574867222
the:0.0032771869999524044
do:0.0031231213865499856
see:0.0076929815713529396
canada:0.016176554752202813
would:0.004054998461323374
can:0.0037589825758161453
because:0.023018116942102353
agree:0.013115457299845389
country:0.014655452643565792
once:0.011665353021412635
an:0.0039039049502684205
just:0.01531811169738112
people:0.0065446658264048585
head:0.015012433632416014
is:0.004672567424185459
right:0.008434233016479564
does:0.02648888726820707
matter:0.013134360921306706
smell:0.025787293030838637
first:0.00816328186691757
although:0.013737997638064166
article:0.010569559308477404
give:0.020549880620487015
before:0.00924432290096802
past:0.014363106290884189
north:0.034905693781833266
