edm:0.038650693937704886
report:0.046008826951209156
11:0.14051689591345132
final:0.02337362664991876
tb:0.03582590769573762
4:0.13550560931883704
name:0.016740803065637886
0:0.2221306841497232
indicates:0.029793010408265624
attendance:0.07656654397460451
national:0.019722266212045536
la:0.02641396041836593
cal:0.032519779321471674
regular:0.024527531222761582
8:0.1610449790385745
3:0.12771632425296106
hockey:0.023832143990790942
det:0.036720671324865284
nyr:0.04324272849344741
was:0.005366431115765974
season:0.04626950822661477
mon:0.032729994824428586
que:0.03435583716742664
phi:0.04248416399069586
team:0.019413482234512103
van:0.02779154563935304
buf:0.03810758994564618
are:0.0038964326157650032
bos:0.03632092606552106
not:0.0036540000519755447
have:0.0030984885645312294
neutral:0.0320559000661848
pit:0.03515181293749384
site:0.023670086045082462
nyi:0.03714865658070743
of:0.001178427791307507
min:0.03435583716742664
stl:0.038650693937704886
ott:0.039909114330300303
5:0.12600595815358462
har:0.042851585941098495
tor:0.034082379983908645
subject:0.00016179973873950483
each:0.015430359984003729
6:0.10684907754760707
stan:0.03348855932718013
league:0.02357489132262575
games:0.06054309621106774
will:0.006868517241838087
the:0.0004568200060539715
nhl:0.02586152302651343
represents:0.031805942741736024
home:0.05326114639747906
nj:0.029577307710673486
7:0.07737038858015287
10:0.2977958780862715
willis:0.07656654397460451
sj:0.03760917722905847
number:0.015165241505440958
win:0.020542275173505098
average:0.02351224884183386
9:0.06474243010227321
chi:0.038283271987302255
2:0.15351105561963826
1:0.10682857592316591
included:0.022683523942430114
