tv:0.09471652640629158
with:0.014620684419738683
to:0.006890995800454155
everyone:0.07643781893782758
channels:0.13748237451668374
that:0.00867261563586192
abc:0.2749647490333675
bc:0.14456643479936535
two:0.04661973581633279
treated:0.2457923358681914
on:0.012675220630982248
a:0.0034912603146159877
was:0.022136528352534643
as:0.020002854005425463
it:0.0085713857434993
only:0.03333840595673217
real:0.12787969269991237
doing:0.06701757262913288
were:0.03878258243680748
seems:0.058912177234526956
in:0.008883985094724524
rogers:0.13814030722461806
subject:0.0006674239223004575
i:0.004772467681134873
don:0.11146513349329862
the:0.009421912624863162
thing:0.05659831087812392
canada:0.09301518982516617
people:0.03763182850182794
else:0.06316380563345142
while:0.05425856264696306
