stephen:0.047344875341756014
rick:0.05596119164103021
ever:0.0307374657770914
ron:0.04927091088633762
francis:0.06425130568586886
trivia:0.06993556983758067
devils:0.05878614720626729
wrote:0.02994854621735885
iastate.edu:0.0558854395361326
flyers:0.06591526898401623
to:0.0032051143257926296
us:0.023952051002151115
been:0.03412186947026603
that:0.008067549428708763
pittsburgh:0.051425179107543566
nt:0.008303238973516727
kirk:0.06993556983758067
re:0.004348145381141518
michael:0.034938316298531266
he:0.018489921017677154
recently:0.03848036703008941
on:0.005895451456270813
a:0.0016238420067981338
other:0.01603846497478966
y:0.049574076471335
was:0.030888179096559963
season:0.04438644684529905
let:0.026803927241311917
pens:0.05840487019669763
andrew.cmu.edu:0.047381155892177444
team:0.07449359462080227
are:0.007475713739549134
not:0.007010581495069359
traded:0.24650258698841995
has:0.012381098533564547
his:0.021446849319828567
be:0.006726293687645015
writes:0.007689097569971655
captain:0.3269530637991236
of:0.006782811124386232
whalers:0.07345046369656827
title:0.048851085250964175
jersey:0.05948503004428712
or:0.007840830903524248
and:0.008879009639320694
for:0.003783126312931093
subject:0.0006208594626050766
i:0.0022197524098301735
appreciated:0.03935769906018887
we:0.01567144076411593
any:0.011898689142893108
the:0.006135198918515548
nhl:0.04961803836482228
when:0.030411033554505487
would:0.01084476332679507
forget:0.04464201552807551
during:0.0340508082535171
new:0.020046506568413336
man:0.03369824812552557
while:0.02523654076602933
