probert:0.18386708867539697
at:0.006525666758921711
out:0.01745447554193274
all:0.014134338231796908
defense:0.08720458996106414
take:0.015746289854338544
with:0.004332054642885536
maynard:0.11684739830778802
clark:0.03714656789050912
to:0.004083553066935795
front:0.026051488365673583
perhaps:0.02139601138992626
toronto:0.0892688954475685
re:0.0027699296502086707
so:0.01513793477607289
game:0.022014882280818427
on:0.003755620927698444
you:0.004117029551175717
roger:0.03269447980419698
came:0.0223609387590959
3:0.017344192182500887
why:0.013183130223363012
a:0.0051722375031347965
series:0.026572965635316047
want:0.01401924420527542
wings:0.0677051976882561
as:0.011853543114326199
red:0.05352028081396372
ice:0.06930836190514843
no:0.008338857305055628
should:0.012168978831359109
leafs:0.07382648886162017
have:0.007574083157743006
fresh:0.04093046139988683
shift:0.03589546762042161
always:0.019681156281471907
his:0.013662437344483384
writes:0.004898239933463425
if:0.004964077183432661
end:0.020031358537596366
of:0.007201503169101431
seen:0.01920344363423965
they:0.0069105157370943976
now:0.012236402947246254
david:0.018492186958107365
one:0.0072837845020416484
in:0.003948437819877566
and:0.00424219349434211
for:0.007229974731379422
subject:0.00019775523623717257
rm:0.03809348175354531
i:0.0014140644981140366
mighty:0.04187737526292302
6:0.021765552833771813
morons:0.04378722051701264
back:0.015602642370870648
power:0.020013742816078088
wing:0.08309620589516702
offense:0.07371208817874741
the:0.00558335562954854
see:0.013106561195638342
did:0.024354237680636524
potvin:0.041765983578741235
ramsey.cs.laurentian.ca:0.08186092279977367
put:0.018425624441087255
long:0.01763193514895248
many:0.01372741501909699
hit:0.026516312147625253
is:0.0019901676065975107
move:0.02619870455980013
win:0.02510722521206179
night:0.024798776641363145
match:0.03545818220127944
maple:0.041765983578741235
somebody:0.02811650535907226
detroit:0.035180371864550156
tonight:0.035996250228242196
lot:0.018359654727891785
fans:0.0304666712559071
him:0.03550393042019715
ass:0.03609842298477802
little:0.017372879273321956
going:0.01613196802999765
while:0.016076611154655723
parking:0.04063993759875142
s:0.004595824302637173
