at:0.0044048250622721555
out:0.005890885495402299
case:0.012358055536533779
own:0.011332453177739977
with:0.005848273767895473
way:0.008661864097732716
edmonton:0.028343565663126978
turn:0.017107390673572576
often:0.015536601941393531
my:0.004751071306651506
to:0.0034454979002270774
sound:0.017255916445642155
thursday:0.026090637946183808
normally:0.02127925872060392
that:0.0034690462543447683
broadcast:0.05080926467723277
its:0.01033912278017085
television:0.026139899428398866
re:0.0018697025138908526
so:0.0051090529869246
abc:0.19247532432335723
this:0.00524982438371419
off:0.010917287239781753
la:0.021791517345151893
bc:0.02891328695987307
best:0.012175880399807172
game:0.029720091079104876
treated:0.02457923358681914
on:0.0050700882523928995
american:0.03227035217388216
m:0.013688147121160722
a:0.0020947561887695925
same:0.03884186701057225
hockey:0.01966151879240253
was:0.013281917011520783
listen:0.02135473185171634
said:0.010957524143317162
question:0.010914930416735523
canadian:0.07279001723613446
are:0.0032145569080061277
it:0.0068571085947994395
not:0.0030145500428798246
ones:0.016963149901884283
ve:0.00912566849513717
whether:0.014287292924409124
decent:0.022527811614098576
real:0.012787969269991237
earlier:0.01972973267442146
allen:0.022270143363522663
has:0.005323872369432755
poor:0.01975728095347631
cbc:0.06409113198035887
usually:0.016488753710933068
be:0.0028923062856873565
which:0.006459461662587589
er:0.027496474903336746
writes:0.006612623910175624
showing:0.021470121588129065
get:0.013143739752911223
were:0.015513032974722991
if:0.0033507520988170464
of:0.0029166087834860796
cheers:0.021770813381821734
even:0.01679159447766026
seen:0.012962324453111764
what:0.004602210514983156
year:0.012373803581048259
least:0.012038311913532412
they:0.004664598122538719
called:0.01341127247928367
over:0.010029703762596789
in:0.004441992547362262
yes:0.013334229352519445
or:0.013486229154061707
and:0.0038179741449078986
still:0.010208545411147737
for:0.00488023294368111
subject:0.0001334847844600915
station:0.06203985206658235
p:0.01683064019815675
i:0.0038179741449078986
oilers:0.029088743558929417
we:0.02021615858570955
don:0.02229302669865972
signal:0.022527811614098576
any:0.0051164363314440365
event:0.02076370474098486
coverage:0.09256329289824095
the:0.0075375300998905305
do:0.007183179189064966
sfu.ca:0.02917883608644281
thing:0.011319662175624783
when:0.01307674442843736
canada:0.037206075930066466
would:0.00466324823052188
radio:0.01793675180383833
did:0.008219555217214828
last:0.01090081276029749
an:0.004489490692808683
just:0.01174388563465886
during:0.014641847549012352
here:0.01800400905623396
actual:0.020311784433643516
is:0.004030089403359958
night:0.016739174232920123
whoever:0.02519539678893888
supposed:0.018243475057081803
article:0.004051664401583005
shown:0.020646837985058317
dumb:0.025713100183643083
playing:0.020026849776775463
black:0.017647761781219688
while:0.010851712529392613
s:0.006204362808560183
