report:0.023144684289480216
at:0.005371737880819702
attitude:0.02680709165155319
media:0.09637698026086004
ah:0.02870306076506568
maynard:0.09618535836311819
someone:0.013435720211359877
sharks:0.03515587169887387
trick:0.030292091947072445
to:0.004201826707593996
that:0.004230544212615571
bay:0.08768129991350297
really:0.023797509063303975
toronto:0.02449451399475965
me:0.006607248051247224
re:0.0022801250169400644
lost:0.021368941001938112
so:0.018691657269236342
he:0.009695934192196557
goal:0.02557394002658431
leading:0.027531855083728365
game:0.036244013511103505
tell:0.014695274717210079
hat:0.0326491709316396
went:0.019893056495341975
am:0.009965465589642473
roger:0.02691313886321093
apparently:0.023101591806412577
winning:0.028561250629917708
3:0.014277231369741584
beat:0.026499586446511167
a:0.002554580718011698
how:0.016041012161330786
wings:0.05573293712143032
was:0.005399153256715766
as:0.009757489758744128
red:0.0440563287188116
part:0.01493428117325169
let:0.014055717943614786
gilmour:0.03580980785956653
california:0.02426505626172522
are:0.003920191351226985
those:0.011316558867607074
not:0.007352561080194694
expecting:0.03411344610043704
leafs:0.1519295121390049
have:0.0031173817874856884
only:0.008131318526032235
area:0.058691470329134396
against:0.03150342429460789
always:0.01620095181706529
call:0.01620095181706529
penalties:0.032929567963601934
his:0.011246518545763761
coach:0.06217278383119248
be:0.007054405574847211
writes:0.004032087750107088
if:0.0040862830473378615
of:0.0011856133266203576
reporting:0.033941672460396206
candidate:0.03505338927011544
but:0.0040566050137220136
san:0.07386522134642458
eh:0.030385902427800985
who:0.007884468745328343
good:0.009878108849753044
george:0.02428240353082419
in:0.00108341281642982
francisco:0.06086670900733433
replace:0.02680709165155319
yes:0.016261255307950542
and:0.003492049522781614
for:0.009919172649758353
subject:0.0001627863225123067
rm:0.03135743924834523
i:0.0011640165075938716
morons:0.03604435835241895
fired:0.028922158382297773
will:0.006910398444532222
coverage:0.028220516127512484
the:0.006434476914540696
thing:0.013804466067835102
jose:0.027804248010872223
powerplay:0.040152462588411895
can:0.005271743856327521
did:0.02004769565174348
potvin:0.03438053526298821
ramsey.cs.laurentian.ca:0.06738551571932588
joe:0.02426505626172522
many:0.022600012531440165
biased:0.03175836228226462
is:0.00655299089977229
win:0.04133506589790661
maple:0.03438053526298821
detroit:0.02895945244947726
tonight:0.02963105963910181
expected:0.02530102599828252
ref:0.03526010604862569
conspiracy:0.03271807065879772
little:0.014300845743283318
playing:0.024422987532653005
soft:0.03258104104994371
walls:0.03271807065879772
