77:0.27019684435692015
know:0.03009451525995858
help:0.05219738341565359
all:0.023269947088933932
need:0.046858585158469176
re:0.009120500067760258
greatly:0.09519339389757565
am:0.039861862358569894
ray:0.10579924064850414
only:0.03252527410412894
be:0.014108811149694422
writes:0.01612835100042835
of:0.01896981322592572
wearing:0.12250777651014624
now:0.04029059507020108
one:0.023983192872576158
in:0.013000953797157839
for:0.007935338119806684
subject:0.0006511452900492268
i:0.009312132060750973
appreciated:0.08255517363844495
any:0.02495822600704408
the:0.007353687902332225
nhl:0.10407686096035894
would:0.022747552344009173
paul:0.07987859734412335
bruins:0.12351163193681716
detroit:0.11583780979790904
article:0.01976421659308783
players:0.09053351007409494
s:0.015132592216000447
