tv:0.04163363798078751
appearance:0.05960725049147731
out:0.012947001088796263
roughly:0.055648097905598944
your:0.013845409034958931
with:0.006426674470214807
much:0.019199965599559686
contract:0.05583435678816788
modern:0.04512668247298727
from:0.009302991806925008
antonio:0.06735745423974424
my:0.020883829919347282
to:0.0045435137145851566
look:0.026056794772262755
then:0.017537146700833003
playoffs:0.050506333300665354
that:0.003812138741038207
me:0.01190756791653346
abc:0.12086362594873296
had:0.016861631710792694
this:0.017307113352903924
ti:0.04163363798078751
he:0.017473991291431158
game:0.0326594407462691
you:0.006107681202293647
great:0.027706051524534914
loved:0.05767011596029059
m:0.01504191991336343
a:0.006138479674050089
how:0.01445453843108928
was:0.02919102639894678
canadian:0.05332601995321206
are:0.007064960237376105
those:0.02039467751964352
hoping:0.05260279777112885
it:0.0075352841701092745
only:0.014654244376585569
cbc:0.07042981536303172
heard:0.029699421532086535
be:0.012713434222801568
get:0.014443670058144202
were:0.01704728898321208
things:0.024557427781760986
of:0.002136709731491634
canadians:0.06335783471005839
excellent:0.08560583326022829
they:0.010251864005579602
up:0.014763300773103128
pick:0.0441764231542639
and:0.002097787991707637
subject:0.00029337315265954173
al:0.041868287700244304
i:0.008391151966830547
leads:0.04988786257650503
will:0.012453904889047082
coverage:0.10171790428378126
the:0.004141500054884907
would:0.010248897209938199
maybe:0.02909794595980576
thought:0.029500949507601237
is:0.00590489289869591
production:0.052743684457162494
time:0.017357252416524326
request:0.04286045085048717
first:0.020632470652648807
guess:0.03292480508720499
leave:0.03882617719004963
weekly:0.06229355090797138
