some:0.014238254574797002
out:0.014368013403420242
there:0.011192426653379847
geoff:0.1427833257550429
with:0.007132041180360334
though:0.030311514653788778
ca:0.025079860927955135
scheduled:0.062386738826935274
angels:0.06271487849669045
to:0.0016807306830375986
that:0.008461088425231142
nt:0.017416550042010696
so:0.012461104846157563
espn:0.06096235751295661
off:0.026627529853126226
game:0.10873204053331051
you:0.013556072912407851
why:0.02170393390431715
more:0.015505110070984462
air:0.04700169494672158
hockey:0.14386477165172581
was:0.04319322605372613
as:0.009757489758744128
baseball:0.13709545756422467
skip:0.07185191077975128
are:0.01568076540490794
ot:0.06096235751295661
it:0.008362327554633463
money:0.03780755813084305
get:0.016028950918184418
whatever:0.04030439730187028
of:0.002371226653240715
selfish:0.07416951569301794
seems:0.028737647431476564
must:0.02826171253023777
they:0.01137706859155785
now:0.02014529753510054
in:0.00433365126571928
u.s:0.043021248792667055
and:0.004656066030375486
enjoy:0.05637493387125254
subject:0.0003255726450246134
paid:0.050438904119172644
coverage:0.11288206451004994
the:0.00459605493895764
do:0.008759974620810936
when:0.01594724930297239
can:0.010543487712655042
instead:0.03741139404371514
people:0.0367139790261736
tuesday:0.06125388825507312
provided:0.04924348089761639
chicago:0.0514963358146815
fans:0.20063417656329066
replaced:0.05275179885434543
realize:0.04772574706257486
