send:0.04131474818135525
from:0.011923552879298248
post:0.0363743352736786
antonio:0.08633138501150317
to:0.003882251155185439
player:0.05475018356417186
proud:0.07120575577097166
appreciate:0.05407342725935907
like:0.016403367091671454
could:0.021255058525719118
me:0.015261812400064011
so:0.02878339710943437
this:0.007394118850301676
on:0.007140969369567464
them:0.02064590382439776
a:0.007867628878007859
are:0.009055089881707402
d:0.05131955555991649
it:0.004828949714647492
hope:0.040682556868169656
list:0.12302656043330618
univ:0.06541694889091841
boston:0.05872925542745831
get:0.018512309511142567
soon:0.05066188221182353
if:0.018877476613053782
of:0.008215799390101633
year:0.03485578473534721
please:0.026977681083172604
in:0.007507593037795372
or:0.018994688949382686
for:0.004582378350874282
subject:0.0003760134773523704
i:0.010754856746219434
the:0.0031848718731931815
nhl:0.18030216757921336
see:0.02492092621705882
can:0.01217698580898188
an:0.012646452655799108
note:0.04171393097011969
here:0.02535775923413234
eye:0.06465953485175216
somebody:0.05346096089401064
keep:0.03731569836797072
lot:0.03490920265162522
their:0.021319487585657944
request:0.05493381728724411
players:0.10455982853627865
progress:0.07074392728050699
