prism.gatech.edu:0.06847980565368518
go:0.05638934063171383
tony:0.06699629822380736
otherwise:0.05149833089292806
memory:0.049009162698077036
champs:0.0821552627916724
me:0.01570418377397891
re:0.005419427576495225
hrivnak:0.09154695475224452
glenn:0.08087565978956113
this:0.007608441135817667
cal:0.07776468968178009
am:0.023686034155092253
a:0.0040478380459315795
others:0.039077220624179655
it:0.0049689192715937965
not:0.008737826211245869
keith:0.17132465517911594
hope:0.04186176141507312
nyi:0.08883374399734384
goalie:0.15487799223741358
writes:0.009583512913298006
if:0.00971232492410738
end:0.03919178844312332
of:0.002817979500952734
2nd:0.06328459203752931
never:0.031941148273360295
in:0.0025750681433984127
for:0.004715200911769188
subject:0.00038691241872490284
i:0.00829994379327804
vernon:0.09071857194296991
league:0.05637474011932244
rangers:0.0676369662311189
favorite:0.07003572620905474
mail.sas.upenn.edu:0.08484226602835881
will:0.01642471514352586
than:0.020733351916224076
the:0.0010923956666508015
less:0.03983863125501851
receiving:0.07376101755673432
correctly:0.06316381839174462
serves:0.07479665471589585
healy:0.08457633648244293
mask:0.07776468968178009
current:0.04582964817001185
is:0.007787612373642432
right:0.02811411005493188
1st:0.06522849493559743
hear:0.04802437049650446
votes:0.08284008720979626
poll:0.0840586831113983
chicago:0.06119854401165047
masks:0.08625043629580299
kkeller:0.09288569852225922
article:0.011743954787197116
mike:0.046310319260256576
god:0.038451858431524995
3rd:0.06396746048647235
s:0.017983660314667197
