at:0.008008772840494827
true:0.023484370837798606
ah:0.08558730846310493
maynard:0.04780120839864055
to:0.003758724982065902
look:0.02155607567523555
been:0.013338548974740357
think:0.039265855296233325
really:0.01773996130173569
nt:0.012983246394953426
along:0.031763285555829406
toronto:0.10955728077656134
re:0.0033994591161651865
this:0.004772567621558354
on:0.004609171138538999
you:0.03536902659873684
serious:0.03269994215490427
deserves:0.051258252573909695
beat:0.039508474338434824
a:0.002539098410629809
mario:0.0997525741060262
wings:0.041546371308702604
red:0.03284199049947774
following:0.024884675209452378
said:0.03984554233933513
granted:0.042793654231552465
gilmour:0.3203350084892133
patrick:0.04168731845902956
mind:0.05508465096382067
van:0.04168731845902956
are:0.005844648923647504
it:0.003116867543090654
not:0.005481000077963317
should:0.014934655838486178
have:0.009295465693593687
writes:0.0060114762819778395
get:0.011948854320828385
if:0.01218455308660744
of:0.0053029250608837815
even:0.01526508588878205
what:0.008367655481787556
who:0.02351005225879724
david:0.02269495672131358
in:0.0016152700172226407
or:0.0061301041609371386
for:0.0029577169355643087
subject:0.00024269960810925723
i:0.0052063283794198615
6:0.026712269386901768
hart:0.10513922530862935
group:0.0245192357709695
mention:0.03431522558433566
walker:0.04430261002677302
the:0.002740920036323829
do:0.00653016289914997
nhl:0.03879228453977015
when:0.023775898960795197
less:0.024989686878147975
did:0.04483393754844451
potvin:0.051258252573909695
gretzky:0.10577724930519787
just:0.01067625966787169
n:0.03328195905276728
is:0.002442478426278763
discussion:0.03125338131354719
detroit:0.04317591092467519
selection:0.04818005109319117
lemieux:0.05073109568617925
comes:0.05498502431355476
going:0.019798324400451657
s:0.005640329825963803
