go:0.07781729007176509
know:0.049355005026332076
all:0.019081356612925825
where:0.03694913596467524
to:0.0055127966403633235
champs:0.11337426265250791
need:0.038424039829944724
on:0.010140176504785799
you:0.011115979788174437
roger:0.08827509547133185
a:0.005586016503385581
want:0.07570391870848726
ot:0.09997826632124884
it:0.02057132578439832
not:0.012058200171519299
keith:0.23642802414718
has:0.02129548947773102
what:0.036817684119865246
over:0.040118815050387155
in:0.0035535940378898095
subject:0.000533939137840366
i:0.0038179741449078986
we:0.0269548781142794
league:0.07779714136466497
rangers:0.09333901339894407
mail.sas.upenn.edu:0.11708232711913517
yet:0.05260137485372328
the:0.001507506019978106
when:0.02615348885687472
is:0.016120357613439832
deal:0.06592629983521019
nothing:0.05109712003001818
him:0.04793030606726616
kkeller:0.12818226396071775
s:0.049634902468481464
