penguins:0.05096774022921236
go:0.09536432606833957
cable:0.04232987709205146
louis:0.04620785968233294
stations:0.10757630540845964
all:0.009353606182806777
tune:0.057763300822937305
devils:0.049564790781754776
nights:0.055278507677745746
wrote:0.025250735046008443
flyers:0.055575618947307795
to:0.0013511756471478733
remember:0.027280627809031687
caps:0.050507377649920485
teams:0.04054892291933487
that:0.003401025739553694
broadcast:0.04981300458552232
think:0.014115176740476031
pittsburgh:0.04335848434557595
cleveland.freenet.edu:0.041984497759857894
like:0.011418030034398757
nt:0.007000770114925867
re:0.0036660833605702994
anyone:0.016401124996484228
apr:0.036541257618019594
on:0.014912024271743821
am:0.08011452728928263
theodore:0.053297854463301764
a:0.0027382433840125392
other:0.0135226273316854
mon:0.05294557986304624
steve:0.03144268477288614
sig:0.04626604336389975
are:0.012606105521592657
play:0.031391355223337664
not:0.005910882437019264
ones:0.03326107823898879
have:0.010024521826424566
19:0.04016565894098901
list:0.028545378401191958
which:0.01266561110311292
g:0.034656881970701
of:0.003812560501288993
blackhawks:0.06283444311799889
one:0.009640303017408064
in:0.003483915723421382
st:0.03761516904822843
jersey:0.0501540449393009
blues:0.10834533899970043
205:0.055278507677745746
and:0.0018715559533862248
for:0.003189694734432098
subject:0.0002617348714903755
i:0.007486223813544899
games:0.06529157434526914
the:0.005172814774434677
do:0.014084665076597974
nhl:0.041834816660536435
would:0.00914362398141545
can:0.025428411542285687
radio:0.07034020315230718
here:0.017650989270817607
ted:0.043985432625970794
cards:0.03857860259168727
new:0.016901956518466144
detroit:0.04656225687955167
does:0.011945968768014953
1993:0.0297025078726484
chicago:0.04139901506670473
s:0.012165417271686633
