at:0.013765078319600485
say:0.009883046740976788
there:0.004780098883214309
help:0.011146316250217692
where:0.009622170824134175
specifically:0.021078347144560736
with:0.006091951841557784
to:0.0028712482501892307
besides:0.021094202052796295
then:0.008311876821748974
might:0.011078568416033573
make:0.009167085850779706
that:0.0054203847724137
playoff:0.07274554057312935
think:0.007498687643377891
nt:0.007438318247108734
could:0.007859943517323215
re:0.0019476067853029715
so:0.005321930194713125
charles:0.021438815911113726
had:0.007991710862927787
he:0.024845831367503676
best:0.012683208749799136
big:0.01445719038472686
game:0.015479214103700456
great:0.013131514003816024
them:0.007634683185063754
winning:0.024396068246388042
why:0.009269388438302117
a:0.0021820376966349923
anymore:0.023080491409718712
series:0.056052349386994785
was:0.004611776740111383
buffalo:0.026690632975135093
reason:0.013917770437544415
it:0.003571410726458041
not:0.0031401562946664838
should:0.008556313240799373
leafs:0.07786387497124002
have:0.00532552722028805
probably:0.01243345684911046
only:0.006945501240985867
money:0.016146977951714218
against:0.01345458745915545
call:0.013838313010409935
2-0:0.03192462674904544
goalie:0.08348891769048075
be:0.00903845714277299
boston:0.021717589246612188
sabres:0.06023601449973556
writes:0.0068881499064329405
get:0.020537093363923786
making:0.0160135791191271
if:0.00349036676960109
of:0.0020254227663097776
kept:0.020800914700907155
dchhabra:0.03260198679200481
expansion:0.02407679467418077
but:0.00693003356510844
years:0.011613413661356216
least:0.025079816486525856
again:0.025436136855291853
goaltender:0.03232038668122212
they:0.004858956377644498
up:0.00699718942891867
proving:0.06005794748557618
david:0.01300231895491924
good:0.016875102618328114
chance:0.01872425795839898
one:0.015364232933994101
in:0.006477905798236632
better:0.01164695766302814
and:0.003977056400945728
for:0.001694525327667052
subject:0.00013904665047926196
cec1.wustl.edu:0.03274871010953968
however:0.012484890126025588
i:0.00497132050118216
draft:0.025717841792096893
league:0.0202596722303815
leads:0.023644768200322692
joseph:0.04254373571503908
the:0.004710956312431581
do:0.0037412391609713365
would:0.009715100480253917
can:0.009005895754559514
because:0.009191261973408926
agree:0.015711224890439787
once:0.013974120806900553
potvin:0.02936670720380243
forward:0.022529414094043358
come:0.012506217054528168
rid:0.024048717337540788
thought:0.027964441720747003
is:0.006996682991944373
deal:0.01716830724875265
grant:0.0471352125903835
either:0.01303938909954874
save:0.018867240793860904
win:0.017653517727230943
right:0.010103508300991142
time:0.008226614426581841
detroit:0.024736198967261827
himself:0.01949365338802588
1:0.01020064527044119
protect:0.02150712290110241
nothing:0.0133065416744839
him:0.012481850538350561
fuhr:0.18017384245672854
article:0.004220483751648963
stpl.ists.ca:0.03260198679200481
felix:0.05904909513151453
by:0.005158518098006073
s:0.009694316888375286
