some:0.11119398810793849
b.c:0.2770356529421849
to:0.0065628531432896705
mail:0.14591978594456456
me:0.05159946097164498
on:0.04828655478469428
tom:0.36149792604521475
stats:0.2211715891073908
if:0.03191192475063854
championships:0.2980753078126154
in:0.008460938185451928
world:0.12005955660631794
subject:0.0012712836615246807
victoria:0.28851956040965576
the:0.003589300047566919
can:0.04116980916370063
e:0.14813760457399175
give:0.11253506054076222
