some:0.007732032285651352
since:0.013250474327176697
looks:0.022669572677972784
at:0.011668410760985841
defense:0.025988122836078716
ncsu.edu:0.03914751503176627
eos.ncsu.edu:0.038528137164144924
defeat:0.03864746501515604
4:0.016452115921713105
previous:0.023001320660217258
gerald:0.0670725418464835
awesome:0.07592353030924134
to:0.00547628805334105
remember:0.01842797375179624
0:0.024272558201790945
hang:0.03516888019448859
might:0.01408665652899633
playoff:0.030832546997882637
think:0.00953475514919573
like:0.015425682960379777
nt:0.004728997031274427
need:0.012723191996670439
re:0.002476427170716361
so:0.00676695759857563
this:0.006953409779753894
off:0.014459983099048678
two:0.012349598891743785
game:0.01968217952258601
you:0.007361576018658568
great:0.016697024428693225
m:0.018129996186967843
a:0.0009248371694346987
as:0.010597538545920774
season:0.025279698203282904
buffalo:0.20362655090963994
team:0.021213407739698657
are:0.004257691268882288
d:0.012065193525675732
it:0.002270565759867364
not:0.003992781513748112
wins:0.06520688048599878
after:0.012776249587185108
glad:0.0307224749367168
be:0.003830869252566035
boston:0.19330092680428332
sabres:0.038295744317712675
writes:0.008758442265133276
get:0.008704463412523988
but:0.008811698307952453
year:0.03277828763191592
never:0.014595624045442785
easy:0.02194491102158151
up:0.01779417709076006
proving:0.03818253614977029
good:0.021457084123966876
one:0.006511992766725976
in:0.00588343383756591
golchowy:0.03616605144269636
or:0.0044656387927356645
for:0.002154628231205788
subject:0.00017680103901998871
each:0.016860989386494142
i:0.005056919397229005
games:0.022052121136481626
will:0.007505333409955526
than:0.009474180676950075
the:0.002995045072804184
wrong:0.017506106336621592
see:0.023435572998823526
start:0.018659351575380876
can:0.005725602598925254
home:0.038799510620680114
because:0.011686902641685523
olchowy:0.03592225029618831
last:0.02887632519284103
mr:0.044727889778588256
an:0.011892690576976646
record:0.051081435724988015
bruins:0.03353627092324175
is:0.010675733518834328
stuck:0.03149340441913012
grant:0.0299667576733564
obtain:0.030333842474279123
tonight:0.06436415603725426
alchemy.chem.utoronto.ca:0.07168587554540025
fans:0.02723841469898979
fuhr:0.07636507229954058
article:0.01073288583200796
takes:0.023681455986620335
7th:0.03650574213400465
giving:0.025121635412510432
revenge:0.03927865825889329
four:0.02323209371538393
s:0.004108849542092836
