77:0.2915281741745717
at:0.015455526534288264
thanx:0.08513452308319819
know:0.021646932029093013
help:0.03754548631652275
all:0.0167380321166016
need:0.03370529809644274
re:0.006560359697862641
greatly:0.06847244122457195
he:0.027897073816144476
am:0.028672567661427464
ray:0.07610120818576613
buffalo:0.08990529002150768
only:0.023395372601215554
tom:0.1331834464377107
alleg.edu:0.10551682466722698
be:0.010148443107674935
sabres:0.10145012968376516
writes:0.01160109457925548
of:0.017056191716292864
least:0.042239690924675125
wearing:0.08811962871782449
now:0.05796190869748225
one:0.01725106855746706
in:0.012468751010139683
and:0.0033491001271121917
for:0.005707874787931122
subject:0.0004683676647722508
i:0.006698200254224383
appreciated:0.05938179156449549
any:0.01795240818050539
the:0.007934242210411084
nhl:0.07486230349780204
would:0.01636227449305923
did:0.028840544621806408
bruins:0.088841700165079
article:0.014216366321343876
players:0.06512059496557705
s:0.010884847032561724
isles:0.10933653491011944
