out:0.01402591784619595
know:0.029377979182340516
help:0.025477294286211868
someone:0.026231644222178805
from:0.010078241124168757
name:0.03288372030750299
to:0.0049221398574672524
h:0.0420616919558871
been:0.017467147466921896
that:0.008259633938916114
think:0.017139857470578036
nt:0.00850093513955284
could:0.017965585182453062
me:0.02579973048582249
re:0.004451672652121078
exactly:0.038290269681809624
anyone:0.019915651781445134
this:0.006249790932993083
getting:0.032288113955055785
he:0.0378603144647675
on:0.01207163869617357
used:0.023505517956391254
came:0.03593722300568984
m:0.016295413239477047
sure:0.0259767145257048
beer:0.06347905828576407
was:0.010541203977397447
as:0.009525168574012123
cherry:0.07084857267155245
not:0.007177500102094819
have:0.006086316823186343
liked:0.06048721985384853
his:0.043914977178696586
coach:0.12138495890851864
boston:0.04964020399225643
writes:0.007872171321637646
fill:0.05752934652886638
but:0.007920038360123931
george:0.04740850213160913
in:0.004230469092725964
or:0.008027517353608158
use:0.01979499437794462
for:0.0038732007489532616
subject:0.0003178209153811702
cause:0.03754168015883413
i:0.006817810973049818
info:0.0350642316594333
don:0.15923590499042659
games:0.039641312995341974
the:0.004486625059458648
do:0.008551403796505912
when:0.015567552890996855
marshall:0.07037231868805603
got:0.02633516454322112
because:0.02100859879636326
named:0.055491867288439856
may:0.022155065802855128
during:0.03486154178336274
here:0.021433344114564237
about:0.011726383099069898
minors:0.07186235610417516
bruins:0.12057087879546437
keep:0.03154064981102287
blue:0.04757930508884891
dog:0.059232928000779166
