some:0.02779849702698462
at:0.020975357439391214
there:0.0218518806089797
saw:0.08089001388417749
custom:0.12695811657152814
throw:0.10150882325082881
scored:0.11792264938807807
to:0.0065628531432896705
tie:0.12618584810121497
two:0.04439974839650741
game:0.14152424323383272
on:0.02414327739234714
was:0.021082407954794893
ice:0.22277687755226278
responsible:0.09311560035888147
not:0.014355000204189639
after:0.045933659230117885
gives:0.08658391609038345
what:0.021915288166586454
in:0.008460938185451928
watching:0.10141914508903176
and:0.004545207315366545
subject:0.0006356418307623404
i:0.00909041463073309
the:0.007178600095133838
last:0.0519086321918928
an:0.021378527108612776
thought:0.06391872393313601
is:0.006396967306920569
night:0.07971035349009581
detroit:0.22615953341496525
cunyvm.bitnet:0.14480714968636832
