played:0.2897287872253089
player:0.2776616452183001
anyone:0.1194939106886708
have:0.03651790093911806
stats:0.6635147673221724
up:0.09596145502517033
for:0.023239204493719568
subject:0.0019069254922870211
until:0.20436898038318885
games:0.2378478779720518
the:0.005383950071350378
does:0.08703491530982323
april:0.24301099013486516
