basically:0.028030046773199185
tomorrow:0.03611149042670705
proven:0.03388024267640596
know:0.008813393754702156
happen:0.02415451590119511
own:0.016189218825342824
whom:0.030059362852512733
gld:0.041684051552061153
with:0.016709353622558494
further:0.025341674293438476
times:0.020074829582093046
from:0.006046944674501254
gerald:0.03617126363863931
longer:0.024244364345529824
cunixb.cc.columbia.edu:0.03778016793514637
both:0.01604074344505884
to:0.002953283914480352
everywhere:0.0355397568004675
day:0.018166450255449086
next:0.03826257176784536
that:0.01238945090837417
like:0.00831885045363338
toronto:0.05738714707343689
happens:0.02668626796270556
need:0.0137228713678374
re:0.0026710035912726466
so:0.0072986471241780005
had:0.021920121224030503
supposedly:0.03313638368174455
this:0.0037498745597958497
he:0.011358094339430252
on:0.003621491608852071
dare:0.035935114622490105
a:0.002992508841099418
how:0.009395449980208031
was:0.018974167159315405
gary:0.030319131739447558
season:0.05453192040993883
based:0.021577878656432445
team:0.02288017549067498
l:0.023606861276809735
pat:0.028951001654455567
no:0.008041040972732214
signs:0.035877277406542826
have:0.003651790093911806
philadelphia:0.035430703428104726
after:0.027560195538070733
sports:0.034283394897155615
has:0.022816595868997522
coach:0.03641548767255559
sun:0.02591780217213458
writes:0.004723302792982588
get:0.00938838553779373
what:0.006574586449975937
iron:0.03857463675736226
san:0.028842610240032457
york:0.02687976576732459
they:0.013327423207253481
who:0.009236091958813203
cares:0.03617126363863931
keenan:0.1395191976931249
in:0.0038074221834533675
star:0.06558324249249148
golchowy:0.03900766977033679
or:0.004816510412164895
and:0.004090686583829891
for:0.002323920449371957
subject:0.0001906925492287021
i:0.0013635621946099638
rangers:0.13334144771277723
negotiations:0.04222339121283362
the:0.00484555506421534
jose:0.032570690527021745
agreement:0.035270183029161455
olchowy:0.03874471281946025
reports:0.02824444602991537
come:0.0171513833890672
an:0.012827116265167667
myself:0.023806014728556306
just:0.008388489739042042
record:0.027547488551689963
many:0.013237150196986382
about:0.014071659718883878
interested:0.020550544395820856
is:0.0019190901920761708
weight:0.03174955500716628
either:0.017882590765095414
new:0.01231428260631105
their:0.010812025847012243
told:0.02214442690520807
alchemy.chem.utoronto.ca:0.03865916859769799
ranger:0.04471129617189231
supposed:0.026062107224402577
article:0.005788092002261436
upi:0.04413956254565276
comes:0.021601259551753654
mike:0.022824371635412167
announcement:0.032643577456837755
editorial:0.04142892239061773
