go:0.06413512918002617
thanks:0.021905347746331464
edmonton:0.12458710181594276
lu:0.1312505360794097
sharks:0.06335783471005839
finnish:0.07194795095073302
to:0.006058018286113543
playoffs:0.050506333300665354
t:0.08493207873627831
next:0.029432747513727202
that:0.007624277482076414
nt:0.007847017051894929
rec.sport.hockey:0.07079014308636129
re:0.004109236294265611
so:0.01122868788335077
he:0.017473991291431158
contact:0.0382425527360502
on:0.00557152555208011
you:0.006107681202293647
nelson:0.11671430570039071
why:0.019557390990703367
gary:0.046644818060688556
pens:0.05519581139468128
team:0.03520026998565382
wow:0.05691935503746117
reason:0.02936496619789591
silver:0.05723485070649888
probably:0.026233227637683612
stay:0.04339228096984816
verified:0.06633448255770015
coach:0.11204765437709414
be:0.006356717111400784
writes:0.0072666196815116746
of:0.002136709731491634
year:0.02719517270560057
san:0.08874649304625372
now:0.018152905471189498
comment:0.04318238897673366
in:0.005857572589928257
our:0.02450302662615817
or:0.007410016018715224
and:0.002097787991707637
for:0.017876311149015053
subject:0.00029337315265954173
al:0.041868287700244304
hart:0.06354568562609467
oilers:0.06393130452511961
info:0.03236698307024613
back:0.023146777143599313
any:0.011244915014162719
flames:0.04914793818014693
the:0.002484900032930944
jose:0.10021750931391307
calgary:0.05960725049147731
can:0.009500725191623224
leland.stanford.edu:0.05546494348268453
norris:0.060868519882602896
drew:0.06317314110218607
current:0.03474995300803097
netters:0.05426182004486378
article:0.008904756926556056
assistant:0.12295835517520164
roberts:0.061169607511043715
needed:0.03665739219929694
smythe:0.06609295611024109
s:0.006817981108307894
news:0.06744783552007513
