some:0.017962105771282374
at:0.02710661576782865
there:0.014119676701186884
saw:0.0522673935866993
custom:0.08203447532314127
throw:0.06559031656207401
scored:0.07619617345075815
to:0.004240612800279479
r:0.047695688718909696
like:0.01791752405397959
tie:0.08153547108078507
re:0.005752930811971855
two:0.02868906819466633
game:0.09144643408955347
on:0.015600271545824307
a:0.002148467885917531
was:0.013622478986175164
ice:0.14394813626453903
responsible:0.060167003308815734
no:0.051957495516115844
it:0.005274698919076492
not:0.009275538593476384
after:0.02968021057946079
alive:0.06776955528612058
writes:0.010173267554116345
kinda:0.0785677223711775
gives:0.05594653039686316
what:0.014160647738409712
david:0.038406849836069144
in:0.008200601625899561
watching:0.06553237067291283
and:0.0029369031883906913
subject:0.00041072241372335844
i:0.005873806376781383
games:0.05122877371705732
the:0.006957720092206643
last:0.03354096233937689
an:0.013813817516334412
thought:0.04130132931064173
fish:0.08460453816411306
is:0.004133425029087137
night:0.05150515148590807
detroit:0.1461338523604391
keep:0.04076022437116802
tradition:0.0721509047388193
cunyvm.bitnet:0.18713539344084526
article:0.012466659697178478
s:0.009545173551631052
