penguins:0.12679779276535758
round:0.1073337241951034
finish:0.1193741588327528
with:0.014264082360720668
devils:0.24661505657263352
to:0.003361461366075197
that:0.008461088425231142
islanders:0.2651893246466722
opening:0.119898700423508
identical:0.11920178890048226
beat:0.10599834578604467
lucky:0.1161389277447944
also:0.03618285687023333
team:0.07812742850474384
list:0.07101533163223366
if:0.016345132189351446
breaking:0.12330752828631676
ed:0.09678462613826835
they:0.0227541371831157
who:0.03153787498131337
in:0.00433365126571928
and:0.004656066030375486
gets:0.0813979595705562
for:0.007935338119806684
subject:0.0006511452900492268
face:0.08754320953525756
the:0.011030531853498336
would:0.022747552344009173
can:0.021086975425310083
rules:0.10047598294069884
somebody:0.09257873715792087
tonight:0.11852423855640724
records:0.1202547687020727
s:0.015132592216000447
