at:0.006776653941957162
50:0.026547563762526392
thanks:0.015333743422432024
with:0.0044986721291503644
ron:0.06518920517269286
hawks:0.13425573950275116
maynard:0.04044717633731124
meaning:0.030353434883725328
goals:0.03551810560621409
my:0.007309340471771549
scored:0.03809808672537907
to:0.00636091920041922
appreciate:0.029532410272419186
next:0.02060292325960904
that:0.0053369942374534894
problems:0.042201126706027284
decade:0.08674473512507795
jbrown:0.04643413779039011
re:0.0028764654059859275
had:0.011803142197554886
th:0.04475191316758372
getting:0.020863089017112972
goal:0.032262508956614054
set:0.02038011218558401
you:0.008550753683211105
them:0.011275839781017238
bill:0.023811645197628597
m:0.010529343939354402
beat:0.03343024751713716
a:0.002148467885917531
same:0.014939179619450866
want:0.01455844590547832
wings:0.03515462187659451
no:0.008659582586019307
place:0.020918673979357122
it:0.002637349459538246
not:0.009275538593476384
leafs:0.07666596920245171
have:0.003932697024212714
laugh:0.039018582908118216
against:0.019871390708906513
after:0.014840105289730395
his:0.02837583140777318
writes:0.005086633777058172
things:0.01719019944723269
if:0.010310006457898604
of:0.002991393624088287
even:0.012916611136661737
reading:0.02527940035663839
blackhawks:0.04930087075412221
oh:0.024843970647242104
finals:0.04292631173445937
one:0.007563930059812481
president:0.057930125525723054
in:0.006833834688249634
morris:0.03781420551818329
or:0.005187011213100657
and:0.0029369031883906913
subject:0.00020536120686167922
rm:0.03955861566714321
i:0.007342257970976728
column:0.04448197993826626
will:0.008717733422332957
the:0.0063779100845227565
see:0.027221319406325786
would:0.014348456093913478
can:0.006650507634136257
hate:0.03096914801967561
major:0.02520329209782917
refer:0.03447544797547391
put:0.019134302304205996
mr:0.025976582140641646
norris:0.042607963917822025
btw:0.028859927080333348
people:0.011579024154408596
about:0.007577047540937474
worry:0.03381817716042095
is:0.0020667125145435684
deal:0.02535626916738853
clinton:0.02819350991131102
win:0.052145775440436026
match:0.03682195843979019
new:0.026523070228977645
their:0.011643720142936262
paper:0.029666526132589195
leave:0.027178324033034745
little:0.018041066937680494
by:0.007618734421670509
