some:0.01588485544399121
at:0.01198591853679498
folks:0.02519194455982842
louis:0.03206259651427183
say:0.012908469212704377
there:0.006243394459708486
became:0.029426173510587243
saw:0.04622286507667285
ever:0.017982462971631703
camera:0.03530027246505788
with:0.003978417529180594
custom:0.036273747591865184
though:0.016908463956535235
cup:0.05958188568020983
from:0.011517989856192864
throw:0.08700756278642469
scored:0.03369218553945088
to:0.005625302694248289
h:0.0240352525462212
sweep:0.04153354274991608
think:0.009794204268901737
tie:0.036053099457489995
52:0.03665818439637772
re:0.0025438129440691873
had:0.01043815296382405
two:0.012685642399002118
game:0.0808709961336187
on:0.01379615850991265
8:0.0200849747100263
a:0.0038000112267929115
hockey:0.026750365703949015
wings:0.03108912138746453
was:0.024094180519765595
old:0.01801301416559404
baseball:0.025491672381556515
stanley:0.033641228588912386
ice:0.09547580466525547
balcony:0.05005573981451042
california:0.02707121923076827
team:0.021790643324452363
recognized:0.034006213034438376
it:0.00466469972435336
after:0.013123902637176539
heard:0.01838535618652976
writes:0.004498383612364369
were:0.010553083656274144
of:0.001322725071875773
standing:0.033641228588912386
gives:0.024738261740109558
what:0.006261510904738987
never:0.014992783883414016
they:0.0063463920034540384
good:0.01102047517931632
george:0.02709057264663379
one:0.013378379697627516
in:0.004834821820258244
threw:0.03570054797541798
watching:0.057953797193732434
and:0.0038958919845998963
subject:0.00018161195164638296
i:0.00909041463073309
back:0.014328957279371004
games:0.022652178854481127
tiger:0.04297101957758416
than:0.009731981511697014
the:0.007178600095133838
when:0.02668723352742318
joe:0.02707121923076827
last:0.014831037769112229
an:0.012216301204921587
thought:0.018262492552324573
during:0.03984176203812885
long:0.016192593504140033
dates:0.03805853850661003
is:0.0036554098896688964
living:0.025061258598837413
night:0.022774386711455947
seats:0.03796204439101849
field:0.026479305101587115
detroit:0.06461700954713294
lot:0.016860907403165922
1st:0.030617456806504913
tradition:0.031903461279069754
cunyvm.bitnet:0.04137347133896238
fans:0.02797959605134325
luck:0.02804618112866409
before:0.01446390657974588
s:0.004220654971809648
