some:0.008522166971776306
out:0.017199665680006714
there:0.006699116683044871
played:0.029607321322294346
defeated:0.046325495190179214
final:0.028150718228004343
with:0.004268812969266769
missing:0.03151567491524999
cup:0.03196546421529505
goals:0.03370331188910826
to:0.0020119695767749353
remember:0.020311124354169575
bet:0.03148665193437671
recall:0.05709277686237989
montreal:0.03598865340718964
most:0.013551791707788597
h:0.02578965054229574
playoffs:0.0670960048227817
day:0.018564255735495416
that:0.002532150550616619
playoff:0.03398331822394363
think:0.010509109689989454
nt:0.005212252202353566
re:0.002729492721008544
so:0.01491694302751708
winner:0.0804725118574409
had:0.011200061939285659
empty:0.03714970957236984
game:0.04338699427606551
them:0.021399403963974318
a:0.0020386921545202845
wings:0.0333584003208561
was:0.025852879827777682
as:0.005840249344649769
finished:0.036096792719489935
following:0.0199803961535749
no:0.00821712216191613
those:0.013546829593339854
d:0.013298133010051354
place:0.01984983662274763
missed:0.03172213268049512
it:0.002502594377664029
decided:0.02723819754027996
throwing:0.03714970957236984
coach:0.03721290711064075
writes:0.00965346556230018
if:0.00489160890338255
of:0.004257823041585518
canadians:0.04208440115777601
but:0.004856081914236571
year:0.018063946833647093
sat:0.0379467846962019
well:0.012283707373382078
net:0.02419812032772615
george:0.029067986708431876
president:0.08245528815705107
1969:0.04474108274318778
in:0.005187728522466875
and:0.004180263662307919
for:0.004749618436672613
subject:0.00019486829848188537
until:0.020884421353026598
i:0.006967106103846529
rangers:0.10219600007183657
fell:0.03654612040561719
the:0.009903324218834273
do:0.005243196488368589
when:0.01909013785173337
correctly:0.03181243408051371
accused:0.0400466538381857
last:0.031827190541014565
ny:0.0306656447560797
an:0.006554001011399538
jim:0.0247177426784589
long:0.017374534635829084
entire:0.027222030822545994
number:0.01826470692261137
picture:0.02985786688828759
days:0.021739070252191038
time:0.023058539706623554
keep:0.019338792584860737
1st:0.03285230766829359
1970:0.08344475937921082
although:0.02306379165514422
article:0.005914838542456942
s:0.009057463954102457
