above:0.013891102194533394
looks:0.01746482384884638
at:0.004494719451298117
there:0.009365091689562729
valuable:0.026524028078467654
selanne:0.06254620750833392
compared:0.021034635846498066
though:0.012681347967401425
cup:0.04468641426015737
finnish:0.06680881159710922
my:0.004848031945562761
to:0.0021094885103431086
might:0.010852475183053295
teams:0.021101990498837535
make:0.008980002466069916
that:0.014159372466713338
think:0.029382612806705205
13:0.02009050282891052
like:0.023768144153238226
nt:0.01092977375085365
mainly:0.024554400413921415
re:0.0019078597080518904
larger:0.02171352930673869
he:0.008112924528164464
26:0.02243042362680981
slower:0.024935068086325368
you:0.005671418259272671
american:0.016464465394837834
largely:0.02667336676367231
europe:0.020984697038507437
more:0.006486831764391458
a:0.0014250042100473418
markus:0.032699557132836156
was:0.013552976542368146
worked:0.019613080819256886
worth:0.01793450825914203
canadian:0.02475850926399131
lets:0.02364088902897761
team:0.049028947480017813
role:0.022519157007992816
success:0.022866368555161262
are:0.006560320220420668
27:0.02254158359714097
wow:0.026426843410249826
reason:0.013633734306165957
it:0.00524778718989753
due:0.016913992269890217
only:0.006803756317700441
decent:0.022987562871529157
between:0.01185135635737962
points:0.018699776981992
25:0.03752737294173074
500:0.02127437313953847
usually:0.016825258888707208
goalie:0.027261687409136568
highest:0.02407722664856007
be:0.014756664722894677
listed:0.02316222191052019
if:0.0034191347947112715
of:0.0019840876078136595
helped:0.024016846762605973
even:0.008567140039622579
expansion:0.023585431517564835
what:0.004696133178554241
3-4:0.029503354040686804
but:0.0033943021543388274
tend:0.02173267394764966
well:0.03434424306435397
together:0.0181579910278073
they:0.009519588005181058
now:0.016856269366104532
championships:0.03193664012278022
in:0.0054391745477905245
our:0.04550562087715088
or:0.006880729160235564
world:0.012863523922105493
better:0.011409264649496953
and:0.006817810973049818
still:0.01041688307259973
subject:0.00013620896373478723
however:0.012230096449984249
finland:0.055349589742086064
i:0.002921918988449922
20:0.048135189006208466
than:0.007298986133772761
the:0.004614814346871753
do:0.010994662024079031
nhl:0.043542360197701184
canada:0.03796538360210864
level:0.017961914094866065
would:0.014275249685271062
about:0.0050255927567442425
efforts:0.02475850926399131
is:0.004112336125877508
guys:0.019819774028016587
presumably:0.025155334269311123
lot:0.01264568055237444
16:0.017790779295026232
guess:0.015286516647630883
too:0.009961825856451513
players:0.113628793256262
luck:0.04206927169299613
difference:0.016363029830787686
phoenix.oulu.fi:0.03193664012278022
high:0.01427206033490572
north:0.020480381555667476
main:0.037943030730886
s:0.006330982457714472
