played:0.03120156170118712
with:0.0044986721291503644
overtime:0.1334459398147988
into:0.01377541463832605
tight:0.03999007310292047
to:0.0010601532000698698
player:0.029902023331201556
montreal:0.2275590238516145
front:0.02705346868743026
that:0.0026684971187267447
puck:0.08480564711130312
like:0.008958762026989794
could:0.011608531964046596
kirk:0.04626506927716876
re:0.0028764654059859275
so:0.00786008151834554
anyone:0.01286857499724147
off:0.03359165304548232
getting:0.020863089017112972
goal:0.09678752686984217
game:0.022861608522388367
tell:0.018538654258634255
went:0.025095855886431415
state:0.020443949130312434
winning:0.0360311161792808
a:0.002148467885917531
series:0.027595002775135897
was:0.040867436958525495
deserved:0.045471344383051594
definitely:0.03273732110862141
also:0.011411516397535126
third:0.028098346128214505
it:0.010549397838152985
not:0.009275538593476384
won:0.033243380651221434
university:0.018079539243066566
second:0.04230301194849641
after:0.014840105289730395
directed:0.03999007310292047
stick:0.06502045084391479
writes:0.005086633777058172
down:0.018187427515024293
were:0.011933102288248456
if:0.005155003228949302
of:0.0044870904361324305
but:0.005117563248080079
ok:0.025106532234699476
anyways:0.04348804354226621
they:0.014352609607811442
who:0.019893121142059204
david:0.019203424918034572
michigan:0.03962886554070685
in:0.010934135501199415
clearly:0.02795777212634157
and:0.0014684515941953457
for:0.0025026835608621075
subject:0.00020536120686167922
showed:0.03288273768276874
i:0.0014684515941953457
period:0.029161624873820124
back:0.01620274400051952
the:0.006957720092206643
see:0.013610659703162893
gods:0.03727606252889937
because:0.013574786914573185
roy:0.03876214890605982
did:0.012645469564945888
last:0.016770481169688444
quebec:0.12134152901193372
hit:0.0275361703071493
is:0.0020667125145435684
yesterday:0.03381817716042095
right:0.01492210456761769
checking:0.0373807213908669
their:0.023287440285872523
first:0.014442729456854164
dave:0.026971343625958405
article:0.006233329848589239
skate:0.04753491351070298
kicked:0.04409405029498248
by:0.007618734421670509
high:0.02151787558185786
