rob:0.2095563186666304
re:0.01780669060848431
sucks:0.27619281593745154
he:0.075720628929535
big:0.13218002637464557
game:0.14152424323383272
same:0.09248063573945772
wings:0.2176238497122517
leafs:0.23729942848377908
between:0.11061265933554311
boston:0.19856081596902572
subject:0.0012712836615246807
i:0.00909041463073309
the:0.003589300047566919
thing:0.10780630643452173
agree:0.14364548471259234
did:0.07828147825918882
last:0.1038172643837856
night:0.15942070698019162
time:0.07521476047160541
s:0.02954458480266754
