probert:0.1551378560698662
my:0.023755356533257534
to:0.006890995800454155
stevens:0.14827693492732216
bet:0.10784178287524025
she:0.16575712424492414
pittsburgh:0.22112827016243736
grand:0.1253696666304683
tie:0.13249514050627573
could:0.037727728883151436
re:0.018697025138908526
you:0.013894974735218047
beat:0.21729660886139157
how:0.06576814986145622
kick:0.13847588273292158
d:0.04554610555942589
yeah:0.09885556110470381
ve:0.04562834247568586
pitt.edu:0.12344564060206509
mother:0.10649010234348336
b:0.07652270866285604
his:0.046110726037631417
writes:0.016531559775439058
seen:0.06481162226555882
bob:0.09210012535072751
in:0.004441992547362262
subject:0.0006674239223004575
i:0.009544935362269746
joseph:0.2042099314321876
domi:0.14635290889891897
article:0.020258322007915025
ass:0.12183217757362581
