say:0.01470965096331429
played:0.03144343427251415
behind:0.027346840317819365
defense:0.12168082320148484
goals:0.03579343975820024
both:0.01740855877758324
to:0.0021367428838617534
look:0.018381149800588453
playoffs:0.03562849868496548
that:0.0026891831429029208
like:0.009028209794640878
nt:0.011070985298022301
toronto:0.03114031236543087
re:0.0028987635874276785
this:0.008139262610409597
weak:0.07253200664492276
best:0.018877333953189412
on:0.0039303009708472085
you:0.00430851929774203
m:0.010610966760589705
why:0.01379629907096129
same:0.030109974426800194
as:0.006202435350519522
given:0.02161075627272311
pens:0.2336194807867905
patrick:0.03554732581777714
andrew.cmu.edu:0.03158743726145163
third:0.028316162764867328
are:0.01993523663879769
no:0.008726711133197751
have:0.011889549142968671
only:0.010337490219141756
second:0.04263094227367855
jan:0.04116667371602928
which:0.010014669244321843
boston:0.12929541504959816
comparison:0.03617791217013336
guns:0.03127874350806658
writes:0.00512606504664777
if:0.005194964494289994
of:0.007536456804873591
but:0.010314468562021865
year:0.019184191598524435
they:0.014463870147406879
up:0.01041442147559988
now:0.012805537968048404
in:0.0027547240603796974
and:0.010358844579207476
still:0.015827202187825948
for:0.0025220842086207287
subject:0.00020695315420169222
fourth:0.037409461749659756
league:0.0603078615229961
games:0.025812947996966866
offense:0.03857027869818178
than:0.0110899324203059
the:0.008180265224687396
do:0.005568355960515478
strong:0.027989553379616356
can:0.006702061956881499
last:0.01690048489968603
bruins:0.07851126991332563
is:0.008330934167152368
number:0.03879480385112803
detroit:0.036816668230343186
spot:0.07481892349931951
does:0.018891299447093415
their:0.011733981539393132
tied:0.03972559326531735
first:0.014554688599930551
chicago:0.032734104936464205
very:0.013513507688243777
by:0.007677794378427644
