believe:0.01448447920220227
at:0.005873100083029541
know:0.016451668342110693
all:0.006360452204308608
tried:0.020652427020244474
with:0.0038988491785969825
ron:0.05649731114966714
way:0.01154915213031029
goals:0.03078235819205221
my:0.012669523484404019
to:0.004593997200302769
next:0.0178558668249945
that:0.004625395005793024
playoff:0.031038097311201857
problems:0.03657430981189031
decade:0.07517877044173422
could:0.010060727702173717
re:0.002492936685187804
this:0.003499882922476127
getting:0.018081343814831244
game:0.03962678810547317
on:0.0067601176698572
set:0.01766276389417281
you:0.003705326596058146
am:0.010895575711342437
bill:0.020636759171278118
m:0.009125431414107148
a:0.0018620055011285268
same:0.012947289003524085
series:0.023915669071784443
want:0.012617319784747878
wings:0.09140201687914573
was:0.005903074227342571
as:0.00533409440144679
red:0.024084126366283674
baseball:0.024981838933925388
those:0.02474554205716747
play:0.02134612155186961
d:0.012145628149180238
it:0.004571405729866293
have:0.0034083374209843524
being:0.012972026199500988
probably:0.01591482476686139
after:0.012861424584433009
doing:0.017871352701102104
be:0.007712816761832952
boston:0.055597028471327206
writes:0.004408415940117083
get:0.017524986337214967
things:0.014898172854268331
if:0.0044676694650893954
of:0.005185082281753031
reading:0.02190881364241994
well:0.0112191194010223
one:0.006555406051837484
president:0.05020610878895998
in:0.0035535940378898095
5:0.017325819246117886
morris:0.03277231144909219
succeeded:0.03927904455959737
better:0.014908105808676022
and:0.006363290241513164
for:0.008675969677655307
known:0.02171285831777572
subject:0.00017797971261345532
half:0.025210956557286772
i:0.00890860633811843
6:0.01958899755039463
away:0.018459890575491137
games:0.06659740583217452
tiger:0.04211159918603248
will:0.015110737932043792
the:0.004020016053274949
got:0.029495384288407655
can:0.00576377328291809
major:0.021842853151451947
because:0.011764815325963428
instead:0.020451562077230943
thought:0.017897242701278085
problem:0.014103768613637229
long:0.015868741634057233
people:0.010035154267154118
about:0.013133549070958287
beloved:0.040392738457351814
worry:0.029309086872364824
is:0.003582301691875519
deal:0.021975433278403393
clinton:0.02443437525646955
night:0.02231889897722683
new:0.02298666086511396
tonight:0.03239662520541798
paper:0.025710989314910636
fans:0.02742000413031639
leave:0.023554547495296778
john:0.01787652266387897
s:0.004136241872373455
news:0.020459176774422792
