simply:0.012851442604552055
incredible:0.023330424207448075
looks:0.014382796110814665
ability:0.050524659648635645
at:0.0037015336657749203
out:0.0049503239457162175
mark:0.012620268757530211
played:0.017042869836782878
situations:0.02008615701468095
watch:0.016151948909976257
own:0.009523069897260483
way:0.007278877393052703
though:0.010443463031977645
such:0.008079904216251254
times:0.011808723283584144
devils:0.06372615957654186
throw:0.01791332175014626
jagr:0.10301728295490294
scored:0.020809879303778485
to:0.006369828050839975
line:0.011864721633638607
job:0.014586086366761244
player:0.016333037954017655
crucial:0.024016663938974545
lunatic:0.0261856407137681
matthew:0.018009547650510483
might:0.00893733250369095
t:0.010824676701682528
been:0.018494626729682006
that:0.001457582459808726
realized:0.022008110153499752
puck:0.023161206143843285
bowman:0.1578045747243258
configure:0.024675665920037438
permanent:0.021457571235825788
comments:0.015479012663987815
had:0.00644709447765603
this:0.002205808564585794
balance:0.02107053220680139
off:0.009174190957799791
he:0.013362463928741472
goal:0.017622378841848012
game:0.024974866453029307
on:0.006390867545033066
fun:0.017295179222411073
more:0.005342096747145907
a:0.004694131515450067
basis:0.015660538979151255
series:0.015072900675494395
was:0.011161274799597299
as:0.003361824202592514
bring:0.015938516585248214
granted:0.01977857968685198
pens:0.04220856165475627
andrew.cmu.edu:0.017120921877005296
overall:0.01946896743562862
team:0.026917853518441153
success:0.018831127045426922
no:0.004730024101607184
not:0.002533235330151113
cool:0.019289188968379844
have:0.006444335459844364
received:0.016257524330469626
made:0.009771342655117652
rely:0.021138302719111827
able:0.022163573328661083
always:0.011163681084028182
has:0.008947684654508832
throwing:0.021384496686616253
his:0.046498211130384624
johnson:0.019400645919360634
coach:0.021420875101503287
be:0.002430509483770888
which:0.005428119044191251
credit:0.020304475245482255
get:0.005522579728113959
of:0.00571884075193349
brooks:0.02500537858995969
seen:0.010892709624463667
but:0.005590615313028657
result:0.014852949416014715
reading:0.013808075825054581
instance:0.017961159238487123
again:0.010259954361798395
seems:0.019802412515807378
up:0.005644791472068843
one:0.012394675308096082
bob:0.015479012663987815
in:0.0037327668465229093
replace:0.018472113575019846
clearly:0.015271052001783211
speed:0.014111198180192356
and:0.007218858677346867
for:0.0027340240580846554
subject:0.00011217208778158947
i:0.0008020954085940963
games:0.013991051645414813
than:0.006010929757224627
impressed:0.021763282808441035
the:0.005383950071350378
when:0.005494430432116537
can:0.0036326302203265265
needs:0.014072884717098095
individual:0.016225572232212406
last:0.027481040572178546
an:0.0037726812544610785
pure:0.02120718427279114
during:0.012304073570598616
many:0.015573117878807507
about:0.004138723446730552
entire:0.015669824465079
is:0.002257753167148436
throughout:0.01944606993660524
night:0.05626613187536175
done:0.011128838451347472
new:0.007243695650771205
average:0.016300508650851205
time:0.013273193024400954
keep:0.022263988101898495
himself:0.015725972481096508
goes:0.013542131075591077
talent:0.04499549607385624
notice:0.01696624131766615
first:0.007888885837777483
eventually:0.01780377452195393
dark:0.019378116746497673
almost:0.012697449286825915
changing:0.017993356182796242
players:0.01559610887831047
element:0.022358453048201648
commit:0.02192490583712925
three:0.012262554649044003
despite:0.03582664350029252
by:0.004161493591668765
while:0.02735725847746037
especially:0.02626298913863312
s:0.0026068751296471357
