go:0.06947972327836167
with:0.02088669202819812
enough:0.08686244739062128
next:0.0956564294196134
that:0.01238945090837417
nt:0.025502805418658517
re:0.013355017956363232
he:0.056790471697151255
hard:0.09657976437769675
was:0.03162361193219234
only:0.04762629422390309
his:0.06587246576804488
stick:0.15094033231623075
what:0.03287293224987969
aim:0.21182419275331738
for:0.011619602246859784
subject:0.0009534627461435106
the:0.005383950071350378
wrong:0.09440793060106645
did:0.11742221738878324
potvin:0.20137170654035952
problem:0.0755559032873423
time:0.05641107035370405
nothing:0.09124485719646103
felix:0.40490808090181396
