penguins:0.0544367487264886
out:0.012336932974664502
say:0.019869580882382654
all:0.004995119532179535
take:0.011129576598616249
saw:0.017787332895997147
ya:0.02673770656610753
cup:0.022928107840290174
devils:0.026469155286591557
themselves:0.016944765530485958
to:0.005772561927082014
0:0.019189299939635772
playoffs:0.024063226860526424
next:0.028045864123028015
been:0.007681886844091305
that:0.01271378208398606
think:0.00753794778810762
nt:0.0037386311608504637
could:0.007901095054063128
its:0.010826306576095132
re:0.0019578036794668614
islanders:0.028462728561553824
afraid:0.023639917454091372
anyone:0.008758715966708856
described:0.021724441171300176
this:0.002748599153777063
weak:0.024493792819882298
best:0.01274961298409128
two:0.009763295458917862
big:0.014532882480981977
game:0.06224102843791597
on:0.002654496467221413
you:0.0029099423529252454
3:0.024517968006676646
bill:0.01620687893032313
m:0.014333138346765154
more:0.006656644114244639
prove:0.020559677172322502
a:0.0014623079851794714
how:0.006886717262979709
beating:0.027692269690683207
series:0.056345817184832454
looked:0.03900526915685534
as:0.004189079372863971
steve:0.016791381397038674
lucky:0.024930345746264765
buffalo:0.08049112352710897
third:0.019124528778365894
are:0.0067320563518452935
those:0.009716835886322306
hey:0.02017873814466581
it:0.0017950546059684396
not:0.003156596903539083
should:0.008601110692321882
have:0.0026767047808777637
probably:0.012498553481828318
only:0.006981865121828726
girl:0.055274892262337144
talk:0.01811305637506297
be:0.006057185938612266
boston:0.06549388170706084
sabres:0.09082707945509864
if:0.007017281882339365
end:0.014158290065840363
of:0.003054040610980188
even:0.008791410721288093
what:0.004819068602076603
year:0.01295686238853221
praise:0.030098198116748336
smoking:0.03137671623461243
again:0.012784655173340409
well:0.017621653509459108
they:0.019537583759324476
find:0.011080872972111992
who:0.0067699103363028715
up:0.021101471785639547
now:0.008648766481037929
in:0.00465130109671441
quoting:0.028213367048521076
better:0.011707936498960226
and:0.005996818028651149
capitals:0.0299265236517065
subject:0.00013977464341370836
steven:0.02348960276360744
i:0.005996818028651149
gregory:0.027975344147595647
back:0.011028045654803862
games:0.034867751744593986
sad:0.024770223110808846
will:0.023734143348759885
later:0.016729905910773318
the:0.005130256088930727
see:0.009263799797964274
putting:0.021047405796010547
can:0.0045265235206163
her:0.03462208172701286
friends:0.020820064636585006
come:0.012571694630729888
fight:0.022301592113818505
thought:0.014055426205192213
about:0.005157152776554302
bruins:0.026512968112091643
is:0.0014066629680139471
win:0.03549188904322871
eliminate:0.028213367048521076
blue:0.020924929986718896
2:0.010201097131389576
six:0.022184808043063015
1:0.01025405179018172
bad:0.014348696579824
going:0.01140217635628106
by:0.005185526046163173
s:0.009745072474178298
