all:0.014239818367855091
where:0.027573982063190474
way:0.025856310739500645
sigh:0.08308110870902952
from:0.025270813565079868
both:0.03351797137773489
hamilton:0.08227413525723436
to:0.0020570136717773593
remember:0.041531702037630326
us:0.030744423674402926
might:0.031747539341469344
been:0.021899110257036405
puck:0.08227413525723436
like:0.01738267258968169
this:0.00783555878166297
a:0.004168669032377299
vote:0.06798258763920147
old:0.039521090781228715
given:0.04160876954001912
sc:0.08025660125173804
it:0.005117245219999581
b:0.0456851992017051
has:0.01589215632666494
free:0.043097131255593064
be:0.008633750106529423
get:0.019617522019270483
of:0.0058041965840519
relief:0.07802955053253394
what:0.013737941835770614
good:0.024179251512828345
one:0.014676282205606305
1990:0.06374546821407863
and:0.0028492344364984316
for:0.004855953177792149
subject:0.0003984620431644522
oilers:0.17366414065032487
elements:0.07315608925241386
saves:0.0811400172426385
lives:0.05809638581990009
the:0.0033750134775629237
relations:0.0719286549503695
would:0.013920143971707105
can:0.03871191010915134
here:0.02687165530781188
jesus:0.05183879730884785
deal:0.0491987312203061
move:0.052788434560791304
save:0.05406731690181035
keep:0.03954350125561076
sale:0.04738615155378551
eternal:0.06883569829352905
dave:0.10466491556342067
u:0.0564424400536271
god:0.07919935020224551
alberta:0.09043150400899659
s:0.018520485995702038
