some:0.008712961754726523
out:0.017584732822096414
traffic:0.032649554189447025
nick:0.03713108919451828
defense:0.029285123494387208
own:0.01691410922050743
wonder:0.027540057521021857
to:0.0010285068358886797
player:0.029009425619822404
young:0.028015339754284975
that:0.0051776809766339825
like:0.008691336294840845
really:0.014562654799932283
finds:0.039239797939182544
nt:0.005328944415839094
happens:0.02788117548342372
re:0.0027906007670012727
started:0.04894395337296873
this:0.00783555878166297
mean:0.019727030274849705
off:0.016294458566838435
he:0.023733331455525898
goal:0.0312994489877599
game:0.04435834489418638
sunday:0.033341955185349756
on:0.007567295899093879
you:0.012443260956911683
went:0.024346725859970775
deserves:0.0420776700233587
winning:0.03495556047243659
beat:0.03243232968080471
sure:0.01628391059820301
a:0.003126501774282974
was:0.01321583782240874
third:0.02725958952737228
are:0.009595692262704859
those:0.013850116823041493
taking:0.025425000254862724
it:0.0025586226099997907
b:0.02284259960085255
feel:0.022733408091389386
his:0.013764395832128781
anybody:0.022683545857557424
writes:0.004934793962817629
get:0.009808761009635241
if:0.00500112253554783
dchhabra:0.09342658901589437
what:0.02747588367154123
excellent:0.029067652338361095
well:0.01255871574741302
they:0.006962086750057789
zone:0.036419819195978545
net:0.02473986929028718
in:0.006629839622928749
better:0.016688178144040323
and:0.007123086091246079
suck:0.04113706762861718
subject:0.0001992310215822261
create:0.028379445457041932
i:0.0014246172182492158
period:0.028291128608929968
we:0.01005779034114903
marks:0.04241953223254747
will:0.008457502573905108
than:0.010676128971787024
the:0.003937515723823411
see:0.039613114061444236
when:0.02927629349650155
roy:0.037605069834237136
did:0.012267992861514667
habs:0.1782656534809893
finally:0.08141472707006206
quebec:0.039239797939182544
is:0.002005019603661671
save:0.027033658450905176
win:0.05058918512878122
else:0.01885486735326908
does:0.018186400213992912
life:0.020823726517079925
tied:0.03824329500914879
although:0.023580145199662374
article:0.0060472603008701565
players:0.027700551589835015
stpl.ists.ca:0.04671329450794719
skate:0.04611596086859244
full:0.023057182715845174
going:0.016252355851117034
playing:0.029890820562351438
especially:0.02332310229475628
dominated:0.04504804412500532
s:0.009260242997851019
