penguins:0.06238451404055593
go:0.007781729007176509
large:0.011976136479550302
at:0.0035238600498177244
dan:0.06358085583019614
lead:0.015456858550479645
stopped:0.018022249291278863
concept:0.017023406976483135
know:0.004935500502633207
posting:0.013196754227824964
all:0.015265085290340659
where:0.02216948157880514
your:0.0100794577774501
with:0.009357238028632758
way:0.006929491278186173
much:0.006988787478239725
4:0.009937078016714717
1992:0.015783786139537168
cup:0.03503414877996338
devils:0.020222434638955948
post:0.010330311217724722
possibility:0.016963926326565328
to:0.0027563983201816617
remember:0.011130496146084929
everyone:0.012230051030052414
3-0:0.025038325856259692
playoffs:0.01838430532144219
that:0.004162855505213722
like:0.004658556254034693
really:0.015611165945527408
nt:0.01428157103444877
could:0.0060364366213042295
mainly:0.01925064992451439
quiet:0.020156317431151104
re:0.0029915240222253645
wait:0.014685599220440472
89:0.018924450456657957
this:0.002099929753485676
mean:0.03172106468195833
posts:0.016092069888674686
something:0.007962645268654091
on:0.00202803530095716
curious:0.01714508936328598
you:0.013339175745809324
regular:0.016188170607022646
roger:0.01765501909426637
3:0.009365863778550478
m:0.010950517696928577
why:0.007118890320616026
beat:0.017383728708911323
more:0.010171352206565808
sure:0.008728176080636814
a:0.0027930082516927903
how:0.005261451988916498
wondering:0.014395734007429188
kick:0.022156141237267453
was:0.0035418445364055425
as:0.003200456640868074
season:0.015268937714782875
stanley:0.03956208482056097
patrick:0.018342420121973006
course:0.009784607199600077
team:0.01281289827477799
are:0.01285822763202451
those:0.007423662617150241
d:0.007287376889508142
it:0.0027428434379197755
not:0.0024116400343038597
should:0.006571248568933918
have:0.004090004905181223
being:0.007783215719700593
after:0.007716854750659806
naturally:0.020534280804834795
yourself:0.01402509868549837
boston:0.05003732562419448
stick:0.016905317219417845
sabres:0.023130629567898457
writes:0.0026450495640702493
po:0.04174502071389409
were:0.006205213189889197
of:0.002333287026788864
even:0.006716637791064102
what:0.003681768411986525
but:0.005322265778003282
year:0.009899042864838607
robbie:0.04964411394235718
saying:0.012066220715857758
oh:0.012918864736565894
eh:0.019933151992637444
they:0.011195035494092924
who:0.005172211496935393
up:0.010747682962819078
now:0.006607657591512977
one:0.00393324363110249
in:0.0021321564227338857
and:0.0038179741449078986
for:0.002602790903296592
subject:0.00010678782756807318
i:0.009163137947778956
we:0.00539097562285588
possible:0.010307886491858329
will:0.004533221379613137
the:0.003316513243951833
wrong:0.010573688227319442
do:0.011493086702503947
see:0.035387715228223524
strong:0.01444260954388204
would:0.0037305985844175043
fan:0.03199644788391739
did:0.006575644173771862
just:0.02348777126931772
during:0.011713478039209881
btw:0.015007162081773339
relatively:0.017834421358927776
about:0.003940064721287486
bruins:0.08102363055055206
is:0.0021493810151253113
division:0.01585026966448133
win:0.027115803229026732
their:0.0060547344743268556
deserve:0.020222434638955948
1993:0.012118623212040549
guess:0.011984629051742614
nothing:0.010219424006003635
fans:0.08226001239094917
psuvm.psu.edu:0.03999130652849953
article:0.0032413315212664042
little:0.018762709615187712
comes:0.012096705348982047
going:0.00871126273619873
playing:0.01602147982142037
understand:0.011984629051742614
usual:0.017160563270397663
champions:0.022674852530501582
seem:0.011038850219582952
while:0.008681370023514089
doubt:0.01392028919592227
s:0.009926980493696294
1991:0.017367368767905223
