another:0.010764588982468829
go:0.009443845882495762
at:0.004276529186671995
out:0.005719306306215824
louis:0.02287961984270854
played:0.039380611855867234
take:0.01031917053561021
watch:0.01866098951735121
monday:0.024541789610383433
with:0.0028389678484929477
hawks:0.08472449580270705
to:0.006021258466416251
death:0.016288429048720493
h:0.01715136953541027
puck:0.026759063408906318
think:0.006989068094798811
uxa.cso.uiuc.edu:0.021643715241417203
like:0.01696076306080592
really:0.009472794869858863
86:0.04641267349023365
nt:0.006932801473033383
perfect:0.019660615505518876
saint:0.027826342419163697
clutch:0.025098405670189932
could:0.007325772598670181
grab:0.02599254384848977
me:0.0052601392252647795
need:0.01865244651939064
re:0.0036304903182346653
so:0.004960245618373398
charles:0.01998180900453318
had:0.0074485848819521114
contact:0.01689355484942023
two:0.027157127659999683
game:0.028854457358354246
on:0.004922415779022232
you:0.0026980533466442807
them:0.01423164244206059
m:0.006644731612213942
beat:0.021096758141882672
more:0.006171937018547212
sure:0.010592446699801958
a:0.004745402369380954
want:0.009187368775301852
was:0.004298355019909638
listen:0.020732749370598387
fine:0.015724061057866796
rich:0.022037842206126004
l:0.06417399182045365
success:0.021756350664134016
are:0.0031209290368991527
likely:0.016050528179270523
play:0.015543292392138065
works:0.014442359191993883
z:0.02422849581845347
it:0.008321733731552717
not:0.005853495228892862
leafs:0.0241907184376668
have:0.004963598185899542
miracle:0.02715827747801783
b:0.014858778381137094
call:0.012897845135916054
2-0:0.02975499192144041
writes:0.0064200232137627405
if:0.006506314754984556
of:0.0009438863376977604
but:0.012918120820396315
treat:0.023426313425757808
result:0.017160203694230592
least:0.011687681469448942
again:0.011853733680136008
well:0.008169261699773517
they:0.01358620812389918
up:0.006521652283264003
now:0.008019001931447787
chance:0.017451735572876718
over:0.00973757646854057
in:0.002587568474191609
blues:0.24141024563525484
and:0.0018533855072368438
for:0.0015793634121945338
incredibly:0.025574705941833253
subject:0.00012959687811659365
cec1.wustl.edu:0.061046139233316685
station:0.020077622028020176
cause:0.015308257928844982
i:0.005560156521710532
we:0.006542446144242572
back:0.010225032621687074
games:0.016164418891304492
shoot:0.02262775170984926
flames:0.043421964799935625
joseph:0.05947862080549154
the:0.00439079423294594
do:0.010460940566599465
boring:0.08300920887567234
can:0.004196922293386958
fan:0.03883064063582207
agree:0.01464347174254582
did:0.007980150696325074
road:0.03505487753369427
joe:0.0193178117811793
makes:0.013558145059475602
e:0.04530421887457029
n:0.017771919882545638
is:0.002608472105734601
win:0.01645376409528321
night:0.016251625468854485
match:0.023237158238702545
right:0.009416862105778152
talent:0.02599254384848977
chicago:0.020498541440795544
article:0.003933654758818451
very:0.01692468438624706
u:0.018357492638801046
before:0.01032133139428468
playing:0.019443543472597535
s:0.012047306424388704
