school:0.06163600806434077
much:0.02961350626372765
both:0.03806278105607183
to:0.007007792339444903
like:0.0197396451442148
re:0.006337974623358823
this:0.00889800743002405
getting:0.045969518173299764
western:0.06933097904568475
you:0.01884064370877023
them:0.024845070703936285
a:0.0023669561455023644
richard:0.06332334770811489
mario:0.09298968772595663
same:0.0329168364496375
sorry:0.05385452008031567
j:0.0517648925343875
as:0.01356125695283082
question:0.03699976412452719
canadian:0.08224860704647961
patrick:0.07772211916090258
business:0.06129769039378928
pat:0.06869729206142
not:0.01021881370467737
deleted:0.05954880503387011
pitt.edu:0.08369195973021362
campus:0.08779086963405028
university:0.03983627290845176
hope:0.04895697521423806
sort:0.05317731029933949
writes:0.011207837135890887
of:0.013182412580728045
seems:0.03994045914205217
in:0.003011520371093059
subject:0.0004524907947799711
i:0.006471142618487964
hart:0.09801114223685786
branch:0.07728638430140754
walker:0.16519617298118755
the:0.003832642423673151
see:0.02998958917646061
can:0.014653660888774803
hate:0.0682371058060649
belongs:0.09298968772595663
is:0.004553773337129897
new:0.02922033160819571
lemieux:0.09458339873694437
article:0.013734455598586458
s:0.010515869167051158
