all:0.031802261021543037
take:0.07085830434452345
wonder:0.12301225692723096
active:0.1489273998278956
to:0.004593997200302769
player:0.12957543443520675
re:0.012464683425939017
michael:0.10015650672245631
this:0.017499414612380634
goal:0.1398042054786609
leading:0.15050747445771506
beat:0.14486440590759436
more:0.04238063419402419
how:0.04384543324097081
it:0.011428514324665733
wayne:0.15575388024942935
years:0.07432584743267978
one:0.03277703025918741
subject:0.0008898985630672766
leaders:0.14741884677495823
i:0.006363290241513164
will:0.03777684483010948
scoring:0.17172508400972966
nhl:0.28447675329164773
gretzky:0.19392495705952945
many:0.06177336758593645
time:0.052650332330123784
2:0.06494698506984696
1:0.06528412973082362
