some:0.007075981061414267
penguins:0.03150733032351309
since:0.012126191656992007
at:0.005339181893663218
there:0.005562296882285742
inner:0.06747193070915125
take:0.012883328062640627
with:0.0035444083441790748
much:0.021178143873453712
cup:0.02654102180300256
nights:0.03417216838260646
surprise:0.02949313127333611
to:0.0025058166547106014
us:0.012484099310212098
reactions:0.03382073045745283
amongst:0.0336523694628645
confidence:0.03484094448666019
been:0.017784731966320477
that:0.004204904550720931
church:0.022710762667204898
like:0.007058418566719232
quiet:0.030539874895683494
re:0.004532612154886916
lost:0.02123943226859303
so:0.012385582998605092
this:0.009545135243116709
two:0.011301754137292796
game:0.018012176411578713
on:0.0030727807590259994
you:0.0033684787236892234
winning:0.028388152141251538
m:0.008295846740097406
beat:0.026338982892289885
a:0.002539098410629809
richard:0.022642894028962295
j:0.01850987066381129
was:0.005366431115765974
as:0.009698353457175981
granted:0.028529102821034977
stanley:0.029971276379212854
forever:0.02860082680677439
pens:0.12176530513735748
calm:0.07189184723748954
team:0.03882696446902421
it:0.010389558476968848
not:0.007308000103951089
have:0.006196977129062459
being:0.011792751090455444
ve:0.022122832715484052
pitt.edu:0.02992621590353093
energy:0.02779154563935304
real:0.01550056881211059
always:0.016102764230295198
doing:0.016246684273729183
victory:0.032801718810167996
feel:0.018462282934825318
glad:0.02811571948754083
be:0.0035058258008331595
writes:0.004007650854651893
of:0.002356855582615014
susan:0.03745175003873568
forgotten:0.03218485399616834
what:0.005578436987858371
year:0.05999419918084004
years:0.013513790442305414
never:0.013357207459768851
saving:0.031992437642746646
seems:0.014281739935642898
well:0.010199199455474817
good:0.019636483046781807
sei.cmu.edu:0.07554160593790071
in:0.0032305400344452813
our:0.013513790442305414
better:0.013552823462432745
and:0.006941771172559816
for:0.0059154338711286175
subject:0.00016179973873950483
i:0.002313923724186605
experienced:0.030950920934100228
we:0.016336289766229938
back:0.01276579830343962
sad:0.028673409782815087
rangers:0.028284549514831534
ago:0.017340398335543298
ways:0.021626293219873298
the:0.005025020066593686
thing:0.013720802637120949
when:0.0079252996535984
last:0.013213106376118168
an:0.005441806900374162
just:0.0071175064452477935
many:0.022463042758522345
bruins:0.030690769147936385
is:0.0016283189508525084
too:0.023666883246842383
fans:0.07478182944631742
every:0.014740294102650885
arena:0.034545246521996975
article:0.004911108365555157
players:0.022496205533562984
before:0.01288602586195542
high:0.016953477731160734
while:0.013153590944718317
s:0.02256131930385521
