school:0.016454861881430343
since:0.009053491508613943
at:0.003986267024680684
round:0.019912591366512397
help:0.009683677466252476
keeps:0.021602697738917657
defense:0.03551318143210757
stand:0.01781782151342291
ca:0.027916949268221553
indicated:0.023746518336590243
from:0.003830643685204415
opportunities:0.02657379406773263
goals:0.020893003297772994
except:0.0145898706742254
single:0.014712337875621607
to:0.003118097647264323
stop:0.015040511830681618
job:0.015708093010358266
near:0.016311202613038575
3-0:0.028323898027443093
most:0.008400884452339538
next:0.012119366623299438
been:0.006639096774757644
die:0.017048662314173527
that:0.004709112562458961
puck:0.02494283738567739
quite:0.012019001729001817
control:0.013799250090230877
nt:0.00969337400528197
me:0.004903116200925542
need:0.00869322168098297
lost:0.01585749468017127
this:0.0023754861464770093
getting:0.012272405304184102
he:0.007195172884706947
big:0.012560093003925599
game:0.026896010026339255
on:0.0045883151605365605
you:0.0025149275538856194
great:0.02281674831432287
chemistry:0.02422834403976875
score:0.043672584305032666
winning:0.04238954844621271
imho:0.019591274463149552
a:0.0012638046387750182
hard:0.012236350237898232
series:0.016232354573609352
as:0.0036204260643304003
part:0.011082452997345147
ice:0.021168843568314565
drive:0.012777392528533887
also:0.013425313408864856
buffalo:0.09275296889096721
anywhere:0.019123662012916116
lose:0.019025998792702656
are:0.00872730382264107
lacking:0.026165870551921332
it:0.0015513820350224977
have:0.006940053572140084
hope:0.013069961708778487
second:0.012442062337793063
earlier:0.017854961696309016
doing:0.01212987739893808
has:0.004817984044735525
be:0.005234943503506528
boston:0.07547107937284236
credit:0.0218663579566732
sabres:0.052331741103842665
get:0.0059473935533534954
down:0.010698486773543701
dept:0.018567002218741174
making:0.013912249732454316
if:0.006064709681116827
end:0.012236350237898232
of:0.007918394887292525
but:0.006020662644800093
result:0.015995483986477387
year:0.011198012290541412
2nd:0.019758537785472954
never:0.009972575705257287
excellent:0.03524946075421165
again:0.011049181620398273
well:0.007614786923770792
must:0.02097249255637554
they:0.016885423068013463
net:0.015000644728047434
good:0.0073303613183687754
chance:0.016267228633541197
in:0.004019902757793902
leaving:0.02094192147019026
occasions:0.025791699891988693
rather:0.011644722411370424
better:0.01011862385204255
and:0.0017275901108180537
for:0.004416500401521367
subject:0.00012080070991863483
i:0.0034551802216361074
period:0.017153896984600073
away:0.012529337494677243
rare:0.022952107593010716
any:0.0046302591234787666
scoring:0.02331109737688638
than:0.006473308969318829
the:0.006480229497643442
do:0.0032503073253687636
thing:0.01024403816798623
when:0.005917078926894733
would:0.004220134145268671
can:0.003912063314197798
fan:0.018097538395880877
extra:0.017577718142494352
an:0.008125775009608477
bruins:0.09165569066804533
is:0.007294279463094948
scary:0.02624456622030083
save:0.01639144901548097
grad:0.026747849637089174
1st:0.020365457694824538
2:0.008816332814911353
their:0.006849247142903684
first:0.008495723209914215
fuhr:0.02608852017472993
players:0.01679580956125743
convert:0.01936009047601059
give:0.010693376793466094
going:0.009854369611084537
playing:0.054371537855498996
needed:0.015094220317357562
by:0.0044816084833355935
mike:0.014458877959084633
seem:0.012487387126225059
periods:0.02500277053839241
3rd:0.01997174105686241
plenty:0.02109193145804954
s:0.005614807971547678
aside:0.02043087888566268
