another:0.010610073351141525
some:0.005586300837958632
since:0.009573309202888427
go:0.009308288286096303
at:0.00843028720052087
say:0.009079162556304036
there:0.004391287012330849
played:0.019407669957676198
all:0.004564917849982255
percentage:0.021557714463252227
case:0.023651780931165125
hand:0.015106408877763988
with:0.0027982171138255852
way:0.01657773033058893
much:0.008359793634258044
maynard:0.05031706147225321
times:0.013447254265516873
work:0.00968934193296796
surprise:0.023284051005265347
several:0.013485413263480366
to:0.00395655261270095
look:0.011345302986966078
owners:0.02065860030329784
regional:0.02607010166434734
perhaps:0.013820390132249021
make:0.008421437719376573
that:0.006639322974822523
problems:0.013124752324841019
think:0.013777493086397656
nt:0.006833287576291277
me:0.005184634834471505
account:0.019496552185297895
re:0.001789189008507993
this:0.0025118776955570287
game:0.028440278544597967
on:0.0024258795465994733
american:0.015440359891809644
used:0.009447193819793614
roger:0.021118443892663118
names:0.09801189502346601
winning:0.022411699058882795
particularly:0.019220575574835322
more:0.012166689242303597
a:0.0020045513768130073
other:0.0065995597503919175
same:0.009292312681955083
quick:0.0194223694745995
as:0.003828297417306308
fine:0.01549835683215579
are:0.0061522620248921096
works:0.028470105201442487
care:0.015148406417578454
it:0.009842739609759961
not:0.002884736883138588
namely:0.02556598436454913
have:0.0048923503650493095
being:0.00931006665035956
hope:0.013820390132249021
always:0.01271270860286463
sports:0.022964953519625773
references:0.019757739698620398
points:0.035073265918377346
has:0.005094614707591153
feel:0.014575486527493672
div:0.025839469598233092
anybody:0.014543517439773659
which:0.006181303026399606
writes:0.0031639348852514943
if:0.009619384015742718
of:0.002791013189938832
totally:0.019710599524251925
dchhabra:0.05990030109153036
presented:0.021842037049236915
never:0.01054516378402804
using:0.010547466883468519
in:0.004250710571638528
clearly:0.017390001801073703
system:0.02138968736117249
and:0.0036535637750314816
still:0.009768942977174866
for:0.00311338624796243
subject:0.00012773663584697749
i:0.0063937366063050935
everybody:0.019511527749933918
imo:0.02530728952593537
games:0.031864787479509334
will:0.016267540835932313
than:0.006844982211576369
the:0.006491652717609069
do:0.010310783524973636
nhl:0.02041699186303692
thing:0.032496637824760144
when:0.006256815515998737
would:0.008924876996214125
major:0.01567668886467843
conference:0.020853126646078364
effect:0.016585518921638304
agree:0.014433278368250905
ramsey.cs.laurentian.ca:0.052876672621863366
sport:0.02399419457042455
an:0.012888490027201964
draw:0.02020430400384633
is:0.01156963465079414
number:0.011972559083242861
move:0.016922608208483337
either:0.023957537867113476
object:0.020239101895373025
does:0.005830090020753709
standings:0.027668217186481405
first:0.008983515930100675
fans:0.03935885760332496
change:0.014220139272298983
almost:0.028918592634110698
although:0.015118370606482096
article:0.0038771908149119664
stpl.ists.ca:0.02995015054576518
claiming:0.022066946342901655
compromise:0.025357921627995356
s:0.0029685946452441066
