tv:0.031572175468763855
since:0.01667351352836401
go:0.016211935431617724
at:0.007341375103786925
there:0.007648158213142895
saw:0.02831150485946212
watch:0.032034698671452914
camera:0.04324283376969591
i.e:0.05757564994959005
with:0.004873561473246228
though:0.020712868346755665
trivia:0.050120491716932815
ship:0.04270501276021615
flyers:0.09447855221042326
to:0.0011484993000756923
w:0.025786173791911282
been:0.012227003226845327
think:0.011997900229404626
bit:0.022709034983797498
grand:0.041789888876822764
could:0.012575909627717145
re:0.0031161708564847544
michael:0.025039126680614077
tension:0.05239793617526349
national:0.027118116041562612
this:0.004374853653095158
appeared:0.03962920056073874
hi:0.026258472166786704
on:0.012675220630982248
you:0.004631658245072682
etc:0.019352699895485295
none:0.03018758527017745
m:0.02281357853526787
sure:0.018183700167993363
a:0.0034912603146159877
hockey:0.032769197987337545
wondering:0.029991112515477474
was:0.007378842784178213
surface:0.038041547860754296
canadian:0.04043889846451914
andrew.cmu.edu:0.067912990112121
others:0.0224694018589033
those:0.015465963785729668
wild:0.03937588825086898
rush:0.04255751628438781
have:0.008520843552460881
shooting:0.039732721560726714
philadelphia:0.08267164133224436
ve:0.015209447491895286
shows:0.09660536594049779
talk:0.02882994806364189
were:0.012927527478935826
spots:0.04894007074140759
if:0.011169173662723488
of:0.006481352852191288
designs:0.04540542706540495
seen:0.021603874088519607
looking:0.02161571121172203
what:0.00767035085830526
but:0.005544026852086752
nature:0.031770126185498085
in:0.0014806641824540872
our:0.018581461858169945
world:0.02101042240610564
and:0.006363290241513164
subject:0.00022247464076681915
i:0.011135757922648037
we:0.011231199214283083
champion:0.05368252517382398
any:0.025582181657220184
pretty:0.023983500474330222
the:0.0006281275083242108
nhl:0.03555959416145597
regularly:0.041399192327665674
can:0.014409433207295222
major:0.027303566439314933
gretzky:0.04848123926488236
night:0.027898623721533535
guys:0.03237229757909376
break:0.03270172123539905
dreams:0.0453031762938065
late:0.03211782488025974
lemieux:0.04650350437899765
show:0.025083905581123604
very:0.01452702076486206
players:0.030932282608649102
lake:0.04434426521226661
guest:0.04959400087008672
john:0.04469130665969743
include:0.05602538788741002
