vax.clarku.edu:0.1171255094701614
at:0.016017545680989655
wonder:0.06709759468758052
with:0.010633225032537224
work:0.03681949934527825
jagr:0.11144596974212227
to:0.0025058166547106014
next:0.048697818613621366
guy:0.0615696499445249
nt:0.012983246394953426
sarcasm:0.10610485849615567
re:0.006798918232330373
he:0.05782302572800855
took:0.06137093957121235
m:0.024887540220292218
a:0.002539098410629809
cherry:0.21641018561492384
pens:0.1826479577060362
d:0.033124440406855186
not:0.010962000155926634
have:0.009295465693593687
color:0.06717512921097066
sports:0.08726682337457793
doing:0.04874005282118755
familiar:0.08375742617620152
but:0.012096058586371096
year:0.044995649385630034
who:0.02351005225879724
in:0.0032305400344452813
and:0.006941771172559816
for:0.01774630161338585
known:0.05921688632120651
subject:0.00048539921621851447
i:0.006941771172559816
don:0.08106555163148989
commentary:0.10975341659546752
the:0.002740920036323829
ulf:0.11595208181311466
maybe:0.048143874224405886
about:0.0179093850967613
is:0.004884956852557526
recent:0.0690562743360913
man:0.0526918061599127
him:0.043573005515696504
shots:0.08911741781657688
s:0.02256131930385521
