since:0.029863009304532555
believe:0.01621396925619657
at:0.006574365764585306
ever:0.019727030274849705
with:0.004364383408877219
from:0.006317703391269967
to:0.0010285068358886797
bet:0.032191576977683656
job:0.051813262019241434
recall:0.02918548667964942
look:0.03539057200411807
been:0.021899110257036405
that:0.007766521464950973
nt:0.010657888831678187
re:0.0027906007670012727
this:0.003917779390831485
he:0.035599997183288844
acsu.buffalo.edu:0.08095910141379753
on:0.007567295899093879
paint:0.07283963839195709
a:0.004168669032377299
price:0.07007785526516334
looked:0.027798531376714064
given:0.02080438477000956
closely:0.03713108919451828
buffalo:0.03824329500914879
are:0.0047978461313524295
play:0.023894912184928667
wow:0.03865418886872363
yeah:0.02950912271782203
it:0.015351735659998743
have:0.007630606166382879
ve:0.013620400739010703
second:0.04104023547242189
doing:0.02000524556093519
goalie:0.03987530397157289
knew:0.02897085867834149
sabres:0.043154159641601596
writes:0.004934793962817629
get:0.009808761009635241
were:0.011576890279644023
of:0.00290209829202595
trying:0.02012185241095818
dchhabra:0.04671329450794719
seen:0.019346752915092184
what:0.006868970917885307
distance:0.03521743599341622
they:0.006962086750057789
good:0.036268877269242515
over:0.014969707108353415
one:0.022014423308409456
in:0.0013259679245857497
total:0.027321011162719414
1500:0.04185816341734159
and:0.007123086091246079
for:0.0024279765888960744
subject:0.0001992310215822261
i:0.008547703309495294
mention:0.028169215031917334
yet:0.019627378676762414
the:0.003937515723823411
got:0.016508610609183388
did:0.024535985723029334
an:0.006700732377326393
mask:0.04004301185106587
just:0.008764093757208104
bruins:0.037790872458279876
is:0.002005019603661671
new:0.02573133678930667
hammerl:0.101471312907427
does:0.009093200106996456
whoever:0.037605069834237136
too:0.014571028864660421
fuhr:0.08605317848679572
almost:0.022552186046750508
masks:0.04441253809261497
although:0.023580145199662374
article:0.0060472603008701565
stpl.ists.ca:0.04671329450794719
give:0.01763609157728363
700:0.04012830062586902
s:0.023150607494627547
