since:0.02198705080663386
go:0.042756752786684116
anyway:0.03350015188620367
saw:0.037333852561928074
thanks:0.021905347746331464
ever:0.02904859403109737
cut:0.08046187902866817
sigh:0.061169607511043715
trivia:0.06609295611024109
name:0.060708406721543984
to:0.0045435137145851566
player:0.042717176187430796
positive:0.048648351651830915
that:0.003812138741038207
think:0.01582140689591819
brought:0.04257574552236997
re:0.004109236294265611
happened:0.11117475490346476
anyone:0.018383678567487818
had:0.016861631710792694
this:0.011538075568602616
he:0.017473991291431158
game:0.0653188814925382
on:0.00557152555208011
took:0.037092326114469006
m:0.01504191991336343
a:0.004603859755537567
hockey:0.04321212921407149
was:0.01946068426596452
question:0.02398885805875939
pens:0.05519581139468128
mind:0.03329292091219931
it:0.0037676420850546372
not:0.006625384709625988
leafs:0.0547614065731798
whose:0.04112946648902164
neck:0.06373680367787345
has:0.02340163678871541
his:0.04053690201110455
goalie:0.05871748057352493
writes:0.0072666196815116746
whatever:0.036318248118168826
what:0.02022949676915673
but:0.007310804640114399
goaltender:0.06819246420653459
who:0.014209372244328004
sei.cmu.edu:0.13697104373355623
in:0.0039050483932855052
watching:0.04680883619493774
subject:0.00029337315265954173
i:0.00629336397512291
info:0.03236698307024613
the:0.004969800065861888
last:0.023957830242412066
about:0.010824353629910678
night:0.03678939391850577
does:0.013389986970742037
him:0.05267066600798479
carol:0.13882944786604115
article:0.008904756926556056
skate:0.13581403860200852
before:0.02336477216728181
by:0.010883906316672156
while:0.02384991764701673
