another:0.010266228381428604
penguins:0.024068099552683613
since:0.009263063071313339
at:0.008157083448652139
say:0.008784930436423812
ideas:0.016652748319627177
keeps:0.04420552037315557
anyway:0.01411348991502099
hand:0.014616849330799413
with:0.010830136607213839
decision:0.019466415431422624
modern:0.019011704190008524
mentioned:0.016273905642554806
gerald:0.023444337543562514
wrote:0.011923958216170653
both:0.020793556317668868
to:0.0019141655001261538
most:0.008595349370217768
respect:0.018922954578398706
demands:0.026173359539326882
been:0.006792779570469626
that:0.004818119797701067
bowman:0.2028568067058077
pittsburgh:0.020474839829855308
like:0.005391847516243857
really:0.009034239551809842
nt:0.003305919220937215
perfect:0.056251205474123454
brought:0.01793700390062809
re:0.001731206031380419
exactly:0.014890660431814853
had:0.007103742989269144
this:0.012152371258597661
best:0.011273963333154786
two:0.008633284410431997
these:0.007669610986569178
game:0.013759301425511516
on:0.009389052319246109
you:0.0025731434694848234
great:0.02334491378456182
came:0.027951173448869875
imho:0.020044776186833566
a:0.004525707815242946
how:0.00608964350569039
other:0.0063856851288514385
hockey:0.018205109992965304
was:0.012298071306963688
part:0.011338991261172578
lucky:0.022044889062669305
also:0.013736084552588576
patrick:0.042459305837900474
solution:0.01800859753811689
team:0.014829743373585636
not:0.002791250039703541
couple:0.014611073123400547
have:0.004733801973589378
only:0.006173778880876326
tom:0.03514563169884032
argue:0.03944077864573457
able:0.012210487157919763
his:0.01707804668060423
johnson:0.08550655053347836
coach:0.16521841629215037
which:0.0179429490627433
credit:0.022372523650114707
of:0.005401127376826073
unfortunate:0.02596756434223969
year:0.011457225538007647
years:0.010323034365649969
younger:0.026244042280673126
order:0.012982948431168944
good:0.007500045608145829
one:0.009104730627552059
in:0.004112956062372465
golchowy:0.02528274892521829
and:0.0017675806226425455
for:0.006024978942816185
subject:0.00012359702264823285
however:0.011097680112022746
i:0.0008837903113212728
group:0.02497329569265412
person:0.012987011292008568
we:0.0062395551190461565
ago:0.013246137617428906
the:0.006630234810088892
would:0.004317822435668407
can:0.008005240670719567
huot:0.129812723304904
nobody:0.01855689659934457
olchowy:0.025112313864464976
needs:0.01550623408643216
decisions:0.023035027555858564
just:0.005436984090119842
record:0.017854853690910163
here:0.008335189377886092
circumstances:0.022466054702510632
about:0.004560260094082738
different:0.011700078231533554
is:0.008706983278864107
having:0.012115237927872042
new:0.007981479467053458
right:0.008980896267547682
days:0.013788206595139687
time:0.02193763847088491
run:0.012392751983274976
alchemy.chem.utoronto.ca:0.025056868535544993
talent:0.02478918533698562
him:0.01109497825631161
change:0.013759301425511516
very:0.016141134183180066
players:0.0515538043477485
playing:0.018543379422940244
check:0.030641773746182304
s:0.005744780378296466
