at:0.004661190542086936
all:0.005047977939927466
contract:0.02688320882393268
work:0.010714669121641818
to:0.00218761771442989
remember:0.014722878500112339
sound:0.01826022904300757
job:0.018367664313699343
recall:0.020692355635306994
caps:0.027257949842814228
everyone:0.016177316177318005
that:0.003670948417296051
complaining:0.05950891743222144
considering:0.021192433626217422
think:0.007617714431368017
nt:0.003778193395356817
its:0.010940870666847461
re:0.003957042357440958
exactly:0.01701789763635983
so:0.005406405277168889
msg:0.05805705371250202
espn:0.10579710721825274
had:0.03247425366523037
this:0.00833305457732411
getting:0.014350272868913683
amount:0.01967416408268163
two:0.009866610754779424
game:0.07862457957435152
burned:0.025747971746563268
on:0.021460691015419676
you:0.008822206181090822
great:0.026679901468070654
imho:0.022908315642095504
m:0.007242405884212021
a:0.0036944553593819974
other:0.007297925861544501
same:0.010275626193273081
hockey:0.041611679983920694
was:0.004684979545509976
failed:0.02241956791653458
baseball:0.019826856296766178
plus:0.018920105047511484
cover:0.020762997609777175
sc:0.08535225847407062
worst:0.022802703247584724
are:0.0034016475216996057
d:0.009639387419984314
it:0.003628099785608169
have:0.00811508909758179
being:0.010295258888492847
area:0.016976016109308715
doing:0.014183613254842938
shows:0.020445580093227042
familiar:0.024373854178259702
writes:0.0034987428096167317
conclusion:0.023353199860140696
if:0.003545769416737615
of:0.004115144668057961
even:0.008884441522571564
what:0.014610192111057638
year:0.05237588817374925
they:0.009872165338706282
over:0.010613443135023057
in:0.0018802084856559837
feature:0.025000563968805702
yes:0.014110295611131687
rather:0.013616315623877584
and:0.005050230350407273
for:0.0017214225550903385
subject:0.00014125374016940898
p:0.01781020126789074
twice:0.023864452959024673
i:0.008080368560651637
back:0.011144744550621892
games:0.0880918066563155
rangers:0.04938572137510268
coverage:0.09795057449549306
the:0.0047857333967558915
thing:0.011978478492724638
see:0.009361829425455957
when:0.006918912395998602
around:0.012524838270654157
would:0.004934654212192466
can:0.004574423240411182
peter:0.03896183154313181
because:0.009337155020605893
did:0.008697942028798759
instead:0.01623139847399281
last:0.0230705031963968
just:0.006213696102994105
about:0.01563517746542653
different:0.01337151797889549
is:0.004264644871280379
lack:0.020526566449220036
time:0.008357195607956155
dc:0.02368848882274699
orioles:0.03182253442344941
show:0.015926289257856257
article:0.004287475557230693
shown:0.021848505804294514
seem:0.014601653729607077
especially:0.01653595612432456
john:0.014187716399903945
s:0.006565463289481675
