at:0.011746200166059081
there:0.012237053141028633
take:0.02834332173780938
stand:0.052503180726219505
cup:0.05839024796660564
to:0.001837598880121108
most:0.024754606186227174
that:0.018501580023172096
think:0.019196640367047404
pittsburgh:0.058967538709983294
like:0.01552852084678231
re:0.004985873370375608
this:0.006999765844952254
game:0.03962678810547317
fought:0.07855808911919474
a:0.0018620055011285268
hard:0.03605644536767346
mario:0.21945566303325767
series:0.04783133814356889
test:0.047678664719728946
as:0.02133637760578716
bring:0.05057822596385434
stanley:0.06593680803426828
far:0.033191707628285355
team:0.04270966091592664
pat:0.054041869754983735
kurt:0.07962532522150856
it:0.004571405729866293
only:0.017780483176923823
pitt.edu:0.06583767498776805
amazing:0.06535277306548971
b:0.04081211128685656
be:0.007712816761832952
writes:0.008816831880234166
if:0.008935338930178791
sounds:0.04750272751414451
one:0.013110812103674967
in:0.00236906269192654
and:0.007635948289815797
still:0.02722278776306063
subject:0.00035595942522691063
i:0.002545316096605266
walker:0.06497716137260044
joseph:0.10891196343050005
the:0.003015012039956212
eagle.wesleyan.edu:0.16345408895511268
would:0.02487065722945003
can:0.01152754656583618
an:0.011971975180823158
makes:0.03723970509669299
is:0.007164603383751038
detroit:0.06332466935619029
type:0.043206833471089286
goes:0.04297369594654236
fans:0.05484000826063278
ranger:0.08346108618753231
article:0.010804438404221347
pot:0.08048583883667619
shots:0.06535277306548971
s:0.01654496748949382
