at:0.011591644900716198
know:0.01623519902181976
with:0.0076950970630203595
someone:0.028992869929776576
to:0.0018134199474879353
pound:0.07542403339931213
goalies:0.08200240118258958
player:0.05114819780337108
legs:0.074999548370125
that:0.004564534545190484
nt:0.009395770417400506
happens:0.04915891466814182
re:0.004920269773396981
so:0.013444876281380526
brad:0.06290138644071139
this:0.006907663662781828
he:0.04184561072421671
game:0.0391053829988222
on:0.013342337506297102
more:0.016729197708167446
a:0.00551251628623577
how:0.01730740785827795
other:0.018148789313577773
hockey:0.05174083892737507
was:0.011650804396070863
hitting:0.06315362217897087
call:0.03495994865787773
his:0.07280640953310223
goalie:0.0703064570025101
stick:0.11121919223301213
get:0.017294394411725294
if:0.01763553736219498
what:0.024222160605174504
year:0.032562641002758574
called:0.03529282231390439
in:0.00233789081440119
and:0.0025118250953341434
gets:0.04391205713674742
for:0.004280906090948342
subject:0.00035127574857918807
pounds:0.07235914448246511
um:0.07608759726282387
alan:0.05790371963156893
than:0.018823701081835013
the:0.002975340828904156
do:0.01890310312911833
when:0.03441248533799305
can:0.02275173664309772
liberties:0.0732425563619076
potvin:0.22256872828145
return:0.04855746983969643
hit:0.04710134394643959
is:0.007070332286596418
glove:0.08236291400085424
him:0.03153309609688563
players:0.048840446224182786
while:0.028557138235243713
s:0.016327270548842587
