since:0.01786447878039001
at:0.023597277119315117
saw:0.03033375520656656
ever:0.023601982650266612
with:0.00522167300704953
way:0.015467614460236994
scored:0.04422099352052928
to:0.0012305349643668131
matt:0.04382702204812805
matthew:0.03827028875733477
that:0.0030973627270935427
like:0.02079712613408345
tie:0.047319693037955614
re:0.003338754489090808
happened:0.0301098294530217
something:0.017773761760388595
two:0.016649905648690278
game:0.05307159121268727
on:0.009053729022130176
apparently:0.03382733085938985
a:0.004987514735165697
j:0.02726900588865056
was:0.007905902983048085
said:0.019567007398780645
ice:0.12531199362314782
hands:0.035762231744241896
no:0.030153903647745797
those:0.03314135096942072
it:0.01224483677642757
not:0.005383125076571115
rush:0.045597338876129795
after:0.017225122211294207
virginia.edu:0.042912033929530385
alive:0.039330545478552116
writes:0.01180825698245647
kinda:0.045597338876129795
of:0.001736076656836952
gives:0.0324689685338938
what:0.008218233062469922
years:0.019908709133753512
who:0.023090229897033004
up:0.01199518187814629
pick:0.03589334381283941
in:0.0031728518195444726
threw:0.0468569692177361
or:0.0060206380152061185
use:0.014846245783458464
watching:0.03803217940838691
and:0.006817810973049818
subject:0.00023836568653587764
i:0.005113358229787364
games:0.029730984746506477
ago:0.025546122547898606
actually:0.021824233277688256
will:0.010118797722350753
the:0.007402931348106771
fan:0.03571032129901494
last:0.0194657370719598
an:0.024050842997189376
thought:0.023969521474926002
fish:0.04910084804167276
is:0.0023988627400952133
number:0.02234165043212284
night:0.029891382558785932
detroit:0.04240491251530599
keep:0.02365548735826715
their:0.013515032308765303
tradition:0.04187329292877905
dead:0.030636447632242284
cunyvm.bitnet:0.10860536226477625
fans:0.03672321981738802
article:0.007235115002826795
understand:0.026751404133354046
s:0.011079219301000327
