king:0.030198946078257523
ever:0.019017424869279573
with:0.004207391199924801
someone:0.015852216652251942
to:0.003966040748462823
player:0.027965921101123756
ten:0.028963951385308124
might:0.01530277076171544
enough:0.0174974714168158
die:0.02710614655706726
make:0.012662449520501466
that:0.0024957167297444374
guy:0.02436209170466813
bobby:0.037540486253501884
me:0.015591204034597766
re:0.00538043888889454
this:0.0037768520746145253
off:0.015708326963714752
getting:0.019512241526796304
best:0.017519252373823267
extremely:0.03178525456863043
something:0.014321304440025344
utter:0.04067227093881012
you:0.011995661641914861
why:0.012803759569453285
a:0.003014037681682867
mario:0.1973522149579655
sorry:0.02285911283984622
as:0.00575621697997855
pissed:0.03984917488717168
patrick:0.03298996424815289
minutes:0.028670267971493336
pat:0.029159282241897698
no:0.008098890188363381
it:0.0024665858254674243
not:0.008674964152172157
should:0.023637584780337836
being:0.02799717884784386
pitt.edu:0.03552392535311226
hope:0.020780298831942774
real:0.018399955784160055
b:0.022020923356217567
without:0.01616698190505392
writes:0.004757283388615557
get:0.018911855759584494
kill:0.02658008709786609
if:0.004821226041463377
what:0.00662188563306929
but:0.00957242046403468
ok:0.0234809294281362
clarke:0.04198393681502563
well:0.02421392676479633
they:0.006711651974875854
who:0.009302538663552866
now:0.023768552487456754
in:0.003834813709953032
gun:0.026338240977010083
and:0.0027467439891423733
complain:0.0732303627541679
word:0.022078248317722437
for:0.004681278603051424
subject:0.0001920644380720741
i:0.009613603961998306
hart:0.08320370348164913
walker:0.07011923889129544
sick:0.032311095460755154
shoot:0.033534653613157904
joseph:0.029382723947077354
the:0.0021690734100404405
see:0.01272939396698688
can:0.0062198992261706
hate:0.028963951385308124
did:0.011826698154265939
an:0.006459698838573646
gretzky:0.041854307279035136
just:0.00844883858608551
here:0.012952524500887743
jesus:0.024987046184840333
about:0.014172894680890238
f:0.02673547639141617
hit:0.02575325280524755
is:0.0038657931926714233
violence:0.03386548176597677
break:0.028231701785956017
trouble:0.054889523486191874
exception:0.03579543850406799
him:0.05172335187115053
lemieux:0.04014691025524977
article:0.005829732951917993
give:0.03400339958785621
bad:0.019716554293139454
going:0.015667738734170378
wish:0.026878255502005604
s:0.017854281463482544
