tv:0.13216259498552313
read:0.026360500719743277
week:0.04009114888843702
there:0.010671848669501714
damn:0.05002135880654193
with:0.006800318334762178
concerning:0.05320049120299657
overtime:0.06724020223226296
hell:0.03969047586606855
flyers:0.06591526898401623
to:0.004807671488688945
playoffs:0.10688549605489645
next:0.031143953764525292
that:0.008067549428708763
re:0.004348145381141518
happened:0.03921280114812129
this:0.006104446957807198
you:0.006462778946613045
was:0.01029605969885332
shit:0.056037440484590195
jay:0.05928102644369515
ns1.cc.lehigh.edu:0.06265991984032006
are:0.007475713739549134
those:0.021580414584739072
begin:0.048525807901633876
not:0.007010581495069359
have:0.011889549142968671
interesting:0.038000285603737353
kind:0.03204100810422163
netcom.com:0.037430641566524876
network:0.042714996163134615
writes:0.007689097569971655
were:0.01803841043572441
if:0.015584893482869983
of:0.006782811124386232
what:0.010702815151123618
they:0.01084790261055516
who:0.015035498537602887
in:0.004132086090569546
watching:0.049530280159759695
and:0.0022197524098301735
for:0.003783126312931093
subject:0.0003104297313025383
steven:0.05216876892847699
guide:0.054667870302539216
i:0.004439504819660347
games:0.038719421995450296
pretty:0.033465349499065426
coverage:0.10763173592818714
the:0.006135198918515548
nhl:0.09923607672964456
would:0.02168952665359014
major:0.038097999682765026
an:0.010440676029787635
is:0.006248200625364277
time:0.01836639499888039
gone:0.04569299298700887
article:0.009422475352518616
shown:0.048015902290833294
roof:0.06684599814301083
while:0.02523654076602933
blame:0.05205958590115327
s:0.014428750717581821
