posting:0.046467444464172405
all:0.013437575079525229
where:0.02602051828498256
your:0.017745524256074122
maynard:0.22217463058523074
kings:0.07349475477798256
goals:0.13006630221993892
teams:0.05825338222214305
that:0.004885980639922209
12:0.10009534736935313
re:0.0052667676447629656
so:0.02878339710943437
this:0.007394118850301676
best:0.034298254647344144
you:0.015656309560809066
knowledgeable:0.08382084654099164
roger:0.12433112038215753
as:0.011269213524183358
assured:0.08120511209317344
are:0.009055089881707402
should:0.023138199186387036
leafs:0.07018715490365297
have:0.014401425722469096
always:0.03742191687322123
allowed:0.05396948208615312
facts:0.057043475973759
be:0.00814734164982354
writes:0.009313554803064259
of:0.005477199593401089
one:0.013849449405290457
in:0.007507593037795372
and:0.0026887141865548584
subject:0.0003760134773523704
however:0.03376195639713962
rm:0.07243126812293826
morons:0.08325739112389728
league:0.05478671927089083
games:0.09379916314390777
the:0.006369743746386363
thing:0.03188637232570361
can:0.01217698580898188
ramsey.cs.laurentian.ca:0.15565105039393584
jonathan:0.06733106154216995
many:0.02610142292363512
observer:0.07941419412859249
is:0.0037841215055023085
time:0.022246619294418502
2:0.05488477611536363
little:0.033032939463358654
before:0.029946398129896402
check:0.046610022036446326
s:0.008738539166986173
