tv:0.029598914501966115
there:0.007170148324821464
know:0.009639649419205483
response:0.02743436369240111
trivia:0.046987960984624516
clark:0.03917802082202134
to:0.003230154281462885
player:0.06073848489150316
aka:0.04046610397194505
playoffs:0.03590684633094177
legs:0.04453098184476172
that:0.0054203847724137
quite:0.0207515576727297
bit:0.021289720297310154
like:0.00909874268366151
talking:0.02546633734658022
re:0.0029214101779544573
exactly:0.025127989478687565
michael:0.07042254378922709
appeared:0.03715237552569257
he:0.03726874705125551
something:0.015552041540340022
two:0.014568667442603996
on:0.011883019341545857
m:0.021387729876813626
sure:0.017047218907493777
a:0.0043640753932699845
hockey:0.09216336933938685
wondering:0.02811666798326013
j:0.02386038015256924
was:0.0276706604406683
as:0.012501783753390913
pens:0.03924077216340622
amusing:0.043597035355310294
fox:0.0442868213486359
others:0.021065064242721844
it:0.002678558044843531
not:0.004710234441999726
examples:0.03427952568096353
deleted:0.027448277320299506
have:0.003994145415216038
ve:0.01425885702365183
pitt.edu:0.03857676268814534
b:0.023913346457142513
shows:0.030189176856405556
talk:0.027028076309664275
knew:0.030328867678888746
anybody:0.02374683706963043
writes:0.005166112429824706
were:0.012119557011502337
spots:0.045881316320069615
if:0.005235550154401635
of:0.0030381341494646664
susan:0.04827764653430771
seen:0.02025363195798713
looking:0.020264729260989406
what:0.014381907859322363
but:0.00519752517383133
year:0.019334068095387905
who:0.02020395115990388
one:0.0076821164669970505
in:0.0013881226710507069
or:0.010536116526610708
douglas:0.03523735632230987
and:0.0014913961503546479
few:0.017856464850830363
for:0.002541787991500578
subject:0.00020856997571889294
i:0.0059655846014185915
mention:0.02948964698653846
ago:0.022352857229411282
any:0.007994431767881307
actually:0.019096204117977224
pretty:0.022484531694684583
joseph:0.06381560357255862
the:0.003533217234323686
major:0.02559709353685775
did:0.012843055026898167
gretzky:0.045451161810827215
during:0.0228778867953318
about:0.015390877817529243
bruins:0.07912463920952349
is:0.0020990048975833117
viewers:0.048688925702162565
break:0.03065786365818661
wanted:0.023790312418328925
lemieux:0.043597035355310294
answer:0.023720867516631692
incident:0.03754802968833909
guest:0.0464943758157063
while:0.016955800827175956
s:0.009694316888375286
