go:0.019072865213667915
at:0.008636911886808147
posting:0.032344985852512165
knows:0.03425452363863956
where:0.054336964653934165
i.e:0.033868029382111794
spot.colorado.edu:0.15883673958913871
to:0.00405352694144362
next:0.026258627683815445
that:0.003401025739553694
could:0.014795187797314287
finding:0.043711817056195534
anything:0.022757266179601998
re:0.0036660833605702994
boulder:0.054042814335634334
afraid:0.04426690425226913
he:0.04676862375059515
game:0.029137344195200858
on:0.00994134951449588
roger:0.17308842249280754
state:0.02605601359745702
a:0.0054764867680250785
colorado:0.04620785968233294
hey:0.03778567632971735
it:0.006722655485097489
being:0.019076509116913217
try:0.023886173258268556
university:0.046085100031346145
expect:0.03388452042312145
his:0.018082637661816243
be:0.005671188795465405
writes:0.006482964617819238
of:0.009531401253222483
wayne:0.04580996477924393
department:0.03400074100679349
what:0.009023942186241482
but:0.006522384531866767
find:0.020749477820327353
net:0.06500279382153887
now:0.016195239194884747
called:0.026296612704477782
michigan:0.050507377649920485
over:0.01966608580901331
in:0.006967831446842764
subject:0.0002617348714903755
i:0.0037431119067724496
we:0.026426351092430782
unfortunately:0.03609699098848977
the:0.0014779470784099078
start:0.02762315772433836
marshall:0.11590734842738641
because:0.017301199008769745
instead:0.030075826584163152
newsgroup:0.0376878807899446
here:0.017650989270817607
people:0.014757579804638406
is:0.005268090723346351
picture:0.04010321336956275
new:0.016901956518466144
detroit:0.04656225687955167
chemical:0.04870493215019491
guess:0.029374090813094642
predict:0.05366326029464717
engineering:0.037909308757089206
article:0.00794444000310393
john:0.05257800783493815
s:0.030413543179216584
