simply:0.01728047084679881
week:0.03895863055825518
there:0.005185192008910437
scheme:0.02593687556200228
story:0.020311059480297197
small:0.016885570058000062
hand:0.017837511047755217
with:0.006608218946774546
way:0.009787417059584991
edmonton:0.09607988360382026
though:0.014042622607969941
divided:0.032203195910336165
my:0.005368442154408482
hamilton:0.062286633471578555
to:0.0031145743730866234
next:0.030264181059312716
teams:0.023367175919616706
been:0.008289493713115477
that:0.007839652552191566
problems:0.015497588903343351
broadcast:0.02870579925267388
quite:0.015006776170109613
signed:0.02793932543824927
grand:0.028332128052083228
believed:0.024693953270336487
affect:0.027691852993851573
me:0.006121969945788388
brought:0.021889225099071565
re:0.002112658207786274
larger:0.024044360136275613
had:0.01733794899075859
this:0.002966002476674684
80s:0.03814722005176676
on:0.008593369919309998
market:0.022095227203802387
more:0.014366316675940405
a:0.003944926909170607
how:0.007431429362876408
other:0.007792700496225485
million:0.02211023310243581
was:0.005002605277408958
owner:0.02532095049046106
as:0.00452041898427694
rejected:0.029649607640601375
immediately:0.02385705952996544
local:0.01726770311816922
allan:0.05571124877723142
course:0.013820066666101803
exact:0.024129640510413945
team:0.07238925578970616
are:0.003632267692662291
no:0.006360145402161073
place:0.015363997837945908
it:0.005811108978643593
not:0.003406271234892457
buy:0.016987802967480033
earlier:0.022293483247933853
sports:0.027116809523173933
has:0.018047024981127983
details:0.02155266600164031
heard:0.01526919412101624
be:0.006536285391383857
if:0.0037861605636350807
of:0.003295603145182011
offered:0.026147822852610435
future:0.01979947075885791
even:0.018973553082101986
opinion:0.018696675506145136
but:0.003758662272601188
year:0.013981698961636452
stadium:0.0323854606686312
fairly:0.022170658464677324
they:0.01581219702555498
in:0.005019200618488431
moving:0.02396034791887758
force:0.020192113665620178
still:0.01153507956061891
for:0.0036762583379895365
known:0.018400727387945525
subject:0.00015083026492665705
offer:0.01985968146210078
i:0.001078523769747994
oilers:0.0657372735795015
possible:0.014559161711664305
will:0.0064028550559507595
than:0.016164986239767924
the:0.007239435689160396
would:0.0052692070401377175
holding:0.026026318868311207
peter:0.02080165582387546
conference:0.07386955032254879
did:0.009287633013802064
announce:0.031448781262739985
may:0.021028537033218428
during:0.01654446050735859
many:0.020940124605402188
press:0.060802548487587565
is:0.006071697782839862
deal:0.03724649708203965
move:0.019982062799847555
65:0.02765164131154161
does:0.006884117595127261
cities:0.027416202348826538
fans:0.023237291635861346
by:0.0055956806486845544
concern:0.026026318868311207
while:0.012261822067110297
s:0.007010579444700772
news:0.017338285402053212
