there:0.03164755122679819
thanks:0.06873747051435045
from:0.029192146704488813
wc:0.39310108111237935
us:0.07103022021327572
re:0.012894500095798983
93:0.12624191364842763
results:0.12631323271960207
being:0.0670966872387982
writes:0.022802151414398703
germany:0.14499123217887197
championships:0.2158476366918939
in:0.01838065881667143
world:0.08693967892181645
subject:0.000920584720414424
games:0.11482311350374916
20:0.10844249477260759
any:0.03528576780306232
the:0.005198296620614159
here:0.06208278984908262
is:0.009264573341057375
1993:0.10447088975897025
article:0.02794251311436555
shown:0.14239198610385045
april:0.1173156504099349
