trash:0.04511283586636
attitude:0.10467531025844579
help:0.016984862857474577
much:0.013866641821904216
into:0.014212729388749097
single:0.02580497357549504
to:0.00218761771442989
remember:0.022084317750168506
lunatic:0.04946176579267308
most:0.01473488463465903
wc:0.045237822826424606
proud:0.04012387825189672
that:0.01376605656486019
european:0.035170272624333275
really:0.015487267803102585
nt:0.0056672900930352255
champs:0.04498978676686822
me:0.008599910161940831
sucks:0.04603213598957526
penalty:0.03845942959330887
this:0.004166527288662055
mean:0.02097954013357032
off:0.01732902736473294
game:0.023587373872305455
went:0.025892549724095902
them:0.011633802948668578
a:0.0022166732156291983
other:0.010946888792316752
was:0.0070274693182649645
audience:0.08926337614833216
canadian:0.03851323663287537
team:0.050844834423722174
are:0.005102471282549408
it:0.005442149678412253
not:0.004785000068063213
have:0.004057544548790895
kind:0.021869259499706823
has:0.008450591062591674
crowd:0.04249574629197534
penalties:0.04286070750818029
watched:0.03954990474729651
of:0.006172717002086941
what:0.007305096055528819
but:0.010560051146831909
germans:0.0448686163531318
they:0.014808248008059422
over:0.015920164702534583
one:0.007804054823616051
in:0.007050781821209939
threw:0.04165063930465431
or:0.005351678235738772
and:0.004545207315366545
few:0.01813990080084354
for:0.0025821338326355078
subject:0.00021188061025411345
i:0.00757534552561091
period:0.030087390742830285
possible:0.020452155737814143
stupid:0.030648303105290098
the:0.007178600095133838
do:0.011401871728674549
got:0.017556776362147412
did:0.013046913043198136
extra:0.030830759599136913
last:0.017302877397297602
sport:0.03979989416840263
just:0.018641088308982316
german:0.18633356848045948
about:0.007817588732713265
is:0.004264644871280379
today:0.02253274814125677
gave:0.029459316770141998
their:0.012013362052235825
guess:0.04755805179262942
every:0.03860553217360946
behaviour:0.04197796437238486
golf:0.04575843617948661
phoenix.oulu.fi:0.04967921796876923
seem:0.04380496118882123
