some:0.010911559580685551
trash:0.026561763173651217
go:0.03636321965970331
at:0.008233317873405897
out:0.011011000925985606
round:0.020563937813080555
minnesota:0.047094199605493235
insight:0.02671012157699038
know:0.005765771615225709
all:0.004458260890870519
take:0.009933407151101418
football:0.02594692038024599
where:0.008632975692681129
monday:0.023624339531490592
specifically:0.018911414260540473
your:0.011775067497021145
eos.ncsu.edu:0.0815572249315778
much:0.008164471353083791
january:0.024293035062521777
4:0.011608736000834948
though:0.011614692530891025
ca:0.009610040168655706
1992:0.03687800499891861
from:0.003955945114159699
my:0.00888050711523646
to:0.0032200914955393244
playoffs:0.02147699219794648
next:0.012515794503500818
think:0.006727794521161473
like:0.01088447722905302
talking:0.015232201777393777
nt:0.0033368156622543854
toronto:0.018771496706264403
me:0.010126997013126585
so:0.009549631751260935
anyone:0.00781735864318407
this:0.002453188964352425
big:0.025941874335210814
on:0.002369200117940607
western:0.019114615718202804
set:0.012380441981896827
you:0.018180340775051648
am:0.007637085778978343
etc:0.010851981249804838
3:0.010941429647839344
m:0.006396330430448935
why:0.016632921309850526
a:0.003915432128541295
sorry:0.014847741517470207
kick:0.025883342566901228
let:0.010771671695106656
waste:0.01999336446354364
buffalo:0.02394673612722401
stars:0.06985917754429011
college:0.019250071497984356
team:0.029936678212098104
ontario:0.02219322524165547
are:0.009012776377587274
it:0.0032042563527100183
not:0.005634672977345466
should:0.007676692253427474
leafs:0.046572785029526734
have:0.0023890215567647327
laugh:0.02370287746754845
stay:0.018451857795589634
moved:0.020834604391270765
classes:0.02424831800169864
real:0.02390274629904904
love:0.030581471403564937
humor:0.02594692038024599
talk:0.016166326016995452
be:0.0027030899866236973
get:0.006141934463977206
if:0.006263088035172048
of:0.004543004335648099
even:0.007846539475542175
oh:0.015092131701595669
well:0.007863868739034321
up:0.006277852197908339
eliminated:0.027443030322284626
now:0.007719226158309552
email:0.012821956350317479
in:0.0024908369424461283
our:0.010419511322338286
5:0.012144265826718143
thoughts:0.020065534194513145
better:0.0104496068752402
and:0.004460250169284928
few:0.010680502340683582
green:0.019665003735288705
for:0.0030406435786175137
subject:0.0001247521350094313
i:0.006244350236998899
we:0.006297868718289579
games:0.015560141549573483
any:0.004781716197611249
actually:0.011422028631313478
the:0.0031699892943464845
do:0.0033566257892826946
when:0.0122212564751751
got:0.010337167390797075
would:0.004358175916375589
can:0.008080056004090778
fan:0.037379027901772645
conference:0.020365904060889617
home:0.013688612391875458
maybe:0.012373425618422074
just:0.010975594051083046
fish:0.051395280193152794
about:0.00920575869459693
17:0.018375251207852827
interested:0.01344428138044355
is:0.0012554795649096443
limit:0.02074964028340539
division:0.0185166701687866
east:0.019026445230799147
night:0.015644088068149646
right:0.009064829877524763
time:0.014761775419660873
2:0.009104717533156115
1993:0.014157270107524003
1:0.009151980803386488
advice:0.03635380437601166
16:0.01629435860665954
first:0.008773620698088977
words:0.04637185698374824
article:0.003786602244470098
november:0.025073661626368347
bills:0.026347699921168533
understand:0.01400073487353109
respond:0.01889723246757246
champions:0.052978627407713974
north:0.01875773263977021
hatred:0.024383773781480194
news:0.014340544468053357
