22:0.06459452093415119
tv:0.11747786220935388
some:0.009050673450646156
penguins:0.04030007366960977
fewer:0.0426301936485841
there:0.007114565779667809
know:0.009564923454715518
from:0.006562575615737795
post:0.02001998298008667
item:0.037723772558918275
next:0.020762635843016863
that:0.0053783662858058415
broadcast:0.03938702688157579
re:0.005797527174855357
had:0.01189463942389252
this:0.008139262610409597
announced:0.037409461749659756
game:0.023038830293879747
on:0.023581805825083253
you:0.00861703859548406
incorrect:0.03938702688157579
3:0.018150898795640462
more:0.019711922880941486
a:0.0032476840135962676
other:0.010692309983193107
basis:0.028893087418899215
related:0.029877046400241622
subscription:0.09793395159542437
pens:0.03893658013113175
andrew.cmu.edu:0.03158743726145163
based:0.023417852805430562
no:0.008726711133197751
should:0.01273497784677116
have:0.011889549142968671
after:0.014955144865619777
sports:0.03720678515970377
robert:0.02477063588339305
details:0.029572262653413447
free:0.06715134404941245
be:0.004484195791763343
sort:0.024321405485744418
get:0.030566836634677262
making:0.02383416427032871
of:0.0015072913609747182
what:0.007135210100749079
year:0.0575525747955733
reading:0.0254753647004883
62:0.04496162119912002
they:0.02169580522111032
now:0.012805537968048404
in:0.0013773620301898487
system:0.01732730487784903
yes:0.020673223802355728
and:0.0073991746994339115
for:0.0025220842086207287
subject:0.00020695315420169222
i:0.004439504819660347
6:0.022777904128365847
games:0.15487768798180118
actually:0.018948171527915385
will:0.035141251004753
than:0.0110899324203059
the:0.0023372186356249705
wrong:0.020491643851394268
got:0.01714847923744631
home:0.022708240712103478
last:0.01690048489968603
just:0.009103787313689039
about:0.0076357843435804
is:0.004165467083576184
yesterday:0.03408033357251723
right:0.015037779796824028
61:0.03912643299941312
1:0.01518235575135433
paper:0.02989649920338446
every:0.018853864549902295
full:0.023950871968397312
going:0.016882292124416144
by:0.007677794378427644
dean:0.038630139520615205
s:0.009619167145054548
news:0.04757948087075067
