selected:0.048482947084020796
at:0.008636911886808147
there:0.008997833191932817
all:0.009353606182806777
defense:0.03847261321811653
contract:0.09962600917104464
surprise:0.04770947705980841
my:0.009315826091473542
colors:0.044704869350814164
player:0.038110421892707864
look:0.023246748277214808
wc:0.055882016432642165
t:0.050515157941185135
make:0.017255691013232387
that:0.006802051479107388
re:0.0036660833605702994
had:0.03008644089572814
93:0.03589230878239609
these:0.01624152914802885
big:0.027213534841838798
igor:0.06931874196354168
3:0.022955548476839407
why:0.01744826058974516
a:0.004107365076018809
other:0.0135226273316854
hockey:0.03855199763216182
anymore:0.04344563088888228
season:0.037423866947997236
defenseman:0.06164463079442764
also:0.01454408952627026
are:0.012606105521592657
results:0.0359125857732202
no:0.011036722903750096
18:0.037909308757089206
it:0.0033613277425487446
not:0.005910882437019264
try:0.023886173258268556
rights:0.03405097470287065
his:0.036165275323632486
writes:0.006482964617819238
of:0.00571884075193349
germany:0.04122299738418909
leo:0.05636035137547972
ok:0.03199852147559737
czech:0.13239329312083759
they:0.00914627082850729
republic:0.050417843497339375
now:0.016195239194884747
good:0.015882449523132343
in:0.006967831446842764
5:0.025479145950173362
and:0.0018715559533862248
subject:0.0002617348714903755
finland:0.5849691935487136
we:0.013213175546215391
fired:0.046502293869576806
the:0.002216920617614862
got:0.02168778256500563
mask:0.052605525372968885
here:0.017650989270817607
is:0.005268090723346351
new:0.03380391303693229
right:0.019018368566571565
1:0.01920121462671283
article:0.00794444000310393
very:0.0170906126645436
players:0.03639092071605777
owns:0.05542593784798634
april:0.03335444962635404
bad:0.026868637713199844
lots:0.03577151971976824
playing:0.039268332895638164
somewhere:0.03803452018531948
s:0.006082708635843316
