means:0.019548932554750018
take:0.014660338829901403
hand:0.02177406521001844
with:0.004033292253721016
much:0.01204963358317194
gerald:0.03492397868558278
my:0.00655320180227794
to:0.0019009643587459735
us:0.014206044042655144
day:0.01754002093629567
teams:0.028524069915670046
that:0.007177337077954693
like:0.008031993541439126
nt:0.0049246796670513
me:0.007473025382100308
re:0.002578900019159797
exactly:0.04436389866582081
abc:0.03792617228046447
national:0.022442578793017334
he:0.054832179569663284
goal:0.02892500803006777
something:0.013728698739058777
game:0.020496614537313707
sunday:0.03081256548163357
on:0.006993225175714344
you:0.0038330964786808404
bill:0.042696743112989204
why:0.01227394882864832
a:0.005778637762123014
other:0.009512468881599385
was:0.006106628511044039
as:0.011036057382303703
listen:0.029454802554091507
baseball:0.025843281655784884
danny:0.037837183281596146
personality:0.08024480981773632
andrew.cmu.edu:0.028101926942946623
team:0.022091203922031014
are:0.004433871597249831
beside:0.041630606294832506
dick:0.1044271004880888
d:0.025128885825890145
not:0.004158000059144585
have:0.0035258662975700197
pleasant:0.08295805525561294
being:0.013419337447759642
color:0.025480221424850936
grew:0.038583483865321885
terrible:0.03492397868558278
real:0.017638578303436188
doing:0.03697521248503883
has:0.007343272233700351
knew:0.026773069399294892
which:0.00890960229322426
writes:0.00456043028287974
if:0.0046217270328510985
of:0.0013409695556257837
opinion:0.02282283837646682
what:0.00634787657239056
york:0.02595287729258926
talks:0.03301279032532913
up:0.009265243933464722
over:0.013834074155305916
one:0.0067814545363836035
tim:0.028123512411973715
in:0.0012253772544447619
jersey:0.03528077644005995
or:0.004650423846228174
and:0.0013165428085889306
subject:0.0001841169440828848
i:0.010532342468711445
example:0.019388683750054515
rangers:0.032185866689291055
any:0.014114307121224927
coverage:0.03191837686146239
the:0.0025991483103070794
wrong:0.01823049694365421
do:0.01486175004634131
when:0.009018444433405074
because:0.012170498613065614
did:0.011337317540985967
olchowy:0.03740868823947886
last:0.015035603807306881
friend:0.023953099446157283
long:0.016415939621438516
about:0.006793215036702562
arrogant:0.03820024351253009
is:0.011117488009268851
involved:0.024833635428040467
new:0.023779304343221334
wanted:0.021001103376180014
first:0.012948653995800283
too:0.01346564046803101
almost:0.020841330553548743
although:0.021791306598308677
complaint:0.04118551304560787
mine:0.022518889964137836
sometimes:0.024169009133226553
john:0.0184929544798748
include:0.02318291912582484
s:0.012836612707365896
