some:0.007835817953915128
simply:0.02052780765022409
believe:0.014581690472015707
go:0.013056592293920316
studies:0.02831599259284359
there:0.0061595905072291774
know:0.024843123335402048
inning:0.03836218803675128
watch:0.025799757319290937
way:0.011626663218433177
much:0.011726153486979404
overtime:0.03880978115419204
o:0.02349650324697907
from:0.005681692982752856
yours:0.028364626207076922
several:0.018915781020586553
my:0.006377276921679874
to:0.006474761154789138
then:0.010710606374334249
that:0.004656437925294991
think:0.009662738439788961
nt:0.014377420504478627
could:0.010128249364604412
me:0.0072724072510372125
re:0.002509667803880339
so:0.006857789244194094
anyone:0.01122761576940531
espn:0.16774876899538396
game:0.03989273970349648
on:0.006805487587104563
you:0.0037301945597900794
went:0.021895713189503917
am:0.010968700380546077
them:0.009837981016994905
names:0.027495954442824693
a:0.0009372510911720772
hard:0.018149217466949728
was:0.011885384350354168
baseball:0.02514950228247522
ct:0.03726604672062176
wife:0.027120684745932686
college:0.027647753695091627
telephone:0.030047814681202555
it:0.004602086305234523
should:0.011025584847204561
deleted:0.02357972816777407
have:0.0034312121687761934
only:0.008949907639391184
bed:0.076509606391
channel:0.03252273911917394
call:0.017831920120796693
univ:0.031171834706410786
thinking:0.02337937271039366
if:0.008995307647830996
of:0.002609940745848841
even:0.011269526495073998
but:0.0044649880687947
hire:0.039941477210808096
they:0.006261205533609018
find:0.01420434052129792
up:0.009016512552700568
tim:0.10947407516070305
in:0.0011924812207683925
gun:0.024570573797344977
and:0.002562398754971744
complain:0.03415778665378972
still:0.013702745518319109
for:0.002183549415517275
known:0.021858582199103072
subject:0.00017917420732898185
i:0.014093193152344592
possible:0.017295111563520683
directly:0.024379196815411945
angry:0.07157370330206957
will:0.007606076140290499
turned:0.0263550224155275
coverage:0.03106150768397347
the:0.0025293725167417885
do:0.004820925630244944
when:0.008776338542575408
boring:0.0382548031955
did:0.0220659200462143
extra:0.026071649056988264
instead:0.0205888208831184
last:0.014631963436640924
many:0.012437590789114722
is:0.005409515977664373
today:0.01905453869663324
morning:0.02879289139328467
viewers:0.041826728119978576
does:0.008177777277433055
hidden:0.03427450975923851
wanted:0.020437315366081222
various:0.0239233488480214
change:0.03989273970349648
show:0.020201803152582767
de:0.027120684745932686
holy:0.030401975996505005
by:0.013294435903586121
says:0.017188098955889717
s:0.01249200565481916
