mark:0.03300685675046363
committed:0.04869730055676916
where:0.04060344611502773
with:0.012853348940429613
overtime:0.06354568562609467
from:0.018605983613850016
daryl:0.06790701930100426
single:0.035729963412223904
to:0.0030290091430567713
ccu.umanitoba.ca:0.13035334938665685
clock:0.047144404589004575
that:0.007624277482076414
me:0.01190756791653346
re:0.004109236294265611
sucks:0.06373680367787345
meaningless:0.06029001731682903
espn:0.21973245345329417
these:0.018204790913175194
game:0.09797832223880729
on:0.00557152555208011
3:0.0257303949960178
seconds:0.05085895214189063
a:0.00767309959256261
was:0.00973034213298226
coming:0.03820472477790764
baseball:0.12353656615677389
ot:0.10986622672664709
it:0.0037676420850546372
turner:0.0619605250893414
ve:0.020056414275026753
left:0.03213632069780837
after:0.021200150413900564
liked:0.05583435678816788
which:0.014196619038654042
writes:0.0072666196815116746
showing:0.04718708041347048
get:0.014443670058144202
of:0.004273419462983268
but:0.007310804640114399
up:0.014763300773103128
called:0.02947532413029378
over:0.022043304972740197
in:0.0019525241966427526
or:0.007410016018715224
and:0.002097787991707637
subject:0.00029337315265954173
i:0.004195575983415274
league:0.04274568206849724
than:0.01572089321120287
the:0.0033132000439079256
see:0.019443799575946993
less:0.030207313808750302
would:0.010248897209938199
major:0.03600470299689882
decisions:0.054676548923796156
relatively:0.048995663073977416
is:0.008857339348043865
night:0.03678939391850577
does:0.013389986970742037
break:0.0431231488818449
tied:0.056314302540944376
guess:0.03292480508720499
article:0.008904756926556056
understand:0.03292480508720499
everything:0.03395233498816762
s:0.006817981108307894
