mark:0.05776199931331136
into:0.034438536595815125
everywhere:0.09568396061664328
playoffs:0.08838608327616437
playoff:0.08953297301308227
re:0.007191163514964819
this:0.01009581612252729
took:0.06491157070032076
was:0.03405619746543791
baseball:0.21618899077435433
local:0.17632981453361263
far:0.04787265523310388
reason:0.05138869084631784
not:0.011594423241845479
only:0.07693478297707423
philadelphia:0.09539035538335888
writes:0.01271658444264543
available:0.05194353515027366
but:0.025587816240400397
good:0.031154035603067294
over:0.03857578370229534
in:0.006833834688249634
point:0.04233723002423194
and:0.007342257970976728
for:0.0062567089021552695
subject:0.000513403017154198
games:0.06403596714632165
any:0.019678601274784758
schedule:0.09804169757995737
coverage:0.0890031662483086
the:0.0028990500384194345
nhl:0.1641212038221045
ny:0.08079217945351769
nj:0.09385107254348318
else:0.048587542794962635
chicago:0.08120576032315159
article:0.015583324621473098
thus:0.06406452063223664
mike:0.06145023132610969
s:0.011931466939538815
