tv:0.020260219552147928
some:0.006243512701247882
appearance:0.029006736870184142
rating:0.029407994549023254
markets:0.03150725499432944
at:0.014133128542049697
out:0.012600824589095826
mark:0.01606216023685663
proven:0.02536488756522371
happen:0.018083594792338585
monday:0.027035340426411696
your:0.00673760546620996
from:0.0045271243552415805
antonio:0.06555645278948369
weekend:0.02699096180173418
scored:0.026485300932081707
to:0.005896039187554356
most:0.009928317989128544
teams:0.0221175943196372
that:0.0018551049488474696
playoff:0.024896869500964054
pittsburgh:0.023650082370314154
quite:0.014204274770638509
control:0.016308204652091034
nt:0.003818601880868655
could:0.008070102434898701
re:0.001999681833038345
abc:0.17644796729413956
espn:0.10692862708154956
national:0.017401999598863706
had:0.00820539297156222
off:0.011676243037199734
ti:0.020260219552147928
2.0:0.025079191486755366
game:0.06357238733498369
sunday:0.023892096229074157
on:0.005422554280634116
you:0.0118887484365502
loved:0.028064067125061192
came:0.016142923703090624
bill:0.01655355013738886
m:0.007319864770674182
a:0.004480761901111428
hockey:0.04205672468963107
was:0.023675431393085176
idea:0.014825541685886396
local:0.016344296534309903
frankly:0.030232329735265278
it:0.005500354487807038
fifth:0.026774430457591203
analysis:0.023025487355628323
have:0.0027339604981157905
being:0.01040536860922539
only:0.00713120983031704
mlb:0.03182502729631233
picked:0.025530460964175408
sports:0.025666712757228802
be:0.009280127119852481
boston:0.02229827345106706
credit:0.025842059403341052
writes:0.0035361625188104935
watched:0.026648598920638294
were:0.03318295823470158
if:0.003583692084296306
but:0.007115328580218291
excellent:0.02082922680930688
well:0.017998587274367324
alone:0.02053055259579943
up:0.007184280055360345
good:0.025989462856034748
over:0.021453911791650883
in:0.0038006353346415073
feature:0.025267949679702018
rather:0.013761944667983226
truck:0.02750064190763966
and:0.0030625461055410956
for:0.005219500474525252
subject:0.0001427644753583866
station:0.0221175943196372
i:0.0030625461055410956
away:0.014807398857345831
event:0.022207170845973113
than:0.007650274236467706
coverage:0.0742486306670382
the:0.0032246118074397987
wrong:0.014135946827967167
fan:0.021387999922404668
because:0.009437017641147133
maybe:0.014159963007178202
thought:0.01435607703311076
lower:0.021235201139281373
pays:0.031110955677999375
just:0.006280152745806876
norris:0.029620509675491243
people:0.008049588984348221
move:0.018913503291834315
division:0.021190200086204987
night:0.035805720284321114
having:0.013994071617221182
production:0.025666712757228802
detroit:0.02539759466157364
expected:0.022189135100098036
hear:0.017720222268763675
bu.edu:0.028341206525406573
chicago:0.022581280945475308
switching:0.028341206525406573
under:0.012980339182383097
article:0.004333330910783962
very:0.018644304724956654
remote:0.02409391616481131
give:0.012637627119550836
upon:0.01854585873097827
happy:0.02031066892237979
sometimes:0.018740675531111497
s:0.016589205370481773
