story:0.07649058570239582
thanks:0.042412481806726875
specifically:0.08610729046288641
us:0.08765431430574451
that:0.014761898954658587
and/or:0.08597834100306319
greatly:0.08304104574043833
anyone:0.03559393084343385
game:0.06323423633852102
beat:0.09246664206867725
hockey:0.16733207482895768
was:0.01883959859790182
usa:0.07754514225593032
team:0.06815371422754249
reported:0.08785888504280134
have:0.010877672620162827
be:0.012307686322073857
stats:0.09882134832457887
of:0.004137033735441248
but:0.014154962175540643
czech:0.14366080742899398
republic:0.10941744758997056
championships:0.26636516868361376
world:0.10728726335032668
and:0.004061674622242445
subject:0.0005680203594046446
appreciated:0.0720162153016222
info:0.06266798849771059
any:0.021772069495506537
information:0.051889814563484356
the:0.00962237885092408
would:0.019843609491582467
about:0.04191558214135623
limit:0.09447708554571817
today:0.06040694182549687
does:0.025925293922075005
