at:0.012767608876151174
played:0.029392775515611053
all:0.02074060501404981
media:0.028633740512284504
take:0.015403979205331184
ever:0.019155232295868557
with:0.004237879541953242
hell:0.02473464438030359
cup:0.031733830416633496
from:0.006134581553841852
wrote:0.018663586773136676
my:0.013771221178700018
to:0.003994780174176322
lived:0.03257965849133018
teams:0.02997094302733447
been:0.010632176718995936
playoff:0.033737062294784625
nt:0.00517448225885825
could:0.010935573589319257
sitting:0.032897068800448966
re:0.0027097137882476125
happened:0.024436963034336456
had:0.0111189020701604
this:0.0038042205679088333
fingers:0.04118998057363305
these:0.012004608500716975
on:0.003673976994487608
you:0.008055057817517709
m:0.059513683135481395
a:0.0010119595114828949
series:0.05199058493866183
finished:0.0358352217577545
stanley:0.0358352217577545
idiot:0.03840438855254369
buffalo:0.03713479370453578
jack:0.06195298403999907
team:0.023211772236916648
are:0.004658778127545112
no:0.008157577798423984
month:0.02879567745932796
hoping:0.03468735215342554
it:0.0024844596357968983
not:0.004368913105622934
have:0.01481885835210588
laugh:0.03675663607286499
only:0.00966330607441512
ve:0.026451213029383105
2.10:0.09785591230670604
adams:0.033576914852750814
boston:0.03021577634311261
sabres:0.04190331443459865
were:0.011241328242552893
but:0.0048208929148580455
years:0.016157792920147778
least:0.0174468288601919
over:0.0145358025544881
in:0.0051501362867968255
heart:0.028775236326417517
fear:0.031201203880452874
world:0.018269932527048383
douglas:0.032683924704751184
and:0.00553329586218536
usenet:0.029595642236548928
still:0.014794993349489473
4th:0.03688050877836716
subject:0.00019345620936245142
doug:0.03131622814970135
i:0.00553329586218536
rose:0.07145573212731857
back:0.03052690898648605
offense:0.03605482573960471
will:0.00821235757176293
scoring:0.037331540002115145
convinced:0.034371260686208945
the:0.004915780499928606
can:0.006264970959693575
thinks:0.0328253219092699
gateway:0.03496971424424716
come:0.0173999541628218
last:0.03159655872549997
an:0.006506508250447368
10:0.02094472288330554
just:0.008510062054100622
bruins:0.1100864545523805
division:0.028714256638553138
win:0.04912283193664263
keep:0.019198656406709574
life:0.020220140241222536
2:0.014118909797792817
entered:0.03633903380593284
23:0.03137443229243515
first:0.01360546977819595
fans:0.05960870463112258
april:0.024653288854261685
