at:0.019361868405591894
there:0.010085483357990631
know:0.02711813462985279
happen:0.03716079369414633
media:0.043422595502145736
much:0.019199965599559686
times:0.030884353203220076
wrote:0.028303021699921552
to:0.0030290091430567713
w:0.10201123697898969
ai:0.05332601995321206
tie:0.05823962220056077
nt:0.007847017051894929
its:0.022723346769606266
me:0.01190756791653346
re:0.004109236294265611
lost:0.03851105850898737
eat:0.04961784872232365
two:0.02049219156761881
these:0.018204790913175194
wan:0.060150028022571564
on:0.01114305110416022
you:0.012215362404587295
came:0.033172821236021395
how:0.01445453843108928
series:0.03942143253590842
want:0.02079777986496903
jack:0.09395067909362496
are:0.007064960237376105
it:0.0037676420850546372
courses:0.06495906340435942
area:0.03525787961164118
hope:0.03174133557846204
acid:0.05755967270915321
2.10:0.1483968780035762
be:0.006356717111400784
boston:0.04582172676208286
47:0.058475954126065856
but:0.007310804640114399
they:0.010251864005579602
in:0.005857572589928257
gon:0.05253302603839634
and:0.004195575983415274
usenet:0.0448813036114698
for:0.0035752622298030113
subject:0.00029337315265954173
i:0.002097787991707637
rose:0.10836143992934025
back:0.023146777143599313
games:0.03659198122646952
yet:0.05780370863046514
the:0.005798100076838869
see:0.019443799575946993
home:0.03219080276770713
na:0.09578688942923909
road:0.039677498746928684
gateway:0.053030995227539665
may:0.020450829971866275
bruins:0.1669442937167968
weight:0.04884546924179429
life:0.030663509376799014
entered:0.05510754577163442
23:0.04757880941050605
first:0.020632470652648807
words:0.036350100346234884
golf:0.06335783471005839
april:0.037386306174594645
condition:0.04173730866467056
