spreading:0.036305513860697455
rumours:0.038308656089375406
decision:0.026781819956606924
into:0.011406394286512016
modern:0.10462491987367749
gerald:0.032254629996238876
jagr:0.07808316351358886
to:0.004389169299652327
remember:0.017723719977842244
important:0.020015091038046006
most:0.011825448815076675
that:0.0066287508044804485
bowman:0.3189595650478942
really:0.012429272249623733
asking:0.02283715168559487
re:0.0023817866418991756
master:0.03028983482349458
this:0.003343837187079102
he:0.020256473981149496
goal:0.026714179390826924
game:0.037859988635802394
on:0.009688066724317641
set:0.01687525212819058
am:0.010409785711473666
winning:0.029834682186665632
a:0.006226451516512589
false:0.026669481475803693
was:0.005639879835040673
interview:0.034104866450884674
listen:0.027203480065880692
part:0.01560014084339667
ice:0.029798181073869546
also:0.00944902631643036
jason:0.02904392785849073
jake:0.0346266315621451
patrick:0.05841535070692041
solution:0.02477615967027547
sc:0.03424963238131497
team:0.04080540851840124
plan:0.024876205079226794
ot:0.03184021220421938
not:0.0076803822748530565
have:0.006512746664301311
only:0.016987722780500467
argue:0.027131236265855632
left:0.018626784608283833
free:0.018391769389329526
coach:0.1623620469477001
credit:0.030780032537737433
were:0.009880912722753498
if:0.004268474011231906
of:0.004953900269190794
seen:0.016512515226893967
what:0.011725377108237341
year:0.01576280710961562
in:0.004526871385846892
compare:0.027450387985945943
70s:0.04004937796835426
and:0.004863661331092865
subject:0.0001700443114141293
however:0.015268145886604542
i:0.006079576663866081
canadiens:0.03919885954399425
games:0.02120936491470526
will:0.007218505381549583
the:0.006241266961692795
nhl:0.027179307639329405
when:0.016658273157245045
would:0.005940443605760358
agree:0.019213727254550568
needs:0.021333417596620045
last:0.01388638568190763
thought:0.017099276466189254
during:0.018652035094283252
press:0.022849365355208068
is:0.011979034319965906
having:0.016668098040894024
days:0.018969761939810016
run:0.017049900817754107
first:0.03587684387371416
him:0.03052885736768545
sign:0.027603261566197808
s:0.011855470334828375
