penguins:0.053594943333810936
go:0.020056002595815744
at:0.009082113530458052
all:0.019671501662810127
saw:0.03502454209417995
corner:0.05053049463826524
wrote:0.026552319326730526
to:0.0014208238763822997
player:0.04007487662944538
wake:0.056299729565434546
that:0.010729009034055985
considering:0.04129247376654735
think:0.014842763170397476
really:0.020117481888566244
re:0.003855056729671861
this:0.016236570258909868
off:0.022509870597488147
he:0.016393125850724076
game:0.09191780746114911
on:0.01568068531667907
am:0.016848828419601707
state:0.027399107081862023
bill:0.031912514182388836
more:0.01310741263732707
wondering:0.03710240723564223
was:0.01825693060002857
cherry:0.06135340313825161
lucky:0.04908964987151103
it:0.0035345920591749688
not:0.012431134197442574
briefly:0.05943879338778674
only:0.027495592541634774
kind:0.02840749172126866
tom:0.07826243759741763
coach:0.052558435816059616
sort:0.032344961934649794
were:0.015992817499714422
if:0.006908767214055766
of:0.006013626357703258
who:0.013330442002410807
up:0.013850106910849326
now:0.017030045338950972
in:0.007326998016267648
or:0.006951664512402941
and:0.0039360558194926785
subject:0.00027522635971152884
i:0.005904083729239018
we:0.013894267069216185
don:0.045965003502391175
face:0.037002799906655254
the:0.005439454711261207
thing:0.02333950964046347
ulf:0.13149205154064547
less:0.028338820171095642
huot:0.28906750756555943
come:0.024754573963602148
nj:0.050311915177949744
about:0.010154805982699706
is:0.00553964179156008
type:0.03340734546733708
does:0.012561740353995104
going:0.022451708082986417
says:0.026402337571418227
s:0.012792500636206563
