looks:0.014262939476557877
canucks:0.02479700043504336
at:0.007341375103786925
correct:0.013634239334089368
there:0.0038240791065714476
stephen:0.01696524699746257
all:0.0039752826276928796
rick:0.020052760338035824
ever:0.011014258570124419
with:0.002436780736623114
ron:0.052966229202812944
edmonton:0.09447855221042326
francis:0.023023384537436343
trivia:0.050120491716932815
devils:0.021065036082245782
flyers:0.023619638052605814
to:0.006890995800454155
then:0.00664950145739918
us:0.008582818275770817
next:0.011159916765621563
been:0.01834050484026799
that:0.00433630781793096
pittsburgh:0.01842735584686978
nt:0.0029753272988434936
along:0.014558172546421812
kirk:0.025060245858466407
re:0.0015580854282423772
michael:0.012519563340307039
wait:0.015297499187958823
so:0.0042575441557705
had:0.0063933686903422295
this:0.004374853653095158
he:0.006625555031334314
recently:0.013788798185782039
on:0.0021125367718303747
you:0.002315829122536341
came:0.012578028051991444
answers:0.017460880092718258
more:0.005297579274253024
a:0.0011637534382053292
other:0.0057471166159662945
y:0.035528088137790084
low:0.014149143916582584
was:0.02951537113671285
as:0.006667618001808487
season:0.015905143452898826
steve:0.01336314102847661
let:0.009604740594803436
buffalo:0.021352506380108074
pens:0.020928411820483318
team:0.04004030710868122
l:0.013770669078139012
are:0.005357594846676879
kevin:0.018773176345082146
not:0.002512125035733187
ken:0.01719196958797838
have:0.0042604217762304405
traded:0.24290775759483882
being:0.008107516374688118
only:0.005556400992788694
rights:0.02894332849744005
second:0.01145706573605111
after:0.008038390365270631
craig:0.019020773930377148
has:0.008873120615721259
25:0.015323677284540052
talk:0.014414974031820946
his:0.007685121006271903
free:0.012031282475519732
be:0.002410255238072797
sabres:0.024094405799894227
writes:0.0027552599625731765
captain:0.2577479986283091
of:0.003240676426095644
short:0.014429074440088615
wayne:0.01946923503117867
year:0.03093450895262065
present:0.015102084511788766
vancouver:0.020543522986604085
again:0.01017445474211674
whalers:0.0263197494912703
goaltender:0.025856309344977697
well:0.014023899251277873
who:0.016163160927923106
title:0.01750497221492883
in:0.002220996273681131
jersey:0.021315469099202886
5:0.010828637028823678
quoting:0.022453137942781354
or:0.0028096310737628556
and:0.005567878961324019
still:0.008507121175956447
for:0.006778101310668208
subject:0.00022247464076681915
steven:0.018693808866037588
i:0.0007954112801891455
oilers:0.07272185889732355
appreciated:0.014103175496567678
we:0.011231199214283083
rangers:0.01944562779144668
any:0.00426369694287003
later:0.026628433574647527
the:0.006595338837404213
nhl:0.03555959416145597
see:0.007372440672546567
when:0.0108972870236978
would:0.0038860401921015668
forget:0.015996722230893726
gretzky:0.02424061963244118
just:0.004893285681107858
during:0.012201539624176961
trading:0.024712822487887028
quebec:0.02190888718271025
n:0.01525423123251834
trade:0.035159024136114124
is:0.0011194692787110997
new:0.007183331520348112
right:0.01616561328158583
time:0.006581291541265473
lee:0.017779797080727983
man:0.012075205578313328
blue:0.01665275678109712
their:0.018921045232271425
1:0.008160516216352953
existence:0.016952286904069268
first:0.007823145122462672
every:0.010133952195572483
him:0.00998548043068045
dumb:0.021427583486369237
while:0.009043093774493843
