some:0.005667654733657058
penguins:0.05047290779980253
simply:0.014847783203317423
at:0.00855305837334399
out:0.011438612612431648
all:0.004631397236147044
hand:0.015326405123556666
way:0.008409576793915258
modern:0.01993460245165942
devils:0.024541789610383433
violent:0.023426313425757808
post:0.012536785458403787
except:0.015652239898076764
my:0.004612690588982045
jagr:0.02975499192144041
to:0.005352229747925556
stevens:0.028791637849965468
matt:0.023828283831991946
job:0.016851886190724155
player:0.018870208898331076
then:0.007746991989202927
matthew:0.020807147285541235
day:0.012346131241567339
make:0.008544080016260697
that:0.0016840030360896932
think:0.006989068094798811
swedish:0.028695508591246147
like:0.011307175373870612
nt:0.010399202209550075
could:0.021977317796010545
me:0.0052601392252647795
penalty:0.023523728780373385
resist:0.027669736291890776
this:0.0025484584386962087
30:0.016617016865892672
getting:0.026332054099268795
he:0.038595466201947454
two:0.00905237588666656
game:0.014427228679177123
starting:0.01903651447998649
them:0.007115821221030295
defend:0.02198977875475362
philosophy:0.023758934524965362
imho:0.021017823574543935
fun:0.01998180900453318
seconds:0.022466818664621586
beat:0.021096758141882672
more:0.012343874037094424
a:0.0027116584967891164
speaking:0.020463491693351436
other:0.006695669843844227
j:0.014825867279266321
was:0.025790130119457834
as:0.011652147964325512
following:0.013287933364270687
pointed:0.02099828886435109
course:0.011874523300485528
cheap:0.018039957370907026
officials:0.023523728780373385
are:0.0031209290368991527
kevin:0.021871661761260753
it:0.003328693492621087
rush:0.024790786185080276
being:0.00944565014526771
laugh:0.02462337756337557
only:0.006473476884802361
ve:0.008859872325375894
always:0.012897845135916054
second:0.013348037750739157
virginia.edu:0.02333081456362817
neck:0.028155578323720787
exciting:0.027021525648082415
usually:0.016008498748478702
his:0.035814156145733134
edge:0.02287961984270854
stick:0.041032323348101564
down:0.011477502800743484
end:0.01312734661444422
of:0.005663318026186563
raised:0.021965924313965126
what:0.004468165548527335
but:0.0064590604101981575
lately:0.025524917106070195
seems:0.011439257715442125
well:0.016338523399547035
over:0.00973757646854057
box:0.015381257333527219
one:0.004773353921240885
in:0.002587568474191609
frequent:0.026158995661492837
thoughts:0.020844778240902005
sword:0.02807115238822628
and:0.0037067710144736876
for:0.0015793634121945338
subject:0.00012959687811659365
i:0.0037067710144736876
period:0.01840296715338163
everybody:0.019795676212311594
pounds:0.02669560670226868
face:0.017423648499735725
pretty:0.027941942300190547
the:0.0054884927911824245
do:0.006973960377732976
see:0.00858925126898629
ulf:0.030958080095734492
around:0.01149123511239629
push:0.02329939459029993
butt:0.0269545677736536
last:0.031749940078536376
just:0.005700915356630514
during:0.014215385969914904
is:0.002608472105734601
tuesday:0.024382615713184445
either:0.012153217024822126
argument:0.01708126912689185
night:0.06500650187541794
time:0.007667524125746182
devil:0.025625010733267943
does:0.005914994244356918
man:0.0140682006737631
himself:0.01816884199272315
too:0.009478242077012118
professor:0.024876706462261835
although:0.015338541052207562
little:0.011385139329604194
shots:0.02379348533937732
supported:0.021217620042959018
handed:0.02759328795709398
by:0.004807939198141583
s:0.012047306424388704
