go:0.010630777332208345
at:0.019256065845998493
out:0.006438126224483387
there:0.01003037142707265
know:0.0067424870254552014
all:0.010426970826735422
truly:0.023815865950985674
ever:0.01444492927229432
much:0.009547523877376674
operate:0.028845640497558455
previous:0.018979231801600032
into:0.009785813677499379
sigh:0.03041767368035507
from:0.004626077893061069
several:0.015401373617854626
to:0.00451868577078961
sharing:0.030050792244083874
within:0.017685520307774958
player:0.021241874497574875
look:0.01295720395779186
mom:0.03263333000881498
day:0.013897830796518428
next:0.02927191282785984
teams:0.022601039004219437
that:0.009478268454493902
think:0.00786747556026533
pittsburgh:0.02416702406146856
control:0.016664668141754227
nt:0.00780413717729441
decade:0.030810971492514026
its:0.01129958773789164
brought:0.021171545587626597
re:0.0020433907255637735
so:0.011167328933168526
this:0.002868756493832891
best:0.013306973114543355
amount:0.020319218642769553
big:0.030336399495820298
cap:0.031694257566592804
you:0.006074305895177288
am:0.00893079976339544
more:0.006947644949840032
a:0.003052468034636929
how:0.007187775941142756
same:0.010612531970101707
hockey:0.021487998680221342
as:0.013116625577328171
dramatically:0.03263333000881498
steve:0.017525430857018506
drive:0.015430621578174802
also:0.00810654170316703
frankly:0.03089314568576288
far:0.013603158864051374
team:0.05251187817531963
it:0.001873526938469792
becoming:0.026020196926429345
only:0.007287083269231074
interesting:0.017858057715417555
money:0.03388218324294131
indicate:0.025952733342700932
left:0.01598035619399214
able:0.014412378284757754
sports:0.05245546760220531
be:0.015804952380805228
writes:0.0036134556886205592
soon:0.019655702934641913
if:0.007324048303425238
of:0.0010625168610149654
ahl:0.03323442779687142
expansion:0.025260899330288022
but:0.003635427443991313
years:0.02436913030579665
conditions:0.024780506585354252
least:0.013156625042111925
they:0.005097921445397506
now:0.009026854633214449
professional:0.052245960322339524
in:0.001941854665513557
fear:0.023528776696734952
or:0.003684762063951286
and:0.0010431623346742892
few:0.012489767764515228
for:0.0035557252777275845
subject:0.0001458850103388978
i:0.003129487004022868
back:0.011510146011298019
league:0.02125604955318715
games:0.01819601252245205
sad:0.025853074394341473
any:0.005591733695567253
will:0.006192925381985161
than:0.007817493345461536
the:0.0045307557977484056
do:0.007850469059087395
nhl:0.06995329998974945
thing:0.012371215492486102
see:0.009668774652520088
would:0.005096446153575826
can:0.004724404330260729
major:0.0179039779929934
home:0.01600744837082704
operating:0.025115171204155993
increasing:0.027858843028184605
may:0.020339076802621103
come:0.013121276909668899
an:0.004906547205255392
thought:0.01466987106662138
about:0.005382602078261593
current:0.03456006255443517
revenue:0.03150580851702357
is:0.00734078215548262
move:0.019326913199852552
occur:0.02486227091692099
right:0.01060040215185956
time:0.017262404042663538
unless:0.016820007790931644
somehow:0.02323559247000096
under:0.02652812488640043
needed:0.018228539290360772
seem:0.030160792949680194
s:0.006780724380940091
