wilson:0.0818208219442855
at:0.01444204938449887
out:0.019314378673450164
there:0.015045557140608975
rick:0.39448053124004895
thanks:0.03267846958878956
with:0.009587334045730285
my:0.015577282972627891
connected:0.07450463993398354
family:0.06459782080524044
playoff:0.07632319010951276
nt:0.011706205765941615
servers:0.17273407947598854
this:0.008606269481498672
two:0.030570318568087073
these:0.027157966772113816
pool:0.17307384298535072
m:0.06731875633357731
a:0.002289351025977697
hockey:0.12892799208132805
as:0.013116625577328171
others:0.04420210201751469
are:0.01053953084592173
ve:0.029920224574220236
site:0.06402564258096076
stats:0.22842311661910855
get:0.021547114349034793
of:0.003187550583044896
looking:0.04252271058043679
please:0.03140025175254516
email:0.08996389045796528
and:0.006258974008045736
still:0.03347064069228766
for:0.02133435166636551
subject:0.0004376550310166934
keeper:0.10048407107896272
i:0.012517948016091471
group:0.044215015324699104
the:0.0037069820163396047
does:0.019975226464549595
