looks:0.014948058840060657
at:0.003847008788010616
bright:0.022961279143451793
there:0.008015536991940152
know:0.005388100985407431
posting:0.014406936929939915
geoff:0.025563826881907243
ultimately:0.023531672953133295
watch:0.016786741661896722
your:0.01650566229931785
cut:0.03197393446117381
with:0.005107662679384692
supporting:0.04293315910361422
contract:0.02218745182411911
equally:0.020931198232626617
to:0.004212835860539658
stop:0.014515079102972214
slack:0.026874327285620506
been:0.006407163262975717
that:0.01211893887980705
complaining:0.024557173350851204
playoff:0.02033063142655143
pittsburgh:0.019312512677942126
quite:0.011599123939342364
like:0.005085760102657961
really:0.00852137879122675
nt:0.006236493901506013
could:0.006589996311467499
consider:0.02812545046787068
asking:0.01565691185431613
me:0.004731828298709802
generally:0.016885368966039732
re:0.0016329279597300022
articles:0.018392526727946144
espn:0.06548794737199705
had:0.01340094747320642
this:0.004584999461759118
mean:0.01154332775908236
off:0.009534748681032098
he:0.006943813133276136
best:0.010633956681054296
game:0.038934617134198525
on:0.004428024674578951
you:0.00485413964549102
regular:0.017672675335177558
products:0.035371937066697716
them:0.012802263506831798
support:0.023921015803786076
letters:0.020479514445516392
intelligent:0.02226274355527416
m:0.005977356821467564
more:0.005552048147688759
a:0.0018294813875716965
hockey:0.034343264266205285
was:0.0038666425069929502
season:0.016669145976837198
idea:0.024212893408390883
baseball:0.08181824978359842
let:0.010066103680143339
deliver:0.026264013126777022
minutes:0.01740247706566626
bags:0.026264013126777022
team:0.027975760425279453
are:0.014037366410507107
plan:0.01705486549099828
ot:0.021829315790665684
it:0.004491555848121903
not:0.0026327947972749556
should:0.014347704298982354
leafs:0.02176108296139459
have:0.006697606285777111
only:0.005823302350520902
has:0.004649670191644327
jan:0.023189960302916056
public:0.012942116148736216
his:0.008054275290415967
which:0.0056414512337009505
writes:0.0028876086943998352
get:0.005739624346249442
down:0.01032474051071248
making:0.01342623227455198
if:0.0029264210470017872
of:0.0016981710529758833
even:0.007332574007711902
what:0.004019397829679612
but:0.0058103338187808756
excellent:0.03401803854445753
pacific:0.023431282043855136
they:0.0203694241158896
who:0.0056465191014578526
up:0.005866639171844474
pick:0.017554823174838488
over:0.008759566604888025
in:0.003103575578943065
u.s:0.015404988650649336
and:0.005001712853591133
for:0.004262212177887432
subject:0.00023316119556347856
however:0.010467680804353332
i:0.0033344752357274223
mighty:0.02468753563534763
away:0.024183262762652143
we:0.011770689132873099
back:0.01839612855954181
sick:0.019612411655218192
than:0.006247167171264022
the:0.0016457489301071025
thank:0.015853686929124516
would:0.004072705878185048
because:0.0077062109122031175
agree:0.013172730039146022
last:0.009520360489342785
an:0.007841905140277177
10:0.012621710733171023
here:0.007862012688311772
many:0.008092580906454556
about:0.004301380700095509
is:0.0023464858243726103
night:0.014619366142288315
write:0.04263109945398489
right:0.008471063728341919
somebody:0.016575232416920327
lot:0.010823377241333584
2:0.008508338655438466
their:0.03304986066772301
1:0.008552506078273837
too:0.0085262788989716
fans:0.017960701395403747
article:0.0035385715297668163
players:0.016209056388811757
advertising:0.023531672953133295
ads:0.02412931130561014
going:0.009510112157422194
fault:0.01933187773064023
mike:0.02790752863718518
buying:0.017516235481386533
s:0.01625597242417515
