at:0.01874393643520066
know:0.026252662248048973
whom:0.08953852764578261
continue:0.08315332355109457
with:0.012443135676373347
trivia:0.12796721289429655
to:0.008797015915473388
that:0.014761898954658587
re:0.007956180910173841
he:0.0676652428732015
you:0.011825510412951528
j:0.06498146084103963
was:0.03767919719580364
immediately:0.08984467099582728
question:0.046446512411640516
washington:0.081685390115202
team:0.06815371422754249
play:0.06812591984639238
not:0.01282787252289287
virginia.edu:0.10225846383207242
his:0.07848634219171305
goalie:0.11368703685512273
sabres:0.12303526365903433
prior:0.0977888580927776
present:0.07711702729424051
and:0.004061674622242445
capitals:0.12161629824416896
subject:0.0005680203594046446
i:0.004061674622242445
gregory:0.11368703685512273
the:0.00481118942546204
do:0.015283359976733971
did:0.034976830711552456
refer:0.09535762205982144
is:0.005716438870014126
time:0.03360659510433433
recover:0.12750963405980797
playing:0.0852206373479807
while:0.04617750012507495
