join:0.036107126224356315
at:0.020810197144592858
all:0.007512345123199143
cup:0.03448242990153876
feet:0.03458316495240419
wrote:0.02028011791096741
to:0.0021703923780957966
gm:0.038764720288920536
ii:0.028908659882756833
adirondack:0.10633162124665696
been:0.023106147830258886
lance:0.04686047326307406
think:0.011336598641957128
bit:0.04291471178040472
86:0.0376417745629454
champs:0.13390660943209595
toronto:0.03163071098535892
re:0.00294441340770213
89:0.03725285522964165
contact:0.02740214408646116
acsu.buffalo.edu:0.04271070704507429
game:0.023401646518980218
state:0.020926877062524538
seeing:0.03156133594849155
8:0.02324796285333753
m:0.01077806859933915
landed:0.04394031909826549
onto:0.03428474548318383
a:0.0021992190958210946
hockey:0.06192604344063788
wings:0.035985046015411706
was:0.013944269828368277
red:0.028445818542854735
no:0.008864139654980393
it:0.008098947159211936
not:0.004747322902172952
have:0.004025595379115377
ve:0.014371131488404994
has:0.008384050975484654
knew:0.030567677660612278
list:0.022926209424579368
boston:0.03283289082952394
writes:0.005206790480453247
down:0.01861705178703274
of:0.0030620564656021836
ahl:0.14366693590931032
even:0.013221727935165557
mailing:0.03475397459501253
seen:0.020413109374979158
but:0.010476901137801736
year:0.019486304852044504
version:0.024570634706028226
fact:0.018883993138809757
finals:0.04394031909826549
called:0.021120114140604204
in:0.006995263854113799
66:0.04028120144731254
and:0.003006278854258188
for:0.002561802070173811
subject:0.00021021225899227005
i:0.006012557708516376
6:0.023136611279993658
the:0.004154544149545961
may:0.01465374431054985
last:0.034333268536370046
ny:0.03308026245340881
an:0.014140128166326562
about:0.007756032915920248
bruins:0.03987383393235829
division:0.031201318237167975
right:0.015274595226695272
90:0.031747711886175846
detroit:0.07479291656242947
91:0.07358451035406112
hammerl:0.10706421991807259
their:0.011918768650249717
tradition:0.03692762840963192
ref:0.04553273536987885
fans:0.03238583164997998
falls:0.03893905986275686
article:0.006380573860760638
passed:0.068057314719036
81:0.04063755256217963
roberts:0.04383019120870061
high:0.02202617185544505
s:0.0244266252305519
