prism.gatech.edu:0.08008655237464878
go:0.13189371198604252
music:0.07807895660493362
minnesota:0.08540812470826739
stephen:0.0690111742269664
faith:0.06347501898906428
braves:0.08146013220521023
to:0.0023359307798149673
franchise:0.10473794502358283
next:0.04539627158896907
quite:0.04502032851032884
re:0.006337974623358823
lost:0.05939841227657373
hrivnak:0.21412677552219903
on:0.008593369919309998
you:0.01884064370877023
more:0.021549475013910607
question:0.03699976412452719
town:0.07549201140177172
stars:0.084462508443379
weird:0.08344270299479505
no:0.01908043620648322
internet:0.04841582954431536
place:0.04609199351383772
have:0.01733052925924247
friedman:0.10121863375615495
writes:0.011207837135890887
get:0.022277525004934278
lawrence:0.08039379618130228
never:0.037354902217997636
now:0.02799854911658041
good:0.02745779409083897
in:0.006023040742186118
capitals:0.09688077995721935
for:0.005514387506984305
subject:0.0004524907947799711
the:0.003832642423673151
nhl:0.07232459829448672
fan:0.06778908449982497
effect:0.05875209245122722
an:0.030437225035991076
right:0.032879213454072874
does:0.020652352785381783
first:0.031822963210017645
article:0.013734455598586458
ass:0.08259808649059378
mike:0.1083190518290747
emotional:0.0901917258554575
