at:0.009680934202795947
there:0.010085483357990631
owned:0.05537449843722832
devils:0.055556139118010855
from:0.009302991806925008
antonio:0.06735745423974424
to:0.0030290091430567713
that:0.003812138741038207
think:0.01582140689591819
nt:0.007847017051894929
re:0.004109236294265611
indiana:0.06433094896655779
had:0.016861631710792694
this:0.005769037784301308
on:0.027857627760400544
you:0.012215362404587295
them:0.01610834254431034
a:0.0030692398370250444
hockey:0.04321212921407149
baltimore:0.05745032841406345
wings:0.05022088839513502
fort:0.06762880163084722
red:0.03969910939497309
also:0.01630216628219304
course:0.02688078900989032
are:0.01412992047475221
fools:0.062125776488951734
have:0.0056181386060181636
area:0.03525787961164118
comets:0.07324227002388008
boston:0.09164345352416572
get:0.014443670058144202
of:0.002136709731491634
wayne:0.05134743304926243
but:0.014621609280228797
whalers:0.06941472393302058
they:0.010251864005579602
who:0.014209372244328004
over:0.022043304972740197
in:0.0039050483932855052
and:0.00629336397512291
subject:0.00029337315265954173
station:0.04545044107441931
i:0.004195575983415274
rangers:0.05128517219722202
addition:0.043575435392762575
will:0.012453904889047082
currently:0.039548719800629635
the:0.007454700098792831
do:0.007893603504466997
got:0.024309382655281035
can:0.019001450383246448
because:0.01939255273510455
once:0.029483859284889082
conflict:0.051924248242904154
may:0.020450829971866275
btw:0.04122846725761907
bruins:0.11129619581119789
is:0.00590489289869591
move:0.038866210061241954
time:0.017357252416524326
hear:0.036414083123723164
every:0.026726906889421937
show:0.033077677689393764
thus:0.036608297504135225
by:0.010883906316672156
