there:0.009660831427127868
know:0.012988159217455808
von:0.1261674273854942
contract:0.05348343650235028
lu:0.0628620988590857
sharks:0.12138027281295397
kansas:0.06618686674770126
to:0.005802943831961393
ink:0.06452135090333395
city:0.03873458524722518
wc:0.059999638696100005
seat:0.05221366820983854
re:0.003936215818717585
happened:0.03549790419724664
national:0.034254462368289613
apple.com:0.11577463117194418
he:0.016738244289686687
on:0.005336935002518841
dry:0.05442391124272765
nelson:0.05590000957229239
support:0.028831119047721114
came:0.03177607086818891
imho:0.045575491119537376
a:0.004410013028988616
member:0.04200945181838483
want:0.01992208387065454
was:0.037282574067426764
as:0.016844508636147757
chip:0.03402530902950815
team:0.06743630670935784
giants:0.11272555858502933
play:0.06740880490064087
yeah:0.04162339414934897
place:0.028625553866488688
not:0.006346421142904893
neat:0.05513610754245201
suddenly:0.05129775897836876
decided:0.039280348031772154
minor:0.04574665449713506
anybody:0.03199573836750205
be:0.006089065864604961
stick:0.044487676893204854
writes:0.0069606567475532875
soon:0.03786309091620495
what:0.009688864242069802
san:0.1275146979033014
initially:0.056971406354502305
russian:0.049007522070318714
they:0.009820206573765722
alink:0.05601380868917887
francisco:0.052537580406330685
and:0.002009460076267315
for:0.006849449745517347
subject:0.0002810205988633505
editor:0.04860372346113507
league:0.04094586387613946
fired:0.04992877868101931
the:0.003967121105205542
jose:0.095997824711222
agreement:0.05197711183244846
finally:0.03827920500838006
new:0.018147363840879442
fans:0.12988423009097236
supposed:0.038407315909645905
chuq:0.3659330865592036
training:0.04717692880854324
