go:0.03602652318137272
mark:0.11124533201082186
with:0.010830136607213839
throw:0.07895130697286686
my:0.017596560395005578
to:0.005104441333669743
aspect:0.0968144423274032
counter:0.10000831751908734
re:0.006924824125521676
game:0.055037205702046066
you:0.010292573877939293
burns:0.1712127621275077
a:0.0025861187515673983
wings:0.16926299422064023
let:0.04268773597690416
pat:0.15011630487495478
d:0.0674757119398902
has:0.019718045812713907
were:0.057455677684159226
if:0.024820385917163304
end:0.05007839634399091
of:0.0036007515845507157
trying:0.04993200413089622
lines:0.0654292985980466
up:0.024878895747266382
in:0.006580729699795943
5:0.04812727568366079
subject:0.0004943880905929314
i:0.007070322490570182
the:0.00558335562954854
many:0.03431853754774247
mix:0.09557350324808912
is:0.009950838032987552
too:0.03615773829378697
dead:0.06354226175576178
every:0.0450397875358777
prediction:0.10526328368817334
dominated:0.11178588727316136
murray:0.09936599237116345
s:0.011489560756592932
