at:0.01444204938449887
louis:0.038632800718016065
where:0.015143088510112802
with:0.004793667022865143
gerald:0.04150800745417626
might:0.017435124064577427
make:0.014426889207784456
that:0.0028434805363481705
playoff:0.03816159505475638
saint:0.04698546342907969
charles:0.033739775860113404
had:0.012577118735099469
he:0.03910163625049759
contact:0.028525182778529244
best:0.019960459671815034
big:0.022752299621865226
game:0.024360730392708915
on:0.004155810042944999
performance:0.031073862570464066
why:0.014587890001262349
a:0.002289351025977697
anymore:0.03632339631693437
series:0.029404511153833333
was:0.007257878148372013
buffalo:0.04200493058381917
l:0.10835936323781518
z:0.04091041097214275
reason:0.021903376426299408
not:0.004941885316196434
should:0.013465673296995734
leafs:0.04084662293573247
have:0.008381157592584473
probably:0.019567407500239414
money:0.025411637432205984
against:0.021174432722605302
after:0.015813226948073373
b:0.025089412676346245
call:0.021778328672120553
2-0:0.05024203553948136
be:0.004741485714241569
boston:0.034178501109422464
sabres:0.04739883108175914
of:0.001593775291522448
kept:0.0327358657588047
but:0.01090628233197394
least:0.01973493756316789
huge:0.03522887670525796
again:0.040030641608328164
goaltender:0.05086487084257908
they:0.00764688216809626
up:0.011011970248790038
proving:0.09451742555107072
chance:0.029467684655841018
one:0.008059925473570676
in:0.002912781998270336
blues:0.045291904008071496
and:0.004694230506034301
for:0.0026667939582956887
subject:0.0002188275155083467
cec1.wustl.edu:0.10307790723002655
i:0.001564743502011434
league:0.03188407432978073
face:0.02942025894217672
leads:0.037211438479196376
joseph:0.033477037939702886
the:0.005560473024509407
see:0.014503161978780132
would:0.007644669230363738
can:0.014173212990782186
once:0.021992058974794313
joe:0.032618600220679805
e:0.07649728760788099
is:0.006606703939934358
grant:0.07418000669961994
save:0.029692706823125362
right:0.015900603227789342
time:0.012946803031997653
detroit:0.0389291000140514
1:0.016053474523973023
him:0.01964356806035498
fuhr:0.28355227665321214
u:0.030997077734368984
s:0.03051325971423041
