prism.gatech.edu:0.05026709138408806
go:0.08278435114017563
music:0.04900700467756472
andrew:0.04005806552310637
means:0.030155268302539923
faith:0.039840703408029705
braves:0.05112923191603621
cup:0.04658796380314279
to:0.0029323386384911294
next:0.02849340450796995
been:0.01560894028958978
quite:0.028257440235206398
like:0.012389777271368864
toronto:0.04273510952277215
kirk:0.12796721289429655
re:0.0039780904550869205
lost:0.03728198217359415
hrivnak:0.13439872080648663
on:0.005393710906800957
you:0.005912755206475764
more:0.013525734317241763
a:0.004456928061211899
hockey:0.04183301870723942
shit:0.15380488984068372
stanley:0.052609155346490646
question:0.023223256205820258
stars:0.10602740421615661
team:0.034076857113771244
no:0.0119760184700267
internet:0.03038865896930432
d:0.019381321514649313
should:0.01747672491737744
couple:0.033574380794197
have:0.010877672620162827
moved:0.094863943398552
friedman:0.06353084459162917
real:0.027208445255300504
be:0.018461529483110785
writes:0.007034706287420876
get:0.013982701864799173
if:0.00712925978471712
years:0.04744203027617858
never:0.023446162030445323
finals:0.05936617580297572
they:0.009924676856465357
now:0.01757355742423664
good:0.017234147354888287
in:0.0018902095946222392
leaf:0.06573977400416368
rather:0.02737748566928578
few:0.02431518617985411
capitals:0.06080814912208448
for:0.0069223162321717865
subject:0.0002840101797023223
i:0.0020308373111212227
back:0.02240805021348444
ago:0.030437933248560044
than:0.015219162576802777
the:0.0032074596169746933
would:0.009921804745791234
fan:0.08509693586148241
effect:0.03687631334704687
because:0.018773641477601213
an:0.009552107857039752
just:0.012493495356020063
does:0.012962646961037503
article:0.008620562556559585
past:0.03514377071173791
going:0.023168251957975346
mike:0.06798748997782347
emotional:0.05660970027097864
north:0.042703774307561976
