out:0.01386090704800541
posting:0.038813983023014594
with:0.013760644159754054
maynard:0.12372077467883437
from:0.009959673581531478
post:0.03038326828742565
to:0.004864232329732344
stop:0.039105330759772204
everyone:0.03597073832368357
that:0.004081230887464433
anyone:0.019681349995781073
telling:0.050517933148538974
posts:0.04732961731963143
two:0.021938699207686017
these:0.01948983497763462
am:0.03845497309885566
them:0.01724540201802636
roger:0.20770610699136904
more:0.01495787089200854
hockey:0.09252479431718837
wondering:0.04234039413949761
are:0.01512732662591119
annoying:0.06127495781519291
it:0.0040335932910584935
leafs:0.05862691762540425
have:0.01202942619170948
greg:0.051520807029357914
get:0.015463223238719086
if:0.015768245170903746
of:0.002287536300773396
even:0.019754817032541477
they:0.010975524994208749
who:0.015212386755692333
highly:0.04913733781657177
comment:0.04623055761038544
email:0.03228116069374048
in:0.004180698868105659
or:0.007933075972977474
and:0.00449173428812694
subject:0.0003140818457884505
i:0.0067376014321904095
special:0.04112601403370615
group:0.03173077570360759
info:0.03465171128696938
any:0.012038673721044791
will:0.013333004057685699
than:0.016830603320228954
the:0.002660304741137834
last:0.025648971200699974
an:0.01056350751249102
just:0.013816336040775128
is:0.0031608544340078104
maple:0.0663342092132949
days:0.0350382661711785
does:0.014335162521617944
2:0.022922465318769514
their:0.017808042571549575
filled:0.05871847221884018
whenever:0.055802752643492166
him:0.0563885953732543
leave:0.041566848521111956
article:0.009533328003724717
little:0.02759222002233487
usual:0.050472244912934304
unlikely:0.056093253968084775
s:0.00729925036301198
