at:0.011746200166059081
out:0.0052363426625798215
folks:0.016458737112421237
round:0.01955858974221884
know:0.00548388944737023
hours:0.017405219451336097
all:0.004240301469539072
till:0.022217392515833077
take:0.009447773912603126
from:0.007525086706046005
work:0.009000322062179128
sharks:0.10249889704205002
sell:0.01546698799546919
my:0.029562221463609373
to:0.0079629284805248
next:0.035711733649989
that:0.0030835966705286826
broadcast:0.045163790824206906
hour:0.02069206487413457
me:0.024079748453434326
rise:0.02204577102193183
anything:0.010316627334752906
re:0.003323915580250405
jacket:0.026186029706398245
wait:0.016317332467156078
mean:0.01174854247479938
paying:0.020843594702325573
two:0.016575906068029434
these:0.007362826547106412
game:0.013208929368491057
on:0.004506745113238133
tell:0.010711222460544234
burning:0.021081039887541488
well.sf.ca.us:0.05187348637589833
3:0.031219545928501596
m:0.012167241885476196
more:0.005650751225869893
jobs:0.02194589166258935
a:0.0012413370007523512
partial:0.05025285031550762
was:0.00393538281822838
swear:0.025936743187949165
as:0.007112125868595719
season:0.033930972699517496
doesnt:0.028074399457354984
let:0.030735169903371
120:0.022544070124690525
jack:0.03799783021119943
whole:0.0132974021112324
plans:0.02069206487413457
frank:0.03481043890267219
section:0.018265596113881278
prices:0.038777435370480375
are:0.002857383918227669
27:0.01963622393350947
plan:0.01735806309972714
d:0.008097085432786824
yeah:0.017574321974169565
not:0.010718400152461598
probably:0.010609883177907592
try:0.010828398543748412
priority:0.052544664620415175
after:0.017148566112577344
doing:0.011914235134068068
love:0.01454318862302866
public:0.013172198213602639
topic:0.019407274891508987
free:0.012833367973887714
get:0.017524986337214967
were:0.0068946813220991075
things:0.009932115236178887
of:0.0025925411408765156
park:0.039922153502621925
but:0.0029568143211129343
year:0.010998936516487342
years:0.019820225982047943
ticket:0.04501312808364003
pacific:0.02384783816907923
order:0.03739089148176656
well:0.007479412934014866
shelling:0.027698588843896924
virtual:0.02194589166258935
up:0.005970934979343932
pick:0.017866908920168952
in:0.003158750255902053
our:0.019820225982047943
force:0.015884462750287872
and:0.0016968773977368437
few:0.010158344448472384
for:0.01012196462393119
suck:0.024499409165487564
subject:0.00011865314174230354
i:0.006787509590947375
away:0.01230659371699409
we:0.005989972914284311
games:0.07399711759130502
pay:0.014812631386657258
fired:0.021081039887541488
than:0.006358227920975383
the:0.002345009364410387
see:0.007863936717383006
38:0.022697342018340165
start:0.012522498168366722
home:0.013019391341605993
claim:0.014512173532444383
road:0.016047343937646712
apple:0.016859408654618113
mountain:0.020199035715435538
people:0.0066901028447694105
about:0.004377849690319429
worry:0.019539391248243214
select:0.021054021904979788
seats:0.07440560700639624
new:0.01532444057674264
bucks:0.023898632372739776
right:0.008621660416845776
time:0.0070200443106831715
keep:0.011775175929448538
tickets:0.024928861768550106
their:0.020182448247756186
dollars:0.02038046680219223
dead:0.015250142821382826
show:0.013378082976599256
arena:0.025333180782797782
very:0.007747744407926432
hundreds:0.020869359669811464
bad:0.012180449096650595
before:0.009449752298767308
going:0.00967918081799859
s:0.0027574945815823037
