some:0.006949624256746155
since:0.011909652520260007
go:0.011579953879726946
feeling:0.025991886015413822
at:0.005243839359847804
out:0.007012958923097975
folks:0.022042951489849867
there:0.016388910456734775
defense:0.02335837231099932
hand:0.018793091996742103
your:0.0074995965606027525
with:0.0034811153380330194
way:0.010311742973491328
4:0.01478731847725404
wonderful:0.028608022619686924
nights:0.03356195109005992
to:0.0049221398574672524
0:0.02181640647899067
t:0.015334958660716916
been:0.008733573733460948
that:0.0020649084847290285
playoff:0.05542517377000331
think:0.008569928735289018
like:0.006932375378027816
nt:0.012751402709329259
grab:0.03187180971898151
re:0.002225836326060539
so:0.006082205936815
abc:0.065467797388897
espn:0.059510872810267165
had:0.009133383843346042
acsu.buffalo.edu:0.09686178204865062
game:0.01769053040422909
on:0.0030179096740433923
you:0.0033083273179090587
m:0.008147706619738524
more:0.007567970391790035
a:0.0008312524558609493
how:0.015659083300346717
hockey:0.02340656999095539
was:0.005270601988698723
running:0.01802059769313513
border:0.028884927474656527
buffalo:0.12201432217204614
learn:0.04535731167526466
pat:0.024125834712046306
are:0.007653706923824113
no:0.006700867477276844
d:0.021688621694964706
it:0.0020408061294045947
have:0.0030431584115931717
boards:0.027847109694032847
probably:0.014209664970411954
won:0.02572404455154039
only:0.007937715703983848
shows:0.02300127760488042
his:0.010978744294674147
be:0.0034432217686754243
boston:0.07446030598838464
sabres:0.034420579714134605
writes:0.003936085660818823
get:0.007823654614828108
kill:0.021991857777401105
down:0.014073604624721178
if:0.003988990593829817
whatever:0.03934476879468289
of:0.003472153313673904
america:0.023438919967062277
what:0.005478822041646614
but:0.007920038360123931
lift:0.0327338986944485
easy:0.03944859005070009
who:0.0076967432990110015
up:0.007996787918764193
thousands:0.02546773806665678
good:0.00964291578190178
over:0.011940123526900938
one:0.005853041117712038
in:0.0052880863659074545
and:0.010226716459574728
subject:0.0001589104576905851
p:0.02003647642637708
outside:0.021456998675485266
i:0.004545207315366545
faster:0.04643215508802776
games:0.039641312995341974
than:0.008515483822734888
the:0.002691975035675189
see:0.010532058103637953
start:0.016771202904062574
around:0.014090443054485926
would:0.011102971977433047
mr:0.02010092665644889
problem:0.012592650547890383
here:0.010716672057282118
is:0.0015992418267301422
stuck:0.028306571829099098
either:0.014902158970912845
having:0.015576734478692627
hammerl:0.1618709039237526
wanted:0.0181259523187268
show:0.017917075415088288
article:0.004823410001884529
skate:0.03678296878804397
side:0.019168833801019004
north:0.023893778481612057
opposite:0.028725122414917315
giving:0.02257956516243497
john:0.015961180949891938
four:0.02088122708942246
s:0.01477229240133377
