some:0.0075324959686022845
trash:0.018336184900520518
out:0.0038005712873563223
there:0.002960577372829508
attitude:0.05672726491425449
know:0.003980242340833232
help:0.006903524903360636
all:0.003077638163375133
with:0.001886539925127572
much:0.0056361189340642945
ca:0.006634027729330068
into:0.00577678678381415
cup:0.014126672895146524
throw:0.013752808311402614
single:0.01048847313068508
to:0.002222901871114243
remember:0.017952413138846657
lunatic:0.020103814483473575
most:0.023956070502800488
wc:0.05516095815609194
so-called:0.01617673117812494
proud:0.016308415031416088
us:0.006644762536080632
that:0.0055952358941044646
think:0.01857739390359426
quite:0.008568385103578715
european:0.014295014034406427
like:0.0037569002048666875
really:0.006294824978035245
talking:0.010515132839878285
nt:0.013820875194627843
champs:0.018286171395565792
me:0.0034954473561436927
re:0.0012062596863811953
sucks:0.018709835918343493
penalty:0.031263794379076885
behavior:0.013704480719094175
this:0.0033869834733639935
mean:0.008527167925257614
off:0.00704341112243984
best:0.007855406709553014
goal:0.013529439239870409
these:0.005343987009996589
big:0.008954130818927604
game:0.01917425230909992
on:0.003271024678963161
you:0.01075739979500752
went:0.010524068597535755
them:0.014185733918053944
a:0.003603881615087471
how:0.004243106442674595
other:0.013348141817728169
beating:0.03412402265109995
was:0.008568978717110183
audience:0.03628124320867694
ice:0.015091336866443608
canadian:0.015653767147555796
team:0.020665964959319338
are:0.008295630730338394
those:0.005986824691250194
hey:0.012432706405261836
reason:0.008620038464543638
fighting:0.014709344108977564
it:0.006635911543354296
not:0.007779483981625353
have:0.001649195526282751
kind:0.008888795796655032
between:0.00749311563240776
sports:0.015482823501941247
connection:0.013889568179040312
robert:0.010307780738573236
has:0.003434756367375971
throwing:0.01641777487553119
crowd:0.017272464621899658
nazi:0.03251018940508243
call:0.01714165224515295
penalties:0.03484160739374656
which:0.004167394621024251
writes:0.002133104487153427
watched:0.016075122574707616
if:0.004323551095247802
of:0.0056450492583601545
what:0.005938336148365362
but:0.006438224731455584
english:0.014252098016256872
again:0.007876997219703284
using:0.0071110341246610346
germans:0.05471076445639943
they:0.006018836287146733
who:0.004171138303980156
over:0.006470776621030187
one:0.0031719706702439433
in:0.005731603286919048
threw:0.016928969523827237
or:0.008700793002620456
world:0.008133066737847345
and:0.0024632091257470313
few:0.007372991938407376
word:0.009899601665043285
for:0.0020990249220133807
subject:8.611921578070418e-05
italy:0.018336184900520518
i:0.004926418251494063
period:0.012229068495472955
possible:0.016625623373965046
silly:0.015072956153170584
stupid:0.012457052229892105
any:0.0033009266654477655
the:0.00607865330636333
blacks:0.019264191585848845
do:0.01853723661694185
see:0.011415392009104361
when:0.004218304654334632
got:0.007135980069776045
did:0.010605877699632034
americans:0.013814254101630664
extra:0.012531211966100811
come:0.007745786046675511
last:0.00703278242599838
sport:0.03235346235624988
problem:0.006824404167888981
just:0.01894175102364332
german:0.09088269533627574
people:0.004855719806687475
many:0.005978067830897076
about:0.012709886197701569
is:0.00346674357278276
today:0.009158471825155978
guys:0.012531211966100811
white:0.010964416599421265
right:0.006257656754162256
gave:0.011973786816251265
man:0.009348546254178062
their:0.009765700765043316
hear:0.010689295368576799
first:0.006056628481906585
guess:0.01933004685764938
fans:0.013267743934024058
every:0.023536921228426416
article:0.002613977033279358
behaviour:0.017062011325549974
difference:0.010345657570433505
golf:0.018598590189081655
before:0.006858691184589176
phoenix.oulu.fi:0.040384396542354345
200:0.013406854987681332
black:0.011385652762077219
seem:0.0178045971283596
especially:0.010081599056443038
s:0.004002814715200118
