go:0.031892331996625035
with:0.01917466809146057
devils:0.08287883048752438
name:0.04528250009557789
corp:0.07587155155593521
that:0.005686961072696341
think:0.04720485336159198
bay:0.07857777697166388
rob:0.14428467842620457
re:0.006130172176691321
scott:0.06265700087166404
hat:0.08777809889817859
tampa:0.10261608957483481
a:0.009157404103910787
tigers:0.09789999002644495
defenseman:0.2061558144600531
it:0.005620580815409376
probably:0.03913481500047883
his:0.0302365416640206
writes:0.010840367065861679
russian:0.07632319010951276
now:0.027080563899643348
in:0.002912781998270336
brother:0.07596088933901003
or:0.011054286191853857
for:0.005333587916591377
subject:0.0004376550310166934
i:0.006258974008045736
draft:0.08094796105053449
medicine:0.07264679263386874
will:0.018578776145955482
the:0.0037069820163396047
wrong:0.043334787816882964
nhl:0.06995329998974945
forward:0.07091225419764467
last:0.03574036970589341
nj:0.0800041929878873
i/o:0.08460605205568547
paul:0.21475557318747918
is:0.008808938586579145
either:0.04104201159202227
shawn:0.10172974168515816
center:0.05355132513889851
1993:0.04966648857393668
article:0.013284145578960673
data:0.04810402660993135
s:0.010171086571410137
