some:0.022452632214102965
at:0.008470817427446454
football:0.053390778474736944
corner:0.14138821095899218
camera:0.09979115485314441
ca:0.019774505731656934
times:0.027023809052817566
from:0.008140117831059382
work:0.038943701230582765
remember:0.026756000351165696
t:0.024771856298081176
guy:0.03256087256681606
puck:0.1060070588891289
think:0.013843731033928417
really:0.01876342060760506
nt:0.013732279840816125
me:0.02083824385393355
goal:0.08065627239153514
two:0.01793066762166646
these:0.015929192049028294
game:0.057154021305970915
on:0.014625254574210288
a:0.002685584857396914
how:0.012647721127203118
other:0.013262576806076065
was:0.008514049366359477
running:0.02911019627352598
missed:0.04178780939642145
it:0.009890060473268422
being:0.03741930634471439
completely:0.03458647727922568
without:0.021607793123100915
showing:0.04128869536178666
watched:0.04791623075153232
were:0.014916377860310569
of:0.0018696210150551795
even:0.016145763920827172
fact:0.02306026085220038
they:0.035881524019528606
now:0.01588379228729081
one:0.0094549125747656
in:0.005125376016187225
or:0.00648376401637582
for:0.0031283544510776347
each:0.024480859590005916
showed:0.04110342210346092
i:0.0055066934782325465
back:0.0202534300006494
games:0.06403596714632165
sad:0.04549146744388932
fired:0.045608018987469565
turned:0.0377586378837846
the:0.007247625096048586
holding:0.04429479268933735
because:0.01696848364321648
did:0.01580683695618236
last:0.020963101462110556
just:0.022584395451267038
during:0.028157399132716063
many:0.01781924064978936
is:0.007750171929538382
guys:0.037352651052800494
time:0.015187595864458786
show:0.028942967978219544
going:0.02094053542355464
checked:0.04327659760150214
while:0.04173735588227928
