barbara:0.02297226303491222
some:0.004340285781164885
reference:0.013872241869956708
week:0.012817244626043061
at:0.006549925743155621
all:0.003546720560023387
case:0.009188145380322511
watch:0.014290571898045909
much:0.012990311297843355
hell:0.02537829683629662
from:0.006294217505057067
work:0.007528150423755775
turn:0.012719249571429423
my:0.010597185070598154
to:0.003074050171206314
matt:0.03649536408468655
then:0.0059326407054862565
matthew:0.015934097921269496
thursday:0.05819473147847689
next:0.009956803062264591
that:0.00902725791093434
think:0.005352223150663774
through:0.0088084137324343
nt:0.007963701320324593
wait:0.013648326413048764
so:0.0037985524066353905
abc:0.020443475764562635
espn:0.07433328351022218
had:0.01711236229385281
egypt:0.02054130962447852
ti:0.014084241844801719
something:0.007400227944845809
big:0.010318886817351514
game:0.15467705394329676
on:0.01884791171893271
santa:0.019585090795604648
3:0.0174086687333652
more:0.004726464780002698
a:0.0015574395455536004
other:0.005127538988222716
hockey:0.029236459170858778
false:0.015565459448703271
want:0.007035680177368705
was:0.009875031235331438
swear:0.021694301923005806
as:0.005948804165182293
red:0.013429810241422122
said:0.008146858099120566
part:0.009104914916034487
baseball:0.013930393457579212
fine:0.012041474267362677
buffalo:0.03810112662621515
pens:0.018672188984817827
patrick:0.01704685884941729
promised:0.019863534320411776
video:0.02599041779081801
far:0.009254193576659485
mind:0.0225253219554657
worst:0.016021230162801162
no:0.00836985677459115
early:0.013021342374696212
d:0.006772655101773366
missed:0.016155881699731714
it:0.002549111001784178
cool:0.01706627128057399
should:0.0061071083354404445
catch:0.018014454010248763
have:0.0019005599001771481
due:0.012323949757986924
hope:0.010737775232862621
hopefully:0.017184924079712668
heard:0.010047016206021837
be:0.0021504135953065847
boston:0.031002060485870186
get:0.009772297214060388
watched:0.01852523419390097
were:0.017300780269207797
whatever:0.012286098805774583
of:0.003614137278173581
what:0.0034217178550060637
but:0.0024731718299271757
year:0.009199853963604654
least:0.017900835559156
biggest:0.01796455430641181
pacific:0.01994707653547519
well:0.00625601453588604
they:0.017340513466686688
who:0.004806888008304268
up:0.0049942764697114665
in:0.0019815580136932024
jersey:0.03803503779783414
or:0.00752020213051768
better:0.024939210460610442
p.s:0.01685811414542687
and:0.0028386424869203705
green:0.015644278064504767
for:0.0036284259804320517
subject:9.924519290713122e-05
showed:0.03178257173799209
i:0.007806266839031019
we:0.0050102003929887355
games:0.012378699968805671
lives:0.01447010353135058
will:0.004213031021945295
than:0.005318220379997997
coverage:0.017205073029412814
the:0.006164522758274783
do:0.0026703268360836305
see:0.019732926707187837
got:0.008223620154760499
would:0.006934198112300193
fan:0.014868237864273878
home:0.010889825471603526
did:0.012222386940096397
instead:0.011404216771690116
mad:0.01954696254219502
problem:0.007864554989017041
just:0.008731513483017738
during:0.010886132006700633
long:0.008848740688136002
here:0.006692940169603702
changed:0.014049498861834292
is:0.001997565999187092
tuesday:0.037344377969635655
division:0.014730733888923169
days:0.011071571094982052
2:0.01448631637245657
their:0.016881229947007963
goes:0.011981513739742293
fans:0.015289965128429213
dog:0.018496527702845537
show:0.03356953906767471
advertising:0.02003253942850381
close:0.012917892996916506
going:0.008095969085686551
live:0.011511852319508024
father:0.016095433666751115
especially:0.011618199656123946
s:0.0023064545756729306
