prism.gatech.edu:0.029717651510089798
some:0.007342999214675183
at:0.005540660455688246
tommy:0.034922270197312213
there:0.005772194877843695
hours:0.024630027525475613
remind:0.03319969944058615
thanks:0.012537022924001025
own:0.014254658085207518
your:0.00792410202629725
with:0.0036781596024499834
devils:0.031796280878861556
turn:0.02151873040700953
to:0.0017335838491708564
remember:0.01750078010390712
retired:0.0370557024147145
that:0.0021817900970721813
guy:0.021297677653766476
nt:0.008982120147452057
its:0.01300518588700736
re:0.002351827061497928
hrivnak:0.039727923760408
glenn:0.03509698443697936
philly:0.03769152704912563
appeared:0.029908830611878295
voting:0.036478296444569076
he:0.05000418891573067
acsu.buffalo.edu:0.06822968295250861
certain:0.02073154082868245
on:0.009566204249797922
you:0.0034955911283567416
appeal:0.034039519519985656
regular:0.025453098438714853
cage:0.033399376788476584
scorer:0.041177758091300025
helmet:0.033265556672455926
ray:0.02728156519867088
josh:0.03294295733668517
a:0.0035132179266575978
bigger:0.02931645819011917
usa:0.02292214896873412
also:0.009330170639494128
team:0.020146066469776715
are:0.004043467808812739
results:0.023038262571499754
those:0.0116724254986639
taking:0.02142735870535601
yeah:0.02486932354835316
it:0.0021563234574841004
not:0.0037918868463897165
have:0.006430825322611986
always:0.016710415710683695
after:0.012133419419276424
plays:0.031149379083643267
has:0.013393389608635863
nyi:0.038550492678092615
goalie:0.06721120417850023
be:0.003638121114072147
sending:0.028552172921144387
joshua:0.03717782874085979
writes:0.008317765924749213
if:0.004214782514235279
of:0.001222896764564394
brooks:0.037429434618933374
what:0.0057889440440039705
but:0.012552513627366231
2nd:0.027463124846474982
least:0.015142530708845801
variety:0.058775049150728065
please:0.012046637464812923
in:0.005587412009260707
or:0.008481905128340697
and:0.004802483201142011
still:0.012840937624085204
for:0.012277315581587697
known:0.02048382860167521
subject:0.00016790538925797672
i:0.0012006208002855027
top:0.02126812720859947
ago:0.017994752989714743
than:0.0089974923410029
the:0.0028443509810907657
got:0.013912917117173422
can:0.005437521965017065
soderstrom:0.08332357959311738
healy:0.03670293847351297
mask:0.10124082241590238
is:0.0033795298979957724
white:0.02137716443912322
average:0.02439950351511061
days:0.03746229716415311
time:0.009934024967947885
hammerl:0.12827505593957753
keep:0.016662984805823403
does:0.007663451662500159
lot:0.01558838608971944
1st:0.028306705349410204
2:0.012254148126386219
1:0.012317760326570495
votes:0.07189894361604958
update:0.027307183597335256
him:0.015072423291593131
lemieux:0.03509698443697936
article:0.010192866419076742
dumb:0.03234352224357621
three:0.01835527048095895
3rd:0.02775946398469555
include:0.021141655806569824
s:0.01951057486968611
