basically:0.022424037418559348
simply:0.017477961942190798
okay:0.024604377917157125
correct:0.01869838537246542
louis:0.05386516214397668
played:0.023178302978024718
know:0.007050715003761724
50:0.019721047366448176
nichols:0.1239830810222728
where:0.01055689598990721
fax:0.017477961942190798
with:0.003341870724511699
way:0.02969781976365503
312:0.0695074318494568
statistical:0.032134815413399576
cup:0.02502439198568813
post:0.01475758745389246
my:0.005429795779030293
to:0.006300339017558084
that:0.0039646242906797345
playoff:0.02660408340960159
helps:0.02417127026361693
its:0.011816140320195258
re:0.002136802873018117
started:0.01873854214850803
phone:0.016784840721197538
this:0.00299989964783668
mean:0.015105268896170632
80s:0.03858318828092981
recently:0.01891035179764394
you:0.006351988450385392
products:0.023143353109353653
took:0.019288009579523882
inc:0.02092008854745372
leg:0.031969172345552424
support:0.015651178911620035
8:0.016871378756422094
m:0.007821798354948983
onto:0.024880929579224838
a:0.0015960047152530229
sorry:0.018156666769934996
j:0.01745216376873636
wings:0.026114861965470207
was:0.01011955581830155
senior:0.030284603544291595
as:0.009144161831051639
red:0.020643536885386008
stanley:0.028258632014686407
local:0.08732524148331292
ice:0.05346645061254307
canadian:0.027729530375670268
popular:0.02417127026361693
demand:0.02706945673497401
far:0.014225017554979437
mind:0.01731231887434364
are:0.003673779323435574
those:0.01060523231021463
internet:0.016323051103512034
early:0.04003132684335178
it:0.0039183477684568225
wins:0.028132111295388045
couple:0.018034238826597247
due:0.018943671342277042
being:0.011118879599572275
between:0.013273519120265174
hope:0.016505494500800258
after:0.011024078215228293
victory:0.030927334878158394
throwing:0.029082915493798107
be:0.0033054928979284076
found:0.015282974315754271
writes:0.0037786422343860705
were:0.00886459027127028
if:0.0038294309700766245
of:0.005555445301878247
what:0.00525966915998075
years:0.012741573845602249
stadium:0.03275558021912984
least:0.013758070758322756
fairly:0.022424037418559348
they:0.005330969282901392
up:0.007676916402013626
david:0.028530802735365644
one:0.011237838946007115
rest:0.018666461905558908
in:0.0020306251645084627
and:0.002181699511375942
for:0.0018591363594975656
incredibly:0.030105082422958
subject:0.00015255403938296168
each:0.014548625127774944
until:0.01634951843065511
i:0.002181699511375942
back:0.012036324114671643
games:0.019027830237764148
any:0.005847355807364613
the:0.005599308074204393
correlation:0.03400731488234518
views:0.023143353109353653
would:0.005329426549167863
meant:0.023266624453662958
joe:0.0454796483076907
an:0.005130846506067067
fish:0.031424542746670565
about:0.005628663887553551
is:0.00460581646098281
win:0.019368430877876236
detroit:0.05427828801959167
strictly:0.029988460299351104
their:0.008649620677609795
marketing:0.02830143585313874
tradition:0.05359781494883719
dead:0.019607326484635063
strategy:0.03016429834887541
every:0.013897991582499407
arena:0.06514246487005143
article:0.004630473601809149
comes:0.017281007641402925
before:0.012149681526986538
by:0.011319262569339041
s:0.003545350176320105
