22:0.026039666251579698
tv:0.04735826320314579
since:0.012505135146273008
okay:0.026911038346890605
24:0.02289427343042788
go:0.012158951573713295
week:0.021548992527534897
at:0.03854221929488136
louis:0.0589150210949745
there:0.005736118659857172
know:0.015423439070728774
where:0.011546604988961012
split:0.029799541170545035
gld:0.14589418043221405
with:0.003655171104934671
contract:0.03175579042327048
cunixb.cc.columbia.edu:0.033057646943253076
to:0.0008613744750567694
next:0.016739875148432348
latter:0.029028771070345044
that:0.00216815390896548
broadcast:0.03175579042327048
pittsburgh:0.05528206754060934
like:0.007278994146929208
could:0.009431932220787859
12:0.044417310395150456
me:0.006772429252528404
re:0.0023371281423635658
michael:0.01877934501046056
anyone:0.010455717185258695
abc:0.13748237451668374
espn:0.12497283290156105
prefer:0.025665800656511507
dare:0.0628864505893577
united:0.02450951239298261
m:0.00855509195072545
a:0.0008728150786539969
other:0.008620674923949443
series:0.022420939754797916
gary:0.053058480544033226
red:0.022578868468390946
deals:0.03367970691417203
local:0.0382047931489494
l:0.04131200723441704
are:0.0040181961350076595
no:0.007035910851140687
likely:0.0206650550308108
d:0.011386526389856473
18:0.07250155299793311
it:0.002142846435874825
have:0.0031953163321728306
being:0.012161274562032177
area:0.02005291902912092
rights:0.02170749637308004
states:0.02158037334659802
je:0.034704006008579015
adams:0.028960089060497574
be:0.007230765714218392
writes:0.008265779887719529
down:0.014777284855957237
if:0.008376880247042617
of:0.0012152536597858667
gotten:0.026935693211209456
but:0.004158020139065064
impression:0.029569453838528062
least:0.015047889891915515
up:0.008396627314702405
in:0.0011104981368405655
additional:0.0267172243672496
st:0.04795934053649126
our:0.013936096393627459
or:0.004214446610644284
and:0.0011931169202837183
for:0.004066860786400925
subject:0.00016685598057511437
winnipeg:0.03261329743272976
p:0.02103830024769594
i:0.0023862338405674366
we:0.008423399410712313
games:0.020811689322554536
20:0.019655202177535126
angeles:0.029607218303877827
will:0.007083158405645528
schedule:0.06372710342697228
cdt:0.03159755412336867
coverage:0.028926029030700295
the:0.0037687650499452652
calgary:0.03390162371702772
alternate:0.03694546731122942
protected:0.029383980287614832
myself:0.02083026288748677
here:0.011252505660146225
bruins:0.031649855683809396
is:0.0033584078361332988
deal:0.04120393739700637
else:0.015790951408362855
does:0.007615555089609533
1:0.012240774324529429
whoever:0.031494245986173605
cities:0.03032917384838936
chicago:0.052783744210048535
under:0.015170771419410246
domi:0.03658822722472974
april:0.1275807698208042
side:0.02012727549106996
est:0.0381589424014854
playing:0.025033562220969332
los:0.02849935421114403
john:0.016759239997386537
jets:0.032314197300369545
s:0.007755453510700229
