played:0.04557531484443062
help:0.024045985618447157
sharks:0.06478160627657656
my:0.010676564734048329
to:0.003097076764249058
ccu.umanitoba.ca:0.1332826381369188
playoffs:0.10328261416540555
that:0.0038978047801626605
playoff:0.052311399962699755
happens:0.04197839904245818
re:0.004201578682900792
chances:0.05483433451978792
this:0.011797358165649864
he:0.01786666525303635
goal:0.047125013082694685
big:0.031188545549073677
game:0.06678672152607837
you:0.006244932465266538
regular:0.04547238934556923
pool:0.059311822596103334
a:0.004707317278133916
other:0.01549784255990911
timothy:0.05718550799342324
gary:0.047693016219355705
season:0.042890274479727174
assist:0.06335289643966367
question:0.02452793352075398
definitely:0.04781855892270543
science:0.03799586770974511
are:0.007223723388777814
play:0.03597660935708361
university:0.026408315748299476
against:0.029025626878178053
heard:0.030366824263144656
anybody:0.034152754437221294
be:0.01299912937387576
writes:0.007429914505815307
making:0.034546148212049474
of:0.0021847256805139176
what:0.010342046101085743
in:0.009982005724409578
confirm:0.06318643480162839
and:0.006434787884676233
subject:0.0002999658077754865
i:0.0021449292948920776
back:0.023666929438961096
flames:0.10050477245827796
the:0.0033876539774788895
calgary:0.12189347853313337
got:0.024855660917197462
would:0.010479209506790743
can:0.00971422463413161
returning:0.06478160627657656
may:0.0209103991847172
last:0.048992416900213435
an:0.010088743129907153
is:0.0030187935605692573
night:0.037616121871730614
life:0.03135257700324393
strategy:0.059311822596103334
change:0.033393360763039184
article:0.009104863823782033
little:0.02635212024605016
roberts:0.12508841086528039
while:0.04877174170513533
s:0.013942388333843108
