penguins:0.025359558553071516
at:0.0042973903046557614
out:0.005747205361368097
there:0.004476970661351939
all:0.004653989417786786
chris:0.018715840209362438
continue:0.019064420521470463
way:0.008450599119739235
much:0.008522911558828934
remove:0.021551953097754293
cup:0.021362285841441085
from:0.004129620753317929
trick:0.024233673557657955
to:0.004033753639290236
stop:0.01621440543697872
bet:0.021042299097607853
player:0.018962258697835133
near:0.017584272085275732
day:0.01240635627201401
been:0.028629080726271985
dirty:0.026064832839954966
pittsburgh:0.021573489771945106
like:0.017043498490370828
through:0.011558357531828423
nt:0.006966620016804278
bobby:0.025454280923106153
re:0.0018241000135520513
this:0.0025608899432752147
sight:0.02585271034268795
he:0.03102698941502898
shot:0.019398206563842616
best:0.011878907707128947
game:0.04349281621332421
on:0.002473213781655073
you:0.00813364374744471
etc:0.011328409694918221
them:0.007150532544059712
a:0.004768550673621837
richard:0.03644953672954906
hockey:0.03836393910712688
christian:0.01563825546944671
as:0.015611983613990603
worth:0.017147139603862625
career:0.02357300052890135
cheap:0.018127957162960232
are:0.003136153080981588
it:0.0016724655109266926
not:0.005882048864155755
should:0.032054871067970336
have:0.009975621719954203
allowed:0.01869186940544815
directed:0.025359558553071516
plays:0.02415976231365502
lineup:0.02855666515100858
has:0.010388043647673668
call:0.012960761453652232
yourself:0.017103778884754107
his:0.017994429673222016
anybody:0.014827293389818025
be:0.005643524459877769
stick:0.020616240511485178
get:0.006411580367273767
if:0.006538052875740578
of:0.005690943967777717
future:0.017095152801550488
even:0.008191021696419637
but:0.006490568021955222
clarke:0.02846715715750518
women:0.01843568387235817
who:0.01261514999252535
up:0.006553465221231144
pro:0.02195495683198157
chance:0.017536865990305385
one:0.004796638574515231
in:0.00433365126571928
better:0.010908370103909283
watching:0.02077855655482602
and:0.002793639618225292
subject:0.00013022905800984534
purpose:0.018345763376315057
ugly:0.026762885735763128
league:0.03794982505593413
will:0.005528318755625777
the:0.006986003507215613
do:0.0070079796966487475
nhl:0.020815372192071788
when:0.006378899721188955
ulf:0.18665457072355043
got:0.01079099425185646
would:0.004549510468801835
can:0.004217395085062016
fan:0.019510029197510603
nobody:0.019552632514431352
1000:0.022793250768209174
an:0.0087599818396267
nicely:0.026343654370881545
head:0.01684321822173504
bruins:0.024702326387363433
is:0.005242392719817832
right:0.01892559603697853
violence:0.02296244861205254
does:0.011887695749634393
lot:0.012090504333001906
belong:0.047889038725759434
gone:0.019168767789672015
history:0.01620003709439454
notice:0.019697392359046557
aluminum:0.03067196263917863
almost:0.029482857856239688
players:0.09053351007409494
meet:0.020927516183411786
main:0.018138619568911357
s:0.009079555329600269
