22:0.0036213355934400274
probert:0.0026968771155126674
king:0.003648547157651278
wilson:0.0021690874135599373
selanne:0.0026638541224757607
with:0.0002541622671836364
miller:0.004138805769262555
4:0.10688512860221173
francis:0.0024013960404105704
clark:0.002179394465544864
wood:0.0021899519155966
jagr:0.0026638541224757607
0:1.3077328608579857
player:0.001689379849220427
young:0.0016314887123312415
playoff:0.0020233440228945147
12:0.004632835504057413
norton:0.0023032618949374315
penalty:0.0021059922332711508
murphy:0.0023956397489068677
la:0.03788182067823014
26:0.001910631477989884
cal:0.04430660937540796
shaw:0.0026431552745882097
hull:0.0027452150707974235
brown:0.0020185151548262528
carpenter:0.0026233976152762774
8:0.00256626795512722
3:0.19944690358495154
mogilny:0.0027715621467715367
a:6.0691183218009346e-05
det:0.05003011934091815
was:0.007311500020828478
as:0.00034772453725207236
mon:0.053981021450980646
driver:0.0015992114726146858
que:0.049271735181446286
russell:0.0022720468864318877
gilmour:0.002552285305940422
21:0.0017628000961122667
pts:0.002674585375231246
team:0.0013921010728789646
van:0.037864622155311514
buf:0.054652345424003636
bos:0.05729898375395108
taylor:0.002357348889493453
hughes:0.002223256229382309
lafontaine:0.0028143435778072833
pit:0.04789262649241338
19:0.00356097106647621
adams:0.0020137393523162158
nyi:0.050613228327039454
g:0.0015362894224300314
14:0.0032454174878371734
of:8.45026447482567e-05
anderson:0.0042178772844348525
gp:0.0026638541224757607
stl:0.0526596807886592
thomas:0.0016010452038370709
5:0.019200712332725165
tor:0.051323531788024096
subject:1.1602328071281311e-05
leaders:0.001922018862776509
6:0.026816750231961357
vernon:0.002720374386816568
bure:0.002674585375231246
20:0.0013667241844439895
graham:0.0021178996536049687
joseph:0.001774966809493156
nhl:0.0018544768793458133
roy:0.0021899519155966
potvin:0.0024504162464711286
may:0.001617579771786033
nj:0.044539492054534384
healy:0.0025361874042975066
gretzky:0.0025283566761346737
10:0.005024548905512672
gilbert:0.002674585375231246
jones:0.0021557142459516132
17:0.0017089542627033924
15:0.0014523297401045823
win:0.02798784557537527
chi:0.054904301415948466
rocket:0.002142740337585824
schneider:0.0022081384040518372
blue:0.0017369237842083047
2:0.3344727392775691
1993:0.0013166691886180519
1:0.2927997474237722
16:0.003030849840786738
simon:0.002352144112854289
fuhr:0.002505677078928863
domi:0.0025441618235361838
april:0.001478554481481144
roberts:0.0024191370202107684
kennedy:0.005026212422402968
murray:0.0023319268092319976
