since:0.0111777744324228
week:0.019261669298355214
large:0.016726447597137293
cable:0.09648374219864243
mark:0.016780022146883743
where:0.010320987699629955
with:0.006534384098207233
faces:0.030370844442775307
companies:0.022215823159708024
service:0.020349671667476775
from:0.00472945393536411
ground:0.021658959013392966
to:0.0030797746594208512
prime:0.11224176171879321
value:0.020859512959534456
us:0.011507689308296067
teams:0.023106090155151714
bunch:0.022660352073487853
that:0.0019380146672317142
control:0.017037062960564377
re:0.0020890530881462043
michael:0.016786006713260835
espn:0.08378067010160517
national:0.018179742597695607
this:0.005865725568395743
off:0.012198086301432126
best:0.01360433564224265
game:0.01660340283748876
on:0.005664903075299329
cap:0.03240250913232672
tell:0.013463827115209234
brand:0.025170739233629696
working:0.017701335255344175
successfully:0.029206591540110467
more:0.007102899585590647
a:0.006241359221659866
other:0.007705631216938049
hockey:0.0219681774216788
million:0.02186319139179407
as:0.004469911509592282
vital:0.03336256643359297
usa:0.020361015005747066
local:0.017074767887798617
question:0.012195452979592762
also:0.008287693473070203
cover:0.021922941610323387
sc:0.030040180356795808
are:0.003591683696096232
no:0.01257816465008391
early:0.019568386026778108
base:0.02151751874532431
survival:0.032115954415077835
it:0.0038307869244689607
have:0.01142459470721012
systems:0.01676210681722129
try:0.013611115487951915
only:0.007449923118822831
networks:0.028290373795583818
moved:0.024908409719172873
suddenly:0.02722506761421806
between:0.012976904167857014
sports:0.05362765682236633
connection:0.024054559416215066
war:0.01975879952834088
be:0.009694881404538625
virtually:0.02783959775508023
writes:0.0036942033017740915
september:0.030370844442775307
of:0.006517561527343195
year:0.013825478861506436
never:0.012312509669619331
launch:0.025735522009447398
they:0.010423682955393785
good:0.009050334365136867
in:0.0049631201646505715
po.cwru.edu:0.026636461381492768
yes:0.01489858028214463
or:0.0037671031156596944
total:0.02045260053522012
and:0.00746531257384226
gets:0.018644225376496112
for:0.003635182825833229
subject:0.00014914501056993463
usenet.ins.cwru.edu:0.02909704700721451
away:0.015469182046500952
league:0.021731045073928763
games:0.01860262732742305
any:0.005716688638484957
will:0.037987888655976014
currently:0.02010577375339272
the:0.004632001737362895
do:0.00401294926763406
nhl:0.07151650222415726
around:0.013224549905886233
major:0.018304066886691575
country:0.01883102853642532
ensure:0.02688638257613742
problem:0.011818800514221142
launched:0.03102034056632761
about:0.005502883688949003
15:0.018669333698215888
is:0.004502893188111685
number:0.013979133231272391
today:0.015861040591052252
new:0.009631282485382944
their:0.016912666129404626
cities:0.027109876065599427
late:0.021531502713023294
contracts:0.032704560647803124
article:0.004526999331377659
needed:0.018635880950480566
says:0.01430741198004228
s:0.003466124474055968
