there:0.005495682548366153
all:0.0057129810218340795
true:0.015468747258430221
situation:0.021102588555536518
where:0.011062615558285999
own:0.013571800212862247
with:0.0035019603400571696
way:0.010373489937404452
edmonton:0.033944390015720936
sigh:0.03333194181739508
from:0.010138589873415278
both:0.013447329834181065
hence:0.027553014296175994
hamilton:0.033008186001405405
to:0.00412634479069111
remember:0.01666241938036666
player:0.02327702415003714
us:0.012334589138832312
might:0.012737036741787102
been:0.008785870582164308
puck:0.033008186001405405
like:0.013947773215672733
movement:0.028187436918986654
nt:0.008551838942783696
could:0.009036581768419505
re:0.0022391646872944346
this:0.009430822246193155
satan:0.031485825891320124
these:0.009919975886820016
you:0.0033281376611300714
am:0.009786445249708776
a:0.0016724600309537666
same:0.011629301500171333
vote:0.027274451328302383
want:0.022665843924696786
owner:0.026837175070728192
as:0.00958220551158106
old:0.015855766960133678
given:0.033386677355464446
also:0.008883216357362674
town:0.026670830375476243
responsible:0.023418294701036062
sc:0.032198756190817066
team:0.019180985441284416
are:0.003849768752103147
no:0.006740992432230598
d:0.010909246840581052
it:0.0041060530507781075
disagree:0.025439455227061043
have:0.0030613809170518137
stay:0.023644895618300493
left:0.017511408284434503
b:0.018328792494097256
quality:0.02301894515313982
has:0.006375895053212881
stayed:0.033167876103693796
free:0.01729046583308225
be:0.006927679726197262
writes:0.007919310072066615
get:0.007870502846054625
of:0.0034929446508815327
relief:0.03130526877652559
what:0.005511629359261265
but:0.011951195609288806
selfish:0.03641856459178126
well:0.010077053354211647
who:0.007742831582238613
good:0.009700657792571852
one:0.0058880892681175
in:0.001063950310745452
1990:0.025574529163732148
or:0.0040377931598987145
and:0.004572424125638202
for:0.005844590351713904
subject:0.00015986201731747483
i:0.005715530157047752
oilers:0.2090209118006904
we:0.008070322788706407
elements:0.02935004778390257
pay:0.019957138095795707
saves:0.03255318057039988
lives:0.02330813083792399
the:0.0036107928622230085
do:0.004301304903631717
see:0.010595124319827402
relations:0.028857604081884772
would:0.01675418525936005
can:0.015531125612653534
long:0.014253360749153203
here:0.010780843746247881
jesus:0.020797601315525785
people:0.009013611617204296
is:0.003217636250187592
deal:0.019738413124314427
move:0.04235718701285051
save:0.021691678038450863
right:0.01161600954365449
keep:0.015864757988777973
center:0.019560663673489874
does:0.007296340205613924
himself:0.022411864973059695
sale:0.01901121050361455
their:0.01812794752792472
matter:0.01808923959221882
eternal:0.0276167172794398
too:0.011691723759667644
dave:0.08398262685927167
u:0.022644571758042013
happy:0.022743084362185757
god:0.0317745896020985
alberta:0.03628090280600462
s:0.01486074924206032
