advocate:0.06771513367527612
penguins:0.06339889638267879
go:0.023724783558464965
at:0.010743475761639403
mark:0.03662956054014866
boy:0.05530283786731498
andrew:0.045920221453317055
all:0.011634973544466966
saw:0.04143147052604213
corner:0.05977387780380157
someone:0.026871440422719755
devils:0.06165376414315838
to:0.0016807306830375986
w:0.03773586408572383
then:0.01946195548507077
that:0.004230544212615571
re:0.004560250033880129
this:0.012804449716376074
off:0.026627529853126226
acsu.buffalo.edu:0.06614950969176141
game:0.036244013511103505
on:0.012366068908275364
am:0.019930931179284947
bill:0.03775016921575265
more:0.015505110070984462
a:0.0034061076240155977
wondering:0.04388943294947923
was:0.010798306513431532
cherry:0.1451531732783026
idiot:0.06463177585671988
canadian:0.11835775160347066
soul:0.05140828401012679
it:0.004181163777316732
briefly:0.07031174339774773
only:0.01626263705206447
coach:0.06217278383119248
guns:0.0492068038114706
writes:0.008064175500214175
if:0.024517698284027167
of:0.002371226653240715
what:0.01122490369508087
women:0.04608920968089543
good:0.019756217699506088
in:0.006500476898578919
heart:0.04842661723226362
or:0.008223310459793723
and:0.004656066030375486
subject:0.0003255726450246134
i:0.004656066030375486
don:0.05437323585038956
face:0.04377160476762878
will:0.013820796889064443
the:0.0036768439511661124
ulf:0.233318213404438
less:0.033522750690198506
needs:0.04084568978865057
an:0.010949977299533375
mix:0.06293864848044894
is:0.00655299089977229
ubvmsb.cc.buffalo.edu:0.07031174339774773
new:0.02102438493760423
article:0.009882108296543915
going:0.02655872785426442
says:0.03123203346862888
s:0.0075662961080002235
