another:0.010362174441068125
thumbs:0.02887634932893171
some:0.010911559580685551
since:0.009349633754222809
looks:0.015995819973709767
out:0.005505500462992803
know:0.005765771615225709
cut:0.01710754904581496
though:0.011614692530891025
into:0.01673648507460174
cup:0.02046387195091319
devils:0.023624339531490592
from:0.003955945114159699
nights:0.026347699921168533
to:0.005796164691970783
caps:0.024073609907906024
most:0.008675679738163728
thursday:0.024383773781480194
playoffs:0.02147699219794648
us:0.019251181179299026
cubs:0.025820618172825802
broadcast:0.023742647045435872
pittsburgh:0.020666193473124983
control:0.014250627429630949
like:0.01088447722905302
re:0.0017473855270007967
charles:0.019234825490345026
espn:0.09343763207593349
national:0.015206420210222024
had:0.007170133110664182
goal:0.019598720394204797
game:0.1249910372485719
on:0.009476800471762428
went:0.015245146099234035
imho:0.020232110543719862
why:0.008316460654925263
astros:0.030424747160494526
a:0.004568004149964843
hockey:0.018375251207852827
j:0.01427162925013487
wings:0.02135561142036115
was:0.016550675403764217
baseball:0.01751063476677013
granted:0.02199673815640547
stanley:0.023108694404533274
pens:0.04694223212071024
straight:0.018675988913379946
l:0.0617749640888479
ot:0.023359408018983372
z:0.02332275765701596
d:0.008513290758771193
it:0.0064085127054200365
not:0.002817336488672733
should:0.007676692253427474
fifth:0.023396348110138108
leafs:0.023286392514763367
have:0.0023890215567647327
probably:0.011155251004809384
between:0.032563539897846806
second:0.012849045685290965
b:0.02860662006088076
decided:0.01743753767765586
throwing:0.023782757997264804
which:0.006036880058493073
sabres:0.027021763513900062
showing:0.020065534194513145
if:0.003131544017586024
of:0.004543004335648099
even:0.01569307895108435
saturday:0.023286392514763367
ryan:0.04154147384115214
what:0.0043011313224141645
but:0.006217600207947759
variety:0.021834656109733088
double:0.02064556254691416
well:0.007863868739034321
they:0.021797187488498685
up:0.006277852197908339
continued:0.02230932803878879
good:0.0075701394923341075
in:0.0024908369424461283
yes:0.012461896591139667
or:0.003150988120107875
and:0.005352300203141914
subject:0.0001247521350094313
cec1.wustl.edu:0.02938202028519448
i:0.0017841000677139712
away:0.012939175637026496
back:0.019685576823061098
program:0.012974922581233995
joseph:0.019085040320765193
coverage:0.043253875186093894
the:0.006339978588692969
see:0.016536315527207253
got:0.010337167390797075
conference:0.020365904060889617
did:0.007681827305808249
instead:0.014335207063479632
thought:0.01254479628594258
just:0.005487797025541523
norris:0.025883342566901228
about:0.004602879347298465
e:0.04361060321570785
is:0.0025109591298192887
move:0.0330544403324581
tuesday:0.02347111606035512
night:0.03128817613629929
bone:0.02938202028519448
1:0.009151980803386488
nice:0.014765137648386719
update:0.020288982205496756
fans:0.019219629063305876
show:0.02813148289471806
article:0.003786602244470098
u:0.01767123123174306
shown:0.01929611026640964
close:0.016237912225095984
going:0.010176708803970478
by:0.004628203153351243
smythe:0.028104948626317464
says:0.011967414693586765
s:0.005798469914542227
isles:0.029122348083536486
