since:0.022736609356860015
returned:0.05396988865584399
perspective:0.05553719710136105
von:0.13620347274570396
sharks:0.1965532826800675
day:0.028901170860941728
been:0.016673186218425447
that:0.003942098016300873
seat:0.0563670281810757
re:0.008498647790412968
so:0.011611484061192274
apple.com:0.12498397683334884
announced:0.05483887006484215
getting:0.03082047241164416
you:0.006315897606917294
support:0.031124503517426204
imho:0.0492008142767733
m:0.015554712637682638
a:0.0031738730132872617
member:0.04535111275848362
was:0.020124116684122402
jack:0.04857677157681745
team:0.0364002791897102
giants:0.12169236438156576
are:0.0073058111545593815
literally:0.059408862337270156
it:0.007792168857726636
not:0.013702500194908294
ve:0.0207401556707663
completely:0.040874927693630346
minor:0.049385592923043536
stick:0.048026469373346155
writes:0.0075143453524723
of:0.004419104217403151
san:0.1376579125092458
ticket:0.05754519215238072
well:0.01912349897901528
alink:0.06046945256218174
in:0.0020190875215283007
francisco:0.05671670612047063
and:0.004338606982849885
subject:0.0003033745101365716
editor:0.052469928736452634
i:0.004338606982849885
we:0.030630543311681135
league:0.04420292122992328
fired:0.05390038607610039
than:0.01625683275249388
the:0.0017130750227023932
jose:0.10363401531325102
see:0.020106656379672457
when:0.014859936850497
different:0.028718373841036905
new:0.019590904146403944
90:0.045817720563003775
matter:0.03432844331705162
1:0.022255953317326233
guess:0.03404724162426879
fans:0.14021593021184517
chuq:0.3950414002627766
spring:0.054110182244733754
training:0.05092963905467736
mike:0.036311500329064814
s:0.007050412282454754
