join:0.030570700203288347
mark:0.020024159761947935
dan:0.026492023262581724
there:0.006118526570514316
chris:0.17904820466956733
ron:0.02824865557483357
mary:0.03126539205348836
someone:0.014689720764420133
fred:0.030890761664530746
cup:0.02919512398330282
to:0.000918799440060554
changes:0.02718606199824126
matt:0.03272417646260228
ii:0.02447599870073412
t:0.017175153700002947
bruce:0.03071105626460723
adirondack:0.045013719661084785
been:0.009781602581476262
86:0.03187003579662711
champs:0.11337426265250791
scott:0.05096102737562009
barry:0.035054219492336405
glenn:0.03720280350319812
89:0.0315407507610966
derek:0.03674911374823135
this:0.003499882922476127
contact:0.023200481993203785
these:0.011044239820659617
game:0.09906697026368291
mvp:0.07756998282381178
cloud:0.03832503893532622
state:0.035436178492541555
ray:0.028918459110591134
bryan:0.0706640749366804
a:0.0009310027505642634
hockey:0.10486143355948016
wings:0.030467338959715245
senior:0.0353320374683402
red:0.024084126366283674
steve:0.042762051291125154
jack:0.028498372658399572
college:0.0549268706742487
pat:0.027020934877491867
are:0.004286075877341504
brian:0.024907183431858524
kevin:0.030037082152131436
month:0.026492023262581724
not:0.0040194000571731
have:0.0034083374209843524
being:0.012972026199500988
tom:0.025304854823165034
able:0.017583101507404462
earlier:0.02630631023256195
west:0.05437212399648252
greg:0.05839024796660564
goalie:0.07124387642921025
coach:0.06797557698877045
list:0.01941085731281053
asked:0.02248200599158954
aaron:0.033704057731593254
boston:0.027798514235663603
tech:0.03023221803413219
whatever:0.02203307052502242
of:0.0025925411408765156
lawrence:0.03162155983131223
ahl:0.12163800573654941
ryan:0.029632918006688533
mailing:0.029425031823777283
participate:0.03491953477688628
david:0.03328593652459325
bob:0.02456003342686067
in:0.00118453134596327
st:0.025578314952795337
point:0.014676906408400405
or:0.004495409718020569
66:0.03410475055872462
and:0.001272658048302633
few:0.015237516672708578
green:0.02805540532901189
for:0.00650697725824148
subject:0.00017797971261345532
held:0.027102987195322514
the:0.0035175140466155806
original:0.020574453421823197
joe:0.026529794846152907
may:0.012406836849598873
ny:0.02800795554388613
jim:0.04515107662598493
actual:0.027082379244858023
about:0.006566774535479144
bruins:0.033759846062730026
grant:0.030166536057845444
division:0.026417116107468885
east:0.05428879039188023
guys:0.02589783806327501
90:0.026879729396962218
91:0.06230155209977175
shawn:0.041370094951964316
fans:0.02742000413031639
falls:0.03296840401713414
brett:0.06983906955377256
81:0.03440646116931209
mike:0.021302746859718023
high:0.018648825504276812
todd:0.033930068076097795
john:0.01787652266387897
jamie:0.03981266261075428
s:0.00827248374474691
