probert:0.09546944988914843
some:0.017962105771282374
out:0.01812580152431477
with:0.008997344258300729
into:0.0551016585533042
ground:0.05964544097534371
to:0.004240612800279479
otherwise:0.05466745894787748
toronto:0.12360308600432561
this:0.00807665289802183
game:0.045723217044776734
on:0.007800135772912153
a:0.004296935771835062
series:0.055190005550271794
as:0.012309448618723361
ice:0.07197406813226952
given:0.04288903937201971
mind:0.046610089277079034
hitting:0.07384115824002749
not:0.009275538593476384
leafs:0.15333193840490342
have:0.015730788096850856
shift:0.07455212505779873
only:0.020515942127219796
walk:0.07062810729960621
which:0.01987526665411566
get:0.02022113808140188
of:0.002991393624088287
advantage:0.06559031656207401
in:0.0027335338752998537
and:0.0029369031883906913
for:0.005005367121724215
subject:0.00041072241372335844
however:0.036878444679952514
away:0.04259974748190262
physical:0.0656484815288418
will:0.08717733422332957
the:0.008117340107574417
see:0.027221319406325786
home:0.04506712387478998
come:0.03694144114568321
last:0.03354096233937689
long:0.03662017300167054
is:0.004133425029087137
maple:0.08674473512507795
detroit:0.07306692618021955
keep:0.04076022437116802
tonight:0.0747614427817338
revenge:0.0912473445706598
