join:0.05524825337943677
played:0.09773983183504399
defeated:0.07646497398860908
breton:0.08445647058391346
moncton:0.16891294116782693
cup:0.052762272258980995
2-1:0.0772182313016372
caps:0.062069307473396264
ii:0.04423373259168817
adirondack:0.16270019154608958
playoff:0.11218589389591033
86:0.05759645023486827
champs:0.20489324575754442
89:0.057001356797162527
contact:0.04192858191542853
on:0.012217080126247951
state:0.03202064321615201
3:0.02821043306792313
hockey:0.0947543074332652
baltimore:0.06298770946602138
series:0.043221088683947785
wings:0.05506145595129261
red:0.0435255295776211
team:0.03859306709270479
results:0.0441335391429935
ot:0.1204557425557215
status:0.0530202733975812
list:0.03507986261351301
boston:0.05023827873915109
of:0.002342657657418538
ahl:0.36637953535105244
mailing:0.053177768356224
in:0.00214071929993362
st:0.046225870396618074
66:0.06163509137118907
and:0.0022999844246433124
for:0.003919865818217759
subject:0.00032165008303636504
cape:0.07122017794935792
rochester:0.1348097629029319
games:0.08023783835201749
leads:0.273481656292889
the:0.0009081361566133169
scores:0.06251975966703023
home:0.03529353074531745
fri:0.0700933579733239
ny:0.05061678712750505
bruins:0.06101176999288559
division:0.04774177609783534
90:0.0485778242113775
91:0.11259316644537062
2:0.023474813880667578
springfield:0.15867479191565184
first:0.02262114252278363
fans:0.04955422433189709
falls:0.05958145304301351
81:0.06218035151080498
high:0.03370269669447616
john:0.06461393733932158
s:0.014950271827855863
