join:0.017842821130323937
at:0.0617018296660691
breton:0.19093077591149307
moncton:0.027275825130213295
hawks:0.02263715452056764
4:0.07733134643357756
cup:0.051119866896833725
devils:0.01967162902622174
to:0.0005362642646267825
0:0.014261308515449154
gm:0.747088169614877
ap:0.021997843036943996
ii:0.014285602354514077
t:0.010024408774320787
adirondack:0.07881779707193834
that:0.0013498234452703377
playoff:0.018115620998755945
86:0.018601188208148118
nt:0.002778515765456959
champs:0.06617174862986842
islanders:0.021153234067147003
89:0.018408998498694512
this:0.004085466446470187
contact:0.01354113735011894
game:0.01156423777397077
state:0.010341297225449868
vs:0.09305946932079143
3:0.08199686187446917
hockey:0.030601585669108994
baltimore:0.040684668371048824
series:0.041875685145147855
wings:0.035564987112508065
was:0.0034453740626513058
as:0.0031132846701051303
red:0.028113766186323354
cb:0.02366498166080728
team:0.012463908827605048
cd:0.017366548828718183
ot:0.07780409830447381
wins:0.01915610691320198
leafs:0.019390225673771834
have:0.001989301996683474
being:0.007571221517218476
won:0.016815717839139245
only:0.005188856958246251
indians:0.021298258949626506
has:0.004143091338079965
list:0.011329294151445835
be:0.0022508220122080596
boston:0.016224813756223894
ahl:0.07099494498242183
mailing:0.01717414308780775
but:0.0025886506702350594
up:0.005227472258180485
in:0.0013827214155213267
st:0.04478693279672335
5:0.08089876690794344
66:0.019905496435053276
and:0.0022283895787400185
for:0.001265948882926358
subject:0.00010387920969656924
cape:0.046002138286355694
until:0.011132940565621183
i:0.0007427965262466729
6:0.05716633526379756
rochester:0.021768891674987058
oilers:0.04527430904113528
canadiens:0.023946385013257184
rangers:0.018159341128199235
schedule:0.059511691916238715
the:0.0011731564357806271
original:0.012008435849313149
home:0.011398299812690072
americans:0.016663108060332707
reports:0.015386079549370242
ny:0.016347055764914083
7:0.06209199472629
note:0.011524082096803492
about:0.003832747783353586
bruins:0.03940838061797279
division:0.01541855025727756
maple:0.02193932989544773
90:0.015688558013791175
91:0.036362773599088564
tonight:0.01890853611211166
2:0.08339496137373345
springfield:0.025622583130348445
1993:0.01178854398058419
1:0.05334500872946677
first:0.007305660814751133
fans:0.016003893461274156
supposed:0.014197256853760158
falls:0.019242259153969342
full:0.012022033011374526
81:0.020081592122166588
high:0.010884528504441717
john:0.08347014473406524
s:0.019313191621977224
