phoenix:0.03339703259772151
go:0.010991142665503544
at:0.0199088138407781
out:0.006656367791415027
there:0.005185192008910437
all:0.005390213732464922
nick:0.02811054210206469
among:0.01946048286997641
gld:0.06594087251173517
edmonton:0.06405325573588018
rumours:0.03397999438436123
devils:0.028562760789485803
gerald:0.028610039036211884
cunixb.cc.columbia.edu:0.029882618705765494
flyers:0.03202662786794009
hamilton:0.062286633471578555
to:0.0031145743730866234
property:0.025819778779419697
make:0.009943957533049174
that:0.003919826276095783
nt:0.016137368400507085
along:0.039479789956398136
re:0.002112658207786274
so:0.00577294122816339
ball:0.025189860676451663
this:0.002966002476674684
he:0.017967606864635426
drag:0.02948094683184611
big:0.015682376010551172
on:0.005728913279539999
fix:0.024576491294804995
dare:0.028423254503664494
them:0.00828169023464543
roger:0.02493646764726888
leg:0.03160793875972697
why:0.010054929831378567
a:0.003155941527336486
other:0.01558540099245097
as:0.00452041898427694
bring:0.021431451679599298
gary:0.02398123414419581
politicians:0.031527799578981455
whole:0.016903477260041187
team:0.05429194184227962
l:0.018672093665273237
ontario:0.026832487015334864
taking:0.03849661055538537
hey:0.021774796528989657
not:0.006812542469784914
probably:0.013487139632933381
buy:0.016987802967480033
campbell:0.03160793875972697
chain:0.029425827199386426
his:0.010420503059351733
coach:0.02880321058846205
anybody:0.017172853926060425
be:0.006536285391383857
noticed:0.022916401249459466
writes:0.003735945711963629
get:0.022277525004934278
if:0.007572321127270161
of:0.004394137526909348
candidate:0.03247884655536119
but:0.003758662272601188
please:0.010821555688730253
now:0.009332849705526804
one:0.005555428857489392
in:0.005019200618488431
southern:0.028562760789485803
golchowy:0.030853524112130798
better:0.012633987973454254
and:0.008628190157983951
gets:0.018854894589789856
for:0.0018381291689947682
subject:0.00015083026492665705
stan:0.031218148525337414
stupid:0.02181743610885058
actually:0.013809684333904433
will:0.0064028550559507595
the:0.004684340740044962
canada:0.021020381881393484
strong:0.02039916602243226
would:0.03688444928096403
friends:0.022466849410100204
country:0.019043808519887753
olchowy:0.030645535563414886
lindros:0.03463010359218489
mad:0.08912089701441459
an:0.0050728708393318455
here:0.01017175652894574
many:0.010470062302701094
is:0.006071697782839862
deal:0.018623248541019825
move:0.019982062799847555
actively:0.03185541120412467
new:0.009740110536065237
does:0.006884117595127261
lot:0.01400312648737509
jimmy:0.03000282999642812
alchemy.chem.utoronto.ca:0.030577873467105755
1:0.011065106734037902
first:0.010607654403339216
fans:0.023237291635861346
him:0.06769817241139288
article:0.004578151866195486
already:0.01641687187173645
dumb:0.029054350489992185
give:0.013351617352293822
assistant:0.03160793875972697
s:0.003505289722350386
