some:0.00589665088451189
at:0.004449318244719349
louis:0.023804048927262424
there:0.004635247401904786
tried:0.015645778045639755
curtis:0.028552755861083877
own:0.011446922401757553
with:0.008861020860447688
hawks:0.20567798476010699
from:0.004275617446617049
to:0.0034803009093202796
line:0.014261635094979741
beach:0.026820711663473624
trip:0.02597282846832635
been:0.022230914957900597
bunch:0.020485873844213767
sweep:0.03083550901130134
that:0.0035040871256007762
puck:0.02784023768805405
playoff:0.02351371008424383
like:0.01764604641679808
saint:0.028950639082564254
hot:0.021129384781623295
could:0.0076217634107376645
anything:0.011723440153128303
re:0.0075543535914781934
master:0.024017697309538632
charles:0.02078915482289816
contact:0.017576122722124082
goal:0.021182455375554684
game:0.030020294019297858
sunday:0.06769427264904346
hull:0.03190272665608521
on:0.007681951897564999
them:0.007403329149152732
fun:0.02078915482289816
seconds:0.02337456891369721
onto:0.02199072058769872
a:0.005642440912510688
was:0.004472025929804978
said:0.01106820620537087
ice:0.023627850649482418
l:0.06676688037885582
those:0.009373311385290708
play:0.01617130420596183
z:0.025207424942431392
wild:0.023864174697496354
it:0.0034631861589896162
not:0.006090000086625909
have:0.0051641476075520495
shooting:0.024080437309531345
domain:0.022541429540305927
real:0.038751422030276476
b:0.015459133063203243
has:0.005377648858012884
feel:0.015385235779021102
crowd:0.02704274764034795
his:0.01863059637884098
down:0.011941240287642213
if:0.0033845980796131784
of:0.0029460694782687674
even:0.008480603271545584
but:0.0033600162739919714
blackhawks:0.03236925857593882
well:0.008499332879562348
launch:0.023265951715611535
must:0.011704345593330796
they:0.01884686110116654
pick:0.020303305591101085
in:0.003589488927161424
wash:0.02966064893418642
blues:0.13953566386325056
better:0.011294019552027289
and:0.006748944195544265
for:0.001643176075313505
enjoy:0.023347194835569234
subject:0.00013483311561625404
cec1.wustl.edu:0.0635126499094103
i:0.0009641348850777523
back:0.010638165252866353
games:0.016817526725296596
any:0.005168117506509128
will:0.022895057472793627
joseph:0.0825090632049243
the:0.00837503344432281
wrong:0.01335061644863566
see:0.00893629172429887
joe:0.02009832942890372
last:0.011010921980098475
just:0.005931255371039828
long:0.012021773965194873
here:0.009092933866784829
about:0.004974829193544806
e:0.047134692364451926
head:0.017438685532604463
atmosphere:0.027334765675139996
checking:0.02454289788289241
eating:0.025247036949810314
fat:0.02751844064569997
chicago:0.021326765337393347
arena:0.02878770543499748
very:0.008804255009007311
little:0.011845144959083153
u:0.01909920951309604
s:0.015667582849899452
