tv:0.05051548075002217
explains:0.07459473547295566
b.c:0.07756998282381178
percentage:0.06007416430426287
ever:0.03524562742439814
to:0.001837598880121108
player:0.0518301737740827
been:0.019563205162952523
that:0.013876185017379073
trivial:0.07578956425548482
this:0.02099929753485676
goal:0.05592168219146436
game:0.03962678810547317
on:0.0067601176698572
you:0.014821306384232584
dont:0.06488488880133944
regular:0.05396056869007548
more:0.01695225367760968
a:0.005586016503385581
how:0.017538173296388324
hockey:0.05243071677974008
wondering:0.04798578002476396
interview:0.07139285377051859
assist:0.07517877044173422
stars:0.06644383997545815
results:0.048841116651579475
care:0.042213559216985296
it:0.004571405729866293
have:0.006816674841968705
tom:0.1518291289389902
between:0.030971544613952077
after:0.051445698337732035
has:0.014196992985154014
nonsense:0.07010843898467281
usually:0.08794001979164302
talk:0.046127916901827035
which:0.017225231100233572
noticed:0.05408270694872434
get:0.017524986337214967
if:0.008935338930178791
of:0.0025925411408765156
explain:0.04793410037350139
they:0.03731678498030975
in:0.00236906269192654
or:0.026972458308123413
subject:0.00035595942522691063
victoria:0.08078547691470363
everybody:0.05437212399648252
than:0.01907468376292615
the:0.0010050040133187373
can:0.01152754656583618
thinks:0.060398592313056616
an:0.011971975180823158
just:0.015658514179545148
about:0.026267098141916575
is:0.003582301691875519
else:0.03368736300450743
players:0.049491652173838566
periods:0.0736748305197963
