since:0.020008216234036813
join:0.04585605030493252
round:0.044006826919992394
such:0.019230172034677986
cup:0.043792685974954226
to:0.0027563983201816617
ii:0.03671399805110118
adirondack:0.06752057949162717
been:0.014672403872214393
that:0.0034690462543447683
playoff:0.046557145966802785
86:0.04780505369494066
champs:0.17006139397876185
could:0.015091091553260574
toronto:0.040171002951405826
89:0.0473111261416449
workers:0.05512367062234702
contact:0.03480072298980568
management:0.045298944234792464
state:0.02657713386940616
apparently:0.037886610562516625
other:0.013793079878319108
hockey:0.11796911275441517
wings:0.045701008439572866
as:0.008001141602170185
red:0.036126189549425515
said:0.021915048286634323
team:0.032032245686944974
play:0.032019182327804416
leafs:0.14949863994478083
have:0.005112506131476529
strike:0.10536778848035301
second:0.027496957766522667
has:0.01064774473886551
public:0.02963744598060594
list:0.029116285969215797
boston:0.0416977713534954
ahl:0.24327601147309882
mailing:0.04413754773566592
they:0.018658392490154874
over:0.020059407525193577
in:0.005330391056834714
st:0.115102417287579
66:0.051157125838086924
and:0.0038179741449078986
for:0.00650697725824148
subject:0.000266969568920183
forced:0.045397954944619574
back:0.021063567200675374
games:0.06659740583217452
the:0.0037687650499452652
home:0.08788089155584045
return:0.036903677078169286
ny:0.04201193331582919
bruins:0.05063976909409504
is:0.002686726268906639
division:0.03962567416120333
maple:0.056384077831300665
90:0.04031959409544333
91:0.09345232814965762
their:0.03027367237163428
cities:0.048526678157422974
fans:0.041130006195474585
falls:0.049452606025701215
81:0.05160969175396813
playing:0.040053699553550925
high:0.027973238256415213
john:0.08044435198745536
s:0.01861308842568055
