out:0.006849866855118953
stopped:0.026195129783835553
know:0.014347385182073277
ahead:0.025125810957318525
true:0.015019074373010735
where:0.010741027896707916
boys:0.03153639415537462
clark:0.0291557364256903
goals:0.026845079818650183
except:0.018746287319789612
to:0.0016025571628963148
that:0.006050662071531572
like:0.006771157345980658
through:0.013775949383865272
nt:0.008303238973516727
stretch:0.06394529047287616
flat:0.02870828851210816
so:0.005940759287121628
had:0.017841959135838782
this:0.006104446957807198
he:0.03697984203535431
something:0.011573612309090249
two:0.010841799027054136
game:0.034558245440819625
you:0.006462778946613045
went:0.01896779805369816
winning:0.02723282036806107
came:0.01755073681673225
3:0.027226348193460693
burns:0.026876421961876208
m:0.00795822507044228
why:0.010347224303220968
sure:0.012686302442786066
a:0.004059605016995335
same:0.011291240410050071
series:0.020856688143998058
wings:0.05314070748787542
looked:0.021656995374881888
was:0.01029605969885332
also:0.008624983323718409
no:0.006545033349898313
play:0.018615803678956055
it:0.005980036565232069
flame:0.0244049622376616
leafs:0.1158904185618456
statement:0.020193019881934917
admit:0.023837774504136922
have:0.008917161857226503
pace:0.036233619127190746
minimum:0.028496848720417026
were:0.009019205217862205
if:0.0038962233707174956
of:0.0011304685207310387
style:0.026690854502758158
even:0.009762554928872243
kept:0.04643925142528109
key:0.018638618437421952
but:0.007735851421516398
2nd:0.050774847099878166
gear:0.059080540322363685
anyways:0.032868870119154694
together:0.020691664194478085
please:0.011136135795960784
must:0.013473607136508704
they:0.027119756526387897
chance:0.0627044917676617
in:0.007231150658496706
minute:0.026002688223217267
star:0.026690854502758158
or:0.003920415451762124
and:0.004439504819660347
still:0.01187040164086946
for:0.0018915631564655464
subject:0.00015521486565126915
cause:0.018334308914779458
rm:0.02989895370191056
i:0.00332962861474526
period:0.022040762986026835
games:0.038719421995450296
actually:0.014211128645936539
cost:0.01930818374622605
the:0.006135198918515548
do:0.008352533940773217
thank:0.02110752503935764
got:0.012861359428084732
can:0.005026546467661124
potvin:0.06556288119918682
may:0.01081991585720832
during:0.01702540412675855
about:0.0057268382576853
is:0.0031241003126821383
win:0.019706252346676403
time:0.009183197499440195
keep:0.015403573163522796
2:0.02265592502436522
their:0.008800486154544849
1:0.011386766813515747
first:0.021832032899895826
although:0.018370578236946267
full:0.017963153976297982
kicked:0.033326898478765826
by:0.005758345783820733
high:0.01626351061419489
s:0.0072143753587909105
