screw:0.0180466184695395
school:0.013128247205040092
go:0.014046442251221135
at:0.0031803791063336863
correct:0.023626118701671108
know:0.013363268508934677
all:0.013777152789116119
happen:0.012208058578221355
anyway:0.01100546506008857
take:0.007674184586049471
ever:0.009543039916353288
with:0.004222580337830667
hawks:0.02100270293063496
overtime:0.020876019465612326
ohio:0.018311970317889417
decision:0.01517958748443064
contract:0.01834269482932591
devils:0.01825129480050176
gerald:0.01828150508812095
to:0.0059705378776498085
caps:0.018598384549790216
respect:0.014755805736224264
might:0.007679007710752513
next:0.009669241962993413
potential:0.015473907367586625
been:0.0052968967047705385
that:0.008766542881015658
realized:0.018909495366544914
think:0.005197646308767348
really:0.021134249926255514
jbrown:0.021792194630869004
re:0.0013499657140006156
sucks:0.04187761108076883
so:0.003688846921967221
espn:0.18046618469539502
this:0.005685730379473852
mean:0.019086079832706576
getting:0.009791341415973596
shot:0.014356073449775221
game:0.02145854951559919
on:0.0018303567698169311
you:0.006019483639805652
regular:0.014610262280706358
suggest:0.013254150920975155
them:0.010583820733084772
bill:0.011175140345457463
why:0.006424991264093886
hockey:0.08517625469632864
price:0.01130015957344391
was:0.0127864423696951
pissed:0.019996517362154742
worked:0.0138778477999074
season:0.01378062970648274
shit:0.017397905710017172
deliver:0.021712848397227213
overall:0.016727849276821704
ie:0.015103314753651306
are:0.0023209797169719336
care:0.011429664047920207
it:0.004950980934873241
not:0.008706281712288303
have:0.009228350417827668
mistake:0.03225864256199905
indians:0.019760478520050584
after:0.013929340705162104
knew:0.02802956724113906
be:0.004176615574999793
writes:0.0023872288484388534
watched:0.017990209379636683
down:0.008535615801274939
were:0.011200745830124904
if:0.007257946784441255
of:0.004211709434636938
even:0.0060619474648592984
but:0.0024017444846585207
year:0.008934154210143147
years:0.008049730768882287
praise:0.020753631192414915
least:0.008691921959229179
fact:0.008658004074472344
they:0.013471763530797744
who:0.004668060917811727
cares:0.01828150508812095
up:0.009700074876190503
over:0.007241663366495877
in:0.002565771868512498
leaving:0.016708175613400895
5:0.00938221258815048
golchowy:0.019715067753960834
or:0.004868674784859822
better:0.00807298148484261
watching:0.015377632107362217
and:0.0027566600324244756
complain:0.018373683073699167
for:0.0046981785258061225
suck:0.03980048420386067
subject:9.637890574735848e-05
firmly:0.020876019465612326
offer:0.01269012136747956
forced:0.016389153409609954
i:0.011715805137804021
6:0.010607760406350883
everybody:0.014721694222874329
we:0.014596504394014114
compete:0.020464668348828142
pay:0.012031920801436401
ago:0.010329118142110629
will:0.00409135503575193
shoot:0.016827858672306673
coverage:0.08354087806700446
the:0.00272112999996048
less:0.009923702370383673
boring:0.020577493415629967
would:0.006733932462847481
returning:0.020814306709802576
because:0.006370838624167921
agree:0.010890090898788589
olchowy:0.019582165323914928
praying:0.021484765719893165
put:0.008979997471288012
may:0.006718503709169064
last:0.015741245863245473
thought:0.009691647672172248
myself:0.0360957624043092
during:0.010571731082319388
about:0.010668045274244095
is:0.001939874562387465
night:0.012086046377559655
time:0.011404404114828258
keep:0.009564673588902242
does:0.008797753172112096
alchemy.chem.utoronto.ca:0.019538929977175882
nothing:0.00922330686462422
fans:0.04454513306369088
show:0.03260002169387905
article:0.0029253894596267187
ass:0.017593094234458602
going:0.023586451451801615
by:0.0035755793314699138
s:0.004479684338310602
isles:0.0224988537540679
