since:0.022866532838899216
believe:0.012415267887601946
cs.rochester.edu:0.07062330007304442
out:0.013464881132348113
there:0.005244451346155128
know:0.007050715003761724
hours:0.022378139294574984
fax:0.017477961942190798
with:0.003341870724511699
way:0.009899273254551677
cup:0.02502439198568813
from:0.004837555739601003
my:0.005429795779030293
to:0.003150169508779042
everyone:0.017471501471503448
besides:0.046286706218707306
territory:0.029931029808759665
day:0.014533160204359269
worse:0.022257516647659355
channels:0.031424542746670565
that:0.0019823121453398673
13:0.022501363168379786
appears:0.022287434442253326
me:0.0061919353165973984
islanders:0.062130070345791766
anyone:0.019119025710187327
msg:0.031350809004751096
espn:0.028565218948928238
this:0.00299989964783668
getting:0.015498294698426777
on:0.005794386574163314
you:0.003175994225192696
assume:0.019837077458795295
8:0.016871378756422094
a:0.0015960047152530229
other:0.007881759930468062
same:0.011097676288734927
hockey:0.022470307191317176
part:0.01399555492807587
buffalo:0.029283437321291076
plus:0.020433713451312403
science:0.019323612720956087
demand:0.02706945673497401
sc:0.030726813050665425
team:0.018304140392539983
computer:0.015318302315230374
are:0.014695117293742297
crap:0.027768535890358267
it:0.0039183477684568225
not:0.0034452000490055134
farm:0.031424542746670565
being:0.011118879599572275
empire:0.030661506217387578
uucp:0.02419216347049185
kind:0.015745866839788913
university:0.01343051486627802
doing:0.015318302315230374
has:0.006084425565066005
usually:0.018844289955352075
2-0:0.035025876204667
be:0.0033054928979284076
considered:0.019673388326926926
sabres:0.09913126957670768
dept:0.02344747137338171
if:0.0038294309700766245
whatever:0.018885489021447786
of:0.007777623422629546
what:0.026298345799903748
rutgers:0.030469947977166758
island:0.029334686864049705
up:0.023030749206040882
george:0.06826824306951716
in:0.0020306251645084627
seven:0.027538399323855753
or:0.003853208329731916
and:0.004363399022751884
complain:0.029082915493798107
gets:0.01907037909938745
for:0.0018591363594975656
subject:0.00015255403938296168
i:0.001090849755687971
rochester:0.1598458617277621
we:0.030805574987747886
games:0.038055660475528295
rangers:0.02666828954255545
coverage:0.07933996534134939
the:0.006030024079912424
putting:0.022971740040217223
got:0.012640878980746138
can:0.004940377099644076
did:0.00939377739110266
last:0.012458071726054273
ny:0.024006819037616683
10:0.01651641004512094
long:0.013601778543477628
here:0.02057601034998167
about:0.005628663887553551
bruins:0.02893701091091145
is:0.00460581646098281
number:0.014298656276558618
solid:0.025746070416112658
night:0.019130484837622995
else:0.01443744128764604
does:0.0069627932247858584
their:0.025948862032829385
every:0.013897991582499407
ass:0.027847354873971615
satellite:0.0279676600693878
demanding:0.03412513938064652
despite:0.024362117580198916
s:0.00709070035264021
