thu:0.030847417193401075
some:0.018338275525654778
since:0.010475505881694666
king:0.02197724348103558
week:0.0180515120649507
at:0.004612382264159325
round:0.023040223518320625
know:0.006460079191928282
all:0.004995119532179535
hell:0.01787110431665914
contract:0.026601709255095692
devils:0.026469155286591557
from:0.004432315468220815
work:0.010602473633457088
to:0.002886280963541007
matt:0.025699615022986084
cobra:0.10118172284071535
brains:0.029442893703376577
then:0.016710789002887992
matthew:0.022441216444091597
thursday:0.05464007946844777
make:0.009215081064658135
that:0.007265018333706321
really:0.010216731639743069
through:0.012405566984423178
talking:0.017066445970483082
re:0.0019578036794668614
espn:0.13086160513252465
had:0.0160671045621166
ti:0.01983592176047991
getting:0.01420000823154286
game:0.17116282820426892
on:0.010617985868885653
a:0.0029246159703589427
other:0.007221507789695868
series:0.037563878123221636
want:0.009908889883309851
kick:0.029000184865533317
was:0.004635922168070082
swear:0.030553755064338023
as:0.004189079372863971
old:0.013863419279279185
red:0.018914235366191367
said:0.011473847270489175
baseball:0.01961924523606706
let:0.012068783993470288
buffalo:0.026830374509036328
pens:0.05259496164309944
promised:0.027975344147595647
mind:0.03172414453413756
are:0.0033660281759226468
no:0.005893956733939843
early:0.018338958632425555
d:0.009538451426057777
it:0.0017950546059684396
cool:0.024035743321855516
should:0.008601110692321882
wins:0.02577549464237125
catch:0.025371142035376534
hope:0.015122835275602332
exciting:0.05828726998434532
network:0.019232930209578936
be:0.006057185938612266
which:0.0067638342016623975
writes:0.003462106759254253
get:0.006881539137649856
if:0.0035086409411696825
of:0.002036027073986792
what:0.009638137204153206
but:0.006966316463355082
seems:0.01233762874021507
mistakes:0.027423718411167235
pacific:0.028093003078758255
well:0.008810826754729554
they:0.024421979699155594
who:0.0067699103363028715
up:0.007033823928546517
one:0.005148224648039909
in:0.0018605204386857642
rather:0.01347373640268515
better:0.011707936498960226
and:0.003997878685767433
subject:0.00013977464341370836
showed:0.04476184187183179
i:0.0029984090143255746
morons:0.030949082564380666
person:0.014686881879967806
will:0.011867071674379942
the:0.003946350837639021
nhl:0.022341106279448776
see:0.01852759959592855
boring:0.05968550446208901
would:0.009765964880674095
major:0.017154073155590536
home:0.015336979329117009
instead:0.016061436186307024
put:0.013023347118045965
wants:0.018432121270124342
an:0.0047010373746687786
makes:0.014622920849486777
long:0.012462362539835523
people:0.007881011204571296
about:0.005157152776554302
chopin.udel.edu:0.02976030010032126
changed:0.0197869905436305
is:0.0028133259360278943
tuesday:0.02629748082154972
new:0.009026175732374592
expected:0.021724441171300176
their:0.015850090246928943
matter:0.015816246135604936
experience:0.017341480496309677
first:0.009830129996811734
change:0.015560257109478993
show:0.04727856549321726
e-mail:0.014396312966765794
article:0.004242580525217807
ass:0.02551459216201588
u:0.01979918054237181
past:0.017295887156562113
s:0.006496714982785532
