some:0.006709982040996288
penguins:0.02987764082402104
believe:0.012486620001898508
king:0.024124445430332157
there:0.0052745918711330315
know:0.014182472708716113
4:0.014277410943555627
hell:0.01961713174989595
devils:0.029055222182407973
both:0.012906345300622056
to:0.003960342414054112
cobra:0.07404486230872273
most:0.01067008887337378
thursday:0.02998923901860208
perhaps:0.01660035366459796
that:0.013955933207134124
think:0.008274413951313536
nt:0.00410389972254275
me:0.006227521151750257
re:0.002149083349299831
anyone:0.009614452584145927
abc:0.03160514356705373
espn:0.11491754749568832
had:0.008818439572885833
this:0.006034280900820908
two:0.032151541942298474
game:0.051241536343284266
fair:0.02426838814255105
sunday:0.025677137901361308
on:0.008741531469642929
you:0.006388494131134734
tell:0.013850718698979613
a:0.0008025885780726408
other:0.00792705740133282
series:0.020616956096365897
as:0.013795071727879627
also:0.01705169116873065
far:0.014306770529433343
are:0.007389785995416385
sake:0.028639586196318168
those:0.010666181921192874
not:0.0034650000492871544
should:0.01888289818659172
have:0.002938221914641683
being:0.01118278120646637
only:0.007664001369363716
campbell:0.06430580644220314
against:0.014846441334240498
robert:0.03672887389606556
exposure:0.03153098606799679
decided:0.02144616702884112
writes:0.0038003585690664504
were:0.008915536192369535
of:0.0033524238890644594
trying:0.01549613921303676
what:0.0052898971436588
wear:0.028169298735124877
again:0.014033730678781713
fact:0.013783144417407122
well:0.009671654656053706
they:0.02680803518700413
in:0.004084590848149206
5:0.014936051074239556
or:0.0038753532051901455
and:0.001097119007157442
for:0.007479284204875264
subject:0.00015343078673573735
i:0.004388476028629768
draft:0.028378308184382778
6:0.033774133707576946
info:0.01692756011145056
games:0.11482311350374916
addition:0.022789451843341343
coverage:0.026598647384551994
the:0.0038987224654606187
do:0.00825652780352295
nhl:0.024523858042383426
thing:0.013011105948994003
regularly:0.028551167122528052
rounds:0.06840551844149892
would:0.010720110874762942
can:0.004968770071481111
conference:0.025047721086381484
7:0.036684235964727654
an:0.0051603341296651535
just:0.006749359560148769
about:0.005661012530585469
chopin.udel.edu:0.03266791562736414
different:0.014524235046041653
is:0.0046322866705286875
night:0.01924043015278175
pitt:0.03313541930238686
does:0.007002809277801869
goes:0.018523144804544117
first:0.03237163498950071
guess:0.017219294614572722
show:0.08649622614180554
article:0.004657085519060925
going:0.02503236418447911
by:0.005692157901248081
especially:0.017961469583318054
dominated:0.034692171912360424
