screw:0.10414402741796754
damn:0.0896216011950543
with:0.012183903683115569
my:0.019796130444381277
been:0.030567508067113315
quite:0.05533748712727919
like:0.024263313823097356
charles:0.0857552636444549
espn:0.3124320822539026
this:0.02187426826547579
game:0.061916856414801824
bashing:0.12530122929233203
a:0.002909383595513323
hockey:0.08192299496834386
science:0.07045067137848574
lose:0.0875988694414018
computer:0.055847977190944066
have:0.0106510544405761
chuck:0.10381849996165335
exciting:0.1159673809063537
which:0.02691442359411495
tech:0.09447568135666308
of:0.00810169106523911
they:0.019435825510577993
up:0.02798875771567468
one:0.020485643911992132
for:0.006778101310668208
subject:0.0005561866019170479
i:0.007954112801891455
will:0.023610528018818425
the:0.003140637541621054
agree:0.06284489956175915
agreements:0.12441457065860712
quickly:0.08843080090672203
decisions:0.10365762400136354
just:0.024466428405539288
time:0.032906457706327365
02:0.12047202899947113
virginia:0.1016719952554401
fans:0.08568751290723871
show:0.062709763952809
while:0.04521546887246922
