thumbs:0.02461967632028441
since:0.007971400890054508
go:0.007750726102765447
week:0.013736409579305112
out:0.009387865331318405
there:0.0036564899823790732
know:0.009831674308034277
all:0.003801067054367694
switch:0.03388138184868666
hand:0.012578643248815432
your:0.015058950862724253
with:0.0046599790979246795
missing:0.01720178272266633
overtime:0.04607695133047501
hell:0.027198254378341797
miss:0.01922637675580123
into:0.014269353808624593
proves:0.022289263587536547
scheduled:0.02038132503509439
wrote:0.010261254879254427
im:0.023550895497198035
my:0.003785714188566937
to:0.004392666645707827
caps:0.02052491043940992
then:0.012716178085862973
us:0.01641335765884459
bunch:0.016160171399021216
that:0.006910450705866072
view:0.013567126505118054
think:0.005736047918440459
nt:0.0028449344690136993
re:0.00148980279991303
started:0.013064720621469742
so:0.008141917110636812
espn:0.05974796792106504
national:0.012964836354531925
this:0.002091563499487725
opening:0.019585046682724414
game:0.059203368683475845
on:0.004039910958081991
you:0.008857354412887998
american:0.012856714013498867
went:0.012997853646358899
am:0.006511300225901855
m:0.005453445068191522
a:0.0044510091660442865
other:0.021981003790149972
hockey:0.07833274419283875
sorry:0.012659030616488544
beating:0.02107260362916531
as:0.006375411635195366
pissed:0.022067869758234514
shit:0.03840015841971917
baseball:0.08957631490252131
ice:0.01863870290277896
jason:0.03633383803811191
stuff:0.011647077899098095
are:0.005122799853396219
hey:0.015355135400920993
ot:0.01991598930702168
it:0.0027319157748204935
should:0.0065450682957509144
have:0.002036855032460768
due:0.013207738983659293
indians:0.02180738067750602
able:0.010507829586098283
after:0.007686110309422117
feel:0.024273120990009382
shows:0.015395277440716778
naturally:0.02045247092115019
be:0.002304626522460045
get:0.005236549702355069
were:0.00618049122498924
if:0.00533984398217856
end:0.010773838257272945
of:0.006197309500103223
what:0.01466840004775508
canadians:0.022970370353049056
but:0.007951592297813668
whalers:0.025166294334282358
they:0.014867245012075597
up:0.00535243175439197
now:0.01316266452492625
pick:0.01601615341449408
in:0.00212366177563136
point:0.008771059606613788
5:0.010354075246683995
and:0.0022816578555226487
for:0.00129621060921145
subject:0.00010636237805584979
each:0.010143463734504444
i:0.005323868329552847
mighty:0.02252368789041676
games:0.013266415504417234
exist:0.014488145321896833
warm:0.02107260362916531
the:0.004504500059695536
do:0.008585473134340597
see:0.007049345662992733
when:0.005209858338022852
can:0.0034444860256482605
fan:0.047803457993900476
americans:0.01706142936854783
instead:0.012222049050138014
forget:0.015295670659021888
last:0.00868590658191035
sport:0.039958459483814594
an:0.0071545668411293764
problem:0.008428546980261293
about:0.0039243672522783725
head:0.01375641328866806
andy.bgsu.edu:0.04742055860087973
language:0.01624665059655852
is:0.006422453232446149
1/2:0.01889734651273639
patch:0.02107260362916531
lot:0.009874714694284425
their:0.006030612026221968
goes:0.012840745800759668
innings:0.0228375559296722
1:0.02340865209471763
first:0.007480298125063909
too:0.007778955648862536
fans:0.0163864566515835
show:0.02398461091422177
supposed:0.014536633511618966
article:0.0032284178498669363
ass:0.019415486465916464
november:0.021377544175469426
april:0.013554397856127937
give:0.009415283949625524
bad:0.010918729269905912
before:0.008470893494910934
going:0.017353113020316197
teeth:0.02234658923475607
by:0.003945958067000661
