say:0.014941299009980657
k:0.029831976820879232
all:0.015024690246398286
watch:0.030269006618695665
with:0.0046049399747208454
much:0.027514911331652462
cup:0.10344728970461628
to:0.004340784756191593
bet:0.0339659158662174
near:0.02838406124001201
death:0.026420601449105685
day:0.020026008155613166
next:0.02108960648621398
that:0.005463064967472076
pittsburgh:0.0348233496318799
like:0.009170386326839947
re:0.00294441340770213
sight:0.041730752915362435
he:0.012520733917482168
you:0.013129109986032799
seeing:0.03156133594849155
m:0.01077806859933915
a:0.003298828643731642
how:0.010357188954560033
richard:0.029417933187234478
same:0.015292073626209546
hockey:0.03096302172031894
as:0.03150055748885899
season:0.0300569640054781
worth:0.027678453691274314
stanley:0.11681717958827058
pens:0.039549754621385796
stuff:0.04603805594761609
andrew.cmu.edu:0.032084877218324884
are:0.010124588686633473
deleted:0.055328810976351755
have:0.004025595379115377
follow:0.0297400969481676
opportunity:0.03623112903512906
electric:0.041165195950234434
his:0.014523063318939029
glad:0.03652829697200187
be:0.0045548130483265455
which:0.010172380571004077
writes:0.010413580960906494
get:0.010349401380245057
if:0.005276774958767002
of:0.0030620564656021836
future:0.027594537986754725
up:0.021156856226021804
tim:0.03210952204516684
in:0.002798105541645519
substitute:0.045669678225877815
watching:0.03354018971448294
and:0.004509418281387282
for:0.005123604140347622
subject:0.00021021225899227005
i:0.003006278854258188
will:0.02677099239929018
the:0.0053415567637019505
do:0.005656046605562966
ulf:0.20086187400697028
can:0.013615212479334069
because:0.013895451172397747
william:0.032060309286543444
come:0.018907036806845735
satisfied:0.04271070704507429
willis:0.049738109274841506
about:0.007756032915920248
bruins:0.11962150179707488
is:0.006346597485606234
division:0.031201318237167975
almost:0.023795219923343054
meet:0.033780636359050514
give:0.01860815961697643
close:0.02736152138716961
going:0.017148154992517185
while:0.017089311069909626
plenty:0.03670328230101534
s:0.0048853250461103805
