some:0.004926315928832717
join:0.019348544432460976
out:0.004971211388525147
there:0.007744970342423185
geoff:0.02470091289433231
watch:0.03244020118628143
with:0.00740287818720946
though:0.01048752827683831
ca:0.00867742023667646
cup:0.018477926571710643
scheduled:0.021585285163749756
both:0.00947554465108961
angels:0.021698818720373908
to:0.0023260745317988706
playoffs:0.01939272713232298
us:0.017382923090168742
ii:0.01549113841818615
t:0.010870350443039838
adirondack:0.02848969598802834
approximately:0.021855111005945005
that:0.005854930387079777
think:0.006074886192103608
bit:0.011498245561416454
86:0.020170908732042473
nt:0.009038969009144792
champs:0.07175586243829614
re:0.0015778080285998755
so:0.00862287423953519
espn:0.06327738374762584
voice:0.015301663719139949
had:0.006474297407941498
89:0.019962500481706703
off:0.009212900624288398
contact:0.014683849362787204
game:0.10032098254550167
you:0.0046902868304533486
am:0.006895933994520529
state:0.011213980535614414
3:0.019759206283861765
why:0.0075093779753333595
more:0.005364637239749898
a:0.0023569689887702867
how:0.005550054840629216
air:0.01626218981278974
hockey:0.08295999490465202
want:0.007985645433384732
wings:0.019283125923870405
was:0.014944491714791317
as:0.01350403645935896
pissed:0.023371457001336974
red:0.030486235906688194
season:0.016106474382682354
serving:0.02398403932135595
part:0.010334270516511717
baseball:0.06324516185803895
andrew.cmu.edu:0.017193162053701517
skip:0.024860154784555295
are:0.008138118754445893
ot:0.021092461249208615
month:0.016767103330747924
it:0.00433994214860724
have:0.0064715267487044665
involves:0.022100971377776123
mlb:0.025110886516499602
money:0.013081096062148226
per:0.01492331272393678
sports:0.020251794454015974
bb:0.023790750139789308
love:0.013806824642115816
call:0.011210785223623237
list:0.012285352729626917
boston:0.017593996351685823
writes:0.0027901366709601784
showing:0.0181182460659317
get:0.011091763504566431
certainly:0.012977878806985825
if:0.0028276389019553133
whatever:0.013944981344950896
of:0.0041021220583489166
ahl:0.07698607958009455
even:0.007085060961038082
mailing:0.018623437863150176
but:0.002807102203588229
selfish:0.07698607958009455
partly:0.024942087636273022
seems:0.00994298349949822
well:0.0071007084816596825
must:0.009778314039997878
they:0.007872739447322731
now:0.006970102944633941
one:0.004148991172049039
in:0.0022491101505631703
our:0.009408335118060732
u.s:0.01488498903374978
rather:0.010858580813978325
66:0.021585285163749756
and:0.002416439332220189
for:0.0027455600245744637
enjoy:0.0195052513816148
subject:0.000112645387730035
i:0.004027398887033648
we:0.01706004943941734
paid:0.017451435180473235
than:0.00603629233003992
coverage:0.03905624172921558
the:0.003816470936653433
wrong:0.011153679564682955
do:0.006061754589928242
nhl:0.018004857803268843
see:0.00746576270637627
when:0.011035227365769923
sox:0.02231739878025524
would:0.003935230574280068
can:0.0036479577739987903
fan:0.033751527303710324
because:0.01489217129868788
instead:0.012944026631158824
may:0.01570485677164414
ny:0.01772655414170008
an:0.0037885997407668213
just:0.004955226006185172
people:0.012702726920448246
bruins:0.02136699117894305
tuesday:0.021193328425805888
division:0.016719693738904355
right:0.008185120648904217
90:0.017012486960102668
provided:0.017037828833774447
91:0.03943136208846312
their:0.006386850711315248
chicago:0.017817297623645072
nothing:0.010779983128695816
fans:0.08677216496935565
falls:0.020866078491857048
article:0.003419126077285236
replaced:0.018251677240743985
81:0.021776241246400055
realize:0.01651270573473054
understand:0.012642013767660984
high:0.011803054116630891
while:0.009157563315943132
s:0.005235749205536019
