simply:0.021094091999195787
week:0.023778198651072988
lead:0.026649756121516627
with:0.004033292253721016
beautiful:0.035403932422128956
to:0.004752410896864934
caps:0.035529327726150965
montreal:0.03400307252955159
3-0:0.04316952733837878
sweep:0.08421283840327813
playoff:0.0321083765288295
tie:0.036550383587938134
islanders:0.0374922838293571
so:0.0070469696371373795
brad:0.03296900254823494
goal:0.08677502409020331
two:0.012860616776919388
game:0.08198645814925483
on:0.006993225175714344
set:0.0182718247181098
came:0.020818805051572048
beat:0.02997194604984711
ray:0.02991564735578393
a:0.005778637762123014
series:0.07422104194691723
was:0.006106628511044039
as:0.005518028691151851
40:0.026375911641550336
ice:0.03226423743860358
minutes:0.027483912055431544
injured:0.038389201955206745
taking:0.023496207132080036
square:0.034982177779692196
early:0.024156835164091593
ot:0.10342579274611949
it:0.007093560615309765
not:0.004158000059144585
should:0.011329738911955031
have:0.0035258662975700197
won:0.05960882047805222
only:0.00919680164323646
lafontaine:0.08932144237978701
left:0.0201683116103487
after:0.02660984396779243
be:0.007978775960516845
which:0.00890960229322426
sabres:0.11964118742016443
get:0.009064648105456015
down:0.016305969496228676
were:0.010698643430843442
of:0.0013409695556257837
2nd:0.030114736900617393
seems:0.01625163509917985
well:0.011605985587264446
up:0.018530487866929443
now:0.011392513088815477
over:0.013834074155305916
rest:0.022528488506709025
in:0.0036761317633342856
lying:0.03380315848214985
ended:0.03426140054703366
and:0.002633085617177861
for:0.0022437852614625793
subject:0.0001841169440828848
however:0.03306343316133673
back:0.014526598069431292
will:0.00781589893036748
the:0.007797444930921237
habs:0.04118551304560787
may:0.012834658809929868
injuries:0.037244476869177354
7:0.02201054157883659
an:0.01238480191119637
problem:0.014590105462383339
record:0.026597575153355826
quebec:0.03626298568172732
bruins:0.03492397868558278
is:0.001852914668211475
headed:0.03942045529293753
tonight:0.03351375021250136
their:0.020878394739058122
first:0.012948653995800283
him:0.016527691747333158
fuhr:0.03976250316286423
shoulder:0.038107670958515326
by:0.020491768444493092
while:0.014967879350886362
dominated:0.041630606294832506
periods:0.038107670958515326
3rd:0.060879376187125404
s:0.008557741804910597
isles:0.04298056889570213
