another:0.01847921108657149
go:0.016211935431617724
at:0.007341375103786925
out:0.019636284984674332
there:0.01529631642628579
till:0.041657610967187016
with:0.009747122946492456
though:0.020712868346755665
overtime:0.04818881159978845
ca:0.01713790496743601
into:0.029846731716373105
someone:0.018362150955525167
to:0.0034454979002270774
line:0.02353169790671657
besides:0.03375072328447407
hole:0.03889125558289336
most:0.015471628866391982
been:0.012227003226845327
guy:0.02821942289124058
think:0.011997900229404626
nt:0.005950654597686987
scott:0.03185064210976255
islanders:0.0453031762938065
penalty:0.08076480214594862
he:0.013251110062668627
game:0.024766742565920728
on:0.004225073543660749
serious:0.02997494697532892
came:0.025156056103982888
a:0.0023275068764106585
series:0.02989458633973055
was:0.007378842784178213
as:0.006667618001808487
bring:0.03161139122740896
defenseman:0.05239793617526349
minutes:0.03320972706697978
across:0.03215970101528202
it:0.002857128581166433
have:0.008520843552460881
ve:0.015209447491895286
survived:0.04833374278905402
his:0.015370242012543806
heard:0.022522061328498953
be:0.009641020952291189
stick:0.03521941087378718
of:0.003240676426095644
even:0.013992995398050214
but:0.005544026852086752
years:0.018581461858169945
again:0.02034890948423348
nearly:0.03575117347999513
must:0.01931217022899581
up:0.011195503086269872
good:0.013500082094662493
in:0.004441992547362262
and:0.003181645120756582
for:0.00813372157280185
subject:0.00022247464076681915
al:0.03175011817268526
i:0.003181645120756582
back:0.01755297266722948
stupid:0.0321807182605546
later:0.026628433574647527
the:0.0075375300998905305
do:0.005985982657554139
major:0.027303566439314933
once:0.022358593291040885
instead:0.025564452596538677
put:0.02072882749622316
last:0.018168021267162483
10:0.02408643131580137
nose:0.04248473561798152
is:0.004477877114844399
regulation:0.09581259733831553
solid:0.03754635269016429
night:0.027898623721533535
else:0.02105460187781714
time:0.013162583082530946
2:0.01623674626746174
insert:0.04324283376969591
dave:0.02921895559478827
backed:0.04490627588556271
john:0.04469130665969743
s:0.015510907021400459
isles:0.15580456224692021
