at:0.010243779214586407
out:0.013699733710237905
louis:0.05480467078602279
there:0.010671848669501714
checks:0.06539061275982472
know:0.028694770364146555
where:0.021482055793415833
into:0.02082330119746961
dennis:0.06307278831074924
my:0.011049003038724433
to:0.004807671488688945
been:0.03412186947026603
that:0.004033774714354382
think:0.016741256134052966
nt:0.008303238973516727
re:0.004348145381141518
mean:0.0307374657770914
these:0.057789626968567764
you:0.01292555789322609
other:0.01603846497478966
want:0.022006953112932343
wings:0.05314070748787542
as:0.009303653025779283
are:0.014951427479098268
place:0.03162125136414448
not:0.007010581495069359
have:0.0059447745714843354
only:0.015506235328712634
ve:0.021222484872412028
hiding:0.06785775834056468
writes:0.007689097569971655
of:0.004521874082924155
andy:0.052114049265251254
they:0.03254370783166548
one:0.011433847764832819
in:0.006198129135854319
door:0.0491857243736391
and:0.004439504819660347
for:0.003783126312931093
subject:0.0003104297313025383
i:0.00665925722949052
any:0.011898689142893108
allow:0.04077063571365805
ways:0.04149230675905924
the:0.005258741930156184
do:0.016705067881546434
putting:0.04674481984927924
marshall:0.06873575313717101
can:0.010053092935322248
joe:0.138818693962428
sp:0.05487367933857877
people:0.01750317604736183
checking:0.056505741637356936
fans:0.0956511771987781
arena:0.13255734130533722
article:0.018844950705037233
checked:0.05233449012274677
says:0.029779380749157768
s:0.0072143753587909105
