since:0.01923866945580463
mark:0.02888099965665568
there:0.008824797938241803
stations:0.1055075303044508
all:0.009173729140829723
own:0.021793179187961493
with:0.005623340161437955
times:0.027023809052817566
to:0.0026503830001746746
add:0.03304058092742037
might:0.020452741691138903
next:0.0257536540745113
that:0.0033356213984084312
nt:0.0068661399204080625
could:0.014510664955058246
happens:0.03592382225748826
re:0.0035955817574824093
happened:0.03242597018017722
this:0.01009581612252729
on:0.009750169716140192
you:0.005344221052006941
regular:0.03891387165149675
28:0.04252466733893026
a:0.00402837728609537
as:0.0076934053867021
season:0.036704177198997295
also:0.028528790993837816
course:0.023520690383654033
anywhere:0.040637781777446744
are:0.006181840207704092
it:0.006593373648845615
not:0.0057972116209227395
have:0.0049158712802658934
being:0.018709653172357194
probably:0.02295407418297316
only:0.012822463829512371
stay:0.03796824584861714
moved:0.042871205189730234
states:0.03320057437938157
network:0.035322016057976705
be:0.011124254944951372
which:0.012422041658822287
boston:0.12028203275046752
of:0.003739242030110359
year:0.047591552234801
up:0.012917888176465237
pick:0.038654370259980905
over:0.01928789185114767
in:0.0017084586720624085
england:0.04740812996908635
subject:0.000256701508577099
station:0.1590765437604676
outside:0.034661305552706974
6:0.02825336185153072
the:0.007972387605653445
watt:0.05804267223798763
radio:0.06898750693783974
conflict:0.045433717212541136
last:0.020963101462110556
an:0.008633635947709007
problem:0.020341973961976772
during:0.028157399132716063
different:0.024300162480877383
bruins:0.24346042833699538
is:0.0051667812863589214
new:0.01657691889311103
too:0.018774210267927853
whenever:0.045608018987469565
happy:0.03652014508158674
s:0.01789720040930822
