hmmm:0.02534644428224429
at:0.004494719451298117
out:0.006011107648369693
stopped:0.022987562871529157
know:0.006295281253358682
posting:0.016832594678348165
all:0.02433846506750743
50:0.0176080780057573
where:0.02827739997296574
with:0.005967626293770891
hell:0.017415208798377015
cup:0.04468641426015737
from:0.004319246196072324
post:0.026352834739093677
mechanical:0.026985834239390265
to:0.004218977020686217
everyone:0.015599554885270935
playoffs:0.023449369032451768
engineer:0.022747986427203794
that:0.0035398431166783345
think:0.007345653201676301
r:0.015817447789434336
like:0.005942036038309556
nt:0.01092977375085365
re:0.005723579124155671
so:0.005213319374412857
mean:0.026973694457447555
posts:0.020525599347799343
something:0.010156435291650626
on:0.002586779720608622
curious:0.021868736432762728
regular:0.02064817679467174
great:0.012863523922105493
nelson:0.027094392394733553
m:0.013967497062408898
why:0.009080217245683706
sure:0.011132877653873486
a:0.0035625105251183547
how:0.0067110357001485925
hockey:0.020062774277961763
beer:0.02720531069389889
wondering:0.018361905621720902
kick:0.028260384231208482
was:0.004517658847456049
season:0.01947568586069244
stanley:0.02523092144168429
gold:0.026378936571730235
sig:0.02407722664856007
course:0.012480366326020504
others:0.013756776648308142
team:0.01634298249333927
are:0.016400800551051673
no:0.005743600694808723
those:0.01893791483966898
d:0.009295123583556303
it:0.00174926239663251
have:0.00521684299130258
real:0.013048948234684934
doing:0.013677055638598546
b:0.015616879318950212
boston:0.04254874627907694
writes:0.003373787709273277
po:0.026623099945085518
even:0.008567140039622579
but:0.0033943021543388274
robbie:0.03166078695303391
saying:0.015390587647777749
whalers:0.03222826468318812
well:0.008586060766088493
they:0.009519588005181058
who:0.00659720854200943
up:0.006854389644655023
now:0.008428134683052266
over:0.010234391594486518
one:0.005016892386610319
yankee:0.03046887444700582
in:0.003626116365193683
our:0.01137640521928772
or:0.006880729160235564
and:0.0038958919845998963
still:0.01041688307259973
for:0.0033198863562456525
seriously:0.0197803758336599
subject:0.00013620896373478723
space:0.015599554885270935
i:0.009739729961499742
person:0.014312216525886993
we:0.006876244416908009
rangers:0.02381097280585308
champion:0.03286685214723917
offense:0.025385540571762497
alan:0.02245246271428183
caught:0.02303685833536455
will:0.005782170127057573
the:0.004614814346871753
wrong:0.013486847228723777
do:0.0036648873413596766
see:0.02708243512364045
fan:0.020405897885151392
maybe:0.01350976062419553
7:0.01628330882107809
just:0.02396711354012012
during:0.014940660764298317
here:0.009185718906241817
about:0.0050255927567442425
busy:0.026055622214931313
bruins:0.10334646753896945
win:0.017293241855246638
their:0.007722875605008744
first:0.009579361374444087
nothing:0.013034979599494432
fans:0.08393878815402975
psuvm.psu.edu:0.025504659775828782
little:0.03589804135558874
golf:0.029416137543955678
going:0.011111304510457562
black:0.01800792018491805
while:0.011073176050400623
john:0.027362024485529036
s:0.006330982457714472
