77:0.2103431130120328
tl:0.3520368933987275
there:0.011617455513634778
thanx:0.061426174882813885
know:0.015618672476687365
help:0.02708978126635186
all:0.02415361596572889
to:0.001744555898849153
besides:0.05126692144477075
that:0.008782395580619665
think:0.018224658576310827
helps:0.05354395311560712
need:0.024319012550597926
re:0.004733424085799627
greatly:0.04940416645317217
this:0.006645347321157203
hi:0.039886286835625374
am:0.02068780198356159
ray:0.05490846666567936
other:0.017459594782682414
wings:0.05784937777161122
red:0.04572935386003229
steve:0.040596884137144136
it:0.00433994214860724
not:0.007631772260455251
only:0.03376041109542498
hope:0.03656280427392462
be:0.007322294394145206
of:0.01230636617504675
wearing:0.12715997055483533
now:0.020910308833901825
one:0.02489394703229424
in:0.004498220301126341
quoting:0.06821206463629778
for:0.008236680073723392
subject:0.00033793616319010504
steven:0.056791318074038234
i:0.007249317996660567
appreciated:0.04284509011615497
any:0.012953003370744396
the:0.00572470640498015
nhl:0.05401457340980653
would:0.011805691722840203
can:0.010943873321996372
law:0.038061280066379315
warning:0.054305579969612855
paul:0.041455980900114646
bruins:0.06410097353682916
is:0.006801838655459845
detroit:0.060118356983724947
blue:0.05059065351219378
players:0.046985745734656865
removal:0.0721514642548038
by:0.01253715790907805
s:0.007853623808304028
