another:0.016927521606019683
penguins:0.07936961073862077
go:0.014850627876291047
at:0.00672492375919413
there:0.007005946454787385
threats:0.04642671974677458
all:0.007282960539284665
someone:0.016820290951626106
cup:0.03342953127859101
devils:0.11577729755127451
to:0.0031561812826507575
t:0.01966620652672093
perhaps:0.022049324714809505
that:0.005296253823427127
think:0.010990442958233246
v:0.029363727587038257
r:0.023665799746023893
nt:0.005450981310858309
re:0.0028545076547951947
so:0.007800080896068092
espn:0.07631928726812888
this:0.004007499529552817
two:0.014235033837048178
game:0.04537418485359523
you:0.012728221131497446
tell:0.018397137813911852
am:0.024951700102310924
score:0.03683832492905426
them:0.011189764668185045
backup:0.03809977205039248
beat:0.03317505478799871
a:0.00426413473540884
y:0.03254481356133443
sorry:0.02425508919647805
stanley:0.03775008093564978
third:0.02788385493639607
mind:0.023127143534428525
are:0.004907720470238363
hey:0.029420908287260836
row:0.042180246480799405
it:0.005234434041831632
not:0.013807099433037364
have:0.0039026764362416247
against:0.019719700703495012
hope:0.022049324714809505
found:0.020416187063030514
showing:0.032778811584929866
get:0.010033389124359712
kill:0.028203298523689968
down:0.018048592190482122
if:0.005115652059262666
even:0.0256360221032981
but:0.015235493639322372
happening:0.034654927438640896
least:0.01837910215806475
shut:0.036023942161204386
must:0.017690537614347305
they:0.0142430477024083
one:0.007506190135691774
in:0.002712667204496038
quoting:0.041135519895171946
or:0.005147415707657139
and:0.004371726120123548
subject:0.00020379356406120838
p:0.025695633890315647
steven:0.03424819944922917
i:0.011657936320329462
games:0.025418857187852868
will:0.04325592919478185
scoring:0.03932635511673198
the:0.0028769198854544007
do:0.010966685784832009
see:0.027013523074979787
can:0.006599740400287888
just:0.008964798194396075
many:0.014146572729603766
e:0.0474944991763943
win:0.07762157412889331
blue:0.030508867385216097
their:0.011554836783066518
too:0.014904716548583942
ass:0.03720066490797735
kicked:0.04375745449120398
bad:0.02092061867745331
conclude:0.04045653145229793
s:0.009472309631389592
