tv:0.025257740375011085
know:0.008225834171055347
technology:0.022451117905446287
tel:0.027102987195322514
all:0.006360452204308608
ca:0.013710323973948809
o:0.02333985989199921
from:0.005643815029534504
yours:0.028175528699029746
to:0.006431596080423877
matt:0.03272417646260228
caps:0.1030350504058378
matthew:0.02857514893880997
enough:0.016214323512915976
tough:0.03195496263514331
that:0.004625395005793024
re:0.004985873370375608
so:0.006812070649232801
espn:0.09997826632124884
310:0.03729736773647783
this:0.003499882922476127
la:0.029055356460202523
he:0.010600888050134902
game:0.03962678810547317
on:0.0033800588349286
set:0.01766276389417281
went:0.02174974176824056
them:0.009772394476881607
working:0.021123593404710716
vs:0.02277741296708895
a:0.0027930082516927903
j:0.04072171546038484
was:0.023612296909370285
swear:0.038905114781923746
as:0.01066818880289358
buffalo:0.034164010208172925
pens:0.06697091782554662
section:0.05479678834164383
play:0.02134612155186961
d:0.012145628149180238
co:0.030433238288603438
not:0.0080388001143462
rush:0.03404601302751025
have:0.0034083374209843524
being:0.012972026199500988
only:0.017780483176923823
p.o:0.03071105626460723
sports:0.03199783523734524
virginia.edu:0.06408197066809872
be:0.003856408380916476
g:0.023566679740076684
writes:0.004408415940117083
get:0.035049972674429934
kinda:0.03404601302751025
if:0.0044676694650893954
what:0.012272561373288417
shop:0.03239662520541798
reading:0.02190881364241994
central:0.030536068090774318
fact:0.015988447524192262
nearly:0.028600938783996107
they:0.012438928326769917
find:0.014109644917822602
up:0.008956402469015898
box:0.021123593404710716
in:0.00473812538385308
truck:0.03428413357819078
and:0.002545316096605266
vcr:0.040392738457351814
for:0.00650697725824148
subject:0.00017797971261345532
cause:0.021023340888947112
p:0.022440853597542335
i:0.007635948289815797
away:0.018459890575491137
we:0.008984959371426467
games:0.022199135277391507
driving:0.02791405727800787
actually:0.01629542751400723
angry:0.07109654528005577
will:0.007555368966021896
the:0.004020016053274949
see:0.011795905076074508
when:0.02615348885687472
fan:0.026663706569931157
home:0.01952908701240899
e:0.020739264640358846
n:0.024406769972029344
bruins:0.033759846062730026
is:0.0017911508459377595
switched:0.03632434165232396
division:0.026417116107468885
yesterday:0.029309086872364824
dc:0.02984749591666121
virginia:0.03253503848174084
falls:0.03296840401713414
article:0.0054022192021106735
close:0.023166088107803604
s:0.004136241872373455
