since:0.022481141835996418
read:0.025471944515706984
go:0.02185878934600143
all:0.010719863265688665
4:0.02791314049638965
from:0.009512047802586241
scored:0.05564889072246381
to:0.0046456151463735865
0:0.04118153133112845
montreal:0.05539826423353911
nt:0.008023354513735264
rec.sport.hockey:0.07238093281863907
re:0.004201578682900792
wed:0.06478160627657656
this:0.02359471633129973
apr:0.04187874468582021
game:0.033393360763039184
you:0.006244932465266538
dont:0.05467827707978042
dare:0.05652714659717545
a:0.0031382115187559437
sorry:0.03570131106447893
series:0.0403073074243558
test:0.1607146001788616
was:0.019898003013514284
steve:0.03603543648128524
21:0.04557531484443062
wow:0.05819844166751647
it:0.0038523081993255275
only:0.014983553238980747
date:0.04019999089644183
of:0.0021847256805139176
ignore:0.2528520309301248
ok:0.03667246281472957
gmt:0.04761009366544983
oh:0.4354673506707605
please:0.06456456259231196
up:0.01509506034103803
now:0.018560835931216227
in:0.0019964011448819156
message-id:0.06352186135387199
quoting:0.06054778771087106
message:0.07297348064179149
for:0.003655605201259258
subject:0.000599931615550973
steven:0.0504102710994272
i:0.006434787884676233
will:0.012733767920261622
bye:0.06860034589031083
just:0.013195377117594224
is:0.006037587121138515
blue:0.044906310420936055
their:0.017007681107659708
1993:0.034041076438316144
1:0.022005886426120322
supposed:0.04099657316198158
newsgroups:0.048160363380016794
