some:0.0064863159729630785
looks:0.019017252635410504
played:0.02253446122863514
final:0.021425824429092195
know:0.006854861809212788
opposing:0.029937517257041805
anyway:0.01693618789802519
with:0.003249040982164152
way:0.00962429344192524
much:0.009706649275332952
goals:0.02565196516004351
finnish:0.10912105894194507
scored:0.02751528485721822
to:0.0022969986001513845
goalies:0.06924647210974232
player:0.021595905739201122
most:0.010314419244261321
t:0.028625256166671578
been:0.024454006453690655
wednesday:0.029099612314071897
quite:0.01475666323394112
like:0.006470217019492629
quarter:0.030772418385093685
generally:0.021481941629017218
re:0.002077447237656503
so:0.005676725541027334
beaten:0.032420928984936453
this:0.008749707306190317
getting:0.030135573024718736
best:0.02705751199957149
these:0.01840706636776603
on:0.008450147087321499
mvp:0.06464165235317648
pool:0.029326401172517762
e.g:0.022551529001062755
vs:0.018981177472574124
m:0.007604526178422623
more:0.007063439032337366
bigger:0.051792409469210536
was:0.019676914091141903
equipment:0.04483286569489544
course:0.013589732221666774
cover:0.021801147490266036
team:0.07118276819321105
are:0.007143459795569173
it:0.0019047523874442887
gloves:0.03419011638003942
fifth:0.02781565830871975
have:0.005680562368307254
due:0.018417458249436015
being:0.01081002183291749
b:0.017005046369523567
has:0.02366165497525669
goalie:0.11873979404868375
disaster:0.030551638781485275
anybody:0.016886639693959416
be:0.006427347301527459
14:0.02074362677642593
writes:0.0036736799500975688
certainly:0.017087540429198005
were:0.008618351652623884
if:0.003723057887574496
of:0.008641803802921719
years:0.012387641238779964
czech:0.07502286610180797
they:0.010365773605641598
now:0.00917730221043469
good:0.018000109459549992
in:0.005922656729816349
chosen:0.027350663759405047
or:0.003746174765017141
and:0.002121096747171055
few:0.012697930560590482
4th:0.028275056730081495
subject:0.00014831642717787942
finland:0.09040432991207391
italy:0.031578985106452004
skills:0.0304091808336334
games:0.05549783819347876
ago:0.01589536514091469
will:0.012592281610036494
scoring:0.028620847334954944
than:0.007947784901219229
the:0.007956281772106671
do:0.003990655105036093
canada:0.04134008436674052
major:0.018202377626209958
problem:0.011753140511364358
rules:0.022886196114270292
just:0.006524380908143811
five:0.022061014516920097
changed:0.020996195521296807
is:0.0014926257049481329
throughout:0.02571202580506693
having:0.014538285513446454
lack:0.021552894771681038
elected:0.03092463490836099
days:0.016545847914167626
their:0.016818706873130154
exception:0.02764203306703028
too:0.010847321488136092
players:0.0206215217390994
meet:0.023834115653330087
by:0.0055024193045398115
seem:0.015331736416087432
four:0.019489145283460966
