sleep:0.023005231199499567
know:0.005765771615225709
own:0.02118215547241117
your:0.0058875337485105724
much:0.008164471353083791
edmonton:0.026489313703856987
supporting:0.022971246342821626
maynard:0.07371214379229618
decision:0.019648344547604144
ca:0.009610040168655706
someone:0.010296533246088877
cup:0.02046387195091319
gerald:0.023663443501913566
my:0.00444025355761823
to:0.0032200914955393244
player:0.01816478052830001
then:0.007457384812036463
make:0.008224675155839736
that:0.009726297909377854
bowman:0.029250380673200575
like:0.01632671584357953
nt:0.023357709635780696
re:0.0017473855270007967
penalty:0.02264433705026597
so:0.014324447626891402
anyone:0.00781735864318407
submit:0.02457071459743206
la:0.020365904060889617
he:0.052013703049727314
best:0.011379327476455299
merely:0.019070322522153533
big:0.012970937167605407
game:0.0138878930276191
hull:0.029517476064976032
on:0.002369200117940607
you:0.01038876615717237
roger:0.020625022306385944
why:0.016632921309850526
a:0.001305144042847098
how:0.006146556061818338
hockey:0.036750502415705655
was:0.02068834425470527
as:0.0037388512159673756
worth:0.016425998218653447
patrick:0.02142806089015538
it:0.0016021281763550091
not:0.005634672977345466
should:0.007676692253427474
have:0.0023890215567647327
made:0.021734388335682253
being:0.009092541728622188
only:0.012462955497843799
absolute:0.021703754071286014
expect:0.016150565809151345
bed:0.026635353626773366
able:0.012324603860330229
real:0.01195137314952452
always:0.012415682700928538
attempt:0.018021721482413995
nonsense:0.02457071459743206
his:0.025856481890260605
be:0.0027030899866236973
writes:0.003090011172979263
upset:0.02416014751429498
if:0.003131544017586024
of:0.0027258026013888595
trying:0.012599664593777551
wayne:0.021834656109733088
what:0.008602262644828329
but:0.0031088001039738795
year:0.011564302412194635
distance:0.02205203936036343
accept:0.016692112012442677
now:0.007719226158309552
pick:0.018785301434757075
over:0.01874710983662951
in:0.003321115923261504
golchowy:0.025519036298351172
or:0.003150988120107875
rather:0.01202562454632179
and:0.0035682001354279424
subject:0.0001247521350094313
purpose:0.01757421258011489
rm:0.0240309347510683
twice:0.021076549575961043
i:0.002676150101570957
morons:0.027622779298115453
stan:0.025820618172825802
20:0.029390956527155326
revealed:0.023782757997264804
convinced:0.02216464474157399
than:0.006685052720651687
the:0.0035222103270516492
do:0.013426503157130778
see:0.008268157763603626
got:0.010337167390797075
would:0.004358175916375589
can:0.004040028002045389
thinks:0.021167730950837595
did:0.007681827305808249
olchowy:0.02534700838656278
ramsey.cs.laurentian.ca:0.051641236345651605
instead:0.014335207063479632
last:0.01018767547691354
imagine:0.018400647450777862
an:0.004195785694213723
thought:0.037634388857827744
gretzky:0.0815572249315778
many:0.008659817885878942
cast:0.026011375156565316
about:0.00920575869459693
draw:0.019732240826186367
is:0.006277397824548222
deal:0.015403341082993032
chose:0.023433582547751082
choosing:0.026561763173651217
win:0.01583867011041281
type:0.015142581823979888
keep:0.012380441981896827
himself:0.01748963294626621
their:0.007073287937297728
matter:0.014116369214488516
alchemy.chem.utoronto.ca:0.05058208975399737
1:0.009151980803386488
too:0.009123915270394843
ref:0.027021763513900062
him:0.02239733928376923
change:0.0138878930276191
lemieux:0.05215346285495063
show:0.01406574144735903
little:0.010959526644385346
complaint:0.027906071923425892
s:0.0028992349572711136
