some:0.008648421297284105
since:0.014820900914101343
confused:0.03579603784018353
out:0.00872723777096637
final:0.02856776590545626
anyway:0.022581583864033587
watch:0.028475287707958145
with:0.004332054642885536
much:0.01294219903377727
devils:0.07489790607020723
jagr:0.09080782719728482
to:0.005104441333669743
playoffs:0.03404500985452257
reactions:0.0413364483368868
worse:0.02885233639511398
next:0.01983985202777167
bowman:0.04636727010418462
bit:0.060557426623459996
islanders:0.040269490038939114
he:0.02355752900029978
posts:0.02980012942347164
game:0.022014882280818427
you:0.004117029551175717
regular:0.059956187433417206
am:0.03631858570447479
why:0.013183130223363012
fun:0.0609815208138346
beat:0.03219209020168764
sure:0.016163289038216323
a:0.004137790002507837
was:0.006558971363713968
season:0.0565516211658625
let:0.017075094390761665
also:0.010988867642070863
pens:0.22323639275182205
andrew.cmu.edu:0.03018355116094267
lose:0.0311462646902762
are:0.014286919591138345
those:0.013747523365093038
not:0.004466000063525666
should:0.012168978831359109
couple:0.02337771699744088
have:0.003787041578871503
kind:0.020411308866393037
his:0.013662437344483384
stats:0.03440446941670524
end:0.020031358537596366
of:0.011522405070562292
relief:0.038725776930961284
praise:0.042583376594806904
killing:0.029978093716708603
disappointed:0.043643382843997075
they:0.0069105157370943976
in:0.0026322918799183775
jersey:0.037894167287471796
massacre:0.03809348175354531
better:0.016564562009640023
and:0.0014140644981140366
for:0.002409991577126474
subject:0.00019775523623717257
showed:0.03166485850933286
however:0.017756288179236395
i:0.007070322490570182
games:0.02466570586376834
any:0.007579905676213388
actually:0.018106030571119147
pretty:0.02131866708829353
than:0.021194093069917944
the:0.00558335562954854
see:0.013106561195638342
put:0.018425624441087255
an:0.0066510973226795314
thought:0.019885825223642316
just:0.008699174544191748
about:0.014592832301064763
is:0.003980335213195021
recent:0.02813403769248164
lack:0.02873719302890805
lot:0.03671930945578357
man:0.021467032139223696
too:0.01446309531751479
fans:0.0609333425118142
very:0.012912907346544053
going:0.0322639360599953
