picks:0.01774307358116954
land:0.01227355662218437
go:0.012008841060457574
andrew:0.0697307066513333
11:0.0954127071017262
monday:0.01560373043129317
54:0.3547737763923896
boys:0.016741542576309984
4:0.038337492348436406
sticks:0.0189945091000219
hell:0.010535126310129306
from:0.0026128773284881963
brothers:0.0316333427853453
kings:0.03221066413109112
ext:0.016855165950145527
trick:0.01533303419543173
awesome:0.0176920572171226
flyers:0.017496028187115417
hill:0.015380518512837534
stevens:0.01830579443547187
city:0.011357362958291333
band:0.015380518512837534
martin:0.014335195590293849
lights:0.015150081695649202
beach:0.0163904349054561
die:0.011628871516766509
playoff:0.028738978991853566
weapons:0.01234430859719035
bay:0.014793964182936716
les:0.018244675215421936
rob:0.01358235398765197
me:0.003344409507421434
expert:0.015735087265919084
scott:0.035389602344180614
dream:0.015380518512837534
wait:0.011331480879969498
muscle:0.017448906359551257
du:0.018496767903737575
blow:0.01504100957699084
game:0.018345735234015354
on:0.0015648420532076849
you:0.0017154289796565488
machine:0.010039504180013415
pool:0.0162924450958432
28:0.01364989321990354
more:0.0039241327957429805
a:0.0008620395838557994
hockey:0.024273479990620402
series:0.011072069014715018
was:0.00273290473488082
expectations:0.018496767903737575
dogs:0.016045399701789077
steve:0.009898622984056749
operation:0.013289401652785483
stanley:0.015263150007932472
ice:0.028878484127145176
pens:0.015502527274432085
stars:0.015380518512837534
team:0.03954598232956169
giants:0.01652612355799041
are:0.0019842943876581033
soldiers:0.014456929331192914
play:0.009882463681421115
rockets:0.01774307358116954
leafs:0.030761037025675068
turner:0.017402493157808847
money:0.009568579526941758
19:0.17702642273991454
after:0.0059543632335338
attack:0.01218733817363019
25:0.011350872062622261
his:0.005692682226868076
boston:0.012869682516510926
considered:0.010626058509914233
tall:0.017448906359551257
of:0.0036007515845507157
department:0.010703936983620174
hammer:0.019152821737020514
heads:0.014977369801673756
again:0.007536633142308697
senators:0.017901386218168155
75:0.3889125558289336
thin:0.01759248665472068
george:0.012291093145231998
required:0.011551794600311631
promise:0.015380518512837534
jersey:0.015789236369779913
or:0.0020812082027873
force:0.011030876909922133
world:0.007781637928187274
blues:0.01705435891661951
men:0.02167653427547742
and:0.001178387081761697
usenet:0.025211102645949085
subject:8.23980150988219e-05
each:0.007858053695557454
theres:0.024374043992178147
draft:0.015240202543464825
power:0.008339059506699203
rangers:0.014404168734404948
walker:0.01504100957699084
research:0.00952880086585425
zealand:0.01681682483903887
circles:0.017223520140369496
jerk:0.0189945091000219
flames:0.013803896217263486
the:0.0011631990894892792
jose:0.01407375516599705
calgary:0.016741542576309984
ross:0.016741542576309984
fan:0.01234430859719035
club:0.014915015766743138
102:0.4970604182761479
ends:0.014602199426433609
county:0.01705435891661951
an:0.002771290551116471
makes:0.008620302105715969
during:0.009038177499390341
here:0.005556792918590728
head:0.01065697449214717
jerry:0.015062517815620756
n:0.022598861085212352
bruins:0.01562955836237501
netters:0.015240202543464825
stein:0.018125952126447253
select:0.01462084854512485
maple:0.017402493157808847
9:0.021980454664352014
cook:0.016560998728527242
man:0.00894459672467654
dale:0.014894507918846014
2:0.02405443891475813
standings:0.05354312399976494
1:0.0060448268269281125
16:0.01076232327723809
x:0.009398641943043524
dead:0.01059037695929363
fans:0.012694446356627956
de:0.012472166750444352
little:0.007238699697217481
33:0.2989253935154178
era:0.015578116842358925
golf:0.01779494740313368
playing:0.012362252948626829
hp:0.01335076390758125
mike:0.00986238280542501
bears:0.018771297181566265
telecom:0.01806826035789123
alberta:0.018700341878403616
beliefs:0.01343877369248255
s:0.04021346264807526
roman:0.015762043068291782
