22:0.003278006766524588
77:0.013074040855980008
louis:0.003708262539416176
played:0.0031913477743149687
29:0.003591648893226212
11:0.00304029475815886
rw:0.10933774768993484
all:0.0007506434544817397
selanne:0.009645205878547168
ron:0.010001490958831712
c:0.06917963937418146
4:0.1426842437490508
francis:0.013042357881159847
cup:0.0034455299744259814
alexander:0.012013006006486237
tm:0.032544993684693095
brendan:0.005042575293497944
0:0.8016628231272858
player:0.027525859400083258
young:0.0059072470921702385
rookie:0.004591476960887932
playoffs:0.003616110409410344
jeff:0.009949990453572926
playoff:0.0036630327275218554
13:0.01239256822806125
through:0.003728502429622072
tie:0.00416979199075612
saint:0.004510013012075312
12:0.019570176098571403
rob:0.0034623781998420447
joel:0.004296674876354958
scott:0.006014283325210867
penalty:0.0038126578511069376
charles:0.003238593748964465
ps:0.03190406050777139
89:0.011167063605423657
93:0.0057608426369856825
la:0.006858069974870777
contact:0.002738058457105089
26:0.0069179591358846946
cal:0.03799517882957155
goal:0.013199452916946741
sunday:0.007030404397855024
hull:0.01987959048907906
brown:0.010962871844032747
8:0.01858373741856092
3:0.09026894672481775
ray:0.010238636191790723
mogilny:0.015052787961576648
a:0.0010987443948437413
richard:0.005878957537024042
mario:0.012949783420530546
det:0.03336929612920488
was:0.003483324681752107
gary:0.0033396368556433188
mon:0.004248976511432507
assist:0.0044361980984500915
sg:0.04963728050840547
usa:0.05161541333478918
adam:0.007308581229355165
lw:0.04719545173057261
stanley:0.003890842330897027
que:0.008920083607593068
gilmour:0.009241240737952653
21:0.015956738871574845
pts:0.0435782757951722
van:0.01443148711406216
l:0.010401134787579426
pat:0.006377876052909174
buf:0.04947090748254618
bos:0.033006034308164296
z:0.003926884452086086
d:0.021500915291625126
18:0.003042289137075609
49:0.01174405810873041
42:0.003828769992211218
keith:0.0031002888033986363
lafontaine:0.010190093741203082
32:0.010107990806071217
pit:0.03194362229961084
19:0.025786921869273827
cam:0.004822602939273584
robert:0.002514092863066643
b:0.0024082677785320548
craig:0.007183297786452424
nyi:0.019290411757094336
25:0.008680603969212304
stats:0.007308581229355165
47:0.004186712687232095
g:0.02503148516845281
14:0.023501827347012855
pg:0.04432433766843769
wayne:0.003676330769065996
phil:0.006973177577759233
en:0.04014037623416881
stl:0.055193555859114375
minute:0.0035188531663205114
point:0.005196387005334526
5:0.08587935582261422
blues:0.0043474526270532825
66:0.01207485267618102
tor:0.0221227092735835
for:0.000255978649026022
subject:2.100468677578151e-05
cec1.wustl.edu:0.009894181496509235
al:0.005995301621907524
doug:0.006800376844467012
leaders:0.0034795951245072754
6:0.11096835748453292
top:0.021284860589566107
games:0.002619882212123309
bure:0.009684061287816044
20:0.014845786066430937
48:0.008078001890178911
55:0.0038677000136615484
scoring:0.004053306467578198
hunter:0.013649073309145431
joseph:0.0032133742160847774
the:0.00011860786939245523
38:0.004018018846677056
can:0.031970575644824965
joe:0.015654875007564656
7:0.040176598318568756
10:0.027289111797603443
e:0.007342776623258443
15:0.00788783020923834
paul:0.007730186839753872
win:0.016000670670157393
9:0.04482560070023637
91:0.007352661538131992
shawn:0.009764774575601334
jimmy:0.008356413704748666
dale:0.015187476209932679
2:0.10577518418141874
1993:0.002383678837930871
1:0.16950246114218565
16:0.021948026699135433
23:0.006813015981677499
dave:0.01103469605468007
domi:0.004605913734033642
lemieux:0.013171724293028444
u:0.002975329255383962
33:0.010885897212430636
brett:0.016484438132283057
april:0.0026767536285508355
vincent:0.0045773003239857465
s:0.0009762962720000288
