at:0.009082113530458052
out:0.024292311321246596
played:0.0836330519825634
know:0.01272036212018868
though:0.025624167026914224
into:0.01846189590703491
to:0.0014208238763822997
been:0.03025237911796782
like:0.012006588283594568
nt:0.022084903661518718
toronto:0.041413405104542084
re:0.003855056729671861
anyone:0.017246543810735992
had:0.015818644182290054
he:0.09835875510434446
game:0.030639269153716366
why:0.018347655465505222
wings:0.1413433250708439
was:0.009128465300014285
as:0.016497199179732337
red:0.03724349438085104
season:0.03935293225459503
andrew.cmu.edu:0.08401607024179918
injured:0.05738592044850493
are:0.0066279523876415
brian:0.03851626303895648
d:0.018781899199763252
should:0.016936207651891542
have:0.010541249755621708
second:0.028347379140745015
lineup:0.06035171500986349
has:0.010977056431820113
writes:0.0068171380517274465
if:0.013817534428111532
end:0.027878694871912465
of:0.004009084238468838
sit:0.047997057697734824
seen:0.02672644217136446
but:0.006858589920107322
well:0.03469830742584216
they:0.019235456175417394
box:0.03266535062584131
in:0.007326998016267648
subject:0.00027522635971152884
i:0.0019680279097463393
mention:0.03891417334306106
any:0.010549353260709353
yet:0.027114110749341894
the:0.006216519670012808
when:0.026962359646262597
scores:0.053496289199623806
did:0.016947536530339848
put:0.02564391030460597
may:0.01918583017979207
is:0.00276982089578004
somebody:0.03913121879870882
does:0.012561740353995104
first:0.019356235354546815
article:0.008353947219758772
players:0.03826674137152466
playing:0.04129247376654735
mike:0.06588478410222069
murray:0.11063430078438817
s:0.012792500636206563
