tv:0.10014082087008801
fast:0.015338316849991356
k:0.016690136811681335
till:0.1541515119490621
design:0.01657782910760107
h:0.015564678961649854
t:0.011349220506609877
v:0.16945587285911948
r:0.2185176928091017
re:0.0016473149902122052
vi:0.02525209928787543
fix:0.0383263344421188
ta:0.0610222959754339
8:0.026013139051752128
3:0.020629655899890922
m:0.018090062274661745
sin:0.01896813275551761
a:0.0006152000554389406
det:0.34698607925918956
sweden:0.023441902314854594
l:0.05823719081503724
tt:0.07948624237046614
d:0.01605149094605318
46:0.04571929561553753
ab:0.023030748395065085
fr:0.14341180379616364
42:0.021437738590750918
g:0.07786347931743397
writes:0.0029130501806941076
ut:0.026307926835300185
en:0.29966765458812666
ga:0.02428355534024098
in:0.0015654599285858193
system:0.00984679440194945
har:0.12459051418997802
men:0.061878388592552284
subject:0.00011760773961241542
p:0.07414378941919274
i:0.0134554154886622
ng:0.05444527538670826
20:0.013853886997381586
ss:0.02416912588472001
att:0.3510302571172574
sl:0.08348114376085733
fri:0.02562884895059861
extra:0.017113108852384366
problem:0.009319670890068655
om:0.2196363873084338
just:0.005173517900730775
f:0.049113187908460545
n:0.11289475097194189
sj:0.027337067148875103
ver:0.026691236866091508
division:0.0872812206193906
match:0.02108746518578293
protest:0.02547426163865469
man:0.1659675832790202
med:0.054222210999181474
article:0.0035697483714387714
de:0.08900841469480111
by:0.00436315187144126
telecom:0.025789058836813917
s:0.01913239632595651
va:0.021987093121592142
