22:0.009404845598764675
wilson:0.011266524014901615
round:0.009933820975167582
louis:0.010639281461846409
29:0.020609416448264178
rw:0.0712950324819963
rick:0.010863797925798188
curtis:0.025523456706521924
ron:0.019130015061964042
miller:0.010748749520398577
c:0.029188461573690292
4:0.16823495513625367
overtime:0.013053402690687615
goals:0.04169168152422421
name:0.006235287823544584
brendan:0.014467524149065205
0:1.5471427222211531
w:0.006984968070043687
rookie:0.013173289429545286
guy:0.015288174929791735
jeff:0.00951575460232595
playoff:0.021019027524515926
13:0.008888800348682759
through:0.010697351214559036
00:0.028652789350133417
saint:0.012939563291981312
140:0.03893062645800631
so:0.004613140394514312
sa:0.02923613802498672
charles:0.009291766715426265
ps:0.01017056957747114
contact:0.007855693677157037
97:0.013528110159844186
0.00:0.017021479254011256
hull:0.014259006496399258
brown:0.010484431989289406
nelson:0.011987586702861798
igor:0.01596052298031885
28:0.00998321761455699
8:0.01999429762329932
3:0.021141904691987533
a:0.0006304759033166569
lw:0.07522625927960595
21:0.009156214494705023
rich:0.010247845359959271
pts:0.013892146610399765
team:0.007230755234073357
l:0.037302038134913805
curt:0.014259006496399258
kevin:0.01017056957747114
z:0.011266524014901615
d:0.03290012139732795
18:0.00872855416077449
against:0.005831333616609135
19:0.009248074970611465
b:0.006909499653531019
craig:0.010304708224132089
36:0.01182377024048068
kelly:0.01313261560222547
stats:0.010484431989289406
g:0.02393906519872349
14:0.00842856166987961
end:0.006104364339899569
of:0.00043891780037412785
2nd:0.009856968060021494
34:0.011163116484356932
min:0.01279619217296929
gp:0.027672814157186115
en:0.02559238434593858
ga:0.012443266506173141
bob:0.00831603840638623
5:0.02933265109387904
pp:0.011197062031455218
blues:0.03741949631366629
for:0.0007344218124426049
subject:6.026401104293069e-05
cec1.wustl.edu:0.02838714375183575
doug:0.009755393870561593
44:0.010259103918674933
period:0.02567276230426602
6:0.053062747314838725
scoring:0.011629238194789818
joseph:0.027658229990815474
the:0.00017014740631807063
38:0.011527995381775479
joe:0.00898300051224139
7:0.007204353338445385
10:0.01304908242842512
norris:0.012503465709518878
chase:0.01343404086774358
39:0.011987586702861798
17:0.008876532186186243
e:0.021066973110973997
15:0.007543590817112062
save:0.008177224000951002
31:0.02104431987462279
9:0.008037999222629856
sh:0.013576656898491959
1st:0.010159743003512916
2:0.09236252955757017
1:0.11494722616262398
16:0.007871315444300545
23:0.009773525183647968
first:0.004238272752575713
dave:0.007914841244637904
u:0.008536441272218996
33:0.010410816671933287
brett:0.01182377024048068
shots:0.02212847846461277
murray:0.01211233315585288
3rd:0.009963329059969732
s:0.0028010667307269447
