22:0.024082928325160412
24:0.010586947251064915
king:0.012131946545889581
canucks:0.034400463031274024
louis:0.02724394039073965
played:0.011723130118943137
29:0.013193600414134437
11:0.011168250397745407
selanne:0.017715399814499204
4:0.02871987866102519
kings:0.03016258722102174
0:0.12711524699897453
playoff:0.026911645067516057
13:0.01138074726724411
toronto:0.023220232919887757
12:0.01026989835726022
30:0.039573473692183704
la:0.012596252800665833
best:0.007038081155957902
cal:0.1550798724867869
hull:0.018256473635563212
on:0.005861373702188323
brown:0.013423709165477476
none:0.020939365505325398
28:0.012781980934244933
8:0.0170664235975368
3:0.06090518353103635
series:0.04147225850598458
det:0.12257911959600984
wings:0.052833535768292327
was:0.0025591362257265477
red:0.020882190490997404
mon:0.015608234526100336
40:0.022106977965461263
que:0.016383563967125418
gilmour:0.03394686987843301
patrick:0.013253193729749282
van:0.05301277491899713
buf:0.018172694627259015
results:0.02117389450212983
27:0.01276922076601049
bos:0.0173206728347138
leafs:0.057610265874674695
45:0.013035784997848738
32:0.024753865731245696
pit:0.01676314778811122
19:0.011840743387227974
adams:0.026783897396991975
nyi:0.017715399814499204
2-0:0.21258479777399045
47:0.03075902789290169
14:0.0215829642760501
of:0.005057703092750427
blackhawks:0.037046897098473336
2nd:0.050481350873867306
vancouver:0.028499685068121276
anderson:0.014025051490584674
stl:0.05529506791665872
st:0.022177729727857226
5:0.02253357994437297
seven:0.0139283811609097
pp:0.11468898219502108
blues:0.03193995542765735
tor:0.04875947425443577
for:0.001880629265387711
subject:7.715883494802975e-05
winnipeg:0.03016258722102174
period:0.13148015839063407
6:0.042461699892473906
vernon:0.01809127590770209
games:0.00962390257690383
leads:0.11808716604091797
bure:0.017786765746841317
saves:0.12569667410998334
20:0.009089110833542254
angeles:0.02738239843133209
flames:0.025852383667013697
joseph:0.011804042279317202
nhl:0.024665614447252696
calgary:0.031354102859678816
powerplay:0.07612721230635318
conference:0.012596252800665833
potvin:0.016295976251821002
nj:0.014104785468962789
7:0.027672212678595133
gretzky:0.016814302635219314
10:0.016707351201711934
norris:0.01600877257027995
17:0.022730079528789048
15:0.01931682504035054
win:0.029388515060361338
maple:0.032591952503642004
31:0.04041604207134926
9:0.06174856050216808
detroit:0.027452891339388847
chi:0.018256473635563212
sh:0.052148488491606394
1st:0.05203197861914707
2:0.07883738072062348
tied:0.04443296125340408
1:0.16981421028248916
16:0.03023404111409082
chicago:0.024408667842797008
domi:0.016919411433401036
shots:0.16999276230907726
roberts:0.0482638810708524
los:0.026357784241520486
smythe:0.017382829497202133
kennedy:0.01671288263576478
3rd:0.05102606674643459
jets:0.029885962821151017
