some:0.015362327304386237
dallas:0.03635271242753106
minnesota:0.09945551364054821
radar:0.033540580751038045
help:0.014079557368696032
truly:0.02867304913835775
way:0.01139718960227989
much:0.011494716247104811
profit:0.03635271242753106
owned:0.033151837880182736
ca:0.013529924974291585
service:0.023964415976831202
from:0.016708662916385043
weather:0.03432978677129448
to:0.0027201299212319028
city:0.048418231559031466
been:0.009652897284351574
that:0.004564534545190484
hour:0.030629701293949197
like:0.0076620991020307444
really:0.012838129889413985
nt:0.009395770417400506
me:0.00712887289739832
so:0.006722438140690263
national:0.021409038980181008
best:0.01602089526290417
you:0.003656572298741591
possibly:0.025506274101298295
state:0.01748495649303037
support:0.018019449404825697
3:0.01540438121472118
m:0.018010719896264106
why:0.011708701185223725
a:0.00551251628623577
hockey:0.0776112583910626
price:0.020593053959499754
was:0.011650804396070863
owner:0.02948558050533952
as:0.01579172684638852
steve:0.04219939272150509
drive:0.01857765624214466
stars:0.06556957892314949
team:0.04214769169334865
d:0.011985817252480496
hoping:0.03149246445508371
it:0.0022556278272366577
not:0.003966513214315558
texas:0.026106379418875014
only:0.008773264725455832
ve:0.01200745854623312
shame:0.034592979762174084
doing:0.017636203323456022
feel:0.0200412939753038
get:0.008647197205862647
were:0.010205942746528283
making:0.020227678887318443
of:0.003837643136165894
oklahoma:0.03986125505659718
but:0.004376863304279014
impression:0.031125740882661113
reading:0.021620539778703884
please:0.012601416821745096
they:0.006137629108603576
one:0.0064691507090501475
in:0.00467578162880238
u.s:0.02320883158551775
moving:0.027901194616061394
or:0.017745038360607507
and:0.0012559125476670717
for:0.002140453045474171
subject:0.00017563787428959404
i:0.008791387833669503
group:0.017744183781622666
back:0.013857610000444325
hunter:0.1141313958942358
the:0.006942461934109698
nhl:0.028073363811675762
interest:0.024031480241236088
see:0.011640695798757737
can:0.01137586832154886
fan:0.026312868325589954
did:0.010815204233177403
an:0.005907224595800899
here:0.01184474280015392
people:0.00990311276363893
about:0.006480369607380733
maintain:0.03006645292077162
norman:0.036713292930787615
is:0.005302749214947313
move:0.023268586286664585
unless:0.020250404116713756
whoever:0.033151837880182736
under:0.015969233073063416
arena:0.0374997741850625
opinions:0.01878690891789501
north:0.02640891305862385
