large:0.01636084218517801
there:0.005015185713536325
played:0.022165043831444402
small:0.016331944810196782
saw:0.018564921219319425
von:0.03274837596071571
ever:0.02888985854458864
1992:0.021562549370952415
from:0.004626077893061069
wood:0.08260785832438979
sharks:0.03150580851702357
to:0.002259342885394805
job:0.018969882815787847
player:0.021241874497574875
then:0.008720657649048105
most:0.010145330404191464
ten:0.021999941216163
that:0.0018956536908987804
nt:0.003902068588647205
seattle:0.02659216754153256
re:0.004086781451127547
lost:0.01915030778315765
apple.com:0.06010158448816775
mean:0.01444492927229432
weak:0.025564559719112125
he:0.043446262500552876
shot:0.021730231396654295
leading:0.02467335646847788
two:0.020380212378724716
game:0.01624048692847261
on:0.0027705400286299996
rarely:0.02800328705587944
you:0.003037152947588644
knowing:0.023464613757518103
came:0.01649577449441501
sure:0.011923737815077615
a:0.006104936069273858
closest:0.030810971492514026
wings:0.024973228655504297
was:0.02419292716124004
part:0.013383727390236487
career:0.02640691316079113
cliff:0.031889438345839134
team:0.01750395939177321
no:0.012303232089426337
d:0.009955432909164128
fighting:0.04983493632549776
gloves:0.03362962266889124
have:0.0027937191975281575
traded:0.028960686449459178
only:0.007287083269231074
between:0.012693255989324621
against:0.014116288481736867
left:0.01598035619399214
has:0.00581843974801394
his:0.0403153888853608
be:0.006321980952322091
which:0.007059520942718676
writes:0.0072269113772411185
end:0.014777231708062891
of:0.005312584305074826
even:0.009175734687246043
what:0.0050297382677411545
but:0.007270854887982626
years:0.012184565152898326
never:0.024086767550402847
saying:0.016483908081772893
fairly:0.02144375162976987
seems:0.012876978630497695
up:0.007341313499193359
good:0.017705025697918025
one:0.02149313459618847
in:0.003883709331027114
5:0.01420149118534253
dropped:0.02714701136240372
and:0.008345298677394314
for:0.005333587916591377
inches:0.03041767368035507
i:0.0020863246693485784
pounds:0.030050792244083874
away:0.015131057848763226
ago:0.01563478538450625
angeles:0.02588609250612269
review:0.023615516309610854
pretty:0.01572688555693785
will:0.006192925381985161
eyes:0.023615516309610854
the:0.003295095125635204
thing:0.012371215492486102
see:0.009668774652520088
when:0.01429152396550531
got:0.0120882722493474
can:0.004724404330260729
arm:0.02735966391021615
fight:0.0698295753072022
an:0.009813094410510785
head:0.037736171972193255
paul:0.03579259553124653
is:0.008808938586579145
right:0.01060040215185956
gave:0.02028346400567154
does:0.006658408821516531
trouble:0.020846021214701284
under:0.013264062443200214
article:0.004428048526320224
players:0.02028346400567154
chuq:0.07598610540573626
side:0.01759761791568958
los:0.02491746816274888
giving:0.02072878113272719
s:0.0033903621904700456
