at:0.026695909468316095
with:0.017722041720895376
such:0.05827324858993329
reactions:0.16910365228726418
that:0.010512261376802327
bowman:0.18968428678984617
really:0.05913320433911897
re:0.011331530387217289
had:0.04649722683885258
he:0.04818585477334046
m:0.041479233700487034
as:0.024245883642939954
pens:0.3044132628433937
jason:0.1381786870843347
jake:0.16473882288656908
has:0.032265893148077304
thrown:0.1487462566481922
brooks:0.1803418213457699
susan:0.18725875019367838
tactics:0.16400859405083998
for:0.00985905645188103
subject:0.0008089986936975241
i:0.005784809310466513
impressed:0.15695943358815048
the:0.0022841000302698576
an:0.027209034501870812
move:0.10717651865372779
fans:0.12463638241052905
every:0.07370147051325443
answer:0.09200821339784414
s:0.03760219883975869
