sent:0.01687010343252116
go:0.008924001155018933
contributions:0.025729329806989786
out:0.00540448210587367
say:0.00870433474434653
true:0.011849911890632324
rumors:0.025534102217912743
take:0.009751142799705062
nichols:0.024881925663873556
von:0.027490609178031995
where:0.00847457246896221
fax:0.028060948072324676
hand:0.014482749795654466
wonder:0.016928292237692336
with:0.005365388777885755
decision:0.019287824464161867
objections:0.026525951339333092
sharks:0.10579014602963878
both:0.010301394872973569
to:0.0050576115966636
obviously:0.01688941780195393
gm:0.022583116865563798
job:0.015924259427932002
besides:0.01857837978961876
then:0.007320552063191758
officers:0.022016859108265077
been:0.006730460491841465
that:0.006365222485036272
view:0.031241731676923228
think:0.006604348750130988
indeed:0.016918542699562458
nt:0.003275589686800177
re:0.0017153234072393145
eat:0.02071203776941033
exactly:0.014754048868220222
so:0.004687204575160184
apple.com:0.05045224752905825
had:0.021115713105717457
this:0.004816352645609349
upper:0.023981559108622815
he:0.029176756101288722
management:0.041558664435589414
on:0.002325728556143532
machine:0.01492109795561627
came:0.013847370332467647
m:0.012557933138679561
fun:0.01888189291254053
a:0.0032029911143265943
factor:0.020756790865489982
richard:0.034275940502557604
hard:0.01240474037878674
other:0.01898130258484281
hockey:0.01803809063523168
was:0.016246993286263958
let:0.021148052685805732
also:0.013610065428252903
jack:0.019608972012660257
course:0.011220879816055135
are:0.002949134777987273
internet:0.013103366711534892
it:0.0015727313290824403
not:0.005531284482348302
should:0.0075358355148324755
have:0.009380745195369777
traded:0.02431103495527995
made:0.021335592219431206
probably:0.010950567500133984
ve:0.008372172931318506
offices:0.026294617148384047
real:0.01173208189907453
second:0.012613283379138838
kelly:0.026686920696265524
has:0.004884286577461244
attempt:0.01769104769374585
his:0.016921367353259237
sacrifice:0.02534684536231524
heard:0.012397464951467315
sherri:0.026686920696265524
be:0.0026534920052177584
which:0.005926111617052835
writes:0.0060666274405280956
were:0.007116070171891281
if:0.006148168988655132
of:0.008919292915859571
kept:0.018320071663184286
what:0.004222211481635923
but:0.00305175790023124
again:0.011201234578477147
mistakes:0.02402720282813276
fire:0.01649997081210766
aspects:0.022106513218691545
they:0.008558895637685722
adobe.com:0.024409687272807307
clear:0.0151272969825074
over:0.009201563084951183
in:0.0032601780164126697
our:0.01022832762835043
and:0.003502728573309999
for:0.0014924259766608899
subject:0.00012246310500925824
i:0.003502728573309999
we:0.00618231149410078
snichols:0.02758926149555935
any:0.004693978285728474
fired:0.043515908024741604
the:0.0044948573990172885
do:0.0032950363252591593
benefit:0.020779332217794707
strong:0.016562625623717936
would:0.00855641877159978
major:0.015029486113384368
consensus:0.025864255885917738
forget:0.017611070345938045
imagine:0.03612604178409599
trading:0.0272067770508848
people:0.00690492266088586
different:0.011592738064271779
trade:0.019353591267585755
number:0.011478279121090633
today:0.01302351498072639
new:0.007908254884786912
oriented:0.02534684536231524
lot:0.01136951095534583
man:0.013293804306399995
their:0.006943502837530798
guess:0.013743840655668136
him:0.010993189464969303
article:0.0037171233042045918
chuq:0.06378650132683367
inclined:0.026447536507409695
before:0.00975318471203048
close:0.01593996888151624
opposite:0.02213679158580784
pressed:0.026146631541878445
s:0.011384151942312263
