another:0.028069687726437705
out:0.01491363416557544
ah:0.05958610082874394
where:0.023385529091566604
with:0.00740287818720946
hell:0.043207353474454376
into:0.02266840383522008
awesome:0.07255982959933825
ground:0.04907536282781444
then:0.02020101708576966
been:0.018572663129385308
playoff:0.05893309616050985
think:0.018224658576310827
really:0.024701211939125643
re:0.004733424085799627
so:0.012934311359302786
burned:0.061599577975955166
on:0.006417833230877088
you:0.014070860491360047
regular:0.10245677599381421
them:0.01855517938648406
state:0.033641941606843244
a:0.0017677267415777153
how:0.01665016452188765
season:0.09663884629609414
far:0.06302222967395954
team:0.0810942928783417
are:0.008138118754445893
brian:0.0472921204402377
row:0.06994445935423699
pushing:0.06681964824117971
d:0.023061319270595387
learned:0.057465765752683
wins:0.0623179680594039
have:0.0064715267487044665
pitt.edu:0.06250412182383042
b:0.03874567527233217
has:0.013478157897298114
his:0.04669440611405713
boston:0.052781989055057474
writes:0.008370410012880535
what:0.01165116586071685
but:0.008421306610764687
well:0.02130212544497905
in:0.0022491101505631703
seven:0.061002783312338694
and:0.004832878664440378
green:0.05326975695382004
subject:0.00033793616319010504
joseph:0.05169871681827534
the:0.003816470936653433
would:0.011805691722840203
stuart:0.1571016263998645
come:0.03039485663885327
during:0.07413593695702457
dirt:0.07046119346208833
about:0.012468559244580651
andy.bgsu.edu:0.07533265954949882
lesson:0.07011437100401093
bruins:0.06410097353682916
is:0.006801838655459845
time:0.01999379708738878
too:0.024715416048917676
fuhr:0.07298180960272549
u:0.04786890485560779
by:0.01253715790907805
