at:0.008853919723160112
out:0.0059204879350776875
played:0.020382929754544348
attitude:0.02209227653695841
all:0.009588621413530564
your:0.00633131769940333
with:0.005877662078286908
though:0.01249017186739035
post:0.012977777911714474
to:0.003462811960027213
then:0.008019499245104538
respect:0.020539488386603622
enough:0.01222185189415777
next:0.013459196099242086
that:0.0017432393237913407
guy:0.017016737421853615
think:0.00723491471119877
nt:0.010765003292298068
its:0.010391078171025981
me:0.005445169248264044
attention:0.0213300424297621
re:0.0018790980039104048
this:0.0026381027053840153
off:0.010972147979680153
getting:0.01362915362926978
he:0.055934333932872594
extremely:0.022201760728842362
consistent:0.02342370277501984
leading:0.022689569013725888
utter:0.028409274675852296
you:0.008378879237317415
deserves:0.028333707452914907
winning:0.023537915091992483
m:0.006878465890030513
a:0.00421056520355697
mario:0.11027922765490335
hockey:0.0197603203943744
million:0.019665885724277077
as:0.008041348343889632
pissed:0.027834348288024436
patrick:0.02304324135926257
streak:0.030801649928727262
lose:0.021129375543654707
team:0.01609660587283667
pat:0.020367538852380802
no:0.005657013749660853
presidents:0.03349269634257833
it:0.005168674820200582
not:0.018178191213345674
should:0.024766012194474565
have:0.0025690985585309187
being:0.01955581839120752
hope:0.014514882098693695
after:0.009694541144044982
has:0.010701250993834684
bother:0.02304324135926257
his:0.01853697529151012
without:0.011292514999007512
be:0.00872052146438399
writes:0.0033229265880279513
get:0.01320978869639319
of:0.0009770883696770788
even:0.008437987174703647
breaking:0.02540506864190446
what:0.004625337200988096
but:0.0033431317701025642
tend:0.021405045697182584
year:0.03730795049562289
years:0.011204901623017053
least:0.012098805943248655
award:0.028409274675852296
well:0.00845662266408716
they:0.004688038314109265
who:0.006497753136853509
title:0.021111524279311154
one:0.0049412608430935805
rest:0.016415230318958838
in:0.0026785884707712132
or:0.00338849978745269
and:0.003837159944631054
gets:0.016770433881370877
few:0.011485565331187369
word:0.015421490030971954
for:0.006539675636423598
known:0.016366476118926422
subject:0.00013415556227144873
i:0.004796449930788818
hart:0.08717573957750674
games:0.016733016540747367
walker:0.048977759828593294
sick:0.022569056628366665
scoring:0.025888203619557234
the:0.004166473924562605
do:0.007219275566899464
see:0.008891385735734553
when:0.006571228355998673
start:0.014158603456696043
would:0.004686681638715458
can:0.00868910545163531
hate:0.020231101721396125
fan:0.020098271283867705
cancer:0.026172720674831142
maybe:0.013306095891167458
needs:0.01683088724959471
may:0.009351887072561965
thought:0.013490383945686997
gretzky:0.029234918149677807
just:0.005901450067667769
record:0.019380142699681382
jonathan:0.024022640047708876
jesus:0.01745326341554174
excuse:0.022246231157369914
win:0.017032539716725335
days:0.014966093590704384
qualify:0.02897267818399655
guess:0.015056066647917856
nice:0.01587808772238572
every:0.01222185189415777
him:0.01204279046916235
lemieux:0.028042314198390542
article:0.004072024524204025
bad:0.013771864556514492
going:0.010943797407284838
process:0.018173687101676217
s:0.012471081022231524
realistic:0.028333707452914907
