basically:0.02972883748672641
since:0.03031547914248002
canucks:0.045085455336442475
at:0.006673977367079024
there:0.006952871102857178
with:0.008861020860447688
hawks:0.04407385387716579
much:0.013236339920908571
4:0.03764044703301029
my:0.014397185777731839
to:0.006264541636776504
aka:0.03923985839703762
that:0.005256130688401164
playoff:0.0705411302527315
13:0.02983135268535199
like:0.00882302320839904
need:0.01455456054164573
lost:0.02654929033574129
had:0.011624306709713145
du:0.04540115758190132
something:0.015080767554269112
game:0.06754566154342018
on:0.007681951897564999
american:0.02444723649536527
am:0.012381336035616405
none:0.027443259336524955
8:0.02236735819980202
phillies:0.04186069915897517
3:0.017738378368466815
m:0.010369808425121758
answers:0.0317470547140332
sure:0.016530636516357604
a:0.0031738730132872617
wondering:0.027264647741343156
series:0.027176896672482322
was:0.0067080388947074665
pens:0.03805165785542421
washington:0.029084949510715864
sig:0.03575103350846799
streak:0.09287164145176857
rush:0.038688651167625286
have:0.007746221411328073
philadelphia:0.0375780187873838
ve:0.013826770447177533
university:0.01780560683029283
always:0.020128455287868996
neil:0.042275913071816044
noticed:0.030728810766320648
down:0.017911860431463318
if:0.005076897119419767
of:0.0029460694782687674
even:0.012720904907318377
losing:0.07459271934383194
what:0.006973046234822964
but:0.005040024410987957
year:0.018748187244012515
least:0.01823986653565517
vancouver:0.037351859975643796
loss:0.03224130109182412
they:0.0070675729129374525
now:0.012514503014229123
one:0.014898650117812462
blues:0.04186069915897517
and:0.005784809310466513
for:0.0024647641129702576
subject:0.00020224967342438103
each:0.019287949980004663
i:0.005784809310466513
pretty:0.021803182249391113
the:0.005139225068107179
nhl:0.03232690378314179
quote:0.030567862973792343
last:0.033032765940295424
stone:0.03769368145504129
friend:0.026312116815854592
record:0.058434066624796895
is:0.01017699344282818
recent:0.02877344764003804
else:0.019140547161651946
right:0.014696012074168936
9:0.026976012542613836
dc:0.03391760899620592
life:0.02113923752491447
their:0.02293460028154112
whenever:0.03593359071740026
chicago:0.03199014800609002
lake:0.04031296837478782
mike:0.04841533377208642
sometimes:0.02654929033574129
