screwed:0.04548129765360678
penguins:0.13330024367640156
at:0.0075296154910635136
round:0.03761267258119008
11:0.033027475535212916
finish:0.04183197018925526
with:0.0099970491758897
into:0.015306016264806722
cup:0.037429646132439515
devils:0.17284132170047822
to:0.0011779480000776333
recall:0.03342611294934207
that:0.0029649967985852723
pittsburgh:0.037799704301271345
re:0.003196072673317697
islanders:0.0929295923975518
contact:0.0297442076835946
opening:0.04201578390909255
identical:0.0835431341011927
state:0.022715499033680482
beat:0.037144719463485736
a:0.001193593269954184
as:0.013677165131914847
stanley:0.04226718463735147
lucky:0.0406982567310818
also:0.01267946266392792
pens:0.04293007552919655
third:0.031220384586905008
straight:0.03415950108942999
team:0.02737798776661964
are:0.005494969073514749
place:0.02324297108817458
it:0.005860776576751658
should:0.014041129420798973
wins:0.04207794424523854
have:0.00436966336023635
92:0.037465939216896366
lady:0.04380001308740118
always:0.04541805295724287
poor:0.03377312983500224
list:0.024885714503603246
be:0.004944113308867276
get:0.011233965600778825
po:0.08919876220917541
if:0.005727781365499225
breaking:0.043210330425119556
but:0.005686181386755643
year:0.02115180099324489
robbie:0.10607716654349826
well:0.01438348641156705
easy:0.028322064651784683
ed:0.033915980099735066
they:0.031894688017358765
who:0.01105173396781067
in:0.004555889792166422
better:0.019112956164969257
and:0.004894838647317819
gets:0.028524071302502604
for:0.008342278536207025
subject:0.00022817911873519915
i:0.001631612882439273
face:0.030677534965346667
will:0.009686370469258842
yet:0.022479220022958667
than:0.012227361386491123
the:0.005153866734967884
do:0.00613946939236322
greater:0.036060537575501664
would:0.0079713644966186
can:0.007389452926818064
put:0.02126033589356222
last:0.018633867966320498
7:0.027278021614797487
rules:0.03520953248349276
mountains:0.04734218213091336
somebody:0.0324421215681603
91:0.03993689237164856
tonight:0.041534134878741004
tied:0.04380001308740118
records:0.08428111994504242
nothing:0.02183637608120435
psuvm.psu.edu:0.08545150967628107
article:0.006925922053988043
champions:0.048450539595088854
says:0.0218891174737399
s:0.005302874195350585
