statistics:0.027155785000599297
go:0.022361290250507208
at:0.010126034625913001
out:0.013542265506671952
there:0.0052745918711330315
lead:0.022208130101263858
played:0.046623023231658914
know:0.007091236354358057
happen:0.019434667966478823
defense:0.02255291119682693
take:0.012216949024917836
your:0.014481979565301869
4:0.014277410943555627
times:0.016152161732718544
except:0.01853081275289548
to:0.003168273931243289
sound:0.01983438671912891
0:0.021064116600404786
then:0.0091717261481368
sooner:0.03138548142440891
that:0.011962228463257821
puck:0.06336054094522646
think:0.008274413951313536
control:0.01752663373529324
really:0.022429836128631333
tie:0.030458652989948445
nt:0.0082077994450855
need:0.011041390755731243
re:0.002149083349299831
winner:0.03168027047261323
this:0.003017140450410454
personally:0.022522095431646558
goal:0.02410417335838981
two:0.010717180647432824
game:0.06832204845771235
on:0.00582768764642862
you:0.006388494131134734
imho:0.024883170438827876
m:0.007866751219057885
sure:0.012540482874478181
a:0.0024077657342179226
hockey:0.067798340663457
series:0.020616956096365897
as:0.004598357242626543
season:0.021938128900550104
buffalo:0.05890346587616021
patrick:0.026354051899386503
team:0.018409336601692514
pat:0.023293909377148158
pressure:0.025291279839076086
plan:0.022445771249647164
insure:0.034321260871339895
expecting:0.03215290322110157
have:0.002938221914641683
shooting:0.027401876938432216
kind:0.015836360327373906
decent:0.02589403633804434
passes:0.026598647384551994
always:0.01526986263217648
has:0.012238787056167252
div:0.031037064057647796
his:0.010600166905202624
believer:0.033644346873314704
boston:0.04792847282010966
get:0.007553873421213346
of:0.0011174746296881532
what:0.0105797942873176
but:0.0076469335890851755
least:0.013837140130497024
fairly:0.02255291119682693
award:0.03249106701433682
they:0.0053616070374008255
up:0.007721036611220602
one:0.005651212113653003
in:0.0030634431361119046
baker:0.034321260871339895
or:0.0038753532051901455
p.s:0.026062256925976024
and:0.001097119007157442
for:0.005609463153656448
subject:0.00015343078673573735
until:0.016443481180256576
i:0.002194238014314884
face:0.020627997649112412
will:0.006513249108639566
later:0.01836443694803278
the:0.004331913850511799
scores:0.029822643979100626
would:0.005360055437381471
did:0.018895529234976612
maine.maine.edu:0.03721726765824459
come:0.013799963646375911
just:0.006749359560148769
paul:0.018821968339707226
bruins:0.05820663114263797
is:0.00772047778421448
number:0.01438083246205608
tuesday:0.028866774924804574
1/2:0.027259965371820887
east:0.04680068137231054
keep:0.03045304119684967
blue:0.06890795909419498
experience:0.01903576307353533
1:0.022511768872697797
first:0.010790544996500236
nothing:0.014683080468396026
him:0.013773076456110964
fuhr:0.03313541930238686
very:0.010018635010249697
bad:0.031501161456854984
going:0.02503236418447911
by:0.005692157901248081
champions:0.09773643332112751
black:0.020284783656574355
bears:0.034953449924295804
