some:0.0044905264428205935
believe:0.008356430308962848
know:0.009491347120448477
all:0.0036694916563318894
take:0.00817595819359886
thanks:0.007666871711216012
ever:0.010167007910884079
where:0.007105603070129854
with:0.0022493360645751822
former:0.015349607395179073
lu:0.0229688438138967
sharks:0.08870096859408175
post:0.02979897466651362
finnish:0.025181782832756554
to:0.003710536200244545
famous:0.01934967710441775
wc:0.021922944908190387
playoffs:0.017677216655232874
t:0.00990874251923247
100:0.01299427730319643
teams:0.015907654376046756
been:0.005643232258543998
that:0.0066712427968168625
son:0.01641212038221045
nt:0.013732279840816125
champs:0.021802742817789985
could:0.011608531964046596
re:0.0014382327029929638
lost:0.013478870478145577
so:0.00393004075917277
national:0.012516053557644282
had:0.005901571098777443
this:0.0020191632245054577
he:0.04892717561600724
consistent:0.01792814173934211
game:0.022861608522388367
soviet:0.03405384615628164
on:0.0039000678864560766
you:0.0021376884208027763
spirit:0.017636942424974045
am:0.006285909064236022
nelson:0.020425003497568373
imho:0.01665258329367712
why:0.013690173693492357
beat:0.01671512375856858
more:0.004890073176233562
sure:0.008392477000612322
a:0.002685584857396914
hard:0.010400897702213498
anymore:0.017044055194869203
was:0.020433718479262748
as:0.006154724309361681
interview:0.02059409243380344
said:0.016857729451257172
character:0.017557637474194292
definitely:0.016368660554310705
pens:0.01931853398813845
town:0.01713087951040205
team:0.06160047247489418
are:0.0024727360830816367
results:0.014088783649494079
wow:0.01992177426311141
reason:0.010277738169263568
fighting:0.017538064129934788
not:0.002318884648369096
have:0.001966348512106357
probably:0.009181629673189263
only:0.005128985531804949
after:0.014840105289730395
his:0.007093957851943295
coach:0.13725837661194032
heard:0.010394797536230287
be:0.011124254944951372
which:0.004968816663528915
writes:0.005086633777058172
were:0.005966551144124228
of:0.002991393624088287
produced:0.017657026824901553
piece:0.016575811206898126
but:0.012793908120200198
san:0.0155306362830944
they:0.017940762009764303
good:0.012461614241226918
comment:0.015113836141856782
in:0.005467067750599707
our:0.01715211863831072
or:0.0025935056065503285
seasons:0.02237595658379186
and:0.0022026773912930185
for:0.0025026835608621075
subject:0.00010268060343083961
victor:0.024409972465594433
i:0.00513958057968371
info:0.011328444074586145
back:0.00810137200025976
league:0.014960988723974033
any:0.007871440509913903
information:0.009380081863399095
decide:0.015745028525433767
will:0.0043588667111664784
the:0.006957720092206643
do:0.005525522453126898
jose:0.017538064129934788
when:0.005029517087860523
can:0.0033252538170681287
radio:0.013797501387567948
maybe:0.010184281085932017
wants:0.027081039712259607
during:0.011262959653086425
long:0.009155043250417634
here:0.006924618867782293
drew:0.022110599385765123
many:0.0071276962599157445
about:0.007577047540937474
head:0.03984068925525788
current:0.012162483552810839
is:0.0010333562572717842
netters:0.018991637015702324
deal:0.012678134583694265
right:0.007461052283808845
gave:0.014276438127068816
time:0.018225115037350543
somebody:0.014598954705672136
goes:0.012396258446117988
first:0.007221364728427082
him:0.009217366551397339
article:0.006233329848589239
players:0.014276438127068816
three:0.011224953871047973
assistant:0.04303542431132057
going:0.008376214169421857
compromise:0.020383867770196268
needed:0.012830087269753928
doubt:0.013384893457617569
s:0.004772586775815526
news:0.03541011364803945
