penguins:0.14440859731610167
obvious:0.05342567102641683
jumped:0.0858269271721026
all:0.013250942092309599
way:0.0240607336048131
from:0.011757947978196882
to:0.007656662000504615
matthew:0.05953156028918743
that:0.009636239595402133
nt:0.009917757662811645
re:0.005193618094141257
he:0.06625555031334313
starting:0.054465583095516905
on:0.007041789239434582
them:0.02035915516017001
philosophy:0.06797695155753979
imho:0.0601343285605007
beat:0.06036016912816432
a:0.0019395890636755486
was:0.04919228522785475
following:0.03801825379221891
immediately:0.0586486046778317
course:0.03397433055416693
andrew.cmu.edu:0.0565941584267675
hitting:0.06666215674446925
it:0.019047523874442886
rush:0.07092919380731301
only:0.01852133664262898
accident:0.06749296917795412
robert:0.04438072262441255
neck:0.0805562379817567
edge:0.06546113454997166
of:0.0027005636884130367
even:0.023321658996750354
what:0.012783918097175433
but:0.00924004475347792
seems:0.03272898735251497
over:0.027860288229435523
for:0.004518734207112138
subject:0.00037079106794469857
pretty:0.03997250079055037
the:0.005234395902701757
push:0.06666215674446925
an:0.01247080748002412
is:0.0037315642623703318
either:0.034771704265463305
man:0.040250685261044424
too:0.02711830372034023
him:0.03328493476893483
before:0.029530475933647837
s:0.04308585283722349
