phoenix:0.08325739112389728
believe:0.03060101239901888
at:0.012407957921893396
mark:0.04230456287735479
till:0.07040722980369636
own:0.0319224033175774
your:0.017745524256074122
with:0.008237005306895032
compound:0.06031575734514796
ca:0.02896547318439889
to:0.0019411255775927195
everyone:0.04306355996497329
playoffs:0.1294669388833957
that:0.004885980639922209
weapon:0.0683474340245394
quite:0.037411258902949315
like:0.016403367091671454
nt:0.01005744439045688
could:0.021255058525719118
attention:0.05978420342989659
re:0.015800302934288895
this:0.014788237700603352
you:0.015656309560809066
a:0.0039338144390039295
hey:0.05428364768494605
cool:0.06465953485175216
ve:0.025706108437006117
writes:0.009313554803064259
get:0.018512309511142567
end:0.03808779440247196
of:0.0027385997967005445
least:0.03391073778459834
who:0.01821201231315279
now:0.023266399970116116
in:0.005005062025196915
our:0.03140528764761118
ali:0.2644893576365461
and:0.0026887141865548584
gets:0.04700445552665922
subject:0.0003760134773523704
i:0.0026887141865548584
fanatics:0.08271561252068889
group:0.03798754837755838
we:0.037964617062365355
any:0.01441249670829306
the:0.0031848718731931815
nhl:0.06010072252640446
start:0.03968397306876778
can:0.01217698580898188
wants:0.049585002290052804
during:0.041244640983133386
long:0.03352551049448711
hear:0.04667157132758884
campaign:0.07268970669572976
waited:0.07859747218985517
article:0.011413139159388746
dumb:0.07243126812293826
letter:0.11495912731664384
