22:0.023275679331020958
some:0.006522552375046672
geoff:0.06540912129560625
4:0.013878600582003794
france:0.02862905883366446
2-1:0.03580510166500495
darren:0.03410855186724952
3-0:0.06993945769904943
most:0.010372041698139876
wc:0.12737353466211174
t:0.01439258689944381
jeff:0.02355016362475082
rod:0.09500636535126361
swedish:0.03302388139551233
russia:0.02862905883366446
rob:0.09833927803350255
penalty:0.02707200071931239
attendance:0.14115619838893567
93:0.02045260053522012
contact:0.019441744687042278
best:0.01360433564224265
goal:0.046861744853182424
game:0.04981020851246627
vs:0.01908721757018627
3:0.05232326133268424
seconds:0.025855668407329873
a:0.003120679610829933
nor:0.019299100541762027
norway:0.03220984893081181
steve:0.01791706059684015
usa:0.1832491350517236
adam:0.07784251460204257
sweden:0.0594559980499664
frank:0.021878069142740906
results:0.040928310043223025
brian:0.04174388284669026
27:0.024682404385696258
austria:0.033600329642636526
after:0.010777730098686879
penalties:0.12068042784426182
2-0:0.13697270024171454
without:0.012554248518449693
fastest:0.03141671897958059
stats:0.025947504867347527
47:0.0297279990249832
germany:0.02349019962674462
2nd:0.09757847710814575
1978:0.03220984893081181
loss:0.023775708067713876
championships:0.03496972884952471
35:0.025224716389561183
in:0.002977872098790343
37:0.02904306985128302
ended:0.027753648487820564
world:0.014085199378394843
for:0.0018175914129166144
subject:0.00014914501056993463
finland:0.030303127344829248
group:0.015067686786629304
games:0.01860262732742305
the:0.0004210910670329905
38:0.028530178514673394
canada:0.1039275863968337
can:0.05795973133660648
eric:0.08911795486745488
lindros:0.10272952518128589
1-0:0.10232565560174856
10:0.016147328256403155
paul:0.018296215034128812
gerry:0.03313451059828428
ussr:0.13590838629782057
1st:0.1005757799006977
2:0.06530981738867292
sanderson:0.03617767917617072
1993:0.016925451413464455
1:0.16412211384843925
first:0.010489133125089615
sold:0.022941497793529837
switzerland:0.03158349531002574
april:0.01900644615579951
mike:0.01785146384892572
3rd:0.09863139158808028
1991:0.024256101631152546
