prism.gatech.edu:0.06217245513295102
played:0.10674218476721908
watch:0.05058110316545197
way:0.02279437920455978
to:0.0018134199474879353
playoffs:0.06047468855737562
guy:0.044556983512485125
toronto:0.05285658283079713
re:0.004920269773396981
hrivnak:0.08311499839348514
getting:0.03568686279243008
he:0.04184561072421671
joke:0.06458719038671502
game:0.0391053829988222
you:0.007313144597483182
great:0.03317435116753522
vs:0.04495542032978082
a:0.003675010857490513
wings:0.06013290584154324
those:0.02441994281957316
leafs:0.06556957892314949
second:0.03618020758752982
chuck:0.26227831569259796
has:0.02802038089175134
penalties:0.071058541395141
writes:0.017401641868883218
making:0.04045535777463689
end:0.03558201845494091
of:0.0025584287574439294
kept:0.05254967924439702
what:0.012111080302587252
but:0.008753726608558028
well:0.04428599763561433
they:0.012275258217207152
up:0.017677110136215587
in:0.014027344886407143
5:0.03419569588049583
and:0.0025118250953341434
subject:0.00035127574857918807
period:0.04988172675785021
saves:0.07153133099022078
the:0.005950681657808312
did:0.04326081693270961
potvin:0.07418957609381666
last:0.028686349369203917
during:0.03853117776055882
night:0.04405045850768453
first:0.024704668807776855
him:0.03153309609688563
article:0.021324549482015814
very:0.045874802415353876
by:0.026064091442557002
s:0.008163635274421294
