read:0.010075569163990763
ask:0.0129536114860283
out:0.0052363426625798215
round:0.01955858974221884
remind:0.02346112093801421
ever:0.01174854247479938
selanne:0.027242348159185446
where:0.016421838206522328
monday:0.022469371821062165
wonder:0.01640163425696413
with:0.0025992327857313215
much:0.007765319420266361
from:0.0037625433530230025
nights:0.02505959014724474
post:0.011478123575249691
themselves:0.014384223183656966
darren:0.08140574378983553
my:0.004223174494801339
to:0.0030626648002018463
remember:0.012367217940094365
then:0.01418560310911825
centre:0.0222525266469758
teams:0.018382178390098473
that:0.004625395005793024
wednesday:0.02327968985125752
like:0.005176173615594103
really:0.017345739939474896
signed:0.02197893601142276
nt:0.0063473649041994535
could:0.013414303602898288
toronto:0.0178537790895137
re:0.0016619577901252024
so:0.013624141298465602
espn:0.022217392515833077
this:0.011666276408253757
mean:0.01174854247479938
off:0.009704255324250446
30:0.015213802108328402
getting:0.012054229209887494
generation:0.020618194290863277
two:0.016575906068029434
these:0.007362826547106412
game:0.07925357621094634
on:0.0067601176698572
you:0.0024702177307054304
seeing:0.01781462073537079
came:0.013416563255457542
why:0.007909878134017806
a:0.0012413370007523512
air:0.017129506602805197
other:0.006130257723697382
hockey:0.034953811186493385
nor:0.015353506653224014
series:0.04783133814356889
looked:0.016555569797687488
as:0.007112125868595719
canadian:0.04313482502882042
course:0.010871785777333418
figures:0.02097393965830122
far:0.02212780508552357
worst:0.019154270727971167
ontario:0.021108223118730094
no:0.015009943149100133
d:0.008097085432786824
it:0.004571405729866293
not:0.0026796000381153996
should:0.007301387298815465
have:0.0045444498946458035
won:0.019207286598483496
only:0.005926827725641274
picked:0.021218649779114675
ve:0.008111705329010819
university:0.010445956007105127
shame:0.023369479661557602
hope:0.012837606833955757
has:0.004732330995051338
cbc:0.17090968528095699
which:0.0057417437000778565
writes:0.0029389439600780547
soon:0.01598663838684209
interviews:0.026101371062084048
if:0.002978446310059597
end:0.012018815122557818
of:0.004320901901460859
echo:0.026186029706398245
they:0.008292618884513277
who:0.011493803326523095
cares:0.022506564041820016
up:0.005970934979343932
one:0.008740541402449977
in:0.003948437819877566
our:0.009910112991023972
and:0.0016968773977368437
for:0.002891989892551769
subject:0.00011865314174230354
i:0.0059390708920789535
any:0.004547943405728032
pretty:0.012791200252976118
later:0.014201831239812016
coverage:0.04113924128810709
the:0.004355017391047862
see:0.023591810152149017
scores:0.02306284467717115
canada:0.033072067493392414
putting:0.017866908920168952
can:0.007685031043890785
because:0.00784321021730895
country:0.014981129368978365
did:0.007306271304190957
ends:0.021027167174064398
instead:0.013634374718153961
wants:0.015646822944861107
here:0.0160035636055413
people:0.0066901028447694105
about:0.004377849690319429
beloved:0.026928492304901207
paul:0.014555655516040255
is:0.004776402255834025
night:0.014879265984817886
done:0.011771838006314215
time:0.0070200443106831715
detroit:0.021108223118730094
tonight:0.02159775013694532
02:0.025700699519887172
hear:0.014727473618928033
first:0.008344688130626849
too:0.008677857190508873
count:0.018948313673488044
late:0.017129506602805197
article:0.0036014794680737823
shown:0.018352744875607393
going:0.00967918081799859
by:0.004401935443631849
god:0.011791903252334333
jets:0.0459579694938589
s:0.005514989163164607
news:0.040918353548845585
