okay:0.02742526200957004
trend:0.03545499543633744
out:0.00750431273299656
round:0.08408947819106825
jhunix.hcf.jhu.edu:0.07872023893492212
ever:0.016837083164521406
c:0.03294391968699312
cup:0.027893430557295686
kings:0.03323648146010676
liu:0.07905113685088723
my:0.006052320135861792
to:0.004389169299652327
remember:0.03544743995568449
caps:0.16406855160165254
band:0.03174068788636536
playoffs:0.0292743715309589
been:0.009345480173384964
make:0.01121070371560321
that:0.011047918007467414
through:0.015092122891877878
nt:0.004548271030079226
brought:0.024677661417424633
islanders:0.0346266315621451
anyone:0.010655507959499308
this:0.006687674374158204
you:0.00354012095164791
holes:0.030530219078162397
3:0.014913795825717323
why:0.011335812612445902
a:0.0008894930737875128
other:0.008785401196381598
baltimore:0.033299234940635504
series:0.022849365355208068
was:0.005639879835040673
steve:0.04085546301699856
stanley:0.03149847517560587
washington:0.0489071762473184
sig:0.030058193777820222
third:0.02326614647559163
are:0.008189953905748096
brian:0.023796672068654642
internet:0.018194483714105772
ot:0.03184021220421938
terry:0.03447314397246955
it:0.004367585092228943
not:0.0076803822748530565
have:0.0032563733321506554
made:0.014812608610942685
between:0.01479532386016819
second:0.01751398583854947
has:0.006782003018385676
his:0.011747955678377432
noticed:0.0258356880328301
greatest:0.03174068788636536
of:0.002476950134595397
but:0.008474945506374653
dr:0.024960793663098734
year:0.04728842132884685
years:0.014202391229174481
again:0.015553306612152982
loss:0.027107335949813908
they:0.011884326426850238
in:0.003395153539385168
world:0.016058921584284565
female:0.034323268192786784
p.s:0.02888428474598617
and:0.0012159153327732162
still:0.013004516447321958
capitals:0.07281485372580818
subject:0.0001700443114141293
i:0.0024318306655464325
we:0.008584356087350127
the:0.008641754254651563
do:0.004575273368831189
rock:0.031040045241688106
got:0.014090151730131046
fan:0.02547487888846926
did:0.01047077097734373
sport:0.03194131633897281
record:0.024564639472844554
finally:0.023162576278956085
address:0.02033644174480007
about:0.00627398840969345
head:0.021992737168507536
is:0.0034225812342759732
does:0.0077610752505574854
man:0.018458912985956682
break:0.02499494616718399
history:0.021152914677394146
first:0.03587684387371416
every:0.015491391891320995
under:0.015460658771373498
orioles:0.038308656089375406
existed:0.032254629996238876
golf:0.03672333094659436
before:0.02708527728946044
past:0.021041493292378113
answer:0.019339306000820743
by:0.006308506209026536
champions:0.07221290614809421
god:0.016899224406211624
s:0.003951823444942792
