happen:0.0393213049554339
defense:0.045630308700556815
ca:0.02391335576851536
turn:0.07956925894684919
goals:0.053690159637300366
my:0.011049003038724433
weekend:0.05868964949911967
nt:0.008303238973516727
could:0.017547780875884388
happened:0.03921280114812129
this:0.012208893915614395
muscle:0.06573774023830939
off:0.0253890400925157
game:0.034558245440819625
on:0.011790902912541626
a:0.0032476840135962676
how:0.06117967428972671
wings:0.05314070748787542
was:0.01029605969885332
wise:0.05691093618770773
jason:0.05302205434631447
jake:0.06321373436345093
it:0.011960073130464138
leafs:0.2317808371236912
goalie:0.06213128758361358
get:0.030566836634677262
were:0.01803841043572441
gives:0.042285168323210526
what:0.021405630302247236
up:0.015621632213399822
in:0.006198129135854319
leaf:0.2155653054555135
figured:0.05990409907316151
or:0.015681661807048497
and:0.0022197524098301735
few:0.026577063964026586
subject:0.0003104297313025383
i:0.00665925722949052
games:0.038719421995450296
wing:0.06522085927818341
caught:0.05250260736897037
predicted:0.06488861076139206
the:0.007011655906874911
around:0.027525516664577157
major:0.038097999682765026
did:0.09557622345598636
just:0.013655680970533558
here:0.020934894251434837
is:0.0031241003126821383
1:0.022773533627031495
slot:0.05928102644369515
very:0.020270261532365667
satellite:0.05691093618770773
jets:0.06011943683789682
