final:0.1836499236779331
1992:0.09395110797343552
my:0.022624149079292888
player:0.18510776347886676
then:0.03799715118513817
matthew:0.10205410335289274
playoff:0.11085034754000662
server:0.09529663678922938
you:0.013233309271636235
as:0.03810067429604849
season:0.09088653401656473
are:0.015307413847648227
be:0.013772887074701697
stats:0.3317573836610862
if:0.01595596237531927
of:0.0046295377515652054
well:0.04006828357507963
must:0.05517762922570231
box:0.07544140501682398
in:0.004230469092725964
message:0.07731714020380288
and:0.004545207315366545
for:0.007746401497906523
subject:0.0012712836615246807
the:0.007178600095133838
nhl:0.2031976809226055
scores:0.12355095362770259
receiving:0.1211788145574921
interested:0.06850181465273618
stat:0.13809640796872577
1993:0.07213466197643183
e-mail:0.0654689470631492
