another:0.048206637617143014
at:0.009575706657113381
louis:0.05123045312606478
happen:0.03675687202355778
times:0.030548653711880723
from:0.009201872330762778
goals:0.05018862748704164
to:0.002996085130632241
observers:0.06514079131316276
most:0.020180385477902584
nt:0.007761723388287375
this:0.00570633085186325
he:0.017284056603480816
best:0.07940791565091633
employed:0.061287041120978984
you:0.006041293363138281
roger:0.04797559536485426
beat:0.047238393230737294
a:0.0015179392672243423
wings:0.09935001834689752
was:0.009624577544580277
as:0.017393786091674312
red:0.07853519467266415
route:0.05560557156313796
21:0.04408916327341658
minutes:0.04331703530475624
team:0.06963531671074993
victory:0.0588291696051926
love:0.03556758087153748
penalties:0.058700534195986045
watched:0.05416617389303653
again:0.05308411169800039
goaltender:0.13490248353901407
easy:0.036018277872378344
en:0.061616447093754294
over:0.02180370383173215
in:0.011587806645292856
shock:0.06425298662822507
tactics:0.0588291696051926
world:0.054809797581145146
p.s:0.049291659838259
and:0.00207498594831951
for:0.0035364006838268913
i:0.00207498594831951
we:0.029298780558999347
collected:0.061956148653581525
the:0.00819296749988101
nhl:0.046382079341029524
would:0.010137496153308435
did:0.0178685982982931
once:0.029163382553531587
potvin:0.061287041120978984
inferior:0.06468782722185223
joe:0.043255100292640604
number:0.027198530960845197
detroit:0.10324674351552762
six:0.18423036244456675
told:0.03369804094270793
felix:0.061616447093754294
april:0.03697993328139252
bad:0.029789141812460694
by:0.01076560298714311
