since:0.026326600307943173
know:0.01623519902181976
where:0.02430864208202318
my:0.012502819228030279
to:0.0054402598424638056
playoffs:0.06047468855737562
that:0.013693603635571452
nt:0.018791540834801012
re:0.004920269773396981
happened:0.0443723802465583
file:0.03998007740076854
had:0.02018958533792283
he:0.020922805362108356
something:0.02619291206794109
game:0.0391053829988222
on:0.006671168753148551
roger:0.17422716211447073
reader:0.0677862173722617
ray:0.11415181227864919
a:0.0018375054287452564
speaking:0.05546683274776837
as:0.021055635795184695
files:0.043543573218259066
leafs:0.06556957892314949
admit:0.053948647561994086
have:0.0067269817519428005
ve:0.02401491709246624
moved:0.058665859733315055
which:0.016998583322598917
kill:0.0972271607000891
whatever:0.04348632340464951
of:0.0025584287574439294
year:0.032562641002758574
seems:0.031006409070803657
must:0.03049290036157233
find:0.027847983390439344
now:0.021735715761555845
good:0.021315919096835514
in:0.00233789081440119
and:0.005023650190668287
subject:0.0007025514971583761
however:0.03154077505522254
i:0.010047300381336574
ol:0.0745883306924394
the:0.002975340828904156
last:0.028686349369203917
long:0.031319884804060324
about:0.012960739214761466
unlike:0.06068410244297955
touch:0.0628183710565895
new:0.0226842048010993
does:0.0320654951141454
gone:0.05170522890635214
him:0.03153309609688563
s:0.02449090582326388
news:0.04037995416004498
