report:0.022728911517812908
go:0.011649294920922917
know:0.014776947612674275
versus:0.0324088838543576
differ:0.032626654178734095
where:0.011062615558285999
contract:0.030424709387564534
cup:0.02622316525446361
from:0.010138589873415278
to:0.010728496455796887
within:0.019379941415106693
player:0.02327702415003714
important:0.01881658259265403
wc:0.06826306198957487
playoffs:0.027521415151859564
class:0.023761495039934147
that:0.006231819618583416
really:0.011685004450245066
through:0.014188402958232496
could:0.009036581768419505
re:0.0022391646872944346
tells:0.026508982037824032
michael:0.017992186836369398
this:0.003143607415397719
93:0.02192224847787067
he:0.009521755733654104
on:0.003035980989456826
them:0.008777599829534377
more:0.007613287579764826
a:0.0016724600309537666
how:0.007876425133108529
as:0.00958220551158106
steve:0.01920451405290052
part:0.014666000673133396
sweden:0.031864142667496965
also:0.008883216357362674
organization:0.06883532745120127
are:0.007699537504206294
results:0.02193463322675725
permission:0.02993361267103259
play:0.1150389784232494
18:0.02315418858217425
it:0.0020530265253890538
have:0.006122761834103627
only:0.007985246935744232
rights:0.020797601315525785
allowed:0.022945109150400426
regarding:0.023694589048328607
minor:0.026023545971424138
access.digex.net:0.029702386107393185
writes:0.003959655036033308
certainly:0.03683541649407954
of:0.002328629767254355
keeping:0.025030777978353815
gives:0.021775595663449734
what:0.005511629359261265
but:0.003983731869762936
whalers:0.11347436906415936
they:0.005586345056932597
policy:0.022974534388738324
in:0.002127900621490904
wcs:0.03800354994643445
or:0.008075586319797429
force:0.021401222268351925
and:0.005715530157047752
for:0.005844590351713904
however:0.014353885653873731
forced:0.027184404158454835
i:0.002286212062819101
oilers:0.0348368186334484
back:0.012612914491422381
league:0.046585114589619746
rangers:0.0838374371846803
decide:0.02451321806354958
than:0.008566474743829109
the:0.006770236616668141
nhl:0.05110360837574511
holding:0.027584781075994515
did:0.00984377870325129
an:0.0053766355602499205
long:0.014253360749153203
is:0.006435272500375184
chose:0.03002866266598043
win:0.020296259901966117
having:0.015670008337846476
lack:0.023230665023368784
does:0.014592680411227847
their:0.01812794752792472
springfield:0.07886232173053355
wanted:0.036468981910731765
reflect:0.02833001565367958
under:0.014534870820991853
him:0.02870078207620728
ranger:0.03748252373691571
article:0.004852292696506593
players:0.04445357979686099
april:0.02037217881370127
happy:0.022743084362185757
while:0.012996062909452231
