go:0.04687788558540066
canucks:0.0717021699326555
at:0.0106140362946317
out:0.014194904808198312
louis:0.17035668750354072
technology:0.08114861893534803
your:0.015179906291340514
ca:0.024777693928823147
wrote:0.031031023791480258
except:0.03884772793980498
to:0.004981442747316256
respect:0.049245279384748444
make:0.021205788956020526
gee:0.06101176999288559
nt:0.008603356044848657
re:0.004505307262387597
lost:0.04222296776286567
this:0.006325089618932759
shot:0.04791123307937032
bell:0.05377353071060932
you:0.006696373366370143
inc:0.04410862043137833
them:0.01766095387388242
8:0.03557218412498634
vs:0.04116399933811256
a:0.003365070182762398
team:0.03859306709270479
no:0.013563201640753132
it:0.004130788310120145
should:0.019792917376306986
have:0.012319291883075973
feel:0.03670212872585756
mo:0.0672339822346954
greg:0.10552454451796199
get:0.015835831027603883
of:0.002342657657418538
losing:0.059314692490276
year:0.029816394171200626
vancouver:0.05940295803355399
they:0.033719986427990734
david:0.060155306972156486
good:0.01951819098023493
chance:0.04331394612063379
rodney:0.07246336151845709
in:0.00428143859986724
resources:0.053177768356224
st:0.13867761118985422
blues:0.06657364203596051
and:0.0022999844246433124
rogers:0.06657364203596051
subject:0.00032165008303636504
winnipeg:0.0628690070992381
rm:0.06195927755094719
twice:0.054341947099465826
i:0.004599968849286625
eyes:0.05206794559829863
the:0.0018162723132266337
see:0.02131790073989369
maybe:0.03190256725713644
laboratory:0.05767294695388825
detroit:0.05722108676764182
chicago:0.05087589803378172
advanced:0.055695717800514556
article:0.009763046750802423
checked:0.05422609819947256
smythe:0.07246336151845709
