bottom:0.030110833072812218
some:0.007835817953915128
simply:0.02052780765022409
phoenix:0.039672985032192666
at:0.01182503372422055
there:0.0061595905072291774
surely:0.030110833072812218
know:0.008281041111800683
your:0.00845592095423666
with:0.0039250159516077
way:0.011626663218433177
maynard:0.14115793084162312
though:0.016681504708796507
response:0.023567775520988873
companies:0.026688807688508297
work:0.013591090362351031
post:0.017332736942491142
name:0.03707694638698324
my:0.012754553843359748
to:0.0036998635170223644
otherwise:0.023848220346389504
perhaps:0.019385647903624466
that:0.004656437925294991
gee:0.03398642221080204
nt:0.009584947002985752
rec.sport.hockey:0.043234248462140114
re:0.002509667803880339
worried:0.033764537229185335
so:0.02057336773258228
this:0.003523372069606839
he:0.021344069899600474
these:0.011118362235563372
on:0.006805487587104563
you:0.011190583679370238
disclaimer:0.050390007074821296
them:0.009837981016994905
roger:0.08886754577650856
why:0.011944446846671184
a:0.004686255455860386
as:0.010739787385463334
standard:0.020429829130619036
whole:0.020079969631055638
are:0.004314841487256547
no:0.007555340511292012
internet:0.01917136874573561
d:0.01222714243206064
reason:0.017934308214822333
not:0.008092751792965971
should:0.011025584847204561
clever:0.039941477210808096
have:0.006862424337552387
postings:0.03091717073618177
always:0.017831920120796693
his:0.012378718399364138
list:0.01954113152296362
be:0.007764580632717736
writes:0.004438002624278942
if:0.004497653823915498
end:0.018149217466949728
of:0.003914911118773261
seen:0.017399093225653375
what:0.00617746377850088
who:0.008678207209623142
net:0.022249278422137465
in:0.0035774436623051773
or:0.004525580253040841
ali:0.04201061385278472
and:0.002562398754971744
for:0.00436709883103455
subject:0.00017917420732898185
rm:0.034514228434420244
i:0.002562398754971744
morons:0.039672985032192666
the:0.005058745033483577
nhl:0.028638599324662523
views:0.054363581129354216
would:0.006259393598015947
agree:0.020245336771573415
claim:0.021914356005369034
ramsey.cs.laurentian.ca:0.07416929246959358
maybe:0.017771228740552508
put:0.016694357715079055
may:0.012490104211005576
mr:0.0226641320690162
expressed:0.027582276010894545
many:0.024875181578229443
disclaimers:0.07330300359526377
is:0.0018031719925547913
either:0.016802434275928577
write:0.021840093456292037
does:0.01635555455486611
little:0.015740528200660832
opinions:0.01916516882899357
letter:0.08216877220954744
represent:0.03225602550407653
s:0.00832800376987944
share:0.027389590736515812
