out:0.017326133810006764
louis:0.06931178952349941
played:0.05965004442874008
know:0.018145222436151496
technology:0.09904904958285125
saw:0.049961479163756685
where:0.027168482326967083
hawks:0.08555512811449828
from:0.012449591976914347
wrote:0.037876102569012665
to:0.00405352694144362
hardly:0.06421524780278709
next:0.07877588305144632
like:0.017127045051598136
nt:0.010501155172388801
jbrown:0.08877114577574578
me:0.01593512765300801
re:0.005499125040855449
he:0.023384311875297575
bell:0.06563533895559667
you:0.008173514550128262
tell:0.03544154490621254
inc:0.053838463173594135
8:0.0434189894466745
want:0.027832323054590904
was:0.026042974532393695
as:0.023532769418147602
far:0.036608501060608846
it:0.005041991613823117
mo:0.0820650077276429
love:0.048120844708550714
of:0.002859420375966745
what:0.013535913279362223
but:0.009783576797800151
year:0.03639353994425958
well:0.02474805750225507
david:0.07342485998072042
in:0.0026129367925660364
resources:0.06490815843480283
st:0.05642275357234265
subject:0.0003926023072355632
rm:0.07562676524600907
i:0.008422001790238012
any:0.03009668430261198
offense:0.07317008753037427
the:0.001108460308807431
do:0.01056349880744848
when:0.01923050651240788
can:0.012714205771142843
maybe:0.03893989826974006
come:0.03531167168337365
laboratory:0.07039492054665772
people:0.02213636970695761
is:0.003951068042509763
guys:0.05712758396310663
right:0.028527552849857345
advanced:0.06798153790356923
article:0.011916660004655896
hawk:0.08555512811449828
