played:0.039380611855867234
with:0.0056779356969858955
overtime:0.1684269143293577
into:0.01738644566002317
tight:0.05047290779980253
to:0.001338057436981389
player:0.03774041779666215
montreal:0.2393420153779117
puck:0.10703625363562527
like:0.011307175373870612
could:0.014651545197340361
so:0.009920491236746796
anyone:0.016241890773217388
off:0.021198615999576217
getting:0.026332054099268795
goal:0.08143934299727819
game:0.028854457358354246
tell:0.023398301491480124
state:0.025803042591656465
a:0.0027116584967891164
series:0.03482864427929773
was:0.04298355019909639
deserved:0.057391017182492295
definitely:0.04131894897204644
also:0.014402884773588023
third:0.035463932006484324
it:0.013314773970484348
not:0.011706990457785725
won:0.041957664899599866
university:0.022818835937851004
second:0.05339215100295663
after:0.01873022997732962
directed:0.05047290779980253
stick:0.08206464669620313
down:0.02295500560148697
were:0.015061197062837855
if:0.006506314754984556
of:0.0018877726753955208
but:0.0064590604101981575
ok:0.03168785621855273
anyways:0.05488782194654958
they:0.018114944165198904
who:0.012553911400328624
david:0.024237332420820327
michigan:0.05001701476011543
in:0.010350273896766436
and:0.0018533855072368438
subject:0.0002591937562331873
i:0.0018533855072368438
period:0.03680593430676326
back:0.020450065243374147
the:0.005854392310594586
see:0.01717850253797258
gods:0.04704745756074677
because:0.017133226202859356
roy:0.048923100561046366
did:0.015960301392650148
last:0.021166626719024247
quebec:0.10209966842428078
hit:0.034754389708052516
is:0.002608472105734601
yesterday:0.042683136221890516
right:0.018833724211556303
their:0.029391914923916775
first:0.01822868766399069
dave:0.03404150166383099
kicked:0.055652684838327394
by:0.009615878396283166
high:0.027158483744092438
