round:0.0363692784462747
computing:0.03605340065437225
final:0.031873127249889215
4:0.02053115292709652
florida:0.04220580127377304
my:0.007853010424217367
0:1.181331365705346
months:0.028064417685783636
michael:0.024832191749369334
pool:0.043626051331018156
sam:0.04074748360979323
ta:0.03815994817196555
state:0.02196457344579022
3:0.01935095822014562
includes:0.03113846587960619
a:0.0023082712823907356
air:0.0318523883110014
series:0.029647523642707986
colorado:0.038952080062793056
canadian:0.0401046926920851
team:0.026472930319789235
ontario:0.03925082811334108
royal:0.05045810565485673
university:0.0388485967206389
points:0.030290547838598615
500:0.034460968060740005
pit-6:1.8789809170262481
of:0.0016069469881466005
year:0.02045256790255911
beginning:0.033471791687081726
michigan:0.04257646710985033
over:0.016578022748093866
in:0.0014684272883842189
1990:0.03529707744085346
5:0.042956576643267484
and:0.0015776752664908673
completed:0.04443960565178884
subject:0.00022063600737205204
the:0.001868809115675338
canada:0.03074882308269956
quebec:0.04345564399876414
sean:0.0423520787704623
served:0.041781889749908985
2:0.016102558281780237
standings:0.09558111391693577
1:0.032372295734292705
mike:0.026408363875683502
students:0.039508308838793936
four:0.02899211695060309
dean:0.04118419833189555
s:0.0051275725690580025
