another:0.008730335946411727
out:0.004638492516064802
louis:0.07422364862358992
there:0.00722660618564683
uiuc.edu:0.022567821017117014
behind:0.013888749610231095
know:0.00971555217053781
all:0.0037561725615995714
opposing:0.021215563410502066
means:0.011159823702514775
curtis:0.022257660080687428
enhanced:0.021807225627231745
way:0.013640730862571207
hawks:0.045809044974691994
overtime:0.022766367684939424
someone:0.01735006389498441
from:0.006665923263229729
scheduled:0.02014060072365627
turn:0.01347038635714376
goals:0.018178557987432408
christ:0.014613676822983828
to:0.005425980945239491
stop:0.026172859169926278
reserved:0.02244080974854134
player:0.015304185169512607
city:0.014487344875930676
otherwise:0.013989704061464709
mail:0.012064234271007307
sweep:0.02403712907180183
make:0.006929450721849227
that:0.001365766241868019
realized:0.020621772506035203
puck:0.02170223252848308
think:0.005668299320978564
uxa.cso.uiuc.edu:0.017553564329653323
nt:0.005622665761594004
hot:0.016470937743155164
anything:0.009138744686296866
re:0.00294441340770213
getting:0.01067795894576648
he:0.006260366958741084
shot:0.03131206571328926
goal:0.03302461546740021
game:0.023401646518980218
sunday:0.017589850373373496
hull:0.024869054637420753
on:0.003992195474325117
you:0.004376369995344267
went:0.012844335689905841
them:0.0057710991005206335
bryan:0.020865376457681217
a:0.003298828643731642
how:0.005178594477280017
hard:0.010646588199116179
beating:0.0208237146099232
constantly:0.020543809406443944
was:0.017430337285460347
as:0.012600222995543597
red:0.014222909271427367
given:0.010975541571579846
attempted:0.020355399874248527
jason:0.03590469821876413
advance:0.012454729199514368
team:0.012611120349190935
are:0.002531147171658368
no:0.017728279309960786
caused:0.015678402279744753
reason:0.010520519385860346
it:0.006749122632676613
should:0.006467764339501888
probably:0.00939851856310712
rights:0.013674013463357504
campbell:0.022026004568786117
shame:0.020701310723820712
able:0.020767442725280857
second:0.010825573923827821
attack:0.015546053418331426
victory:0.021308203164085507
penalties:0.02126161081114455
goalie:0.021036577685790425
without:0.00884728537323817
be:0.013664439144979638
which:0.005086190285502039
breaks:0.021754379090491032
were:0.006107493297135036
things:0.008798133575355313
of:0.0022965423492016376
kept:0.01572352607312667
reasons:0.014317025495260257
looking:0.010212147029160016
powerful:0.01811556451756453
blackhawks:0.05046545825225108
finals:0.021970159549132746
easy:0.013045990410467747
must:0.009123859950706682
they:0.007345823815021604
who:0.0050907593473773554
clear:0.012983270638529974
one:0.0038713027865181987
in:0.0006995263854113798
gon:0.0188208872814727
st:0.060421216423925984
world:0.02977855144172453
blues:0.10877189545245516
watching:0.01677009485724147
gets:0.013139040718081906
few:0.008998533468134987
for:0.006404505175434528
subject:0.00010510612949613503
i:0.003006278854258188
6:0.011568305639996829
back:0.00829274299239188
wing:0.02208265314143218
caught:0.01777647336114745
will:0.008923664133096728
joseph:0.04823856648004431
the:0.0074188288384749316
do:0.002828023302781483
see:0.00696608567484715
when:0.005148324578124945
would:0.003671849000410929
can:0.010211409359500552
conference:0.01715867507492275
because:0.027790902344795494
did:0.006472090722216399
na:0.01715867507492275
come:0.009453518403422867
an:0.0035350320415816405
here:0.007088192541824394
finally:0.028634050990520514
entire:0.014682748908223627
hit:0.014093315511533106
is:0.001057766247601039
save:0.01426185130874525
throughout:0.018221120649260028
win:0.013344391352867486
their:0.005959384325124858
belong:0.019325301060591896
primary:0.01811556451756453
first:0.014783896294417646
little:0.009233616936608126
brett:0.020621772506035203
give:0.009304079808488215
resulted:0.021754379090491032
by:0.003899352263059709
while:0.008544655534954813
doubt:0.01370107204323058
murray:0.0211250534962316
