at:0.010010966050618535
pass:0.046128127502173814
media:0.044902911257900704
with:0.006645765645335765
hawks:0.06611078081574867
maynard:0.11950302099660139
led:0.04790317373670905
wrote:0.029267897439691604
to:0.003132270818388252
look:0.026945094594044438
ha:0.06424370068743872
that:0.007884196032601746
nt:0.008114528996845892
me:0.012313507731869826
this:0.005965709526947943
healthy:0.059296904423145017
on:0.011522927846347498
you:0.006315897606917294
tell:0.02738664833661878
roger:0.10031260849014982
3:0.026607567552700225
m:0.07777356318841318
more:0.014447943475235522
a:0.004760809519930892
wings:0.05193296413587826
gilmour:0.06673646010191944
jack:0.0971535431536349
lose:0.0477812015134919
those:0.021089950616904093
should:0.018668319798107725
leafs:0.11325654541271275
have:0.005809666058496055
2.10:0.15345586248097084
25:0.04179184713965469
get:0.014936067901035481
if:0.007615345679129651
please:0.021766083601196078
in:0.0020190875215283007
blues:0.06279104873846275
message:0.03690136236999684
and:0.004338606982849885
few:0.025973039783025984
usenet:0.04641134805276991
for:0.0036971461694553865
subject:0.0003033745101365716
doug:0.0491095395983953
rose:0.11205557992693138
6:0.03339033673362721
back:0.02393587181894929
games:0.037839435131917336
will:0.012878469828446414
joseph:0.04641134805276991
the:0.005139225068107179
do:0.016325407247874926
extra:0.04414404215330967
potvin:0.06407281571738713
ramsey.cs.laurentian.ca:0.06279104873846275
gateway:0.05483887006484215
is:0.006106196065696907
days:0.033843779824433776
entered:0.056986212104758315
felix:0.06441719468892496
april:0.03866083933963764
give:0.02685495762904553
by:0.011254948577467797
