go:0.007940539803241336
feeling:0.017823007553426622
at:0.0035957755610384946
round:0.01796197017142547
hours:0.015984385210410703
remind:0.021545927392053868
ever:0.010789477782979024
where:0.01508127998558173
wonder:0.015062725338028281
with:0.002387050517508357
decision:0.01716222748239709
ca:0.008394075902417638
from:0.0034553969568578598
post:0.010541133895637472
sell:0.01420437673053293
themselves:0.013210000882950277
darren:0.07476037694984895
both:0.009166139111462196
my:0.0038784255564502097
to:0.004500242155398631
commitment:0.023013909318898233
remember:0.01135764912865809
prime:0.020501301375167334
within:0.013210000882950277
centre:0.020435993859467573
make:0.0071840019728559345
that:0.007079686233356669
like:0.004753628830647646
really:0.01592976116890552
signed:0.020184737153347437
nt:0.005829212667121947
could:0.006159629205412479
cant:0.022953439580999702
re:0.003052575532883025
so:0.004170655499530287
espn:0.02040372782066303
comments:0.01503675515930245
this:0.006428356388221457
mean:0.010789477782979024
off:0.00891207121614837
30:0.013971859079077106
generation:0.018935076389568317
these:0.006761779482036501
game:0.04852259768017123
on:0.0020694237764868977
argued:0.02260830738496679
you:0.004537134607418138
seeing:0.01636036598146297
came:0.012321333601950804
sure:0.008906302123098791
a:0.0017100050520568102
air:0.01573117953318845
hockey:0.04815065826710823
was:0.007228254155929679
as:0.019594632495110655
ending:0.02339684301366417
canadian:0.01980680741119305
frankly:0.02307528841018207
worst:0.01759065679099393
no:0.013784641667540936
play:0.013069054011348743
d:0.007436098866845043
reason:0.010906987444932768
it:0.0013994099173060082
should:0.013410711365171264
leafs:0.020339951012895353
being:0.00794205685683734
only:0.005443005054160354
ve:0.0074495253021527935
complaints:0.021379307006256905
university:0.0095932249044843
shame:0.021461767036124332
hope:0.011789638929143044
always:0.010844718767341664
earlier:0.01610590422401752
west:0.01664452775402526
cbc:0.20927716565015142
network:0.014993835387875824
be:0.0023610663556631484
soon:0.029363213363587517
interviews:0.02397064689375066
if:0.0027353078357690176
of:0.004761810258752783
andy:0.018293094844129013
central:0.018695551892310806
least:0.009827193398801969
echo:0.02404839462832492
they:0.01142350560621727
who:0.01583330050082263
over:0.008187513275589217
one:0.008027027818576511
in:0.003626116365193683
minute:0.018254948466911714
or:0.002752291664094226
and:0.0031167135876799174
gets:0.013621699356705324
for:0.007967727254989567
subject:0.00010896717098782979
i:0.0038958919845998963
possible:0.010518251522304418
ways:0.014564646454200386
schedule:0.0416177001972064
later:0.013042498077378383
coverage:0.037780935876833045
the:0.005230122926454654
see:0.028887930798549816
scores:0.021180163479034734
canada:0.030372306881686913
putting:0.016408385743012305
got:0.009029199271961528
would:0.007613466498811234
can:0.0070576815709201095
ends:0.019310663731283633
instead:0.01252136453708017
wants:0.028739062551785707
people:0.024575888001193757
about:0.00804094841079079
is:0.0043864918676026765
night:0.01366463202687357
time:0.0128939589379895
lot:0.010116544441899555
02:0.023602683232549448
goes:0.013155213044859906
six:0.017295095249898106
first:0.00766348909955527
count:0.01740151255728494
late:0.01573117953318845
show:0.012285994570346256
article:0.003307481144149392
advertising:0.021994910637826635
going:0.017778087216732102
by:0.004042593774763944
says:0.010453170385418646
jets:0.021103149257384192
plenty:0.01902578307032224
s:0.0025323929830857895
news:0.06263013298292691
