okay:0.03529316504510243
believe:0.017808785904347053
go:0.015946165998312518
at:0.007221024692249435
out:0.009657189336725082
all:0.007820228120051568
jhunix.hcf.jhu.edu:0.10130391403920307
with:0.009587334045730285
c:0.02119752209368
liu:0.05086487084257908
to:0.0033890143280922067
remember:0.022808393741977313
caps:0.16890991869809474
playoffs:0.07534551361246798
make:0.014426889207784456
that:0.00853044160904451
nt:0.017559308648912423
re:0.0030650860883456605
penalty:0.03972039449800752
so:0.008375496699876394
anyone:0.013712415980667142
you:0.004555729421382966
ta:0.0378471617115396
sure:0.017885606722616423
a:0.002289351025977697
hard:0.02216584756209434
was:0.014515756296744026
as:0.013116625577328171
steve:0.02628814628552776
washington:0.031468961765692575
are:0.005269765422960865
play:0.02624523141623313
ot:0.08194939862397446
terry:0.044362980358014094
it:0.002810290407704688
have:0.008381157592584473
be:0.004741485714241569
boston:0.034178501109422464
soon:0.029483554401962875
po:0.04277153761669477
of:0.003187550583044896
but:0.00545314116598697
year:0.04056984780671561
robbie:0.05086487084257908
killing:0.033172480752095584
again:0.020015320804164082
they:0.00764688216809626
up:0.022023940497580077
in:0.004369172997405504
according:0.028192837742509986
and:0.003129487004022868
capitals:0.04685218047111428
subject:0.0002188275155083467
i:0.001564743502011434
power:0.022146354755496245
the:0.006178303360566007
do:0.017663555382946637
got:0.0181324083740211
can:0.007086606495391093
did:0.013474680683958733
may:0.015254307601965828
last:0.017870184852946704
record:0.03161187210849668
about:0.00807390311739239
is:0.0022022346466447863
does:0.019975226464549595
lot:0.020316011379224515
break:0.03216562744465481
history:0.02722137380615476
1:0.032106949047946046
first:0.03077958736706625
chicago:0.03461229128527773
fans:0.03371311983235622
psuvm.psu.edu:0.04097469931198723
article:0.006642072789480337
golf:0.04725871277553536
give:0.03874157821895093
before:0.017427821862480694
mike:0.02619190187670249
says:0.020992022495307936
seem:0.022620594712260148
s:0.015256629857115204
