out:0.016594043649020562
say:0.02672598555306399
watch:0.054143152684145775
o:0.049309563152111005
cup:0.06167983940134398
to:0.0019411255775927195
caps:0.07255989465199844
playoffs:0.06473346944169785
us:0.02901234346739431
t:0.03628553598592172
make:0.024789865962671884
that:0.004885980639922209
r:0.04366506713703
nt:0.01005744439045688
re:0.010533535289525931
them:0.02064590382439776
winning:0.06597246624375358
came:0.0425172779222246
beat:0.06121031235532157
prove:0.05530842732272673
a:0.0039338144390039295
bring:0.053427703482944726
said:0.061732530384885416
ratio:0.07510198445076313
third:0.05144767600940684
l:0.09309748109164402
d:0.025659777779958245
it:0.004828949714647492
not:0.008491690261633308
has:0.014996823575866916
g:0.04978876001424651
of:0.0027385997967005445
but:0.009370186228879017
they:0.052558852084943306
in:0.0025025310125984575
and:0.005377428373109717
subject:0.0003760134773523704
i:0.0026887141865548584
we:0.056946925593548026
back:0.02966699605728926
the:0.0053081197886553026
wrong:0.03723129657506846
would:0.026271821017024678
come:0.033819629217878996
jonathan:0.06733106154216995
here:0.02535775923413234
e:0.08763069566348808
chopin.udel.edu:0.08005939886142761
n:0.05156359853245636
going:0.030673460338727924
s:0.02621561750095852
isles:0.17555443633455797
