tv:0.01994032134869296
penguins:0.08208488689546833
cable:0.022724460333627624
duties:0.0317707258565827
all:0.00502140963498048
corner:0.025797147262693308
with:0.006156077650416288
post:0.04077754428049232
surprise:0.025612456105791884
often:0.01635431783304582
both:0.011819495170043357
to:0.0036268398949758705
cs.cmu.edu:0.05452275061483122
then:0.008399370261977911
published:0.021579459024797635
randy:0.026393614027467007
badly:0.02751568360884091
that:0.005477441454228581
guy:0.01782279340499405
considering:0.02108089450186891
pittsburgh:0.023276660017098667
like:0.006129679281624596
nt:0.0037583081669602027
me:0.005703098317918656
anything:0.012217058685891598
re:0.0019681079093587924
espn:0.02631007008453917
had:0.008075834135169132
this:0.0027630654651127316
off:0.011491881305033423
he:0.025107366434530033
contact:0.018316169994634566
game:0.04692645959858665
starting:0.0206395893835643
on:0.005336935002518841
mn:0.030169613359724852
bill:0.0162921782931143
m:0.007204287958505642
jobs:0.02598855591622423
a:0.0029400086859924105
how:0.013845926286622361
hockey:0.04139267114190006
as:0.008422254318073879
running:0.015934002170772114
said:0.011534235940333853
cherry:0.09396758059595378
pens:0.10574355446138939
plans:0.024503761035159357
others:0.01419120117404419
are:0.006767488227381321
yeah:0.020811697074674486
it:0.001804502261789326
have:0.005381585401554241
being:0.010241073315395517
rights:0.01827999694575161
money:0.01631694614067963
color:0.019445432140017822
sports:0.02526144887158835
craig:0.07207872226248183
channel:0.02550467436187851
has:0.016812228535050804
open:0.017394529361859805
coach:0.026832464600830434
considered:0.018120226090590587
writes:0.0034803283737766437
of:0.004093486011910287
but:0.0035014906434232117
well:0.008857199527122868
they:0.004910103286882861
talks:0.02519397156406697
depending:0.023688242897664327
president:0.01981820083774736
in:0.0037406253030419045
preliminary:0.031889004045277745
and:0.009042570343202917
for:0.006849449745517347
subject:0.00014051029943167525
spoke:0.026971587006452306
doug:0.022745470971888348
i:0.0010047300381336576
vela.acs.oakland.edu:0.030435038905129545
stan:0.029082169942024852
don:0.07039903167997807
games:0.03505126622746027
will:0.005964764973175181
the:0.0035704089946849878
do:0.0037806206258236665
canada:0.01958214522635077
quote:0.02123662059231889
would:0.014726047043753307
radio:0.0188807913724614
an:0.009451559353281439
jim:0.01782279340499405
just:0.006180992439294136
people:0.007922490210911143
about:0.005184295685904587
current:0.016643398545951673
interested:0.01514250639692063
entire:0.019628516961520008
paul:0.017236960479521352
is:0.0014140664573192836
deal:0.017349026272423733
length:0.024330234618119513
night:0.03524036680614762
morning:0.022579688513681136
yesterday:0.023138752793972227
new:0.009073681920439721
mouth:0.025434026886446193
show:0.03168493336562982
article:0.004264909896403163
confirmed:0.028064425768443067
sign:0.022809010873121344
upon:0.0182530293825944
mike:0.03363591609429162
north:0.02112713044689908
giving:0.019965089196258293
s:0.019592724658611105
