go:0.02431790314742659
name:0.03452790632287814
hamilton:0.2756183531117351
to:0.006890995800454155
then:0.039897008744395085
think:0.017996850344106943
re:0.0046742562847271315
something:0.024883266464544036
a:0.0017456301573079939
utah:0.07250061418358104
oil:0.0560226029601451
are:0.016072784540030638
those:0.023198945678594502
play:0.04002397790975552
caused:0.049778927238189594
it:0.00428569287174965
have:0.019171897993036983
only:0.016669202978366084
tom:0.04744660279343444
if:0.025130640741127846
of:0.0024305073195717334
andy:0.0560226029601451
what:0.023011052574915782
years:0.027872192787254918
tire:0.07185944800373666
again:0.030523364226350228
fire:0.04496242046299338
they:0.023322990612693592
in:0.006662988821043393
or:0.016857786442577134
and:0.0023862338405674366
few:0.02857034376132858
subject:0.00033371196115022873
i:0.0023862338405674366
oilers:0.1454437177946471
back:0.02632945900084422
will:0.014166316811291055
the:0.008479721362376846
nhl:0.05333939124218395
l.a:0.15036147515079845
around:0.029589930414420446
can:0.021614149810942836
about:0.012312702254023394
move:0.04421031394466272
division:0.04953209270150416
their:0.018921045232271425
guess:0.03745196578669567
change:0.037150113848881096
significant:0.05203659741879957
article:0.010129161003957513
by:0.012380443435214578
says:0.0320128343053446
