picks:0.099116480005154
choice:0.06504073576756109
round:0.07587383951722826
say:0.032716292659785234
bnr.ca:0.08046466672322765
with:0.01008323063430254
to:0.002376205448432467
playoffs:0.07924269535104392
that:0.0059811142316289105
signed:0.08526311383741587
on:0.008741531469642929
a:0.004815531468435845
as:0.013795071727879627
overall:0.07988990085654503
ontario:0.08188534830541846
have:0.0176293314878501
second:0.047408547873314937
year:0.04266828821051124
2nd:0.07528684225154349
senators:0.30000254144930083
well:0.02901496396816112
who:0.022294015072997383
ottawa:0.17860901063479193
pick:0.1386225692082074
in:0.006126886272223809
5:0.04480815322271867
seasons:0.1003060122721704
and:0.0032913570214723265
for:0.005609463153656448
subject:0.000460292360207212
draft:0.08513492455314833
top:0.05830400389943647
league:0.06706650117643531
currently:0.062050577618229255
the:0.005198296620614159
agreement:0.08513492455314833
reports:0.06817624903772676
come:0.04139989093912773
last:0.03758900951826721
is:0.0046322866705286875
deal:0.05683301709931912
today:0.04895045285859229
their:0.026097993423822654
first:0.03237163498950071
sign:0.07471917354988027
playing:0.06905810267853608
mike:0.11018662168819666
