some:0.009340295001066833
dallas:0.02210244915593889
go:0.007781729007176509
at:0.0035238600498177244
mark:0.036043487571506286
minnesota:0.08062526972460442
there:0.007342231884617179
help:0.008560370880167189
truly:0.017433213876121515
way:0.006929491278186173
much:0.01397757495647945
profit:0.02210244915593889
owned:0.020156317431151104
ca:0.008226194384369284
cup:0.01751707438998169
from:0.01354515607088281
work:0.008100289855961215
to:0.0027563983201816617
line:0.011295214995223955
schools:0.019692477906771633
city:0.029438284787891136
enough:0.009728594107749585
been:0.005868961548885757
that:0.0069380925086895365
quite:0.010624797528437606
hour:0.018622858386721113
like:0.004658556254034693
really:0.007805582972763704
nt:0.008568942620669262
hot:0.016734472747045648
could:0.0060364366213042295
asking:0.014341731258553576
me:0.004334354721618179
so:0.0040872423895396805
had:0.012275267885457082
this:0.002099929753485676
he:0.019081598490242824
best:0.009740704319845736
you:0.0022231959576348875
possibly:0.015507814653589365
used:0.007897854033347463
them:0.005863436686128964
state:0.010630853547762465
support:0.010955825238134024
3:0.009365863778550478
m:0.010950517696928577
why:0.007118890320616026
more:0.005085676103282904
a:0.0033516099020313482
other:0.0055172319513276434
hockey:0.06291686013568809
price:0.012520576807375852
was:0.024792911754838796
owner:0.017927232947246432
as:0.00960136992260422
season:0.015268937714782875
drive:0.011295214995223955
stars:0.059799455977912336
college:0.01647806120227461
team:0.03843869482433397
are:0.0025716455264049023
d:0.007287376889508142
hoping:0.0191474183886909
it:0.0013714217189598878
not:0.007234920102911579
ones:0.013570519921507426
texas:0.01587267868667601
probably:0.009548894860116834
only:0.005334144953077147
ve:0.007300534796109737
shame:0.021032531695401844
always:0.01062782439199483
after:0.007716854750659806
doing:0.01072281162066126
feel:0.01218510673698471
be:0.0023138450285498853
get:0.0052574959011644894
were:0.012410426379778393
making:0.012298428763489614
of:0.002333287026788864
oklahoma:0.024235643074411086
but:0.002661132889001641
impression:0.018924450456657957
reading:0.013145288185451963
extent:0.01957736204857146
finals:0.02232168210191887
please:0.0076616614276210195
they:0.003731678498030975
one:0.00393324363110249
boxes:0.019721782067139922
in:0.0035535940378898095
5:0.010395491547670731
u.s:0.014110969603994793
cats:0.02364509907918683
moving:0.016963926326565328
or:0.013486229154061707
better:0.008944863485205613
and:0.0038179741449078986
for:0.00650697725824148
subject:0.00010678782756807318
i:0.006872353460834217
we:0.00539097562285588
back:0.00842542688027015
games:0.013319481166434903
the:0.006030024079912424
nhl:0.017068605197498865
interest:0.014611139986671543
see:0.014155086091289409
when:0.005230697771374943
would:0.0037305985844175043
can:0.006916527939501707
fan:0.015998223941958694
did:0.006575644173771862
an:0.007183185108493894
10:0.011561487031584659
just:0.0046975542538635435
during:0.011713478039209881
here:0.0072016036224935845
people:0.01204218512058494
about:0.007880129442574973
maintain:0.018280403375829146
is:0.003224071522687967
move:0.014147300462292069
sh:0.09623134409651102
run:0.01070733771354958
unless:0.012312245702961966
whoever:0.020156317431151104
wanted:0.02436127991636882
too:0.007810071471457986
under:0.009709293708422558
norm:0.023887597566452565
arena:0.022799862704518004
very:0.01394593993426758
opinions:0.01142244062208017
full:0.024717299871386027
origin:0.03876710503005534
supported:0.017483318915398234
high:0.011189295302566085
north:0.0160566191396433
defined:0.017483318915398234
main:0.014873668046507313
s:0.0024817451234240735
