prism.gatech.edu:0.03873038188610064
phoenix:0.09690614376715914
go:0.06378466399325007
music:0.037759495407303965
know:0.010113730538182802
faith:0.0306969354127442
braves:0.03939465409924101
post:0.02116867052812443
to:0.005648357213487011
gm:0.04035343833354843
player:0.03186281174636232
day:0.02084674619477764
next:0.021953934620894882
nyc:0.04861538850076137
puck:0.04518333657569428
williams:0.04370689259019822
quite:0.043544252165727895
like:0.01909244366407661
could:0.01236974717480375
re:0.0030650860883456605
hrivnak:0.10355311275253888
he:0.013033878750165864
on:0.008311620085889999
you:0.009111458842765933
roger:0.03617831781611961
names:0.03358112468836787
m:0.022439585444525772
more:0.010421467424760049
sure:0.017885606722616423
a:0.003434026538966545
hockey:0.03223199802033201
want:0.01551309809600149
gary:0.034792446258382445
question:0.017893328552025446
sig:0.0386814460911293
others:0.022101051008757346
pat:0.033222460914949015
are:0.01053953084592173
no:0.009227424067069754
internet:0.02341421264848038
magic:0.042227479674523685
it:0.002810290407704688
not:0.004941885316196434
have:0.0041905787962922365
kind:0.022586284401336556
friedman:0.048949995013222475
university:0.019265082799988963
open:0.027089840809453796
be:0.014224457142724705
writes:0.0054201835329308395
if:0.010986072455137857
of:0.003187550583044896
trying:0.022101051008757346
who:0.010598794051097118
now:0.013540281949821674
rest:0.026775662569449254
in:0.001456390999135168
ali:0.10261608957483481
and:0.001564743502011434
capitals:0.04685218047111428
for:0.0026667939582956887
subject:0.0002188275155083467
animals:0.040234643191724116
i:0.00782371751005717
we:0.011047081194376803
the:0.004324812352396206
nhl:0.06995329998974945
would:0.007644669230363738
fan:0.032783245782702246
effect:0.028412897169036114
once:0.021992058974794313
an:0.007359820807883088
long:0.019510747910726108
people:0.012338304426828832
columbia:0.04466107580203766
is:0.0022022346466447863
gave:0.030425196008507314
spent:0.03558887042603529
does:0.009987613232274798
fool:0.04053492297188624
change:0.024360730392708915
article:0.006642072789480337
going:0.017850948229915432
letter:0.06690244294657141
mike:0.05238380375340498
included:0.03067853647951614
emotional:0.0436173100448524
