22:0.025560408590507677
canucks:0.03651092088595341
out:0.007228080362456809
11:0.023706838267606816
final:0.023660419614948438
rw:0.11625901615775838
50:0.021172903614284852
valuable:0.03189392333361755
selanne:0.07520893663578804
with:0.007175796034227575
c:0.04759689009991951
4:0.015240917203550178
aurora.alaska.edu:0.03298890971697208
alexander:0.031223989027083857
dennis:0.03327766745229715
rd:0.0953311897253184
player:0.04769647893320494
most:0.022780312441313347
rookie:0.03580225286680099
13:0.02415790524212554
86:0.029328253800577093
12:0.02179990694240513
re:0.0022941135139765063
this:0.0032207511556528773
ld:0.11193681509498413
you:0.006819619501947508
regular:0.0496569650522167
pool:0.03238498288989691
8:0.01811344345014642
came:0.01851979590477268
3:0.014364821746243065
mogilny:0.03912493558111231
richard:0.02292072094956306
145:0.038402340270336954
season:0.0468372322539352
defenseman:0.0385751677363903
82:0.03195319886068342
usa:0.022359642245575
adam:0.05698899842030929
lw:0.1226695688130016
patrick:0.05626509239869021
pts:0.6796072212964892
it:0.002103407544417006
try:0.014947175903947195
60:0.024979504781539985
edition:0.029897466889233327
36:0.032134541205723566
points:0.022485621401659096
104:0.03731227169832804
goalie:0.03278092473736668
which:0.007925719831395815
stats:0.028494499210154647
g:0.04337425719032518
14:0.022907072513844585
sabres:0.10642927715290701
of:0.004771548112042666
andy:0.027495756054058944
what:0.01129376813492799
canadians:0.10611465568003645
year:0.045547743243122434
phil:0.05437367301430666
using:0.01352405262972344
find:0.01298433581394718
up:0.016484176323342144
in:0.001090059520825095
5:0.01594400544121278
total:0.022460217765671173
41:0.030716677886929788
and:0.001171157713161932
capitals:0.035067276180833995
for:0.0019960052939391043
subject:0.0001637850116074742
al:0.04674864025426051
76:0.032713134331314
i:0.001171157713161932
6:0.018026684862326347
improved:0.03154981617624918
bure:0.03775595673869384
flames:0.02743841947480595
the:0.0032369761165174054
see:0.010855127370620712
can:0.005304085843176156
roy:0.030914597287041573
come:0.014731249536622137
7:0.019579929625345435
10:0.017732342072982604
17:0.024124562935463226
15:0.020501906331169596
paul:0.020092162522141455
bruins:0.062134686005024586
is:0.0016482983244826006
today:0.01741795255091014
9:0.02184560524923329
2:0.011953432834941158
1993:0.018586845417240105
1:0.01201548399953809
16:0.021392593508129703
dave:0.02151088755444535
94:0.06685461653801957
april:0.02087210958213566
59:0.03238498288989691
jets:0.06343891494551075
vincent:0.07138341977651391
