some:0.011913641582993408
at:0.008989438902596235
11:0.039430761608366435
know:0.012590562506717364
finish:0.04994225012390678
c:0.02638875199417306
surprise:0.049656802654086306
to:0.0028126513471241443
then:0.016284493365059216
wc:0.05816291506254592
next:0.08199122521681149
teams:0.08440796199535014
that:0.0035398431166783345
britain:0.056800349831683444
re:0.0038157194161037807
winner:0.05624864349219083
this:0.016070890970553642
two:0.019028463598503177
fall:0.039798990075452366
pool:0.161594455440404
great:0.025727047844210985
them:0.01495774664828817
a:0.0014250042100473418
j:0.03116457815845778
norway:0.058832275087911355
team:0.06537192997335708
are:0.006560320220420668
no:0.011487201389617447
daniel:0.0436589795428402
play:0.09801790508511556
it:0.00349852479326502
have:0.00521684299130258
b:0.031233758637900424
anybody:0.031016276988905047
be:0.00590266588915787
which:0.013182574821607323
writes:0.006747575418546554
were:0.015829625484411212
if:0.013676539178845086
of:0.009920438039068299
year:0.05050532073897249
in:0.007252232730387366
or:0.006880729160235564
and:0.0038958919845998963
for:0.009959659068736958
subject:0.00027241792746957445
however:0.024460192899968498
top:0.06901290257484316
games:0.03397826828172169
will:0.03469302076234544
the:0.0069222215203076295
would:0.00951683312351404
last:0.044493113307336685
qualified:0.058832275087911355
is:0.0027415574172516724
spot:0.04924306699700111
does:0.012433559329974746
switzerland:0.05768822102545517
article:0.008268702860373478
already:0.029650880829564807
94:0.055598482120904014
s:0.012661964915428944
