another:0.033097094483411624
go:0.014518151132791993
join:0.034220933063382475
at:0.006574365764585306
out:0.008792366411048207
louis:0.03517314692237283
happen:0.025236061389308322
anyway:0.022750103146601
where:0.013786991031595237
times:0.02097370254845542
from:0.006317703391269967
goals:0.034457863647819637
to:0.003085520507666039
observers:0.044723528364261
most:0.01385519002960476
day:0.01897987340121546
nt:0.010657888831678187
re:0.0027906007670012727
this:0.003917779390831485
he:0.023733331455525898
best:0.05451886746182315
on:0.0037836479495469396
employed:0.0420776700233587
you:0.004147753652303895
roger:0.06587693691890435
state:0.01983368199209415
beat:0.03243232968080471
a:0.0010421672580943247
wings:0.06821046035757143
was:0.00660791891120437
as:0.011942002391298782
red:0.05391968589466494
route:0.03817695958066188
21:0.030270171799659143
minutes:0.02974005408983264
course:0.01825486417835835
team:0.04780932192081339
it:0.0025586226099997907
leafs:0.037188716404174336
have:0.0038153030831914393
university:0.017539851504467564
victory:0.040390176146848644
love:0.02441953313568245
penalties:0.04030185929873669
heard:0.020169010144924438
be:0.004316875053264712
writes:0.004934793962817629
watched:0.037188716404174336
wayne:0.03487027169763344
again:0.03644580803146295
goaltender:0.09261961556409921
easy:0.024728966897453786
en:0.04230382934795071
must:0.017294480802085798
now:0.012327719387151076
michigan:0.03844591433053649
over:0.014969707108353415
in:0.010607743396685998
shock:0.04411399081937841
tactics:0.040390176146848644
world:0.037630607294517567
p.s:0.03384203511283454
and:0.0014246172182492158
for:0.004855953177792149
subject:0.0001992310215822261
i:0.0014246172182492158
we:0.02011558068229806
collected:0.04253705728454851
any:0.007636472136483636
alan:0.03284091561193462
the:0.0067500269551258475
waiting:0.032649554189447025
nhl:0.031844412681900865
marshall:0.08822798163875682
would:0.006960071985853552
did:0.012267992861514667
once:0.020022620857648554
potvin:0.0420776700233587
inferior:0.04441253809261497
joe:0.029697531544201013
is:0.002005019603661671
number:0.01867361827162506
detroit:0.10632873585927471
six:0.1264865174992548
told:0.023135968408426345
him:0.03576888512482549
article:0.0060472603008701565
felix:0.04230382934795071
golf:0.04302658924339786
april:0.02538920792453815
bad:0.020452246617510328
by:0.007391309513560941
