4:0.13075102653571993
0:0.8680633314798393
w:0.08143002250077247
wc:0.14999909674025
pool:0.13891453186982097
3:0.24647009943553888
a:0.003675010857490513
l:0.08697264680929902
d:0.047943269009921984
subject:0.0007025514971583761
2:0.410191484651665
1:0.30924061451442764
golf:0.15172534101619245
phoenix.oulu.fi:0.16472582800170849
