read:0.020423451008089386
at:0.007936621733823703
out:0.010614208099823963
there:0.008268279149343671
know:0.011115992123047765
all:0.008595205681498118
situation:0.03174893953850989
sell:0.03135200269351863
to:0.0037248625948400837
caps:0.092824369734989
within:0.029157209156061417
centre:0.045106472933059055
been:0.013218381866859813
that:0.006250533791612195
think:0.012970702950707704
cleveland.freenet.edu:0.03858034929284239
nt:0.006433140105607554
re:0.006737666716723793
anyone:0.015071304050823344
had:0.027646999742020454
he:0.014325524392074192
game:0.02677485682802241
cap:0.05225269490708543
you:0.025035990513906387
hat:0.04823841470980985
went:0.02939154293005481
why:0.0160335367581442
more:0.011454225457844377
a:0.006290559125434212
richard:0.033658355988998
want:0.017050432141551185
rich:0.040899058508666285
l:0.029774419628408676
ot:0.045035255099661636
have:0.004605861379708584
ve:0.016442645937184093
area:0.028905108510444567
has:0.009592562827806767
were:0.013975705382633326
if:0.012074782338079446
of:0.0017517169870787266
park:0.04046164206346817
but:0.0059935425427964885
stadium:0.051641680525655154
again:0.021998821064036198
they:0.025214043905614696
who:0.011649124993097733
now:0.014882111692596794
in:0.0048021541052565
moving:0.038207041276048036
subject:0.000240513125153318
half:0.03406886021254969
until:0.025776267796077876
i:0.0034396163467638723
games:0.059997662911868935
bullets:0.0514951893466301
mile:0.047842350534844834
than:0.012888299839814965
the:0.00746962442331494
do:0.006471332602761231
see:0.01594041226496555
would:0.025206747192010166
can:0.007788882814754174
because:0.03179679817827953
draw:0.03804233816940435
move:0.06372657865897328
guaranteed:0.04632991024079835
win:0.030535814447102176
morning:0.03864991727567041
recent:0.03421707286923442
lot:0.022329309804192708
their:0.013636789356592018
nothing:0.02301672073424242
owns:0.0509319428873388
construction:0.04709891788900697
movie:0.045697439441940255
