screwed:0.02429822751357074
tv:0.017299822174665126
statistics:0.021575829178558343
since:0.009136171796363841
okay:0.01966103258220318
looks:0.015630618604446988
go:0.008883252291297383
appearance:0.024768309564951754
round:0.020094441515978258
mark:0.01371517791914242
behind:0.016108412789948394
all:0.008712948225080284
defense:0.01791875136186249
your:0.005753115169777454
way:0.007910378171445402
much:0.007978067897533933
4:0.011343696366112689
to:0.0037758881098378925
0:0.016735873463335306
3-0:0.02858256376285353
playoffs:0.02098664991032213
format:0.03671282654829237
that:0.0031680787710911124
playoff:0.06377691228329148
think:0.006574191906523083
really:0.017820965691241333
nt:0.0032606326562668424
brought:0.017691291518427705
re:0.0017074908802656187
harry:0.07148119985255838
chances:0.0222842729326992
this:0.004794360167775516
mean:0.01207042035082128
he:0.021782646678359385
something:0.009089777703943026
game:0.040712453533020374
sunday:0.02040101367505419
on:0.011575543955234928
you:0.002537894928806949
winning:0.021388333805052527
3:0.010691625317979998
a:0.0038260387009490275
how:0.006006223731639837
was:0.004043201525577103
as:0.0036534893160594445
said:0.020013742727519927
rally:0.028711197904253968
local:0.013956088821534027
dumbest:0.02726894699366731
buffalo:0.023400006991899258
advance:0.014445211035053194
cover:0.01791875136186249
based:0.027588155359822304
team:0.029253192408168923
business:0.016513989649468343
are:0.005871336818276032
brian:0.017059714679355152
it:0.006262199629953826
not:0.002753013737789794
admit:0.01872190509000708
have:0.002334477685605721
lady:0.023400006991899258
hope:0.013189322089680572
second:0.01255568847786423
after:0.008809194920844527
site:0.0178336264723224
b:0.0419302513221129
jan:0.02424886259985286
his:0.008422050417832222
coach:0.02327930718793508
be:0.002641375603367449
which:0.005899051746655332
boston:0.038080156487210415
writes:0.003019462972682933
if:0.0030600475788283526
of:0.001775713110189394
losing:0.0224799976104699
what:0.004202931977153567
but:0.00607564586530055
year:0.011300277242966447
never:0.010063649455990229
they:0.008519813922445147
who:0.00590435102389885
up:0.006134522239051985
now:0.007542988118165499
chance:0.01641578779914431
one:0.004490004145094166
in:0.005679259877906088
yes:0.012177378404127345
or:0.0030790477520688826
blues:0.02523110634239599
and:0.002615050784183492
gets:0.01523888740818632
for:0.004456833738521561
subject:0.000121903912748942
summer:0.020551443609845763
outside:0.016460163367495548
i:0.0008716835947278306
room:0.018210175709217378
will:0.005174910250699928
schedule:0.02327930718793508
the:0.0058510507624721
do:0.003279990497289939
when:0.0059711161773686565
less:0.012551897518704462
start:0.02573116061993162
around:0.010809107000701533
got:0.010101159002879332
can:0.007895579839613821
major:0.014960858322912291
did:0.007506443120744133
maybe:0.012090927316631616
note:0.01352369451542693
record:0.017610266654048377
long:0.010869001119217282
people:0.006873393333667203
about:0.01799116311090176
head:0.015766482810299923
hit:0.016345671871823786
speaks:0.02493640989884544
is:0.0049072625916103
morning:0.019589684098627467
itself:0.015356419363444656
mostly:0.018634927030780166
does:0.00556387586455491
blue:0.0364991929448704
fat:0.02487968606323559
1:0.008943031469975838
first:0.008573309723246762
too:0.008915606702577608
him:0.010942992252800491
dark:0.021059323222221215
article:0.003700150138431968
three:0.013326429253298962
going:0.00994436385410814
check:0.015111011710446069
vacation:0.02699212223651464
s:0.01983129664836588
