rick:0.11192238328206042
valuable:0.12090022100882931
to:0.006410228651585259
wake:0.12700171553132908
perhaps:0.06717352413116384
playoff:0.1082724324809367
could:0.035095561751768777
re:0.008696290762283036
michael:0.06987663259706253
he:0.03697984203535431
a:0.006495368027192535
wings:0.2125628299515017
was:0.02059211939770664
season:0.0887728936905981
traded:0.12325129349420998
be:0.01345258737529003
get:0.030566836634677262
up:0.031243264426799644
in:0.008264172181139092
blues:0.1285026113717377
thoughts:0.09986103064246077
and:0.01331851445898104
for:0.007566252625862186
subject:0.0006208594626050766
rangers:0.10853373651040008
the:0.007011655906874911
would:0.02168952665359014
return:0.08582250483295183
last:0.05070145469905809
sp:0.10974735867715754
norris:0.12881477463527588
detroit:0.11045000469102956
smell:0.13793203249053224
news:0.07136922130612601
