go:0.015816522372309978
louis:0.03831871290730049
valuable:0.04226593092178586
among:0.028004109495819718
chevy:0.04872319350252825
adequate:0.04400230572095707
to:0.006722922732150394
goalies:0.0506681503242017
most:0.015094272064772667
hall:0.03723910742777356
perhaps:0.023483427135284923
class:0.032261542046089456
that:0.005640725616820762
playoff:0.037851338184392506
think:0.01170526851649232
could:0.012269180124602094
me:0.008809664068329632
re:0.0030401666892534195
he:0.05171164902504831
concerned:0.032731619858193735
m:0.011128574895252619
sure:0.017740195285847186
a:0.005676846040025996
wings:0.11146587424286064
was:0.007198871008954355
as:0.013009986344992171
given:0.022664939505538873
far:0.020238846114808147
play:0.026031855551060502
not:0.004901707386796463
traded:0.08617570114229317
fresh:0.044923677146217256
only:0.010841758034709648
opportunity:0.07481875426766489
decent:0.036630587990404195
between:0.018885088179239073
his:0.029990716122036697
goalie:0.08688277613318324
be:0.014108811149694422
get:0.021371934557579228
if:0.005448377396450483
of:0.0031616355376542873
year:0.0201200058228427
years:0.018128255471385316
good:0.013170811799670726
in:0.005778201687625707
st:0.031193067015604068
thoughts:0.034910766809965965
and:0.0062080880405006485
few:0.01858233740574217
for:0.002645112706602228
enjoy:0.03758328924750169
subject:0.00021704843001640894
i:0.0031040440202503242
gregory:0.04344138806659162
back:0.01712485138266291
rangers:0.075885376747109
the:0.005515265926749168
start:0.022907008844573275
got:0.017984990419760767
would:0.03791258724001528
return:0.030002989494446578
last:0.017724898797231693
ny:0.0341560433462026
problem:0.017199717821508816
trade:0.03430148696206256
is:0.010921651499620483
logical:0.03827074768675424
detroit:0.07722520653193937
him:0.019483864254986244
offensive:0.04077062329446124
while:0.017645061023402624
vincent:0.04729877001451938
news:0.02495021557856438
