since:0.012126191656992007
canucks:0.07213672853830795
played:0.04916609722611304
know:0.007478031064595768
all:0.011564458553288378
chris:0.046506027186900604
selanne:0.03714865658070743
with:0.0035444083441790748
much:0.010589071936726856
someone:0.013354291604018303
from:0.005130740935940458
post:0.015651986693522305
name:0.016740803065637886
my:0.005758874311092735
to:0.004176361091184336
hardly:0.02646446576114862
make:0.010667154444543659
that:0.004204904550720931
think:0.008725745621385183
bay:0.02904996603194846
really:0.03547992260347138
nt:0.004327748798317809
could:0.018292232185770394
re:0.002266306077443458
happened:0.020438187265081398
had:0.009299445367770515
this:0.006363423495411139
he:0.009637170954668092
best:0.014758642908857176
hi:0.01909707066675397
game:0.07204870564631485
on:0.0030727807590259994
rarely:0.03105819109833902
great:0.015280307204440466
score:0.02924739736791581
them:0.008883994978983277
a:0.006770929095012824
how:0.007971896952903785
j:0.01850987066381129
series:0.021741517337985856
want:0.01147029071340716
looked:0.022575776996846573
was:0.010732862231531947
as:0.0048491767285879905
coming:0.021070484574482393
let:0.013970531774259545
also:0.008990891707148887
team:0.019413482234512103
success:0.027162474162494593
play:0.019405565047154193
hey:0.02335841809473436
defence:0.03619332964614025
it:0.0020779116953937695
have:0.0030984885645312294
due:0.02009177263574838
area:0.019445254816117256
victory:0.06560343762033599
greg:0.02654102180300256
his:0.011178357827304586
heard:0.01637968096618106
be:0.0035058258008331595
writes:0.004007650854651893
were:0.009401838166498783
if:0.004061517695535814
of:0.0035352833739225207
short:0.020987744640128893
describes:0.030296444339772376
key:0.019429347704464094
opinion:0.020056433724773875
what:0.005578436987858371
but:0.004032019528790365
year:0.01499854979521001
vancouver:0.029881487980515035
well:0.020398398910949633
please:0.011608577920637908
brief:0.030950920934100228
they:0.022616233321399847
exceptions:0.035046408436209785
over:0.024314433363871003
pleased:0.03426330703330065
one:0.005959460047124984
in:0.0032305400344452813
unable:0.027728740869440636
few:0.013852287884280525
rogers:0.03348855932718013
for:0.001971811290376206
subject:0.00016179973873950483
each:0.015430359984003729
i:0.005784809310466513
games:0.020181032070355914
improve:0.02874687257392021
will:0.006868517241838087
the:0.004568200060539715
do:0.0043534419327666465
see:0.010723550069158642
start:0.01707613386595462
strong:0.06564822519946382
did:0.019926194465975336
last:0.013213106376118168
sp:0.02860082680677439
thought:0.01627022063752553
about:0.005969795032253767
living:0.02232730311532788
night:0.0405798163222306
e-mail:0.016664822888801615
very:0.010565106010808772
by:0.012005278482632315
especially:0.018941186106044495
jets:0.09400493760107502
s:0.007520439767951737
