22:0.01803613246862663
materials:0.045263895114110594
sent:0.015920703672249407
above:0.011786389740816213
at:0.0038137013526165844
all:0.008260327538063127
thanks:0.008629379415221485
fax:0.026481760518470905
further:0.015358590480871804
4:0.01075441343800294
work:0.017533094926322976
organizations:0.020586597693890252
navy:0.12443194459521496
to:0.0011932460260526674
scientific:0.0914004228745429
published:0.017749338591824895
formerly:0.02380647177778073
software:0.01218954930078466
and/or:0.017493428688934935
need:0.008316891738083273
submit:0.022762480189828835
voice:0.015699109530026702
30:0.01481863841720299
contact:0.03013049609506985
programs:0.015295160711231673
distribute:0.02440869170186176
sheep:0.025675659727674834
on:0.0021948433993042855
numbers:0.01527161212553549
regular:0.017519665159115416
3:0.010136216210552466
a:0.0018136417218784352
other:0.0059710302503545925
as:0.006927395326554272
accepted:0.01823328407229293
surface:0.03952368608909537
widely:0.021280721720189733
acceptance:0.022589296923102863
oasys.dt.navy.mil:0.07651761927194294
demonstration:0.024886388919042993
proceedings:0.02550587309064764
minutes:0.03450361253712185
video:0.01513294888686157
are:0.005566332308235718
internet:0.012365947805690936
model:0.01583961693326212
telephone:0.01938149085497481
301:0.09591403133016213
taylor:0.046963288266012426
not:0.005220000074250778
authors:0.044524848802845164
should:0.02133522262640883
received:0.016750176582908102
robert:0.055331810025241616
types:0.017735485766150992
abstract:0.024219069958751834
call:0.011501974450210855
june:0.03979286866113028
exchange:0.020977870687259384
be:0.012520806431546998
considered:0.014904082065853731
14:0.016163865020591636
applications:0.016884420032010097
of:0.005050404819889316
short:0.01499124617152064
available:0.011692917003524806
present:0.015690477414845472
aspects:0.02086242373019375
please:0.008291841371884219
must:0.010032296222854967
virtual:0.10687934251261046
visualization:0.1380381926346603
david:0.021614244496489125
author:0.01750652704788098
one:0.008513514353035692
code:0.028056385370837197
in:0.002307528596032344
point:0.00953045870675351
system:0.00967628713957803
or:0.005838194438987752
and:0.00909041463073309
for:0.008450619815898026
subject:0.00011557124195678917
however:0.01037705153331997
purpose:0.016280872260366175
group:0.011675826557604524
structures:0.02503314888300699
possible:0.011155721311534987
any:0.0044298150055792525
information:0.021115335796396233
sick:0.019442607225302885
research:0.026730142688630106
will:0.01962433497668025
the:0.002610400034594123
proposed:0.0191071635219333
page:0.018202362481330246
presentation:0.09925933399736314
may:0.008056387564674592
10:0.012512431852364348
address:0.013821737462916064
reality:0.09070587061152342
current:0.013689375427406138
naval:0.05419551051138462
is:0.003489254894683947
length:0.04002376257526154
division:0.03430794299671284
addresses:0.0417248474603875
type:0.014028192685418599
center:0.042423777058088426
2:0.00843467338569441
their:0.006552742937583177
1993:0.05246157234649588
1:0.01695691681320094
papers:0.02001188128763077
engineering:0.016739175295338093
submission:0.02632857267024879
e-mail:0.011903444920572583
april:0.014727938796052433
maryland:0.0753253134374868
by:0.012862798374248911
four:0.015186346974125428
include:0.014552048801924683
s:0.005371742691394098
