some:0.015261919936383714
24:0.02394172384881347
there:0.005998555461288546
all:0.012471474910409036
small:0.01953428692984321
damn:0.02811658076707586
where:0.012074881034207594
response:0.02295162452697609
bits:0.08645839997974104
turn:0.02236260218767657
to:0.0027023512942957466
colors:0.08940973870162833
look:0.015497832184809874
near:0.023560625996611274
t:0.016838385980395047
enough:0.015896395600898016
that:0.0045347009860715925
mach:0.04073321888808372
cco.caltech.edu:0.058833544451715326
bit:0.01781100783042941
smooth:0.07188620889761241
nt:0.009334360153234491
quantization:0.0470852488425214
re:0.002444055573713533
this:0.0034312577671334575
mean:0.017277268345293206
he:0.010393027500132256
something:0.013010858282114528
on:0.013255132685994509
you:0.018163365666951696
card:0.02000593690532184
vs:0.022330797026557794
a:0.0027382433840125392
horrible:0.03367158509994699
million:0.025578504961641428
helpful:0.0303568847794458
are:0.004202035173864219
no:0.007357815269166731
it:0.004481770323398327
not:0.0039405882913461756
should:0.01073733426296392
have:0.0033415072754748552
probably:0.015602769379275872
color:0.048295844530763216
per:0.04623300804670611
between:0.015182129712721605
has:0.006959310286840202
attempt:0.02520685226952023
be:0.007561585060620541
common:0.02200083686033562
writes:0.004321976411879492
get:0.008590679577066159
if:0.004380068103028819
of:0.0012708535004296645
even:0.010974898351411933
monitor:0.02449199895482881
gives:0.04753626765746543
but:0.0043482563545778445
result:0.023104587980467335
corrected:0.03725467762176144
using:0.014407977638202096
visible:0.09300458773915361
up:0.008780786734329311
in:0.003483915723421382
5:0.016986097300115577
edges:0.03945384256699813
or:0.00881452885886386
and:0.0024954079378482997
for:0.0021264631562880653
subject:0.00017448991432691697
andre:0.10683629897742342
create:0.024855200596363522
i:0.0012477039689241499
any:0.013376304134494213
will:0.01481444895298411
the:0.004433841235229724
do:0.009389776717731982
see:0.03469383845904267
henrik:0.08182459430150227
when:0.008546891783292392
contrast:0.03602854289042289
human:0.02095321811265736
here:0.011767326180545072
eye:0.030005405061924204
is:0.007024120964461801
picture:0.0802064267391255
occur:0.0297372259986702
65:0.03198915367413637
16:0.022790802234151253
image:0.024189954228324685
almost:0.03950317555901396
thousand:0.03046612321718267
very:0.0113937417763624
side:0.042096262464982916
while:0.014185245136460932
s:0.012165417271686633
