since:0.023130885819695735
week:0.019929704071708573
at:0.00509228330898515
out:0.013620544498039998
there:0.005305080841486401
hours:0.022636846107229026
all:0.005514842951712666
means:0.016384943470744234
where:0.010678941030252957
versions:0.025667185090455222
with:0.013522020272590689
option:0.024223186255794116
someone:0.012736752107878727
work:0.023411242358269406
6.0:0.030822201711006834
several:0.01629162642813524
to:0.002389940740041903
then:0.009224741906218515
been:0.008481158307638377
bunch:0.023446260237886273
that:0.004010458097508402
view:0.019684096836905383
think:0.016644485867382142
bit:0.015751931780668783
nt:0.00412762168625687
me:0.018790555151523895
re:0.00216150579640561
anyone:0.009670027454574515
getting:0.01567746573540281
directory:0.024366932305378012
on:0.005861373702188323
you:0.01606355460718849
tell:0.027861561313554366
used:0.011413083863218876
took:0.01951099234922936
why:0.010287413758115644
sure:0.012612971214793083
a:0.0016144556368166416
other:0.007972878542380987
was:0.0051182724514530955
crash:0.02951966447471987
jay:0.029469180775478512
definitely:0.024600299098964065
also:0.008575127928783621
whole:0.017294309104203986
files:0.01912896858143173
are:0.014865003042802902
it:0.009909116466473179
not:0.003485028951306155
ftp:0.02192697657392529
have:0.008865617569034442
try:0.014083177296782616
without:0.012989655981517311
which:0.007467585737095478
noticed:0.023446260237886273
writes:0.0038223259596390884
if:0.011621105545030217
of:0.001123934020611206
ryan:0.025693281508689478
interface:0.024408667842797008
available:0.015613085709908844
what:0.005320474583795556
but:0.0076911355173457825
version:0.018037402356448465
using:0.012742315483496651
well:0.00972756017429679
easy:0.019154228695137616
please:0.011071765068816502
they:0.010785197971187788
find:0.012233796171522485
up:0.007765666880649622
in:0.002054100599936306
or:0.007795508181538558
and:0.00551730367761257
gets:0.019290845909784995
for:0.001880629265387711
subject:0.0001543176698960595
tricks:0.033040265996970755
create:0.0219817670014082
i:0.007724225148657599
away:0.01600568547007902
any:0.0059149552964670934
will:0.006550897947417828
source:0.018030450645663724
the:0.005228344577958749
do:0.004152126698881483
thing:0.013086314653901483
would:0.005391038416788301
can:0.019989965143068517
once:0.01550885083771622
last:0.012602095676644496
just:0.013576746398449548
n:0.021161939282106367
is:0.003106041929371837
else:0.014604348123341368
right:0.01121314216063757
time:0.009130115432969443
figure:0.04268783391993934
downloaded:0.034056975051674016
their:0.00874961629237985
first:0.02170583617793111
dave:0.040534967299128234
article:0.004684005088535266
very:0.01007654619528004
written:0.041427964606429016
comes:0.017480788076563652
hints:0.03005034395017145
s:0.007172673767121599
