pc:0.05554736769996472
at:0.007341375103786925
there:0.007648158213142895
maintaining:0.044620533606574114
all:0.007950565255385759
thanks:0.016611555374301357
with:0.004873561473246228
user:0.03151369569660847
from:0.00705476878691813
post:0.021521481703593172
several:0.023487094767228305
via:0.02848526148846371
to:0.004593997200302769
add:0.028635170137097654
experiences:0.03937588825086898
appreciate:0.03199344446178745
that:0.00289087187862064
like:0.009705325529238943
avoid:0.03222291244352583
greatly:0.03252440958167168
anyone:0.013940956247011593
voice:0.09066235753590421
had:0.012786737380684459
unix:0.06604279026867221
on:0.004225073543660749
you:0.004631658245072682
kenneth:0.04096538931136523
am:0.027238939278356092
names:0.03414081009984066
input:0.1066787824843679
impressive:0.0438177743654205
a:0.0034912603146159877
as:0.013335236003616973
developing:0.04108704597320817
helpful:0.03870502809379339
are:0.005357594846676879
care:0.026383474510615807
ken:0.06876787835191352
have:0.008520843552460881
systems:0.07501042800706527
sufficient:0.03812701869548087
university:0.019586167513322112
virginia.edu:0.04005123166756169
environment:0.03498044587398163
be:0.004820510476145594
found:0.022287670877141643
if:0.011169173662723488
of:0.004861014639143467
interface:0.03518916280669902
looking:0.02161571121172203
but:0.005544026852086752
separate:0.03518916280669902
well:0.014023899251277873
please:0.015961794640877124
visualization:0.05314470416434422
email:0.022865822158066172
vendor:0.04582745817222791
or:0.005619262147525711
p.s:0.03779027254266523
and:0.001590822560378291
for:0.0027112405242672834
subject:0.00022247464076681915
offer:0.02929303015659865
vendors:0.04571992979859534
i:0.009544935362269746
applicable:0.04804635798846094
possible:0.02147476352470485
any:0.00852739388574006
information:0.04064702140806275
will:0.00944421120752737
the:0.0018843825249726326
interest:0.03043987497223238
hello:0.032244089922098096
ibm:0.03283722557599722
would:0.031088321536812534
specific:0.03054296907058694
an:0.007482484488014473
about:0.008208468169348929
is:0.0022389385574221993
purchasing:0.04650350437899765
virginia:0.040668798102176044
easily:0.030824289736628225
very:0.01452702076486206
capability:0.04090522057825285
workstation:0.04434426521226661
respond:0.03370006456717089
needed:0.027798522417800176
summary:0.03584864047802172
s:0.0051703023404668196
