library:0.11963167404860514
polygon:0.08531284845161631
thanks:0.0284769520702309
where:0.05278447994953605
to:0.001968855942986901
make:0.025144006904995766
that:0.004955780363349669
like:0.01663770090726676
could:0.021558702218943675
me:0.015479838291493495
so:0.014597294248356001
anyone:0.023898782137734158
file:0.04340694117797727
routines:0.14937085387656496
recently:0.04727587949410984
tell:0.03442892933746361
used:0.028206621547669508
a:0.007980023576265115
wondering:0.05141333574081852
was:0.012649444772876937
also:0.02119281616685095
ie:0.059765974096591595
ftp:0.05419095638984393
ve:0.026073338557534773
uses:0.0487856447119491
which:0.03691120950050051
if:0.00957357742519156
of:0.005555445301878247
never:0.03148484615516943
version:0.04457815153807978
find:0.030234953395334146
called:0.03831792136938191
one:0.014047298682508891
code:0.046293035861881375
and:0.0027271243892199276
subject:0.0003813850984574042
i:0.013635621946099637
creates:0.07819503642934302
program:0.039666191891201075
source:0.04456097088142606
the:0.003230370042810227
around:0.03381706333076622
got:0.03160219745186534
can:0.02470188549822038
joe:0.17054868115384011
simple:0.04713126509937487
is:0.007676360768304683
rendering:0.1610973652322876
image:0.052872328527623955
describing:0.075262706057395
processor:0.06981819064171103
