library:0.6978514319501966
graphics:0.5864569066899536
h:0.5888636873824193
re:0.06232341712969509
l:0.5508267631255604
subject:0.004449492815336383
