library:0.12883411051388247
all:0.014677966625327558
thanks:0.030667486844864048
pardon:0.09035089983029095
graphics:0.10826896738891452
c:0.07957223678242954
someone:0.033899355610200306
mentioned:0.054079440289105205
my:0.014618680943543098
to:0.0021203064001397397
software:0.04331978289971164
mainly:0.07404096124813228
asking:0.05516050484059068
me:0.016670595083146843
package:0.11960809332480622
this:0.01615330579604366
hi:0.048477179384837
on:0.007800135772912153
children:0.05157502873874655
am:0.050287272513888176
education:0.0665484231700973
a:0.008593871543670124
question:0.0671688025645263
also:0.022823032795070253
advance:0.048669249487333074
are:0.009890944332326547
free:0.04442319683268824
heard:0.041579190144921147
if:0.010310006457898604
looking:0.03990592839087145
please:0.029467928567773152
they:0.014352609607811442
good:0.04984645696490767
sounds:0.05481083943939751
in:0.0027335338752998537
use:0.025581223503805355
and:0.008810709565172074
for:0.015016101365172646
subject:0.00041072241372335844
i:0.008810709565172074
games:0.05122877371705732
any:0.015742881019827806
program:0.04271743742129346
friend:0.053433837226043175
is:0.004133425029087137
write:0.05006421423057713
little:0.03608213387536099
strange:0.0676363543208419
