some:0.012830075550915981
at:0.009680934202795947
out:0.012947001088796263
all:0.01048426187523397
fax:0.033611465273443844
method:0.043856021129083066
from:0.009302991806925008
to:0.0015145045715283857
256:0.10741260098724775
hall:0.05033417817160602
bit:0.029945980198414286
nt:0.007847017051894929
re:0.004109236294265611
this:0.011538075568602616
jon:0.045597453447454216
you:0.006107681202293647
kenneth:0.10804058719480941
took:0.07418465222893801
them:0.01610834254431034
8:0.03244495914696557
why:0.019557390990703367
seconds:0.05085895214189063
more:0.013971637646381603
a:0.004603859755537567
same:0.04268337034128819
timing:0.06043181297436648
mac:0.03770639708583666
plus:0.039295602790985394
computer:0.029458273683135337
display:0.08101365751506545
no:0.012370832265741868
displaying:0.06163729558157993
requires:0.04411159104297611
university:0.025827913204380812
campbell:0.06147917758760082
exposure:0.06029001731682903
screen:0.08216059714518786
writes:0.0072666196815116746
of:0.004273419462983268
but:0.007310804640114399
years:0.02450302662615817
using:0.024224401963130998
in:0.0039050483932855052
total:0.04023093951433408
205:0.1239210501786828
and:0.008391151966830547
few:0.02511678572424491
for:0.0035752622298030113
subject:0.00029337315265954173
al:0.041868287700244304
station:0.04545044107441931
create:0.041789513090589224
i:0.002097787991707637
sciences:0.05592868364191944
ago:0.03144138159741367
photos:0.06735745423974424
information:0.02680023389542599
precision:0.06709264598063368
images:0.04676760158374488
the:0.004141500054884907
did:0.018064956521351268
gray:0.06317314110218607
friend:0.038167026590030836
10:0.03176232700984796
about:0.010824353629910678
levels:0.10078252814270884
time:0.05207175724957298
1:0.021522240570601193
article:0.008904756926556056
