looks:0.015630618604446988
at:0.00402267128974626
x11r5:0.022035710345689994
small:0.013647241553726078
your:0.005753115169777454
with:0.002670444642874645
4:0.06806217819667613
mathematics:0.02429822751357074
from:0.007731253465115758
options:0.020662010998524275
several:0.012869640968344276
my:0.004338877905617814
to:0.006293146849729821
job:0.015851545914562448
within:0.014778311490058527
martin:0.021208234571941584
t:0.023527607808223213
100:0.03085399177014677
width:0.10325928147022113
dirty:0.024398587818222683
smaller:0.04101591113283074
helps:0.019314941991474713
like:0.0053179865913638045
nt:0.0032606326562668424
me:0.004947893517828971
re:0.0017074908802656187
so:0.004665801814543014
file:0.013874364760084058
this:0.004794360167775516
programs:0.01613325170910738
blow:0.02225245252486316
you:0.007613684786420847
used:0.009015815106561029
them:0.006693420874576442
specified:0.023917489573209775
size:0.016442361356465148
a:0.0031883655841241894
want:0.008641999852567039
below:0.016949195949944713
netherlands:0.026565062610894443
prevents:0.02717479499730779
lets:0.0211580559346101
output:0.01866373602253023
scale:0.06628978214487087
computer:0.012240652535001438
mars:0.025814820367555284
care:0.014456698361981263
it:0.012524399259907651
not:0.008259041213369381
have:0.002334477685605721
neat:0.023917489573209775
being:0.008884949451713005
try:0.011125066997001793
ve:0.008333943831175498
university:0.010732146582642254
hope:0.013189322089680572
has:0.004861983899025347
be:0.007924126810102346
ppm:0.02912038584347628
writes:0.003019462972682933
certainly:0.014044553777423018
down:0.021592379698202355
if:0.01224019031531341
of:0.005327139330568182
short:0.01581268431790533
gives:0.01660513459267628
but:0.003037822932650275
advantage:0.019467445554953472
version:0.014248724235915911
least:0.010993892158477087
print:0.06022415110759895
windows:0.012544325029331057
up:0.01226904447810397
postscript:0.06891665818011801
in:0.0008113228397008697
x11r4:0.026174550403414255
fortunately:0.02602724053027169
use:0.030370402333284894
and:0.005230101568366984
for:0.0014856112461738538
subject:0.000121903912748942
i:0.0034867343789113225
wider:0.02756364343721787
will:0.020699641002799713
than:0.019597277838622754
the:0.004474332936008077
do:0.006559980994579878
see:0.008079387038407196
less:0.012551897518704462
got:0.010101159002879332
because:0.008058092689016045
instead:0.014007919230980097
may:0.008497833458629363
an:0.004099991500281903
problem:0.009660115488792621
is:0.0049072625916103
stein:0.0268164771185795
printed:0.022220852329225833
white:0.015520407058541515
window:0.015922341286872792
printer:0.03968887833084777
does:0.00556387586455491
lot:0.011317595380207263
life:0.012741458234195022
automatically:0.04304293778628274
paper:0.035220533308096755
x:0.013904840134913709
first:0.008573309723246762
various:0.016276616339521408
image:0.101398986217361
very:0.007960011378006608
convert:0.019536894955243557
full:0.014108047871795676
wide:0.03928618134577722
takes:0.01632830983552361
thus:0.015211666999435183
by:0.004522536414690256
fit:0.07425475943923976
high:0.012773168153614253
black:0.016116677425771404
