pc:0.023306587846139044
ideas:0.025153801657618675
help:0.014965683356935643
wave:0.03442740892792243
graphics:0.049213166994961144
with:0.00817940387118248
times:0.019653679311140045
from:0.02368034278126365
password:0.0392237335519145
my:0.0066448549743377714
to:0.0038551025457086176
near:0.025208222220150525
might:0.014874721229919202
appreciate:0.026847645702199257
been:0.010260422288261814
that:0.007277719414709304
sources:0.026917055770730516
like:0.008144329115445267
really:0.013646124078258224
packages:0.03458224197601483
could:0.010553210876405995
me:0.007577543219612201
re:0.0026149685508962974
package:0.0815509727214588
anyone:0.011698704542946792
this:0.011013617588211589
hi:0.02203508153856227
unix:0.02771026165119114
on:0.010636548781243845
you:0.0038867062196414116
machine:0.02274684863163879
am:0.011428925571338221
input:0.029840218876746268
m:0.009572130853958546
sure:0.015259049092022402
a:0.005859457870684175
other:0.009645510404418956
commercial:0.0291352909108584
as:0.005595203917601528
cd:0.031211210132731284
display:0.02577707284570264
place:0.01901697634487011
ftp:0.053054083178868186
have:0.0035751791129206493
try:0.03407538003277472
ve:0.012763172720471568
machines:0.027594031712477568
university:0.01643594476642415
able:0.01844381277000468
real:0.01788527170628145
suit:0.03713636999557886
has:0.007445975341863993
writing:0.0279892219940394
free:0.040384724393352944
be:0.008090367232691907
writes:0.004624212524598338
get:0.009191426400637219
of:0.0054388974983423394
but:0.004652330225527345
variety:0.032675639213167
login:0.03854802141422869
email:0.01918810251026532
in:0.0037275461935907094
external:0.03002814208129939
or:0.00943092947836483
and:0.004004867984169124
for:0.004550333747022014
subject:0.0001866920062378902
i:0.008009735968338249
valid:0.03002814208129939
any:0.021467565027037915
precision:0.04269532016949416
will:0.01585042440424174
program:0.019417017009678846
the:0.0015813000209560554
collect:0.03691435112624613
thing:0.015831695350524172
mexico:0.04031862208821897
would:0.013044050994466799
needs:0.023422003934750676
jim:0.02368063459404804
address:0.022327422055479794
many:0.012959447745301353
including:0.022237536409302306
done:0.037044245474415365
new:0.012055941013171657
right:0.013565549606925171
time:0.011045524265060934
type:0.022660926645676198
does:0.008520900799563113
article:0.00566666349871749
before:0.014868491379179331
data:0.061559698388933125
s:0.008677430501482774
