some:0.005808641169817682
24:0.036448594516104084
at:0.008765821019447074
out:0.005861577607365472
posting:0.01641387341769274
all:0.014239818367855091
tried:0.015412258970331697
supports:0.0215006939535263
versions:0.02209165681914803
with:0.014547944696257397
ca:0.010231585055185677
previous:0.017279599102949284
indicated:0.026109355982022107
from:0.004211802260846644
work:0.010074987383036338
bits:0.02193720596500892
both:0.01117265712591163
to:0.0027426848957031458
important:0.015633678074493645
most:0.01847358670613968
software:0.04202665505195905
that:0.0051776809766339825
problems:0.013647130526824742
think:0.007162925510092314
quite:0.013214922299051747
bit:0.01355763282614776
really:0.009708436533288189
nt:0.010657888831678187
me:0.010781976919448205
need:0.009558218863170329
re:0.0018604005113341817
so:0.005083634812860299
comments:0.018328383154373632
had:0.007633873063095199
this:0.01044741170888396
directory:0.020972533775275602
on:0.0050448639327292525
detect:0.025495530006099193
you:0.0027651691015359295
fix:0.021641984871544697
great:0.012543535764839188
working:0.01576387567515725
imho:0.02154065500674652
sure:0.010855940398802007
a:0.003473890860314416
other:0.006862228795183636
was:0.0044052792741362465
as:0.011942002391298782
running:0.015061992101724883
aa:0.02971094224683155
speedstar:0.030375277533520716
driver:0.03661478207449146
fine:0.01611520685532617
modes:0.024715935718009358
also:0.007380582744674459
stuff:0.014544360958575234
universal:0.02445694884260611
video:0.01739159797445285
are:0.003198564087568286
no:0.005600725055634377
daniel:0.042572935275605364
works:0.029603243716922786
terry:0.026926784097899097
missed:0.02162155312053647
it:0.013645987253332216
not:0.008998656844417386
ve:0.00908026715934047
color:0.018381254261708387
hope:0.014370455411144505
without:0.011180151665684054
svga:0.025816617175937855
fill:0.024042114967287444
of:0.004836830486709917
available:0.013438128496588209
but:0.00661973355473045
instance:0.02126744228238774
version:0.0465741881741132
least:0.011978419814460111
latest:0.020728092538570903
using:0.010967266560422491
up:0.0066838824395641025
pro:0.0671756141874063
author:0.040238883065278674
one:0.004892094068535435
in:0.0017679572327809997
useless:0.023878981520406895
or:0.003354783371657141
use:0.008272534963917154
yellow:0.02820255289863381
p.s:0.02256135674188969
and:0.005698468872996863
for:0.0032373021185280993
known:0.016203625610280388
subject:0.0001328206810548174
until:0.014234655350072857
i:0.006648213685163008
we:0.0067051935607660195
any:0.005090981424322424
information:0.012133439226287387
pretty:0.014318507745868788
program:0.013814096678527737
capabilities:0.025495530006099193
the:0.0037500149750699153
do:0.0035737209895845604
thing:0.011263345448382868
when:0.006505842999222566
quote:0.020074417475326314
around:0.01177708673210764
got:0.022011480812244518
can:0.00430132334546126
did:0.01635732381535289
24x:0.06075055506704143
correctly:0.02168310183597203
an:0.004467154918217596
problem:0.010525200457938231
just:0.005842729171472069
is:0.004010039207323342
vesa:0.0787873464336298
does:0.006062133404664305
lot:0.012331111384404929
include:0.0167239963843015
