another:0.12551916964463652
simply:0.057710251695913005
at:0.016621981367064737
out:0.02222975658642377
apologize:0.10124082241590238
help:0.040379107925316925
with:0.01103447880734995
into:0.06757750577292024
my:0.01792857096849625
bear:0.08501060986452293
could:0.028473757647661458
me:0.020445069441595184
exactly:0.06068646515607563
anyone:0.031564429238516815
this:0.00990532902587583
th:0.10976884361860158
game:0.0560756435454809
am:0.030836535032101237
posted:0.06440341366946972
as:0.015096493589000348
it:0.012937940744904602
mistake:0.0842985282044692
earlier:0.07445182141291116
if:0.012644347542705835
what:0.01736683213201191
explain:0.06783127411344536
but:0.012552513627366231
please:0.07227982478887754
one:0.03710607199153292
or:0.012722857692511044
bitmap:0.2008042198291318
message:0.061270186576598516
for:0.006138657790793848
subject:0.0005037161677739301
i:0.014407449603426032
excuse:0.08352830189276628
e:0.0586960320010156
new:0.032528293677048056
does:0.06897106496250142
wanted:0.05745584885936042
by:0.018687461789003133
