pixel:0.041659717943761256
out:0.00998455168712254
there:0.015555576026731313
keeps:0.04045928983305764
your:0.01067739171340053
with:0.009912328420161818
work:0.03432326210153057
wrote:0.02182690656519374
to:0.0011679653899074837
bit:0.046187867763655924
nt:0.012103026300380314
could:0.012789060638356418
re:0.0031689873116794113
this:0.004449003715012025
mean:0.02240188183754119
best:0.041274170846803966
you:0.014130482781577676
kenneth:0.041659717943761256
them:0.012422535351968142
8:0.07506333768747118
why:0.015082394747067851
more:0.021549475013910607
a:0.0011834780727511822
same:0.01645841822481875
timing:0.046604194751418214
display:0.03123831709267354
are:0.005448401538993437
works:0.025212932148735087
it:0.00871666346796539
should:0.01392213679858881
have:0.008665264629621234
verify:0.04576651818670099
per:0.029973094199771334
screen:0.12672227695274738
be:0.009804428087075785
writes:0.0056039185679454435
if:0.017037722536357863
of:0.003295603145182011
gives:0.030818004032170384
what:0.007800356805056197
but:0.028189967044508907
order:0.023765397128241456
must:0.019639495148131333
they:0.00790609851277749
find:0.017935989302316865
in:0.003011520371093059
chosen:0.04172135149739752
and:0.003235571309243982
for:0.005514387506984305
subject:0.00022624539738998556
create:0.03222750585799677
grey:0.046494843862978315
i:0.001617785654621991
we:0.011421558522999746
images:0.10819962061324026
than:0.012123739679825942
the:0.003193868686394292
level:0.05967008750158896
did:0.013931449520703095
gray:0.0487182698330418
10:0.04898935182874855
different:0.021417092356027522
is:0.004553773337129897
readers:0.038557589642343564
levels:0.15544423832180515
time:0.01338567771104842
items:0.0392679173701662
linear:0.09607988360382026
does:0.020652352785381783
2:0.01651194535674075
their:0.01282782727611622
16:0.05910157189534138
article:0.006867227799293229
by:0.00839352097302683
s:0.005257934583525579
