some:0.020483103072514983
out:0.02066977366807824
there:0.04830415713563933
i.e:0.06060594731535794
rumours:0.10551682466722698
someone:0.03865715990636877
such:0.03373714392048769
to:0.004835786526634494
software:0.09879950485899146
perhaps:0.050674763818246406
that:0.006086046060253978
need:0.03370529809644274
television:0.09171894536280303
re:0.006560359697862641
this:0.009210218217042439
products:0.07105415428310331
a:0.002450007238327009
richard:0.06554521955752243
as:0.02807418106024626
capable:0.0769785839853216
3do:0.22488116484336443
product:0.14003150606128276
are:0.02255829409127107
digital:0.07244504556160812
not:0.010577368571508155
encourage:0.09022140415313362
buy:0.05275159868849063
of:0.006822476686517145
reasons:0.06379867501396676
but:0.011671635478077372
they:0.016367010956276205
in:0.0031171877525349207
or:0.011830025573738339
and:0.0033491001271121917
subject:0.0004683676647722508
group:0.047317823417660436
will:0.019882549910583934
yet:0.04614155688923094
the:0.002644747403470361
about:0.017280985619681957
hit:0.12560358385717224
write:0.057090770613816025
already:0.0509787073911816
sales:0.08489744029079954
s:0.010884847032561724
news:0.05383993888005997
