go:0.014682507560710394
at:0.006648792546825895
out:0.008891902634569508
mark:0.022668860107865587
stephen:0.015364751997701952
all:0.01800127982351493
means:0.010696585737504727
fax:0.011542050339182602
i.e:0.013035996215001521
with:0.00220689576146999
way:0.006537255922817144
remove:0.016672265603923132
faces:0.020514645868893507
from:0.003194612280868587
both:0.016948710055156514
discovered:0.0171125762457352
to:0.0015602254642537706
0:0.013830778447058236
q:0.16017654503859086
sharing:0.020752056530820184
add:0.01296686949604422
otherwise:0.026817998729147443
look:0.008947804997267586
then:0.0240887599966159
connected:0.01715012466404904
t:0.01944357022641843
hall:0.01728456684383452
make:0.006641813144715863
that:0.006545370291216543
r:0.02339788503191796
finds:0.019842011033397965
nt:0.002694636044235617
consider:0.012152317277627145
re:0.0014110962368987568
this:0.003962131610350332
consistent:0.035179749828143
two:0.007036941255295515
set:0.009997790883494041
you:0.012584128062084268
kenneth:0.037100729942368516
them:0.00553154404351789
more:0.009595615289213025
sure:0.008234128377959258
a:0.0021079307559945587
how:0.004963633951808016
same:0.00732865415293816
as:0.012077194871200278
surface:0.08613180647717954
oops:0.020902020035157974
let:0.008698632991520093
given:0.010519953053514268
across:0.014562883478618274
step:0.015696304283706986
lose:0.031733930061790844
travel:0.01930457578795733
computer:0.010115860019491756
are:0.00727824205586293
those:0.00700345529919834
it:0.0012937940744904603
not:0.0022751321078338296
should:0.012398582205535694
have:0.0038584951935671913
university:0.008869207930560957
campbell:0.021111717586685563
left:0.011035491258492685
points:0.013830778447058236
edge:0.21342800094783212
be:0.006548618005329863
which:0.01950026162290593
writes:0.0024953297774247636
if:0.012644347542705835
of:0.003668690293693182
particular:0.01279642055880682
ok:0.02463282407932779
least:0.009085518425307481
direction:0.016672265603923132
pick:0.03034003401538124
one:0.0074212143983065845
in:0.003352447205556424
point:0.008307682872679474
edges:0.11389505495756062
or:0.0025445715385022088
205:0.04255402100475522
and:0.007203724801713016
for:0.003683194674476309
subject:0.00010074323355478603
each:0.009607582631549491
al:0.014377412002725402
exercise:0.018834226938118547
station:0.015607509953857195
p:0.1270236996087302
acceptable:0.017464772244951122
sciences:0.01920569891099875
face:0.04063326329372331
containing:0.018160990494824898
any:0.0038614613822219143
information:0.009203099186731189
will:0.008553247886062524
normal:0.014235330847239784
than:0.01079699080920348
the:0.0025599158829816893
wrong:0.00997517757294287
do:0.005421267312501862
when:0.009869241078065931
can:0.0032625131790102392
an:0.020329769174982717
warning:0.04856763189735187
about:0.003717042189893855
f:0.04207054209517186
is:0.005069294846993659
either:0.0094474064419372
done:0.009994956797813957
assuming:0.014974225176109442
2:0.014704977751663463
marked:0.02080138514050831
1:0.022171968587826888
article:0.0030578599257230226
bad:0.010341890742439184
by:0.0037374923578006266
especially:0.011793568707537137
check:0.01248796816825543
appear:0.029801491081178733
s:0.004682537968724667
