formats:0.07521013966847427
know:0.018416046651616443
help:0.031941682388683536
thanks:0.029752039476360643
codes:0.08207902956219924
graphics:0.05251852895730928
where:0.027573982063190474
with:0.008728766817754438
jpeg:0.08630831928320319
such:0.02870174930548953
from:0.012635406782539934
via:0.051018378785308134
technical:0.05726488422267612
could:0.045048034487345
me:0.01617296537917231
need:0.02867465658951099
so:0.015250904438580896
this:0.00783555878166297
reply:0.05359994805007678
hi:0.04703009940320007
you:0.01659101460921558
am:0.0487861599015333
a:0.0020843345161886493
as:0.011942002391298782
advance:0.04721643606980074
doing:0.04001049112187038
details:0.0569376400341841
be:0.008633750106529423
if:0.03000673521328698
of:0.008706294876077849
please:0.028588288909033654
in:0.005303871698342999
or:0.010064350114971423
and:0.0028492344364984316
for:0.014567859533376446
i:0.011396937745993726
sought:0.08683207032516244
info:0.04396112625958802
possible:0.03846226302932212
source:0.04655623823432574
the:0.0011250044925209745
would:0.013920143971707105
compression:0.0726323382104546
descriptions:0.09009608825001064
immediate:0.07163694456122069
techniques:0.07097767264609924
gif:0.06991112094487319
is:0.004010039207323342
obtain:0.06836433154650966
various:0.05320267131873416
e-mail:0.04104023547242189
grateful:0.0804291508398138
project:0.05748710231959778
share:0.060911179399117256
