library:0.04955158096687787
some:0.0069085022197239885
pixel:0.02908785039860253
at:0.0156384321737473
there:0.005430644885071878
palette:0.038318370251683775
region:0.028400445476933645
increased:0.02871401074403726
programming:0.025963191048303736
chris:0.02270264640780651
truly:0.025788777923256675
graphics:0.08328382106839578
c:0.015302353227390295
such:0.011378800020519518
from:0.005009303280651927
yours:0.025007865709197996
several:0.016677227053653234
mirrors:0.033363359663491514
my:0.005622569593670422
creation:0.026862695233502706
to:0.004077512307961038
line:0.016708897921928926
memory:0.020009658143001863
duke:0.0375538037932222
terminal:0.028249681658584623
like:0.006891355405376764
pcx:0.03641550857045619
me:0.006411767339671862
re:0.002212665696912252
package:0.02300155640861658
barry:0.06222642513432498
this:0.0031064049607776273
map:0.05870175715899008
contact:0.020592143780950103
routines:0.06186958444591448
game:0.03517170541905902
on:0.006000104440701656
etc:0.01374156205596589
support:0.048620526204736794
a:0.0033053352091038934
simtel20:0.04353960800433747
sb:0.034424548590449015
commercial:0.02465293846303403
as:0.0142032099446808
coming:0.020571774880411803
vga:0.026688648575477297
features:0.025595547373114348
files:0.039163450468493365
product:0.023614780607967803
are:0.0038042093585871333
no:0.006661217373861005
it:0.006086191060472875
not:0.007135029687289525
have:0.0030251515570867034
date:0.021170409407001912
herein:0.034424548590449015
shareware:0.02935087857949504
sites:0.02695167675636981
loading:0.06745521510212427
regarding:0.023414179710478565
usually:0.01951331800110422
be:0.006845695350739305
utility:0.02806647322305819
soon:0.04256797203597006
fill:0.028594468097188026
of:0.0011505360092647257
available:0.015982626200084202
but:0.003936587113907753
years:0.013193937414085168
saving:0.062470440367493454
using:0.02608781749875646
well:0.009957798284931034
rectangle:0.03792374673394016
up:0.00794946964705553
professional:0.028287014020674947
called:0.015871328377850494
over:0.011869471908398566
in:0.004205436731230544
useless:0.028400445476933645
brother:0.027417835796920777
or:0.003990008625462043
world:0.014918643128595721
use:0.009838932116848213
and:0.00903662519504828
few:0.013524423082285719
for:0.0038502824013263194
subject:0.0001579701591243686
create:0.02250204551031727
we:0.007974816010141834
info:0.017428375499363297
games:0.019703374506560508
currently:0.021295464508031343
creator:0.0341157571515699
em:0.028139077321234607
the:0.0017840307928734982
can:0.005115775103181736
1000:0.02764861779575669
once:0.031751848460649774
may:0.02202397073893291
bar:0.029817037620046012
excuse:0.0261952662740628
toolkit:0.03246385547829255
gif:0.027716243214831383
is:0.003179557714682413
number:0.014806300878093244
recent:0.02247393543482261
blocks:0.06363541164338993
designed:0.023252055602856585
circle:0.03224053992809819
maps:0.03521467517402607
e-mail:0.016270389210960155
leave:0.020906403102334416
playing:0.04740082787402477
by:0.005860564939746545
200:0.024592455894563388
while:0.012842263348393623
include:0.019890670255885215
s:0.0036712205967811733
producing:0.03269593070405161
