obvious:0.08013850653962525
at:0.018353437759467312
correct:0.06817119667044684
fax:0.0637217362475706
to:0.0028712482501892307
hall:0.09542521278366974
that:0.0072271796965516
re:0.007790427141211886
kenneth:0.30724041983523925
a:0.005818767191026646
sorry:0.06619618093205468
surface:0.09510386965188573
therefore:0.07151928167822637
computer:0.055847977190944066
it:0.007142821452916082
not:0.02512125035733187
university:0.04896541878330528
campbell:0.1165542741764932
algorithm:0.0850218545779345
be:0.012051276190363985
writes:0.013776299812865881
of:0.004050845532619555
up:0.02798875771567468
in:0.003701660456135218
205:0.23493365763041943
and:0.007954112801891455
seriously:0.0807698679874446
subject:0.0005561866019170479
al:0.07937529543171315
station:0.08616646120358659
sciences:0.10603146273780559
information:0.05080877676007843
will:0.023610528018818425
normal:0.07859088905246964
the:0.001570318770810527
about:0.02052117042337232
is:0.005597346393555498
change:0.061916856414801824
article:0.016881935006595853
shown:0.08602849160440965
sign:0.09028566803943866
s:0.012925755851167047
