24:0.13566976847660964
ca:0.07616846652193782
us:0.0762917180068517
that:0.012848319460536177
nt:0.02644735376749772
re:0.013849648251043352
this:0.019443794013756257
2mb:0.2298338608442462
am:0.060530976174124645
card:0.11336697579682375
sorry:0.11768209943476386
ultra:0.19831348269588495
plus:0.26488147066516077
ati:0.38026445934879244
but:0.024640119342607784
street:0.14770475853031872
subject:0.0009887761811858628
costs:0.1524538020345865
i:0.007070322490570182
the:0.00558335562954854
do:0.026604367366907283
hits:0.1834352323814548
does:0.045129215345834264
nothing:0.0946242963518855
