sent:0.07072466439018486
there:0.017649595876483605
all:0.018347458281659446
800:0.09230144780003435
thanks:0.03833435855608006
someone:0.04237419451275039
from:0.032560471324237526
corp:0.0890031662483086
signature:0.480664741929081
could:0.02902132991011649
database:0.29215251400439446
me:0.02083824385393355
re:0.007191163514964819
contact:0.06692446728808785
hi:0.06059647423104625
tell:0.046346635646585636
a:0.002685584857396914
organization:0.07368910054070907
computer:0.05155197894548683
imaging:0.20770958253964295
systems:0.05770032923620405
date:0.06880383057275621
if:0.012887508072373256
of:0.007478484060220718
electrical:0.09109913324270101
arizona:0.10814601341047936
available:0.05194353515027366
and:0.003671128985488364
for:0.0062567089021552695
subject:0.0015402090514625942
images:0.08184330277155354
original:0.05934938487064384
club:0.18586404263172218
is:0.0051667812863589214
engineering:0.0743605671773673
wall:0.0862791178432504
image:0.14234857680514143
u:0.07272391314601953
vincent:0.11187978291895931
