pc:0.06171929744440524
know:0.022849539364042624
thanks:0.03691456749844746
313:0.11350978399660601
to:0.005104441333669743
h:0.1308585971960932
need:0.035577814657356224
phone:0.054395317152029055
on:0.009389052319246109
a:0.0025861187515673983
running:0.05606408171197595
advance:0.058583355864382396
electronic:0.15976560425961517
display:0.06826150772102736
files:0.06128354749236461
are:0.01190576632594862
brian:0.1383732412881029
those:0.03436880841273259
not:0.011165000158814165
systems:0.11112656001046706
herein:0.10773608725529413
able:0.04884194863167905
anybody:0.05628879897986472
be:0.010712245502545764
of:0.007201503169101431
3.1:0.0726207774606892
windows:0.05087420706339817
email:0.05081293812903594
in:0.0032903648498979715
and:0.007070322490570182
for:0.01204995788563237
subject:0.0004943880905929314
i:0.003535161245285091
the:0.001395838907387135
do:0.013302183683453641
views:0.07500160729883128
an:0.016627743306698826
note:0.05484609442367588
expressed:0.07610665047450532
viewer:0.1987319847423269
reflect:0.08761319655860166
opinions:0.05288166954666745
data:0.10867946752614119
mine:0.06046738971851826
