thanks:0.05537185124767119
i.e:0.09595941658265007
with:0.01624520491082076
both:0.062380668953006604
that:0.009636239595402133
phase:0.15239976599531782
mean:0.07342839046749612
on:0.014083578478869164
pointers:0.14721682278475082
a:0.003879178127351097
anywhere:0.11739803624595725
are:0.01785864948892293
complex:0.37466607265029706
real:0.07104427372217353
has:0.02957706871907086
available:0.0750295507726175
parts:0.10135263920601001
net:0.09208729124718007
point:0.06115377670166835
and:0.010605483735855273
for:0.018074936828448553
subject:0.0007415821358893971
i:0.005302741867927637
any:0.0284246462858002
information:0.06774503568010458
images:0.23643620800671017
the:0.0020937583610807025
every:0.06755968130381655
magnitude:0.1611124759635134
by:0.027512096522699057
data:0.0815096006446059
