say:0.07160547072707711
know:0.023280662748269846
help:0.040379107925316925
posting:0.06224884069728756
dos:0.0665953274763007
thanks:0.03761106877200308
where:0.034857675438372863
from:0.015973061404342934
to:0.007801127321268854
ms-dos:0.09772945864922578
next:0.050535472146210854
uxa.cso.uiuc.edu:0.08412462905154612
nt:0.013473180221178084
so:0.019279445233677736
anyone:0.031564429238516815
lord:0.16073977712223902
want:0.035709395617210975
fine:0.061116161847557735
advance:0.05968870220144622
no:0.02124048558834924
ftp:0.07157296126960519
have:0.009646237983917979
of:0.003668690293693182
what:0.01736683213201191
but:0.012552513627366231
email:0.10354334562143172
in:0.006704894411112848
for:0.018415973372381548
subject:0.0005037161677739301
i:0.014407449603426032
rose:0.09302727390160341
preferred:0.09635664064389693
any:0.01930730691110957
uiuc:0.11348035860437619
the:0.0014221754905453829
can:0.016312565895051194
here:0.0339698284079886
is:0.010138589693987317
does:0.022990354987500475
clue:0.09570595807651637
black:0.0665953274763007
