there:0.017316584633531085
know:0.023280662748269846
to:0.007801127321268854
most:0.03503010309371769
produce:0.07953734507227163
need:0.036249094179193135
greatly:0.07364017263774719
on:0.019132408499595844
am:0.030836535032101237
m:0.02582669268143532
a:0.002634913444993198
part:0.04621173797006183
are:0.012130403426438216
imaging:0.20379053381247986
whether:0.05391431292229858
sufficient:0.08632532534825858
quality:0.07253139321838395
sun:0.06846211894526115
be:0.010914363342216439
rates:0.08652084963194814
if:0.012644347542705835
interface:0.079673576166111
available:0.050963468449325096
in:0.003352447205556424
system:0.04217400621212311
and:0.003601862400856508
for:0.006138657790793848
subject:0.0010074323355478603
i:0.007203724801713016
appreciated:0.06386343621087251
any:0.05792192073332872
information:0.09203099186731188
the:0.0056887019621815315
would:0.01759716313404483
about:0.018585210949469275
interested:0.05428445689462113
is:0.005069294846993659
refresh:0.11307458114737688
hardware:0.06697511554102928
image:0.0698313773006354
workstation:0.1004021099145659
