since:0.03775135138497512
read:0.02138682133865964
ask:0.02749587343732422
at:0.008310990683532369
know:0.011640331374134923
help:0.020189553962658462
knows:0.03296190010510599
times:0.02651392586314176
from:0.007986530702171467
often:0.02931434328564817
my:0.008964285484248125
to:0.009101315208146997
matt:0.046307796881040954
might:0.02006684090451364
100:0.03187275564934973
that:0.009818055436824815
bit:0.025708341491091507
like:0.010987160976496916
nt:0.013473180221178084
me:0.020445069441595184
need:0.036249094179193135
greatly:0.036820086318873596
anyone:0.031564429238516815
file:0.11465984462107204
tiff:0.15420711078816776
this:0.014857993538813745
telling:0.04050966337382842
map:0.04679526867862888
a:0.006587283612482996
how:0.012409084879520041
senior:0.049998166228783295
it:0.0032344851862261504
have:0.009646237983917979
heard:0.02549667320207429
be:0.010914363342216439
get:0.012399754483878513
if:0.006322173771352918
but:0.006276256813683116
least:0.0227137960632687
anyways:0.05333439302353403
please:0.018069956197219385
vector:0.057159535552856335
direction:0.04168066400980783
point:0.020769207181698685
or:0.006361428846255522
and:0.001800931200428254
for:0.003069328895396924
i:0.012606518402997778
appreciated:0.031931718105436255
any:0.009653653455554785
the:0.0021332632358180745
do:0.02032975242188198
hello:0.03650274330803558
would:0.008798581567022415
can:0.008156282947525597
an:0.008470737156242799
just:0.011079137391187602
newsgroup:0.036265696609191975
about:0.009292605474734638
is:0.005069294846993659
done:0.02498739199453489
right:0.01830069428104056
change:0.02803782177274045
faq:0.036623538329224145
very:0.016445683884749502
convert:0.04036396221885226
already:0.0274130785028052
realize:0.036919917538973
project:0.03633618731521746
