okay:0.033638797933613254
looks:0.02674301151854602
ask:0.01138501009514206
out:0.013806762879849138
fast:0.013600773144328272
there:0.003585074162410732
quadra:0.019405871403593285
know:0.0048198247096027415
hours:0.015297556158400867
i.e:0.013494292956935168
your:0.004921610242895557
ca:0.00803339295348563
into:0.006995327746024947
someone:0.008607258260402421
wrote:0.010060839744893989
themselves:0.012642383657511006
awesome:0.022391509915420788
my:0.0037117744583214894
to:0.00646030856292577
receive:0.01672819832619338
then:0.012467815232623462
displays:0.03982943964185768
archive:0.018955733655243348
might:0.00830892631202518
sooner:0.021332319405652934
mail:0.04787992976306025
that:0.004065288579310275
tie:0.020702365704105583
conversion:0.01962038608170311
nt:0.0027893693426657754
need:0.007504695279286079
re:0.0014607050889772287
so:0.007982895292069688
anyone:0.006534823240786684
file:0.01186908547835316
this:0.008202850599553422
8-bit:0.021798517677655147
on:0.007922012894363905
you:0.006513269407133459
edt:0.022656441932369074
used:0.007712748079440881
machine:0.01270624747782948
took:0.013185162798502653
ta:0.01803653800315559
seconds:0.018078768144187685
more:0.014899441708836631
a:0.004909584817428732
other:0.0053879218274684015
want:0.022178882434127127
was:0.0034588325550835375
as:0.003125445938347728
rpi.edu:0.04618183413903677
let:0.009004444307628222
drive:0.011030483393773393
evidence:0.012569172009816706
whole:0.011687169824325352
video:0.013655121847128995
sake:0.019465968742810005
compact:0.02286764201545609
d:0.021349736980980884
it:0.005357116089687062
not:0.002355117220999863
ftp:0.01481783963784795
application:0.014415498858659878
have:0.001997072707608019
received:0.030228834301966965
only:0.005209125930739401
ve:0.02851771404730366
copies:0.017637594663013484
able:0.020605197078989602
site:0.030512220292489112
absolutely:0.015634604473232946
poor:0.015435375744903366
party:0.016580775170010383
uses:0.013339824725923582
johnson:0.03607307600631118
glad:0.01812145982595405
be:0.0067788428570797424
perfectly:0.017452429667331515
down:0.009235803034973273
if:0.0026177750772008175
of:0.0030381341494646664
institute:0.015204913476301977
available:0.010551030577399336
but:0.002598762586915665
macintosh:0.036684421294590465
excellent:0.015215099270860887
megs:0.021332319405652934
york:0.014699871904005636
who:0.01010197557995194
up:0.010495784143378005
net:0.025899550663269395
in:0.0020821840065760604
24-bit:0.023015065171639083
seven:0.01882507766279202
or:0.005268058263305354
message:0.012684843314686412
and:0.002237094225531972
pop:0.02062012582442655
for:0.003812681987250867
subject:0.00010428498785944647
welcome:0.016342258542036765
i:0.006711282676595915
20:0.024569002721918906
any:0.0039972158839406535
quicktime:0.1264805580573156
later:0.01248207823811603
than:0.00558828625866977
the:0.0038276520038506598
got:0.01728245173148886
would:0.003643162680095219
maybe:0.010343410477899703
needs:0.013083385010427136
thought:0.010486665645280127
just:0.004587455326038617
long:0.00929809080120541
people:0.01175994640682123
58:0.021690003755361884
requests:0.020499924032759544
is:0.0041980097951666235
tuesday:0.01962038608170311
new:0.006734373300326355
lot:0.009681849172911683
converting:0.021431217093091568
spare:0.01991471982092884
unless:0.012023677444298794
six:0.016551946625879044
16:0.01362106539775446
first:0.007334198552308754
dedicated:0.02128379393690857
words:0.012921324732450681
article:0.0031653628137367227
little:0.009161479304290876
convert:0.03342640621248703
already:0.011350727817567779
close:0.013573879750666174
movie:0.2179553654633166
mine:0.012754840018749946
happy:0.014836308939394614
while:0.008477900413587978
s:0.007270737666281465
