some:0.009415619960752856
at:0.007104556552051863
out:0.009501428218390805
there:0.02960577372829508
know:0.009950605852083079
graphics:0.028376947097900982
i.e:0.027859185459479057
with:0.00471634981281893
rumours:0.04850370166154789
into:0.014441966959535374
someone:0.017769823505346935
such:0.015508203253772569
post:0.02082724035831597
to:0.0066687056133427295
software:0.06812385214067555
perhaps:0.023294044658387462
that:0.0027976179470522323
need:0.015493564447558356
television:0.04216112811032075
re:0.003015649215952988
had:0.012374261981307541
this:0.004233729341704992
products:0.03266199027529749
3:0.018882789876109835
arts:0.04816047896462211
a:0.0033786390141445043
richard:0.030129657377248212
markus:0.051686396758353924
senior:0.04274036790525024
as:0.03226266775068622
capable:0.035385316831962346
timing:0.04434915306989797
3do:0.15505919027506176
electronic:0.034787671895238785
computer:0.021618571815849315
product:0.0643693213346219
are:0.010369538412922992
digital:0.033301351588803735
not:0.009724354977031691
encourage:0.04147274223168239
ve:0.01471882015344705
buy:0.024248718751967466
develop:0.03633518002273964
has:0.008586890918439926
be:0.013995030414616241
which:0.010418486552560627
writes:0.005332761217883567
things:0.018021983291453627
of:0.006272276953733505
reasons:0.029326810288678267
but:0.010730374552425972
vancouver:0.03976165739342726
they:0.007523545358933416
good:0.013064595575479832
in:0.001432900821729762
resources:0.0355947965610209
office:0.029441434782630328
or:0.005437995626637784
and:0.0015395057035918946
subject:0.00021529803945176046
i:0.004618517110775684
group:0.021750934958118105
developed:0.03417176077600835
any:0.008252316663619414
will:0.018279118466182007
yet:0.04242046359171232
the:0.003647191983817998
titles:0.04833026452266915
do:0.011585772885588656
canada:0.03000489994360199
putting:0.03241979441159689
start:0.022722274902278326
may:0.015008270382579281
just:0.00947087551182166
about:0.00794367887356348
hit:0.057737131289184014
is:0.002166714732989225
write:0.02624333810473801
lot:0.03997666755266759
already:0.0234337606556238
by:0.00798738286142876
sales:0.03902543626270624
happy:0.030629799100685653
s:0.005003518394000148
news:0.024749004162608213
