looks:0.02498617134579482
go:0.014200235414555671
at:0.012860803101524541
fast:0.05082916678756259
say:0.013850693242828784
know:0.00900638777852775
help:0.015621114744830635
50:0.05038223779749534
thanks:0.014550267481139875
graphics:0.05136848817722221
with:0.017075251877067075
from:0.0061793595213881424
iastate.edu:0.035081370803703674
otherwise:0.02593711555921194
that:0.002532150550616619
think:0.010509109689989454
quite:0.019388316657732857
memory:0.02468344690633077
rob:0.06424354294889399
anything:0.016943366060725575
re:0.002729492721008544
anyone:0.012211056566725482
supposedly:0.03386199792295064
this:0.007663977202502467
am:0.0119294624576742
them:0.010699701981987159
support:0.019992381821412452
m:0.009991348263620964
a:0.0010193460772601423
as:0.035041496067898616
also:0.01082844621663917
stuff:0.021338806953822058
chip:0.047188384785449254
responsible:0.028546388431189944
based:0.02205038694817914
far:0.03634128572440002
are:0.004692783807308215
no:0.00821712216191613
requires:0.02930039988986004
it:0.017518160643648202
not:0.004400802982306313
have:0.003731756300347831
systems:0.0219008548925738
ve:0.013322143788521418
beware:0.04233612507070425
robert:0.0466483507877037
selling:0.03043632945510613
points:0.02675296560927323
command:0.030045639817035293
writes:0.00482673278115009
depends:0.031428949894178805
fill:0.0352734679447064
of:0.0014192743471951727
opinion:0.02415555886560357
but:0.009712163828473142
version:0.0455543154403735
well:0.012283707373382078
windows:0.02005260716367519
they:0.006809632295676961
over:0.014641903303061005
in:0.0012969321306167188
2.5:0.035520924526280716
or:0.0049219814430882134
and:0.001393421220769306
for:0.004749618436672613
subject:0.00019486829848188537
i:0.009753948545385142
info:0.021499236929871515
any:0.007469250118896403
pretty:0.02100744567094618
the:0.0033011080729447575
do:0.005243196488368589
got:0.03229421637416896
would:0.006807661650396905
drivers:0.057405894284386944
7:0.023295828678330698
an:0.006554001011399538
just:0.01714435859074286
about:0.0071898991264370184
is:0.001961114064895357
number:0.01826470692261137
new:0.012583938429806912
65:0.03572511322732018
their:0.011048785537092803
goes:0.023525745956136324
nice:0.02306379165514422
article:0.005914838542456942
very:0.01272439775024414
workstation:0.03884169215672987
usual:0.031314896478827854
upon:0.05062884062325455
four:0.025606176284839226
s:0.018114927908204913
