mode:0.11465225288856978
some:0.006991238773253618
since:0.011980967804812464
pixel:0.029436207888406157
say:0.011362544756093076
know:0.007388473806337137
all:0.0057129810218340795
take:0.012729036708597027
supports:0.025878080746459798
graphics:0.04214061604957751
your:0.007544504324438699
though:0.014883498213237603
both:0.013447329834181065
my:0.0056899057564688705
to:0.00412634479069111
colors:0.02730477050169488
bet:0.05166073431149234
256:0.058530219699637995
that:0.006231819618583416
think:0.008621245673823684
nt:0.008551838942783696
bytes:0.030739941324602987
rob:0.05270278673052981
anything:0.013899647606703017
re:0.0022391646872944346
so:0.006118626331646228
this:0.009430822246193155
restrictions:0.031072694924332393
on:0.003035980989456826
set:0.015864757988777973
you:0.0033281376611300714
possibly:0.02321529139758887
numbers:0.02112420599400418
am:0.009786445249708776
support:0.04920280795569172
card:0.03665758498819451
m:0.008196495282132168
a:0.0033449200619075333
j:0.018288195566041096
modes:0.029747922630657973
vga:0.13504136554657675
exact:0.025574529163732148
responsible:0.023418294701036062
bios:0.05779425827192945
no:0.006740992432230598
requires:0.024036854999466024
it:0.010265132626945268
not:0.007220479144622334
should:0.009837198456487903
due:0.01985115260418253
only:0.023955740807232694
color:0.02212354554852327
per:0.021178593506425255
able:0.015793204946770473
robert:0.03826840753242759
has:0.006375895053212881
anybody:0.018201168532411348
be:0.006927679726197262
svga:0.031072694924332393
which:0.0077358822306438195
writes:0.007919310072066615
if:0.00802575353010071
of:0.0011643148836271776
opinion:0.01981623691369874
but:0.003983731869762936
david:0.014948773888290384
in:0.003191850932236356
640x480:0.11055486733665443
or:0.0040377931598987145
and:0.002286212062819101
for:0.0019481967839046347
subject:0.00015986201731747483
i:0.006858636188457302
appreciated:0.02026803664177391
info:0.017637098559235915
possible:0.015430967802183128
any:0.01225493732082404
the:0.0009026982155557521
wrong:0.015828874591795574
do:0.017205219614526868
would:0.0055847284197866835
can:0.015531125612653534
instead:0.01836966653643498
an:0.0053766355602499205
just:0.007032266847101114
definition:0.024399876686989584
is:0.009652908750562775
cards:0.0235629788284557
either:0.014991393455768613
time:0.009458143532357566
vesa:0.09482788403089575
does:0.007296340205613924
byte:0.03233801883850729
greetings:0.032776362575173724
article:0.009704585393013186
very:0.010438577795110463
takes:0.021412573975926174
by:0.017792254038631727
high:0.01675044206970971
s:0.00743037462103016
