with:0.018275855524673354
rumours:0.18795184393849806
to:0.004306872375283846
think:0.04499212586026735
interactive:0.17395107135953056
re:0.01168564071181783
cs:0.15986601824402163
these:0.05176987415934196
how:0.041105093663410135
mind:0.09467674384406678
3do:0.20028478743862146
it:0.010714232179374124
sex:0.13517648456426015
univ:0.14514385535172522
dept:0.12822835907318123
things:0.0698351852543828
of:0.006076268298929333
short:0.10821805830066461
or:0.021072233053221416
for:0.010167151966002312
subject:0.0008342799028755718
peter:0.11505915877581115
an:0.028059316830054273
about:0.06156351127011697
cop:0.17027035149526856
fischer:0.6958042854381222
takes:0.11174687043686471
bad:0.0856437827108245
