there:0.057361186598571715
re:0.02337128142363566
a:0.017456301573079938
anthony:0.3360745177416531
xv:0.3305764694325308
of:0.012152536597858666
called:0.16764090599104586
code:0.20253203189573102
subject:0.0016685598057511436
the:0.004710956312431581
thing:0.14149577719530979
gif:0.2927528189566565
is:0.03358407836133299
nice:0.19748371604717238
