some:0.03485184701890609
out:0.017584732822096414
dan:0.059310499841600875
there:0.01369819381458429
formats:0.2256304190054228
knows:0.05214867777822738
microsoft:0.06357618050357215
into:0.026728416462423677
to:0.008228054687109437
enough:0.0363007242826477
format:0.12000162707576162
me:0.01617296537917231
two:0.027832678099303156
these:0.024725910046252873
am:0.02439307995076665
them:0.04375699019499226
sequences:0.08882507618522995
graphic:0.07863267797041269
a:0.0020843345161886493
ms:0.0623901480952998
wondering:0.05371542540085517
was:0.01321583782240874
files:0.09878541983843848
not:0.01799731368883477
have:0.007630606166382879
writing:0.05973819022608409
anybody:0.04536709171511485
if:0.01000224507109566
but:0.009929600332095676
point:0.032858745690448665
or:0.010064350114971423
bitmap:0.07942256455928347
rather:0.0768204075496377
and:0.0028492344364984316
for:0.004855953177792149
subject:0.0003984620431644522
i:0.014246172182492158
power:0.04032619821150062
the:0.002250008985041949
would:0.04176043191512131
can:0.012903970036383782
draw:0.06302536622095348
window:0.05204466778843495
easily:0.055207683110378915
useful:0.05722816741908116
convert:0.19157820874022413
give:0.03527218315456726
