some:0.014716851367227153
studies:0.017727239060225608
at:0.011104600997324762
behind:0.01482244706301974
technology:0.014149864226121607
startup:0.022740687410410583
small:0.012557755883470635
situation:0.014807278524263017
graphics:0.04435388369924019
where:0.007762423521990595
fax:0.012851442604552055
siggraph:0.11133150550677029
into:0.007524386146984816
companies:0.01670853926717536
members:0.0309936328445766
opportunities:0.024675665920037438
via:0.014362316716872457
to:0.0028953763867454432
software:0.011831033144879228
centre:0.06311115750717927
problems:0.011525517797864593
technical:0.032241573469910086
interactive:0.02338837934245789
toronto:0.08439286334328955
package:0.03266607590803531
michael:0.025249539509862935
so:0.004293321837751765
described:0.017434320435791316
this:0.006617425693757383
parties:0.02056445593337338
announced:0.020276556998765162
contact:0.014622152516725074
apr:0.015660538979151255
on:0.008521156726710754
inc:0.03076483609919665
names:0.017213853831852432
sure:0.009168252185542871
a:0.0011735328788625168
demonstrated:0.021723830117895488
entering:0.02209299547836328
election:0.023628540745146746
birthday:0.0261856407137681
also:0.012466362451088793
demonstration:0.024154436303777022
silicon:0.045683875254258655
plans:0.019561826036471757
business:0.015195645937956165
culture:0.01987862442926256
early:0.014717399574761683
ken:0.017336439920650468
directions:0.024755700352687416
offices:0.024084985455242527
university:0.009875378578145603
after:0.0162118797282769
site:0.01640993360268322
providing:0.019378116746497673
presents:0.024225054447963502
abstract:0.04701348874345944
open:0.013886388986358668
feel:0.012799481866580578
call:0.011163681084028182
talk:0.014536108267382466
his:0.007749701855064103
free:0.012132385689599729
be:0.019444075870167103
which:0.010856238088382502
of:0.00816977250276213
park:0.05661229750897017
what:0.0038674037941034923
present:0.015228992784997075
alike:0.023753973363422717
increasingly:0.025092014250475383
who:0.005432995269890118
called:0.011269976873347621
chance:0.03021056746229079
in:0.0007465533693045818
st:0.032241573469910086
become:0.013916902415105662
our:0.018737608596473894
installed:0.01682928552670207
or:0.005666482837841053
and:0.006416763268752771
still:0.008578609589199778
for:0.009569084203296293
subject:0.00011217208778158947
membership:0.022593244890195166
until:0.012021704728422873
20:0.026427162591643863
information:0.010247148254133465
will:0.03809429730767342
event:0.08724245689489438
joseph:0.01716049843967963
the:0.004750544180603275
when:0.005494430432116537
beta:0.022945688100198113
meeting:0.020360874490575283
may:0.007819434989242986
drop:0.018191897715781724
an:0.0037726812544610785
2d:0.050541672319596116
just:0.00493440572884826
btw:0.015763825716148466
39:0.022313029030957044
south:0.018158149095204985
interested:0.012088555526953444
is:0.005644382917871091
tuesday:0.021104280827378134
discussed:0.019074770985134274
today:0.011929101957135936
east:0.03421562419656317
new:0.007243695650771205
executive:0.02279100754085897
time:0.006636596512200477
evans:0.023883266046896473
encouraged:0.02249774803692812
issues:0.015988359170583593
marketing:0.020809879303778485
1993:0.012729646231135028
workstations:0.02279100754085897
art:0.03875623349299535
testing:0.02068537595249121
animation:0.04444725639428985
april:0.014294764125580303
side:0.01353094150660165
before:0.008933589358078337
by:0.00832298718333753
happy:0.01595838272472698
north:0.01686619657525557
s:0.01303437564823568
