out:0.007552417301797819
there:0.01176639725098907
know:0.007909455933707062
all:0.006115819427219815
800:0.030767149266678118
tony:0.02963297806053018
your:0.016152977207452082
texture:0.040880541664880164
post:0.016554985925840898
to:0.0026503830001746746
software:0.018049909541546515
that:0.004447495197877908
think:0.009229154022618943
r:0.019873203632879036
like:0.007465635022491495
hot:0.026818065299752638
its:0.013255285615603655
me:0.006946081284644517
started:0.021020800487108367
anyone:0.010723812497701225
this:0.0033652720408424296
off:0.013996522102284296
blow:0.031239019890673285
personally:0.025120798750682696
on:0.00325005657204673
you:0.014251256138685175
dont:0.031194658077567036
a:0.0017903899049312756
how:0.008431814084802078
3d:0.029989195055112296
low:0.02176791371781936
price:0.020065026934897198
idea:0.01777164291833818
objects:0.030062876974508036
standard:0.03902621205720816
let:0.014776523992005287
also:0.04754798498972969
ie:0.053636130599505276
video:0.04481681016493619
product:0.05116535798393024
doors:0.03308313573972316
mapped:0.03814923143852825
it:0.021977912162818712
have:0.0032772475201772616
made:0.014907561230243598
has:0.00682547739670866
500:0.026729340611215
list:0.018664285877702434
get:0.016850948401168235
things:0.01432516620602724
if:0.0042958360241244185
of:0.0024928280200735725
mailing:0.028293299830555077
nature:0.024438558604229294
version:0.02000301671580503
oh:0.02070330887270175
shipping:0.02630325314321666
please:0.01227830356990548
up:0.008611925450976825
called:0.017193939076004704
in:0.002277944896083211
or:0.004322509344250547
and:0.006118548309147273
for:0.008342278536207025
subject:0.00017113433905139932
i:0.0024474193236589093
special:0.022408405082468094
fx:0.04299747555507617
will:0.014529555703888261
the:0.0038654000512259126
do:0.013813806132817245
when:0.008382528479767538
ibm:0.025259404289228633
can:0.027710448475567733
imagine:0.0504838276213649
just:0.007528131817089012
here:0.02308206289260764
about:0.006314206284114561
is:0.010333562572717843
number:0.01604015928460101
yesterday:0.02818181430035079
new:0.022102558524148035
does:0.007810825732932854
1st:0.02885106506766809
retail:0.03729326097298643
fool:0.0317003884780136
run:0.017159195053765352
1:0.012554640332850696
maps:0.0762984628770565
e-mail:0.01762625497854017
animation:0.033905278916157
comes:0.019385745751573792
live:0.039701131717277675
by:0.00634894535139209
3rd:0.028293299830555077
