week:0.02115238530310174
out:0.014456160724913618
there:0.011261091847572362
know:0.015139572093966894
send:0.017995994606602592
graphics:0.021587370798403203
tony:0.02836039618063011
with:0.0035878980171137873
previous:0.04261594379991173
work:0.012423757447793275
post:0.015844035610007242
to:0.0016910419142218784
basic:0.023433452819386504
software:0.0345495201040645
next:0.016431779286804758
engineer:0.027353406992220518
that:0.0021282492357943363
r:0.01901975317011736
helps:0.02595075028302431
like:0.007145024929501063
nt:0.0043808500105671075
hot:0.02566636924393504
could:0.009258338376233482
its:0.025372080442137058
me:0.006647783315365305
re:0.0022941135139765063
started:0.020118066723858314
michael:0.03686742578740723
anyone:0.010263280672646572
this:0.0032207511556528773
off:0.01339544446598988
blow:0.029897466889233327
personally:0.024041991442371173
something:0.012212646117567625
on:0.0031104835904250915
you:0.010229429252921262
etc:0.014247386426124145
a:0.0025702529923553284
how:0.00806971163944248
3d:0.05740263102573643
want:0.01161103047676185
as:0.009817351659104521
also:0.009101209396807156
product:0.02448403633586846
answering:0.03389946189561179
those:0.011385985609126136
doors:0.031662387579121556
comet:0.07462454339665608
it:0.014723852810919043
should:0.0100786020995919
have:0.0031365068291267046
made:0.014267359214220867
b:0.03755715762594162
details:0.02340381522877506
list:0.0357255042567065
asked:0.02068896256894743
get:0.008063644020190934
if:0.008222704536974348
of:0.004771548112042666
freedom:0.024466432394592674
mailing:0.02707825014458032
what:0.005646884067463995
but:0.008162984322090923
powerful:0.028229161886266202
version:0.019143991458071073
subscribe:0.032073496231164254
shipping:0.025173665584919014
well:0.010324343007075736
please:0.01175101445954144
who:0.007932839719226063
up:0.008242088161671072
called:0.01645554905433579
one:0.006032582256292163
in:0.003270178562475285
po.cwru.edu:0.05850216671518044
competing:0.034777381181750895
or:0.004136880108607886
and:0.002342315426323864
for:0.0019960052939391043
subject:0.0001637850116074742
i:0.0035134731394857966
we:0.008268367519717608
oppose:0.03558312352568394
actually:0.014995792190804201
pretty:0.01765656476637808
will:0.0069527935270140145
the:0.003699401276019892
do:0.008813716796398733
can:0.005304085843176156
imagine:0.07247371572637662
just:0.007204837812674147
here:0.02209080865795578
about:0.012086088102108854
frequently:0.028631599202130084
is:0.008241491622413003
yesterday:0.026971552336532045
new:0.031730053341414974
questions:0.037106458125711804
does:0.007475391499003222
silence:0.032918795018667645
header:0.0322584841954016
faq:0.023816534128207115
e-mail:0.05060789772979632
article:0.004971367363905528
by:0.012152582513094062
says:0.01571182051796054
s:0.0038063575512639163
