fast:0.040486022383116715
there:0.010671848669501714
help:0.02488479907025345
polygon:0.1388813812003056
media:0.045947165008084434
thanks:0.023178914475769336
fax:0.0355656202312022
siggraph:0.07702586718200967
o:0.08141811590232283
from:0.009843863423606693
reduction:0.1951606451327328
to:0.0016025571628963148
h:0.04108351307319205
think:0.016741256134052966
could:0.017547780875884388
me:0.012599868376797031
so:0.011881518574243256
phone:0.03415519914197173
searching:0.06175001057404392
this:0.006104446957807198
best:0.02831600092978412
you:0.006462778946613045
reader:0.05990409907316151
arts:0.0694406906001528
a:0.004871526020394402
test:0.04158023086022873
also:0.017249966647436818
it:0.007973382086976092
92:0.050971103353219464
algorithm:0.14236217510723917
be:0.01345258737529003
dept:0.047712877794672086
if:0.007792446741434991
of:0.00904374816584831
germany:0.0488923922463638
looking:0.030161457504728418
surfaces:0.1388813812003056
one:0.011433847764832819
email:0.03190579836009234
or:0.007840830903524248
ooo:0.14904914414036946
for:0.018915631564655463
subject:0.0003104297313025383
al:0.04430249047351432
i:0.0022197524098301735
any:0.023797378285786215
will:0.013177969126782376
the:0.0017529139767187279
would:0.01084476332679507
an:0.010440676029787635
dear:0.0558854395361326
is:0.006248200625364277
implementation:0.11466152364616235
et:0.05290459974182024
lot:0.02882038823564408
2:0.02265592502436522
1:0.022773533627031495
nice:0.03674115647389253
leave:0.04108351307319205
very:0.04054052306473133
useful:0.04458473508230742
hints:0.06045011050441466
