some:0.0063110101358559685
24:0.05940135808975882
out:0.006368524859894378
there:0.004960967489606203
viewing:0.029519317664038657
thanks:0.02155012589098555
allows:0.022338775054844127
your:0.006810444444223041
with:0.006322458127454566
way:0.00936417740295429
jpeg:0.0312576075241871
4:0.013428483806371239
such:0.010394687586312425
from:0.004576066240163112
my:0.005136293304488115
to:0.005214807632776117
bet:0.02331714224329519
displays:0.027557666346798827
pov:0.0332660591805789
been:0.007931029120115889
that:0.0037503202749673173
view:0.09203645277796302
quite:0.014357834497888657
bit:0.0441905545630654
really:0.01054808509832933
and/or:0.021843146092670112
re:0.0020213000150171383
so:0.011046601052809947
anyone:0.009042782430494008
best:0.013163113945737482
programs:0.019098281752943334
cview:0.03625733073833451
on:0.005481176489073405
you:0.009012956585006301
them:0.023770689268090395
8:0.015959412337156035
trek:0.03216908164546166
m:0.01479799688774132
board:0.019411873077595374
a:0.0007548670950521055
other:0.007455718853145464
want:0.020460518569861422
as:0.004324941406578478
speedstar:0.033002328563446835
question:0.011799924774849214
modes:0.026853530158485846
video:0.01889573617764877
far:0.013456097687142713
files:0.05366451185817875
are:0.006950393314607844
os/2:0.02557358169818643
d:0.009847806607443435
it:0.005559817779567113
not:0.009776919057988621
ones:0.018338540434469495
have:0.005527033655650301
only:0.007208303990644793
ve:0.01973117512462091
color:0.03994196872003661
92:0.02369467507230743
real:0.013824831643233771
after:0.010428182095486224
craig:0.024675598612381167
edward:0.02443292120747365
willing:0.01932918839989011
writes:0.0035743913027976343
things:0.024159199223137834
if:0.0036224347014238343
trying:0.02914949430344212
seen:0.0140133237330938
looking:0.01402100186706294
what:0.0049753627189007095
but:0.0035961255256778935
version:0.016867408690084244
using:0.011915786911594166
well:0.009096583298126189
windows:0.029699537096470288
they:0.005042808781122939
find:0.01144025263607238
now:0.008929267015558077
newer:0.026572144418182855
in:0.0048021541052565
star:0.024815280943104884
or:0.007289853596790112
and:0.004127539616116648
for:0.0070345700089097084
subject:0.0001443078750919908
i:0.007223194328204133
info:0.015921056537256204
program:0.015008829364238245
later:0.017272497453825426
the:0.0032594724756283373
do:0.003882799561656739
see:0.00956424735897933
around:0.012795645584614247
can:0.00934665937770501
drivers:0.06376708797535956
24x:0.033002328563446835
return:0.019947933555767183
conflict:0.025541116703266368
jim:0.018304490524047944
problem:0.011435488065111268
just:0.006348046289004789
current:0.017093220128274692
dates:0.03024110897552256
15:0.018063841794489967
is:0.005809137878717057
run:0.014469375288580513
created:0.020530243721540657
x:0.01646032426781677
nice:0.01707967273921491
dark:0.024929685327926738
diamond:0.027063883759835435
article:0.004380177731441086
convert:0.046254918867009075
s:0.003353709626248748
