from:0.1410953757383626
michael:0.5007825336122815
a:0.023275068764106583
of:0.03240676426095644
george:0.6637190298425278
e-mail:0.4582826294420444
