isbn:0.0579796057438169
reference:0.03622944721377043
24:0.035563919891926796
computing:0.08470798988697167
there:0.008910475588127645
k:0.03678311705098701
know:0.011979370152022347
tel:0.03947036970192598
fax:0.029695566406634847
with:0.0056779356969858955
4:0.024119121399792998
mathematics:0.051663221606524194
1992:0.0383101605328572
from:0.00821914810126384
acm:0.06222439998093093
both:0.021802952255419783
to:0.002676114873962778
0:0.03558404163563526
derived:0.05114941188366651
australia:0.09007948962027644
re:0.0036304903182346653
western:0.03971386178345048
3:0.022732679074151645
a:0.004067487745183675
j:0.059303469117065286
sons:0.05459798735286336
dual:0.0539091355473072
wa:0.04868724917688089
computer:0.05205248359544301
are:0.0062418580737983054
internet:0.027733339253539862
concepts:0.049083579220766865
it:0.003328693492621087
application:0.03582881269725173
fundamental:0.047449255775920116
1981:0.053265937629431465
university:0.022818835937851004
b:0.029717556762274187
anybody:0.029510632474880533
structure:0.04472483922030178
writes:0.0064200232137627405
applications:0.03786700026596439
of:0.009438863376977604
boots:0.056311156647441574
department:0.03367063672517414
what:0.00893633109705467
york:0.03653560395558682
1985:0.051663221606524194
order:0.027226377292548464
5:0.02523177560114255
and:0.005560156521710532
subject:0.0002591937562331873
p:0.09804256426110729
survey:0.049083579220766865
any:0.009934827828046671
the:0.0051225932717702625
neighbor:0.04916482436319906
watson:0.3466765109365285
17:0.03817770639301461
f:0.03607991474181405
is:0.007825416317203803
new:0.016737859853238318
9:0.06914240108009759
does:0.011829988488713836
2:0.018916597593159307
61:0.09800601663930662
23:0.04203564714908787
dave:0.06808300332766198
natural:0.08130307945050834
data:0.028488792458308855
1991:0.04215380768909034
