to:0.006890995800454155
format:0.40200545070380145
file:0.30384858824584093
posted:0.1706690462240948
standard:0.15220222702311184
have:0.025562530657382645
of:0.009722029278286934
code:0.16202562551658484
and:0.009544935362269746
subject:0.001334847844600915
i:0.009544935362269746
suggestion:0.23140823224560236
wing:0.2804496948961887
source:0.15596339808499124
the:0.0075375300998905305
image:0.3701062996933677
