thanks:0.04635782895153867
with:0.02720127333904871
rayshade:0.1692593266292906
from:0.019687726847213385
several:0.0655453807457534
to:0.0032051143257926296
pov:0.28624283480963236
depth:0.12228216101977815
had:0.035683918271677564
them:0.03408974817516839
same:0.045164961640200285
wondering:0.08369612795016969
was:0.04118423879541328
as:0.018607306051558567
objects:0.10906532111681985
it:0.015946764173952185
have:0.011889549142968671
color:0.08592167689775317
even:0.03905021971548897
seen:0.06028988117726402
associated:0.10580919948364048
scenes:0.1443142847161546
now:0.03841661390414521
in:0.012396258271708639
or:0.015681661807048497
and:0.004439504819660347
subject:0.0006208594626050766
i:0.004439504819660347
possible:0.0599295726270833
the:0.005258741930156184
do:0.016705067881546434
is:0.006248200625364277
fonts:0.23036052438601298
image:0.08607123248682969
