thanks:0.03164105785581211
with:0.009282974234754719
t:0.04089322309524511
control:0.09681378634733408
suppose:0.06117680929573285
re:0.005935563536161437
ti:0.12027495416671945
upper:0.08298380770920274
two:0.05919966452867655
these:0.026295809096808613
on:0.01609551826156476
a:0.0022166732156291983
how:0.020878777733795623
other:0.021893777584633504
same:0.030826878579819243
v4:0.18145923865002989
have:0.00811508909758179
bound:0.08064962647179805
between:0.11061265933554311
w4:0.22446068826289686
references:0.06554551741288354
points:0.11635416788795024
which:0.04101245500055612
writes:0.010496228428850195
get:0.020863078972874958
distance:0.2996277094043031
equal:0.07077151332907848
parameter:0.09850022607610551
one:0.015608109647232101
in:0.0028203127284839756
point:0.0698900305161924
and:0.00909041463073309
for:0.0051642676652710155
subject:0.0004237612205082269
i:0.003030138210244364
appreciated:0.05372638284406735
any:0.01624265502045726
the:0.003589300047566919
do:0.011401871728674549
last:0.034605754794595205
curve:0.18197544566183244
first:0.05960491521876321
u:0.06002608704115898
