out:0.015709027987739467
thanks:0.026578488598882174
your:0.016799096295750167
post:0.03443437072574908
to:0.0055127966403633235
a.k.a:0.07962532522150856
like:0.01552852084678231
and/or:0.053879760361919604
responses:0.05914571508081219
prefer:0.05475370806722455
phone:0.03916462834946092
this:0.006999765844952254
md:0.0667575799409274
on:0.0067601176698572
used:0.02632618011115821
m:0.018250862828214295
hearing:0.06046443606826438
surface:0.12173295315441375
oasys.dt.navy.mil:0.15711617823838947
processing:0.2529724786504978
d:0.024291256298360476
301:0.07385380412422485
have:0.006816674841968705
sgi:0.07421912378006637
div:0.0720059886137429
be:0.007712816761832952
stereo:0.13762584467724837
of:0.007777623422629546
photographs:0.08019278674709251
what:0.024545122746576834
but:0.008870442963338804
please:0.025538871425403398
find:0.028219289835645204
code:0.043206833471089286
email:0.07317063090581176
in:0.007107188075779619
or:0.017981638872082276
and:0.002545316096605266
for:0.004337984838827654
subject:0.00035595942522691063
i:0.007635948289815797
photos:0.08172704447755634
images:0.05674468992161045
the:0.0010050040133187373
do:0.009577572252086622
would:0.02487065722945003
an:0.011971975180823158
interested:0.07672203241106454
naval:0.08346108618753231
is:0.007164603383751038
involved:0.04801169516087824
obtain:0.061072136181548636
type:0.043206833471089286
center:0.04355507777963745
image:0.04934750662578236
