characters:0.19729780166530533
tables:0.0783952975681911
ideas:0.046714203078434685
know:0.016024352281276646
help:0.02779341194859477
graphics:0.045697940781035354
to:0.007159476156316005
like:0.015125182642969782
anyone:0.02172616557975833
had:0.01992738293093682
upper:0.0678958426711659
on:0.019753590593738567
am:0.021225147489628126
etc:0.030160051785171893
a:0.005440925165635305
ascii:0.20526192561107728
character:0.05928552913364306
standard:0.039533045980029054
are:0.00834949846235358
not:0.007830000111376167
contain:0.060906607896405895
has:0.013828239920604559
screen:0.048549443767611014
sun:0.14136983002982498
be:0.0075124838589282
which:0.016777822500227507
get:0.017069791886897695
if:0.008703252204719602
trying:0.03501724965023891
but:0.008640041847407926
using:0.02862883868370027
ed:0.051534671060636396
they:0.012115839279321347
in:0.002307528596032344
or:0.02627187497544488
and:0.0024792039901999343
subject:0.0003467137258703675
station:0.05371415763340464
i:0.004958407980399869
we:0.03500633521334987
any:0.026578890033475515
will:0.014718251232510188
program:0.03606017444654643
char:0.24076125024901507
the:0.00489450006486398
when:0.01698278497199657
would:0.0121123330662906
write:0.04226199902581187
128:0.0748774410209781
run:0.03476408348555059
fortran:0.08025375008300503
convert:0.055565973963614804
luck:0.05354270942744963
