read:0.020151138327981526
24:0.032560744434386314
choice:0.016766056331193525
week:0.01532372801958037
out:0.0052363426625798215
help:0.009511523200185765
anyway:0.013548950318420152
specification:0.025194280589446203
chris:0.017052209968530223
with:0.005198465571462643
4:0.011041197796349685
themselves:0.014384223183656966
both:0.009980907032481057
2-3:0.025856660941270593
my:0.004223174494801339
tight:0.02310537557057627
to:0.003675197760242216
hill:0.0442958933169721
significance:0.04692224187602842
5.0:0.022544070124690525
important:0.013966085746547655
been:0.006521068387650841
format:0.017866908920168952
that:0.007708991676321707
problems:0.012191436603963436
think:0.012797760244698269
bit:0.012111485324691999
nt:0.00952104735629918
its:0.027570994080455605
bytes:0.045631735121855095
me:0.004815949690686865
re:0.0016619577901252024
meaningless:0.02438396255925085
so:0.013624141298465602
file:0.013504381699815151
tiff:0.16951359437751182
this:0.002333255281650751
agrees:0.026186029706398245
mean:0.01174854247479938
carefully:0.02066730467391477
you:0.0024702177307054304
spec:0.06997307403181925
am:0.007263717140894958
none:0.016100045477427972
support:0.012173139153482249
letters:0.020843594702325573
m:0.012167241885476196
why:0.02372963440205342
sure:0.009697973422929794
a:0.0018620055011285268
how:0.005846057765462775
part:0.010885431610725676
cb:0.027030667941455422
also:0.006593320585242517
nc:0.02327968985125752
volunteer:0.025624724260512505
no:0.005003314383033377
begin:0.018547642131291172
deep:0.020221313679095736
it:0.0030476038199108617
not:0.0080388001143462
should:0.007301387298815465
ab:0.04647093231715354
have:0.0022722249473229018
picked:0.021218649779114675
christopher:0.04301470308067177
ve:0.008111705329010819
42:0.08651318506845258
b:0.013604037095618852
allen:0.01979568298979792
has:0.004732330995051338
univ:0.020642681650023142
anybody:0.013509311755167534
found:0.011886757801142211
writes:0.005877887920156109
get:0.005841662112404988
if:0.002978446310059597
of:0.005185082281753031
philosophical:0.04985772353710021
but:0.005913628642225869
version:0.013868758256291486
they:0.008292618884513277
find:0.009406429945215067
up:0.005970934979343932
now:0.007341841768347752
in:0.0015793751279510266
according:0.015286783131494303
chosen:0.04376106201504807
or:0.005993879624027425
use:0.007390131234432658
and:0.00424219349434211
word:0.013639451182948526
for:0.004337984838827654
subject:0.00011865314174230354
p:0.029921138130056445
guide:0.02089527487119277
i:0.00848438698868422
paid:0.018382178390098473
actually:0.021727236685342974
the:0.0033500133777291247
do:0.006385048168057748
arbitrary:0.023950013805633445
orders:0.021752624498412733
because:0.00784321021730895
complexity:0.02663534578138211
last:0.009689611342486658
just:0.0052195047265150485
finally:0.016162331003538245
many:0.008236449011458194
about:0.008755699380638858
carolina:0.025624724260512505
is:0.007164603383751038
number:0.03336353131197011
readers:0.020221313679095736
either:0.011126945364948258
else:0.011229121001502475
time:0.0070200443106831715
does:0.005415505841500112
their:0.013454965498504124
define:0.018998915105599715
matter:0.013426235608446855
too:0.008677857190508873
every:0.01080954900861065
image:0.016449168875260784
article:0.007202958936147565
little:0.010423727563993174
neither:0.016634584224448752
opinions:0.012691600691200188
919:0.024928861768550106
happy:0.016880422615488982
north:0.017840687932937003
bothered:0.02473970792668879
galaxy:0.025936743187949165
