isbn:0.0229688438138967
out:0.004531450381078692
polygon:0.20671959432507028
50:0.03982134564378959
sub:0.0229688438138967
with:0.0022493360645751822
array:0.0210041298763352
modern:0.015794338865545543
outputs:0.02281183614266495
stream:0.020551118200733725
to:0.0021203064001397397
0:0.07048377477827755
line:0.04344313459701521
q:0.016325686321240995
within:0.012447885447395453
then:0.006138001345291551
100:0.07796566381917858
been:0.005643232258543998
that:0.0026684971187267447
problems:0.010550281676506821
nt:0.002746455968163225
re:0.0028764654059859275
so:0.00786008151834554
this:0.0020191632245054577
mean:0.010167007910884079
reduced:0.01922658967716324
roll:0.02072597348564433
these:0.006371676819611318
on:0.0019500339432280383
you:0.006413065262408329
thereof:0.023391924180105658
inside:0.014438675104131488
3:0.00900563824860623
successfully:0.020107614944922206
more:0.004890073176233562
sure:0.008392477000612322
a:0.007519637600711358
y:0.016397579140518502
quick:0.015612597000735754
test:0.027506921953689777
incorporated:0.02237595658379186
given:0.021444519686009855
solved:0.020909158289449153
output:0.031441216837954776
scale:0.018612131140675284
l:0.025422773682718176
are:0.0049454721661632735
no:0.004329791293009653
co:0.017557637474194292
it:0.001318674729769123
ab:0.04021522988984441
have:0.001966348512106357
systems:0.011540065847240811
only:0.010257971063609898
ve:0.007019744996259363
whether:0.010990225326468556
tom:0.014598954705672136
intersection:0.0242951533765572
between:0.008934099407870792
b:0.02354544881934032
allen:0.0342617590208041
command:0.015831740980514753
provides:0.01699288609630627
humor:0.02135631138989478
device:0.015439056865041639
uses:0.013134596653217066
be:0.006674552966970823
which:0.004968816663528915
writes:0.002543316888529086
get:0.00505528452035047
if:0.005155003228949302
of:0.005234938842154502
even:0.006458305568330869
but:0.0025587816240400397
result:0.013596161388505779
years:0.00857605931915536
huge:0.01653047291554412
sense:0.012639700178319195
1985:0.02046658394412305
order:0.010785834081278816
75:0.017949810269027706
called:0.020632726891205645
title:0.016158435890703537
postscript:0.077398708417671
in:0.005467067750599707
replacing:0.021573053453552975
point:0.04233723002423194
accurate:0.017201778363051423
yes:0.010257099501938035
and:0.00513958057968371
pop:0.04060578623887075
for:0.0012513417804310538
subject:0.00010268060343083961
adobe:0.022515832138295225
p:0.025893292612548847
examination:0.022515832138295225
we:0.010367260813184384
comp.graphics:0.023217068895195054
containing:0.01851024031203307
actually:0.009401208181158019
will:0.008717733422332957
program:0.0320380780659701
currently:0.013842051930220372
creator:0.022175242148520437
operators:0.0245283249989281
the:0.0040586700537872085
see:0.006805329851581447
original:0.011869876974128767
level:0.027081039712259607
got:0.008508283929348362
rule:0.015187298339446856
can:0.009975761451204386
page:0.016172098973797257
put:0.028701453456308992
an:0.003453454379083603
problem:0.02441036875437213
here:0.013849237735564585
many:0.0071276962599157445
changed:0.014535827668590096
language:0.03136853307489376
is:0.0010333562572717842
printed:0.018716794846540225
length:0.017779786836318107
write:0.012516053557644282
recent:0.014608058032634697
new:0.006630767557244411
2:0.0149877657853493
1:0.022598352599131254
paper:0.029666526132589195
x:0.011712153805946549
first:0.007221364728427082
easily:0.014226595263059182
dave:0.013485671812979202
article:0.0031166649242946195
luck:0.015856879330437005
33:0.0354768598897419
67:0.04292631173445937
thus:0.012812904126447328
pixels:0.02204702514749124
answer:0.023355931093298896
by:0.011428101632505763
