some:0.006788005087984617
since:0.011632683856998147
believe:0.012631813257734537
at:0.010243779214586407
say:0.011032238222485717
there:0.005335924334750857
help:0.012442399535126726
tried:0.018010837517655063
switch:0.049443179325699714
your:0.021975562014789462
with:0.003400159167381089
way:0.010071934997363623
someone:0.01281080299222686
work:0.011773677116222696
wrote:0.014974273108679425
both:0.013056419083187429
single:0.018903643433211482
to:0.005608950070137102
interrupt:0.03414423540098204
look:0.01378586235044134
pointing:0.05948503004428712
probable:0.03403556020905092
v:0.022364234383151233
really:0.011345324088319337
nt:0.020758097433791818
anything:0.013495588083252347
re:0.002174072690570759
so:0.005940759287121628
this:0.003052223478903599
getting:0.015768613792003987
internal:0.046076365303724796
two:0.03252539708116241
on:0.00884317718440622
you:0.009694168419919567
used:0.011479439001958521
them:0.017044874087584195
modem:0.0743611147070025
a:0.002435763010197201
other:0.00801923248739483
same:0.011291240410050071
cheap:0.021605995455853767
computer:0.015585482006775089
are:0.007475713739549134
investment:0.031606867181725465
com:0.06744243179868004
it:0.001993345521744023
should:0.00955123338507837
have:0.0059447745714843354
conflicts:0.03372121589934002
only:0.007753117664356317
christopher:0.05626923368111132
reliability:0.03197264523643808
between:0.013505033988641892
be:0.01345258737529003
modems:0.03087500528702196
writes:0.0038445487849858274
get:0.0076417091586693155
if:0.007792446741434991
of:0.0011304685207310387
even:0.009762554928872243
com1:0.037262286035092365
available:0.01570385946403622
but:0.003867925710758199
fairly:0.022815154350278408
port:0.048485780643599305
using:0.025632797426103728
they:0.01627185391583274
errors:0.024965257660615192
one:0.01715077164724923
bob:0.021418633802494768
in:0.004132086090569546
external:0.049930515321230384
or:0.003920415451762124
use:0.009667322835740396
and:0.0022197524098301735
for:0.003783126312931093
subject:0.00015521486565126915
each:0.01480238021721288
until:0.03326936889958888
austin.ibm.com:0.060675902200427456
i:0.0022197524098301735
any:0.005949344571446554
allow:0.020385317856829024
will:0.006588984563391188
unfortunately:0.021406355121081144
connect:0.02672137401372411
cost:0.01930818374622605
the:0.001314685482539046
devices:0.07403508913120915
would:0.01084476332679507
increase:0.0244461961231819
wants:0.02046822768949854
an:0.015661014044681454
just:0.006827840485266779
about:0.0057268382576853
different:0.014693121500065394
worry:0.025560250179387924
is:0.0031241003126821383
else:0.014689257124058469
time:0.01836639499888039
define:0.049706463939069016
serial:0.04813160381238177
switching:0.030812823373552494
article:0.004711237676259308
useful:0.02229236754115371
davis:0.028795065548251623
going:0.012661719093312108
ports:0.05724557531038265
poster:0.02648158937108429
include:0.019543739960724428
