some:0.024323684898611544
read:0.02361461522810335
there:0.009560197766428618
stephen:0.04241311749365643
help:0.022292632500435384
programming:0.0457060342412847
send:0.030555699175793986
thanks:0.020764444217876696
graphics:0.0366535566681221
where:0.01924434164826835
access:0.034920592375192974
much:0.018199967391249284
c:0.02693851766071833
my:0.009898065222190638
to:0.004306872375283846
line:0.029414622383395712
that:0.0036135898482758
problems:0.028573679540539302
higher:0.03866535326081137
pcx:0.12821293642514783
finding:0.04644380562220775
me:0.02257476417509468
reply:0.03740829707661608
student:0.04190643200175699
these:0.01725662471978065
on:0.010562683859151873
am:0.03404867409794511
board:0.03740829707661608
a:0.005818767191026646
how:0.041105093663410135
paradise:0.06335312798778614
ram:0.040519344460763
blessed:0.05701721406306262
question:0.022739438368199003
modes:0.05174899040958209
vga:0.04698314176307983
jason:0.047498923685240044
stuff:0.030452255757016895
ie:0.04357935611209804
video:0.03641365825901065
files:0.03447199546445509
book:0.06478538563924319
peace:0.04012120682721928
algorithms:0.053015731368902794
anybody:0.031662449426173904
be:0.012051276190363985
of:0.0020254227663097776
please:0.019952243301096403
good:0.016875102618328114
code:0.067510677298577
in:0.001850830228067609
or:0.007024077684407139
and:0.007954112801891455
subject:0.0002780933009585239
i:0.0059655846014185915
will:0.011805264009409212
the:0.001570318770810527
do:0.02244743496582802
hello:0.04030511240262262
got:0.023043268975318477
can:0.009005895754559514
extra:0.040465371973867195
gif:0.048792136492776084
is:0.002798673196777749
having:0.027259285337712096
write:0.033897645051953265
turbo:0.05174899040958209
very:0.018158775956077573
answer:0.03162782335550892
teach:0.10241347327841308
freenet.carleton.ca:0.05784001001429835
s:0.006462877925583524
