above:0.01620628589362229
at:0.010487678719695607
out:0.007012958923097975
there:0.005462970152244925
formats:0.029994519986832002
11:0.04600255520976084
know:0.007344494795585129
all:0.0056789751824184
case:0.014711970876825926
saw:0.040445006942088746
where:0.010996766656153343
own:0.013491015687785685
with:0.0034811153380330194
frames:0.034845930690218796
creating:0.02913297923894562
generate:0.027915528619186034
both:0.0133672862042157
except:0.019192627494070316
my:0.016968111809469666
to:0.0032814265716448352
compressed:0.03228726068288354
that:0.0020649084847290285
guy:0.020156730636600412
13:0.023438919967062277
bit:0.01622073927414107
nt:0.00425046756977642
could:0.008982792591226531
consider:0.019168833801019004
me:0.0064499326214556224
re:0.002225836326060539
had:0.018266767686692085
on:0.0030179096740433923
you:0.006616654635818117
used:0.011752758978195627
took:0.020091676645337377
them:0.008725352211501433
8:0.017574352871273013
3:0.01393729728950964
impressive:0.031298410261014646
ray:0.02582005277731351
more:0.007567970391790035
a:0.0024937573675828484
how:0.007829541650173358
other:0.008210166594237563
practical:0.02856949574762968
j:0.01817933725910037
was:0.03162361193219234
as:0.0047625842870060615
said:0.026089343198374193
minutes:0.09488493447708508
video:0.020807804719434657
scale:0.0288044886700927
others:0.0160495727563595
are:0.01148056038573617
it:0.008163224517618379
not:0.0035887500510474097
have:0.0030431584115931717
frame:0.02876467326443319
probably:0.014209664970411954
only:0.007937715703983848
kind:0.016401944624780118
color:0.021991857777401105
per:0.042105060899678776
second:0.0327344735315746
which:0.007689835312604272
were:0.009233948199239875
end:0.016096627396282794
of:0.003472153313673904
losing:0.029304282599362547
measured:0.033473766055624556
seen:0.015431338634656861
what:0.010957644083293227
but:0.019800095900309827
fairly:0.02335837231099932
they:0.01665927900906685
up:0.007996787918764193
david:0.014859793091336273
good:0.00964291578190178
playback:0.040758143624803816
one:0.017559123353136113
in:0.0031728518195444726
floppy:0.02622036365236808
or:0.004013758676804079
and:0.003408905486524909
for:0.0019366003744766308
subject:0.0001589104576905851
showed:0.025444975587856758
i:0.007954112801891455
will:0.006745865148233835
the:0.002243312529729324
do:0.008551403796505912
thing:0.013475788304315216
64:0.030142719698866092
regards:0.024579569029831327
gray:0.03421878476368412
put:0.014806305354445114
movies:0.10095438679454655
10:0.01720459379700098
many:0.011030958497488651
shared:0.029755436405133583
unlike:0.02745233205753837
else:0.015039001341297957
disk:0.020839160617856435
2:0.011597675905329813
first:0.011175921603518102
change:0.01769053040422909
resolution:0.02659417854069564
little:0.013960349416062286
opinions:0.016997679497143106
bad:0.016313101468728476
movie:0.03019295105985338
by:0.0058954492548640835
