programming:0.2742362054477082
wang:0.18727977502534296
thanks:0.062293332653630094
graphics:0.10996067000436631
someone:0.06885806608321937
uxa.cso.uiuc.edu:0.13933141686662326
me:0.03386214626264202
a:0.008728150786539969
vga:0.28189885057847897
freeman:0.16768011212633832
book:0.1943561569177296
assembly:0.16099226625912155
of:0.006076268298929333
what:0.028763815718644725
please:0.05985672990328921
good:0.1012506157099687
title:0.13128729161196623
email:0.08574683309274815
subject:0.0008342799028755718
the:0.0023554781562157906
can:0.027017687263678543
crying:0.18795184393849806
ux1.cso.uiuc.edu:0.1964922606572381
give:0.07385113347987521
respond:0.12637524212689083
by:0.03095110858803644
s:0.019388633776750572
