library:0.10922891978350903
some:0.020304989132753984
at:0.007660565325690705
say:0.016500391080587335
anyway:0.02650881584038725
case:0.021492270498319616
thanks:0.017333796912314462
graphics:0.09179325496016666
your:0.010955932366793588
much:0.015193016257042882
c:0.022487806047208347
such:0.016721888725806943
post:0.02245719829940157
name:0.024019413094176097
building:0.03304754407685784
line:0.0245548152070086
matt:0.08536741685896246
that:0.006033123920599597
like:0.010127296204423245
nt:0.0062093787106299
responses:0.03857329244400795
need:0.05011831282166703
re:0.003251656545897135
package:0.03380228724396698
recommendations:0.04685872266319587
tools:0.038691068314510184
contact:0.030261498252004936
hi:0.027400144869690477
carpenter:0.10498152891740371
you:0.0193321387620425
used:0.01716924789858144
etc:0.020194121630071615
libraries:0.04360684056711941
them:0.012746601491584703
m:0.01190273662709628
answers:0.03644009758480333
a:0.004857405655117896
how:0.011437939106340212
same:0.016887768265466195
3d:0.12204298509384831
sorry:0.027629710302074995
as:0.006957514436669725
mac:0.029837235954879443
also:0.012899975058083187
others:0.023446332374507793
reasonable:0.032507018870487375
it:0.002981351562956278
have:0.008891315011263529
robert:0.027786191556153944
cad:0.05419289121632007
g:0.030739147487056542
writes:0.005750107747978803
get:0.022858677831149955
if:0.005827394954464429
please:0.04996735713665882
find:0.018403884675420784
bob:0.032034826208948694
email:0.02385998833885166
in:0.0015450408860390476
recommend:0.03815460249707245
and:0.003319977517311216
for:0.002829120547061513
subject:0.0002321474512349417
tasks:0.05028397732151838
offer:0.030566640163407287
i:0.006639955034622432
info:0.025612134429499108
any:0.008898150141641803
cost:0.05775665398871097
the:0.0006554373999904809
do:0.012492485546199942
would:0.008109996922646748
can:0.03758982575816145
just:0.010212074464920748
address:0.02776366394724879
netters:0.042937614122457425
questions:0.026297185541265318
hidden:0.044407843079361194
handle:0.035324842493293075
too:0.01697841624229997
animation:0.04599324792104776
removal:0.04956491892286522
by:0.008612482389714488
