out:0.010759608210780454
say:0.008664588923596088
posting:0.015064787931307035
all:0.004356474112540142
where:0.008435875791021742
with:0.008011333928623935
c:0.023617330551862645
mentioned:0.01605097542827323
companies:0.01815813856432756
from:0.011596880197673638
wrote:0.011760616322798453
my:0.004338877905617814
to:0.005034517479783856
line:0.025788162089552407
r5:0.02648424262413919
that:0.0047521181566366685
complaining:0.02567850546732843
think:0.013148383813046166
provide:0.030839777883866788
nt:0.006521265312533685
re:0.0017074908802656187
so:0.004665801814543014
alpha:0.07723846278260364
he:0.007260882226119795
path:0.1417876731389333
merely:0.018634927030780166
fair:0.03856346608953317
on:0.004630217582093972
you:0.007613684786420847
market:0.017857786370196447
a:0.0012753462336496757
series:0.016380595254646878
constantly:0.023827066617519457
was:0.020216007627885516
old:0.012090927316631616
coming:0.015875022624610022
attempted:0.02360854597287272
based:0.027588155359822304
far:0.011367023160371695
computer:0.024481305070002877
product:0.018223278186057346
are:0.005871336818276032
it:0.003131099814976913
not:0.005506027475579588
ones:0.015491461097611216
statement:0.031718716161578134
have:0.004668955371211442
vax:0.02708254519220496
made:0.010619084711954344
only:0.0060892065674396645
keith:0.017993000315614915
sgi:0.07625252443157503
doing:0.024481305070002877
providing:0.021059323222221215
writes:0.003019462972682933
dec:0.11324882374280049
if:0.0030600475788283526
of:0.000887856555094697
industry:0.020798325898751132
totally:0.01881057214871531
opinion:0.015111011710446069
what:0.004202931977153567
but:0.003037822932650275
particular:0.015484253187597292
they:0.017039627844890295
newer:0.02244678866376177
in:0.0032452913588034787
point:0.020105351244384114
replace:0.06022415110759895
system:0.030619483962226367
or:0.0030790477520688826
better:0.020422062751610986
and:0.007845152352550476
for:0.0014856112461738538
subject:0.000121903912748942
i:0.005230101568366984
felt:0.020617462254481515
improve:0.02165860262418646
than:0.01306485189241517
the:0.0030976151095440533
upgrade:0.1413605380033846
original:0.014092091384810407
older:0.020174202671413836
would:0.004258674183125004
agree:0.013774224561481457
did:0.015012886241488266
come:0.010964354677942503
an:0.01639996600112761
upgrades:0.026647338891728593
relatively:0.020358928491926685
about:0.013493372333176322
is:0.0036804469437077244
architecture:0.025746154260867883
having:0.011949275764476535
new:0.007872144131888342
average:0.017714708031518662
lee:0.07793883651825965
2:0.0177936945396841
their:0.013823594690243962
attempting:0.022826088201198365
bu.edu:0.024200025663246708
history:0.030328836569414434
1:0.017886062939951677
superior:0.02300949478441907
eventually:0.01934839422933806
article:0.003700150138431968
going:0.00994436385410814
announcement:0.020868040383366603
s:0.016998254270027897
