reference:0.13327260939351265
there:0.03277782091346955
know:0.044066968773510774
thanks:0.07119238017557725
creating:0.17479787543367373
to:0.0049221398574672524
3-d:0.2172107245295525
objects:0.1674931717151162
advance:0.11298218630988034
it:0.02448967355285514
anybody:0.10855696946116768
if:0.023933943562978902
what:0.06574586449975937
advantage:0.15226323487624321
in:0.006345703639088945
yes:0.09524449537513888
for:0.011619602246859784
subject:0.0009534627461435106
any:0.03654597379602883
the:0.002691975035675189
is:0.02878635288114256
does:0.043517457654911613
useful:0.1369388291813728
s:0.022158438602000653
