choice:0.07859088905246964
there:0.019120395532857236
thanx:0.050548623080648926
know:0.012852865892273977
knows:0.036395431366054526
saw:0.03538938107432765
graphics:0.10996067000436631
where:0.01924434164826835
though:0.02589108543344458
via:0.07121315372115927
physics:0.04776671906763803
that:0.0036135898482758
nt:0.007438318247108734
could:0.01571988703464643
me:0.01128738208754734
so:0.01064386038942625
anyone:0.01742619530876449
had:0.015983421725855575
programs:0.07360796092280242
big:0.02891438076945372
recently:0.03447199546445509
on:0.005281341929575936
american:0.03361495018112724
a:0.0014546917977566614
looked:0.038802116713330045
was:0.009223553480222767
old:0.027582427941065874
following:0.02851369034416418
let:0.02401185148700859
vga:0.04698314176307983
advance:0.0329531376737151
computer:0.027923988595472033
it:0.003571410726458041
ftp:0.0395142390342612
university:0.02448270939165264
shareware:0.10333955166530545
found:0.027859588596427055
get:0.01369139557594919
dept:0.042742786357727075
listed:0.047289536400645385
if:0.00698073353920218
of:0.006076268298929333
version:0.06500980432636634
latest:0.08679888750526565
please:0.019952243301096403
archie:0.0619925010876084
they:0.009717912755288997
find:0.022046320184097815
david:0.05200927581967696
good:0.016875102618328114
one:0.020485643911992132
rest:0.03402740451534175
in:0.005552490684202827
and:0.0059655846014185915
subject:0.0002780933009585239
i:0.00994264100236432
draft:0.10287136716838757
6:0.030607808672491608
pretty:0.029979375592912777
the:0.003925796927026318
workshop:0.06464077336244424
can:0.009005895754559514
anonymous:0.04734148995805204
an:0.00935310561001809
is:0.002798673196777749
nice:0.03291395267452873
article:0.016881935006595853
dumb:0.053568958715923085
north:0.0418141123428211
