know:0.04254741812614834
thanks:0.06873747051435045
c:0.17835156520199721
that:0.011962228463257821
anyone:0.05768671550487556
file:0.20955075051437305
libraries:0.17292367811099074
assist:0.19442785459069195
domain:0.15390355341312323
public:0.10219808958829633
seas.gwu.edu:0.21490284447851063
of:0.006704847778128919
looking:0.08944432225540151
please:0.06604880541052603
in:0.012253772544447619
or:0.023252119231140872
for:0.011218926307312896
subject:0.000920584720414424
any:0.03528576780306232
joseph:0.1408344354704742
the:0.0025991483103070794
hello:0.13342382036730246
an:0.03096200477799092
does:0.042016855666811216
e-mail:0.09481709574662987
function:0.141827607570602
