technology:0.09621907673762693
send:0.027936639246440218
knowledge:0.17603672118343502
graphics:0.03351182323942593
fax:0.029129936570317996
floor:0.09363517556883483
c:0.02462950186122819
to:0.0013125706286579342
job:0.06612359152931765
design:0.03583968768976612
t:0.024535933857147068
ultb.isc.rit.edu:0.05523856318749032
depth:0.05007745641762344
location:0.043722161661660985
need:0.018297161823783204
description:0.04166705010843716
phone:0.02797473453532923
you:0.005293323708654494
them:0.013960563538402295
senior:0.050474339240486
following:0.026069659743235826
ph.d:0.057922859874547344
science:0.09661806360478044
computer:0.05106100771743458
are:0.006122965539059291
not:0.005742000081675857
systems:0.08572620343664601
opportunity:0.043822413213918006
scientist:0.04695662396938077
june:0.04377215552724331
6th:0.11335771627448393
if:0.006382384950127708
end:0.02575460383405247
of:0.020369966106886905
institute:0.25949718999555377
looking:0.024703669956253754
but:0.006336030688099146
virtual:0.09405382141109722
in:0.0016921876370903856
required:0.03564553762381875
and:0.007272331704586474
for:0.006197121198325219
subject:0.00025425673230493616
info:0.028051385327546644
research:0.14701578478746558
the:0.002153580028540151
desirable:0.05648645140088464
modeling:0.0610391733146275
reality:0.07982116613814062
lab:0.08208973169130501
interested:0.027400725861094478
is:0.0025587869227682277
architecture:0.05369912174409588
lee:0.04063953618452111
experience:0.031544978807572836
engineering:0.14730474259897522
position:0.032788980544878214
e-mail:0.026187578825259683
by:0.009432718807782535
