out:0.02265725190539346
mark:0.05776199931331136
there:0.017649595876483605
help:0.020577814615786512
all:0.009173729140829723
oxygen:0.05825875739041127
rayshade:0.06998222158711054
work:0.019471850615291383
several:0.027100493962186507
to:0.0026503830001746746
pov:0.11835040285398263
that:0.0066712427968168625
terminal:0.04590573269520002
through:0.022783300904084876
nt:0.0068661399204080625
so:0.009825101897931924
anyone:0.01608571874655184
wade:0.05527649846441281
hooked:0.055438105371301095
ti:0.03642943323318907
best:0.02341515461501379
hi:0.030298237115523124
recently:0.031820303505650856
on:0.009750169716140192
you:0.005344221052006941
etc:0.022330038340944575
a:0.00402837728609537
other:0.013262576806076065
wondering:0.03460512982555093
want:0.0181980573818479
was:0.008514049366359477
also:0.014264395496918908
are:0.024727360830816367
no:0.010824478232524134
manual:0.037784590354641955
d:0.017517732907471495
hundred:0.04424378257174414
ve:0.03509872498129681
between:0.022335248519676977
heard:0.025986993840575717
be:0.005562127472475686
which:0.012422041658822287
comparison:0.04487452567256927
of:0.005608863045165538
trying:0.025926232914119194
what:0.02655121450951821
but:0.012793908120200198
tracing:0.05804267223798763
they:0.008970381004882151
become:0.031848295911491804
speed:0.032292934296978666
rather:0.024745035124162148
and:0.009177822463720911
few:0.021977187508714295
for:0.0031283544510776347
seriously:0.03727840060958982
subject:0.000256701508577099
each:0.04896171918001183
i:0.007342257970976728
program:0.026698398388308415
capabilities:0.04927501472332633
do:0.020720709199225865
thing:0.021768581106970736
would:0.008967785058695924
can:0.016626269085340643
just:0.022584395451267038
is:0.007750171929538382
life:0.026830570704699137
their:0.014554650178670327
pages:0.04323070069041889
disease:0.04374803440188982
useful:0.03686814631806191
