thanks:0.05537185124767119
to:0.007656662000504615
that:0.009636239595402133
file:0.1688047712476894
hi:0.08752824055595568
am:0.045398232130593484
want:0.05257216576978282
ascii:0.14634415066715695
character:0.12680515953584764
kevin:0.1251545089672143
algorithm:0.22672494554115866
produced:0.12752297151317787
looking:0.07205237070574011
code:0.09001423639810267
or:0.018730873825085703
bitmap:0.147814217374222
and:0.005302741867927637
for:0.018074936828448553
subject:0.0007415821358893971
i:0.010605483735855273
example:0.07809330954883067
source:0.08664633226943956
the:0.006281275083242108
reads:0.1441427792323197
can:0.024015722012158704
netters:0.13716182289118342
image:0.2056146109407598
apply:0.11109877737471315
