sells:0.07972728312565072
at:0.027967143252521618
say:0.03011976149631021
concept:0.06755320228763148
rumours:0.09546760327034821
to:0.00218761771442989
software:0.13408504230863125
that:0.005506422625944076
its:0.03282261200054238
re:0.005935563536161437
on:0.00804775913078238
you:0.008822206181090822
dont:0.0772439152396898
more:0.020181254378106757
a:0.006650019646887595
j:0.04847823269093433
was:0.014054938636529929
private:0.05634414482023097
developing:0.07826103994896795
others:0.04279886068362533
3do:0.30519586657313746
success:0.07113981328272392
it:0.010884299356824506
determine:0.06924542030442923
writes:0.010496228428850195
what:0.029220384222115276
up:0.021324767783371182
david:0.03962611491023006
over:0.031840329405069166
and:0.006060276420488728
still:0.03240808067031027
for:0.0051642676652710155
subject:0.0004237612205082269
300:0.06602413706638653
i:0.003030138210244364
will:0.01798897372862356
currently:0.05712592860090947
than:0.022707956860626367
the:0.0023928666983779458
would:0.014803962636577397
developers:0.09234521764739496
just:0.018641088308982316
about:0.01563517746542653
is:0.012793934613841138
keep:0.04205419974803049
lot:0.03934211727405382
dave:0.11131030702776483
shown:0.06554551741288354
news:0.048712325653387595
