another:0.015726988158784247
read:0.01607803589998526
preferably:0.07472892800025036
there:0.006509070819696081
know:0.008750887416016324
tel:0.028832965101406927
knows:0.049559736328244466
send:0.02080388028990229
where:0.013102530483927387
fax:0.021692505956619784
with:0.012443135676373347
post:0.01831615464135589
to:0.0029323386384911294
line:0.020026976941886442
otherwise:0.025201310862496707
h:0.02505802925031572
ii:0.05207659298028536
speak:0.025428601522258114
mail:0.02173273407685004
that:0.0049206329848861955
nt:0.0050643868916484995
database:0.10774418956190433
me:0.030740104408639564
anyone:0.023729287228955905
file:0.021549545265662474
charles:0.0291932812406655
this:0.007446559409523674
map:0.03517942184350824
you:0.003941836804317176
used:0.01400328729316926
etc:0.01647038288977472
m:0.009707905759688454
a:0.006932999206329621
was:0.006279866199300607
said:0.015542587437329307
let:0.01634849462945266
course:0.01734859432553205
fidonet:0.03900209206147056
are:0.004559655188661174
digital:0.029286295014267116
d:0.012920881009766209
place:0.019286720690187414
it:0.009726395169928282
pd:0.03864291665140847
have:0.003625890873387609
domain:0.031653922333195555
bank:0.06754178776647617
snail:0.0403135980082366
points:0.025994016230286753
public:0.021019465234472293
willing:0.025360991872196245
yourself:0.02486719625088363
be:0.01641024842943181
get:0.00932180124319945
if:0.01425851956943424
of:0.0027580224902941652
looking:0.018396349967423006
using:0.015634188501027806
please:0.027169012154684462
called:0.038046163061797644
in:0.002520279459496319
world:0.03576242111677556
and:0.0013538915407474818
for:0.002307438744057262
subject:0.0001893401198015482
i:0.012185023866727335
group:0.019128481807139327
directly:0.025762413656002695
containing:0.034132358022188634
information:0.017296604854494788
program:0.039384871381334396
micro:0.08040727847695596
detailed:0.03507277023099377
the:0.001069153205658231
do:0.0050944533255779904
interest:0.02590627657211266
regularly:0.035233355172481426
would:0.006614536497194156
can:0.01226334741046402
drop:0.030706891179830147
replies:0.03178587401994048
interested:0.020404795854006525
language:0.02892134255132049
is:0.0019054796233380418
every:0.017249280332889333
e-mail:0.019501388486895508
very:0.01236342192754218
by:0.014048730139250582
data:0.04162192373341578
wish:0.02649700365091332
summary:0.030509481257890825
s:0.004400257311035591
