situation:0.057772660471714726
viewing:0.08952579947290412
though:0.040746626255912785
someone:0.0361222641748036
mono:0.39583199427873533
that:0.005686961072696341
re:0.006130172176691321
this:0.008606269481498672
best:0.07984183868726014
two:0.030570318568087073
on:0.016623240171779997
you:0.009111458842765933
more:0.020842934849520097
a:0.002289351025977697
as:0.013116625577328171
modes:0.08144103408721116
also:0.02431962510950109
are:0.01053953084592173
works:0.04877255727132361
it:0.011241161630818753
not:0.009883770632392867
made:0.03812425494947543
has:0.017455319244041822
jan:0.1741147839136976
be:0.018965942856966275
found:0.043844598446836025
lcd:0.20096814215792544
gives:0.05961515534091976
they:0.01529376433619252
find:0.06939169631716034
in:0.002912781998270336
use:0.027258680782743412
and:0.006258974008045736
for:0.01600076374977413
subject:0.0004376550310166934
i:0.003129487004022868
face:0.05884051788435344
the:0.0024713213442264033
can:0.028346425981564373
is:0.004404469293289573
patch:0.17341716429247517
under:0.039792187329600645
needed:0.054685617871082316
by:0.016236647128150265
x-windows:0.09508277269977841
