there:0.007911887806699547
thanks:0.01718436762858761
with:0.01008323063430254
rayshade:0.06274268142292669
from:0.007298036676122203
several:0.024296994586787902
to:0.0035643081726487004
look:0.020441106243757848
pov:0.15916088659673525
mail:0.026416512972722895
like:0.010039991926798907
depth:0.045328732102159146
its:0.01782607375891526
me:0.009341281727625385
font:0.043026466712081164
re:0.0032236250239497458
so:0.008808712046421724
had:0.013227659359328752
ti:0.0326608711745833
der:0.05000042357488347
programs:0.03045846658874583
borland:0.10407651573708127
these:0.01428134459568054
used:0.017021237140835047
etc:0.04004006874927992
them:0.012636716995967594
more:0.021921017686564237
a:0.0036116486013268835
same:0.01674218405628114
wondering:0.031025288809114628
was:0.015266571277610096
as:0.0068975358639398136
objects:0.08085877255212506
features:0.03729006470738211
van:0.039531077849079756
files:0.028528547970583528
are:0.005542339496562289
it:0.008866950769137205
have:0.004407332871962525
ve:0.015733911198512363
university:0.020261552599988394
color:0.03185027678106367
has:0.00917909029212544
which:0.03341100859959098
if:0.005777158791063873
of:0.005028635833596689
even:0.0144755124807416
converted:0.04372772222461524
department:0.029897203299077038
seen:0.0223488352639858
but:0.005735200191813882
associated:0.03922237567065984
forgot:0.04137651108277402
scenes:0.05349581243788489
now:0.014240641361019346
in:0.006126886272223809
yes:0.022990050607792144
or:0.005813029807785218
and:0.0032913570214723265
for:0.002804731576828224
subject:0.000230146180103606
i:0.006582714042944653
possible:0.022215272611763637
program:0.04787299021351853
the:0.0038987224654606187
do:0.006192395852642213
can:0.014906310214443334
peter:0.03174045759332721
different:0.02178635256906248
interested:0.024802381167369998
is:0.0023161433352643437
lot:0.021366839554011988
fonts:0.17078452669997515
nice:0.027239133247885846
image:0.031905715490807555
article:0.006985628278591388
convert:0.03688431030343396
u:0.03260037485856048
three:0.025159379366142005
give:0.020372726477206955
says:0.02207781676230662
