tv:0.0498508033717324
round:0.11580743926313786
there:0.012076039283909833
photoshop:0.16866087363252333
help:0.028159114737392063
anyway:0.040112023969007024
from:0.011139108610923362
my:0.025005638456060558
to:0.009067099737439676
make:0.023158953728285574
michael:0.15814185271966785
greatly:0.05135433091842897
prefer:0.05403326454002422
phone:0.038649304292231165
set:0.03486071821218317
am:0.0215044257460706
vs:0.04495542032978082
m:0.03602143979252821
sure:0.02871110552841057
a:0.00551251628623577
how:0.01730740785827795
screens:0.07542403339931213
iici:0.08097659142640916
mac:0.04514844914225179
computer:0.035272406646912044
dot:0.3034506820323849
z:0.06567197550791336
it:0.004511255654473315
not:0.007933026428631116
screen:0.049188252238237466
be:0.007611332330756201
sending:0.05973415124292049
get:0.017294394411725294
of:0.0025584287574439294
but:0.008753726608558028
using:0.05801106785907686
up:0.017677110136215587
email:0.03610392972326238
rather:0.033861627012011355
and:0.0025118250953341434
for:0.004280906090948342
subject:0.00035127574857918807
i:0.007535475286002431
any:0.013464306135379042
milk:0.08165150319466641
than:0.018823701081835013
the:0.002975340828904156
when:0.017206242668996525
would:0.024543411739588843
an:0.023628898383203596
is:0.007070332286596418
printer:0.05718331812141882
