library:0.14438305488624759
pc:0.1149255883447546
technology:0.11612647192472217
graphics:0.12133591172895593
brothers:0.17671039762848062
to:0.004752410896864934
re:0.012894500095798983
on:0.017483062939285858
a:0.004815531468435845
3d:0.16132118719301788
plan:0.13467462749788298
licensing:0.2045199102445823
robert:0.22037324337639333
what:0.0317393828619528
please:0.06604880541052603
bob:0.12703465565617586
or:0.023252119231140872
recommend:0.15130273404011488
subject:0.000920584720414424
cost:0.11451750359830623
do:0.02476958341056885
level:0.12139776422737066
needs:0.11549470905756368
f:0.12814590408299475
hardware:0.12240279736808798
applied:0.1526551724247108
run:0.0923046354616343
workstation:0.18349351122317215
