some:0.011559771040924299
polygon:0.05912771674864497
river:0.05407003730541734
send:0.02904304080075468
much:0.017298978906533972
1992:0.03906877757311181
from:0.00838190350920966
acm:0.063456566317187
my:0.00940806199336932
to:0.006822768119261539
hudson:0.05539213030169974
young:0.14867546641877968
h:0.03498200123063878
r:0.061390490430279804
communication:0.047650123575530674
july:0.04874375719497929
best:0.024110654257043902
hi:0.031198184752617868
you:0.005502960291175464
am:0.016181548086152134
a:0.0013826773523231634
same:0.019228647034936756
want:0.01873859373972457
as:0.007921922378386322
failed:0.0419534488735152
related:0.03815979193694227
solution:0.03851343631914107
science:0.0669630143795508
no:0.011145997387945642
university:0.023270694075234195
follows:0.042515092253720924
topic:0.043234028223658634
get:0.013013603715753686
dept:0.04062680683506732
of:0.00962577156266033
looking:0.05136406624567612
but:0.006586962596538715
dr:0.03880044163471783
author:0.1201190420215992
35:0.044705190432984675
email:0.10866925382051251
and:0.0018900862103504448
for:0.006442551740833149
subject:0.0002643263058615673
i:0.007560344841401779
appreciated:0.03351249622946775
any:0.010131557091968389
information:0.0724402361727851
detailed:0.04896297626307051
the:0.005224030762300368
thank:0.035945488185836774
got:0.021902513085451228
vol:0.053705542522024106
regards:0.040884827693184786
road:0.035749033524460495
generic:0.05457789170529408
7:0.03159929236565649
address:0.0948362778396122
about:0.019505270897462804
lab:0.04267040508706448
is:0.0026601250187194446
65:0.04845881695190955
papers:0.04576974829151196
japan:0.05128377533078184
very:0.01725982665132126
s:0.012285866947643928
