some:0.006991238773253618
at:0.015825718786606546
out:0.007054952689104551
help:0.01281492646731615
truly:0.02609762556305616
fax:0.018315229580140056
with:0.010505881020171508
much:0.010462256703951685
motorola:0.02918135989787445
rumours:0.03601472458701759
though:0.014883498213237603
post:0.015464537751084913
approach:0.02464821949062177
my:0.0056899057564688705
to:0.0033010758325528883
next:0.016038203735025004
that:0.0041545464123889445
considering:0.023984251229671214
like:0.006973886607836367
depth:0.031485825891320124
nt:0.004275919471391848
dynamic:0.033008186001405405
need:0.011504203541899618
re:0.0022391646872944346
16-bit:0.03575987659648588
server:0.023966818833219366
supposedly:0.05555800856819446
this:0.003143607415397719
implied:0.032062658878975414
something:0.011920127647685765
these:0.009919975886820016
on:0.006071961978913652
you:0.006656275322260143
digitized:0.03516651789801743
material:0.025285625968885526
bands:0.0348368186334484
more:0.007613287579764826
a:0.0050173800928612995
same:0.011629301500171333
was:0.005302162479649016
as:0.00479110275579053
old:0.015855766960133678
running:0.03625701092750541
hands:0.023984251229671214
video:0.04186480470497033
1.5:0.03192958620361786
3do:0.03837792334153226
early:0.02097449759756456
compact:0.03505458895782491
wow:0.031015935978496806
d:0.010909246840581052
it:0.0020530265253890538
not:0.003610239572311167
should:0.009837198456487903
precise:0.033852968026913816
texas:0.023761495039934147
centris:0.03022341231691193
ve:0.021857888611106997
650:0.03022341231691193
p.o:0.027584781075994515
university:0.014073892823944034
color:0.02212354554852327
expect:0.020695934629690948
able:0.015793204946770473
earlier:0.0236284223645766
referring:0.028439222764756113
algorithm:0.024437419279885367
lineup:0.03505458895782491
has:0.006375895053212881
be:0.013855359452394524
which:0.015471764461287639
writes:0.003959655036033308
get:0.007870502846054625
of:0.00465725953450871
lawrence:0.02840259865087925
seen:0.01552374186001409
released:0.025902080874588774
fact:0.01436088100975353
using:0.013200123225418688
highly:0.02501002224196767
playback:0.04100220436507211
box:0.018973287489261123
one:0.0058880892681175
in:0.003191850932236356
gopher:0.03991045851600651
cpu:0.02678121182271479
speed:0.020110569861591505
and:0.0011431060314095506
risc:0.03575987659648588
subject:0.00015986201731747483
i:0.004572424125638202
plain:0.027244284896985275
info:0.017637098559235915
quicktime:0.0387772728894285
will:0.006786259550319068
yet:0.01574891462686326
the:0.004062141970000884
would:0.0055847284197866835
an:0.0053766355602499205
apple:0.022714772139455542
nicely:0.03233801883850729
about:0.011796600961938582
interested:0.0172280012899097
is:0.0048264543752813876
either:0.014991393455768613
new:0.01032335068792543
sean:0.061372473427855546
does:0.007296340205613924
hernandez:0.03685162244555148
e-mail:0.01646524417157046
article:0.004852292696506593
very:0.020877155590220926
animation:0.06334399414276039
understand:0.01794106145470451
tx:0.028366197177367977
especially:0.0187143455538763
processor:0.058530219699637995
north:0.024036854999466024
check:0.01981623691369874
s:0.00743037462103016
