whats:0.04038914219863652
some:0.007630959968191857
out:0.007700503915558561
infinite:0.03379262462783743
palette:0.04232552008192522
camera:0.03391594805466346
with:0.007644802310974475
much:0.01141958738274465
4:0.016237055582867185
ca:0.013441494092106675
from:0.0055331519897397095
work:0.013235767738498718
texture:0.041682120913211156
to:0.004503918823826245
0:0.23955269859283873
pov:0.040223666329458146
been:0.009589806452427707
that:0.006802051479107388
nt:0.0046671800766172455
location:0.030005405061924204
could:0.009863458531542859
surrounded:0.03790881787376786
me:0.007082278956892449
file:0.019859384852669342
this:0.0034312577671334575
map:0.06484050300568185
tell:0.015751797736094465
working:0.020709405298735994
3:0.03060739796911921
onto:0.028458579584080695
a:0.006389234562695924
was:0.005787327673865266
as:0.010459008630287822
possibilities:0.036291770989363675
advance:0.02067647854037026
1.5:0.03485124768630185
soul:0.027552152214577755
are:0.012606105521592657
those:0.012130167675082093
daniel:0.08389372539604587
works:0.019445267931704185
it:0.0022408851616991634
not:0.0039405882913461756
ve:0.011928978425015911
kind:0.018009978411523266
color:0.024147922265381608
minds:0.03212971710695313
mapping:0.10860853547680123
get:0.008590679577066159
of:0.003812560501288993
trying:0.017623060281492783
even:0.010974898351411933
but:0.0043482563545778445
using:0.014407977638202096
up:0.008780786734329311
direction:0.028876799902219807
in:0.0023226104822809215
our:0.014573695575035251
and:0.0037431119067724496
for:0.0021264631562880653
subject:0.00017448991432691697
purpose:0.024580924785258737
i:0.0037431119067724496
we:0.017617567394953855
sphere:0.11880217193338768
yet:0.01718999178226251
the:0.000985298052273272
wrong:0.017277268345293206
sfu.ca:0.03814226939404289
hello:0.025289482291841643
can:0.0056507581205079305
simple:0.021563323901674775
human:0.02095321811265736
note:0.019357445090709136
here:0.011767326180545072
circumstances:0.03171678310942678
gif:0.09184402163346087
is:0.005268090723346351
object:0.05529375550500605
having:0.017103865309937002
white:0.022215484613206486
right:0.012678912377714376
life:0.0182377735509066
2:0.05093881181948781
trouble:0.02493347635483879
1:0.0896056682579932
image:0.024189954228324685
fraser.sfu.ca:0.037795146352775255
by:0.00647343447592919
seem:0.018037336960102863
while:0.014185245136460932
grasp:0.038765211745705144
north:0.026236305783730887
include:0.0659122210440118
s:0.0040551390905622115
