to:0.004176361091184336
direct:0.1210235037143689
me:0.032836020618319535
anyone:0.05069438635276943
map:0.3006241502990704
hi:0.09548535333376984
these:0.05020109009390735
am:0.04952534414246562
van:0.27791545639353044
interesting:0.0990310473309519
uucp:0.128291775979881
of:0.005892138956537535
find:0.06413474962646637
in:0.005384233390742136
world:0.07640153602220233
and:0.005784809310466513
subject:0.0008089986936975241
i:0.005784809310466513
the:0.0022841000302698576
would:0.028262110488011395
can:0.0261989694678095
gifs:0.5572298487106114
type:0.1963946975958604
lee:0.3879228453977015
wanted:0.09227757544079099
useful:0.11619052172964964
