take:0.05061307453180246
thanks:0.04746158678371817
carter:0.23804349124106866
specifically:0.09635815837513478
such:0.04578612389209044
from:0.020156482248337514
to:0.0065628531432896705
software:0.2681700846172625
been:0.03493429493384379
greatly:0.09292688451906193
searching:0.1264404978420899
pointers:0.12618584810121497
am:0.03891277039765156
section:0.09785140775293541
computer:0.12765251929358643
systems:0.07143850286387168
has:0.025351773187775022
be:0.013772887074701697
which:0.03075934125041709
of:0.0046295377515652054
institute:0.09267756785555491
advantage:0.10150882325082881
for:0.015492802995813047
i:0.004545207315366545
appreciated:0.08058957426610101
developed:0.1008880556244056
any:0.024363982530685887
research:0.07350789239373279
hello:0.09212597120599456
would:0.022205943954866095
william:0.09694426855692898
rendering:0.26849560872047934
engineering:0.0920654641243595
s:0.01477229240133377
