dallas:0.07893731841406745
computing:0.06232087827398631
there:0.01311112836538782
thanks:0.0284769520702309
post:0.03689396863473115
hence:0.06573361982087701
to:0.003937711885973802
technique:0.07187022924498021
technical:0.054810674898847146
provide:0.04824222397547734
hi:0.045014523714491494
on:0.007242983217704142
suggest:0.05244856864443025
a:0.003990011788132557
member:0.05701282746780798
staff:0.06875232115897997
plane:0.07386102240084466
results:0.052329767840978
not:0.008613000122513783
texas:0.11337627633340006
sufficient:0.06536060347796721
intersection:0.18047828222585346
has:0.015211063912665013
anybody:0.04342278778446707
if:0.00957357742519156
of:0.00833316795281737
central:0.06543443162308782
least:0.034395176895806887
lines:0.10094806069412904
understanding:0.05734506835586894
please:0.027363076527217926
in:0.002538281455635578
point:0.06290102746457316
and:0.005454248778439855
for:0.004647840898743914
subject:0.0003813850984574042
i:0.0027271243892199276
branch:0.06514138105404349
research:0.044104735436239675
will:0.016190076355761206
the:0.004307160057080302
interest:0.05218264280954122
can:0.01235094274911019
simple:0.04713126509937487
n:0.10460044273726861
is:0.0038381803841523415
does:0.017406983061964646
labs:0.07468542693828248
image:0.052872328527623955
e-mail:0.03928136823788952
instruments:0.075262706057395
respond:0.05777153925800724
by:0.0141490782116738
data:0.04191922318865446
seem:0.03942446506993911
summary:0.061454812248037234
newsgroups:0.06123246201173564
