library:0.012101469918211502
au:0.0164738892373685
ask:0.008423591284266957
cat:0.014635771414478332
at:0.002546141654492575
correct:0.009457275838674707
music:0.013314041733211225
all:0.002757421475856333
your:0.003641422607460296
with:0.006761010136295344
remove:0.01276922076601049
to:0.0003983234566736505
0:0.29660224299760723
look:0.006853087642415926
then:0.0046123709531092575
value:0.1726637142084008
like:0.0033660088540713095
nt:0.00412762168625687
file:0.02634525331611337
this:0.0015172902843104594
detect:0.01481098708446803
3:0.1218103670620727
a:0.0012108417276124812
how:0.0038016271596217465
output:0.023626347912913993
raw:0.015411100855503417
are:0.0018581253803503627
improvements:0.017200231515637012
digital:0.011934588430669546
row:0.39924944284571695
it:0.0009909116466473179
should:0.004748011971773062
ftp:0.010963488286962645
christopher:0.013985994498773335
types:0.011840743387227974
algorithms:0.014709567085013493
edge:0.02724394039073965
get:0.0037987687147142263
detection:0.034283684376259456
if:0.021305360165888732
of:0.001123934020611206
even:0.004853061987763079
catalog:0.01578345019609003
col:0.46079223263882274
corrected:0.0164738892373685
operator:0.015856623051535956
accept:0.010324023036597494
errors:0.012410474906432985
code:0.009365643093444209
in:0.001027050299968153
edges:0.0523390570469715
or:0.0019488770453846395
and:0.0005517303677612569
for:0.006582202428856989
subject:7.715883494802975e-05
welcome:0.01209138204266304
300:0.02404347187966677
i:0.0022069214710450278
any:0.0029574776482335467
noise:0.013238179808139154
will:0.003275448973708914
program:0.01604990423343396
images:0.012300149549482033
char:0.1607394474205852
operators:0.018431689305552907
the:0.0008713907629931248
do:0.0020760633494407415
when:0.003779405904172647
int:0.4223458303447931
7:0.01844814178573009
an:0.0025950813253229382
else:0.021906522185012052
does:0.0070432879441475445
lot:0.0071634490990329204
2:0.04504993184035627
define:0.024709571669132575
1:0.37925173629755915
improvement:0.014734590387739256
terms:0.011124679119116947
telnet:0.01642837375480162
by:0.002862530274038052
included:0.01081728742919355
void:0.03178783225819277
doubt:0.010058012424799328
main:0.01074686997580008
include:0.01943077036557573
