some:0.012972631945926157
know:0.013709723618425576
technology:0.037418529842410474
help:0.02377880800046441
all:0.01060075367384768
delete:0.05949404480876549
thanks:0.022148740499068478
fax:0.03398492599870433
i.e:0.038383766633060035
with:0.019494245892984912
such:0.021366857816308874
possibility:0.04712201757379258
to:0.004593997200302769
add:0.07636045369892708
that:0.0038544958381608535
need:0.04269337758882747
anyone:0.018587941662682125
phone:0.032637190291217436
math:0.05422506413623473
federal:0.04390506878550291
swiss:0.06732123076225302
on:0.005633431391547666
x11:0.05924712106671314
am:0.018159292852237396
etc:0.025803599860647064
them:0.01628732412813601
link:0.05384320143063242
a:0.006206685003761756
capable:0.04875310319070368
displaying:0.062322154421375266
able:0.029305169179007436
mouse:0.048288135302531454
links:0.06387506489221036
graph:0.20431761119389083
be:0.012854694603054918
dept:0.045592305448242214
if:0.007446115775148992
of:0.004320901901460859
institute:0.04324953166592563
available:0.030011820309047
looking:0.028820948282296047
ok:0.036264991005677025
one:0.021851353506124944
boxes:0.10956545592855513
or:0.007492349530034282
and:0.006363290241513164
for:0.007229974731379422
subject:0.00029663285435575884
i:0.00424219349434211
any:0.011369858514320081
actually:0.02715904585667872
program:0.09255444774613583
the:0.0033500133777291247
would:0.01036277384560418
put:0.02763843666163088
simple:0.03665765063284712
is:0.008955754229688797
move:0.039298056839700196
edit:0.058886729113900325
does:0.01353876460375028
switzerland:0.06281606289438453
change:0.03302232342122764
e-mail:0.030552175296136297
very:0.01936936101981608
