bottom:0.05098311508919342
at:0.010010966050618535
fax:0.034757310680493064
with:0.01329153129067153
from:0.009620139254888358
to:0.001566135409194126
cylinder:0.2576687787556998
line:0.12835471585481767
w:0.07032592852339441
look:0.026945094594044438
then:0.018135003974725037
t:0.02927583017045957
mi:0.060593646545502075
bit:0.030966865886996587
along:0.03970410694478676
re:0.004249323895206484
so:0.011611484061192274
this:0.005965709526947943
two:0.021190789007423994
reader:0.0585426422760442
ray:0.0492928280294167
as:0.009092206366102482
no:0.012792565183892157
z:0.11343341224094126
intersection:0.2871245399047669
left:0.03323187708523365
details:0.04335024866239017
univ:0.05277958376426372
rotate:0.06911250325940307
tech:0.05153218983090714
of:0.013257312652209452
gives:0.041324141770410286
but:0.007560036616481935
result:0.040170476829676165
networking:0.06993432895917155
spencer:0.10581169537909724
now:0.018771754521343685
michigan:0.0585426422760442
one:0.011173987588359347
thomas:0.08372738668247955
or:0.007662630201171424
and:0.013015820948549653
for:0.0036971461694553865
subject:0.0003033745101365716
exercise:0.05671670612047063
top:0.03842763893371949
info:0.03347040294764088
similar:0.0359631623621216
sphere:0.06885125873412241
than:0.01625683275249388
the:0.0034261500454047865
planes:0.06249198841667442
an:0.010203387938201554
compute:0.06652404949950862
axis:0.1371917707443344
is:0.006106196065696907
easier:0.04746220130009774
ann:0.06424370068743872
by:0.011254948577467797
