library:0.04926010107883741
graphics:0.041396958119290846
c:0.030424678769752467
post:0.0607665365748513
my:0.01117899130976825
to:0.00810705388288724
then:0.01877506293853886
software:0.03312689280566184
that:0.008162461774928865
think:0.016938212088571238
like:0.013701636041278508
re:0.004399300032684359
package:0.09146501254249888
so:0.012021301145704943
on:0.011929619417395057
carpenter:0.07101691662059663
pascal:0.06615991408641089
m:0.0161037024954832
a:0.004928838091222571
3d:0.11007798655523574
sorry:0.03738137276163087
low:0.03995052399976259
was:0.010417189812957478
mac:0.08073605023085026
course:0.028778256469411987
reasonable:0.0439800843541888
d:0.02143346143972983
not:0.007093058924423116
licensing:0.06977738114226925
robert:0.03759308269362004
has:0.02505351703262473
decided:0.043901565447274755
be:0.006805426554558486
g:0.0415882583648412
of:0.002287536300773396
looking:0.030516298181254634
but:0.00782686143824012
version:0.03671141891371276
port:0.04905620159234753
windows:0.06464016897467062
please:0.02253429831653241
in:0.0020903494340528293
or:0.007933075972977474
recommend:0.05162093279015684
and:0.0067376014321904095
for:0.0038276336813185177
subject:0.0003140818457884505
costs:0.096853003645502
i:0.0067376014321904095
comp.graphics:0.07101691662059663
platform:0.06150564571387969
bcstec.ca.boeing.com:0.07300604991523114
later:0.03759308269362004
the:0.0008867682470459447
original:0.036307858979687996
would:0.010972348777698543
here:0.02118118712498113
about:0.011588425650845547
f:0.04372036727537468
mentioning:0.06909186457610483
either:0.029453678907215976
object:0.049764379954505444
ideal:0.06353469583565549
run:0.03149216974573406
runs:0.044138712005215706
primarily:0.05587470825546201
