library:0.09737461841165534
mirror:0.1250509833457314
thanks:0.04635782895153867
graphics:0.16366239256463821
into:0.04164660239493922
to:0.0032051143257926296
sound:0.08026007649135886
look:0.05514344940176536
thoroughly:0.13793203249053224
packages:0.11500606052488653
re:0.008696290762283036
carpenter:0.14038227704071427
a:0.0032476840135962676
3d:0.21759601993476832
was:0.02059211939770664
mac:0.07979725894909619
it:0.015946764173952185
interesting:0.07600057120747471
always:0.06178967669764436
robert:0.07431190765017914
be:0.01345258737529003
g:0.08220934793050005
of:0.004521874082924155
fairly:0.09126061740111363
please:0.044544543183843134
recommend:0.10204137877124027
for:0.015132505251724371
subject:0.0006208594626050766
i:0.017758019278641388
bcstec.ca.boeing.com:0.1443142847161546
the:0.0017529139767187279
wrong:0.0614749315541828
archives:0.12426257516722716
thought:0.06243224198120262
does:0.02833694917064012
u:0.08794519729286084
