read:0.008458966648872843
go:0.007259075566395996
there:0.010273645360938216
final:0.0143904790941664
know:0.009208023325808222
all:0.003559954591963773
case:0.009222429504875954
access:0.012508868910516885
own:0.008457054610253714
your:0.009402479270009421
with:0.004364383408877219
way:0.006464077684875161
to:0.003599773925610379
remember:0.010382925509407582
everyone:0.011408629692213072
platforms:0.060855012931978876
clients:0.019937651985786446
then:0.023819109698146317
software:0.021013327525979526
perhaps:0.010777841558358378
that:0.006472101220792477
problems:0.020470695790237112
think:0.005372194132569236
quite:0.009911191724288811
bit:0.01016822461961082
solaris:0.022693657786669666
docs:0.020471610357580005
really:0.007281327399966142
nt:0.010657888831678187
asking:0.013378480651635799
me:0.008086482689586155
anything:0.02598404272745601
re:0.005581201534002545
so:0.01906363054822612
anyone:0.006242219215079818
had:0.0171762143919642
this:0.003917779390831485
hi:0.011757524850800017
unix:0.014785699313881838
on:0.005675471924320409
you:0.02073876826151947
fix:0.016231488653658522
them:0.005469623774374033
bugs:0.018926924544982716
m:0.005107517582522657
why:0.0066407558960970385
more:0.009488201685229297
a:0.0036475854033301363
how:0.0049080708851832995
other:0.005146671596387727
same:0.0072466169795843745
quick:0.015146549329072
was:0.003303959455602185
as:0.01791300358694817
letting:0.018236094570596165
steve:0.01196699196579995
definitely:0.015880043821346206
cheap:0.013866534397040477
far:0.018577448299413445
are:0.011994615328381072
results:0.01366822294353903
supplied:0.02056853381430859
it:0.007675867829999372
not:0.01349798526662608
have:0.0038153030831914393
made:0.008677535641485079
probably:0.00890755117548212
try:0.009091006240087286
only:0.009951762972158855
whether:0.010662158898812777
money:0.011567984204213172
doing:0.010002622780467594
robert:0.047692716850114975
has:0.00794607816333247
bother:0.034220933063382475
feel:0.011366704045694693
sun:0.013539150388428511
be:0.002158437526632356
get:0.004904380504817621
were:0.005788445139822011
dec:0.018508576417666647
if:0.017503928874417405
of:0.0021765737190194622
but:0.002482400083023919
please:0.0071470722272584135
virtual:0.018424722477920163
up:0.005012911829673077
author:0.015089581149479501
one:0.0036690705514015763
in:0.0006629839622928749
compiled:0.01969683660840745
yes:0.019901834854506632
world:0.018815303647258783
better:0.008344089072020161
and:0.0021369258273738236
few:0.025585382472831562
word:0.011451031776729174
for:0.0024279765888960744
subject:9.961551079111305e-05
i:0.004273851654747647
possible:0.00961556575733053
any:0.003818236068241818
will:0.004228751286952554
than:0.005338064485893512
the:0.0036562646006931677
managed:0.017653405276733168
do:0.01072116296875368
see:0.013204371353814746
would:0.006960071985853552
did:0.0061339964307573335
maybe:0.009880272695307179
problem:0.015787800686907345
long:0.00888175837727084
people:0.005616690821168348
many:0.006914929207380946
about:0.0036754335086637
including:0.011865551143769514
reality:0.01563660903825516
interested:0.021470718025484475
is:0.007017568612815848
grant:0.016884255256256777
lot:0.009248333538303696
explicit:0.02151329462169893
their:0.0056480732036631115
hear:0.012364483448726893
run:0.009988188165624608
x:0.011362537274425755
criticism:0.020330788238241023
useful:0.01430704185477029
little:0.00875126381305397
going:0.008126177925558517
answer:0.0226587391203646
respond:0.015089581149479501
by:0.0036956547567804704
clue:0.018926924544982716
giving:0.014154354280929385
compile:0.01947062533297299
main:0.01387469034189115
s:0.0023150607494627547
