bbs:0.12647008286736441
all:0.0298146197076966
your:0.039372881943164455
with:0.018275855524673354
to:0.008613744750567693
that:0.0108407695448274
hi:0.09846927062545015
3d:0.2923946517873449
doc:0.17352003004289507
processes:0.5192845602484559
have:0.01597658166086415
kind:0.08611020928009562
writing:0.12507683578586357
anybody:0.09498734827852172
of:0.006076268298929333
author:0.12637524212689083
code:0.10126601594786551
and:0.0059655846014185915
for:0.020334303932004624
subject:0.0008342799028755718
source:0.09747712380311951
the:0.007066434468647372
self:0.132878544437818
does:0.03807777544804766
comes:0.09450551053892224
