some:0.007033354669478038
at:0.00530701814731585
out:0.007097452404099156
boy:0.02731826930795077
know:0.007432982684688566
technology:0.020287154733837007
all:0.005747396570158381
graphics:0.021197237591203146
your:0.007589953145670257
with:0.00352305648668402
way:0.010435980840641828
method:0.024041553751485294
4:0.014965478940835417
into:0.010787975319171002
from:0.015299498574039318
carson.u.washington.edu:0.03312828301606837
my:0.00572418229717049
to:0.002490721373658128
might:0.01281376587878582
provide:0.020343106495683216
trivial:0.03424227300699615
me:0.0065276426530394265
re:0.0022526536311937985
exactly:0.019375799116096437
so:0.006155485526415182
national:0.019603457379442853
this:0.0031625448094663795
off:0.01315335812021898
he:0.009579115707953225
best:0.014669735421454423
3-d:0.036637953535105246
on:0.003054270031561988
you:0.0033481866831850714
books:0.02199239706654314
fitting:0.03610212530609021
lord:0.025660265624935747
am:0.009845399739164854
independent:0.02501651173612634
3:0.014105216533961564
board:0.021633713972018943
a:0.002523802637071798
how:0.007923873477283882
same:0.011699357533304896
immediately:0.02543794901689086
given:0.016793900958923382
whole:0.01802358719895958
course:0.014735854216265176
solution:0.02343287390501957
computer:0.016148812681718767
those:0.01118021478486482
radius:0.06926211855781846
square:0.06111344310910082
determined:0.02868491588877452
it:0.006196182465180216
not:0.007263976006939336
mercy:0.03585108496632775
have:0.0061596459415379865
plug:0.028573698642752016
try:0.014677046218936101
edward:0.027229460381823042
points:0.08831701899928754
be:0.0034847063682980203
writes:0.00398350837962387
get:0.007917915513801941
if:0.004037050721466321
of:0.004685315314837076
institute:0.023448541264658472
formula:0.03636408381175129
but:0.01202319076356163
dr:0.047214995242247
distance:0.056857065338768366
using:0.013279642040029644
please:0.011538646728344908
loss:0.02563766110916135
find:0.012749679142610784
email:0.016529509993782776
in:0.00321107894990043
our:0.013432382066146949
leaving:0.02788050990910872
albert:0.030925121694028303
or:0.004062117215078828
and:0.006899953273929937
still:0.012299452302587634
for:0.0019599329091088795
subject:0.00016082504151818252
i:0.0034499766369649686
we:0.008118939191048013
top:0.020371278470887443
sphere:0.07299892492292497
favorite:0.029111235592920344
information:0.014691694484841958
will:0.006827140631947497
the:0.004086612704759926
do:0.012981649136864396
thing:0.013638147199547932
see:0.010658950369946844
solve:0.029927126983854708
can:0.005208228870106708
rid:0.027815383908480915
an:0.0054090249310947995
variables:0.03585108496632775
head:0.02080035985214267
is:0.006474039202184673
center:0.0393569979936483
geometry:0.034056901569244624
circle:0.03282320028824454
faq:0.02338611483673349
terms:0.02318758418803894
article:0.0048815233754012114
three:0.03516250610207799
checked:0.02711304909973628
by:0.005966478763958832
john:0.048460453004491186
god:0.015983001396236294
four:0.021132808138692616
s:0.0074751359139279315
