some:0.00912138183697933
since:0.03126283786568252
out:0.009204508586566093
ideas:0.028101512789370862
tomorrow:0.03949694265421084
knows:0.027296573524540898
send:0.02291677438184549
thanks:0.015573333163407524
with:0.013706891643505015
user:0.029544089715570435
super:0.039304031618348556
rayshade:0.2843027751976366
operate:0.0412402516488531
work:0.015820878624924248
my:0.007423548916642979
to:0.007537026656746731
most:0.014504652062242484
mail:0.023939964881530124
been:0.011462815525167494
that:0.00271019238620685
esp:0.04157274863649994
nt:0.005578738685331551
me:0.008465536565660505
anyone:0.013069646481573369
this:0.004101425299776711
getting:0.02118907478300536
on:0.0039610064471819525
etc:0.018143156152017465
fnal.fnal.gov:0.04715967119336495
m:0.03208159481522044
a:0.0032730565449524884
other:0.010775843654936803
3d:0.18274665736709056
mac:0.053613783356424
also:0.011589821341246613
advance:0.024714853255286325
patrick:0.07165007860145706
files:0.02585399659834132
model:0.028585558684246483
not:0.009420468883999451
should:0.01283446986119906
have:0.003994145415216038
ve:0.01425885702365183
able:0.041210394157979204
macs:0.04132205867906635
list:0.02274709841344984
be:0.00903845714277299
if:0.005235550154401635
of:0.006076268298929333
mailing:0.034482459168489
available:0.021102061154798672
but:0.01039505034766266
using:0.017222035770663443
please:0.014964182475822303
find:0.01653474013807336
who:0.01010197557995194
up:0.010495784143378005
professional:0.03734769819917239
box:0.02475421102114537
in:0.0013881226710507069
use:0.012990465060526157
and:0.0014913961503546479
for:0.002541787991500578
subject:0.00020856997571889294
i:0.010439773052482535
import:0.08697553567976528
any:0.015988863535762614
will:0.00885394800705691
the:0.0029443476952697384
users:0.030849199752001424
do:0.005611858741457005
would:0.007286325360190438
can:0.006754421815919636
wants:0.027504180957763663
simple:0.02577491060122063
thought:0.020973331290560254
btw:0.029310863440963553
address:0.024943916827606334
many:0.014478133027953855
different:0.019743882015712873
e-mail:0.021481998255095832
models:0.03486877382016073
hopes:0.044783019830841576
going:0.017014185031638145
built:0.028847637766209012
seem:0.02156025433512295
