basically:0.03702081649290458
out:0.02222975658642377
there:0.008658292316765542
help:0.040379107925316925
thanks:0.01880553438600154
way:0.01634313980704286
much:0.01648298933547105
c:0.024397148070084525
someone:0.02078734070436811
from:0.007986530702171467
to:0.005200751547512569
us:0.019432796096084868
might:0.02006684090451364
graphical:0.056144151928400055
that:0.006545370291216543
so:0.009639722616838868
anyone:0.015782214619258408
best:0.022973359244919188
hi:0.029726572264286835
state:0.050145535602653134
working:0.029891877459496292
m:0.01291334634071766
a:0.006587283612482996
other:0.013012339507848214
as:0.015096493589000348
layout:0.108155217704674
advance:0.02984435110072311
science:0.06380438162579839
computer:0.05057930009745878
are:0.006065201713219108
hoping:0.045159005633704945
it:0.0032344851862261504
states:0.06514829689539024
able:0.024881747416138387
doing:0.02528965004872939
has:0.010045042206476895
greg:0.04131385469335304
be:0.010914363342216439
showing:0.04050966337382842
if:0.006322173771352918
of:0.003668690293693182
must:0.02186283422150469
code:0.030570872738978266
in:0.001676223602778212
our:0.04207123439585648
cross:0.04321141710958629
and:0.005402793601284762
few:0.02156252359345553
for:0.006138657790793848
subject:0.00025185808388696507
each:0.024018956578873728
i:0.001800931200428254
group:0.025444489951006084
appreciated:0.031931718105436255
we:0.012714565148244998
gregory:0.05040840313387517
possible:0.02431105304683568
any:0.009653653455554785
circles:0.05264547665546903
will:0.010691559857578154
program:0.026194655022491273
the:0.003555438726363458
do:0.006776584140627327
automatic:0.04345904188387815
would:0.008798581567022415
ready:0.039768672536135814
problem:0.01995816313250551
draw:0.079673576166111
is:0.005069294846993659
arc:0.162232826557011
project:0.07267237463043492
compile:0.04922761876638454
s:0.0175595173827175
