carter:0.17237632124353247
to:0.004752410896864934
pov:0.21221451546231368
potential:0.14780249451108604
like:0.040159967707195626
nt:0.0246233983352565
anything:0.080042798286876
re:0.012894500095798983
hooked:0.19881251581432116
on:0.017483062939285858
m:0.047200507314347315
have:0.0176293314878501
ames:0.17733172540443506
soon:0.12403426334618864
oh:0.11136952359108529
please:0.06604880541052603
yes:0.09196020243116858
better:0.07711089211384148
subject:0.000920584720414424
create:0.1311326100428834
i:0.013165428085889306
group:0.18600799550390656
the:0.0025991483103070794
do:0.0495391668211377
is:0.009264573341057375
dave:0.120906023150848
