another:0.022860879694727616
some:0.024072925260481527
ideas:0.03708240862927289
know:0.01272036212018868
knows:0.03602022073341479
thanks:0.020550377782640857
where:0.019045946373543936
from:0.008727549014744079
to:0.0014208238763822997
everyone:0.031520750077454675
software:0.029028720499806766
that:0.003576336344685328
think:0.014842763170397476
docs:0.0565607378951695
nt:0.007361634553839572
its:0.02131777892818732
package:0.04007487662944538
anyone:0.034493087621471984
ps:0.04644909611154346
hi:0.03248470783520005
you:0.00572988648874971
used:0.02035529390038006
am:0.016848828419601707
optical:0.0607407905560784
shadow:0.16595145117658225
a:0.004319084925298129
same:0.020021580933284665
was:0.009128465300014285
as:0.016497199179732337
old:0.02729807301383839
gary:0.04375957158270782
far:0.02566369146516909
have:0.010541249755621708
love:0.03373420041424174
sort:0.032344961934649794
g:0.03644331918568559
get:0.013550247167949715
if:0.006908767214055766
of:0.008018168476937676
even:0.01731092214191779
looking:0.02674108603512004
but:0.006858589920107322
version:0.06433960015805329
lines:0.03642455798241769
visualization:0.06574602577032274
now:0.017030045338950972
called:0.027652108204708595
newer:0.05067883213777142
in:0.001831749504066912
or:0.013903329024805882
for:0.003354111988784268
subject:0.00027522635971152884
i:0.009840139548731697
we:0.02778853413843237
any:0.021098706521418705
unfortunately:0.03795766062707172
program:0.08587526079538377
the:0.003108259835006404
do:0.007405339370170069
thing:0.02333950964046347
would:0.009614944805199753
can:0.008913051468430034
maybe:0.02729807301383839
simple:0.034012253164497325
an:0.009256681840842646
here:0.01856083407859171
f:0.03831166204543142
does:0.012561740353995104
hear:0.03416166561091554
beam:0.0578246793600389
written:0.03694349421088773
documentation:0.04615592152061011
by:0.010210674998115114
