mode:0.08279751884277256
some:0.0063110101358559685
since:0.010815252018398279
pixel:0.026572144418182855
say:0.020513999721811282
all:0.005157123408898872
take:0.011490535839652451
supports:0.023360213430588035
graphics:0.019020224000755256
your:0.006810444444223041
though:0.013435374062760432
both:0.012138940985449936
my:0.01027258660897623
to:0.00223491755690405
colors:0.024648090128557
bet:0.04663428448659038
256:0.05283538751264619
that:0.005625480412450976
think:0.007782421770424624
nt:0.007719768126729066
bytes:0.05549805622928323
rob:0.07136242203242009
anything:0.025094498922371932
re:0.0020213000150171383
so:0.0055233005264049735
this:0.008513228730347336
restrictions:0.028049405688451403
on:0.005481176489073405
you:0.003004318861668767
possibly:0.020956506288634276
numbers:0.038137755686472416
am:0.017668501153528277
working:0.01712723789571139
support:0.04441550772216496
card:0.03309090104339721
m:0.01479799688774132
a:0.003019468380208422
modes:0.026853530158485846
stating:0.0294521689072897
vga:0.09752176452444679
exact:0.0230861965964501
responsible:0.04227951583862727
bios:0.07825654971415312
no:0.006085112087473026
requires:0.02169813397249095
it:0.009266362965945189
not:0.01303589207731816
should:0.008880065633694485
due:0.017919689107559367
only:0.021624911971934377
color:0.019970984360018304
per:0.019117973597691986
able:0.014256568789787401
robert:0.05181749236147627
has:0.00575553769668406
be:0.006253635212296988
svga:0.056098811376902806
which:0.006983201797391988
writes:0.0035743913027976343
if:0.0036224347014238343
opinion:0.03577634123878583
but:0.0035961255256778935
in:0.0038417232842051998
640x480:0.0665321183611578
yes:0.014415383083804805
or:0.007289853596790112
and:0.002063769808058324
for:0.0035172850044548542
subject:0.0001443078750919908
i:0.01135073394432078
any:0.0055312825204800395
the:0.0016297362378141686
wrong:0.028577535749512006
do:0.019413997808283696
intended:0.021992155983657433
would:0.005041349438402033
can:0.014019989066557515
did:0.008886005640232246
an:0.009707006903370128
just:0.01904413886701437
many:0.010017302851773479
definition:0.022025834630958165
is:0.007261422348396322
cards:0.021270364672173525
either:0.013532771389801936
time:0.008537891729209263
vesa:0.11413518294169075
byte:0.029191617005571442
too:0.010554150637105388
late:0.02083318370611443
article:0.004380177731441086
very:0.009422932388018635
takes:0.01932918839989011
by:0.016061115807845937
high:0.015120669327792009
s:0.010061128878746243
