some:0.0037907041400433578
at:0.0028602760144624388
out:0.003825250321689805
correct:0.010624082597991717
there:0.00595960380244901
know:0.008012176140638323
help:0.006948352987148692
all:0.003097622826773673
football:0.018028055069391695
thanks:0.006472034561416114
camera:0.016847857312868537
increases:0.017071860142371626
fax:0.00993066019442659
secondly:0.017348346533086912
with:0.0037975803687632947
way:0.005624587076449816
shape:0.015480281127555864
from:0.0027486112156823884
to:0.0035797380781580025
look:0.007698598455441268
hole:0.060609748960353295
important:0.010202497704458515
death:0.010894209039079294
us:0.006687910344756481
appreciate:0.01246497836173537
centre:0.06502361682557864
that:0.004505254875772426
appears:0.012663315024007572
through:0.0076930626429377496
me:0.003518145066248522
so:0.00995270062387909
anyone:0.010863082789879165
uk:0.014031297028112942
phone:0.009536841318862238
this:0.006817953745083364
parallel:0.02987891810039864
hi:0.01023057357147534
certain:0.010702321401819835
hull:0.0410177914149667
on:0.004938397648434642
pointers:0.017207161104711134
assume:0.022542133475903742
posted:0.011082405598967194
bill:0.01005036972627181
m:0.008888407221532937
more:0.004127983850067292
passing:0.01586777060038887
a:0.0022670521523480438
how:0.021353295409563704
wondering:0.01168484903200421
was:0.002874873812017486
as:0.0051955464949157044
shed:0.018664791689282246
advance:0.010271107846352759
science:0.01097932540963414
based:0.009808126662014749
computer:0.008703580860926348
are:0.00417474923117679
complex:0.014597379453907678
radius:0.03732958337856449
d:0.005915078644081285
place:0.008829310445832551
it:0.007792168857726636
not:0.005872500083532126
imaging:0.017533925798801028
have:0.00497971376442519
due:0.02152689925258755
being:0.006317545227029702
tube:0.10387482264943212
university:0.007630974355839785
between:0.007541772227423395
placed:0.01478842003839772
screen:0.13351097036093026
minor:0.014110169406583868
were:0.005036699017767206
dept:0.013322426916694155
if:0.0065274391535397
of:0.006944306627347808
what:0.002988448386352699
distortion:0.07929130888620343
distance:0.03064374300725828
please:0.006218881028913165
must:0.01504844433428245
they:0.0030289598198303368
highly:0.013560628942885069
email:0.008908761879766042
in:0.0028844107450404295
point:0.007147844030065132
or:0.004378645829240814
and:0.004958407980399869
few:0.007420868509435996
for:0.0021126549539745064
subject:8.667843146759188e-05
however:0.015565577299979956
i:0.005578208977949852
44:0.014755789077834404
away:0.008990206449102827
we:0.03500633521334987
any:0.0033223612541844394
source:0.03038248014642686
than:0.0046448093578553935
projects:0.01694197269232715
the:0.00758647510053917
do:0.01865760828328563
marshall:0.03838490110257602
would:0.00302808326657265
can:0.011228129771918356
major:0.01063775315817465
an:0.008745761089887045
problem:0.006868718480667482
here:0.0058454574857902475
about:0.003198104481564518
axis:0.05879647317614331
is:0.004361568618354933
deal:0.010702321401819835
move:0.011483198427185122
either:0.008128450347770644
object:0.027467352572291968
viewpoint:0.018611125124505593
angle:0.034696693066173824
right:0.012596581777859089
life:0.009059673224963346
light:0.011338359369500953
simon:0.05271704808776999
image:0.0720986298103963
give:0.007672845036870152
calculations:0.038135120058239685
unlikely:0.015480281127555864
s:0.008057614037091147
