stored:0.13541038536249217
know:0.017018967250459337
help:0.01475926013821929
polygon:0.12355653913682361
thanks:0.01374749410287009
graphics:0.024267182345791186
way:0.023894797510986804
from:0.005838429340897762
my:0.00655320180227794
to:0.003801928717491947
enough:0.01677343811680963
format:0.055449027683282956
that:0.004784891385303128
think:0.009929296741576242
nt:0.0098493593341026
database:0.03492397868558278
its:0.014260859007132207
anyone:0.011537343100975112
file:0.020955075051437302
this:0.0036205685404925446
best:0.016794317792837476
hi:0.021731149379409686
two:0.012860616776919388
dont:0.03356114938000316
used:0.027233979425336077
orientation:0.03820024351253009
m:0.009440101462869463
a:0.006741744055810183
other:0.009512468881599385
3d:0.06452847487720716
advance:0.02181724977018379
files:0.02282283837646682
are:0.017735486388999324
polygons:0.08753921160075244
concepts:0.034866266618889565
it:0.002364520205103255
should:0.011329738911955031
have:0.0035258662975700197
ve:0.025174257917619784
points:0.07583081976145722
writing:0.027603163759638855
be:0.003989387980258423
which:0.02672880687967278
if:0.009243454065702197
of:0.005363878222503135
but:0.00917632030690221
seems:0.01625163509917985
order:0.058020348851017076
easy:0.022852976305233155
visible:0.03271195844618507
they:0.012867856889761982
direction:0.030470002655445725
indicating:0.04090398204891646
one:0.013562909072767207
in:0.007352263526668571
stores:0.03740868823947886
speed:0.023161828737143317
or:0.004650423846228174
recommend:0.030260546808022974
and:0.003949628425766792
for:0.004487570522925159
subject:0.0001841169440828848
each:0.017558685499038724
create:0.02622652200857668
i:0.007899256851533584
any:0.007057153560612464
program:0.057447588256222246
the:0.005198296620614159
do:0.00495391668211377
can:0.011925048171554667
is:0.001852914668211475
number:0.017256998954467296
drawn:0.03464012990976549
does:0.016806742266724486
handle:0.028016254391232436
little:0.016174749668265268
convert:0.059014896485494336
written:0.02471392371349041
by:0.006830589481497697
