above:0.041567267635550305
mode:0.14615974223199354
at:0.00672492375919413
fast:0.053157220228214314
know:0.00941889408899467
all:0.007282960539284665
programming:0.06698899675058521
send:0.022391962754780326
thanks:0.015216691945924909
graphics:0.02686062168045589
where:0.014102723650639403
your:0.009617803222757728
with:0.004464331120530895
longer:0.02591000769751279
trick:0.03792292426961741
my:0.00725354397962062
to:0.005260302137751263
technique:0.038403939291210804
t:0.03933241305344186
mail:0.02339172141096073
sources:0.0293827402688127
memory:0.07744195937787746
higher:0.028334915366701467
me:0.008271669316065227
greatly:0.02979335228855421
anyone:0.012770341600315963
this:0.004007499529552817
hi:0.024053562290186296
on:0.003870296375872442
books:0.02786822834386382
3:0.017873785836928394
a:0.00213206736770442
how:0.03012281673043796
other:0.010529068609403898
standard:0.06971094367470772
question:0.016664015903413012
vga:0.03443039396378369
advance:0.024148864249440072
video:0.05336963653229042
no:0.008593478902156563
works:0.022710885446952215
it:0.002617217020915816
should:0.012540550704072362
have:0.0039026764362416247
sufficient:0.03492551330883744
bank:0.036348824714019616
mapping:0.042282712284861544
heard:0.020630895873434155
be:0.008831469574617883
svga:0.07922351224982456
uokmax.ecn.uoknor.edu:0.09434410315101353
implemented:0.03815964363406444
what:0.014052551190788262
but:0.005078497879774124
please:0.014621491274085914
called:0.020475225159211706
in:0.004069000806744057
or:0.015442247122971419
few:0.017447538174857148
for:0.007450737318597115
subject:0.00020379356406120838
i:0.0014572420400411827
appreciated:0.02583787877233773
info:0.022483934804522116
any:0.023434059533331466
than:0.010920620474957718
the:0.0028769198854544007
do:0.005483342892416004
interest:0.02788385493639607
would:0.007119462947361649
manipulation:0.04468791111417373
about:0.01503841496674613
different:0.019291732045887387
hold:0.026486874907969617
is:0.010254680415674195
deal:0.025162709860767244
cards:0.030038301254596195
questions:0.023085315551492454
vesa:0.12088745521495871
2:0.014873355359506936
1:0.014950564060493958
advice:0.029693565406360676
nothing:0.019502717568709225
switching:0.04045653145229793
image:0.0565047785791401
resolution:0.03410551141096846
documentation:0.03417652204197848
