form:0.06627924125207564
4:0.09647648559917199
from:0.01643829620252768
carson.u.washington.edu:0.05339121340453736
to:0.001338057436981389
0:0.07116808327127053
that:0.0033680060721793864
divide:0.058392805883805216
through:0.04600899600048207
its:0.020075966563438543
need:0.01865244651939064
re:0.0036304903182346653
complete:0.03595355194460949
exactly:0.031227016051184546
this:0.005096916877392417
on:0.009844831558044463
you:0.010792213386577123
fitting:0.05818400777486383
a:0.004067487745183675
how:0.01277051453620509
y:0.0827838946899963
given:0.05413179726565594
those:0.018018598585316115
radius:0.11162632699609576
square:0.04924675512675114
z:0.09691398327381388
it:0.003328693492621087
not:0.005853495228892862
zero:0.04498654611339428
edward:0.04388437304254975
points:0.17792020817817633
be:0.005616128710072537
get:0.012760912381467206
if:0.013012629509969112
of:0.0018877726753955208
find:0.020548026579353302
one:0.00954670784248177
bob:0.03576703897115631
in:0.0017250456494610725
5:0.0504635512022851
and:0.007413542028947375
subject:0.0002591937562331873
column:0.05614230477645256
sphere:0.176473129182605
the:0.0065861913494189095
when:0.012695868377123649
equation:0.11901996768576165
can:0.008393844586773915
e:0.03020281258304686
is:0.007825416317203803
expanded:0.05533947258378155
obtain:0.04447000207394318
center:0.03171486246090105
does:0.011829988488713836
2:0.05674979277947793
1:0.05704438520169054
x:0.059129320185361205
first:0.01822868766399069
non:0.04815823766926856
by:0.01923175679256633
