24:0.11447136715213939
tried:0.09680825165739597
work:0.06328351449969699
several:0.08807660537710614
that:0.0108407695448274
need:0.06003756223428863
re:0.01168564071181783
on:0.01584402578872781
none:0.11320344476316543
access.digex.com:0.1397644491997928
a:0.0043640753932699845
speedstar:0.381589424014854
driver:0.11499329995269975
modes:0.15524697122874628
works:0.09297268729846063
ve:0.05703542809460732
and:0.0059655846014185915
for:0.020334303932004624
subject:0.0008342799028755718
i:0.011931169202837183
the:0.007066434468647372
24x:0.190794712007427
vesa:0.3299220131908248
diamond:0.1564630779865486
john:0.16759239997386535
