mark:0.07509059910730476
there:0.011472237319714343
terminals:0.07165283172934653
know:0.015423439070728774
graphics:0.043984268001746527
from:0.010582153180377196
wrote:0.03219468718366077
both:0.028071301028852975
reasonably:0.06163056895981226
like:0.029115976587716832
packages:0.12363151506425303
re:0.0046742562847271315
package:0.04859078791320253
something:0.024883266464544036
you:0.013894974735218047
etc:0.029029049843227947
support:0.03423695386916883
m:0.0171101839014509
houston:0.0628864505893577
output:0.05109197736167651
are:0.008036392270015319
co:0.057062321791131444
it:0.012857078615248948
not:0.007536375107199561
have:0.006390632664345661
try:0.03045487090429241
aix:0.14456643479936535
anybody:0.03799493931140869
which:0.01614865415646897
writes:0.008265779887719529
dec:0.06200373099918327
if:0.008376880247042617
of:0.0024305073195717334
available:0.06752659569535575
looking:0.03242356681758305
what:0.023011052574915782
excellent:0.04868831766675484
good:0.04050024628398748
email:0.03429873323709926
in:0.004441992547362262
or:0.008428893221288567
and:0.0023862338405674366
for:0.0162674431456037
subject:0.00033371196115022873
doug:0.16206148067470447
i:0.0023862338405674366
sciences:0.06361887764268336
any:0.025582181657220184
ibm:0.09851167672799167
devices:0.053058480544033226
got:0.027651922770382177
an:0.01122372673202171
different:0.0315902112251406
is:0.0033584078361332988
does:0.015231110179219066
x:0.03806449986932628
engineering:0.04833436866528874
give:0.029540453391950085
tx:0.059214436607755654
s:0.023266360532100686
