reference:0.04289233405768224
at:0.010126034625913001
there:0.021098367484532126
know:0.014182472708716113
mathematica:0.07929495888913324
1984:0.06262817526262751
graphics:0.040445303909651974
with:0.006722153756201693
shape:0.05480375387686443
creating:0.11251357499178999
literature:0.054380604760511375
4:0.028554821887111254
journal:0.056928175566658384
acm:0.07366796779351593
to:0.0015841369656216446
look:0.027254808325010465
might:0.024449254435384437
representation:0.06840551844149892
re:0.004298166698599662
this:0.006034280900820908
3-d:0.06990689984859161
on:0.01165537529285724
you:0.012776988262269468
october:0.06221015636411171
3:0.026913401662501373
a:0.003210354312290563
3d:0.0537737290643393
objects:0.10781169673616675
copy:0.03927140166739474
are:0.007389785995416385
literally:0.060091722823905444
month:0.04567590217686504
it:0.011822601025516275
anybody:0.03493787522888155
writes:0.007600717138132901
if:0.015405756776170327
of:0.004469898518752613
even:0.019300683307655466
what:0.0211595885746352
year:0.028445525473674158
advantage:0.04900425950040012
using:0.025338167570631273
title:0.0482895785239416
author:0.046482847678856395
in:0.004084590848149206
yes:0.030653400810389527
for:0.011218926307312896
subject:0.0003068615734714747
structures:0.0664673263445358
any:0.011761922601020772
program:0.03191532680901236
joseph:0.0469448118234914
the:0.0008663827701023598
transactions:0.07132774991717986
interested:0.03306984155649333
is:0.01544095556842896
number:0.02876166492411216
provided:0.04641339578855798
does:0.014005618555603738
pages:0.05167807898624787
vast:0.05911057513481168
papers:0.05313499514301963
volume:0.0508850574749036
every:0.027955730194682712
article:0.0186283420762437
useful:0.044072266862970555
hundreds:0.05397248190468482
s:0.007131451504092164
