own:0.04276397425562255
with:0.0220689576146999
rumours:0.11348035860437619
such:0.03628334346165658
to:0.005200751547512569
been:0.02768378089097055
make:0.03320906572357931
like:0.04394864390598766
re:0.007055481184493784
this:0.00990532902587583
bus:0.07635929531614455
numbers:0.06656117737733393
products:0.07641673196484695
includes:0.07108970512136507
more:0.047978076446065124
other:0.02602467901569643
was:0.01670681385096954
as:0.015096493589000348
given:0.05259976526757134
chip:0.0609887614679863
3do:0.12092666411388465
licensed:0.10327646320856625
it:0.012937940744904602
have:0.009646237983917979
making:0.05801145643155478
of:0.003668690293693182
in:0.003352447205556424
or:0.025445715385022088
subject:0.0005037161677739301
exist:0.0686136693546435
the:0.0056887019621815315
because:0.03329664714895309
extra:0.07329576810360851
68:0.10257322934446754
i/o:0.0973767768942795
about:0.018585210949469275
number:0.04721254430939166
core:0.09302727390160341
does:0.022990354987500475
their:0.028560068275126676
ports:0.09288904673005487
range:0.07546332048093723
s:0.011706344921811666
confusion:0.09772945864922578
