some:0.023827283165986816
know:0.025181125013434728
graphics:0.14362209959753966
church:0.07647501714466955
me:0.022114054702133564
anything:0.04737226837386538
prefer:0.08380669602126205
this:0.010713927313702428
you:0.011342836518545342
products:0.08265483253340589
am:0.03335380319798705
commercial:0.08502748163781125
related:0.07865589766594222
inform:0.11801341616274721
helpful:0.09478782390316748
files:0.0675369707058712
are:0.013120640440841337
have:0.01043368598260516
boards:0.09547580466525547
suitable:0.10495142932099216
quality:0.07845232327702754
be:0.01180533177831574
which:0.05273029928642929
if:0.013676539178845086
of:0.007936350431254638
wayne:0.19071903704011758
looking:0.05293643562054375
but:0.01357720861735531
nature:0.07780439065836264
please:0.039090109324597035
vector:0.12365124017556677
good:0.03306142553794896
email:0.05599793181567226
in:0.003626116365193683
or:0.013761458320471128
use:0.03393427607647649
for:0.01327954542498261
subject:0.0005448358549391489
i:0.0077917839691997925
would:0.01903366624702808
bulletin:0.11170719489906146
donald:0.11276759773438208
by:0.020212968873819716
