pc:0.03967669121426051
at:0.005243839359847804
fast:0.10362493824250112
k:0.022551553906259895
final:0.022956240459741636
know:0.007344494795585129
help:0.050954588572423735
all:0.0056789751824184
codes:0.065467797388897
graphics:0.0837795580985648
own:0.013491015687785685
text:0.021527165078771233
way:0.010311742973491328
c:0.015393438663267617
miss:0.028725122414917315
drawing:0.05646707112734326
my:0.005656037269823222
to:0.0032814265716448352
important:0.01870457912484061
t:0.015334958660716916
enough:0.028954149130207094
class:0.023620057569458345
that:0.004129816969458057
think:0.008569928735289018
mainly:0.028646800482908318
complete:0.022042951489849867
ps:0.02681882335011735
this:0.0031248954664965414
routines:0.06223785578190206
programs:0.02103084597794355
hi:0.01875605154770479
on:0.01508954837021696
you:0.0033083273179090587
machine:0.0193619009185973
am:0.00972819259941289
card:0.018219692538775246
m:0.008147706619738524
a:0.0016625049117218987
other:0.008210166594237563
resolutions:0.03421878476368412
related:0.022941303485899817
also:0.008830340069521228
vga:0.026847509578902758
based:0.017981565547027036
far:0.014817726619770247
are:0.0038268534619120566
reason:0.015906023357193617
not:0.0035887500510474097
ve:0.01086389106563949
stay:0.023504152192001082
assembly:0.061330387146332016
hope:0.017193223438333603
screen:0.02225182839348838
800x600:0.035304032125552894
be:0.006886443537350849
fastest:0.033473766055624556
svga:0.09266321522077695
thinking:0.020735276987194375
of:0.0023147688757826027
short:0.020612963485840876
seen:0.015431338634656861
reasons:0.021645979022595862
looking:0.03087958744531719
what:0.005478822041646614
but:0.003960019180061966
lines:0.02103084597794355
please:0.011401281886340802
beginning:0.02410765948891005
code:0.038577529884901145
email:0.016332730112904408
in:0.0031728518195444726
become:0.01971561175473302
speed:0.03998172817721168
or:0.008027517353608158
and:0.0011363018288416363
molecular:0.07451882695315384
for:0.015492802995813047
subject:0.0001589104576905851
purpose:0.04477239871600698
i:0.003408905486524909
appreciated:0.020147393566525253
any:0.006090995632671472
platform:0.03111892789095103
circles:0.03321678884214117
program:0.016527579954667113
later:0.019020309696176806
the:0.0017946500237834594
would:0.011102971977433047
can:0.005146226145462579
generic:0.03281170870377799
may:0.022155065802855128
simple:0.019638027124739527
remarks:0.033386868440022456
different:0.015042957726257427
draw:0.0251351162904993
is:0.006396967306920569
cards:0.023422723002095844
write:0.019370082886830436
else:0.015039001341297957
type:0.019288764942450572
presumably:0.02934788998086298
vesa:0.03142114411341188
expected:0.02469862061737103
2:0.023195351810659626
1:0.011657880309075646
slow:0.0244436196728681
too:0.011622130165860098
very:0.0311293302104187
project:0.02292640390126816
trident:0.03693758477853957
share:0.024291958450838428
