go:0.017526416682829973
say:0.017094999768176068
there:0.008268279149343671
send:0.02642655063852453
means:0.0255368938778266
youve:0.07877917219687319
with:0.005268715106212138
my:0.008560488840813524
to:0.0037248625948400837
line:0.15263804047599938
w:0.02787694463990409
mail:0.027606445989512216
that:0.009375800687418293
r:0.02792990780837054
through:0.04269303232477165
nt:0.006433140105607554
july:0.044352427717954127
this:0.004729571516859631
93:0.03298212158382344
etc:0.020921837724848968
a:0.007548670950521055
other:0.012426198088575773
was:0.007977127334246718
given:0.025115203235867398
lets:0.04174427251963614
third:0.032907972942953924
are:0.00579199442883987
it:0.0030887876553150626
have:0.004605861379708584
second:0.02477203402389429
after:0.017380303492477038
mohammad:0.11435302416314509
be:0.005211362676914156
which:0.01163866966231998
down:0.021300590783361783
of:0.007006867948314907
trying:0.024291245252868434
even:0.015127562592486718
ok:0.029404046761359746
please:0.017255994206353646
necessarily:0.03502038768519101
up:0.03630973973925364
in:0.008003590175427499
total:0.03298212158382344
cross:0.08252991375884951
and:0.005159424520145809
for:0.0029310708370457114
subject:0.000240513125153318
khan:0.1061595798908037
any:0.018437608401600133
the:0.005432454126047229
when:0.011780850836430053
got:0.01992931370838355
can:0.007788882814754174
friend:0.03129008486209735
10:0.104157540825087
problem:0.019059146775185443
15:0.03010640299081661
is:0.002420474116132107
9:0.1283183299324334
center:0.058858213215726284
figure:0.0332657444511239
does:0.02195475341148694
1st:0.040547442797803805
under:0.021867778622573327
count:0.038408743932746035
