at:0.0068825391598002425
knowledge:0.02888102456915731
thanks:0.031146666326815047
truly:0.03404924585179983
simulation:0.04633654216478818
turn:0.02673029792745715
post:0.020176389097118597
to:0.004306872375283846
value:0.029170725154348966
lance:0.0464943758157063
like:0.00909874268366151
along:0.027296573524540898
phase:0.042862434186183136
me:0.008465536565660505
so:0.007982895292069688
this:0.008202850599553422
something:0.015552041540340022
on:0.007922012894363905
focus:0.03905401028173783
you:0.008684359209511279
etc:0.018143156152017465
rotation:0.042762910547296966
m:0.010693864938406813
a:0.006546113089904977
how:0.010276273415852534
want:0.014785921622751419
related:0.03011046082524351
technically:0.04338000751072377
video:0.08193073108277396
d:0.01423315798732059
wild:0.03691489523518967
it:0.010714232179374124
not:0.014130703325999177
have:0.003994145415216038
color:0.08659293999851686
equipped:0.04382026482752948
whose:0.02924048008203882
netcom.com:0.0502974246050178
without:0.017556331912519492
analog:0.04209963364271504
if:0.005235550154401635
of:0.0030381341494646664
monitor:0.029275592500693812
what:0.014381907859322363
negative:0.07715352537629068
surprising:0.04256758787381714
continuous:0.04681994375633574
please:0.014964182475822303
in:0.004164368013152121
point:0.017199499697344224
system:0.017462674447207227
or:0.010536116526610708
and:0.0029827923007092957
for:0.002541787991500578
subject:0.00020856997571889294
space:0.07166045525421336
i:0.004474188451063944
info:0.04602180405300621
any:0.015988863535762614
information:0.019053291285029413
creates:0.042762910547296966
reverse:0.11753406246606402
the:0.003533217234323686
see:0.013823326261024813
zoom:0.04751484599083961
effect:0.05416208522847509
may:0.014539261933123679
simple:0.02577491060122063
manipulation:0.04573528403091218
interested:0.02247715793292906
is:0.018891044078249805
write:0.02542323378896495
e-mail:0.021481998255095832
very:0.027238163934116363
data:0.02292457518129541
summary:0.03360810044814536
