out:0.02739946742047581
send:0.0682173749040982
thanks:0.023178914475769336
your:0.014650374676526308
from:0.019687726847213385
name:0.03211898262593315
my:0.011049003038724433
to:0.004807671488688945
h:0.04108351307319205
me:0.012599868376797031
joel:0.06350085776566454
this:0.006104446957807198
these:0.01926320898952259
3:0.054452696386921386
a:0.006495368027192535
jeffrey:0.06394529047287616
as:0.018607306051558567
watson.ibm.com:0.06785775834056468
career:0.11238290949825062
cliff:0.2714310333622587
computer:0.062341928027100355
book:0.03615928500794969
d:0.021184235143919018
have:0.0059447745714843354
probably:0.027758415291037307
left:0.03400471143605304
free:0.033575672024706224
be:0.006726293687645015
of:0.013565622248772464
future:0.0815001470771593
programmer:0.05928102644369515
in:0.002066043045284773
and:0.00665925722949052
few:0.026577063964026586
for:0.003783126312931093
subject:0.0003104297313025383
until:0.03326936889958888
i:0.004439504819660347
the:0.002629370965078092
interest:0.04247424414730099
forum:0.059382580861936485
development:0.04520073294251398
just:0.013655680970533558
address:0.03712582969690245
stewart:0.06440738731763794
techniques:0.05529655892196103
including:0.03697636868058407
current:0.036770299113149045
readers:0.05290459974182024
2:0.02265592502436522
run:0.031125981725434824
1:0.022773533627031495
art:0.05362781146123775
purposes:0.05147674418972806
researchers:0.06556288119918682
by:0.0345500747029244
happy:0.044163896377732804
include:0.039087479921448856
