library:0.13222448184319516
libertarian:0.0570974715234151
some:0.024579723687017982
silent:0.055456730779133157
at:0.009273315920572959
graphics:0.07407876716083625
such:0.020242286352292617
hacker:0.05967066455395153
to:0.0014507359579903482
building:0.040004921777248965
line:0.029724249987431457
w:0.03257200900030899
h:0.03719139078204754
been:0.015444635654962518
that:0.007303255272304775
think:0.030310484790074848
need:0.020223178857865644
re:0.003936215818717585
package:0.04091855824269686
recommendations:0.05672371690807921
supposedly:0.04883256542572881
jon:0.0873551213414386
something:0.02095432965435287
on:0.010673870005037682
you:0.011701031355973092
etc:0.02444551565745511
m:0.014408575917011284
a:0.005880017371984821
3d:0.09849083007573724
as:0.008422254318073879
mac:0.07223751862760286
it:0.003609004523578652
ve:0.019211933673972992
relate:0.06069013640647698
has:0.011208152356700536
cad:0.06560192094607166
disc:0.0658903312006834
which:0.013598866658079134
seek:0.05115256611381786
writes:0.0069606567475532875
of:0.0020467430059551437
but:0.0070029812868464235
order:0.029519124854026232
please:0.04032453382958431
called:0.028234257851123514
clear:0.03471316570722751
in:0.0037406253030419045
recommend:0.04618715039119296
and:0.00401892015253463
for:0.0034247248727586736
subject:0.0002810205988633505
tasks:0.06087007781025909
offer:0.03700172230307198
i:0.010047300381336574
the:0.0007934242210411084
wrong:0.027825495335051163
cellar.org:0.13237373349540252
can:0.03640277862895635
an:0.009451559353281439
is:0.0028281329146385673
hidden:0.053756862675016184
handle:0.04276165143924951
atheist:0.04810632467323459
animation:0.05567603695705781
removal:0.11999927739220001
full:0.03252276298866582
before:0.02238099228655415
magnitude:0.0610531487861735
99:0.05601380868917887
