basically:0.07134920996814338
go:0.03537149548716595
ask:0.052992046988297584
tried:0.056324800964303104
rick:0.2625088626070144
where:0.03359012360425021
your:0.022907858585113863
with:0.010633225032537224
to:0.010023266618842406
mail:0.05571482736065192
its:0.037596810109712185
seattle:0.08847939382000833
he:0.028911512864004275
used:0.035899336515215735
a:0.002539098410629809
same:0.03531078819142931
wa:0.0911779393676133
d:0.06624888081371037
it:0.006233735086181308
ftp:0.06897030813252863
received:0.07035074164821402
site:0.07101025813524739
host:0.08703371994859499
never:0.04007162237930655
email:0.04988906652668983
in:0.0032305400344452813
message:0.059042179791994935
and:0.013883542345119631
subject:0.00048539921621851447
i:0.003470885586279908
information:0.044342205172432085
program:0.050484244225165
bcstec.ca.boeing.com:0.22565506337435082
the:0.005481840072647658
an:0.016325420701122487
problem:0.038464823491737896
paul:0.05954586347471013
unknown:0.08580248042032317
recent:0.0690562743360913
time:0.028718363089158427
provided:0.07341755333826444
resource:0.09018724508972112
