some:0.01269061820797124
since:0.02174806112395306
ideas:0.039097756924342066
programming:0.04769325312134056
with:0.006356819312929862
method:0.0867586504944904
4:0.02700292939324651
from:0.027605616992288334
post:0.02807149787425196
to:0.004494127695948361
technique:0.05468387007770234
everyone:0.0332338343207946
approximately:0.056300666395749634
offset:0.20150669857798
months:0.036910810217171956
its:0.04495270773987326
greatly:0.04242314293261523
had:0.0166783531052406
this:0.0114126617037265
hi:0.03425018108711309
two:0.020269450354927297
on:0.005510965491731412
you:0.006041293363138281
a:0.0030358785344486846
how:0.014297423882925264
other:0.014992478128607725
failed:0.04605759061114169
let:0.02505584502992201
given:0.030302038686753054
solved:0.05909109951366065
others:0.02930791546813474
pressure:0.04783350752173086
suddenly:0.05297051198853296
points:0.07967731061892244
determining:0.06446823257709659
be:0.006287622360189905
which:0.014042307962146932
of:0.0021134846257145506
but:0.007231339372287068
year:0.026899573002278823
using:0.02396109324614044
please:0.020819732140274508
find:0.04600971168855196
our:0.02423668938022167
5:0.028248618336061772
use:0.018073690518992915
for:0.0035364006838268913
subject:0.00029018431404367716
i:0.00829994379327804
example:0.03055825156258592
appreciated:0.03679089259974177
sphere:0.0658577257456823
any:0.011122687677052252
will:0.012318536357644395
the:0.004915780499928606
original:0.03354530449210304
can:0.009397456439540363
quickly:0.04613780916872454
last:0.023697419044124975
problem:0.09198109965415584
here:0.01956957506112387
people:0.016361664566012145
interests:0.05351216822492291
is:0.002920354640115912
deal:0.035829510780005534
spent:0.047193936869307666
under:0.026383950294626514
by:0.01076560298714311
share:0.04435922847544409
