at:0.011591644900716198
thanks:0.026228771643633724
with:0.0076950970630203595
much:0.022989432494209622
ca:0.02705984994858317
from:0.011139108610923362
to:0.0036268398949758705
add:0.0904268530645189
usable:0.07631643598271688
ms-dos:0.06815343826853902
interpretation:0.06170801063188491
format:0.10579090807994773
technical:0.05048351635420131
nt:0.009395770417400506
its:0.02720821784255487
need:0.07583692071699616
articles:0.055419587114469294
unix:0.052139044948951746
on:0.020013506259445653
books:0.04803602517166001
specs:0.19128505771408885
magazines:0.06987501196536548
a:0.00551251628623577
also:0.019519699101046926
stuff:0.03846600727202134
advance:0.04162501600890328
d:0.047943269009921984
have:0.0067269817519428005
references:0.054333784171206094
be:0.007611332330756201
get:0.017294394411725294
of:0.0025584287574439294
least:0.03167976819350635
present:0.04769079319512241
they:0.012275258217207152
in:0.007013672443203571
system:0.02941082012161217
or:0.017745038360607507
and:0.0025118250953341434
for:0.004280906090948342
subject:0.00035127574857918807
i:0.007535475286002431
quicktime:0.2556238647053115
the:0.003967121105205542
do:0.009451551564559166
would:0.012271705869794421
apple:0.049912722990645725
too:0.025691024577164427
nice:0.041575519167825765
very:0.022937401207676938
murray:0.14120430494849542
james:0.09104194125360597
