some:0.008399545864268736
read:0.016309374546028214
pc:0.023977281021567504
choice:0.05427859963336033
there:0.006602726514943507
formats:0.0362523694804876
thanx:0.03491127924994458
know:0.00887679946516764
where:0.013291056102401165
jpeg:0.041601851740824564
from:0.018271343620795157
both:0.016156144477037684
several:0.020276628576024438
to:0.003966040748462823
within:0.023283814505919553
format:0.1156850217852666
database:0.036431488556902904
so:0.007351155376869929
file:0.02185961066516841
this:0.0037768520746145253
these:0.011918244410783761
on:0.01823772752659316
products:0.029137315065733017
am:0.011757815515837163
working:0.0227952446813425
support:0.019704721651320187
a:0.00401871690891049
want:0.013615812717353825
as:0.01726865093993565
standard:0.04379920202103938
course:0.01759821438776992
mind:0.021796084913741996
files:0.04761599373507467
are:0.009250523476276626
it:0.0073997574764022725
being:0.01399858942392193
kind:0.01982393307167669
settle:0.04004628980938833
be:0.00832318355593484
which:0.00929418944257207
if:0.004821226041463377
of:0.00839311880139879
what:0.01986565689920787
years:0.01604154980561434
seems:0.016953144527921425
net:0.023849945934521458
now:0.011884276243728377
moving:0.03051065886072901
use:0.011962442645664375
and:0.00412011598371356
still:0.01468855454841401
for:0.009362557206102849
each:0.01831661436950083
however:0.01724531585753175
i:0.00824023196742712
we:0.009695999321683238
info:0.021189895391312212
power:0.019437807771011093
any:0.014723557788328163
quicktime:0.09317704420913034
than:0.010292095555535691
the:0.00271134176255055
do:0.005167754812276955
can:0.0062198992261706
may:0.013388672859279359
forms:0.03443780285735773
come:0.017274774636470567
apple:0.054580819385454324
10:0.020794041423713414
including:0.022877465514605972
different:0.03636283306491004
is:0.0077315863853428465
picture:0.029428257292772663
new:0.012402874567507532
does:0.008766106577967808
their:0.021779620411247685
guess:0.02155508822255866
various:0.025644453081692005
count:0.030671730766437484
art:0.03317979701918307
going:0.031335477468340756
project:0.02770961047059749
motion:0.036803687653299944
s:0.008927140731741272
