mode:0.021393213667476152
okay:0.024054559416215066
at:0.004921592248348777
correct:0.01828054435855558
boy:0.02533426092245714
there:0.010254513805331256
79:0.03102034056632761
tel:0.022712000443007693
viewing:0.030508791999146096
thanks:0.011136238239755101
graphics:0.05897332022580539
where:0.010320987699629955
switch:0.023754823586649026
text:0.04040853333221863
with:0.006534384098207233
way:0.009678060444394097
hell:0.019069167175876513
to:0.004619661989131277
remember:0.015545385678889564
that:0.0038760293344634283
view:0.01902429470829403
think:0.00804328506999193
quite:0.014839102693348611
like:0.013012726966577355
nt:0.0039892656520806626
need:0.010732972019537632
re:0.0020890530881462043
package:0.043433106514594436
rahul.net:0.07125546927062912
so:0.011416878183071733
this:0.005865725568395743
best:0.01360433564224265
cview:0.0749453205205797
on:0.0028324515376496645
you:0.012420089148798254
am:0.009130370707828859
etc:0.012973877024906344
includes:0.021048907102974017
answers:0.02341123587850493
bryan:0.059215705254201445
a:0.003120679610829933
other:0.007705631216938049
sorry:0.017750931199657122
want:0.031719519011936
question:0.012195452979592762
vga:0.02519766262154002
learn:0.021284995423029227
doc:0.03102034056632761
xv:0.029548734697879848
are:0.003591683696096232
no:0.006289082325041955
51:0.02699701177890937
it:0.007661573848937921
not:0.0067364246768264234
have:0.00285614867680253
able:0.014734442603970218
exists:0.02084711208390142
love:0.01828054435855558
without:0.03766274555534908
be:0.003231627134846209
svga:0.028989609231081057
writes:0.007388406603548183
get:0.007342871370341466
if:0.003743857093650331
of:0.0010862602545571992
what:0.005142134653612465
but:0.0037166660460916773
least:0.013450627836349063
easy:0.01851218750982574
windows:0.04604257845961176
email:0.015329042787530396
in:0.005955744197580686
processors:0.032115954415077835
required:0.020909393578217705
ho:0.032704560647803124
or:0.0037671031156596944
use:0.018578542209467575
and:0.0031994196745038254
word:0.017144561542812395
still:0.011406195990109202
for:0.0018175914129166144
subject:0.00014914501056993463
however:0.013391613989926889
76:0.029789055284939567
i:0.004265892899338434
similar:0.017680213898696655
possible:0.014396489513768615
stupid:0.0215736658729975
any:0.005716688638484957
will:0.012662629551992004
the:0.0004210910670329905
do:0.00802589853526812
can:0.004829977611383874
because:0.009858783792706782
linux:0.1787343317096374
regards:0.02306909272073555
fancy:0.029850786213356247
simple:0.01843122098858235
gif:0.05233569947828496
is:0.007504821980186142
gifs:0.06848635012085727
viewer:0.059952665788188
write:0.018179742597695607
sean:0.05725811766732892
viewers:0.03481666195461904
run:0.014954382281493827
x:0.05103620094211345
nice:0.0176521757360601
under:0.013560466073215862
image:0.020676329591808252
article:0.004526999331377659
very:0.009738784870298589
33:0.025765317238360036
comes:0.016894839872879954
going:0.012166568067316662
x-windows:0.03240250913232672
