divine:0.07401307179893532
out:0.01707503042145594
forgive:0.08171605482797198
thanks:0.028889661520524103
graphics:0.05099625275564815
targa:0.09543483861593552
into:0.025953679753367917
work:0.029348876289714547
to:0.005992170261264482
that:0.010055206534332662
like:0.016878827007372074
nt:0.0103489645177165
perfect:0.058696910059954914
need:0.027843507123148353
getting:0.039307269162676614
multimedia:0.08781030099424307
card:0.04436099052919191
m:0.019837894378493797
a:0.008095676091863159
was:0.012832770059440371
video:0.10132496211202964
should:0.023808871626572168
buy:0.04357740761223139
craig:0.26463685468350817
be:0.016766992960506415
thinking:0.05048589179490805
of:0.002817979500952734
looking:0.03759254123777745
what:0.013339740623139583
but:0.009641785829716091
windows:0.07962919366444932
in:0.0025750681433984127
and:0.00553329586218536
subject:0.00038691241872490284
i:0.01106659172437072
will:0.01642471514352586
originally:0.06593906634487741
do:0.010410404621833284
would:0.01351666153774458
home:0.042454536983497805
an:0.013013016500894736
ready:0.06109390273667241
human:0.046461483641109795
is:0.007787612373642432
cards:0.05702923861379858
does:0.017659258178804715
advice:0.05637474011932244
under:0.0703572007856707
workstation:0.07712046123872453
little:0.033990415969542956
s:0.008991830157333599
