at:0.008310990683532369
out:0.005557439146605943
say:0.017901367681769278
there:0.004329146158382771
essential:0.023926489519129093
with:0.0027586197018374873
much:0.008241494667735525
cambridge:0.02204064343152302
rumours:0.028370089651094048
c:0.012198574035042263
from:0.007986530702171467
to:0.003250469717195356
obviously:0.017367420192575266
real-time:0.028072075964200027
stop:0.015679024125380366
then:0.007527737498942468
mhz:0.022288238632567348
clock:0.020236513290563283
boot:0.023153898440520477
ii:0.017317923609009987
software:0.013282008907930454
latter:0.021908506468184936
williams:0.05030415939626587
memory:0.015951095406449598
bit:0.025708341491091507
like:0.005493580488248458
really:0.00920469690184399
talking:0.015375901794161642
nt:0.006736590110589042
re:0.001763870296123446
flat:0.02329163030227643
eat:0.021298227517601187
michael:0.014173090573932496
so:0.009639722616838868
ps:0.02125265246613073
040:0.028688208900129575
this:0.007428996769406873
off:0.020598655169399533
slower:0.04610635231056389
on:0.004783102124898961
you:0.002621693346267556
orion.oac.uci.edu:0.025418646727677
used:0.009313507114796536
working:0.014945938729748146
support:0.012919605233648612
8:0.013926845671574841
3:0.022089301364505844
m:0.00645667317035883
beat:0.020499680081263353
sure:0.010292660472449073
a:0.004611098528738097
how:0.012409084879520041
same:0.0091608176911727
was:0.004176703462742385
running:0.014280473643616518
part:0.011552934492515458
standard:0.014358700662557719
surrounding:0.02570118513136129
science:0.015951095406449598
3do:0.06046333205694233
computer:0.02528965004872939
are:0.003032600856609554
displaying:0.026457518386432892
18:0.01823938440199575
not:0.002843915134792287
should:0.007749113878459809
couple:0.01488675374837037
have:0.0024115594959794946
being:0.009178320424175226
frame:0.022794646737852718
only:0.006290265274855125
ben:0.026457518386432892
whether:0.013478578230574644
kind:0.012997767438504998
university:0.011086509913201197
against:0.01218528675546154
hopefully:0.021805398950201452
after:0.009100064564457317
25mhz:0.05505440771026945
robert:0.015072698249800488
has:0.010045042206476895
25:0.017347559190045343
be:0.0027285908355541098
which:0.006093831757158103
writes:0.0031191622217809543
showing:0.02025483168691421
depends:0.020310217620294793
things:0.010541160038397404
if:0.006322173771352918
of:0.0027515177202698865
what:0.008683416066005955
but:0.003138128406841558
saying:0.014229033863039807
using:0.010398210276626983
up:0.006337077218643324
box:0.014945938729748146
postscript:0.023730736071455732
pants:0.029659209155809524
in:0.002514335404167318
system:0.010543501553030778
speed:0.01584181682493293
or:0.003180714423127761
and:0.003601862400856508
for:0.003069328895396924
subject:0.00012592904194348253
i:0.004502328001070636
faster:0.01839764635563364
6:0.013860139776222614
we:0.006357282574122499
cd-rom:0.0243007194353391
rate:0.018323942025902127
pay:0.015720953122631522
20:0.02966822970193981
than:0.006748119255752175
the:0.005333158089545186
do:0.0033882920703136635
see:0.00834615925193951
around:0.011166011477139791
got:0.010434687837880065
colour:0.04989833500868389
arm:0.2125536153779528
movies:0.026667196511767015
cache:0.022889942527086305
about:0.013938908212101956
unit:0.020236513290563283
is:0.005069294846993659
does:0.011495177493750237
run:0.01262657749239337
16:0.01644807897087331
too:0.009209989942757058
nice:0.014904431399786594
resolution:0.0210746320511173
supposed:0.01721082552554887
article:0.003822324907153778
very:0.016445683884749502
little:0.011062918405181435
mike:0.015072698249800488
high:0.013194923705856232
processor:0.023053176155281945
