another:0.03213775841142868
some:0.016920824277294987
mp:0.08047305741119772
to:0.001997390087088161
most:0.02690718063720345
me:0.03140836754795782
re:0.005419427576495225
so:0.01480884923746261
phone:0.04257024820593578
recently:0.04796103716793752
you:0.016110115635035418
tell:0.03492789932786163
want:0.027428956053799733
as:0.023191714788899084
ridiculous:0.07233434983480312
fake:0.08625043629580299
far:0.07215588614844642
it:0.009937838543187593
probably:0.03459744514535085
interesting:0.04736267481045525
ve:0.026451213029383105
dig:0.08431519872153455
selling:0.06043155268622522
be:0.008383496480253208
which:0.01872307728286258
get:0.019048898192624963
were:0.022482656485105786
if:0.01942464984821476
of:0.002817979500952734
seen:0.03757195493655584
vancouver:0.07145573212731857
virtual:0.2146880706122871
they:0.01352057426822817
up:0.03894088030006912
clothes:0.08457633648244293
in:0.0025750681433984127
and:0.00276664793109268
subject:0.00038691241872490284
i:0.00553329586218536
example:0.04074433541678123
the:0.002184791333301603
would:0.01351666153774458
can:0.0250598838387743
just:0.017020124108201244
clothing:0.18395921278418992
company:0.04878446434248333
reality:0.12146699194934442
is:0.003893806186821216
opened:0.07376101755673432
spot:0.06993942848849433
their:0.021937443747561073
e-mail:0.03985066342974299
although:0.045793325460213884
mike:0.046310319260256576
s:0.008991830157333599
