some:0.016920824277294987
all:0.013827070009366539
document:0.06601207785255794
thanks:0.028889661520524103
where:0.0267747362062864
fax:0.04432816434613608
into:0.025953679753367917
to:0.001997390087088161
like:0.016878827007372074
through:0.034340047739490245
nt:0.0103489645177165
could:0.021871147178638514
sample:0.06830727083475303
flat:0.0715626902040957
phone:0.04257024820593578
this:0.007608441135817667
brain:0.06390403476763469
m:0.019837894378493797
a:0.0040478380459315795
screens:0.08307574693257568
ms-windows:0.15939985451209707
as:0.011595857394449542
helpful:0.06731309233703199
ontario:0.06883116234368508
it:0.01490675781478139
follow:0.05473901902054037
university:0.03406290002316889
has:0.01543151411429784
screen:0.05417836478414562
writing:0.0580066484804005
be:0.008383496480253208
which:0.01872307728286258
please:0.027759642853699345
find:0.030673141125701308
up:0.01947044015003456
and:0.00829994379327804
for:0.004715200911769188
subject:0.00038691241872490284
i:0.00829994379327804
group:0.03908863673632819
program:0.040241064237450365
the:0.002184791333301603
do:0.010410404621833284
enormous:0.08457633648244293
see:0.0256432719045098
would:0.01351666153774458
can:0.01252994191938715
an:0.013013016500894736
human:0.046461483641109795
fish:0.07969992725604853
is:0.007787612373642432
grant:0.19673827863812243
lot:0.03592106359804914
e-mail:0.03985066342974299
very:0.02526438393889054
documentation:0.06488586068839393
include:0.04871772859774785
