some:0.03243157986481539
out:0.032727141641123884
ideas:0.04995824495888153
there:0.012746930355238158
know:0.01713715452303197
swap:0.073907108687111
i.e:0.047979708291325036
your:0.017499058641406422
with:0.00812260245541038
rayshade:0.20217086236276377
from:0.023515895956393765
post:0.03586913617265528
colors:0.06333189824698673
perhaps:0.04011752135611174
that:0.004818119797701067
like:0.01617554254873157
could:0.020959849379528574
re:0.005193618094141257
anyone:0.046469854156705306
on:0.021125367718303745
you:0.00771943040845447
input:0.05926599026909328
computers:0.06024678981373152
m:0.038022630892113114
ray:0.06024678981373152
other:0.019157055386554316
coming:0.048286527149855485
are:0.008929324744461465
d:0.025303391977458824
ve:0.02534907915315881
machines:0.054804812984504056
if:0.018615289437872478
of:0.0027005636884130367
what:0.012783918097175433
using:0.030616952481179453
up:0.018659171810449786
code:0.04500711819905134
or:0.009365436912542852
use:0.023094160107602055
and:0.005302741867927637
for:0.004518734207112138
subject:0.00037079106794469857
values:0.059318699588100945
i:0.010605483735855273
the:0.003140637541621054
users:0.05484302178133586
got:0.03072435863375797
rgb:0.0748437931426045
here:0.050011136267316555
interested:0.03995939188076277
gifs:0.08513233799745451
steel:0.073907108687111
having:0.036345713783616125
trouble:0.05298363725403243
check:0.04596266061927346
s:0.0086171705674447
