pc:0.10099521399993586
out:0.03570233633577151
bbs:0.12263765611380792
where:0.05598353934041703
from:0.02565370467970229
to:0.004176361091184336
gl:0.36193329646140254
me:0.032836020618319535
310:0.16953348971126284
on:0.015363903795129998
specs:0.29369018962163135
arthur:0.8095895048773891
files:0.10028216862386938
found:0.08104607591687871
find:0.06413474962646637
point:0.06671321094727457
or:0.02043368053645713
and:0.011569618620933026
for:0.00985905645188103
i:0.005784809310466513
the:0.004568200060539715
can:0.052397938935619
somebody:0.11502206737802288
s:0.018801099419879345
