fast:0.06330541681723705
k:0.06888474647730296
ca:0.03739179265622402
from:0.015392222807821373
to:0.005011633309421203
us:0.03745229793063629
williams:0.09694983447280331
like:0.021175255700157693
nt:0.012983246394953426
re:0.013597836464660746
file:0.055245197862880166
path:0.08065324783747116
cview:0.24391295223970483
temp:0.1078377708562343
answers:0.07619293131367967
bryan:0.09636010218638234
how:0.02391569085871135
those:0.033743920987046545
works:0.05409319988274073
it:0.012467470172362617
not:0.021924000311853268
have:0.009295465693593687
of:0.0070705667478450415
but:0.012096058586371096
well:0.0611951967328489
who:0.02351005225879724
in:0.0032305400344452813
floppy:0.08009129261086977
use:0.03023235504995178
and:0.006941771172559816
subject:0.00048539921621851447
create:0.06914264893170216
program:0.050484244225165
the:0.006852300090809573
users:0.07179450124102149
would:0.016957266292806836
because:0.0641717199598005
about:0.0179093850967613
current:0.05749537679510578
is:0.004884956852557526
majority:0.07495979319842948
s:0.011280659651927606
