out:0.02739946742047581
formats:0.11718789204157619
all:0.0443752479370368
graphics:0.08183119628231911
allows:0.09610868337549217
your:0.029300749353052616
into:0.04164660239493922
from:0.019687726847213385
to:0.0032051143257926296
basic:0.08882913510604651
database:0.11776690486998845
re:0.008696290762283036
tools:0.10347611293415514
great:0.05863373694727155
a:0.0032476840135962676
ms-windows:0.1278905809457523
price:0.07279405120567356
processing:0.11030776685341476
files:0.07696073406017882
it:0.015946764173952185
has:0.024762197067129094
screen:0.08693737604897785
be:0.01345258737529003
and:0.004439504819660347
for:0.007566252625862186
subject:0.0006208594626050766
until:0.06653873779917777
special:0.08129560913639587
don:0.10368849627283591
the:0.0017529139767187279
major:0.07619599936553005
may:0.04327966342883328
viewer:0.12478519972192618
does:0.02833694917064012
image:0.25821369746048906
check:0.07696073406017882
s:0.014428750717581821
99:0.12375143780167425
cup.portal.com:0.12531983968064012
