obvious:0.09158686461671457
24:0.08721627973496333
k:0.09020621562503958
viewing:0.13002556590112263
with:0.013924461352132078
my:0.022624149079292888
to:0.0032814265716448352
that:0.008259633938916114
williams:0.12695811657152814
bit:0.06488295709656428
re:0.008903345304242156
file:0.07234490196329545
cview:0.3194098184091373
temp:0.14121612850221157
answers:0.09977645767267576
bryan:0.12618584810121497
based:0.07192626218810814
works:0.07083633317977953
it:0.016326449035236758
only:0.03175086281593539
properly:0.10251824132148801
well:0.04006828357507963
windows:0.06540969479579765
use:0.03958998875588924
and:0.004545207315366545
for:0.007746401497906523
subject:0.0006356418307623404
cd-rom:0.12266077429266403
creates:0.1303250607155717
impossible:0.09800601559366275
the:0.003589300047566919
thing:0.053903153217260864
an:0.021378527108612776
problem:0.05037060219156153
is:0.012793934613841138
picture:0.09739351818322381
viewer:0.12775627590578156
non:0.11810234476034909
