library:0.28876610977249517
media:0.27251422004794906
knowledge:0.2549497341277335
graphics:0.12133591172895593
from:0.029192146704488813
contents:0.17183751717790902
file:0.10477537525718653
a:0.004815531468435845
are:0.022169357986249156
ftp:0.13080575680307158
available:0.18628026398718828
now:0.056962565444077386
and:0.006582714042944653
for:0.022437852614625792
subject:0.000920584720414424
cd-rom:0.1776466386307548
the:0.0025991483103070794
anonymous:0.15671665641286192
audio:0.17104477517016076
paul:0.11293181003824336
1:0.1350706132361868
resource:0.3420895503403215
