there:0.017649595876483605
all:0.009173729140829723
thanks:0.03833435855608006
fax:0.029410032114263362
your:0.012114732905589063
wonderful:0.046212959616417346
proves:0.05379428038915071
my:0.01827335117942887
to:0.007951149000524025
then:0.015345003363228877
that:0.0033356213984084312
choices:0.04936125193469903
packages:0.047550582717020395
me:0.010419121926966776
re:0.0035955817574824093
so:0.009825101897931924
phone:0.028243722367399703
hi:0.030298237115523124
two:0.01793066762166646
unix:0.03810160977038782
on:0.004875084858070096
a:0.005371169714793828
ms-windows:0.10575567270514133
ms:0.040193653099856605
responded:0.05036471362050905
woman:0.04210835189899445
ontario:0.045666828862637225
are:0.018545520623112276
place:0.026148342474196402
it:0.0032966868244228074
cool:0.04414256706225388
application:0.03548430488285509
couple:0.03034607494860114
bag:0.05095966942549067
university:0.02259942405383321
cica:0.055939891459479654
has:0.01023821609506299
screen:0.14378104500407876
paste:0.12204986232797217
again:0.07043853283003898
windows:0.02641545366753367
who:0.012433200713787004
net:0.0318763700471008
one:0.0094549125747656
in:0.003416917344124817
or:0.00648376401637582
and:0.0055066934782325465
for:0.0062567089021552695
subject:0.000256701508577099
info:0.02832111018646536
the:0.006522862586443728
wrong:0.0254175197772102
thing:0.021768581106970736
people:0.014473780193010745
many:0.01781924064978936
draw:0.040602880161575795
is:0.0051667812863589214
grant:0.13052828101952355
window:0.033528776363703286
2:0.018734707231686624
request:0.03750289449417627
1:0.018831960499276046
x:0.02928038451486637
functionality:0.0551175628687281
built-in:0.05436005442783276
summary:0.08272763187235782
s:0.005965733469769407
james:0.03326532468881757
