go:0.03670626890177598
ahead:0.08154036763507143
with:0.0220689576146999
user:0.07135176384137765
wrote:0.04859575423948794
313:0.11565147803427783
to:0.005200751547512569
mi:0.10060831879253174
on:0.009566204249797922
ala:0.11389505495756062
pointers:0.09999633245756659
libraries:0.09461861632488172
m:0.05165338536287064
a:0.002634913444993198
old:0.049960624195138185
services:0.0754087099521379
wasted:0.108155217704674
results:0.06911478771449925
try:0.0459696164593093
looking:0.048941232932200825
but:0.012552513627366231
wealth:0.11565147803427783
david:0.04710274036499045
one:0.01855303599576646
bitmap:0.1004021099145659
for:0.006138657790793848
subject:0.0005037161677739301
i:0.014407449603426032
any:0.03861461382221914
pretty:0.054302265224898616
program:0.05238931004498255
the:0.004266526471636149
do:0.013553168281254654
an:0.016941474312485598
2d:0.11348035860437619
is:0.005069294846993659
yesterday:0.08295024586518346
write:0.06139950801863233
center:0.06163454402778884
dave:0.06615612587499231
ann:0.10666878604706806
before:0.04011687296646499
schemes:0.10878420676632666
happy:0.07166217148084945
