true:0.029692882668480997
thanks:0.02291249017145015
into:0.02058395290784352
someone:0.050654209532483216
several:0.032395992782383864
to:0.004752410896864934
scanner:0.06398200325867791
most:0.02134017774674756
software:0.03236535504001444
appreciate:0.04412888891281028
really:0.022429836128631333
conversion:0.05773354984960915
could:0.017346082245127094
need:0.022082781511462486
had:0.017636879145771667
this:0.006034280900820908
starting:0.04507496532042778
used:0.04538996570889346
am:0.037570950728767025
3:0.053826803325002746
a:0.003210354312290563
same:0.022322912075041522
solution:0.04471100078429021
scale:0.05562246088017901
theory:0.04676492939053591
those:0.021332363842385748
it:0.007881734017010849
not:0.006930000098574309
buy:0.03456139224418352
color:0.16986814283233959
be:0.006648979967097371
which:0.0445480114661213
if:0.007702878388085164
looking:0.02981477408513384
what:0.0105797942873176
but:0.0076469335890851755
one:0.011302424227306006
for:0.011218926307312896
subject:0.0003068615734714747
grey:0.12612394427198717
i:0.008776952057259537
back:0.024210996782385488
possible:0.029620363482351517
will:0.013026498217279131
images:0.04891783613931935
the:0.004331913850511799
do:0.00825652780352295
would:0.021440221749525885
because:0.020284164355109355
scanned:0.07227301541415654
repost:0.06382345932612232
f:0.04271530136099825
is:0.009264573341057375
write:0.03740429798836222
psuvm.psu.edu:0.05745877374784416
image:0.042540953987743414
changing:0.04922320427017823
process:0.04156969808314445
by:0.011384315802496162
while:0.0249464655848106
s:0.007131451504092164
