isbn:0.04665546399697767
form:0.02666703847251481
tel:0.03176131311951857
all:0.00745365492692415
fax:0.02389565109283898
4:0.03881671100279186
mathematics:0.04157274863649994
1992:0.030827707303783532
from:0.013227691475471494
carson.u.washington.edu:0.042963242036463664
08:0.04934953029613181
to:0.0010767180938209616
0:0.05726806700735051
line:0.022060966787546786
that:0.00813057715862055
finding:0.034832854216655815
australia:0.0724858393038162
re:0.0029214101779544573
exactly:0.025127989478687565
on:0.0039610064471819525
western:0.03195724815387031
set:0.02069855143848376
fitting:0.04681994375633574
ax:0.05032736735045998
used:0.015425496158881762
a:0.005455094241587481
how:0.010276273415852534
given:0.02177959030610376
solution:0.030389508345572254
wa:0.03917802082202134
express:0.036372770286564673
display:0.02879782356980842
plane:0.08078549325092385
are:0.005022745168759574
those:0.028998682098243127
internet:0.02231667143058286
radius:0.044912155002335405
d:0.01423315798732059
analysis:0.033638797933613254
have:0.003994145415216038
university:0.01836203204373948
between:0.018147389422237543
edward:0.035313206432676755
points:0.08590210051102576
which:0.010092908847793108
common:0.026297875309619922
writes:0.005166112429824706
of:0.012152536597858666
department:0.027094340489788565
find:0.01653474013807336
david:0.01950347843237886
one:0.0076821164669970505
in:0.005552490684202827
and:0.004474188451063944
subject:0.00020856997571889294
each:0.039781396833759614
guide:0.03672997535951854
sphere:0.09467048075941831
any:0.007994431767881307
the:0.005299825851485529
solve:0.03881174280718657
page:0.03284957604052568
pair:0.07979534303322715
planes:0.042963242036463664
watson:0.2324718790785315
press:0.028026174693497392
is:0.008396019590333247
discussed:0.03546715230048404
9:0.05563802586914104
center:0.025520553386506318
does:0.009519443862011916
define:0.033396530459062
61:0.07886421651444206
dave:0.054785541740228004
non:0.038752331874489544
article:0.006330725627473445
33:0.03603118582551911
three:0.022800687550566193
by:0.01547555429401822
data:0.02292457518129541
