music:0.026939523039129144
there:0.0053671285706265925
all:0.005579344038867199
send:0.034308153460540614
media:0.023107930939738373
graphics:0.020577435322454513
your:0.022104074073355483
with:0.0034200431391201596
way:0.010130835202026569
much:0.010217525552982054
from:0.004950714938188161
france:0.059936860014338456
organizations:0.05561993061156314
to:0.004835786526634494
sound:0.020182358415955736
make:0.010292868323682477
paris:0.03381670989458838
database:0.05922780011005267
french:0.029233411205043518
this:0.006140145478028292
directory:0.02465192566567483
on:0.00592992778057649
you:0.003250286487770303
etc:0.013580842031919506
them:0.017144551713827377
m:0.016009528796679204
arts:0.06984677651009522
sure:0.012760491345960254
a:0.0016333381588846726
how:0.015384362540691511
was:0.005178135287142605
idea:0.04863818061860976
widely:0.02874764162201069
also:0.008675421822687523
video:0.02044275551383054
based:0.017666099484798494
organization:0.022408381450975855
electronic:0.0756784441229756
57:0.03215961976998449
are:0.0037597156818785114
internet:0.016704876860319334
book:0.07274148563002744
it:0.006015007539297753
not:0.007051579047672104
encourage:0.06014760276875575
ftp:0.02218343244028699
have:0.005979539335060267
ve:0.010673296485540551
free:0.016886010491957516
be:0.0033828143692249783
gates:0.03517227488907566
po:0.030515366018928427
listed:0.05309702332704044
end:0.015814230424418183
of:0.006822476686517145
available:0.03159138979899684
what:0.005382702356705445
version:0.018248366126699323
english:0.02583713675461772
ne:0.0335217926219165
ed:0.11602835297277783
highly:0.02442499248192164
up:0.007856493393873594
wealth:0.035845194946296635
email:0.03209238197623322
in:0.007273438089248148
minute:0.026154750727446604
distributed:0.028299146763599847
or:0.007886683715825559
and:0.005581833545186986
subject:0.0001561225549240836
costs:0.024071652952829446
i:0.005581833545186986
any:0.011968272120336926
information:0.04278633832427658
impressed:0.030290417008239565
the:0.002644747403470361
around:0.013843242299144068
collection:0.028144225035839753
friend:0.02031110771750179
an:0.005250866307378577
just:0.013735538753986969
many:0.010837432909813411
about:0.005760328539893986
e:0.018192337403823547
is:0.004713554857730945
printed:0.028458284561990982
involved:0.02105776103547291
entry:0.029187544670183713
addresses:0.028182572407454715
globe:0.03598959618951518
their:0.017703901971715952
contacts:0.033716742448042764
pages:0.026292355975459442
animation:0.030931131642809896
holy:0.02649061066362132
process:0.021149495515985772
project:0.022524186288965208
by:0.005792020320568222
s:0.0072565646883744825
news:0.017946646293353324
