week:0.03917998641369981
out:0.013388376125914318
there:0.010429306654285767
dos:0.08021709900554404
storage:0.05707748678313632
thanks:0.022652120964956397
graphics:0.07997139636681186
where:0.06298148175796915
c:0.029387473811692728
ca:0.023369870410140013
1.0:0.062345358816266384
from:0.009620139254888358
my:0.010797889333298878
to:0.001566135409194126
direct:0.04538381389288834
packages:0.056196143211024105
nt:0.008114528996845892
me:0.012313507731869826
package:0.044173443557456844
lost:0.039823935503611935
barry:0.11950302099660139
anyone:0.019010394882288537
file:0.034528248664300105
had:0.01743646006456972
this:0.005965709526947943
support:0.031124503517426204
hard:0.030729925029267153
other:0.015673954407180803
sb:0.06611078081574867
3.5:0.05454176460911121
drive:0.03208867896370442
also:0.016857921950904166
vga:0.05125433646881436
advance:0.03594887746223466
are:0.0073058111545593815
freeware:0.07247005113319667
it:0.007792168857726636
ftp:0.043106442582830404
shareware:0.0563670281810757
site:0.08876282266905924
mouse:0.049385592923043536
of:0.0022095521087015756
available:0.030693907134252615
but:0.007560036616481935
version:0.0354598932689271
find:0.04810106221984978
now:0.03754350904268737
called:0.030480164725644705
author:0.045954633500687576
in:0.0020190875215283007
or:0.015325260402342849
bitmap:0.06046945256218174
better:0.0254115439920614
and:0.0021693034914249424
for:0.007394292338910773
subject:0.0003033745101365716
i:0.010846517457124711
6:0.03339033673362721
power:0.030702900911028886
games:0.037839435131917336
any:0.011628264389645537
the:0.0034261500454047865
got:0.02513811160943834
can:0.009824613550428562
last:0.024774574455221566
toolkit:0.062345358816266384
new:0.019590904146403944
downloaded:0.06695291686295006
data:0.033344836627338774
s:0.007050412282454754
