pc:0.0574627941723773
out:0.020313398260007928
there:0.03164755122679819
know:0.02127370906307417
all:0.016449445355970538
graphics:0.1820038675934339
much:0.03012408395792985
companies:0.06856262664806441
several:0.048593989173575804
to:0.002376205448432467
this:0.009051421351231362
bus:0.06977659744406313
on:0.008741531469642929
a:0.004815531468435845
how:0.022678672366019385
as:0.041385215183638885
standard:0.15745057967908122
local:0.052696266412344
manufacturers:0.08702258374007399
are:0.022169357986249156
have:0.00881466574392505
pitt.edu:0.08513492455314833
b:0.05277428183645244
has:0.01835818058425088
svga:0.08946793193730188
of:0.010057271667193378
what:0.0158696914309764
well:0.02901496396816112
they:0.016084821112202476
in:0.0030634431361119046
become:0.057107289220606
world:0.043469839460908224
and:0.0032913570214723265
for:0.005609463153656448
subject:0.000460292360207212
i:0.0032913570214723265
the:0.0038987224654606187
effect:0.05976505956245527
william:0.07020102205846582
chips:0.07159898186546504
vesa:0.3640518766243584
lots:0.06290853467959243
