read:0.01425788089243976
at:0.011081320911376492
out:0.007409918862141257
know:0.007760220916089949
all:0.01200085321567662
programming:0.027596096145681332
tried:0.01948342171721177
take:0.013369491385759142
hand:0.019856851921085997
with:0.007356319204899967
way:0.010895426538028575
much:0.0109886595569807
from:0.010648707602895291
to:0.0026003757737562846
pointing:0.03217429297992888
important:0.01976332888662404
most:0.023353402062478466
walter:0.03527669118191053
omitted:0.03796501831918688
that:0.006545370291216543
really:0.012272929202458654
nt:0.004491060073726029
could:0.009491252549220487
affect:0.030826779747872506
re:0.002351827061497928
effort:0.02554941438194153
rahul.net:0.04010921069007111
so:0.006426481744559246
this:0.00330177634195861
merely:0.025666974966923627
personally:0.02464682141576416
cview:0.08437240486279099
directory:0.05302489671484775
on:0.006377469499865282
you:0.0034955911283567416
serious:0.02262260149081428
am:0.010278845010700413
them:0.009219240072529817
answers:0.02635604542297096
bryan:0.03333211081918887
a:0.002634913444993198
how:0.024818169759040082
other:0.008674893005232144
was:0.00556893795032318
nevertheless:0.03360560208925011
mind:0.019054439012642373
moves:0.0324589256314265
files:0.06243984084127715
annoying:0.03275705292007168
square:0.03190198602550546
it:0.021563234574841005
have:0.003215412661305993
drives:0.025453098438714853
probably:0.03002797125822904
disks:0.027105100086751654
doing:0.016859766699152928
careful:0.028939329480889252
open:0.020785915589643794
poor:0.024851925727643158
listing:0.03518619597780927
regarding:0.02488676962937659
be:0.007276242228144294
sort:0.01973246105447189
writes:0.004158882962374606
of:0.003668690293693182
menu:0.032400959247118805
but:0.004184171209122078
reading:0.02066869211549051
must:0.014575222814336462
who:0.008132408014049361
one:0.01236869066384431
in:0.004469929607408565
floppy:0.05540907035972123
5:0.01634511249633763
and:0.0012006208002855027
gets:0.020989410958445313
few:0.014375015728970356
for:0.0020462192635979496
incredibly:0.06626904935871258
subject:0.00016790538925797672
i:0.003601862400856508
info:0.03704899948921255
will:0.00712770657171877
program:0.017463103348327517
images:0.02676636317057097
the:0.002370292484242305
users:0.02483457590098228
do:0.018070891041672872
reads:0.03263610095826107
when:0.024673102695164827
once:0.016874410030974254
needs:0.02106507272119086
an:0.005647158104161867
people:0.009467126667126525
many:0.011655352374704992
gif:0.02945940316544971
is:0.006759059795991545
choosing:0.03574979446013435
disk:0.022018735747169067
time:0.009934024967947885
keep:0.016662984805823403
does:0.007663451662500159
slow:0.025827220786426675
every:0.015296531615958467
realize:0.024613278359315337
bug:0.031196845785752592
while:0.013649952867160519
