manager:0.03636016981401479
at:0.008157083448652139
technology:0.03118210820200873
much:0.03235549758444317
rumours:0.05568943524103646
c:0.02394534903174963
though:0.023014298163061848
to:0.0012761103334174358
obviously:0.034091602600240335
mhz:0.08750197389081996
ii:0.033994442639908494
software:0.052144183120023266
that:0.0032120798651340443
like:0.010783695032487713
re:0.003462412062760838
040:0.0563138915446988
multimedia:0.1122020512704217
on:0.0046945261596230544
orion.oac.uci.edu:0.049895862095069674
machine:0.030118512540040245
m:0.012674210297371038
why:0.016478912779203762
sure:0.020204111297770402
a:0.007758356254702194
how:0.02435857402276156
as:0.014816928892907748
equipment:0.03736072141241286
video:0.06473539246046338
3do:0.11868728144510901
compact:0.054204781073673686
base:0.03566329495752825
digital:0.0764697703150308
it:0.01269834924962859
not:0.005582500079407082
have:0.004733801973589378
probably:0.022103923287307484
against:0.023919266594054134
doing:0.02482132319597514
robert:0.02958714841627503
has:0.009859022906356953
25:0.06810523237573357
integer:0.05610102563521085
be:0.005356122751272882
which:0.011961966041828868
writes:0.006122799916829281
get:0.012170129400843725
but:0.006160029835651946
easy:0.03068223670610007
up:0.012439447873633191
box:0.029338324173209324
in:0.0032903648498979715
distributed:0.04480698237569976
pictures:0.08611376947464486
for:0.006024978942816185
subject:0.0002471940452964657
i:0.0017675806226425455
faster:0.07222779680359874
group:0.02497329569265412
we:0.012479110238092313
48:0.047533057418599055
the:0.0020937583610807025
would:0.008635644871336815
arm:0.13907829154359874
an:0.016627743306698826
about:0.018241040376330953
is:0.012438547541234439
efficient:0.047872884889436355
assuming:0.03674231177471298
lot:0.02294956840986473
article:0.007503082225153713
corporation:0.04397546483068769
calculations:0.05437785637934176
task:0.04650758182329626
project:0.03566329495752825
motion:0.09473541821867948
