okay:0.03810412509294245
boy:0.04013126287716662
there:0.008121937925461481
thanks:0.01764058977801914
graphics:0.09341791433999262
where:0.01634917520560851
text:0.06400997757935517
with:0.005175463511411923
way:0.015330732916341091
hell:0.03020691083612297
to:0.004878581097666658
view:0.030135829670660457
like:0.02061308077006501
need:0.01700178753537377
re:0.00330920798918735
rahul.net:0.05643685397983457
so:0.00904257165827363
this:0.004645862286472734
cview:0.11871869356799794
on:0.004486803763179557
you:0.019674300510043253
am:0.01446315359912713
includes:0.033342959039224324
answers:0.037085055064180375
bryan:0.04690093469248698
a:0.0024716887183122037
other:0.012206265379043457
want:0.050245963744571194
question:0.019318460914576147
learn:0.03371693965240913
doc:0.04913841558736851
xv:0.046807287707260996
are:0.00568948125310819
no:0.00996235164763283
it:0.006068237694512778
have:0.004524341709271264
able:0.023340400231067867
love:0.028957676461782732
without:0.0397736368991592
be:0.005119126169358153
writes:0.0058518795665271
get:0.011631628099921435
if:0.005930534688171764
of:0.001720713146599457
what:0.008145505336253373
but:0.00588746214380894
easy:0.0293246156129098
windows:0.07293470393159739
in:0.006289546969716477
processors:0.050873945489371075
required:0.033121959738946626
ho:0.05180633943324565
or:0.005967358032770666
use:0.02942972615482032
and:0.0033787381813344237
word:0.02715819925808335
still:0.01806822196663316
for:0.002879193477098
subject:0.00023625625568157783
i:0.005068107272001635
stupid:0.03417421408200489
any:0.00905563952467971
will:0.010029250839852073
do:0.006356795742535368
can:0.007651026481749676
because:0.015617011494641717
linux:0.23593986265505232
fancy:0.0472857586919537
simple:0.029196358911117173
gif:0.04145172657793366
is:0.004755267732578122
gifs:0.05424361359129845
viewer:0.047484633522502886
sean:0.09070091205709625
viewers:0.05515205743253813
run:0.023688800251215884
x:0.08084495547467528
image:0.03275276988436882
going:0.01927270516858126
x-windows:0.051327868448552944
