since:0.02151421100434066
out:0.012668570957854407
where:0.01986512686272862
post:0.055539307622175925
name:0.02970142479387367
to:0.004445803742228486
most:0.019963392085667074
walter:0.060311762343266385
perhaps:0.031058726211183284
quite:0.028561283678595718
nt:0.007678263997015469
me:0.023302982374291285
need:0.02065808593007781
re:0.0040208656212706514
so:0.010987210724569034
this:0.011289944911213313
reply:0.03861501633715209
he:0.034196413064951296
cview:0.2884991908211563
on:0.005451707798271935
you:0.005976333219448623
am:0.01757350921184264
bugs:0.10908421028076061
answers:0.0450603357231439
a:0.006006469358479119
question:0.02347296863814091
soul:0.045327734288498886
it:0.01105985257225716
kind:0.02962931932218344
has:0.022898375782506475
his:0.019832570338766203
without:0.02416355360002683
asked:0.03626129998643474
writes:0.007110348290511424
get:0.014133053497754004
of:0.00418151796915567
what:0.009897226913942271
but:0.014307166069901296
one:0.010573235567479812
in:0.005731603286919048
and:0.0020526742714558595
still:0.021953861099242446
for:0.010495124610066903
subject:0.0002870640526023473
i:0.004105348542911719
mention:0.04058790122878412
stupid:0.041523507432973686
will:0.012186078977454672
the:0.003241948430060443
can:0.009296408520835629
linux:0.0573359236129482
here:0.019359149522832218
gif:0.05036607637963983
is:0.005777905954637934
number:0.026906073638685572
viewer:0.05769638266712717
sean:0.11020648454249331
himself:0.04024496183334376
run:0.028783165896638655
him:0.02576898175659471
position:0.03701981674421734
leave:0.03799120563757545
very:0.01874454292240266
comes:0.03251802513167217
x-windows:0.06236611972781165
