there:0.042687394678006856
rick:0.11192238328206042
to:0.006410228651585259
look:0.05514344940176536
hunt:0.1370199228823164
re:0.008696290762283036
directory:0.09803440206582317
on:0.011790902912541626
you:0.01292555789322609
a:0.0032476840135962676
as:0.018607306051558567
watson.ibm.com:0.13571551668112936
ie:0.09729344620375376
are:0.014951427479098268
turner:0.13112576239837365
have:0.011889549142968671
be:0.01345258737529003
things:0.05197037042186627
of:0.00904374816584831
tend:0.09906056031951939
filed:0.14143954155412722
in:0.004132086090569546
rather:0.059848457044485194
apollo:0.13183053796803246
subject:0.0006208594626050766
images:0.1979465927498039
than:0.0332697972609177
the:0.007011655906874911
around:0.055051033329154314
may:0.04327966342883328
number:0.05819220577669205
mission:0.1045579737628736
under:0.056449382025712536
image:0.08607123248682969
earth:0.16374582151598832
