help:0.05863267726141909
dos:0.09670006455462843
take:0.029119851100489088
graphics:0.048201937536160575
your:0.017259345509332363
with:0.008011333928623935
c:0.07085199165558793
into:0.02453156031482721
turn:0.04686956348923993
wrote:0.035281848968395355
post:0.035377778142892884
to:0.0037758881098378925
basic:0.05232401108986301
that:0.0047521181566366685
need:0.05263567099992428
re:0.005122472640796856
so:0.01399740544362904
this:0.007191540251663273
3-d:0.16662740511856083
machine:0.044558895264717076
imho:0.05931057063501439
m:0.03750177293468691
a:0.007652077401898055
surface:0.06253405127795227
question:0.029903918949960334
others:0.03693600305573145
it:0.0046966497224653694
be:0.007924126810102346
ansi:0.1722671874255238
lines:0.04839975512732214
using:0.06039508434643618
please:0.026238566532948693
net:0.045412910752034005
removed:0.06325142094257304
code:0.044390582333310905
in:0.0024339685191026093
or:0.018474286512413295
and:0.005230101568366984
for:0.004456833738521561
subject:0.000365711738246826
i:0.007845152352550476
the:0.0030976151095440533
interest:0.0500381506392861
benefit:0.06205334826683898
thank:0.04973279872287006
can:0.01184336975942073
may:0.025493500375888094
forms:0.0655733506462017
replies:0.061394633380980924
general:0.04038945702859659
is:0.0036804469437077244
hidden:0.06995756101543202
fortran:0.0846512158409779
data:0.08039303077276197
