pc:0.05554736769996472
correct:0.054536957336357474
know:0.020564585427638362
tel:0.06775746798830627
thanks:0.033223110748602715
fax:0.05097738899805649
way:0.028872880325775722
into:0.029846731716373105
response:0.05852664254378903
to:0.009187994400605538
london:0.08468210779538794
city:0.0613297599747732
format:0.06700090845063357
like:0.019410651058477887
michael:0.15023476008368447
anyone:0.027881912494023185
this:0.008749707306190317
a:0.0023275068764106585
same:0.032368222508810204
standard:0.05073407567437061
also:0.02472495219465944
advance:0.05272502027794416
computer:0.04467838175275526
files:0.11031038548625631
university:0.039172335026644224
utility:0.07905389957828057
of:0.003240676426095644
please:0.03192358928175425
programmer:0.08496947123596305
good:0.027000164189324986
email:0.09146328863226469
in:0.0029613283649081745
subject:0.0004449492815336383
group:0.04495193224677742
we:0.022462398428566167
any:0.01705478777148012
images:0.07093086240201306
the:0.005025020066593686
do:0.011971965315108277
would:0.015544160768406267
unit:0.07150234695999026
is:0.004477877114844399
does:0.02030814690562542
converting:0.18287971919438137
iii:0.15409148591475694
convert:0.071309666586639
hp:0.1441882502018775
