some:0.020483103072514983
pc:0.05847091336838391
out:0.02066977366807824
there:0.03220277142375956
programming:0.0769785839853216
graphics:0.06173230596736354
access:0.0588136292634829
with:0.02052025883472096
c:0.13611040502257682
via:0.05996897155466044
to:0.002417893263317247
that:0.006086046060253978
like:0.020432264272081984
me:0.01901032772639552
borland:0.21180483904388467
recently:0.05805809762434542
libraries:0.17595742684978005
card:0.10740029286014882
a:0.002450007238327009
let:0.04044101303075131
modes:0.08715619437403299
are:0.011279147045635535
those:0.03255992375943088
d:0.03196217933994799
it:0.012030015078595507
ve:0.03201988945662165
of:0.006822476686517145
available:0.047387084698495265
one:0.01725106855746706
in:0.0031171877525349207
and:0.0033491001271121917
for:0.005707874787931122
subject:0.0004683676647722508
i:0.006698200254224383
s3:0.21773734185244376
any:0.01795240818050539
will:0.019882549910583934
the:0.0013223737017351805
do:0.012602068752745554
got:0.03880971616895744
an:0.015752598922135732
hold:0.06087334408673719
turbo:0.17431238874806598
resolution:0.07838284201468189
high:0.049075856590202124
