plotting:0.1301502959126797
cases:0.07509766527523248
that:0.007079686233356669
anything:0.04737226837386538
uk:0.08819672417670991
inside:0.07661337810355483
m:0.027934994124817796
a:0.00855002526028405
3d:0.09547580466525547
following:0.05586355659264819
related:0.07865589766594222
part:0.0499841247431281
given:0.05689362365676083
energy:0.18716755226503065
always:0.054223593836708314
of:0.003968175215627319
looking:0.05293643562054375
never:0.04497835165024205
1976:0.11909729014874615
establishment:0.2326516602501837
rep:0.11223050980953772
or:0.013761458320471128
england:0.1006213370772445
better:0.04563705859798781
and:0.0038958919845998963
for:0.01327954542498261
subject:0.0005448358549391489
i:0.0038958919845998963
the:0.0030765428979145017
including:0.06489730013327
triangle:0.12319261046430026
is:0.005483114834503345
max:0.29153241046142264
wanted:0.06214612223563474
paper:0.07870711014768561
first:0.038317445497776347
fortran:0.12611303584472217
de:0.08246902096212183
atomic:0.23745913109330136
s:0.012661964915428944
