read:0.06869706248175521
out:0.017851168167885755
there:0.02781148441142871
help:0.06485129454672112
literature:0.07168352445703773
c:0.07836659683118061
from:0.012826852339851145
yours:0.06403529249779487
to:0.004176361091184336
sources:0.058320287503249454
think:0.02181436405346296
could:0.022865290232212992
me:0.032836020618319535
something:0.030161535108538223
you:0.008421196809223059
am:0.02476267207123281
pascal:0.08520594995977161
how:0.01992974238225946
works:0.04507766656895061
examples:0.06648150435095956
have:0.007746221411328073
hope:0.0437645687521219
glad:0.07028929871885208
anybody:0.04605447189261659
be:0.008764564502082899
common:0.10200387998882879
found:0.040523037958439354
looking:0.03930129311222188
never:0.03339301864942213
languages:0.08787953234373459
in:0.002692116695371068
for:0.00985905645188103
subject:0.00040449934684876206
i:0.020246832586632797
group:0.040865392951615835
comp.graphics:0.09146118049622294
will:0.01717129310459522
the:0.0022841000302698576
when:0.019813249133996
would:0.014131055244005698
peter:0.055786258800393285
about:0.014924487580634417
e:0.047134692364451926
interested:0.04359206386992303
is:0.004070797377131272
somebody:0.05751103368901144
hear:0.05020729642816375
wanted:0.046138787720395494
little:0.03553543487724946
already:0.04402706547420229
understand:0.04539632216569172
