sent:0.018388412741448062
okay:0.021528830677512482
boy:0.02267416352559914
there:0.0045888949278857375
all:0.004770339153231456
dos:0.017647761781219688
thanks:0.009966933224580815
graphics:0.052781121602095825
differ:0.02724325623924297
where:0.00923728399116881
split:0.02383963293643603
text:0.03616563733233567
with:0.0029241368839477365
way:0.017323728195465432
hell:0.01706690462240948
to:0.006201896220408738
that:0.0017345231271723841
view:0.034053487527846316
docs:0.02743195787915721
like:0.011646390635086733
me:0.005417943402022724
need:0.009606009957486181
anything:0.011606205751597019
re:0.0018697025138908526
rahul.net:0.03188682249860653
exactly:0.01608191326636004
so:0.0102181059738492
this:0.002624912191857095
cview:0.06707606186591884
1024x768:0.02762806144492361
on:0.0025350441261964497
you:0.011115979788174437
am:0.016343363567013654
etc:0.011611619937291177
support:0.013694781547667529
includes:0.018838771857161745
why:0.008898612900770032
answers:0.02095305611126191
bryan:0.026499028101255147
a:0.0034912603146159877
other:0.006896539939159554
want:0.03785195935424363
idea:0.01386188147630378
question:0.010914930416735523
learn:0.019050070903611157
plus:0.017879499269898354
doc:0.02776320480686321
xv:0.026446117554602463
soul:0.02107739644415198
display:0.018430607084677388
are:0.0032145569080061277
no:0.005628728680912549
it:0.01028566289219916
have:0.010225012262953057
kind:0.0137776334848153
able:0.013187326130553345
second:0.013748478883261334
love:0.016361087200907242
without:0.03370815727203742
anybody:0.030395951449126952
be:0.0028923062856873565
which:0.006459461662587589
writes:0.006612623910175624
get:0.006571869876455611
if:0.0033507520988170464
of:0.0009722029278286932
what:0.009204421029966312
but:0.0033264161112520514
biggest:0.024162325542123886
easy:0.016568407821294037
windows:0.04120810772135252
up:0.006717301851761923
called:0.01341127247928367
in:0.0035535940378898095
processors:0.02874377920149466
minute:0.02236231187196685
required:0.018713907252504845
ho:0.029270581779783793
or:0.0033715572885154267
use:0.02494169291621022
better:0.011181079356507015
and:0.0028634806086809237
word:0.015344382580817094
still:0.010208545411147737
for:0.00162674431456037
subject:0.0001334847844600915
i:0.006681454753588823
stupid:0.019308430956332764
any:0.010232872662888073
will:0.011333053449032845
program:0.013883167161920376
images:0.02127925872060392
the:0.0011306295149835794
do:0.007183179189064966
can:0.004322829962188567
because:0.008823611494472569
linux:0.1866284313601464
fancy:0.02671645366095384
simple:0.016495942784781205
an:0.004489490692808683
about:0.004925080901609358
gif:0.04684045103306504
is:0.0067168156722665975
gifs:0.030647641679083626
viewer:0.026828817940214134
sean:0.10249203062451877
viewers:0.031160912449384043
does:0.006092444071687626
run:0.013384172141936974
1:0.009792619459623543
x:0.04567739984319153
slow:0.04106528105041841
under:0.036409851406584585
image:0.03701062996933677
complaint:0.02985949695806571
takes:0.03575899853979671
going:0.010889078420248412
x-windows:0.05800049134686483
