some:0.00858482996421584
since:0.014711923701497657
there:0.006748374893949614
know:0.018145222436151496
help:0.01573597588266027
small:0.021976072796073613
tried:0.022778412154681404
specifically:0.02975766655702692
text:0.02659238039142329
drawing:0.10463016120654782
to:0.005066908676804525
changes:0.029984627203942564
then:0.011734414336586788
format:0.08867767294936797
that:0.005101538609330541
think:0.010586382555357024
me:0.007967563826504005
re:0.0027495625204277245
greatly:0.02869800845441619
so:0.015026626432131178
ps:0.03312913472661555
ti:0.027857801884203403
big:0.020410151131379096
on:0.007456012135871911
you:0.004086757275064131
used:0.014518114031888718
am:0.024034358186784788
letters:0.03448388829428863
input:0.03137611249540233
a:0.003080523807014107
as:0.0058831923545369005
adding:0.034743430809590276
let:0.01694954222612371
converts:0.0430449732055644
features:0.03180623166217886
files:0.07299951980708139
are:0.009454579141194493
no:0.008277542177812573
it:0.005041991613823117
not:0.008866323655528896
have:0.003759195684909212
only:0.00980541351668593
able:0.019393126662578447
plots:0.047874234502542856
be:0.017013566386396214
utility:0.06975344080436521
sort:0.023069568438684043
writes:0.004862223463364429
of:0.004289130563950118
converted:0.037297174838642415
lines:0.025979280325694975
postscript:0.2959362380675656
boxes:0.036253275858713095
code:0.023827297870086
in:0.0026129367925660364
use:0.03667896017089738
and:0.007018334825198343
for:0.004784542101648147
subject:0.0001963011536177816
however:0.01762572723674201
i:0.008422001790238012
appreciated:0.024887956758648844
possible:0.018948320757092515
any:0.007524171075652995
program:0.020416422296941728
impressed:0.03808574491477181
the:0.002771150772018577
arbitrary:0.03962318460490827
would:0.0068577179860615884
can:0.01907130865671427
an:0.006602192195306888
myself:0.024506191632337377
interested:0.021154972172168527
language:0.029984627203942564
is:0.005926602063764645
somebody:0.02790976634907908
too:0.014356749028415416
article:0.005958330002327948
very:0.0128179594984077
by:0.007282613785420338
include:0.024717082891504424
s:0.004562031476882488
