help:0.05219738341565359
dos:0.086086642835218
take:0.025923769882142726
graphics:0.04291148097731368
your:0.015365027099771495
with:0.007132041180360334
c:0.0630755535470478
into:0.021839071987590077
turn:0.04172534310627458
wrote:0.03140945091088855
to:0.003361461366075197
basic:0.04658113182390244
appreciate:0.046819674822127975
nt:0.008708275021005348
need:0.046858585158469176
re:0.004560250033880129
afraid:0.05506371016745673
reply:0.08759015900866206
3-d:0.14833903138603588
you:0.013556072912407851
machine:0.0396682848088335
m:0.05007858702863678
a:0.006812215248031195
surface:0.05567055784500629
question:0.026621781504232982
it:0.004181163777316732
try:0.029712069174919423
be:0.007054405574847211
writes:0.008064175500214175
get:0.016028950918184418
trying:0.0328820515008341
ansi:0.15335981319589315
lines:0.043087586881640445
using:0.05376635557670539
please:0.02335872386469823
removed:0.05630919181472965
code:0.039518445247947516
in:0.00433365126571928
or:0.016446620919587446
and:0.004656066030375486
for:0.003967669059903342
subject:0.0003255726450246134
however:0.029232913465816013
i:0.011640165075938715
the:0.0018384219755830562
do:0.008759974620810936
interest:0.044546158495949825
thank:0.04427432081426237
can:0.010543487712655042
did:0.02004769565174348
forms:0.05837627557527713
general:0.03595646784253111
is:0.003276495449886145
thru:0.06293864848044894
hidden:0.06227929212349436
fortran:0.07536022873648034
article:0.009882108296543915
data:0.0715694054440442
