reference:0.06711570257227256
click:0.0203910544339043
positions:0.03481405824874514
out:0.00847609423798892
say:0.006825701346286127
ideas:0.01293882603251608
there:0.006602726514943507
resulting:0.017631143812632116
know:0.00443839973258382
small:0.010750884533330977
true:0.027877130850624245
case:0.017781374872710472
printing:0.01748019345616078
thanks:0.007170455557252385
differ:0.019599464920318683
with:0.004207391199924801
remove:0.03178525456863043
treatments:0.020927153639517568
such:0.02075198421008416
from:0.009135671810397579
drawing:0.10237195628842088
to:0.002478775467789264
scanner:0.020023144904694166
line:0.010157567441748162
then:0.005740576797754688
earl:0.020678977842801913
global:0.018401843826649972
that:0.0037435750946166564
sources:0.01384582365185059
problems:0.00986716991327976
could:0.016285350597043786
anything:0.008349788310501453
so:0.007351155376869929
this:0.005665278111921788
treating:0.020619519922114107
on:0.0018237727526593164
set:0.009530268288222739
you:0.013994938582234002
pointers:0.01906404899370874
a:0.003516377295296678
other:0.009923079049150439
same:0.013971894608119515
y:0.09201519229931246
3d:0.016828469167616975
as:0.008634325469967825
removing:0.03661518137708395
surface:0.03284162405244975
let:0.008291862384002967
question:0.00785246792570901
solved:0.019555327896607123
whole:0.01076228588139313
uniform:0.020023144904694166
converts:0.021057972503441578
soul:0.030327189128276234
are:0.009250523476276626
those:0.006675955590962446
it:0.0024665858254674243
not:0.0043374820760860786
have:0.00919515491272757
kind:0.01982393307167669
whose:0.013463242627701327
suspect:0.013964370729848057
algorithm:0.014680032445110994
differential:0.020228750709873837
points:0.07910409255691582
mouse:0.015632849558373494
sets:0.017106129738448377
be:0.00416159177796742
which:0.004647094721286035
if:0.0024106130207316883
of:0.007693692234615557
expansion:0.016628577616700387
what:0.00662188563306929
distortion:0.06588594371479495
but:0.00478621023201734
particular:0.01219802679166837
excellent:0.014011026666692041
using:0.00792957042678029
now:0.0059421381218641885
errors:0.10812291447259241
over:0.014431228435391064
in:0.003834813709953032
point:0.007919194105252018
or:0.009702323132418493
use:0.005981221322832187
better:0.008043941983098572
and:0.004806801980999153
for:0.002340639301525712
known:0.04686228413908429
subject:9.603221903603705e-05
cursor:0.020228750709873837
values:0.0614524657603348
i:0.00206005799185678
similar:0.011384022618225544
saves:0.019555327896607123
any:0.011042668341246122
informed:0.018370150914124236
yet:0.00946067893052577
program:0.019975780089094067
ways:0.012835749572946384
the:0.006236086053866266
when:0.004703864902315597
original:0.011101323788753524
because:0.006347921938469475
scanned:0.045235628352745465
come:0.008637387318235283
an:0.003229849419286823
problem:0.0076099470936891525
introduced:0.018631875210104197
entire:0.01341517346290936
unknown:0.01697531087452437
is:0.0038657931926714233
does:0.004383053288983904
notice:0.014525055516563109
paper:0.013872835961282717
x:0.06572287747221804
image:0.013313176247962867
significant:0.014974560408287646
function:0.014794966257364959
three:0.010498158296663571
process:0.0260184441239825
by:0.0035627175353135474
data:0.010555200083474145
upon:0.012475092024075311
apply:0.014386892034135517
s:0.004463570365870636
