knowledge:0.06601377044378813
with:0.02088669202819812
c:0.04618031598980285
to:0.0049221398574672524
that:0.006194725454187085
lance:0.10627285900732868
re:0.006677508978181616
severe:0.089983559960496
two:0.033299811297380556
you:0.009924981953727175
a:0.007481272102748545
technically:0.09915430288165432
surface:0.0815176025587592
also:0.026491020208563684
not:0.032298750459426685
ftp:0.06773869548730492
have:0.027388425704338543
between:0.04147974725082867
real:0.04567131882139727
algorithm:0.07287587535251529
netcom.com:0.1149655419543264
anybody:0.05427848473058384
writes:0.01180825698245647
even:0.02998499013867903
surfaces:0.10664106056452038
easy:0.05917288507605013
in:0.0031728518195444726
pull:0.08071590041754687
or:0.012041276030412237
and:0.006817810973049818
for:0.005809801123429892
subject:0.0004767313730717553
i:0.003408905486524909
information:0.04355038008006723
source:0.055701213601782575
maybe:0.047284162184684356
problem:0.0755559032873423
is:0.01439317644057128
does:0.021758728827455807
life:0.04982820273729839
understand:0.05350280826670809
data:0.05239902898581807
news:0.05480136636006104
