perform:0.1311468900473318
mode:0.10787000694304877
thanx:0.0683474340245394
help:0.030142150986504183
tried:0.043631888070939026
work:0.028522147380145125
to:0.005823376732778158
memory:0.047628622903765
this:0.007394118850301676
map:0.06986335887231918
something:0.028037483340331307
on:0.007140969369567464
registers:0.08667916828742389
you:0.007828154780404533
card:0.043111385162172416
a:0.0039338144390039295
how:0.018526239397593302
standard:0.042873866767073755
vga:0.19057950461643647
advance:0.044556355164459854
ie:0.11784839962708202
it:0.009657899429294984
not:0.016983380523266617
have:0.007200712861234548
able:0.03714739755085449
second:0.038728109530313616
screen:0.05265221366346546
be:0.00814734164982354
svga:0.07308647961075365
of:0.005477199593401089
but:0.009370186228879017
using:0.03104817716401297
necessarily:0.05475018356417186
must:0.032640287710978835
in:0.007507593037795372
required:0.052715231697196746
and:0.0026887141865548584
subject:0.0003760134773523704
i:0.0026887141865548584
the:0.004246495830924242
do:0.02023430757483089
when:0.018417949899207548
colour:0.07449610578761257
page:0.11844354177992357
mask:0.0755741350428567
note:0.04171393097011969
many:0.02610142292363512
write:0.04583343556320442
does:0.03432362857288804
although:0.0445033726303487
animation:0.07449610578761257
task:0.07074392728050699
