okay:0.034723920447600774
looks:0.027605689309466858
24:0.029540997974745648
generated:0.03913441786888949
louis:0.0380096910290158
there:0.02220433029622131
send:0.023656025168356635
rick:0.038811794202649984
such:0.015508203253772569
from:0.006827195600243351
to:0.004445803742228486
look:0.019122325195773473
hunt:0.04751497325757746
amiga:0.040637736756353036
that:0.011190471788208929
bit:0.021976485468191125
nt:0.005758697997761601
me:0.008738618390359231
need:0.015493564447558356
re:0.003015649215952988
so:0.008240408043426775
directory:0.03399580071637416
on:0.008177561697407902
you:0.013446749743759399
took:0.02722098126142483
a:0.004504852018859339
richard:0.030129657377248212
as:0.0064525335501372455
watson.ibm.com:0.04706263884910131
ie:0.03373885634485009
van:0.03698068572978429
are:0.005184769206461496
those:0.014967061728125484
mapped:0.0479941943904065
it:0.00552992628612858
turner:0.04547103050911344
have:0.004122988815706878
only:0.010754324502171666
beware:0.04677458979585873
32:0.03453563525407666
copyright:0.04139975968716692
be:0.004665010138205414
writes:0.010665522435767134
things:0.018021983291453627
of:0.007840346192166881
tend:0.03435164591725269
who:0.010427845759950389
filed:0.04904758295828605
one:0.007929926675609858
in:0.004298702465189285
competing:0.04571542848891448
rather:0.02075390042671664
apollo:0.04571542848891448
and:0.0030790114071837893
for:0.0026237811525167258
known:0.026265554416664175
subject:0.00021529803945176046
i:0.0030790114071837893
sphere:0.04886218361776429
will:0.009139559233091003
images:0.13728554013292849
source:0.025155386787901808
than:0.011537107114673073
the:0.003647191983817998
do:0.005792886442794328
when:0.01054576163583658
around:0.01909027768672287
got:0.017839950174440112
colour:0.04265502831387494
scanned:0.05070768016960983
may:0.015008270382579281
company:0.02714619386799476
is:0.006500144198967675
number:0.020179555229014177
build:0.030093815024341566
protect:0.033301351588803735
mission:0.03625800703067391
under:0.019575188928271283
image:0.08954184670000831
e-mail:0.022174965940744085
article:0.006534942583198395
satellite:0.03947048800115213
earth:0.08517423780468747
hundreds:0.037867789723448224
unlikely:0.0384510208652194
appear:0.03184433522787244
