week:0.04009114888843702
out:0.013699733710237905
all:0.0221876239685184
discussing:0.05658565883837742
chris:0.04461334003394535
graphics:0.08183119628231911
split:0.11088201365784199
way:0.020143869994727247
concerning:0.05320049120299657
from:0.009843863423606693
to:0.0032051143257926296
think:0.016741256134052966
like:0.013542314691961316
anyone:0.019452497088853386
this:0.02441778783122879
posts:0.046779272932193854
personally:0.045567960524494196
big:0.03227651806822741
curious:0.049840376056063895
am:0.019003911124434482
a:0.004871526020394402
awful:0.05849902380405366
learn:0.04430249047351432
not:0.007010581495069359
only:0.015506235328712634
kind:0.03204100810422163
per:0.04112587343689555
doing:0.031170964013550177
feel:0.03542182190983927
algorithms:0.0591803512955194
convenience:0.06764824083471957
making:0.03575124640549306
of:0.013565622248772464
result:0.04110467396525003
reading:0.038213047050732446
aspects:0.11207488096918039
groups:0.0427882046335627
one:0.011433847764832819
code:0.03768037802711275
in:0.004132086090569546
5:0.03021945217346143
and:0.0022197524098301735
few:0.026577063964026586
for:0.003783126312931093
subject:0.0003104297313025383
i:0.008879009639320694
group:0.06272362639085222
will:0.013177969126782376
the:0.0017529139767187279
proposed:0.051322729925192934
forum:0.059382580861936485
an:0.010440676029787635
just:0.027311361941067116
newsgroup:0.08939915908312442
about:0.0114536765153706
different:0.029386243000130787
is:0.0031241003126821383
having:0.030428969679306528
else:0.029378514248116938
hardware:0.04127536190319246
lot:0.02882038823564408
by:0.011516691567641466
favor:0.05536855857600663
