some:0.00398476749192271
at:0.0030067065271482288
out:0.004021082249421365
resulting:0.01672852552870897
roughly:0.034566395286071694
form:0.011649764247378484
opposing:0.018391648826851622
take:0.02176534945736215
where:0.006305313304552088
i.e:0.011790235484557689
with:0.003991995746003736
4:0.0169574710182845
from:0.002889325100444285
work:0.013823020232015724
both:0.0076645190522465455
to:0.004233376259664668
line:0.01927511091335146
w:0.010560890290202574
segment:0.061361291475880285
published:0.013993505852257853
inputs:0.019400059109765735
appreciate:0.013103117185714996
that:0.004735899323337568
problems:0.018724049391752717
quite:0.009065526901397275
through:0.008086905440357771
depth:0.017945846156486214
along:0.047699131892713104
generally:0.01319709724649522
anything:0.007922324745117419
started:0.011191962034091826
anyone:0.005709606654066181
this:0.007166995745684901
parallel:0.01570427777290577
appeared:0.016230389308152383
two:0.025457876213697085
on:0.005191216640675323
set:0.00904237059428642
am:0.005577939783963705
knowing:0.01465537309769902
assume:0.0118480838064477
3:0.007991351346886074
onto:0.014860623468820295
a:0.0038129805483860615
other:0.0047075357946481594
same:0.006628304950609599
wondering:0.012283049494393504
as:0.005461530103870433
idea:0.009462035137408724
surface:0.09348093672267267
schmidt:0.02109057596038016
starts:0.015264376704414231
step:0.014196316161031917
pixmap:0.020527163843112418
are:0.0021942367972738073
reasonable:0.012758727543024054
it:0.0023403101006141433
not:0.0020577133398497096
only:0.004551318219349101
area:0.010950399469827123
ronald:0.01991729425695755
color:0.03782899767853296
between:0.007927869781728346
hopefully:0.015777285247244737
exists:0.01273594902054046
points:0.03752719749287132
has:0.010902127718974924
sets:0.016230389308152383
familiar:0.01572238375321189
edge:0.12868810068526854
be:0.00592281150652701
which:0.013227566544547964
breaks:0.018858745013599736
sort:0.01070805907051546
if:0.004574405595654671
of:0.009290676443414135
effectively:0.03340846765967826
seen:0.008848003039666734
reasons:0.012411346333775103
but:0.00454118240443966
treat:0.016470377357358734
result:0.012064853109254274
year:0.00844628230788277
distance:0.016106267655692064
equal:0.01521708307075749
fairly:0.013393196410402342
order:0.009571047307619427
they:0.0031840260222107293
net:0.02262895894128657
sounds:0.012159401240821974
difficult:0.012720847361904432
in:0.0036384921889656753
heart:0.013552841682749547
edges:0.020602177176623597
use:0.0056750154530626215
and:0.0039091885442742984
for:0.0022208113509356586
subject:9.111589382941398e-05
each:0.06951561494499973
however:0.008181224928999703
space:0.0104351971246181
i:0.001303062848091433
special:0.011930754924454003
we:0.018399234207699247
ago:0.009765070735032915
any:0.003492448007811629
will:0.003867936330727933
turned:0.013402383412674395
the:0.007974861197836396
essentially:0.015360976623058778
would:0.0031831045942128876
complicated:0.016955300612013245
sequence:0.01774303584771215
pair:0.01742969950213835
simple:0.011260029204628808
curve:0.019563913100162873
an:0.009193496299266928
2d:0.020527163843112418
solutions:0.016065877015258606
problem:0.043322156151104116
about:0.00672365993393769
triangle:0.061806531529870784
n:0.012494933432779527
draw:0.05764777524646939
is:0.007335771382680243
number:0.008540153066203952
object:0.02887353103162432
match:0.016337387703661176
2:0.0066498619525440575
involve:0.016852647181169297
1:0.006684381883702077
filled:0.017034369073724968
very:0.0059496330777592055
three:0.009960709919701272
lots:0.012452883998008058
project:0.01314551486489096
by:0.006760651705236629
fit:0.013875249417400603
defined:0.01491750760699508
