some:0.032888362679812794
grass:0.18053839994467288
send:0.04131474818135525
with:0.008237005306895032
from:0.011923552879298248
to:0.007764502310370878
mail:0.043159373307547266
grab:0.07541498637730835
me:0.015261812400064011
requested:0.07377366502159073
this:0.007394118850301676
off:0.03075292180220212
contact:0.04901510280254321
you:0.03131261912161813
sorry:0.044752347672374994
j:0.043015896613082576
are:0.009055089881707402
no:0.015855573749049435
internet:0.04023287243823389
reason:0.03763678766209194
it:0.004828949714647492
not:0.016983380523266617
have:0.014401425722469096
real:0.036022448647862644
without:0.03165085189862669
of:0.0027385997967005445
wayne:0.13162299739388397
but:0.009370186228879017
please:0.026977681083172604
up:0.018921977047216685
programmer:0.07180518695996878
email:0.038646459985463955
message:0.04573689983886932
for:0.004582378350874282
subject:0.0003760134773523704
drunk:0.08411125903680482
until:0.04029810880795273
i:0.005377428373109717
group:0.03798754837755838
info:0.04148444309003377
stupid:0.05438994635586694
the:0.0053081197886553026
can:0.02435397161796376
falling:0.07709369788808468
address:0.04496931484413536
keep:0.03731569836797072
art:0.06495763078403445
function:0.05792958619080927
earth:0.049585002290052804
john:0.07553460280512242
s:0.017477078333972346
news:0.04322361290371012
