reference:0.11661353321932358
literature:0.1478472691926403
mail:0.0957598595261205
and/or:0.25256137669649814
this:0.016405701199106844
on:0.01584402578872781
m:0.04277545975362725
a:0.008728150786539969
algorithm:0.12753278186690176
points:0.11453613401470102
looking:0.08105891704395762
double:0.2761343990649769
in:0.011104981368405655
point:0.0687979987893769
or:0.021072233053221416
for:0.010167151966002312
subject:0.0008342799028755718
i:0.0059655846014185915
appreciated:0.10577381622425759
any:0.03197772707152523
detecting:0.381589424014854
information:0.07621316514011765
curve:0.1791320793233663
an:0.028059316830054273
about:0.030781755635058486
is:0.008396019590333247
very:0.05447632786823273
