cable:0.14636093096234742
say:0.032161779224873614
know:0.020913137723022064
all:0.016170641197394767
where:0.03131282708870783
your:0.02135478342680106
from:0.014348682278477552
my:0.032210652926450895
to:0.00934372311925987
that:0.011759478828287349
need:0.032562745618597226
anyone:0.02835448728205748
phone:0.04978554451202659
something:0.03374002232480547
you:0.01884064370877023
them:0.024845070703936285
card:0.1556394074498767
a:0.007100868436507094
same:0.0329168364496375
want:0.03207793165613867
cables:0.08929473600029916
vga:0.30578858367835005
video:0.059249342251949534
place:0.04609199351383772
it:0.005811108978643593
get:0.022277525004934278
of:0.003295603145182011
up:0.022770514751735332
or:0.011429007757679412
subject:0.0004524907947799711
i:0.006471142618487964
connect:0.07789959881967029
the:0.003832642423673151
would:0.015807621120413153
can:0.043960982666324415
is:0.009107546674259793
number:0.042411268616911156
type:0.0549239408530796
hook:0.08716305146997655
