week:0.02631938018630216
out:0.008993718313591297
palette:0.0494336226911035
all:0.01456592107856933
send:0.022391962754780326
discussing:0.037147837100003495
chris:0.02928814689251374
graphics:0.05372124336091178
split:0.07279277232499551
with:0.004464331120530895
way:0.013224219996538498
concerning:0.03492551330883744
from:0.012924767243208787
to:0.002104120855100505
colors:0.03480837155559576
think:0.010990442958233246
like:0.008890374530600558
nt:0.010901962621716619
me:0.008271669316065227
re:0.0028545076547951947
anyone:0.012770341600315963
this:0.016029998118211267
posts:0.030710057039455507
personally:0.029914844313790084
big:0.021189164533340132
curious:0.03271963618947706
you:0.004242740377165815
am:0.012475850051155462
a:0.00533016841926105
y:0.03254481356133443
nor:0.026370526694468724
low:0.025922095725036794
owner:0.0342122766168825
awful:0.038403939291210804
sig:0.036023942161204386
learn:0.029084077715436883
it:0.002617217020915816
not:0.004602366477679121
have:0.0039026764362416247
only:0.01017966594098692
kind:0.02103455493864931
per:0.026998665004374176
doing:0.020463380955460422
feel:0.023254020490428837
love:0.024978759085354567
algorithms:0.03885122298789823
writes:0.005047804511584445
convenience:0.0444102955098159
making:0.02347028389978934
of:0.008905675674766656
result:0.026984747793980933
reading:0.025086427834831986
aspects:0.07357587605610315
groups:0.02808996640065948
one:0.007506190135691774
code:0.024736736720089282
in:0.008138001613488113
24-bit:0.044976005220913017
5:0.019838724327615898
and:0.0014572420400411827
few:0.017447538174857148
for:0.002483579106199038
600:0.03752554746079258
subject:0.00020379356406120838
i:0.011657936320329462
group:0.04117734251613198
valid:0.032778811584929866
will:0.008651185838956368
the:0.0011507679541817603
do:0.010966685784832009
can:0.006599740400287888
proposed:0.033692784531042685
agree:0.02302713877072091
forum:0.038983984382645324
an:0.006854184263830051
just:0.01792959638879215
newsgroup:0.058689524283577856
address:0.024372682091096266
about:0.007519207483373065
different:0.019291732045887387
is:0.002050936083134839
having:0.019976270171147795
new:0.026320604044023616
else:0.019286658208687454
hardware:0.0270968024707981
lot:0.01892025487225489
fat:0.04159275761716484
hernandez:0.046978785865703025
x:0.02324549610340536
e-mail:0.020990044096582186
article:0.0061857471779893205
by:0.007560576143642489
200:0.03172614539069628
favor:0.036348824714019616
