fast:0.028307300202829577
say:0.015427194912744257
k:0.030802122408550108
dos:0.028695547611739335
own:0.01842675313453655
way:0.01408433186623206
much:0.014204852598048224
ca:0.016719907285303426
from:0.0068827012555298835
my:0.015450638395614657
to:0.005602435610125328
most:0.015094272064772667
us:0.016746962489308913
williams:0.04335155200003401
like:0.009468610272428239
nt:0.005805516680670232
re:0.006080333378506839
file:0.024703137255759428
this:0.004268149905458691
path:0.03606446041512939
cview:0.10906676726165665
directory:0.034272189340084525
on:0.008244045938850244
temp:0.1446604243193387
ray:0.035266413549501385
answers:0.034070009937011245
bryan:0.043087850571146585
a:0.002270738416010399
how:0.010694008107553858
other:0.011213886079934236
standard:0.02474832959725396
drive:0.022957754055333242
variable:0.08634960828240289
organization:0.031153115675746922
files:0.05380994413963723
os/2:0.03846433019645927
no:0.009152404359207398
those:0.015088745156809434
works:0.024188016207729597
it:0.005574885036422309
not:0.009803414773592926
have:0.008313018099961836
technologies:0.0401449237730293
has:0.008656703039728058
environment:0.03412726426729915
writes:0.005376117000142784
applications:0.031709764450360424
of:0.0031616355376542873
opinion:0.026904972069818615
what:0.007483269130053913
but:0.005408806684962686
bearing:0.04608709863923086
well:0.02736370585615195
windows:0.022335017735150422
who:0.010512624993771126
in:0.0014445504219064269
floppy:0.03581317962274665
or:0.010964413946391633
use:0.0135185327459134
and:0.009312132060750973
for:0.005290225413204456
subject:0.00021704843001640894
create:0.0927523339327712
i:0.0015520220101251621
employer:0.036748702629127036
person:0.022806458854258953
any:0.008319408669014695
actually:0.0198724725780576
pretty:0.023398537048127048
program:0.022574255547838012
the:0.005515265926749168
users:0.03210323226224539
would:0.007582517448003058
because:0.028694671526740066
flexible:0.047594441918347635
about:0.008008261628633103
including:0.025853395988050653
current:0.025709314827079822
is:0.008737321199696387
majority:0.033518606714744895
by:0.008052320933472896
sales:0.039342716232321745
check:0.026904972069818615
s:0.005044197405333483
