some:0.009415619960752856
there:0.00740144343207377
region:0.03870705875485311
know:0.009950605852083079
help:0.051776436775204764
split:0.0384510208652194
i.e:0.027859185459479057
into:0.028883933919070747
to:0.004445803742228486
then:0.012870002820772606
smaller:0.036219695718104565
along:0.028177108154364798
me:0.008738618390359231
had:0.012374261981307541
this:0.012701188025114975
ti:0.030553718195577926
set:0.021366246646176784
inside:0.060549282694744945
a:0.011262130047148346
how:0.010607766106686485
3d:0.03772834216610902
as:0.0064525335501372455
rejected:0.04232242380956809
whole:0.02412835060505879
output:0.032962566039791294
sake:0.040187806436769044
it:0.00552992628612858
cool:0.03702279818124519
have:0.008245977631413756
made:0.018754673805790333
domain:0.07198714595129957
area:0.0776242026933713
stay:0.03184433522787244
hope:0.023294044658387462
doing:0.021618571815849315
b:0.02468474472995356
has:0.008586890918439926
be:0.018660040552821656
loop:0.04139975968716692
get:0.010599790123315501
if:0.005404438869059752
of:0.009408415430600257
uv:0.05143035886872021
up:0.021668715650844914
in:0.002865801643459524
or:0.005437995626637784
for:0.0026237811525167258
subject:0.00021529803945176046
i:0.0015395057035918946
cells:0.04404091748263832
appreciated:0.027296468703034215
cell:0.044779362591714854
ms.uky.edu:0.05025953620868394
body:0.02862646067479477
any:0.016504633327238828
the:0.00607865330636333
solve:0.040063734510644204
would:0.007521368113744968
can:0.01394461278125344
individual:0.03114263057473026
curve:0.0924552667475439
2d:0.09700740332309578
human:0.025853567509972385
problem:0.05118303125916736
is:0.019500432596903025
done:0.021360189930812082
patch:0.04265502831387494
by:0.00798738286142876
