some:0.010152494566376992
at:0.007660565325690705
u.washington.edu:0.05871354738402363
help:0.01860950191340693
all:0.008296242005619923
thanks:0.017333796912314462
controlled:0.04219711144123737
stand:0.068482409642895
your:0.010955932366793588
into:0.01557220785202075
to:0.003595302156758689
cuts:0.04696042735678884
amiga:0.04381808137206762
software:0.02448509468244571
might:0.01849639248589953
mail:0.053292443562362714
that:0.006033123920599597
like:0.010127296204423245
could:0.013122688307183107
me:0.01884502052877469
need:0.03341220854777802
this:0.0045650646814906
editing:0.10149160377893152
roll:0.04685872266319587
set:0.023038387688051488
you:0.0193321387620425
used:0.01716924789858144
brand:0.03917880280712796
more:0.0110558176158324
a:0.004857405655117896
low:0.029528648173737564
doesnt:0.05492817285134671
mac:0.029837235954879443
advance:0.027508706231970867
helpful:0.040387855402219196
computer:0.023310460044915784
are:0.01118106750610827
it:0.002981351562956278
ken:0.07175778610634455
have:0.004445657505631764
only:0.011595967289298145
be:0.020120391552607697
if:0.011654789908928858
end:0.04703014613174799
of:0.003381575401143281
looking:0.02255552474266647
what:0.00800384437388375
but:0.005785071497829654
requirements:0.0423162318269605
alone:0.033384463786212994
up:0.011682264090020737
in:0.0015450408860390476
our:0.019389351504177334
system:0.0971835795322837
or:0.011727155786140614
use:0.028917904830388662
and:0.004979966275966824
for:0.005658241094123026
subject:0.0002321474512349417
station:0.035965131632801364
i:0.001659988758655608
we:0.03515853667079921
info:0.025612134429499108
necessary:0.0313458763259263
will:0.009854829086115516
the:0.0019663121999714426
would:0.016219993845293497
can:0.007517965151632291
maybe:0.023025331150802818
upgrading:0.048648740525840645
different:0.021975799113141285
is:0.0023362837120927296
suite:0.04599324792104776
hardware:0.03086679237977871
type:0.028178369655058228
matter:0.02626872184261341
very:0.015158630363334324
by:0.008612482389714488
high:0.02432455500557845
