reference:0.06167988533914636
believe:0.017955965953143308
there:0.007584950294026012
graphics:0.02908050776974977
siggraph:0.10949131533310466
with:0.004833284105698738
way:0.014317130740054078
literature:0.039100104249293305
to:0.0022780151406460013
mail:0.025324921527569058
that:0.002866980375491544
jeff:0.03483867180851567
memory:0.02794737376997781
like:0.009625116227344407
nt:0.00590147563406974
and/or:0.06679309135775158
me:0.008955278350450784
re:0.003090417378331988
89:0.039100104249293305
math:0.04033269233273657
this:0.008677395675560645
contains:0.03469135127998178
something:0.01645174642283903
on:0.008380311160979998
1989:0.039100104249293305
m:0.01131251828195101
more:0.021015190509433485
a:0.005770678205976839
same:0.01605035826883151
sorry:0.02625964202263326
was:0.021953581837224435
given:0.023039566604803975
also:0.012260306873384847
course:0.04043226115537222
not:0.004982727343603016
authors:0.04250099203907948
have:0.0042252116789062225
whether:0.023615360205634914
treatment:0.03601903693413536
intersection:0.05220446180086671
algorithm:0.033727677849097984
points:0.06058109567719723
be:0.004780671546590672
notes:0.038663755608243956
writes:0.005464978438161672
whatever:0.02731372379135011
of:0.004820840964439801
available:0.02232284155218372
looking:0.02143706897030284
double:0.07302727909156413
called:0.0221673925277416
one:0.016253072855795414
in:0.007342136441921094
point:0.018194512076529428
or:0.016718465893464925
for:0.008066500733357207
subject:0.00022063600737205204
i:0.004733025799472602
appreciated:0.027973240654349116
any:0.008456919556105846
detecting:0.10091621130971345
information:0.02015554780565095
decide:0.03383229269927917
actually:0.020200943199182517
than:0.01182315109272282
the:0.003737618231350676
do:0.005936511726499972
specific:0.030290547838598615
transactions:0.05128524167598882
curve:0.0947475460883921
stone:0.041120379769135955
an:0.007420645773237494
here:0.014879346327466084
about:0.008140629589436956
general:0.024367193083368193
is:0.004440869865961387
issues:0.03144817754213963
article:0.020090897859089282
very:0.028813925484023922
useful:0.031688324108086266
giving:0.03135014006024029
