mode:0.09455272213526496
some:0.014414035495473506
pixel:0.12137893129293402
there:0.011330604760211697
know:0.015233026242695083
knows:0.043135326063472035
where:0.022808108620169895
much:0.021570331722962115
ls:0.07537568869429215
to:0.008507402222782906
mhz:0.11666929852109327
clock:0.10592940290368927
technical:0.0947344998251679
like:0.014378260043316953
nt:0.008815784589165907
need:0.02371854310490415
this:0.0064812646712520865
1024x768:0.1364348713329561
registers:0.0759780364000876
am:0.02017699205804155
how:0.016239049348507707
other:0.017028493676937168
standard:0.03758079679583008
40:0.04721613812376294
timing:0.06789253062552282
also:0.018314779403451435
sci:0.07056748169723384
bios:0.11915606335076812
university:0.029016544464180907
36:0.06466580514238199
details:0.04709656644802882
anybody:0.03752586598657648
comp:0.07250380850578901
of:0.004801002112734288
but:0.008213373114202595
using:0.027215068872159513
who:0.015963615731282077
republic:0.06348913625590884
in:0.002193576566598648
66:0.06315694547911965
and:0.007070322490570182
subject:0.0003295920603952876
i:0.009427096654093576
info:0.036362906906078976
any:0.012633176127022312
information:0.030108904746713145
program:0.03427942509116142
than:0.01766174422493162
the:0.0009305592715914234
do:0.008868122455635761
would:0.01151419316178242
about:0.02432138716844127
interested:0.03551945944956691
is:0.0033169460109958504
select:0.0584833941804994
obtain:0.05654827424217466
2:0.02405443891475813
switching:0.0654296990154448
changing:0.05286936754945068
very:0.02152151224424009
function:0.050777785426511825
by:0.012227598454532914
trident:0.07661128694808206
