another:0.015293140209576405
above:0.01877693813881755
large:0.02064851117163845
at:0.0182268623266434
out:0.008125359304003172
computing:0.06017188247143506
help:0.01475926013821929
all:0.006579778142388215
06:0.08596113779140425
take:0.014660338829901403
storage:0.03464012990976549
fax:0.042188183998391575
with:0.004033292253721016
into:0.012350371744706113
someone:0.015196262859744965
from:0.005838429340897762
suns:0.04261750866476818
to:0.0019009643587459735
otherwise:0.02450610228697956
look:0.03270576999001256
then:0.01100607137776416
format:0.027724513841641478
that:0.002392445692651564
quite:0.0183186164283407
like:0.008031993541439126
me:0.007473025382100308
australia:0.12797499904673756
sunos:0.03492397868558278
greatly:0.02691675275724553
national:0.04488515758603467
phone:0.0405151327753044
had:0.010582127487463
this:0.0036205685404925446
parallel:0.06346694327532952
directory:0.029072270957451008
set:0.0182718247181098
ta:0.03184381881936436
a:0.003852425174748676
how:0.009071468946407753
want:0.01305239977732539
markus:0.26520468405665737
part:0.033782373964321065
odd:0.03351375021250136
stuff:0.04032298693342927
international:0.05469468442401922
section:0.028343166383608877
display:0.02542152701334812
files:0.04564567675293364
it:0.002364520205103255
ve:0.012587128958809892
university:0.03241848415998143
ideally:0.04090398204891646
anybody:0.02096272513732893
which:0.01781920458644852
utility:0.06542391689237013
structure:0.0317700582047661
of:0.0026819391112515674
cheers:0.03002870811285756
explain:0.024793500193190373
approaches:0.037837183281596146
award:0.03898928041720419
please:0.013209761082105205
must:0.015982485706755152
up:0.009265243933464722
email:0.03784687805473022
point:0.015183006629379728
or:0.004650423846228174
use:0.011467445018947227
and:0.005266171234355722
for:0.008975141045850317
subject:0.0001841169440828848
i:0.006582714042944653
6:0.040528960449092336
appreciated:0.023343187028801674
any:0.007057153560612464
research:0.04258388249016244
will:0.00781589893036748
the:0.003118977972368495
do:0.00495391668211377
would:0.006432066524857766
can:0.023850096343109334
an:0.006192400955598185
problem:0.014590105462383339
is:0.00370582933642295
type:0.022348362140218594
61:0.06961806699205919
under:0.016740161566245786
image:0.025524572392646046
convert:0.029507448242747168
documentation:0.030876719913787456
facility:0.07044002695346949
strange:0.0303197450403774
