root:0.08260785832438979
some:0.00956997438633897
ask:0.023889857248822685
help:0.017541743606899977
thanks:0.01633923479439478
though:0.020373313127956393
work:0.016598954622871344
post:0.02116867052812443
my:0.015577282972627891
to:0.0033890143280922067
pov:0.10088886800667372
day:0.02084674619477764
that:0.00853044160904451
provide:0.027679964576093556
helps:0.03467190406666363
like:0.009546221832038305
nt:0.005853102882970807
its:0.01694938160683746
scott:0.09398550130749606
tiff:0.04466107580203766
weak:0.03834683957866819
on:0.004155810042944999
you:0.004555729421382966
os:0.0389291000140514
openwindows:0.04518333657569428
a:0.004578702051955394
how:0.010781663911714135
looked:0.030532813151472826
as:0.006558312788664086
question:0.03578665710405089
display:0.0906423299246429
files:0.054251009255535894
it:0.002810290407704688
have:0.02095289398146118
ve:0.029920224574220236
raster:0.0492988443117372
sun:0.11896696079012595
if:0.005493036227568929
of:0.001593775291522448
short:0.028385064472305474
but:0.00545314116598697
fairly:0.03216562744465481
find:0.017347924079290086
who:0.010598794051097118
good:0.013278769273438518
in:0.001456390999135168
compiled:0.04326846074633768
or:0.016581429287780787
p.s:0.03717075987803138
and:0.001564743502011434
for:0.008000381874887065
subject:0.0002188275155083467
i:0.014082691518102904
everybody:0.033425486063411385
comp.graphics:0.04947899928484192
any:0.025162801630052637
information:0.01999033839740791
images:0.03488403068951462
background:0.07257377049699366
the:0.0030891516802830036
do:0.005887851794315547
hello:0.03171549828403092
would:0.007644669230363738
did:0.013474680683958733
last:0.017870184852946704
people:0.012338304426828832
gif:0.03839381232218446
netters:0.040473980525267246
picture:0.033528916095863934
3.0:0.037891348995432034
done:0.021710356978858186
window:0.057163815439756425
provided:0.03309807732462741
keep:0.021716512984638697
faq:0.03182045133522754
thus:0.02730618912193693
answer:0.02488746755843325
s:0.005085543285705069
