another:0.07039699461551044
simply:0.048549894283863325
out:0.018701223794927932
there:0.014567920405986466
resulting:0.07780092031605917
all:0.015143933819782398
polygon:0.47396026917564615
way:0.027497981262643544
simpler:0.09512623493350753
from:0.013437654832225008
my:0.015082766052861924
to:0.00218761771442989
then:0.025331434123425447
finding:0.07077151332907848
need:0.030495269706305336
comments:0.058476270063953964
this:0.00833305457732411
a:0.006650019646887595
as:0.012700224765349499
idea:0.04400597294064692
not:0.009570000136126426
clip:0.09321918236458587
against:0.041004457018378515
algorithm:0.06477855586890248
of:0.012345434004173882
using:0.03499080283563366
necessarily:0.06170258782628892
one:0.0468243289416963
in:0.0028203127284839756
edges:0.09581647480556688
subject:0.0004237612205082269
each:0.04041284757715262
welcome:0.06640663788510177
the:0.007178600095133838
problem:0.03358040146104102
is:0.021323224356401896
new:0.027365072458468996
window:0.05534909114008161
matter:0.04795084145873876
first:0.029802457609381605
checked:0.07144073254851147
usual:0.06809747329522882
