some:0.007075981061414267
since:0.012126191656992007
read:0.027478824992702083
week:0.020895992753973233
know:0.007478031064595768
all:0.011564458553288378
specification:0.03435583716742664
where:0.022393415736166808
from:0.015392222807821373
wrote:0.015609545301168854
2-3:0.035259083101732626
to:0.0025058166547106014
significance:0.06398487528549329
5.0:0.03074191380639617
then:0.009672002119853352
ii:0.02225090790975829
been:0.017784731966320477
that:0.0021024522753604656
technical:0.023253013593450302
nt:0.004327748798317809
its:0.012532270036570729
bytes:0.03111254667399211
re:0.002266306077443458
so:0.006192791499302546
anyone:0.010138877270553886
tiff:0.09906638632451989
this:0.006363423495411139
he:0.009637170954668092
sheep:0.03594592361874477
on:0.0030727807590259994
spec:0.031805942741736024
took:0.020456979857070783
came:0.018295313530169374
m:0.008295846740097406
sure:0.026449018426172165
a:0.001692732273753206
how:0.007971896952903785
other:0.008359442350496429
question:0.013230218686952148
wondered:0.034082379983908645
computer:0.016246684273729183
l:0.020030064113656744
place:0.01648137949888743
deep:0.02757451865331237
it:0.006233735086181308
not:0.0036540000519755447
have:0.0030984885645312294
picked:0.028934522426065465
42:0.17695878764001666
second:0.016664822888801615
after:0.011692204167666372
robert:0.019366133508834565
exposure:0.03325085803534207
has:0.006453178629615461
adams:0.02808251060411886
showing:0.026024389803792805
of:0.005892138956537535
philosophical:0.06798780482331847
what:0.005578436987858371
but:0.00806403905758073
years:0.013513790442305414
version:0.01891194307676112
they:0.005654058330349962
who:0.007836684086265748
up:0.008142184062741725
universe:0.02685729909494541
over:0.012157216681935501
one:0.011918920094249968
in:0.0021536933562968544
according:0.020845613361128595
yes:0.016162702245478115
chosen:0.029837087737532776
douglas:0.02733564611670099
and:0.002313923724186605
still:0.012373994437754832
for:0.003943622580752412
subject:0.00016179973873950483
guide:0.05698711328507119
i:0.006941771172559816
any:0.0062017410078109535
actually:0.014814025012733847
pretty:0.017442545799512887
suggestions:0.023981796188308348
the:0.0077659401029175155
do:0.0043534419327666465
thing:0.013720802637120949
when:0.0079252996535984
last:0.013213106376118168
makes:0.016927138680314997
launched:0.0336523694628645
finally:0.022039542277552154
about:0.005969795032253767
is:0.006513275803410034
number:0.030330483010881915
time:0.019145575392772285
does:0.0073847806929546985
life:0.016911390019931576
first:0.011379120178127523
significant:0.025229865415175547
earth:0.021336576742992417
answer:0.018401642679568828
by:0.006002639241316158
millions:0.028858763863858
everything:0.018725227175292444
galaxy:0.035368286165385225
s:0.007520439767951737
