where:0.06370540683564696
your:0.021722969347952804
from:0.014596073352244407
post:0.04452720352467553
to:0.002376205448432467
indicates:0.08475597788558324
ms-dos:0.17860901063479193
mail:0.05283302594544579
like:0.020079983853597813
me:0.01868256345525077
re:0.0064472500478994915
michael:0.10361017936805825
this:0.009051421351231362
hi:0.054327873448524217
recently:0.057057095941167056
you:0.038330964786808405
tell:0.04155215609693884
a:0.004815531468435845
copy:0.05890710250109211
xv:0.182387017617948
no:0.03881881848905206
d:0.03141110728236268
it:0.005911300512758138
ftp:0.06540287840153579
have:0.026443997231775148
found:0.04611242250443099
writes:0.011401075707199351
of:0.006704847778128919
wayne:0.16112470370630624
but:0.011470400383627764
please:0.033024402705263016
in:0.0030634431361119046
for:0.005609463153656448
subject:0.000460292360207212
i:0.013165428085889306
world.std.com:0.07924269535104392
would:0.03216033262428883
address:0.11009728806667624
under:0.04185040391561447
e-mail:0.047408547873314937
