since:0.01333881082269121
read:0.03022670749197229
out:0.007854513993869734
help:0.014267284800278647
posting:0.021994590379708273
your:0.008399548147875083
cut:0.024406769972029344
6.0:0.035548272640027884
my:0.012669523484404019
tight:0.0346580633558644
to:0.006431596080423877
significance:0.035191681407021315
obviously:0.024545953872173044
then:0.010639202331838689
important:0.020949128619821483
make:0.011733869888998025
that:0.01156348751448256
problems:0.018287154905945156
think:0.019196640367047404
nt:0.00952104735629918
its:0.027570994080455605
me:0.007223924536030299
need:0.012808013276648243
anything:0.015474941002129358
re:0.002492936685187804
so:0.0204362119476984
tiff:0.14529736660929585
programs:0.023554547495296778
you:0.003705326596058146
fix:0.029000259727869897
spec:0.06997307403181925
e.g:0.027061834801275306
why:0.02372963440205342
paint:0.03253503848174084
a:0.0009310027505642634
hurts:0.039152056593126074
anymore:0.029543029004439954
acceptance:0.034787517261578416
also:0.009889980877863776
volunteer:0.03843708639076876
quoted:0.02978547996557912
far:0.016595853814142678
those:0.012372771028583735
magic:0.03434501680194593
it:0.013714217189598879
not:0.0040194000571731
ab:0.03485319923786516
probably:0.01591482476686139
christopher:0.03226102731050383
ve:0.01216755799351623
42:0.03244244440066972
b:0.02040605564342828
allen:0.029693524484696882
be:0.003856408380916476
which:0.008612615550116786
writes:0.004408415940117083
if:0.0044676694650893954
of:0.0025925411408765156
trying:0.017975521487122642
philosophical:0.03739329265282516
but:0.004435221481669402
significantly:0.03258182229946515
nearly:0.028600938783996107
they:0.012438928326769917
up:0.008956402469015898
now:0.02202552530504326
in:0.0035535940378898095
or:0.004495409718020569
and:0.0038179741449078986
for:0.002168992419413827
subject:0.00017797971261345532
p:0.022440853597542335
i:0.005090632193210532
back:0.014042378133783584
will:0.015110737932043792
images:0.028372344960805224
than:0.009537341881463076
the:0.0020100080266374745
compatibility:0.03799977117419667
do:0.004788786126043311
got:0.014747692144203827
would:0.012435328614725015
complicated:0.03311935386213254
maybe:0.01765275388228216
last:0.014534417013729987
about:0.013133549070958287
is:0.007164603383751038
number:0.016681765655985056
write:0.02169449283325009
lack:0.025863473726017248
keep:0.01766276389417281
easier:0.027844491429390675
define:0.028498372658399572
fat:0.03632434165232396
matter:0.020139353412670286
unless:0.02052040950493661
too:0.013016785785763312
late:0.0256942599042078
change:0.019813394052736584
article:0.0054022192021106735
by:0.006602903165447775
happy:0.025320633923233474
s:0.00827248374474691
