mode:0.09818936529431362
24:0.04696261216498026
help:0.02743708615438201
thanks:0.025556239037386703
graphics:0.09022413949076209
with:0.007497786881917273
supporting:0.06302367586363881
via:0.04382347921302109
to:0.005300766000349349
plot:0.07287458101488924
that:0.004447495197877908
bit:0.06987395379629999
this:0.006730544081684859
routines:0.13405076629948137
these:0.021238922732037726
on:0.01300022628818692
set:0.033966853642640016
possibly:0.04970453414611976
great:0.03232372677862406
libraries:0.06429213673357348
board:0.09208196203474729
a:0.0035807798098625512
want:0.024264076509130532
speedstar:0.15654950728814523
modes:0.06369106511948565
also:0.019019193995891876
advance:0.04055770790611089
plan:0.05007133586459751
have:0.013108990080709046
color:0.047367078289787
800x600:0.07603945380888316
anybody:0.03896916852452173
be:0.007416169963300914
24bit:0.07858369661303494
even:0.021527685227769558
please:0.02455660713981096
david:0.06401141639344857
in:0.002277944896083211
640x480:0.07890026856932175
or:0.008645018688501094
use:0.02131768625317113
and:0.0024474193236589093
for:0.004171139268103512
subject:0.00034226867810279864
i:0.007342257970976728
any:0.01311906751652317
program:0.03559786451774455
the:0.0019327000256129563
would:0.011957046744927898
24x:0.15654950728814523
simple:0.042297289191746676
individual:0.04950879732393016
max:0.24418954038649077
does:0.015621651465865707
16:0.04470503515160438
e-mail:0.03525250995708034
diamond:0.06418998071243019
pixels:0.07349008382497078
respond:0.051846253180262904
