since:0.011498974847147594
week:0.019815165542560825
out:0.006771132753335976
there:0.010549183742266063
all:0.016449445355970538
discussing:0.027967624483335965
chris:0.02205027151103046
pardon:0.03375177292510868
graphics:0.040445303909651974
split:0.05480375387686443
with:0.006722153756201693
way:0.009956165629577836
concerning:0.026294495652055775
into:0.01029197645392176
from:0.004865357784081469
my:0.005461001501898283
to:0.0015841369656216446
amiga:0.028960226194182623
that:0.0019937047438763037
think:0.008274413951313536
like:0.006693327951199271
re:0.002149083349299831
michael:0.03453672645601941
so:0.0058724746976144835
anyone:0.009614452584145927
this:0.015085702252052269
posts:0.023120790069934893
personally:0.022522095431646558
these:0.00952089639712036
big:0.015952761803836535
curious:0.024633749085181005
you:0.006388494131134734
fall:0.022415523145944437
am:0.009392737682191756
more:0.007307005895521413
a:0.004012942890363204
bring:0.021800959467178593
ccwf.cc.utexas.edu:0.032758423426031615
awful:0.028913310615796637
also:0.008525845584365324
learn:0.02189663322254156
readily:0.03191172966306116
are:0.0036948929977081925
internet:0.016416861742037967
it:0.0039408670085054245
not:0.006930000098574309
have:0.002938221914641683
only:0.007664001369363716
kind:0.015836360327373906
per:0.02032658112398286
doing:0.015406338535432846
shall:0.02275734490823422
feel:0.01750733726578263
algorithms:0.0292500586862912
environment:0.024124445430332157
be:0.0033244899835486856
asked:0.019381039647922017
which:0.007424668577686883
writes:0.0038003585690664504
convenience:0.0334353374240568
making:0.01767015626938163
of:0.012292220926569685
result:0.020316103224204036
reading:0.01888690831243098
aspects:0.05539333197327306
groups:0.042296386189498755
must:0.013318738088962627
one:0.011302424227306006
code:0.01862363511684883
in:0.005105738560186508
5:0.014936051074239556
and:0.002194238014314884
few:0.0262715804701872
for:0.003739642102437632
subject:0.00015343078673573735
i:0.006582714042944653
group:0.031001332583984426
addition:0.022789451843341343
will:0.013026498217279131
char:0.035514590553973484
the:0.0017327655402047195
do:0.004128263901761475
categories:0.03353889205338254
would:0.005360055437381471
proposed:0.025366406744635587
agree:0.017336524017037006
forum:0.029350011230612285
an:0.0051603341296651535
just:0.013498719120297539
newsgroup:0.044185791270969534
address:0.018349548011112705
about:0.011322025061170938
different:0.014524235046041653
current:0.018173825998452978
spectrum:0.031243569857797585
is:0.006176382227371584
number:0.01438083246205608
having:0.015039605703565296
else:0.014520415088149751
lack:0.02229609803967004
hardware:0.020400466228014665
lot:0.014244559702674658
issues:0.021869134957464915
ch:0.28070946134426045
article:0.004657085519060925
very:0.010018635010249697
already:0.03339984277353277
thus:0.01914571880963394
by:0.005692157901248081
favor:0.027366069181244655
newsgroups:0.024633749085181005
