22:0.04385628000266054
some:0.012289861843508991
at:0.009273315920572959
there:0.009660831427127868
all:0.01004281926996096
supports:0.045490941943776696
graphics:0.037039383580418125
text:0.11420727578632318
with:0.006156077650416288
jpeg:0.06087007781025909
c:0.027222081004515366
o:0.36852410355788223
times:0.02958395938413712
antonio:0.1290427018066679
look:0.024959666571325374
then:0.016798740523955823
pov:0.06478127314112733
that:0.0036516276361523874
think:0.015155242395037424
me:0.011406196635837312
re:0.003936215818717585
so:0.010755901025104422
bell:0.046981084726111295
hi:0.03316859642120426
directory:0.044373466198214695
on:0.005336935002518841
you:0.005850515677986546
tell:0.025368684774973185
them:0.03086019308488928
ray:0.04566072491145968
a:0.0029400086859924105
3d:0.09849083007573724
as:0.008422254318073879
let:0.024264607818450787
primitive:0.059509954320995866
are:0.027069952909525283
not:0.006346421142904893
have:0.005381585401554241
made:0.02447978475703159
uucp:0.04456451165616919
quality:0.04046488253236157
cad:0.06560192094607166
demo:0.058890580636543934
cylinders:0.06532120255573313
comp:0.12363807345197707
of:0.006140229017865431
what:0.009688864242069802
lines:0.03719139078204754
please:0.020162266914792153
good:0.017052735277468412
called:0.028234257851123514
in:0.0056109379545628574
and:0.006028380228801945
subject:0.0002810205988633505
i:0.002009460076267315
images:0.04479843941179772
decnet:0.06931583015262685
the:0.0023802726631233255
see:0.01862511327801238
regards:0.04346702733696488
e:0.03274620732688239
n:0.0385370052189937
tracer:0.07318661731184072
first:0.019763735046221486
fonts:0.05213422393999241
e-mail:0.02894416607002386
high:0.029445513954121278
s:0.006530908219537035
