rick:0.34376160579489984
to:0.009844279714934505
re:0.026710035912726464
this:0.037498745597958495
contact:0.24857659278432626
you:0.0396999278149087
card:0.21863631046530296
watson.ibm.com:0.4168405155206115
video:0.24969365663321588
turner:0.40274341308071904
subject:0.0019069254922870211
i:0.013635621946099637
rgb:0.38491093616196603
about:0.07035829859441939
