another:0.03411546662136275
know:0.018982694240896953
help:0.032924503385258416
with:0.008997344258300729
ca:0.0316392091706511
to:0.0021203064001397397
martin:0.1429108729616987
ms-dos:0.07968709705244564
that:0.0053369942374534894
nt:0.0219716477453058
its:0.031812685477448775
me:0.016670595083146843
anything:0.035711402312606215
re:0.005752930811971855
rahul.net:0.1962265999914248
programs:0.05435664806606949
you:0.01710150736642221
ta:0.07103621121242817
running:0.046576314037641564
solution:0.05984395489589613
xv:0.16274533879755362
setup:0.0679039195933322
no:0.017319165172038613
kevin:0.13863268685599126
requires:0.12351245492033311
it:0.005274698919076492
have:0.007865394048425428
uses:0.05253838661286826
be:0.008899403955961097
which:0.03975053330823132
writes:0.010173267554116345
get:0.04044227616280376
certainly:0.04731934272700986
if:0.010310006457898604
commonly:0.07939952577533559
in:0.0027335338752998537
for:0.005005367121724215
subject:0.00041072241372335844
i:0.005873806376781383
any:0.015742881019827806
the:0.0023192400307355475
do:0.02210208981250759
got:0.03403313571739345
would:0.028696912187826957
address:0.049120328522055556
run:0.041182068129036846
x:0.09369723044757239
guess:0.04609472712208698
under:0.03734343734008676
almost:0.046492198927147205
e-mail:0.04230301194849641
