go:0.030397378934283237
there:0.014340296649642929
to:0.008613744750567693
most:0.029009304124484967
control:0.04765053546782849
anyone:0.026139292963146737
set:0.04139710287696752
working:0.04950842204229074
a:0.0043640753932699845
want:0.029571843245502837
are:0.010045490337519149
ftp:0.0592713585513918
have:0.0319531633217283
gordon:0.21030534974292286
site:0.061024440584978225
sending:0.07093430460096808
of:0.006076268298929333
what:0.014381907859322363
but:0.01039505034766266
up:0.02099156828675601
code:0.15189902392179827
compare:0.06733923302802364
and:0.011931169202837183
for:0.005083575983001156
subject:0.0004171399514377859
phillips:0.28966587920584624
hangs:0.09236366827807355
we:0.14740948968746548
the:0.003533217234323686
when:0.020432413169433374
can:0.013508843631839271
an:0.014029658415027136
record:0.1205202624136436
is:0.0041980097951666235
done:0.04138536799094841
time:0.024679843279745525
does:0.01903888772402383
functions:0.07318820473916413
