there:0.016388910456734775
tony:0.08254901031147692
ron:0.1513320834366084
acm:0.11444844996492655
corp:0.08264579723057226
and/or:0.1443207866837132
re:0.006677508978181616
july:0.08791284779808764
on:0.009053729022130176
1989:0.08448415382436587
8:0.05272305861381904
3:0.04181189186852892
m:0.024443119859215573
answers:0.07483234325450683
a:0.007481272102748545
ms:0.07464535575687654
are:0.01148056038573617
no:0.04020520486366106
only:0.023813147111951545
points:0.065449219436972
writes:0.01180825698245647
po:0.09318084980779931
dept:0.07327334804181784
of:0.003472153313673904
looking:0.04631938116797578
double:0.15779108517998677
box:0.05658105376261798
in:0.009518555458633417
point:0.03931314216535822
pp:0.08857675857026182
cross:0.08179303952885977
and:0.003408905486524909
for:0.005809801123429892
subject:0.0004767313730717553
i:0.003408905486524909
vnet.ibm.com:0.19548759107335756
any:0.018272986898014414
detecting:0.21805109943705941
information:0.04355038008006723
see:0.031596174310913855
ibm:0.0703654833771369
vol:0.09686178204865062
ny:0.07502130949255213
curve:0.10236118818478074
stone:0.08884939200116874
950:0.10664106056452038
