generated:0.05217922382518599
feeling:0.0469530844149411
louis:0.10135917607737549
say:0.020403709400726274
there:0.009868591242765026
printing:0.05225262129906126
your:0.05419063321209732
with:0.006288466417091907
such:0.020677604338363426
from:0.01820585493398227
sue:0.059559519455020034
to:0.002963869161485658
that:0.01492062905094524
nt:0.007678263997015469
anything:0.024959582261498966
re:0.0040208656212706514
so:0.021974421449138068
on:0.01090341559654387
took:0.03629464168189978
m:0.014718437764688948
richard:0.04017287650299762
skin:0.055296989642243194
van:0.04930758097304572
it:0.01105985257225716
should:0.017664646690682576
only:0.01433909933622889
beware:0.06236611972781165
always:0.028569420408588255
copyright:0.05519967958288923
be:0.006220013517607219
writes:0.007110348290511424
soon:0.03867735093590829
of:0.00418151796915567
breath:0.06128995350676883
they:0.010031393811911224
one:0.010573235567479812
in:0.003821068857946032
competing:0.06095390465188598
and:0.0020526742714558595
for:0.0034983748700223014
known:0.035020739222218905
subject:0.0002870640526023473
i:0.0061580228143675786
room:0.04288202667009254
will:0.024372157954909345
images:0.13728554013292849
source:0.033540515717202415
the:0.003241948430060443
got:0.02378660023258682
did:0.01767646283272006
here:0.019359149522832218
about:0.010591571831417974
company:0.03619492515732635
newspaper:0.05301554319123636
is:0.0086668589319569
living:0.039612957140097854
build:0.0401250866991221
protect:0.044401802118404984
image:0.07959275262222962
words:0.03556837775814382
article:0.00871325677759786
satellite:0.052627317334869514
earth:0.03785521680208333
hundreds:0.05049038629793097
hanging:0.06199530063027219
unlikely:0.051268027820292536
appear:0.04245911363716325
