sells:0.02629748082154972
simply:0.016013839475829263
ask:0.015259489970452187
at:0.004612382264159325
there:0.004805125578937945
formats:0.02638261443867946
know:0.006460079191928282
help:0.022409347853840807
graphics:0.0368454601061751
your:0.006596503781053731
frames:0.030649823853176748
way:0.009070014762023787
ca:0.010767270136609011
companies:0.020820064636585006
generate:0.024553972816875675
from:0.00886463093644163
several:0.014756289906112025
single:0.017023176285405107
to:0.002886280963541007
gl:0.09379946688397604
then:0.016710789002887992
most:0.009720395099303863
archive:0.025406637778755483
us:0.010784693121387414
format:0.021047405796010547
that:0.00544876375027974
problems:0.014361639978490959
directories:0.02976030010032126
quite:0.013906803047693202
helps:0.022146451812214467
nt:0.011215893482551389
professionals:0.031842409878677855
could:0.007901095054063128
pcx:0.03222105208590103
me:0.0113464783288434
re:0.0019578036794668614
package:0.020352162476734045
afraid:0.023639917454091372
complete:0.019388564661229204
anyone:0.008758715966708856
file:0.03181660609904093
you:0.020369596470476717
tell:0.012617932217918602
used:0.010337505279250606
m:0.007166569173382577
a:0.003655769962948678
other:0.007221507789695868
sorry:0.016635689448893324
commercial:0.0218133329856165
let:0.012068783993470288
files:0.017326238558050728
product:0.020894753522233293
are:0.0033660281759226468
no:0.005893956733939843
it:0.008975273029842197
not:0.003156596903539083
pd:0.028526969884024055
have:0.013383523904388819
frame:0.05060172888402908
domain:0.023367555230264785
ve:0.009555673816897562
hint:0.028657866754209487
hope:0.015122835275602332
site:0.020447980091301606
public:0.015516987424401016
be:0.003028592969306133
writes:0.006924213518508506
if:0.01403456376467873
of:0.004072054147973584
seen:0.013573114610588235
available:0.028283390867164714
extract:0.030747688423921
utilities:0.08120845394857266
easy:0.01734911813748067
over:0.010502307604813393
one:0.005148224648039909
in:0.002790780658028646
system:0.023405469416152097
yes:0.013962543824627692
or:0.007060852960241732
use:0.017411303955469613
and:0.0009994696714418583
for:0.0034067943760426596
subject:0.00013977464341370836
each:0.026659784265556184
welcome:0.021903760140112104
300:0.0217775949485987
i:0.004997348357209291
possible:0.013491998025992578
any:0.016072574863174982
allow:0.018357459012432423
actually:0.012797456162832904
the:0.003551715753875119
do:0.007521653601115149
can:0.0045265235206163
problem:0.011076258073537092
just:0.0061486312223344814
many:0.019405246362074278
gif:0.024523796352390076
is:0.004219988904041841
picture:0.021416375726153927
save:0.01896602215927379
under:0.012708499618354133
image:0.01937729317766323
article:0.004242580525217807
convert:0.02240094238323738
animation:0.08307680907204962
before:0.01113190715823374
usual:0.022461470249211603
by:0.010371052092326347
grasp:0.1863165674479441
check:0.017326238558050728
s:0.006496714982785532
