screwed:0.08062593674957565
another:0.03359856561194816
mode:0.0580209885830035
at:0.026695909468316095
out:0.017851168167885755
thanx:0.07352526993548936
know:0.018695077661489423
work:0.061365832242130415
to:0.002088180545592168
colors:0.06908934354216735
that:0.005256130688401164
nt:0.010819371995794523
happens:0.05660723507240574
best:0.036896607272142945
cview:0.3048911902996311
on:0.023045855692694996
card:0.04637739918960972
m:0.020739616850243517
answers:0.0634941094280664
a:0.004231830684383015
same:0.0294256568261911
was:0.013416077789414933
driver:0.05575432724979382
question:0.03307554671738037
worst:0.06529865020899261
it:0.005194779238484424
machines:0.05978706871036806
color:0.05597927434247555
anybody:0.09210894378523318
of:0.0029460694782687674
gotten:0.06529865020899261
up:0.020355460156854313
in:0.002692116695371068
or:0.010216840268228566
and:0.005784809310466513
subject:0.00040449934684876206
i:0.0028924046552332564
hangs:0.08956476923934405
program:0.042070203520970836
the:0.005710250075674644
thing:0.03430200659280237
64k:0.09112816675805967
come:0.03638172234044559
different:0.038291165121382545
viewer:0.08129944830367919
vesa:0.07998109410686663
does:0.05538585519716024
2:0.029521356849930437
loaded:0.07071137378707884
trident:0.18804588614529236
