there:0.0218518806089797
know:0.029377979182340516
chris:0.0913511248314119
thanks:0.04746158678371817
with:0.013924461352132078
such:0.04578612389209044
ms-dos:0.12332526924783252
anyone:0.03983130356289027
this:0.012499581865986166
them:0.03490140884600573
ray:0.10328021110925403
a:0.006650019646887595
sorry:0.07565277820806249
as:0.019050337148024246
advance:0.07532145753992023
course:0.05824170952142902
files:0.07879313249018308
which:0.03075934125041709
if:0.01595596237531927
of:0.013888613254695616
but:0.015840076720247863
good:0.03857166312760712
in:0.004230469092725964
repeat:0.11193897252424696
and:0.004545207315366545
for:0.015492802995813047
subject:0.0006356418307623404
create:0.09054394502960997
i:0.004545207315366545
program:0.06611031981866845
the:0.0017946500237834594
thing:0.053903153217260864
can:0.020584904581850316
is:0.006396967306920569
save:0.08625024362907842
does:0.029011638436607742
request:0.09286431017605552
tracer:0.165541158205354
