know:0.024677502513166038
thanks:0.03986773289832326
graphics:0.07037482880279444
where:0.03694913596467524
way:0.034647456390930864
via:0.0683646275723129
to:0.0027563983201816617
otherwise:0.07106769663224072
file:0.060769717649168185
on:0.010140176504785799
libraries:0.10029573330437463
a:0.011172033006771161
driver:0.14719142393945567
advance:0.06327002433353299
are:0.02571645526404902
internet:0.057130678862292124
ftp:0.07586733894578152
uucp:0.08467257214672147
university:0.04700680203197307
plots:0.13021791784691658
anybody:0.060791902898253904
get:0.026287479505822445
of:0.007777623422629546
department:0.06936151165385873
looking:0.05187770690813288
postscript:0.3018549628289169
in:0.0035535940378898095
our:0.04459550845960787
or:0.013486229154061707
and:0.0038179741449078986
for:0.01952093177472444
subject:0.000533939137840366
i:0.0038179741449078986
sciences:0.10179020422829338
we:0.0269548781142794
the:0.001507506019978106
can:0.017291319848754268
anonymous:0.09089566071945993
does:0.024369776286750505
mathematical:0.11276815566260133
