mode:0.11516948109708965
some:0.008778472745363565
24:0.027541983074198948
pixel:0.03696125351401374
out:0.008858474429176389
say:0.014267255445620627
help:0.01609092270708118
tried:0.02329221092508775
1d:0.051117127554869246
graphics:0.026456702557441515
i.e:0.02597397742086769
text:0.027192208520553138
with:0.008794396643451838
ca:0.015462771399190384
someone:0.016567354245586616
such:0.014458775965923296
work:0.045678326255420384
bits:0.0331532210448631
my:0.007144468130303017
to:0.004144959879972423
remains:0.03471694532938219
that:0.01043322181757825
bit:0.06146806461779773
docs:0.04125106447993565
nt:0.010738023334172007
could:0.011346685378391409
happens:0.028090808381795326
me:0.008147283311312366
this:0.007894472757464946
working:0.023823601584260203
8:0.022199182574239595
board:0.054002955178272846
a:0.00315000930642044
paradise:0.0914571471703379
following:0.02058131032360723
modes:0.07470530946345685
vga:0.03391264367861401
chip:0.07291137649180317
display:0.055430397247150036
are:0.004833920162415229
it:0.005155720747969503
have:0.023063937435232457
only:0.010026588257663808
writing:0.03009367477554612
800x600:0.044594566895435235
addressed:0.040430017171928186
svga:0.0390160906192745
claims:0.02824305019254681
found:0.020109176731255618
considered:0.025886037272272268
get:0.019765022184828906
down:0.01777718478912149
if:0.005038724960627137
but:0.010004258981209177
please:0.01440161922485154
refuses:0.04360939199012393
now:0.01242040900660334
code:0.02436475571677967
in:0.0026718752164585032
640x480:0.04627233795794809
and:0.0043059858777156745
word:0.023074259520025703
subject:0.00020072899918810748
each:0.019142927799703873
i:0.0114826290072418
1mb:0.044594566895435235
images:0.03199888529414123
the:0.0051005842781214105
do:0.005400886608319524
workshop:0.04665800182552366
colour:0.03976859782646987
can:0.01300099236748441
colours:0.04627233795794809
lower:0.029857012128162535
problem:0.015906505955229956
15:0.02512639648105747
is:0.004040189878055096
does:0.00916157003261297
16:0.026217990540038656
checked:0.03384034699666332
by:0.0074468832693020005
