that:0.013876185017379073
packages:0.19781042410280486
could:0.060364366213042295
re:0.014957620111126821
searching:0.21242003637471107
hi:0.12604066640057618
you:0.022231959576348874
am:0.06537345426805462
files:0.13237246258350757
are:0.02571645526404902
try:0.09745558689373571
writes:0.026450495640702495
if:0.02680601679053637
looking:0.10375541381626575
in:0.007107188075779619
for:0.02602790903296592
subject:0.001067878275680732
i:0.007635948289815797
gif:0.37472360826452034
viewer:0.21463054352171307
wanted:0.1218063995818441
handle:0.16249427546914813
article:0.03241331521266404
