root:0.10721445442101651
out:0.012533798926387871
till:0.053179928894281296
anyway:0.03243099810260142
chris:0.040816460031056385
your:0.02680706855704814
much:0.01858720073999927
though:0.026441959591602976
post:0.027474231962033833
to:0.0029323386384911294
line:0.030040465412829665
add:0.036555536345231045
client:0.05326402654861229
that:0.003690474738664647
think:0.015316468377963353
terminal:0.05078932127979576
helps:0.04499970527801024
re:0.0039780904550869205
so:0.010870325504094894
file:0.032324317898493715
this:0.016754758671428265
on:0.010787421813601913
you:0.03547653123885458
locks:0.06098113338667789
m:0.01456185863953268
sure:0.023213234257012803
load:0.04782971140216558
as:0.008511852768266152
course:0.026022891488298075
display:0.039214057626973164
it:0.0072947963774462115
not:0.006413936261446435
have:0.0054388363100814135
hope:0.030728314230213247
switches:0.05708259136215772
public:0.03152919785170844
knew:0.041298883647848506
sun:0.03860098195849831
kill:0.039304596878759424
were:0.016503226568854244
if:0.01425851956943424
end:0.02876844045293095
of:0.004137033735441248
looking:0.02759452495113451
what:0.009791937265921608
explain:0.03824529285119791
they:0.009924676856465357
and:0.0020308373111212227
for:0.01038347434825768
subject:0.0002840101797023223
i:0.006092511933363668
xloadimage:0.14094094846069855
information:0.025944907281742178
pretty:0.030617234648081134
background:0.04709574468421929
the:0.005613054329705713
got:0.023533551293942277
an:0.009552107857039752
general:0.03136628045837821
is:0.005716438870014126
picture:0.04351625280527021
assuming:0.04221457097520215
window:0.07419133493244982
image:0.03937301060567741
leave:0.037587043875473576
already:0.030912620439333526
going:0.023168251957975346
