some:0.020129946122988865
thanks:0.03436873525717522
into:0.03087592936176528
to:0.004752410896864934
that:0.0059811142316289105
sources:0.06636446508990455
could:0.026019123367690643
me:0.01868256345525077
re:0.0064472500478994915
anyone:0.02884335775243778
on:0.026224594408928787
you:0.038330964786808405
medical:0.13872474041960936
working:0.054629982943217366
m:0.023600253657173657
ray:0.07478911838945983
a:0.0024077657342179226
want:0.03263099944331348
jason:0.15723781633734638
imaging:0.18622238434588678
have:0.0176293314878501
systems:0.05173132966004501
talk:0.05964816840753495
if:0.011554317582127747
what:0.0317393828619528
tracing:0.10407651573708127
good:0.027931204333784466
in:0.0030634431361119046
point:0.03795751657344932
or:0.023252119231140872
better:0.03855544605692074
and:0.0032913570214723265
subject:0.000460292360207212
i:0.006582714042944653
info:0.05078268033435168
any:0.01764288390153116
yet:0.045346012804933854
background:0.0763275862123554
do:0.012384791705284426
about:0.016983037591756407
interested:0.049604762334739996
field:0.06711134224022941
experience:0.057107289220606
going:0.037548546276718664
s:0.010697177256138246
