xt:0.016772828143635055
library:0.02745644978164708
sent:0.012057975568162665
some:0.003827989754535587
ability:0.013141933329371894
large:0.01963301062221361
at:0.005776819753799548
programming:0.028772323194513647
media:0.012955594067853318
graphics:0.09229485744628779
widget:0.033043143329755914
with:0.007669867236584227
user:0.08679181765623314
c:0.076311079537248
4:0.016290291830679864
programmers:0.018848379804258793
1.0:0.053964507303260086
from:0.0027756467358366413
both:0.007362964204289305
creation:0.01488457539167855
via:0.011207315995461131
to:0.0036149486166316873
interrupt:0.019255109799898067
plot:0.11182066857366613
gui:0.05671045533064243
visual:0.050405916700583
most:0.006087198242514878
formerly:0.018030475346450324
100:0.011077088848626465
graphical:0.01951239378495215
that:0.0011373922145392682
control:0.03999520354021015
through:0.023306196334670428
interactive:0.05475181262463913
effort:0.013319202907307223
complete:0.02428338262488379
anyone:0.005484966392266856
this:0.0017212538962997344
2.0:0.030752844642775435
contact:0.011410073111411697
26:0.014414305019195814
two:0.006114063713617415
on:0.0033246480343559993
standards:0.027785562860492035
products:0.03983691928659235
inc:0.01200332949444066
libraries:0.01644192349252043
os:0.01557164000562056
3:0.015353875046804064
a:0.002289351025977697
3d:0.03067747166293455
j:0.010013536588619221
as:0.002623325115465634
running:0.009926099712940006
layout:0.018794185371631876
enable:0.01825060420821304
compiler:0.01834296773925139
also:0.004863925021900218
output:0.013401174389947937
features:0.014182450839528933
product:0.013084911222119864
are:0.0063237185075530385
taking:0.011170327980824936
18:0.012677867190895408
application:0.060497831275687364
being:0.006379685016148027
minimal:0.01695171005921025
attributes:0.01957999800528899
facts:0.03983691928659235
types:0.02686489975069429
mouse:0.028497915916248073
has:0.003491063848808364
provides:0.01448573896734305
sites:0.014933879907627862
call:0.008711331468848222
graph:0.04019362843158508
june:0.015069102722493597
edge:0.015453120287206424
be:0.0037931885713932546
loop:0.050494133126642936
if:0.0021972144910275713
of:0.005737591049480813
interface:0.013844916514111091
key:0.031532875782654846
controlling:0.019446155400304546
available:0.017711893952880198
advantage:0.013978264185360034
ansi:0.02061558144600531
variety:0.015320053795025839
please:0.006280050350509032
over:0.006576854926292976
email:0.008996389045796527
in:0.0023302255986162685
resources:0.014471327126447843
5:0.008520894711205517
or:0.004421714476741543
use:0.010903472313097365
and:0.005007179206436588
for:0.009600458249864479
subject:8.753100620333868e-05
feedback:0.01816077150595693
create:0.012468346528667603
tape:0.013604486110551912
period:0.012429545028185626
6:0.009633933221505556
precision:0.020017805849959554
allow:0.011495982529097023
platform:0.01714091765796647
will:0.01114726568757329
event:0.054462176369796354
the:0.005931171226143369
when:0.004287457189651593
desirable:0.019446155400304546
can:0.005669285196312874
beta:0.07162063957832329
collection:0.04733766374880589
developers:0.019074585940281587
an:0.0029439283231532352
2d:0.03943907544938976
here:0.0059029537889291675
toolkit:0.017988169101086693
about:0.003229561246956956
interested:0.009433036771852196
is:0.004404469293289573
cartridge:0.019016554539955682
either:0.008208402318404452
expected:0.013604486110551912
2:0.012776456079314156
1:0.012842779619178417
wanted:0.009984131113265909
x:0.06988891779286137
sold:0.013464026573907675
under:0.00795843746592013
testing:0.03228275066683874
written:0.023498484842335146
wide:0.014104383138893792
april:0.011154602825862663
built-in:0.018535887411457726
process:0.01185758601060186
by:0.0032473294256300527
200:0.013626639495676107
built:0.012106549619917225
functions:0.015357524928873784
s:0.002034217314282027
