another:0.03856531009371442
simply:0.02659689860768165
go:0.01691680218951415
out:0.010245018252873564
there:0.01596137366221126
resulting:0.042621373738362854
all:0.008296242005619923
polygon:0.25964779963535395
with:0.01017091090068778
way:0.030128222948635538
simpler:0.05211263305053022
from:0.007361497864610223
my:0.016525465414440024
to:0.005992170261264482
then:0.01387722043283307
cases:0.031998135639012104
finding:0.03877048121506039
need:0.01670610427388901
re:0.003251656545897135
avoid:0.0336239086367226
comments:0.032034826208948694
this:0.0045650646814906
big:0.02413722220754398
on:0.00440877239338513
you:0.004833034690510625
a:0.0036430542413384216
test:0.03109478133895366
as:0.006957514436669725
idea:0.024107619958789184
stuff:0.025421013501509757
polygons:0.055187763835256975
not:0.010485391453495042
clip:0.051067899904077486
kind:0.023961101712722258
against:0.02246331123615519
algorithm:0.03548738278035527
loop:0.04463974088007564
writes:0.005750107747978803
depends:0.03744144465654345
of:0.008453938502858202
what:0.00800384437388375
lines:0.03072332281995232
using:0.019168874596912355
necessarily:0.03380228724396698
box:0.027552513136579193
one:0.025651588898494497
in:0.003090081772078095
according:0.029908923518141027
edges:0.10498152891740371
use:0.014458952415194331
for:0.002829120547061513
subject:0.0002321474512349417
each:0.022139212150961873
cause:0.027421748985583187
welcome:0.03637928858053401
example:0.024446601250068735
special:0.03039748863360889
the:0.006554373999904809
can:0.007517965151632291
simple:0.05737719229489114
problem:0.018396219930831167
is:0.016353985984649107
deal:0.028663608624004428
new:0.014991300564204755
window:0.030321676015870797
checking:0.04225646765924084
matter:0.02626872184261341
trouble:0.066344728387658
experience:0.028801937172131722
first:0.01632656373383514
article:0.007046372872318269
checked:0.039137096961358454
usual:0.03730557232695144
s:0.00539509809440016
