read:0.019050445898301863
out:0.009900647891432435
there:0.007712428450228129
know:0.020737397069887423
help:0.017983972437326023
traffic:0.0735300884266538
all:0.008017376728120093
true:0.021708241950906274
discussing:0.04089383747983578
split:0.08013321995440681
ca:0.01728192097556572
to:0.0034744516640945315
everyone:0.025693384516916835
look:0.019925784237612692
software:0.023662066289758456
enough:0.020438222915440302
make:0.014790592297056333
that:0.017490989517704714
like:0.009786882886627506
really:0.016398283556226266
nt:0.018001980295523662
need:0.016144554550396942
re:0.0031423571662031135
this:0.004411617129171588
something:0.016728246362718677
books:0.03067846985753076
vs:0.028711024748431447
more:0.010684193494291814
a:0.005867664394312585
how:0.011053470564950624
fine:0.027219803175803026
those:0.01559592986796269
it:0.002881138065041781
not:0.005066470660302226
ab:0.043932604081342634
probably:0.04012140697528081
whether:0.02401225701581365
hurt:0.03790236646433331
b:0.02572191887827094
allen:0.037428812375668336
be:0.019444075870167103
writes:0.005556826815273633
things:0.018779209480170166
if:0.005631516132465624
of:0.0016339545005524256
but:0.011181230626057314
dr:0.03293146726980253
groups:0.030922568054507493
who:0.010865990539780237
programmer:0.042841750203006575
in:0.0014931067386091635
or:0.011332965675682106
better:0.03758346002187232
and:0.0016041908171881927
rogers:0.04643371671415732
for:0.0027340240580846554
subject:0.00022434417556317895
cause:0.02650000952388291
however:0.020143688270562295
i:0.0048125724515645785
we:0.011325579039613192
warrant:0.03955715937370396
the:0.0012668117814942067
do:0.012072570065655406
closer:0.03917072985066343
would:0.04702435190442232
apps:0.04444725639428985
maybe:0.02225137043985146
newsgroup:0.032303897819952514
here:0.01512941937498652
people:0.01264935411826149
busy:0.042915142471651575
is:0.009031012668593744
right:0.016301458771347054
hardware:0.029829253140122282
heavy:0.037662254090853844
lot:0.04165635946664522
faqs:0.05110840577165941
almost:0.02539489857365183
article:0.006809520002660512
bothered:0.04677675868491578
s:0.010427500518588543
