go:0.4863580629485318
t:0.32203413187505525
or:0.08428893221288566
subject:0.003337119611502287
p:0.42076600495391875
heavy:0.560226029601451
james:0.4324492209546284
