pixel:0.07802931297402901
out:0.018701223794927932
formats:0.079985386631552
help:0.033969725714949155
thanks:0.03164105785581211
someone:0.03497552562957174
from:0.026875309664450016
to:0.00218761771442989
r:0.09841967513425809
could:0.023954113576604083
me:0.017199820323881662
need:0.06099053941261067
am:0.025941846931767706
a:0.006650019646887595
how:0.020878777733795623
other:0.021893777584633504
popular:0.06714241739893591
between:0.036870886445181036
b:0.09717169354013465
writing:0.06353109119281959
g:0.11222228447655562
of:0.0030863585010434706
but:0.010560051146831909
extract:0.09321918236458587
please:0.03040341836357547
find:0.03359439266148238
in:0.005640625456967951
st:0.060900749887607936
or:0.010703356471477543
use:0.026393325837259493
and:0.003030138210244364
for:0.015492802995813047
each:0.04041284757715262
values:0.13558559905851644
i:0.00909041463073309
program:0.08814709309155794
images:0.06755320228763148
the:0.0023928666983779458
can:0.013723269721233545
rgb:0.085535763591548
an:0.014252351405741851
figure:0.05861107355674212
psuvm.psu.edu:0.07934783041368955
image:0.058747031697359946
convert:0.06791396817775142
saved:0.073549432534597
data:0.04657691465406051
s:0.009848194934222513
