where:0.030790946637229363
from:0.01410953757383626
wrote:0.0858524991564287
significance:0.08797920351755328
sound:0.057519721485473845
that:0.00578174375724128
think:0.023995800458809252
re:0.006232341712969509
anyone:0.027881912494023185
tiff:0.0908108541308099
two:0.12431929551022076
on:0.008450147087321499
came:0.050312112207965776
a:0.004655013752821317
other:0.022988466463865178
theory:0.06780914761627707
have:0.008520843552460881
42:0.1622122220033486
university:0.039172335026644224
heard:0.045044122656997906
thinking:0.05805877556414426
sort:0.0522910217943505
of:0.012962705704382576
philosophical:0.09348323163206289
yep:0.09447855221042326
rather:0.04289139421521439
for:0.021689924194138267
subject:0.0004449492815336383
i:0.003181645120756582
any:0.01705478777148012
suggestions:0.06594993951784796
than:0.023843354703657685
the:0.0037687650499452652
around:0.039453240552560595
peter:0.18409465404129785
once:0.04471718658208177
here:0.030006681760389935
number:0.041704414139962634
does:0.02030814690562542
tea:0.40702871894917764
s:0.010340604680933639
