rick:0.2830977930075646
my:0.05589495654884125
to:0.00810705388288724
look:0.13948048966328885
re:0.021996500163421796
on:0.029824048543487643
watson.ibm.com:0.343280424546386
files:0.194665386152217
turner:0.3316710460664745
menu:0.30304426589952294
bitmap:0.3130183426748231
subject:0.0015704092289422528
directly:0.21367648973508116
the:0.004433841235229724
write:0.19142199558750078
under:0.14278373100621408
main:0.21873041244863695
