mode:0.09045791920814719
fast:0.13707865846252115
say:0.014941299009980657
there:0.00722660618564683
stephen:0.06412061857308689
tel:0.06402280439839964
polygon:0.18809131942088633
fax:0.04816761165170692
c:0.02036297397975559
times:0.022129733397582885
from:0.006665923263229729
drawing:0.0373482990133609
to:0.004340784756191593
enough:0.01915077580265666
centre:0.03942376768165004
think:0.011336598641957128
its:0.016282083118379292
australia:0.03652829697200187
re:0.00294441340770213
so:0.008045752735314332
file:0.02392508568864889
this:0.008267439974353055
hi:0.024811154803263027
game:0.046803293037960436
you:0.004376369995344267
used:0.015546956758557997
m:0.01077806859933915
a:0.008796876383284379
3d:0.03683712148501983
copy:0.026902456260341278
local:0.048132022864818144
vga:0.07102963164182147
course:0.019261037794488338
across:0.030387119069557815
computer:0.021107896891065476
polygons:0.0499731719768075
it:0.0053992981061412905
have:0.008051190758230754
calling:0.03238583164997998
systems:0.023625331655768588
routine:0.2474612700724224
ve:0.014371131488404994
university:0.018506614973217744
assembly:0.04056498047473929
has:0.008384050975484654
scientist:0.038822405643976224
be:0.0045548130483265455
writes:0.01562037144135974
ux4.cso.uiuc.edu:0.08976323899416536
of:0.004593084698403275
looking:0.020424294058320032
what:0.007247575614146702
but:0.005238450568900868
in:0.004197158312468279
fellow:0.037894980166366915
and:0.001503139427129094
for:0.010247208280695244
subject:0.00021021225899227005
i:0.009018836562774564
news.cso.uiuc.edu:0.036107126224356315
information:0.019203317200659566
research:0.02430969669713998
source:0.024561165052754522
joseph:0.03215904432002954
the:0.0005935063070779945
do:0.005656046605562966
come:0.018907036806845735
triangle:0.09506201437402698
draw:0.033249602651999076
02:0.0910654707397577
61:0.07948519459723294
article:0.012761147721521275
needed:0.02626632039477182
by:0.007798704526119418
wuarchive.wustl.edu:0.04826400264422618
