at:0.019577000276765136
there:0.020395088568381056
from:0.05643815029534504
reach:0.09685118820067508
wrote:0.05723499943761914
to:0.012250659200807385
cant:0.12496872660766503
re:0.008309788950626012
package:0.08638362295680449
file:0.06752190849907576
directory:0.09367731752956436
you:0.012351088653527152
mainstream:0.12702146705502093
more:0.028253756129349463
a:0.006206685003761756
it:0.007619009549777155
ftp:0.08429704327309057
site:0.0867903154986357
comp:0.13050685531042025
of:0.004320901901460859
version:0.06934379128145744
net:0.07366983299774406
over:0.04457646116709684
in:0.003948437819877566
for:0.014459949462758845
subject:0.0005932657087115177
possible:0.0572660360658796
the:0.005025020066593686
gateway:0.1072404570156913
here:0.04000890901385325
is:0.011941005639585063
new:0.0383111014418566
readme:0.12850349759943588
seem:0.06132694566434973
check:0.07354025699083754
