22:0.019468909346975472
another:0.010362174441068125
some:0.010911559580685551
at:0.016466635746811793
fast:0.016270083761439427
there:0.004288686848491343
help:0.010000433271223349
tel:0.018997420931300826
finish:0.022870750056742356
take:0.009933407151101418
thanks:0.009314890864094219
graphics:0.0493281510299961
fax:0.014292725887305556
siggraph:0.06190864091264329
your:0.011775067497021145
method:0.03729811142753793
c:0.012084568670228783
4:0.011608736000834948
password:0.05242050371891377
yours:0.019749202359132995
approach:0.019234825490345026
several:0.013170333514333627
my:0.00444025355761823
located:0.022837725910840056
to:0.0038641097946471893
technique:0.023508953491348666
look:0.022160451628746827
1988:0.02135561142036115
make:0.008224675155839736
that:0.0032420993031259514
v:0.01797499212103744
like:0.00544223861452651
months:0.01586819878495243
need:0.008977579399519795
re:0.0017473855270007967
package:0.054494341584900026
articles:0.039363445053267915
file:0.014198532161020603
july:0.023005231199499567
this:0.002453188964352425
generation:0.021678008016094565
something:0.009302155687680013
chen:0.026210251859456885
on:0.009476800471762428
you:0.015583149235758556
1989:0.02210800286992752
traditional:0.02332275765701596
serious:0.01680838148149285
working:0.014806257059376668
3:0.010941429647839344
m:0.006396330430448935
more:0.005941210401031429
a:0.0032628601071177455
other:0.0064453644291210775
as:0.007477702431934751
finished:0.023108694404533274
cohen:0.02820765379790053
let:0.010771671695106656
sig:0.02205203936036343
based:0.014116369214488516
computer:0.05010659635823019
are:0.015021293962645456
no:0.015781482282932382
it:0.008010640881775045
not:0.002817336488672733
46:0.02424831800169864
ftp:0.017726013772378854
have:0.00955608622705893
domain:0.020856089013927912
university:0.010982897671021745
hope:0.013497483820747874
site:0.01825029998803087
public:0.013849273822713053
sun:0.016955571514480565
be:0.0027030899866236973
writes:0.003090011172979263
get:0.006141934463977206
were:0.007249080829309808
if:0.003131544017586024
of:0.0009086008671296198
what:0.008602262644828329
surfaces:0.027906071923425892
least:0.011250758797693841
using:0.02060206148266281
archie:0.027809720114067318
good:0.0075701394923341075
in:0.0049816738848922565
minute:0.020899356889688643
pp:0.023178964859507763
or:0.003150988120107875
41:0.046792696220276216
nearest:0.028104948626317464
use:0.015539995586423813
and:0.0035682001354279424
for:0.0015203217893087569
subject:0.0001247521350094313
locations:0.026941882984183707
i:0.005352300203141914
special:0.016335099032079543
patches:0.026417970376143022
projects:0.024383773781480194
the:0.0038744313597568144
do:0.006713251578565389
would:0.004358175916375589
announce:0.026011375156565316
anonymous:0.02123730390641587
may:0.008696380969345004
39:0.024815424810129796
address:0.014919725952960797
about:0.004602879347298465
general:0.01377771197704463
is:0.0012554795649096443
methods:0.02079192923443304
write:0.015206420210222024
31:0.04356370889933596
else:0.01180631880999092
hardware:0.03317458994088366
65:0.06861225017022707
2:0.009104717533156115
switzerland:0.026417970376143022
image:0.017294686901559237
e-mail:0.012849045685290965
article:0.007573204488940196
written:0.016745415600262194
bad:0.012806546947413008
project:0.01799829838978061
guest:0.027809720114067318
main:0.017375780428162745
s:0.0028992349572711136
august:0.023359408018983372
news:0.028681088936106713
