go:0.08278435114017563
thanks:0.042412481806726875
drawing:0.1009198718020603
my:0.020217324709155347
to:0.005864677276982259
t:0.05481432031915834
nt:0.0151931606749455
and/or:0.08597834100306319
re:0.007956180910173841
so:0.02174065100818979
programs:0.07517408775094715
apparently:0.08060980970748219
m:0.02912371727906536
advance:0.0673085365250351
it:0.0072947963774462115
try:0.0518380781349658
looking:0.05518904990226902
what:0.019583874531843216
again:0.05195466251293655
using:0.046902565503083415
code:0.06894707468790844
in:0.007560838378488957
or:0.028694104583110013
for:0.013844632464343573
subject:0.0005680203594046446
p:0.07161974552407127
editor:0.09824156869803896
i:0.012185023866727335
any:0.021772069495506537
do:0.04585007993020191
ibm:0.08383972487488653
did:0.034976830711552456
simple:0.0701955012118349
an:0.019104215714079505
heavy:0.09535762205982144
wanted:0.06479063807544898
animation:0.11253667044511685
james:0.07360837803483036
