where:0.11546604988961011
name:0.08631976580719534
to:0.004306872375283846
sources:0.240571185950904
like:0.03639497073464604
package:0.12147696978300632
anyone:0.052278585926293475
map:0.15500932749795818
hi:0.09846927062545015
on:0.01584402578872781
a:0.0043640753932699845
it:0.010714232179374124
sun:0.11339038450308879
of:0.006076268298929333
find:0.06613896055229344
and:0.0059655846014185915
subject:0.0008342799028755718
i:0.011931169202837183
everybody:0.1274346656167559
portable:0.15986601824402163
the:0.004710956312431581
would:0.029145301440761752
can:0.054035374527357086
anonymous:0.14202446987415612
an:0.028059316830054273
run:0.08365107588710609
compile:0.1630664871636488
