read:0.018735562495024147
at:0.0072807025822680255
posting:0.02726602113186976
dos:0.029169854183834196
where:0.015268238001931916
ca:0.01699626938919274
response:0.02902147564154828
someone:0.01821039764184314
from:0.013992929825292159
my:0.015706020848434733
martin:0.03838515182855543
ms-dos:0.042807118251313774
think:0.011898744029161613
nt:0.01180295126813948
could:0.02494395298059599
french:0.0413133331905987
michael:0.024832191749369334
this:0.013016093513340968
ti:0.031311248398774076
he:0.013141596756365581
swiss:0.05007364271572539
hi:0.02604146000011905
you:0.009186760155516064
pascal:0.04647597270532997
m:0.02262503656390202
a:0.0023082712823907356
other:0.011399239568858768
sorry:0.02625964202263326
advance:0.026144638154352477
xv:0.08742518199868583
computer:0.02215456946417616
no:0.009303683770103387
kevin:0.03723605225470839
it:0.005667031896528462
not:0.004982727343603016
ve:0.015083749578739127
after:0.015943914774090507
retrieve:0.10541098346646788
certainly:0.05083896326042382
msdos:0.04822948113461622
of:0.0016069469881466005
wayne:0.03861666452465191
available:0.02232284155218372
what:0.007606959528897779
but:0.010996416896700997
forgot:0.03966673789753543
english:0.036513639545782066
find:0.0349825907053453
in:0.0029368545767684377
use:0.013741979568159902
and:0.0031553505329817346
for:0.016133001466714415
enjoy:0.03820450064002238
cause:0.07818597851261322
i:0.01104372686543607
comp.graphics:0.04988791663430342
yet:0.021736105311455898
the:0.003737618231350676
can:0.007145173491220772
long:0.019671993761227975
here:0.014879346327466084
address:0.07916086001488291
about:0.008140629589436956
language:0.03370172974988586
is:0.006661304798942081
write:0.026893999380062095
time:0.026107602808325844
2:0.032205116563560475
1:0.016186147867146353
le:0.04434515362018865
late:0.0318523883110014
e-mail:0.04544951696945895
2400:0.04600358911987585
bad:0.022649595427656065
answer:0.1003725964340118
s:0.0051275725690580025
