with:0.005517239403674975
much:0.01648298933547105
jpeg:0.054553371622402015
4:0.023436504756402632
sue:0.05225505008789493
my:0.008964285484248125
to:0.003900563660634427
technique:0.047461472142911465
software:0.02656401781586091
been:0.013841890445485274
that:0.0032726851456082715
nt:0.013473180221178084
re:0.003527740592246892
so:0.009639722616838868
getting:0.025586807285138548
on:0.014349306374696886
am:0.015418267516050618
concerned:0.0379810305901682
size:0.03397053902892328
board:0.033879212446746645
a:0.002634913444993198
how:0.012409084879520041
same:0.0183216353823454
as:0.015096493589000348
486:0.04498043950270948
far:0.023484698793598126
are:0.018195605139657327
taking:0.03214103805803401
it:0.0032344851862261504
ab:0.04932056495924314
have:0.004823118991958989
probably:0.022520978443671777
systems:0.02830582188945859
per:0.03336627467521714
postings:0.04345904188387815
real:0.024128243905643842
25mhz:0.05505440771026945
b:0.028876493835040016
allen:0.04201913842174087
quality:0.07253139321838395
without:0.021200098913231085
be:0.0054571816711082195
writes:0.0062383244435619085
were:0.014634936768606594
if:0.006322173771352918
of:0.001834345146846591
what:0.008683416066005955
but:0.006276256813683116
using:0.020796420553253966
nearly:0.040473026581126566
alone:0.036218993730325416
loss:0.04014954475585645
they:0.008801128533091921
good:0.015283111805278294
in:0.006704894411112848
compare:0.040657650130127475
speed:0.03168363364986586
and:0.009004656002141271
subject:0.00025185808388696507
i:0.005402793601284762
we:0.012714565148244998
386:0.044520154935073344
images:0.0802990895117129
the:0.0014221754905453829
would:0.008798581567022415
compression:0.04590911943490998
about:0.009292605474734638
company:0.03175592490218255
interested:0.027142228447310564
is:0.005069294846993659
critical:0.04610635231056389
compress:0.11519680724976725
hardware:0.03348755777051464
time:0.014901037451921825
does:0.011495177493750237
too:0.018419979885514116
image:0.0698313773006354
almost:0.02850936726664687
article:0.007644649814307556
very:0.016445683884749502
despite:0.04022047713712085
sometimes:0.03306138041809292
