there:0.04588894927885737
marc:0.7189866592907244
differences:0.4580410213616148
with:0.029241368839477366
previous:0.1736599709846403
you:0.027789949470436094
are:0.032145569080061276
helping:0.2589830654204483
between:0.11614329230232029
version:0.15602353038327924
and:0.009544935362269746
for:0.0162674431456037
subject:0.001334847844600915
any:0.05116436331444037
thank:0.18152471533847572
significant:0.20814638967519827
e-mail:0.13748478883261334
