go:0.017065195191176552
ask:0.02556633845926638
week:0.030244200038645468
out:0.01033488683403912
all:0.0167380321166016
discussing:0.04268742684298647
chris:0.033655677569467544
graphics:0.06173230596736354
where:0.016205761388015452
split:0.08364783486468781
way:0.015196252803039852
concerning:0.04013370388997987
hell:0.029941937934051713
from:0.0074260724072822415
wrote:0.02259276293590229
to:0.004835786526634494
martin:0.04074213483557199
think:0.012629368662531186
like:0.020432264272081984
re:0.0032801798489313205
anyone:0.014674690786327993
this:0.018420436434084878
getting:0.023791241861620054
posts:0.03528962694884799
personally:0.03437582986935527
big:0.024348952226908395
curious:0.03759888018264469
am:0.014336283830713732
knowing:0.0376668799791738
a:0.004900014476654018
awful:0.044130842518847496
question:0.01914900073111495
also:0.013013132734031284
learn:0.03342117702387922
it:0.0030075037696488767
not:0.005288684285754078
only:0.011697686300607777
kind:0.024171286815465435
per:0.03102478171555278
doing:0.023514937764608026
feel:0.026721725300405067
algorithms:0.044644826415918146
without:0.019712372673706097
convenience:0.051032883436718274
making:0.02697023851642459
of:0.010233715029775717
result:0.031008789131679843
reading:0.028827386371605177
phil:0.07774481316957882
aspects:0.08454771722236415
groups:0.03227882103935431
one:0.00862553427873353
code:0.02842554833624295
in:0.00467578162880238
5:0.022797130586997217
yes:0.02339338482898148
and:0.0016745500635560958
few:0.0200493640430376
for:0.005707874787931122
subject:0.0002341838323861254
i:0.008372750317780479
group:0.047317823417660436
will:0.009941274955291967
the:0.001983560552602771
wrong:0.023187912779209303
putting:0.035263636026649246
proposed:0.03871714713654905
forum:0.04479738556251348
an:0.007876299461067866
just:0.020603308130980453
newsgroup:0.10116220633090393
about:0.008640492809840979
different:0.022168569280800417
is:0.0023567774288654727
having:0.022955187652810186
else:0.022162738818754885
hardware:0.031137553716443434
lot:0.0217416963882929
u:0.033172311259587854
by:0.008688030480852333
favor:0.041769263487162894
