at:0.023183289801432395
there:0.024152078567819667
help:0.056318229474784126
with:0.015390194126040719
mail:0.08063988170620673
nt:0.018791540834801012
me:0.05703098317918656
need:0.050557947144664106
oak:0.31111972472614247
this:0.013815327325563656
card:0.08055021964511162
8:0.07769713900983859
a:0.003675010857490513
vga:0.11869425287514904
chip:0.08506327257377036
it:0.00902251130894663
have:0.013453963503885601
anybody:0.07998934591875513
svga:0.13655631716746075
if:0.01763553736219498
please:0.050405667286980385
and:0.005023650190668287
for:0.008561812181896684
subject:0.0007025514971583761
i:0.020094600762673148
1mb:0.31216196826804665
program:0.0730693008522125
do:0.01890310312911833
can:0.02275173664309772
vesa:0.27782906373964195
u:0.09951693377876357
