pc:0.1149255883447546
out:0.040626796520015857
bbs:0.06977659744406313
there:0.03164755122679819
help:0.03689815034554822
thanks:0.03436873525717522
hand:0.05443516302504609
with:0.02016646126860508
ca:0.03545773441538485
my:0.01638300450569485
to:0.004752410896864934
scanner:0.28791901466405057
ds:0.1128838540778742
configure:0.10125531877532605
nt:0.01231169916762825
acknowledge:0.09855113823234382
me:0.01868256345525077
so:0.017617424092843448
file:0.10477537525718653
largest:0.09251316531108321
you:0.009582741196702101
am:0.02817821304657527
8:0.05090502210989425
a:0.0024077657342179226
internet:0.0492505852261139
bank:0.08209820754373397
32:0.07383480640526734
anybody:0.052406812843322326
get:0.02266162026364004
if:0.011554317582127747
trying:0.046488417639110276
but:0.011470400383627764
using:0.03800725135594691
in:0.0030634431361119046
use:0.02866861254736807
for:0.005609463153656448
subject:0.000460292360207212
i:0.006582714042944653
the:0.0038987224654606187
can:0.014906310214443334
clipper:0.0616207606692202
collection:0.0829769393298034
is:0.0046322866705286875
hst:0.09231834539291195
iv:0.1820259383121792
s:0.010697177256138246
