root:0.055989770642086406
dir:0.12968371593974581
differ:0.06054056942053994
where:0.04105459551630582
wrote:0.02861749971880957
batch:0.06525342765521013
to:0.006125329600403693
then:0.017732003886397812
matthew:0.0952504964626999
walter:0.062322154421375266
its:0.04595165680075934
re:0.004154894475313006
expert:0.056646314157308704
file:0.06752190849907576
this:0.011666276408253757
he:0.03533629350044967
cview:0.44717374577279223
directory:0.04683865876478218
on:0.011266862783095332
them:0.01628732412813601
apparently:0.04209623395835181
posted:0.03792645471646551
temp:0.1318017199353975
answers:0.046562346913915365
crash:0.056743355045850416
as:0.0177803146714893
cyberspace:0.06682732228924376
drive:0.03137559720895543
cb:0.06757666985363855
cd:0.04959114498867304
files:0.03677012849541877
it:0.011428514324665733
have:0.005680562368307254
knew:0.04313438958775288
found:0.02971689450285553
writes:0.0073473599001951375
of:0.0021604509507304297
well:0.018698532335037165
launch:0.05118509377434538
over:0.02228823058354842
in:0.003948437819877566
point:0.02446151068066734
mz:0.14905791525759743
use:0.018475328086081644
better:0.024846843014460034
and:0.002121096747171055
subject:0.00029663285435575884
i:0.00848438698868422
the:0.005025020066593686
thought:0.029828737835463474
places:0.08477381960645189
just:0.013048761816287622
current:0.03513606359700909
is:0.0059705028197925315
time:0.01755011077670793
every:0.027023872521526625
before:0.02362438074691827
s:0.006893736453955759
