pixel:0.027310259540910157
at:0.004894250069191284
final:0.021425824429092195
know:0.006854861809212788
all:0.00530037683692384
case:0.013731172818370866
versions:0.024669016781381968
own:0.012591614641933308
your:0.00699962345656257
shape:0.026488481040484478
my:0.005278968118501674
to:0.0038283310002523076
remember:0.015459022425117956
then:0.008866001943198906
software:0.015643254936006983
format:0.04466727230042238
that:0.00578174375724128
jeff:0.02341932938239109
think:0.023995800458809252
appears:0.021668339041079624
afternoon:0.03092463490836099
nt:0.007934206130249317
could:0.00838393975181143
re:0.004154894475313006
so:0.005676725541027334
anyone:0.009293970831341062
file:0.01688047712476894
had:0.008524491587122974
this:0.014582845510317194
on:0.014083578478869164
you:0.01543886081690894
used:0.010969241712982587
causing:0.027270147052168566
a:0.003879178127351097
was:0.004919228522785476
as:0.0177803146714893
part:0.013606789513407096
also:0.016483301463106295
whole:0.0166217526390405
course:0.027179464443333547
far:0.013829878178452232
files:0.018385064247709384
freeman:0.059619595422698075
not:0.0033495000476442493
slide:0.06333295195699445
being:0.01081002183291749
only:0.007408534657051592
area:0.017824816914774153
university:0.013057445008881409
earlier:0.021921925193801622
feel:0.01692375935692321
screen:0.02076837316725582
be:0.006427347301527459
which:0.007177179625097322
fill:0.02684702838013765
things:0.012415144045223609
if:0.014892231550297985
of:0.006481352852191288
cheers:0.024189792646468592
totally:0.022886196114270292
implemented:0.027771740644791345
menu:0.028620847334954944
bureau:0.031242181651916258
ignore:0.025004256391979014
over:0.01114411529177421
one:0.005462838376531236
in:0.0029613283649081745
our:0.012387641238779964
bitmap:0.029562843474844405
use:0.009237664043040822
and:0.00424219349434211
for:0.003614987365689711
subject:0.00014831642717787942
combination:0.02755721377741479
outside:0.020026532097119583
i:0.006363290241513164
top:0.01878684570092953
containing:0.026737013784047768
any:0.005684929257160041
allow:0.019479303729858847
will:0.006296140805018247
background:0.024594444446203408
the:0.005443771738809827
colour:0.029384575060669403
can:0.009606288804863482
did:0.009132839130238697
once:0.014905728860693924
may:0.010339030707999061
an:0.009976645984019298
just:0.006524380908143811
is:0.0029852514098962658
select:0.026317527381224733
object:0.04699969217925514
export:0.05765711169292788
spent:0.024121345510979476
time:0.008775055388353966
does:0.00676938230187514
blank:0.030624261456859456
filled:0.02772816743667453
handle:0.022568649370715017
somehow:0.023622852344500976
circle:0.03027028471026997
very:0.00968468050990804
convert:0.023769888862213
seem:0.015331736416087432
while:0.01205745836599179
strange:0.02442423906030402
main:0.02065787228681571
s:0.0034468682269778797
