at:0.018353437759467312
thanks:0.04152888843575339
from:0.017636921967295324
several:0.05871773691807076
to:0.0057424965003784615
format:0.08375113556329196
that:0.0072271796965516
packages:0.10302626255354419
anyone:0.03485239061752898
had:0.03196684345171115
this:0.010937134132737895
hi:0.06564618041696677
chen:0.11685403954007861
unix:0.08255348783584027
a:0.002909383595513323
looked:0.07760423342666009
advance:0.0659062753474302
xv:0.11019215647751025
others:0.056173504647258246
no:0.023453036170468955
raster:0.12530122929233203
has:0.022182801539303146
sun:0.07559358966872586
converter:0.22453137942781354
but:0.01386006713021688
windows:0.057233482946322946
ed:0.16534040298620842
must:0.04828042557248952
in:0.003701660456135218
or:0.028096310737628555
bmp:0.2331085483529864
and:0.003977056400945728
subject:0.0005561866019170479
i:0.003977056400945728
any:0.02131848471435015
the:0.001570318770810527
can:0.018011791509119027
downloaded:0.12274701424874176
run:0.05576738392473739
handle:0.08463243514018132
faq:0.08087698047703665
luck:0.08589142970653377
xview:0.12011589497115235
