root:0.027238266798852846
above:0.014717059622316462
confused:0.02612143301851231
dir:0.06308937532203851
correct:0.017687661838818643
say:0.010256999860905641
entirely:0.02246554079016872
know:0.006669595273828659
help:0.011568068756982687
all:0.005157123408898872
dos:0.019078661385102367
differ:0.0294521689072897
where:0.01997250592685148
versions:0.02400228659810137
own:0.012251300732691867
your:0.006810444444223041
wrote:0.013922026890231682
batch:0.031744910751183304
to:0.0037248625948400837
then:0.017252760538116793
politics:0.026455894660231703
matthew:0.04633807936023238
us:0.01113446695235133
walter:0.0303188859347231
that:0.0037503202749673173
talking:0.03523990465256507
nt:0.003859884063364533
its:0.03353229009785141
re:0.0020213000150171383
expert:0.055115332693597655
file:0.0328484960265774
this:0.005675485820231557
2.0:0.02535031788120678
he:0.025785943905733546
uncle:0.06502117844358853
cview:0.21754398443000705
unix:0.02141928333038018
directory:0.04557274906843672
on:0.005481176489073405
curious:0.02316903968011619
them:0.007923563089363464
apparently:0.020479248952711693
posted:0.01845070769990214
temp:0.09617963346637114
answers:0.02265195255271558
a:0.0007548670950521055
crash:0.027604875427711013
as:0.008649882813156956
cyberspace:0.03251058922179426
drive:0.015263804047599938
cb:0.0328751366855539
nyx.cs.du.edu:0.05082634428127971
cd:0.02412542188638148
files:0.03577634123878583
are:0.003475196657303922
d:0.009847806607443435
it:0.007413090372756151
admit:0.022162687647089466
have:0.008290550483475451
being:0.010517859080676477
mixed:0.03024110897552256
knew:0.02098429763728519
found:0.014456867595983771
writes:0.010723173908392903
of:0.001051030192247236
what:0.01492608815670213
but:0.0035961255256778935
version:0.03373481738016849
well:0.009096583298126189
launch:0.024900856430762616
up:0.007261947947850728
good:0.008756810007348645
over:0.010842922986591124
in:0.0028812924631539
point:0.011900194385189519
mz:0.07251466147666902
use:0.008987997447282963
better:0.012087653358385964
and:0.0030956547120874855
gets:0.01803954779671786
for:0.0035172850044548542
subject:0.0001443078750919908
i:0.009286964136262456
we:0.007285102193048487
later:0.017272497453825426
the:0.0036669065350818796
do:0.007765599123313478
wants:0.09514959898902024
thought:0.014511277865901149
places:0.041241317646382
just:0.012696092578009579
here:0.009731896787153492
about:0.01064882357104726
current:0.034186440256549384
is:0.008713706818075586
discussed:0.02453943510519977
assuming:0.02144956579280542
time:0.008537891729209263
every:0.013146748794256195
article:0.004380177731441086
before:0.011492941984987267
god:0.1003905276887923
s:0.003353709626248748
