know:0.06854861809212788
thanks:0.05537185124767119
codes:0.15275819390742634
where:0.05131824439538227
to:0.0038283310002523076
that:0.009636239595402133
sources:0.10692052708929066
me:0.030099685566792905
you:0.01543886081690894
m:0.038022630892113114
a:0.003879178127351097
let:0.06403160396535625
university:0.06528722504440704
algorithms:0.14137528365040744
get:0.03651038820253117
if:0.018615289437872478
germany:0.11679849258853574
looking:0.07205237070574011
please:0.053205982136257074
email:0.07621940719355391
thomas:0.40933389044767776
and:0.005302741867927637
for:0.027112405242672832
subject:0.0007415821358893971
i:0.005302741867927637
source:0.08664633226943956
methods:0.12359646822690752
lot:0.06884870522959419
wanted:0.08458777748739173
e-mail:0.07638043824034073
