materials:0.04216112811032075
at:0.007104556552051863
chris:0.12376604009417097
graphics:0.028376947097900982
with:0.00471634981281893
ohio:0.08181315771057045
corporate:0.04318116155474914
to:0.0033343528066713648
rd:0.08354292432917687
design:0.030348122640527764
regional:0.04394073586974673
day:0.020510508352926386
nasa:0.17298954909675063
williams:0.043001942709711145
r:0.05000354462466339
me:0.008738618390359231
michael:0.0242314129167233
cleveland:0.043457686340867135
contact:0.02806509918532716
on:0.008177561697407902
computers:0.0349820069886183
includes:0.030385115898647973
practical:0.03870705875485311
ms:0.06742161165137237
gary:0.10269383331103205
ram:0.03136981506639717
lunch:0.04489059906052401
speakers:0.04559230371366618
jay:0.04111426027546599
jason:0.036773360272443906
advance:0.025512106586102014
processing:0.03825188689271641
product:0.03218466066731095
brian:0.030129657377248212
internet:0.023036564057375856
d:0.014692292115943834
18:0.031183463655024994
it:0.00276496314306429
matrix:0.04963081410005723
university:0.05686306697416097
site:0.03149648546321457
network:0.029624916693786908
applications:0.031454040543502676
get:0.010599790123315501
of:0.010976484669033634
aircraft:0.04535155401084618
dr:0.09481075657515728
oh:0.02604609825920543
visualization:0.05143035886872021
box:0.025552733957311346
one:0.007929926675609858
email:0.022128214991676942
in:0.001432900821729762
or:0.010875991253275569
registration:0.03988113389169452
and:0.0076975285179594725
molecular:0.05048049567794293
for:0.0026237811525167258
subject:0.00021529803945176046
i:0.0015395057035918946
fees:0.04736135878200734
physical:0.03441251047882836
research:0.09959133808183153
the:0.0012157306612726661
may:0.015008270382579281
development:0.0313488954278726
mr:0.08170054060363097
modeling:0.051686396758353924
is:0.00433342946597845
efficient:0.04169573845208973
write:0.02624333810473801
center:0.1053751881765422
1993:0.024432708088791426
workstations:0.04374403060261641
lewis:0.16050212748598225
roberts:0.08978119812104803
process:0.02916583655833522
devoted:0.04622763337377195
integrated:0.04445457308253792
