library:0.04704616395169865
prism.gatech.edu:0.05309108528207054
out:0.013237944933488312
purdue:0.06478160627657656
there:0.010312123433451094
k:0.04256922535114228
form:0.03835259465709995
technology:0.03783896276198812
graphics:0.11860926202718164
with:0.013142188242461737
microsoft:0.047860720154374536
from:0.009512047802586241
my:0.010676564734048329
to:0.006194153528498116
design:0.04228277761152183
most:0.020860623190640876
software:0.0949141310724019
t:0.028946888258431933
appreciate:0.043137228487803304
that:0.0038978047801626605
anyone:0.01879679493979091
comments:0.04139331476437191
this:0.005898679082824932
unix:0.04452322939461048
gatech:0.06598661223560574
am:0.01836332985057714
libraries:0.05634591758672732
prove:0.04412245325745615
a:0.0031382115187559437
as:0.017980093488022885
team:0.03599128728870222
internet:0.03209588700128771
it:0.0038523081993255275
have:0.01148877782354276
uucp:0.04756886075658509
moved:0.050096689210471286
atlanta:0.053784883114300276
be:0.01299912937387576
which:0.014515644185590088
of:0.0021847256805139176
georgia:0.10800332135072817
institute:0.043735481459924785
opinion:0.03718327600660325
rutgers:0.059912819056226765
pex:0.07398880746628708
windows:0.03086749642048878
good:0.01820235788044381
in:0.0019964011448819156
our:0.025053656437981946
or:0.007576533232618936
and:0.0021449292948920776
for:0.003655605201259258
subject:0.0002999658077754865
i:0.004289858589784155
hart:0.19492103568453756
possible:0.028954737336680695
any:0.022995219467164207
allow:0.03939634462218643
will:0.025467535840523244
portable:0.11495983334401555
would:0.020958419013581486
interested:0.03232669904960584
is:0.0030187935605692573
write:0.03656375196615184
does:0.013690885554354215
experience:0.037215986233653346
workstations:0.060946739266566685
api:0.07033237600072947
eventually:0.04761009366544983
