round:0.05500853364999049
mark:0.07509059910730476
situation:0.04405165360968248
graphics:0.043984268001746527
way:0.021654660244331794
often:0.03884150485348383
discovered:0.056685408813997855
to:0.0034454979002270774
significance:0.06598440263816496
been:0.01834050484026799
that:0.00867261563586192
like:0.014557988293858416
its:0.025847806950427127
re:0.0046742562847271315
error:0.047068226989649985
tiff:0.06810814059810742
this:0.006562280479642738
a:0.008728150786539969
austin:0.06258523119461944
question:0.054574652083677615
course:0.03057689749875024
no:0.014071821702281374
not:0.007536375107199561
texas:0.04960212089586253
42:0.12165916650251146
university:0.02937925126998317
binary:0.06707204485053533
b:0.03826135433142802
has:0.026619361847163778
adams:0.05792017812099515
of:0.009722029278286934
philosophical:0.07011242372404718
never:0.027549240385773256
well:0.021035848876916813
who:0.016163160927923106
universe:0.055393179383324914
in:0.006662988821043393
douglas:0.056379770115695796
and:0.004772467681134873
subject:0.00033371196115022873
i:0.0023862338405674366
silly:0.058407705093536016
gravity:0.06765354504597149
yet:0.03287585928357705
the:0.0037687650499452652
quote:0.05043697390675737
would:0.023316241152609402
forget:0.04799016669268118
about:0.012312702254023394
is:0.0067168156722665975
else:0.03158190281672571
center:0.04083288541841011
512:0.06638126136709721
life:0.034879741916108875
x:0.03806449986932628
answer:0.03795338802661071
facility:0.06383627442658173
doubt:0.043500903737257096
everything:0.03862078104904067
