at:0.009273315920572959
with:0.012312155300832576
much:0.018391545995367697
ca:0.021647879958866537
from:0.00891128688873869
to:0.0029014719159806963
add:0.03617074122580756
usable:0.0610531487861735
ms-dos:0.05452275061483122
interpretation:0.049366408505507935
format:0.0846327264639582
technical:0.08077362616672211
nt:0.0075166163339204055
its:0.021766574274043896
need:0.06066953657359694
re:0.003936215818717585
articles:0.04433566969157544
unix:0.041711235959161395
on:0.016010805007556524
books:0.038428820137328006
specs:0.15302804617127108
magazines:0.05590000957229239
inside:0.03951637396920196
bill:0.0651687131724572
a:0.004410013028988616
series:0.0377615827449228
also:0.01561575928083754
stuff:0.03077280581761707
reasonable:0.039350601790589974
d:0.019177307603968793
it:0.003609004523578652
should:0.017292759391931364
have:0.010763170803108481
references:0.04346702733696488
be:0.006089065864604961
writes:0.0069606567475532875
get:0.013835515529380235
of:0.004093486011910287
macintosh:0.04942743079692189
released:0.045533131642698156
least:0.025343814554805076
present:0.038152634556097936
they:0.009820206573765722
in:0.0037406253030419045
system:0.023528656097289737
or:0.014196030688486006
and:0.002009460076267315
for:0.0034247248727586736
subject:0.0002810205988633505
i:0.006028380228801945
any:0.010771444908303235
quicktime:0.27266545568566564
the:0.004760545326246651
do:0.007561241251647333
would:0.009817364695835537
apple:0.07986035678503317
just:0.012361984878588273
jones:0.10442733641967708
new:0.018147363840879442
stock:0.0522937166244198
too:0.02055281966173154
volume:0.04660000000333277
nice:0.033260415334260614
very:0.01834992096614155
murray:0.05648172197939817
james:0.03641677650144239
