library:0.03841384029083651
pc:0.030576532678879664
week:0.06326309732854282
there:0.008419990693368325
photoshop:0.17639761095511616
versions:0.040737825877511506
312:0.055797250337866706
from:0.00776671793055207
both:0.020602789745947137
to:0.0012644028991659
been:0.01346092098368293
that:0.003182611242518136
re:0.003430646814478629
greatly:0.03580668944771194
comments:0.0675964222757633
this:0.004816352645609349
slower:0.04483737013687865
you:0.005099073297327724
am:0.014993911529370327
bugs:0.0465359245693153
more:0.011664394732300238
a:0.0025623928914612756
how:0.01206755043329472
was:0.008123496643131979
said:0.02010554888682048
mac:0.09443895783883861
considerably:0.050333867668178364
it:0.006290925316329761
have:0.009380745195369777
university:0.02156275322567572
between:0.021310695835288124
heard:0.02479492990293463
be:0.005306984010435517
comparison:0.04281606119217618
writes:0.0060666274405280956
of:0.005351575749515743
looking:0.023797113260611413
version:0.0858845121375849
street:0.03658741725062941
windows:0.15122241365633954
who:0.011862870405815122
david:0.06870950200030718
good:0.014862475700545864
in:0.0032601780164126697
compare:0.039538632236637734
or:0.006186343648652159
world:0.023130740263602543
and:0.003502728573309999
for:0.011939407813287119
subject:0.0002449262100185165
andre:0.09997525225410264
i:0.003502728573309999
appreciated:0.03105286347868113
info:0.02702197669167337
any:0.009387956571456949
review:0.03964806866659437
than:0.013124782405683131
the:0.00414909913755442
thank:0.03330728721806894
would:0.01711283754319956
needs:0.03072795011623254
an:0.008237597601483824
people:0.01380984532177172
about:0.009036845691026345
is:0.004929772970470898
either:0.022968465202874846
east:0.037354672287990984
does:0.01117879646181216
lot:0.02273902191069166
illinois:0.04421302643738309
chicago:0.07748072544594281
midway.uchicago.edu:0.04833384792676744
article:0.0074342466084091835
useful:0.03517694694567375
