fast:0.05615803104754899
viewing:0.08808183496527663
graphics:0.056753894195801964
with:0.00943269962563786
user:0.12198849947074245
to:0.0066687056133427295
phigs:0.11126873263475148
that:0.0055952358941044646
nt:0.011517395995523202
dynamic:0.08890914616507584
consider:0.051941356105986984
re:0.006031298431905976
so:0.01648081608685355
on:0.008177561697407902
you:0.008964499829172932
am:0.02636026381776396
working:0.05110546791462269
a:0.0022524260094296694
3d:0.07545668433221804
objects:0.07564207754876216
also:0.04785474618321182
kim:0.08978119812104803
parameters:0.0900067826690277
display:0.0594535712408948
are:0.010369538412922992
have:0.008245977631413756
being:0.03138393435363142
attributes:0.09632095792924422
able:0.042539761711462405
writes:0.010665522435767134
of:0.0031361384768667524
pex:0.10620973974999275
they:0.015047090717866833
in:0.005731603286919048
or:0.010875991253275569
world:0.04066533368923672
subject:0.0004305960789035209
i:0.0030790114071837893
su:0.09886336025510847
any:0.016504633327238828
program:0.04478441019974314
the:0.00607865330636333
do:0.011585772885588656
around:0.03818055537344574
can:0.01394461278125344
is:0.00433342946597845
move:0.05704556638020995
x:0.04911548370235649
change:0.047935630772749795
article:0.01306988516639679
models:0.07198714595129957
going:0.03512605942015617
while:0.03500552428836327
