split:0.22704412320415263
mentioned:0.16738874375199228
been:0.13973717973537517
nt:0.03400374055821136
re:0.01780669060848431
so:0.04865764749452
this:0.04999832746394466
how:0.06263633320138687
following:0.13034829871617912
thread:0.19823465683352215
have:0.024345267292745373
has:0.050703546375550045
if:0.03191192475063854
but:0.031680153440495726
subject:0.0012712836615246807
i:0.00909041463073309
newsgroup:0.18305542097973093
about:0.04690553239627959
already:0.13837077720463578
