24:0.09514503243814183
stored:0.06374839570636807
know:0.016024352281276646
help:0.02779341194859477
codes:0.0714194153333422
text:0.046968360171864516
with:0.007595160737526589
targa:0.4275976535389318
operations:0.06053658249647985
into:0.023257193545225797
someone:0.028616339151467794
to:0.0035797380781580025
then:0.020725718828257186
format:0.052208500091402786
r:0.08052518874621117
bit:0.10617211161255972
could:0.019598820199039708
its:0.026854864364080133
me:0.014072580264994089
anyone:0.02172616557975833
file:0.07892171123268596
this:0.006817953745083364
on:0.006584530197912856
8:0.03834404262823203
a:0.0036272834437568705
how:0.051247908982952894
also:0.019266196515319047
no:0.014620074495876751
after:0.02505472321642794
doing:0.03481432344370539
b:0.07950411289647381
ex:0.07125183864716159
list:0.037813358401578956
g:0.09181823275354552
if:0.008703252204719602
of:0.002525202409944658
explain:0.046689058805358494
one:0.01277027152955354
in:0.004615057192064688
st:0.04982788627167922
or:0.008757291658481627
and:0.004958407980399869
subject:0.0003467137258703675
p:0.04371594856664091
values:0.05546683597848401
back:0.02735528207879919
similar:0.04110075698528184
the:0.003915600051891185
can:0.011228129771918356
is:0.003489254894683947
picture:0.053123737190849354
does:0.0158245300563315
1:0.025435375219801413
psuvm.psu.edu:0.0649209521566551
convert:0.11113194792722961
data:0.038108384716958606
