24:0.09639694075969632
pc:0.08770637005257587
graphics:0.0925984589510453
otherwise:0.09351012714768515
anyone:0.04402407235898398
comments:0.09694750036918684
had:0.04037917067584566
bus:0.10650112241462266
stealth:0.13975002393073097
am:0.0430088514921412
market:0.10291724250192164
card:0.08055021964511162
a:0.007350021714981026
wondering:0.0947087763646657
was:0.023301608792141725
pitt.edu:0.12994277958112113
b:0.08055021964511162
regarding:0.1041314834492336
if:0.01763553736219498
good:0.08526367638734206
in:0.00467578162880238
24-bit:0.1550488601036738
and:0.005023650190668287
for:0.017123624363793367
subject:0.0007025514971583761
i:0.005023650190668287
any:0.05385722454151617
the:0.003967121105205542
isa:0.1269952780448976
william:0.10714892840502677
diamond:0.26351676292471343
bad:0.07212108017753642
