another:0.022860879694727616
mode:0.03947819841730135
know:0.01272036212018868
help:0.022062811546822648
small:0.03081181340480424
graphics:0.07255136989978808
switch:0.04383622084546573
though:0.025624167026914224
from:0.008727549014744079
my:0.009796023312683519
to:0.0014208238763822997
colors:0.09401848811923803
that:0.007152672689370656
error:0.038819156280123696
this:0.010824380172606576
on:0.00522689510555969
am:0.033697656839203415
support:0.028236662984881502
card:0.03155575614963136
a:0.004319084925298129
other:0.014219669977648565
driver:0.11380780201504305
question:0.0450100223370537
ultra:0.05520066013184426
1.5:0.0549715556289091
display:0.03800125172098431
it:0.010603776177524907
have:0.010541249755621708
states:0.03559649211809983
color:0.03808899078972563
exit:0.054858884798680334
ati:0.1058468082723443
graph:0.06319101377130644
anybody:0.03133603242178036
be:0.005963518114819292
16m:0.0742684852876884
ux4.cso.uiuc.edu:0.058762532743603095
of:0.002004542119234419
3.1:0.04042806167914657
what:0.009489093845326094
megs:0.056299729565434546
using:0.02272598534685485
windows:0.056643447039659824
pro:0.04639965103666208
in:0.001831749504066912
or:0.006951664512402941
and:0.0039360558194926785
for:0.003354111988784268
subject:0.00027522635971152884
i:0.011808167458478036
any:0.021098706521418705
actually:0.025199114712382314
than:0.014748466827004755
the:0.000777064958751601
when:0.04044353946939389
vlb:0.05669376268729226
workshop:0.06397437363705823
would:0.009614944805199753
can:0.01782610293686007
correctly:0.04493096359825132
an:0.009256681840842646
problem:0.021809951464387467
about:0.010154805982699706
current:0.03260047137866823
is:0.00276982089578004
win:0.03494304539823032
viewers:0.1284986080386971
handle:0.04187996790441962
under:0.025023952856759166
59:0.05442012588714636
says:0.026402337571418227
