generated:0.06302165994470516
help:0.02779341194859477
where:0.023992945431607297
with:0.007595160737526589
hans:0.16820271616972882
into:0.023257193545225797
to:0.007159476156316005
software:0.036568647902353986
been:0.019055069963914796
format:0.20883400036561114
that:0.004505254875772426
problems:0.0356243277388542
conversion:0.13046282693288302
me:0.014072580264994089
this:0.006817953745083364
a:0.0018136417218784352
how:0.017082636327650967
as:0.010391092989831409
running:0.03931766769411301
question:0.028350468614897463
files:0.2148903613368629
are:0.00834949846235358
it:0.013358003756102804
should:0.02133522262640883
have:0.006639618352566921
suitable:0.06678727320426775
aix:0.07509944664902096
follows:0.05576654957955602
anybody:0.0394752616222428
be:0.0075124838589282
sending:0.05895838304496049
of:0.005050404819889316
available:0.03507875101057442
what:0.035861380636232384
in:0.002307528596032344
and:0.0024792039901999343
for:0.004225309907949013
subject:0.0003467137258703675
possible:0.033467163934604964
cost:0.04312996888767378
the:0.00489450006486398
hello:0.05025052974872431
ibm:0.051174897001554115
can:0.011228129771918356
regards:0.05362815061054109
is:0.01744627447341973
involved:0.09352927628742513
done:0.034398227940528554
hardware:0.04609975485291626
does:0.0158245300563315
convert:0.055565973963614804
