library:0.0230060911631933
some:0.025660151101831962
24:0.02012683378499154
mark:0.03300685675046363
there:0.010085483357990631
knows:0.01919759017110569
programming:0.024108677401996327
graphics:0.07733497670636752
with:0.0032133372351074033
literature:0.025995124253651043
c:0.028418655993724836
though:0.013656836272586154
programmers:0.031586570551093034
options:0.024862529718004487
look:0.013028397386131377
graphical:0.03269934123302421
been:0.016123520738697137
that:0.003812138741038207
think:0.007910703447959095
bit:0.014972990099207143
like:0.006399115733564139
really:0.010721954632917176
nt:0.003923508525947464
database:0.027824048952799472
seattle:0.02673827835220032
re:0.0020546181471328053
package:0.0640757642811462
recommendations:0.02960853355092047
so:0.005614343941675385
tools:0.02444765305587182
he:0.008736995645715579
carpenter:0.033167241278850075
you:0.0030538406011468237
apparently:0.020816818990393754
names:0.04502084848330637
graphic:0.02894719463745962
includes:0.020701947095782137
more:0.0069858188231908015
a:0.005371169714793828
3d:0.1028200973318136
price:0.03439718903125234
was:0.01946068426596452
objects:0.025768180263864033
worth:0.019314085817537574
mac:0.03770639708583666
also:0.01630216628219304
owen:0.03454808978588802
helpful:0.02551979874316048
talked:0.027090359982335062
wa:0.02755377288581721
product:0.021928010564541533
it:0.015070568340218549
routine:0.028779836354576604
ve:0.010028207137513376
92:0.024085246639433375
tons:0.03186840183893672
robert:0.017557208950317052
has:0.017551227591536555
explained:0.02602832378362886
list:0.015997959323744943
found:0.014695167611302185
g:0.0194230876978654
writes:0.0036333098407558373
of:0.0053417743287290835
year:0.013597586352800286
years:0.012251513313079086
aspects:0.026479230119092072
well:0.018493053957729065
please:0.021048520405552253
highly:0.022948756672574733
good:0.008901153029447799
called:0.01473766206514689
code:0.0356100275860626
in:0.0029287862949641287
system:0.012281441369464425
or:0.003705008009357612
recommend:0.024108677401996327
and:0.00629336397512291
for:0.007150524459606023
subject:0.00014668657632977087
offer:0.019314085817537574
i:0.004195575983415274
info:0.016183491535123065
ago:0.015720690798706836
review:0.023745271893729596
micro:0.03114677545398569
capabilities:0.056314302540944376
bcstec.ca.boeing.com:0.034096232103267295
the:0.0016566000219539628
around:0.013006562819525471
can:0.004750362595811612
nobody:0.022023569590430923
last:0.011978915121206033
just:0.006452684414647725
many:0.010182423228451063
about:0.005412176814955339
including:0.017472350035880387
current:0.017374976504015486
is:0.00590489289869591
time:0.008678626208262163
sheet:0.02861742535324944
does:0.013389986970742037
their:0.008316942959240188
206:0.03186840183893672
150:0.02589671256921956
article:0.004452378463278028
very:0.0191565108987192
little:0.012886476384057497
written:0.03937932899402319
checked:0.024729484343715507
by:0.010883906316672156
john:0.014733397799900252
s:0.003408990554153947
