at:0.006623797086123541
help:0.01609092270708118
thanks:0.014987869510647841
graphics:0.026456702557441515
post:0.03883575645761173
my:0.007144468130303017
to:0.0020724799399862116
like:0.008756684688035136
nt:0.0053690116670860035
months:0.02553228977428436
me:0.016294566622624733
australia:0.03488040387552058
cant:0.04228265185973629
re:0.0028115827276554172
so:0.007682786446503158
anyone:0.012578306388281136
likewise:0.04262190325282252
this:0.015788945514929893
ti:0.02848617335527566
something:0.02993475664907553
western:0.030755847847333834
am:0.012288243283468914
rotation:0.04115528233123317
support:0.020593656462657938
came:0.022697193477277795
a:0.0021000062042802934
sorry:0.023890351013072363
was:0.006657602512040493
advance:0.02378572343365902
patrick:0.06895646662395867
science:0.025425806211784325
those:0.01395425303975609
place:0.020446824190349062
it:0.007733581121954255
not:0.004533157959217781
have:0.003843989572538743
ve:0.02744561953424713
university:0.01767173008720792
color:0.08333756631436208
always:0.019977113518787275
earlier:0.029668770938979638
bother:0.034478233311979335
mixed:0.04206470045467424
found:0.020109176731255618
writes:0.004971897676823777
get:0.019765022184828906
if:0.010077449921254275
of:0.007309796449839799
even:0.01262525900575959
looking:0.01950289733388454
but:0.005002129490604588
year:0.037214446860295514
2nd:0.03283185601947009
fairly:0.029505312392841248
again:0.018359918331639233
please:0.02880323844970308
find:0.015913133365965337
up:0.010101205792123192
net:0.02492588334510137
now:0.01242040900660334
called:0.020167327036516795
in:0.0013359376082292516
system:0.016806182926635525
or:0.010140021920347147
and:0.00287065725181045
few:0.017185169179746513
for:0.007338696155911443
subject:0.00020072899918810748
i:0.010047300381336574
the:0.003967121105205542
wrong:0.01987535381075083
would:0.00701240335416824
can:0.006500496183742205
sequence:0.03908804137879444
did:0.012360233409345604
eric:0.029985176543748913
here:0.013536848914461623
is:0.004040189878055096
assuming:0.029835862193000016
time:0.023752029622612233
hear:0.02491489897938953
first:0.014116953604443917
engineering:0.029073304460324054
nice:0.023757439524471863
e-mail:0.020674404335731325
animation:0.03976859782646987
earth:0.0794105675773026
past:0.024838454487995213
upon:0.026075756260849143
revolution:0.039848162558278416
s:0.004664934442526453
