week:0.030511847826598083
out:0.005213173004780796
there:0.0040609689627307405
traffic:0.019358585227371244
all:0.012664617220968467
50:0.015270722518267393
discussing:0.02153259584115247
ever:0.011696557773583454
graphics:0.03113930477999754
split:0.08438808119092399
with:0.005175463511411923
way:0.007665366458170546
eos.ncsu.edu:0.05148450187421136
much:0.01546191919964541
creating:0.0216563739475348
concerning:0.020244434705565067
such:0.008508925679061056
from:0.0037458949311069715
my:0.004204487881992483
to:0.0012196452744166644
recall:0.01730466909324346
us:0.009114497284004408
day:0.022507106511175858
been:0.012984428205499462
make:0.007787966740485415
that:0.001534976218736623
think:0.006370566493489182
bit:0.012057894681662388
like:0.005153270192516253
nt:0.006319279218782642
months:0.015025639557432831
could:0.006677474138610873
its:0.009149666177142345
covered:0.020430768711539076
re:0.001654603994593675
articles:0.018636675312830385
anyone:0.007402277653280492
this:0.01626051800265457
amount:0.016453172617817823
posts:0.05340288679869918
extremely:0.01954933798690102
personally:0.017340020376577437
big:0.012282214840121935
on:0.004486803763179557
curious:0.018965806817794226
you:0.0024592875637554066
am:0.007231576799563565
size:0.0159330846772826
seeing:0.017735794979904546
a:0.004325455257046356
how:0.005820190253226214
same:0.00859333340941864
render:0.024333163631271457
sorry:0.014059365861675329
as:0.0035403281425531786
following:0.01211201005769806
awful:0.022260690474108915
waste:0.01893176989025814
learn:0.03371693965240913
fox:0.05016560294358757
70:0.01903467636001153
are:0.002844740626554095
no:0.00996235164763283
those:0.008212016169413982
it:0.003034118847256389
not:0.002667743400778606
should:0.007269080275369379
disagree:0.018798181517341566
have:0.002262170854635632
only:0.011801205648400766
ve:0.00807581282755502
kind:0.012192596004261327
per:0.0625986746119118
doing:0.011861517279492546
has:0.004711391477374119
feel:0.013479100372770697
algorithms:0.022519956687675525
be:0.005119126169358153
writes:0.00292593978326355
get:0.005815814049960718
spend:0.018142023073944913
convenience:0.02574225093710568
making:0.013604456596780546
things:0.009888167823629423
if:0.002965267344085882
of:0.008603565732997285
but:0.00588746214380894
result:0.015641601597396027
reading:0.029082495985513192
aspects:0.04264796355464386
groups:0.04884671148433264
who:0.011442945789680073
now:0.00730935574282409
david:0.011046217873205725
one:0.004350933220246117
code:0.014338550930671223
in:0.0031447734848582386
5:0.01149943755273311
yes:0.011800202966831366
and:0.0025340536360008176
few:0.020226792043418464
for:0.004318790215647
subject:0.00011812812784078892
i:0.007602160908002453
group:0.047736565217816725
will:0.005014625419926037
the:0.00133407612387443
do:0.003178397871267684
less:0.012163121931841936
would:0.008253536691189169
proposed:0.01952988837861324
maybe:0.01171642956788639
forum:0.022596911301444856
an:0.01191900183931509
problem:0.009360908371883116
just:0.02078563829143161
newsgroup:0.05102872354744712
about:0.013075436021971747
different:0.011182375654917025
is:0.0035664507994335915
having:0.01157916545318744
issue:0.013855575254269262
else:0.011179434625389631
hardware:0.01570655364457766
heavy:0.019831009897396494
time:0.006988982167715547
easier:0.018480857143400888
lot:0.010967050390554825
mitch:0.05590035290181302
2:0.008621281203961986
too:0.008639459592320781
article:0.0035855437182150487
before:0.009407939235498427
by:0.008764915706346603
favor:0.021069451493524644
four:0.015522328101871565
news:0.013579099629041675
