24:0.0718251715464404
there:0.017995666383865634
with:0.022934406932923423
post:0.05063878047904275
to:0.0027023512942957466
256:0.09582888911607397
bit:0.10686604698257646
file:0.05957815455800802
1024x768:0.10834533899970043
big:0.054427069683677595
on:0.00994134951449588
ray:0.17010858300347725
a:0.008214730152037619
also:0.02908817905254052
are:0.012606105521592657
those:0.036390503025246275
it:0.006722655485097489
only:0.026147769377829148
shows:0.07576891446313551
available:0.05296203583949471
but:0.013044769063733534
version:0.06118569818952126
tracing:0.11836152770099438
who:0.02535397792615389
called:0.052593225408955564
in:0.003483915723421382
pictures:0.18235857065218913
yes:0.052291095500076254
for:0.006379389468864196
enjoy:0.09064205053809231
subject:0.000523469742980751
example:0.055124689093292246
the:0.004433841235229724
colours:0.12067099898837444
interested:0.05641325912578274
is:0.021072362893385405
picture:0.0802064267391255
created:0.07447245271539257
nice:0.061955675622642314
resolution:0.08760435283993859
