some:0.0212279431842428
there:0.016686890646857227
help:0.03891077672803267
graphics:0.06397711709344948
your:0.022907858585113863
with:0.010633225032537224
been:0.026677097949480713
that:0.012614713652162792
kinds:0.08290721225060081
me:0.01970161237099172
programs:0.12847934997434604
these:0.03012065405634441
you:0.01010543617106767
impressive:0.0956024167972811
a:0.002539098410629809
other:0.025078327051489286
are:0.023378595694590016
not:0.010962000155926634
have:0.009295465693593687
shareware:0.18037449017944224
has:0.019359535888846383
heard:0.04913904289854317
things:0.0812627610232818
if:0.01218455308660744
of:0.0035352833739225207
wayne:0.1699133239084684
what:0.033470621927150224
windows:0.0499492214804273
please:0.034825733761913724
called:0.04876826356103152
email:0.04988906652668983
use:0.03023235504995178
better:0.04065847038729824
for:0.0059154338711286175
subject:0.00048539921621851447
i:0.006941771172559816
will:0.04121110345102852
program:0.050484244225165
currently:0.06543515457922358
do:0.02612065159659988
workshop:0.11282753168717541
can:0.015719381680685696
about:0.0179093850967613
experience:0.06022223226900268
donald:0.1004656779815404
