some:0.008164593532401078
at:0.006160594492688329
out:0.00823900069287035
there:0.012836069728351713
form:0.02386979667469857
all:0.006671803011512526
graphics:0.024606583497480572
with:0.00408970193559124
further:0.024810030776792915
ya:0.03571260107780795
o:0.024482370516083086
from:0.005920085695315913
to:0.0038551025457086176
software:0.03938162081791967
appreciate:0.026847645702199257
enough:0.017008031656904867
phigs:0.19296955030362495
that:0.002425906471569768
its:0.014460311580658532
re:0.0026149685508962974
anyone:0.011698704542946792
comments:0.02576227282537832
phone:0.02054088899447251
this:0.003671205862737196
editing:0.040809560960059874
personally:0.027404507728017488
two:0.01304048554303015
you:0.0038867062196414116
products:0.02832228527368454
libraries:0.035068438218312806
support:0.038307081252216865
bill:0.04329390035932472
more:0.008891042138606475
a:0.003906305247122784
other:0.009645510404418956
low:0.023746814964893847
as:0.011190407835203055
fine:0.02265144460084308
also:0.010374105815941025
far:0.017408238266583227
are:0.004495883787421158
no:0.007872347805472097
it:0.0023975904177620418
couple:0.02206987268989174
have:0.014300716451682597
systems:0.0209819379040742
be:0.008090367232691907
myers:0.04321355773700271
which:0.009034212115507118
structure:0.032214394683154436
comparison:0.032636018670959464
found:0.01870294059620278
if:0.004686366571772093
of:0.0054388974983423394
but:0.013956990676582034
years:0.015592835125737017
easy:0.023172598351460193
they:0.01304782691619222
find:0.02960065367375371
good:0.011328740219297197
in:0.0012425153978635698
system:0.01563092537931836
yes:0.018649271821705518
or:0.004715464739182415
use:0.01162782886536607
and:0.002669911989446083
subject:0.0001866920062378902
i:0.012014603952507374
elaborate:0.03892611387066418
ago:0.020008151925626882
any:0.014311710018025278
impossible:0.028784983600935912
portable:0.035774213872788056
the:0.0005271000069853517
do:0.005023202230115361
when:0.00914457652338277
level:0.024619127011145096
would:0.013044050994466799
hate:0.028153770926977826
specific:0.02563046355573729
because:0.012340715376884713
did:0.01149588142267808
may:0.013014164527551265
here:0.025180432246481064
about:0.006888225037215885
changed:0.026428777579254718
is:0.009394147793379857
implementation:0.03447863997751735
methods:0.031115194798382317
hardware:0.02482294492080106
questions:0.021148086274444138
does:0.008520900799563113
their:0.02117040025988411
goes:0.022538651720214523
experience:0.023162397026539494
rendering:0.03942942505685361
easily:0.025866536841925785
too:0.013653971103947529
documentation:0.03130856215034392
happy:0.026560105513881268
s:0.004338715250741387
