such:0.021852468221224986
to:0.003132270818388252
require:0.04408546657843849
platforms:0.12355411716492681
software:0.06399513382911946
appreciate:0.04362742426607379
been:0.033346372436850895
that:0.007884196032601746
provide:0.0383744963441297
could:0.017148967674159743
package:0.044173443557456844
michael:0.06828852731076566
searching:0.06034660124281565
on:0.005761463923173749
you:0.012631795213834588
products:0.046023713569737376
particularly:0.04564886699023389
a:0.0015869365066436309
other:0.015673954407180803
mac:0.03899184244103564
also:0.016857921950904166
not:0.013702500194908294
comparable:0.05754519215238072
have:0.01161933211699211
able:0.029971195751257604
quality:0.043683680006526705
sun:0.04123286709203229
be:0.013146846753124348
wayne:0.1592937411641891
but:0.007560036616481935
shop:0.11044304047301584
find:0.02405053110992489
in:0.0040381750430566014
or:0.007662630201171424
and:0.0065079104742748264
for:0.014788584677821546
subject:0.0003033745101365716
adobe:0.13304809899901723
i:0.0065079104742748264
special:0.039723990828011625
world.std.com:0.05222814011773349
any:0.023256528779291075
information:0.027713878232770058
the:0.0008565375113511966
hello:0.04396921353013377
thank:0.04125561712238084
would:0.031794874299012815
photo:0.12411531290561707
solutions:0.05349206778944058
manipulation:0.06652404949950862
about:0.011193365685475814
interested:0.06538809580488454
is:0.0030530980328484533
hardware:0.04033728549630172
type:0.036824005799223826
does:0.01384646379929006
runs:0.04263398318685608
workstations:0.061639315849141306
image:0.04205753405606451
hp:0.0491550852960946
enhancement:0.07358868832425634
