some:0.01768995265353567
pc:0.05049760699996793
there:0.02781148441142871
modify:0.0809589504877389
thanks:0.030202827953275196
fax:0.046343080907324086
c:0.039183298415590304
faces:0.16473882288656908
such:0.029136624294966645
from:0.012826852339851145
to:0.004176361091184336
psychology:0.08476674485563142
implement:0.07711379108204043
young:0.05687962919809374
might:0.03222856266482494
that:0.010512261376802327
cubs:0.08372139831795034
could:0.022865290232212992
anyone:0.025347193176384716
phone:0.04450525948802377
a:0.0021159153421915077
wondering:0.05452929548268631
j:0.046274676659528224
was:0.013416077789414933
mac:0.051989123254714185
advance:0.047931836616312874
output:0.061929669529304864
no:0.017056753578522876
application:0.055914662239650435
university:0.03561121366058566
algorithm:0.12366815211335928
knew:0.05881962216511757
be:0.008764564502082899
get:0.019914757201380643
if:0.020307588477679068
of:0.008838208434806302
department:0.05254659973777177
ut:0.09048332411535064
code:0.0490986743989651
in:0.002692116695371068
or:0.010216840268228566
and:0.0028924046552332564
i:0.005784809310466513
will:0.01717129310459522
source:0.047261635783330674
the:0.004568200060539715
hello:0.11725123608035672
individual:0.11702079367474402
address:0.04837608112020623
is:0.004070797377131272
implementation:0.07470371995128759
e-mail:0.041662057222004036
