line:0.11765848953358285
software:0.11732441202005235
me:0.09029905670037872
anything:0.09671838126330848
package:0.16196929304400842
anyone:0.06970478123505797
this:0.02187426826547579
followup:0.24549402849748353
tell:0.1004177105676022
a:0.005818767191026646
not:0.02512125035733187
but:0.02772013426043376
for:0.027112405242672832
subject:0.0011123732038340957
the:0.006281275083242108
can:0.036023583018238055
note:0.12340371245327073
about:0.04104234084674464
is:0.011194692787110995
animation:0.440768625910041
