above:0.028964425852431332
k:0.040304904853741094
all:0.020299315545665768
thanks:0.021206240903363437
codes:0.058503138092205836
much:0.01858720073999927
post:0.0824226958861015
my:0.010108662354577674
to:0.004398507957736694
areas:0.04378992186099825
that:0.003690474738664647
cleveland.freenet.edu:0.04555764650537772
requested:0.05572266187801001
he:0.016916310718300374
hi:0.03352145382994048
3-d:0.1294021337622866
on:0.010787421813601913
demonstrates:0.06331149047245113
working:0.03370786181602774
a:0.004456928061211899
following:0.029120364606805973
advance:0.03365426826251755
it:0.0036473981887231058
couple:0.033574380794197
have:0.010877672620162827
recognition:0.1209407940247098
algorithm:0.04341541510362613
references:0.04392944252140067
willing:0.03804148780829437
algorithms:0.10828745130669508
chain:0.05540820653501486
edge:0.050140443485084674
anybody:0.03233611856290101
be:0.006153843161036929
which:0.013743535452314019
if:0.01425851956943424
of:0.004137033735441248
implemented:0.053179928894281296
looking:0.02759452495113451
please:0.02037675911601335
they:0.009924676856465357
who:0.01375588164078562
operator:0.05836586782799406
topics:0.056843518427561364
in:0.0037804191892444783
weeks:0.03872941367375649
and:0.0020308373111212227
for:0.01038347434825768
subject:0.0005680203594046446
i:0.004061674622242445
appreciated:0.0360081076508111
any:0.010886034747753268
will:0.012056439839396643
the:0.00240559471273102
would:0.009921804745791234
friend:0.03694892999673198
an:0.009552107857039752
newsgroup:0.040895360006110104
address:0.03396618461631501
replies:0.09535762205982144
is:0.008574658305021188
object:0.08999941055602048
e-mail:0.02925208273034326
describing:0.056046696000187766
needed:0.03548747542697895
black:0.037548429321744015
summary:0.04576422188683624
james:0.07360837803483036
