another:0.0187924180541405
at:0.014931610380583576
there:0.0077777880133656566
form:0.028926956987134708
all:0.008085320598697383
situations:0.040512757368593784
hand:0.026756266571632825
with:0.004956164210080909
method:0.033821168836835246
c:0.06574824649395661
4:0.06315939417403421
into:0.015176304262562597
from:0.007174341139238776
to:0.0011679653899074837
q:0.03597185121629371
most:0.01573385986412744
think:0.012201254470580977
r:0.05254609774117169
re:0.0031689873116794113
so:0.008659411842245085
error:0.031910662365864394
this:0.00889800743002405
best:0.020637085423401983
these:0.014039287907618157
on:0.008593369919309998
you:0.004710160927192558
fitting:0.050787735600093004
a:0.003550434218253547
y:0.10839077736952908
quick:0.03440063745924827
as:0.00678062847641541
following:0.023197578585082725
part:0.02075611959672269
surface:0.0386863198583942
based:0.025600872982207985
parameters:0.14187509810541657
van:0.07772211916090258
radius:0.0974365396660836
z:0.12689161369325633
have:0.004332632314810617
left:0.024783094775428487
b:0.051879802483292235
points:0.062121293024922586
determine:0.03697001253541561
algorithms:0.04313144246961584
be:0.014706642130613679
which:0.01094824010608066
found:0.02266542801065252
of:0.0016478015725910056
least:0.040807836995025125
in:0.003011520371093059
and:0.001617785654621991
for:0.005514387506984305
subject:0.00022624539738998556
i:0.001617785654621991
sphere:0.2053868057153482
will:0.019208565167852278
the:0.0051101898982308675
equation:0.10389031077655467
solve:0.08420174710711663
can:0.021980491333162207
last:0.018475953831012693
problem:0.017928519424115122
f:0.06298696980350589
is:0.0022768866685649483
average:0.03287729710934396
center:0.0553666242961493
2:0.04953583607022226
x:0.07741932176812125
useful:0.03249395946676643
written:0.03036880456318737
by:0.00839352097302683
