some:0.03648552734791732
help:0.06687789750130615
polygon:0.37324371197582135
c:0.080815552982155
4:0.07763342200558372
my:0.029694195666571915
to:0.004306872375283846
me:0.03386214626264202
this:0.016405701199106844
hi:0.09846927062545015
am:0.051073011146917674
a:0.0043640753932699845
advance:0.0988594130211453
polygons:0.19833102628295476
routine:0.49105595779996325
has:0.03327420230895472
fill:0.4530436039148228
looking:0.08105891704395762
who:0.04040790231980776
one:0.030728465867988202
in:0.016657472052608483
for:0.010167151966002312
subject:0.0008342799028755718
time:0.04935968655949105
needed:0.10424445906675066
