fast:0.030276503695200328
k:0.03294487875001446
dos:0.030691759619512503
way:0.015064111474317769
much:0.015193016257042882
ca:0.01788303127036801
from:0.007361497864610223
wrote:0.02239630412776401
to:0.005992170261264482
most:0.01614430838232207
matthew:0.07454386679689556
us:0.017911968575521704
williams:0.046367312139166804
like:0.010127296204423245
nt:0.0062093787106299
attention:0.036910247334979635
re:0.00650331309179427
file:0.02642161636920356
this:0.0045650646814906
path:0.03857329244400795
cview:0.17498103095457088
directory:0.036656341642003445
on:0.00440877239338513
temp:0.2062983442467091
ray:0.03771972927468409
answers:0.03644009758480333
bryan:0.04608526626305243
a:0.002428702827558948
how:0.011437939106340212
standard:0.02646995252575858
drive:0.0245548152070086
variable:0.1385348063313333
files:0.05755324460152503
os/2:0.04114010968838686
those:0.01613839699380487
works:0.025870660813484696
it:0.005962703125912556
not:0.015728087180242562
have:0.004445657505631764
environment:0.07300266965004862
writes:0.005750107747978803
applications:0.0339156611077768
of:0.003381575401143281
but:0.005785071497829654
well:0.029267268002666866
windows:0.023888758099334797
who:0.011243938036816073
in:0.0015450408860390476
floppy:0.038304531248676846
mz:0.11665402063638058
or:0.005863577893070307
use:0.014458952415194331
and:0.00829994379327804
for:0.005658241094123026
subject:0.0002321474512349417
create:0.09920467020635527
pay:0.028981235321720724
actually:0.02125490545305291
pretty:0.025026261364518493
unfortunately:0.032016461572399624
program:0.024144638542470218
the:0.006554373999904809
users:0.03433650059353202
would:0.008109996922646748
because:0.03069082258946981
flexible:0.05090535961701529
about:0.008565358089755405
current:0.027497788902007114
is:0.007008851136278188
does:0.010595554907282829
majority:0.03585033587750975
by:0.008612482389714488
check:0.028776622300762514
s:0.00539509809440016
