some:0.025945263891852314
pc:0.0740631569332863
know:0.027419447236851153
grayscale:0.13972782980070264
where:0.04105459551630582
keywords:0.1277501297844207
could:0.03353575900724572
anyone:0.03717588332536425
programs:0.07851515831765593
am:0.03631858570447479
a:0.006206685003761756
looked:0.08277784898843744
seth:0.27698588843896926
it:0.01523801909955431
not:0.013398000190576997
should:0.036506936494077324
only:0.02963413862820637
call:0.05904346884441573
found:0.05943378900571106
dec:0.11022885510965916
looking:0.05764189656459209
but:0.029568143211129345
using:0.04898712396988713
archie:0.1322506689868979
find:0.04703214972607534
called:0.059605655463482975
or:0.014984699060068564
for:0.021689924194138267
subject:0.0005932657087115177
i:0.01696877397736844
program:0.06170296516409056
images:0.09457448320268408
did:0.03653135652095479
does:0.02707752920750056
s:0.027574945815823038
