library:0.03245820613721845
some:0.009050673450646156
eisa:0.043259073840928045
mark:0.02328390669993946
there:0.007114565779667809
dos:0.05472174195727035
graphics:0.027277065427439705
with:0.004533545556508119
into:0.013882200798313073
from:0.006562575615737795
several:0.02184846024858447
to:0.008546971535447014
mail:0.02375438375841749
that:0.0026891831429029208
like:0.009028209794640878
through:0.018367932511820364
could:0.011698520583922926
greatly:0.030255264727136445
this:0.004069631305204799
bus:0.03137242365702063
getting:0.021024818389338652
he:0.07395968407070862
3-d:0.047146513851375735
standards:0.03284727392422508
concerned:0.031209218934556814
card:0.04745594335680995
more:0.019711922880941486
a:0.006495368027192535
other:0.010692309983193107
want:0.01467130207528823
running:0.023468685367803888
standard:0.02359724449970726
driver:0.057050939511416925
manufacturers:0.03912643299941312
video:0.08129560913639587
computer:0.04156128535140024
complex:0.03485265792095787
internet:0.022143673977632606
digital:0.032010601527222196
choose:0.03080467821230433
purchase:0.03381753084634916
have:0.003963183047656224
systems:0.023259047444051245
routine:0.040604110205681714
moved:0.0345628320909453
between:0.018006711984855858
hope:0.04478234942077589
has:0.00825406568904303
his:0.014297899546552377
be:0.008968391583526686
analog:0.041773279893546705
if:0.005194964494289994
of:0.0015072913609747182
future:0.027166715692386434
but:0.0051572342810109325
please:0.014848181061281045
who:0.010023665691735259
called:0.020792670510517315
code:0.05024050403615033
in:0.0013773620301898487
heart:0.030782810953841992
system:0.01732730487784903
or:0.005227220602349499
and:0.004439504819660347
for:0.0025220842086207287
subject:0.00020695315420169222
i:0.0014798349398867823
appreciated:0.026238466040125915
married:0.04100173264279451
possible:0.019976524209027766
directly:0.028158917251909922
any:0.01586491885719081
information:0.03781118270517465
the:0.0017529139767187279
would:0.02168952665359014
operating:0.03562849868496548
generic:0.0427315276142225
human:0.024851491249895937
modeling:0.04968304804678982
about:0.0076357843435804
company:0.052188031622191475
is:0.006248200625364277
cards:0.03050401135156668
write:0.025226154457267547
their:0.011733981539393132
easily:0.028673757894537886
designed:0.03046199532467258
very:0.013513507688243777
aware:0.031758893116130844
respond:0.03134889727178687
hp:0.03353215120973895
