some:0.012972631945926157
pc:0.0740631569332863
at:0.009788500138382568
u.washington.edu:0.07502286610180797
stations:0.06095990639812713
thanks:0.022148740499068478
your:0.02799849382625028
from:0.009406358382557507
deck:0.06757666985363855
then:0.017732003886397812
software:0.031286509872013965
mail:0.034047950053731735
that:0.007708991676321707
and/or:0.04489980030159967
me:0.012039874226717163
need:0.021346688794413735
dream:0.05536986664621513
on:0.011266862783095332
you:0.006175544326763576
numbers:0.039197137788874424
machine:0.0722844300960966
am:0.018159292852237396
market:0.04345394683414469
etc:0.05160719972129413
suggest:0.0407933311678902
state:0.029530148743784627
names:0.04552108013312088
more:0.014126878064674732
3d:0.10396254285772265
controller:0.04679876245221852
price:0.03477938002048848
doesnt:0.07018599864338747
following:0.03041460303377513
mac:0.07625071410691414
advance:0.03515001351862944
are:0.007143459795569173
no:0.012508285957583442
it:0.0038095047748885774
ken:0.045845252234609016
have:0.005680562368307254
sgi:0.06184926981672198
be:0.006427347301527459
if:0.007446115775148992
of:0.008641803802921719
looking:0.028820948282296047
but:0.007392035802782336
please:0.02128239285450283
one:0.010925676753062472
in:0.001974218909938783
or:0.014984699060068564
use:0.018475328086081644
and:0.002121096747171055
for:0.003614987365689711
subject:0.00029663285435575884
station:0.13786633792573855
vendors:0.06095990639812713
i:0.002121096747171055
information:0.027098014272041834
currently:0.03998815002063663
than:0.015895569802438458
the:0.004187516722161405
can:0.028818866414590444
about:0.010944624225798573
type:0.07201138911848214
run:0.029742604759859945
matter:0.03356558902111714
workstation:0.05912568694968881
animation:0.11753830024267761
