some:0.020483103072514983
there:0.03220277142375956
marc:0.08409200693458764
know:0.021646932029093013
differences:0.2410742217692709
with:0.01026012941736048
previous:0.06093332315250537
wrote:0.04518552587180458
to:0.002417893263317247
recall:0.0686114950012811
look:0.04159944428554229
slightly:0.07595915186589562
enough:0.04266927240241045
nt:0.01252769388986734
re:0.006560359697862641
you:0.01950171892662182
as:0.01403709053012313
let:0.04044101303075131
parameters:0.0979021144821003
are:0.02255829409127107
no:0.019749925196184383
helping:0.0908712510247187
have:0.0089693090025904
only:0.023395372601215554
between:0.04075203238677904
get:0.02305919254896706
of:0.0034112383432585726
but:0.011671635478077372
version:0.05474509838009797
in:0.0031171877525349207
and:0.006698200254224383
for:0.005707874787931122
subject:0.0004683676647722508
doug:0.15163647314592232
i:0.010047300381336574
warrant:0.08258424500825913
any:0.01795240818050539
actually:0.04288270398422955
the:0.003967121105205542
when:0.022941656891995364
thank:0.06369288257490376
home:0.05139233424318155
upgrading:0.09815096772757322
changed:0.06630377533041096
is:0.004713554857730945
significant:0.07303382093866606
