out:0.013090856656449554
formats:0.055989770642086406
tony:0.05136382863825231
fax:0.03398492599870433
with:0.006498081964328304
from:0.009406358382557507
my:0.021115872474006696
to:0.012250659200807385
mail:0.13619180021492694
format:0.13400181690126714
think:0.015997200305872837
need:0.04269337758882747
file:0.10128286274861363
on:0.005633431391547666
m:0.030418104713690493
a:0.004655013752821317
other:0.015325644309243453
want:0.02102886630791313
nb:0.14468657538546287
proprietary:0.06425174879971794
it:0.007619009549777155
twist:0.06484185796987291
have:0.005680562368307254
only:0.014817069314103185
anybody:0.03377327938791883
be:0.019282041904582378
get:0.01460415528101247
of:0.004320901901460859
but:0.007392035802782336
disappear:0.06406181065128126
secretary:0.056743355045850416
seems:0.05236637976402396
order:0.031159076234805468
email:0.030487762877421568
in:0.001974218909938783
for:0.003614987365689711
subject:0.00029663285435575884
p:0.07480284532514112
i:0.006363290241513164
info:0.032726616215471085
any:0.011369858514320081
will:0.012592281610036494
em:0.05283893408098499
filter:0.05808866539644193
the:0.0033500133777291247
got:0.02457948690700638
would:0.01036277384560418
page:0.0467193970354143
come:0.05335985943265353
cc:0.2512642515775381
pages:0.04995547635337294
first:0.020861720326567124
too:0.021694642976272185
nice:0.03510821618616398
give:0.026258180792844518
