pc:0.10415131443743385
to:0.004306872375283846
amiga:0.157471229930868
voice:0.11332794691988025
2.0:0.14655652525072668
on:0.01584402578872781
how:0.041105093663410135
features:0.13517648456426015
it:0.010714232179374124
netcom.com:0.2011896984200712
edge:0.14728755273743624
of:0.006076268298929333
shipping:0.12822835907318123
email:0.08574683309274815
in:0.005552490684202827
for:0.020334303932004624
subject:0.0008342799028755718
the:0.007066434468647372
imagine:0.36916298948123083
is:0.016792039180666494
living:0.11512515668840938
terms:0.120285592975452
carbon:0.190794712007427
close:0.10859103800532939
s:0.019388633776750572
