at:0.006383804438075587
there:0.013301144718509383
photoshop:0.04644284926112961
small:0.021657578987434863
thanks:0.014444830760262052
fax:0.02216408217306804
4:0.018001952928831007
ca:0.014902526058640009
into:0.051907359506735834
service:0.026395588612161906
from:0.006134581553841852
store:0.032342051079569376
to:0.004993475217720401
look:0.017182379161419643
then:0.034693051082082677
that:0.005027603267166331
nt:0.00517448225885825
need:0.04176526068472253
file:0.022018013641002965
tiff:0.03948298005687387
this:0.0038042205679088333
programs:0.02560276901662693
separation:0.04202934155569915
associates:0.04441687199867192
on:0.011021930983462824
inc:0.02652909779568407
a:0.01011959511482895
operation:0.031201203880452874
layout:0.04153787346628784
mac:0.04972872659146574
capture:0.039664148913434866
vga:0.032683924704751184
advance:0.022923921859975722
express:0.033737062294784625
files:0.02398051858396876
are:0.004658778127545112
einstein:0.12225201515967231
it:0.0049689192715937965
should:0.011904435813286084
have:0.011114143764079409
color:0.053545392849324434
screen:0.05417836478414562
environment:0.030417779020853592
which:0.00936153864143129
converter:0.03904893555266323
get:0.009524449096312481
of:0.001408989750476367
bureau:0.04075067171989077
3.1:0.028416825962878384
available:0.019572926288508912
what:0.006669870311569791
but:0.0048208929148580455
extract:0.0425565832533979
separate:0.030599272005825236
windows:0.03981459683222466
net:0.02402277162969915
good:0.011739201821445645
in:0.0051501362867968255
640x480:0.04459580397396447
5:0.01883241222404118
pull:0.03275427843030888
use:0.012049127012661942
and:0.00276664793109268
subject:0.00019345620936245142
however:0.017370281914470386
i:0.01106659172437072
any:0.007415125118034835
program:0.040241064237450365
the:0.002184791333301603
do:0.015615606932749927
would:0.01351666153774458
page:0.030469171979618022
film:0.03760246414756166
e:0.02254267895691179
is:0.001946903093410608
printed:0.07052705304493417
hills:0.04424225205969322
suite:0.03832770660087313
type:0.023481974712548523
insert:0.03760246414756166
16:0.025268063346558997
image:0.10727718831691817
sales:0.035066334033156336
