looks:0.055211378618933715
read:0.03656456551448261
out:0.01900285643678161
there:0.04440866059244262
know:0.019901211704166158
all:0.015388190816875664
thanks:0.03215139749864779
jpeg:0.09326866761249378
into:0.028883933919070747
post:0.04165448071663194
my:0.015326036473069375
to:0.004445803742228486
scanner:0.08978119812104803
basic:0.06160730338
that:0.0055952358941044646
view:0.05492497988362309
like:0.018784501024333437
pcx:0.09926162820011446
anything:0.0748787467844969
tiff:0.3515258869579738
programs:0.11397361691272634
on:0.008177561697407902
etc:0.03745683850739089
a:0.0022524260094296694
other:0.022246903029546947
are:0.020739076825845984
works:0.04798590312178613
it:0.01105985257225716
of:0.0031361384768667524
but:0.010730374552425972
errors:0.06925845673590021
email:0.044256429983353884
our:0.03596411972549022
or:0.010875991253275569
bmp:0.09023556710438184
and:0.0030790114071837893
for:0.010495124610066903
subject:0.0004305960789035209
scan:0.08448274542795066
i:0.0061580228143675786
acceptable:0.07464781685342012
any:0.033009266654477655
the:0.0024314613225453322
ibm:0.06355592046967204
can:0.01394461278125344
gif:0.07554911456945974
time:0.02547596725651151
s:0.010007036788000296
