since:0.011498974847147594
24:0.021052205453267015
at:0.010126034625913001
there:0.0052745918711330315
help:0.012299383448516074
true:0.08907864800544299
with:0.0033610768781008465
way:0.009956165629577836
from:0.009730715568162938
name:0.015874899458794545
my:0.010922003003796567
to:0.003960342414054112
colors:0.07861890816867319
besides:0.02327636088584419
256:0.08426333353309952
displays:0.029299817667573464
connected:0.026119442735476988
t:0.014806166982761161
normally:0.024458918069659673
calls:0.02303614750263464
that:0.0019937047438763037
indeed:0.021196794876463306
bit:0.015661403437101724
me:0.006227521151750257
need:0.011041390755731243
anyone:0.009614452584145927
this:0.003017140450410454
hi:0.018109291149508072
on:0.01165537529285724
set:0.015226520598424834
machine:0.018694249162783602
am:0.018785475364383512
ray:0.024929706129819942
a:0.008025885780726409
ms:0.024023792657385558
series:0.020616956096365897
million:0.0449828880359901
running:0.017399197772682194
enable:0.031991001629338954
que:0.065157622214085
display:0.0635538175333703
are:0.007389785995416385
xlib:0.06221015636411171
d:0.010470369094120894
it:0.0039408670085054245
not:0.0034650000492871544
have:0.011752887658566732
color:0.16986814283233959
generating:0.06864252174267979
400:0.02638406307169197
doing:0.015406338535432846
call:0.01526986263217648
screen:0.021484523966126712
without:0.012915002786221236
be:0.006648979967097371
24bit:0.03522717434377428
if:0.007702878388085164
of:0.0033524238890644594
monitor:0.06460820413946221
using:0.025338167570631273
please:0.01100813423508767
in:0.0010211477120373015
system:0.012846105340474282
and:0.004388476028629768
combination:0.028507462528360124
i:0.009874071064416979
we:0.015491309261080114
info:0.01692756011145056
any:0.011761922601020772
will:0.013026498217279131
images:0.04891783613931935
the:0.0021659569252558994
do:0.004128263901761475
see:0.020337767372542254
painful:0.032758423426031615
can:0.014906310214443334
rgb:0.03096984543831911
is:0.006176382227371584
limit:0.0255196725324641
query:0.03313541930238686
max:0.05473213836248931
time:0.009077643505193756
x:0.03500183896030003
image:0.021270476993871707
capability:0.028210496950519203
workstation:0.030582251870528692
function:0.023637934595100333
needed:0.019171394770896674
hp:0.04972008627650948
facility:0.05870002246122457
specify:0.030103047221453686
