there:0.03059263285257158
from:0.02821907514767252
need:0.06404006638324121
anything:0.07737470501064679
re:0.012464683425939017
file:0.10128286274861363
tiff:0.1816217082616198
this:0.017499414612380634
directory:0.14051597629434653
you:0.03705326596058146
graphic:0.17561298080058835
a:0.004655013752821317
should:0.05476040474111599
ftp:0.12644556490963585
called:0.17881696639044892
tim:0.13593030999120628
in:0.005922656729816349
and:0.006363290241513164
subject:0.0008898985630672766
program:0.18510889549227166
the:0.005025020066593686
workshop:0.20685047475982157
can:0.028818866414590444
is:0.02686726268906639
