some:0.0072517818331264226
since:0.012427463499401747
read:0.01408076435961442
large:0.018596485216693014
out:0.007317870180623974
apologize:0.033327724149334326
mark:0.018656049467653354
fast:0.021626074068000233
there:0.005700490593646878
help:0.02658500273343847
all:0.005925887146871373
thanks:0.012381283508796043
your:0.007825665976281133
wonder:0.02292153855786912
with:0.003632468178817064
work:0.01257808983844909
my:0.005901951933728579
to:0.0017120486460755662
obviously:0.022868901123142587
physics:0.0569640376458789
sophisticated:0.03520939833928817
software:0.034978706689208154
been:0.009113294330567945
problems:0.0170377219620607
like:0.00723378300315946
nt:0.004435270507592785
sum:0.03448845317622759
me:0.006730364474562389
need:0.011932931624206436
covered:0.02867921570688094
so:0.006346649673198261
anyone:0.020781549684986224
this:0.009782281460337
on:0.012596492552528942
tell:0.014969099711940699
support:0.01701215099089134
particularly:0.02495093351018995
m:0.008501954733640198
vhs:0.03838222830056762
a:0.0026021816009560157
j:0.037939486453774686
as:0.004969653169049804
given:0.017315450678144603
question:0.013558919772342262
video:0.08684996752459682
based:0.018763372744723866
it:0.0021295368306830553
not:0.0037447826619625146
have:0.003175469646879831
frame:0.06003062246490405
area:0.019928366737014577
buy:0.01867603183381345
money:0.019256023395833103
university:0.014598385724215238
real:0.015885676111790356
has:0.006613506048984788
network:0.022816706025028426
which:0.024072527935109028
if:0.008324849934949183
of:0.004830822001633258
department:0.04308168425705511
available:0.016776793961579068
what:0.0114340633912625
but:0.008264387854042363
dr:0.02434064972115839
please:0.011896989794442576
visualization:0.07922191925119634
one:0.006107521166308214
email:0.01704284881346547
in:0.002207201265770068
our:0.02769907357739619
system:0.055533474018447826
or:0.004188269923621648
use:0.010327823153710235
install:0.027441927857389005
for:0.010104001953791117
subject:0.00016581960802495836
offer:0.021833314402433777
i:0.005928531280912886
tape:0.02577247368769151
group:0.016752272886997793
we:0.016742160319428198
any:0.006355821529744145
information:0.015147958288719036
allow:0.02177810354891051
actually:0.01518207532360922
will:0.007039163632939654
the:0.000936339142843544
do:0.004461601980785693
ibm:0.024474950739873706
would:0.011585709889495354
can:0.010739950216617557
an:0.005577007071812029
replies:0.027837318241065886
many:0.01151056538868381
e:0.038644592497563066
is:0.008343870400331178
either:0.015550078926169926
write:0.02021226040364915
hardware:0.022047708842699076
time:0.009810620931078966
workstations:0.033691054625617604
advice:0.04832120581656209
too:0.012127440173071406
nothing:0.01586867081677583
already:0.018048362244082926
written:0.022257881605317453
needed:0.02071939559090696
by:0.006151773135510348
elsewhere:0.029423322538015228
s:0.0038536414960001135
