above:0.030084597017994975
some:0.006450479973112454
reference:0.02061675725424505
report:0.02097087416284395
go:0.010748244485050426
fast:0.038472905248044614
ideas:0.019872893022317515
all:0.005271092986996084
thanks:0.011013185883514713
ever:0.014604541750441218
tony:0.05108005057947743
replied:0.030753780571850704
with:0.006462180959000523
ron:0.023410488045442185
method:0.02204915979417988
ca:0.01136214693973658
from:0.004677194775857324
acm:0.03540946518251871
outputs:0.032768383409352966
my:0.015749407646358585
to:0.003045744000200731
lies:0.024919235410252285
1988:0.025249175933465668
cases:0.020330307173957965
t:0.01423355279005769
december:0.028071416948747385
offset:0.03414109810160987
that:0.0038332002810439426
control:0.016848808121221123
and/or:0.04465173510656321
surrounded:0.032044470357383885
re:0.002065969628608677
july:0.02719955511985032
generation:0.025630352019028933
two:0.01030270404780835
on:0.0028011537306038116
1989:0.026138743724665688
used:0.01090863816760699
8:0.0163121065324523
3:0.012936275937224417
m:0.015125024443271514
a:0.00462929544479468
question:0.012060696593077925
straight:0.022081003466648114
results:0.0202380317617042
no:0.0062195897026658
it:0.0037884577871820104
not:0.003330994522519143
have:0.002824589022915209
follow:0.02086736084208445
routine:0.05787768195064023
ve:0.020167223193673305
area:0.01772633726331131
generating:0.03299391929068034
points:0.02024948225674272
loop:0.056724532610040866
which:0.0071375266989918106
found:0.014776356382635344
writes:0.007306766751575274
tech:0.025054324337678607
if:0.0037024885069801617
of:0.0032227721364487066
implemented:0.02761830561360465
looking:0.01433085826191516
never:0.012176459839015804
lines:0.0195203432281465
again:0.013490989713303966
double:0.048819341271156134
who:0.007143938531678719
adobe.com:0.02939951284791156
now:0.018253197766610434
one:0.005432656949036588
in:0.005889934869430623
point:0.02432636421281835
pp:0.027404963977539568
and:0.008437511922448394
for:0.005392522589702883
subject:0.000147496999403416
fourth:0.026661992075724356
i:0.009492200912754444
vnet.ibm.com:0.03024117430969067
any:0.005653520808225454
detecting:0.10119498537410493
information:0.013474150743004225
the:0.004580819397723526
see:0.00977561194149821
original:0.0341013040140716
vol:0.029968286158698534
can:0.004776607693026041
complicated:0.027446978338783873
did:0.009082381455485997
instead:0.01694880835129636
simple:0.018227561088156024
curve:0.09500927964112246
stone:0.054978629304590604
satisfied:0.029968286158698534
is:0.004453137462276197
occur:0.025136992142522324
strictly:0.02899436769274278
their:0.00836289292034096
first:0.010373231101607962
too:0.010787391535162965
although:0.017457124070468275
article:0.013430931717954711
very:0.009631173987753852
needed:0.03685991922802233
by:0.01094403839576979
check:0.036566978614228605
john:0.014814797787745002
