there:0.0218518806089797
help:0.050954588572423735
saw:0.08089001388417749
thanks:0.04746158678371817
into:0.042638188166247294
from:0.020156482248337514
outputs:0.14121612850221157
pov:0.2930581404003379
that:0.008259633938916114
me:0.02579973048582249
anything:0.05526764643617627
package:0.09255388173943338
file:0.07234490196329545
getting:0.06457622791011157
hi:0.07502420619081916
you:0.013233309271636235
graphic:0.12543784342899167
m:0.032590826478954095
prove:0.09349757952175232
a:0.0033250098234437974
wondering:0.08568889290136421
was:0.021082407954794893
files:0.07879313249018308
it:0.016326449035236758
craig:0.10869013674501227
be:0.013772887074701697
if:0.01595596237531927
and:0.004545207315366545
for:0.007746401497906523
i:0.013635621946099637
appreciated:0.08058957426610101
any:0.024363982530685887
do:0.03420561518602365
would:0.022205943954866095
nobody:0.09543546822520065
just:0.02796163246347347
is:0.006396967306920569
