reference:0.14352434857762902
at:0.033883269709785814
thanx:0.1866410698362422
to:0.005300766000349349
technique:0.1934967710441775
helps:0.1626912421589601
me:0.0833529754157342
hi:0.1211929484620925
a:0.005371169714793828
book:0.11960378887244899
anybody:0.1169075055735652
be:0.022248509889902745
title:0.16158435890703537
or:0.02593505606550328
subject:0.001026806034308396
i:0.007342257970976728
appreciated:0.1301831584298555
will:0.043588667111664786
start:0.10836777261086587
can:0.03325253817068129
compression:0.3743358969308045
image:0.14234857680514143
give:0.1817874054889236
