mode:0.09117583920186263
correct:0.03895496952596962
specifically:0.04817907918756739
someone:0.026231644222178805
work:0.02410800552369409
my:0.022624149079292888
to:0.0049221398574672524
colors:0.054284484211702906
changes:0.04854653928257367
make:0.02095333908749647
that:0.008259633938916114
memory:0.040257526501991846
nt:0.00850093513955284
obscure:0.0699143867734394
need:0.11435726139864501
starting:0.04668478551044306
on:0.006035819348086785
you:0.006616654635818117
orion.oac.uci.edu:0.064151822693661
a:0.0016625049117218987
vga:0.10739003831561103
course:0.02912085476071451
it:0.008163224517618379
not:0.007177500102094819
have:0.012172633646372687
routine:0.06235631210158263
pointer:0.06785673423963691
color:0.04398371555480221
attributes:0.07109404037634692
of:0.0046295377515652054
but:0.023760115080371794
please:0.022802563772681604
find:0.025195794496111788
in:0.002115234546362982
or:0.008027517353608158
for:0.0038732007489532616
subject:0.0003178209153811702
i:0.01818082926146618
the:0.005383950071350378
do:0.017102807593011825
thank:0.04322017031868469
can:0.010292452290925158
64:0.060285439397732184
peter:0.04383206048602329
rgb:0.064151822693661
maybe:0.03152277478978957
an:0.010689263554306388
68:0.06471882327686643
address:0.07601955604603834
does:0.014505819218303871
adapter:0.059510872810267165
change:0.03538106080845818
somewhere:0.046184774510745076
john:0.06384472379956775
