thanks:0.05387531472746387
then:0.04313190134529198
creative:0.15362749511246923
charles:0.22250014350993705
phone:0.1587755203356524
a:0.0037743354752605273
alias:0.3580661933866396
against:0.06981839978804992
if:0.036224347014238344
of:0.00525515096123618
available:0.07300172507606027
what:0.07463044078351064
pro:0.12164232839341142
and:0.005159424520145809
for:0.017586425022274272
subject:0.000721539375459954
con:0.1567580847212563
preferred:0.1380243771385551
the:0.004074340594535422
is:0.014522844696792644
number:0.2028863390592777
else:0.06828519527940695
wanted:0.08230162133908385
progress:0.1357518604571891
opposite:0.13042758285692188
s:0.01676854813124374
