some:0.10301795957059008
help:0.06294390353064108
your:0.03705683006415478
with:0.017200805199692568
to:0.00405352694144362
sources:0.11320996985924893
me:0.06374051061203204
anyone:0.04920337498945268
this:0.015440659952100559
hi:0.09267696058865896
on:0.014912024271743821
am:0.048068716373569575
surface:0.4027928597021043
doing:0.0788442030930975
topic:0.12843049560557418
familiar:0.1354899541085613
which:0.03799683330933876
of:0.00571884075193349
find:0.062248433460982064
or:0.019832689932443685
for:0.009569084203296293
subject:0.0007852046144711264
information:0.07173003777893426
allow:0.10312572562866448
currently:0.10585098534874401
can:0.05085682308457137
netters:0.14523016541419423
give:0.06950694915752961
