correct:0.08390301128670381
help:0.05487417230876402
true:0.13247593805937674
tried:0.07943241161632489
options:0.11602513868402092
to:0.0035338440002328996
colors:0.11692042753289858
most:0.047605011896590714
pov:0.315601074277287
nt:0.0183097064544215
happens:0.09579685935330201
card:0.07848482939780106
a:0.0035807798098625512
display:0.09451593376757635
displaying:0.14382035635701984
try:0.06247153006008699
ve:0.09359659995012483
color:0.094734156579574
anybody:0.07793833704904346
get:0.03370189680233647
of:0.004985656040147145
what:0.023601079564016185
but:0.01705854416026693
now:0.04235677943277549
in:0.004555889792166422
and:0.004894838647317819
subject:0.0006845373562055973
i:0.014684515941953457
the:0.0019327000256129563
got:0.05672189286232241
can:0.022168358780454187
is:0.006889041715145228
rendering:0.14457455854179657
while:0.05564980784303904
