since:0.013894594606970009
out:0.008181785410280971
there:0.019120395532857236
know:0.025705731784547953
help:0.014861755000290256
tried:0.021512944812754658
versions:0.06167254195345491
specifically:0.028104462859414314
your:0.008749529320703211
such:0.013354286135193044
drawing:0.09881737447285072
to:0.0019141655001261538
then:0.011082502428998633
next:0.01859986127603594
format:0.027917045187763986
that:0.004818119797701067
mach:0.04327904506858894
nt:0.0049588788314058226
me:0.007524921391698226
re:0.0025968090470706285
greatly:0.027103674651393066
creative:0.039473731383065
charles:0.057170175762969934
ti:0.026310146223969877
two:0.012949926615647995
unix:0.05503565855722684
on:0.007041789239434582
you:0.003859715204227235
used:0.013711552141228232
am:0.022699116065296742
input:0.02963299513454664
sure:0.015153083473327802
a:0.002909383595513323
as:0.01111269666968081
let:0.01600790099133906
converts:0.040653585805255264
features:0.03003921879205781
others:0.018724501549086083
files:0.02298133030963673
are:0.004464662372230733
no:0.007817678723489652
it:0.007142821452916082
not:0.004186875059555312
have:0.007100702960384067
sgi:0.038655793635451234
against:0.0179394499455406
plots:0.04521455480795714
sun:0.02519786322290862
be:0.012051276190363985
utility:0.06587824964856714
sort:0.021787925747646042
writes:0.009184199875243921
if:0.0046538223594681195
of:0.005401127376826073
available:0.018757387693154375
what:0.012783918097175433
but:0.00462002237673896
lines:0.024535986974267475
pro:0.031255320489973766
depending:0.031255320489973766
postscript:0.17468458497043804
one:0.006828547970664045
boxes:0.03423920497767348
in:0.003701660456135218
use:0.023094160107602055
and:0.005302741867927637
few:0.0158724132007381
for:0.015815569724892484
subject:0.00018539553397234928
adobe:0.040653585805255264
however:0.01664652016803412
con:0.04027811899087835
i:0.006628427334909546
appreciated:0.023505292494279465
comp.graphics:0.04191970772743551
platform:0.0363054158727762
impressed:0.03596987019728449
the:0.001570318770810527
do:0.004988318881295115
would:0.0064767336535026115
can:0.012007861006079352
may:0.012923788384998825
interested:0.019979695940381386
is:0.0018657821311851659
else:0.017545501564847615
somebody:0.026359223774130244
article:0.01125462333773057
progress:0.03488068636747219
checked:0.031255320489973766
by:0.006878024130674764
opposite:0.03351264281740353
s:0.0086171705674447
