there:0.05244451346155128
know:0.035253575018808624
media:0.1128987483055789
fax:0.08738980971095398
o:0.2000559419314218
h:0.10094806069412904
phone:0.08392420360598768
hi:0.09002904742898299
e.g:0.1159792920054656
arts:0.17062569690323262
a:0.003990011788132557
algorithm:0.11660140056402446
anybody:0.08684557556893414
dept:0.11723735686690855
of:0.01666633590563474
germany:0.12013559237677962
surfaces:0.17062569690323262
who:0.03694436783525281
email:0.07839710454194117
and:0.005454248778439855
ooo:0.36623503988776496
for:0.018591363594975655
subject:0.0007627701969148084
any:0.029236779036823063
the:0.002153580028540151
is:0.007676360768304683
2:0.055668844345583106
1:0.0559578254835631
hints:0.14853455723941886
