preferably:0.3512259616011767
there:0.06118526570514316
us:0.13732509241233307
ftp:0.2528911298192717
site:0.2603709464959071
of:0.012962705704382576
photographs:0.4009639337354625
for:0.021689924194138267
subject:0.0017797971261345532
the:0.005025020066593686
an:0.05985987590411578
gif:0.31226967355376695
is:0.017911508459377595
maps:0.7935040139213875
