out:0.021421401801462906
there:0.016686890646857227
small:0.05434083455029111
send:0.05333358401593132
graphics:0.12795423418689897
c:0.04701995809870836
to:0.0025058166547106014
besides:0.0736379417115798
nt:0.012983246394953426
me:0.01970161237099172
anything:0.04220438455126188
package:0.14135501938386189
anyone:0.030416631811661658
student:0.07314577222124857
these:0.03012065405634441
on:0.009218342277077999
m:0.024887540220292218
a:0.002539098410629809
how:0.02391569085871135
furthermore:0.08937903122479687
have:0.009295465693593687
classes:0.1886960019041276
shows:0.07025844795672566
be:0.010517477402499477
which:0.023488951500318503
interviews:0.2135566723261422
trying:0.04902414951033447
together:0.06470847711727692
use:0.03023235504995178
subject:0.00048539921621851447
i:0.010412656758839723
example:0.05111562079559826
any:0.01860522302343286
program:0.050484244225165
the:0.004111380054485744
hello:0.07035074164821402
around:0.043039898784611556
got:0.040220978575101346
would:0.016957266292806836
can:0.015719381680685696
is:0.004884956852557526
else:0.045937313187964665
man:0.0526918061599127
pages:0.081745324941883
very:0.03169531803242631
documentation:0.0814022615908942
s:0.011280659651927606
