fast:0.026178931766526598
ideas:0.08113519482043918
there:0.01380118775303981
essential:0.0381384644966569
thanks:0.014987869510647841
graphics:0.026456702557441515
where:0.01389065261829896
with:0.008794396643451838
rayshade:0.32833764113050357
into:0.013464690999867565
work:0.015226108751806794
post:0.019417878228805866
my:0.007144468130303017
to:0.0031087199099793174
venture:0.04538675122368957
next:0.020138195667287032
make:0.013233687844734613
like:0.008756684688035136
nt:0.010738023334172007
vague:0.04401591245080269
this:0.007894472757464946
best:0.018309594586176196
hi:0.02369185458657447
unix:0.02979373997082957
on:0.0038120964303706008
am:0.024576486566937828
board:0.027001477589136423
a:0.0021000062042802934
how:0.0098899473475874
render:0.041348082561408636
finished:0.037182410545640004
surface:0.034323201077372294
also:0.02230822754405363
no:0.008464253655507592
manual:0.029545845089344082
should:0.012351970994236688
have:0.015375958290154972
systems:0.022559527220170003
craig:0.034323201077372294
loves:0.04273847608392
command:0.06189853616441857
anybody:0.0685622965017901
of:0.0014619592899679597
looking:0.01950289733388454
but:0.005002129490604588
surfaces:0.044901499185061214
using:0.016574590816879103
well:0.012653142181604096
who:0.009722202061908634
one:0.0073933150960573115
email:0.02063081698472136
in:0.0013359376082292516
use:0.012502101712386075
and:0.00287065725181045
still:0.015351196106989075
for:0.017123624363793367
subject:0.00020072899918810748
i:0.010047300381336574
any:0.007693889220216596
unfortunately:0.08305021986825466
program:0.020876943100632143
the:0.0051005842781214105
managed:0.035572275294469845
do:0.010801773216639048
would:0.00701240335416824
because:0.013268588713492586
people:0.011317843158444491
address:0.024006175593485793
about:0.00740613669414941
interested:0.0216321519956009
is:0.01010047469513774
horse:0.04078390823101079
query:0.04335009743319784
else:0.01899663327321847
does:0.00916157003261297
nice:0.023757439524471863
image:0.027827541330328394
very:0.03932125921316046
side:0.024213263748655588
black:0.026537987640931862
s:0.004664934442526453
