bottom:0.031819249133681
know:0.008750887416016324
help:0.015177962553487922
graphics:0.024955613050636326
cut:0.025964648906414194
with:0.004147711892124449
ca:0.014585451036115752
from:0.006004058542057982
my:0.006739108236385115
to:0.003909784851321506
colors:0.032339692721865564
256:0.06932302616907478
that:0.007380949477329294
view:0.024151409594217244
think:0.010210978918642236
conversion:0.0356228286306099
nt:0.010128773783296999
rob:0.031210515546093894
need:0.01362554603898749
re:0.0026520603033912803
this:0.003723279704761837
programs:0.02505802925031572
two:0.026450913938344842
these:0.01174919129857406
on:0.003595807271200638
set:0.018790174355502988
you:0.003941836804317176
bars:0.07915490107063429
none:0.025691561932065912
a:0.0009904284580470888
other:0.009782326154836247
was:0.012559732398601213
old:0.018779525406683147
running:0.02147135044288441
part:0.017370369591583525
fine:0.02297274168737986
vga:0.03198852205145861
across:0.027369958310878312
third:0.05181255314422532
display:0.026142705084648776
files:0.1408217687058591
are:0.009119310377322347
manual:0.027869485084274913
it:0.004863197584964141
couple:0.02238292052946467
have:0.003625890873387609
made:0.01649347199941845
try:0.03455871875664387
ve:0.012944210631400242
color:0.026203064585839618
second:0.019501388486895508
robert:0.022662496659274493
has:0.007551592013379794
open:0.023439436728747255
demo:0.15871220313394818
screen:0.07953845042778825
be:0.004102562107357952
end:0.019178960301953967
of:0.0027580224902941652
but:0.004718320725180214
ok:0.02314786659936831
seems:0.016712674392773602
using:0.015634188501027806
find:0.015010260550875107
in:0.0012601397297481594
according:0.0243938028694058
and:0.0027077830814949636
subject:0.0001893401198015482
i:0.009477240785232374
top:0.023983207277782376
mention:0.026770743363666118
any:0.007257356498502179
will:0.008037626559597761
program:0.019692435690667198
than:0.010146108384535186
the:0.006949495836778502
do:0.0050944533255779904
when:0.009274286828678978
got:0.01568903419596152
handles:0.03938043235016058
may:0.013198762605956246
an:0.006368071904693168
problem:0.03000801832688772
about:0.006985930356892706
disk:0.024829638182977884
run:0.018984641336080813
first:0.013315991697808801
image:0.026248673737118273
resolution:0.06337336162889175
article:0.005747041704373057
animation:0.03751222348170562
wide:0.030509481257890825
needed:0.023658316951319296
by:0.007024365069625291
black:0.025032286214496012
