another:0.009476518505934098
some:0.004989473825356215
mirror:0.02297945420455748
okay:0.018400709980779903
final:0.016481403406993996
convex:0.027674378515104955
text:0.01545540056937422
with:0.0099970491758897
way:0.007403302647634801
shape:0.020375754646526523
rayshade:0.031103209594271354
compound:0.0183009349209637
o:0.1047301405410221
from:0.003617830147137503
texture:0.027253694443253446
several:0.012044663983194002
to:0.004711792000310533
0:0.07831530530919728
256:0.020885783525298175
then:0.00682000149476839
pov:0.07890026856932175
100:0.014438085892440477
that:0.0029649967985852723
depth:0.022470653520728467
could:0.0064491844244703314
need:0.008210264920928361
re:0.0015980363366588485
exactly:0.013745225013982943
had:0.006557301220863826
this:0.004487029387789906
ti:0.0161908592147507
hi:0.013465883162454723
big:0.011862310059263066
on:0.008666817525457948
you:0.0023752093564475296
brain:0.018843497431482024
used:0.008437878240755836
them:0.025057421735593863
glass:0.023337922084816887
size:0.01538836383361482
inside:0.016042972337923875
m:0.0058496355218635564
a:0.004177576444839643
how:0.005621209389868053
same:0.008299544233028259
bigger:0.0199201574881579
3d:0.0199927967034082
wondering:0.01538005770024486
was:0.007568043881208425
as:0.0068385825659574235
objects:0.02004191798300536
scale:0.06204043713558428
no:0.00962175842891034
it:0.011721553153503317
have:0.00436966336023635
made:0.009938374153495733
ve:0.007799716662510403
color:0.01578902609659567
algorithm:0.017440380426242977
points:0.015663061061839456
open:0.014123763157065655
be:0.009888226617734553
rotate:0.05198205373356813
which:0.011041814807842033
converter:0.023028859428493698
union:0.021713360973176398
writes:0.002825907653921207
attempts:0.019709366605412167
if:0.0028638906827496125
of:0.00332377069343143
even:0.007175895075923188
seen:0.011078909788984416
but:0.0028430906933778217
parts:0.015592713724001544
result:0.015106845987228643
associated:0.019443570845284364
scenes:0.026519291635874565
seems:0.010070457646927685
using:0.018841201526879667
now:0.007059463238795916
translate:0.05122181881035021
postscript:0.021499641227130835
code:0.013848344061246567
in:0.004555889792166422
5:0.011106294388537108
or:0.0028816728961670317
use:0.007105895417723711
and:0.003263225764878546
0.5:0.05104187514199267
still:0.00872525248816046
subject:0.00011408955936759957
adobe:0.025017591264772474
andre:0.04656966878503072
create:0.01625147731300692
theres:0.033748676296862054
i:0.003263225764878546
example:0.024028710630409445
limited:0.016590149841443417
possible:0.011012699243438387
containing:0.020566933680036745
any:0.004373022505507724
images:0.018187400615900785
currently:0.01538005770024486
the:0.0032211667093549274
do:0.009209204088544828
reads:0.022175812189587647
original:0.01318875219347641
arbitrary:0.046057718856987395
generic:0.023557124197584198
may:0.015906201089229324
10:0.01235201605938532
problem:0.009040877316434121
gif:0.06005186029880133
is:0.005740868095954357
stuck:0.020322666954224997
picture:0.017480887879040174
object:0.0361536093686578
white:0.043576527510520414
write:0.013906726175160315
90:0.017230595767283474
type:0.013848344061246567
center:0.013959960826806877
2:0.008326536547416278
1:0.03347904088760186
fonts:0.06349681120896512
image:0.015816508533904605
beck:0.07683272821552531
article:0.0034629610269940217
close:0.014850056479361285
black:0.030167114155931096
s:0.0026514370976752923
