your:0.01298899198125013
with:0.01205829642865046
work:0.020877035711240242
wisconsin:0.06270000295698423
to:0.0042624716291469
visual:0.05283094362088596
most:0.019140159422340597
us:0.02123583903283501
basic:0.039377864016082474
mail:0.03159088149315315
technical:0.039554095287827835
provide:0.03481397606477746
like:0.012006588283594568
me:0.011171017323758192
re:0.007710113459343722
anyone:0.017246543810735992
unix:0.040851210475467345
on:0.026134475527798448
you:0.00572988648874971
material:0.04353298491550395
hard:0.027878694871912465
copy:0.03522280355735404
1,000:0.06016254863184085
international:0.040880047636509216
databases:0.24541361255300645
are:0.0066279523876415
d:0.018781899199763252
it:0.0035345920591749688
not:0.006215567098721287
ones:0.034975566808008826
imaging:0.16702420039270258
have:0.005270624877810854
pace:0.06424930401934854
novell:0.05926552412679311
snail:0.058600178548055264
references:0.042570799969192406
open:0.0340717585438491
regarding:0.04079377702134925
be:0.005963518114819292
writes:0.0068171380517274465
if:0.006908767214055766
of:0.002004542119234419
who:0.013330442002410807
now:0.034060090677901944
over:0.02067980157236451
email:0.028287615040906607
in:0.005495248512200737
our:0.02298737549464323
installed:0.0825849475330947
and:0.005904083729239018
for:0.003354111988784268
subject:0.00027522635971152884
i:0.0039360558194926785
we:0.04168280120764856
info:0.03036490164322059
any:0.010549353260709353
information:0.02514248746890479
the:0.001554129917503202
would:0.009614944805199753
can:0.008913051468430034
club:0.049819227921904914
needs:0.03452934600690048
address:0.03291568406117124
new:0.01777319139055203
mostly:0.04207267030660677
production:0.049481188511358624
workstations:0.05592020406932407
wanted:0.03139340195408353
too:0.020129050184170067
image:0.07631057725636446
going:0.022451708082986417
hp:0.044594304186147675
happy:0.03915561946891774
