24:0.05467289177415612
pixel:0.03668542326390917
at:0.006574365764585306
out:0.017584732822096414
block:0.03274462154599501
computing:0.03255568268044061
there:0.006849096907292145
know:0.009208023325808222
thanks:0.014876019738180321
graphics:0.05251852895730928
though:0.018548837325452833
bits:0.03290580894751338
store:0.03330748544015353
to:0.005142534179443398
martin:0.0693224383769434
centre:0.037364317131116084
format:0.06000081353788081
that:0.0025888404883169912
problems:0.020470695790237112
memory:0.025236061389308322
bit:0.04067289847844328
nt:0.005328944415839094
grab:0.11987606043557224
anyone:0.012484438430159636
phone:0.021920500941862455
tiff:0.040661576476482046
on:0.0037836479495469396
moment:0.0314053044727745
m:0.020430070330090627
a:0.010421672580943247
how:0.009816141770366599
load:0.033552185610474364
as:0.011942002391298782
running:0.022592988152587326
advance:0.02360821803490037
exact:0.031872734107039315
portion:0.07583472339885487
computer:0.02000524556093519
balls:0.03844591433053649
it:0.0025586226099997907
not:0.01349798526662608
should:0.012259792106219997
area:0.02394378391536826
per:0.026394217280395652
app:0.040661576476482046
call:0.019828030582079905
screen:0.13948907351141968
be:0.008633750106529423
which:0.009640987556100879
get:0.009808761009635241
whatever:0.024663884916069873
of:0.008706294876077849
trying:0.02012185241095818
but:0.009929600332095676
seems:0.017585724547619985
in:0.005303871698342999
24-bit:0.04396907973089258
intend:0.03798141948816917
and:0.0014246172182492158
275:0.04290116298730546
subject:0.0001992310215822261
i:0.005698468872996863
actually:0.0182411502022469
the:0.005625022462604872
colour:0.03947181724567531
needs:0.02499512360201005
an:0.006700732377326393
problem:0.03157560137381469
just:0.008764093757208104
about:0.0073508670173274
unit:0.03201597625074191
is:0.004010039207323342
write:0.02428488003722025
type:0.024182929181579823
does:0.009093200106996456
1:0.01461584993973663
byte:0.04030185929873669
too:0.014571028864660421
data:0.043796203331430035
