some:0.015064991937204569
since:0.012908526602604395
looks:0.06625365434272046
explains:0.03609422684175274
round:0.028391501238704767
stephen:0.026268769544458177
know:0.007960484681666463
all:0.012310552653500532
knows:0.02254168652349184
displayed:0.03426129618946953
modify:0.034472843433488824
thanks:0.012860558999459116
where:0.011919076117637173
suggested:0.028335883541647303
with:0.007546159700510288
literature:0.030523307188157996
c:0.016684501260832
from:0.005461756480194681
my:0.006130414589227751
to:0.004445803742228486
line:0.03643617740394824
might:0.013723129908893199
that:0.006714283072925358
like:0.01502760081946675
really:0.01258964995607049
me:0.006990894712287385
need:0.02478970311609337
so:0.00659232643474142
anyone:0.010792998384783169
this:0.01016095042009198
these:0.010687974019993178
on:0.006542049357926322
tell:0.015548548733048083
a:0.0009009704037718678
how:0.03394485154139676
low:0.021908351870837547
steve:0.02069131514086701
following:0.017660092084127492
ending:0.07396421339803512
also:0.009570949236642364
stuff:0.018860751952733044
display:0.04756285699271584
results:0.02363279837979652
d:0.011753833692755067
it:0.004423941028902864
doing:0.034589714905358906
25:0.02372698418251363
uses:0.022032226644106045
if:0.004323551095247802
end:0.017446667113390383
of:0.006272276953733505
what:0.011876672296730725
formula:0.038944760727423956
result:0.022806464264590338
reading:0.021202077718470907
extent:0.03157639040092171
lines:0.02279472338254527
using:0.014222068249322069
they:0.012037672574293466
find:0.013654495081763808
who:0.008342276607960311
up:0.008667486260337965
postscript:0.16228761442414888
in:0.004585282629535238
feature:0.0609691172916681
or:0.004350396501310228
better:0.028854398339372943
for:0.0020990249220133807
subject:0.00017223843156140837
each:0.016425867079745905
i:0.0061580228143675786
example:0.018137800927470353
we:0.008695121972348193
info:0.019002551350918693
world.std.com:0.02965210535716482
information:0.015734330867637192
actually:0.015769768561942482
than:0.00922968569173846
the:0.005349214909599731
do:0.004634309154235463
closer:0.03007301194986418
devices:0.027385022216275215
comparisons:0.03698210669901756
an:0.005792891216527334
thought:0.017319912291559436
actual:0.026208754107927116
environments:0.038944760727423956
is:0.01040023071834828
either:0.016152017465247474
does:0.007861218157016292
2:0.025140768414134308
resolution:0.0288246580312056
neither:0.02414697710000625
give:0.015246685621651657
process:0.023332669246668176
by:0.006389906289143007
