out:0.020313398260007928
there:0.015823775613399094
palette:0.22330360594946752
know:0.02127370906307417
help:0.03689815034554822
uni:0.10610725773115684
from:0.014596073352244407
to:0.007128616345297401
colors:0.15723781633734638
256:0.25279000059929857
calculate:0.10260827766224838
that:0.0059811142316289105
so:0.017617424092843448
set:0.0456795617952745
etc:0.04004006874927992
how:0.022678672366019385
red:0.062286533705906054
vga:0.1555304003191608
ie:0.07213134804761055
computer:0.04621901560629854
have:0.00881466574392505
color:0.19110166068638204
erik:0.09573518898918348
anybody:0.052406812843322326
be:0.009973469950646057
dept:0.07074668086796206
of:0.006704847778128919
electrical:0.08167508497621469
please:0.033024402705263016
email:0.04730859756841277
required:0.0645307146638098
or:0.011626059615570436
yellow:0.09773643332112751
for:0.005609463153656448
subject:0.000460292360207212
values:0.07363700638522877
appreciated:0.05835796757200419
any:0.01764288390153116
will:0.019539747325918694
the:0.005198296620614159
would:0.016080166312144414
rgb:0.09290953631495733
does:0.021008427833405608
de:0.06967210391627535
give:0.04074545295441391
