another:0.05408549586313607
some:0.028476509149594004
reference:0.09101544056142329
ask:0.07108689230137481
thanks:0.04861918646136983
to:0.003361461366075197
lies:0.11000930754282107
within:0.07893781015421507
t:0.06283592817074249
next:0.06532634204266281
that:0.008461088425231142
like:0.028405830817284712
me:0.026428992204988896
detect:0.12499028124941312
a:0.0034061076240155977
whether:0.06969411182638596
closed:0.20127183907877128
intersection:0.15406682629036272
completely:0.08773155212291392
algorithm:0.09953778096928918
abstract:0.13645378440174816
of:0.00474245330648143
professional:0.11659769193887967
one:0.023983192872576158
for:0.007935338119806684
subject:0.0006511452900492268
i:0.004656066030375486
the:0.0018384219755830562
would:0.022747552344009173
can:0.021086975425310083
collection:0.11738201173484386
curve:0.27962080674866935
an:0.02189995459906675
about:0.024024784885899306
number:0.06103084996092093
sean:0.24998056249882625
by:0.048313925600837374
