generated:0.3466191296958783
package:0.2776616452183001
this:0.037498745597958495
a:0.009975029470331393
was:0.06324722386438468
probably:0.17051597964494344
for:0.023239204493719568
subject:0.0019069254922870211
magnus.acs.ohio-state.edu:0.32866809910438505
article:0.05788092002261436
by:0.07074539105836901
fashion:0.3918851125593886
news:0.4384109308804883
