wang:0.18727977502534296
thanks:0.062293332653630094
software:0.08799330901503927
packages:0.30907878766063257
me:0.03386214626264202
greatly:0.1219665359312688
you:0.017368718419022558
pointers:0.16561892563284467
am:0.051073011146917674
a:0.0043640753932699845
million:0.12229722684784808
commercial:0.13019833125789848
are:0.020090980675038297
if:0.02094220061760654
looking:0.08105891704395762
please:0.05985672990328921
professional:0.14939079279668957
and:0.0059655846014185915
for:0.030501455898006936
subject:0.0008342799028755718
i:0.0059655846014185915
appreciated:0.10577381622425759
any:0.03197772707152523
magnus.acs.ohio-state.edu:0.14379229335816845
hello:0.12091533720786786
may:0.058157047732494714
e-mail:0.08592799302038333
fashion:0.3428994734894651
