simply:0.09558260437135592
dos:0.11029851113262305
football:0.17352003004289507
thanks:0.062293332653630094
where:0.057733024944805054
to:0.004306872375283846
mail:0.0957598595261205
location:0.1434633429523251
me:0.03386214626264202
anyone:0.052278585926293475
best:0.07609925249879482
you:0.017368718419022558
tell:0.07531328292570165
m:0.04277545975362725
a:0.0043640753932699845
advance:0.0988594130211453
walk:0.1434633429523251
never:0.06887310096443314
windows:0.08585022441948442
find:0.06613896055229344
jackson:0.32674874285498584
in:0.005552490684202827
or:0.021072233053221416
subject:0.0008342799028755718
alan:0.27504266824995244
the:0.0023554781562157906
can:0.027017687263678543
club:0.15101453463827427
either:0.07823633459729244
viewer:0.16768011212633832
