some:0.009729473959444618
fast:0.029014982707900313
know:0.010282292713819181
posting:0.027493237974635338
all:0.015901130510771518
chris:0.03197289369099417
where:0.015395473318614681
split:0.11919816468218014
with:0.009747122946492456
concerning:0.03812701869548087
to:0.0022969986001513845
amiga:0.041992327981564805
enough:0.020267904391144967
mail:0.025535962540298798
make:0.014667337361247531
that:0.00867261563586192
along:0.029116345092843623
re:0.0031161708564847544
articles:0.03509907183916389
michael:0.025039126680614077
this:0.004374853653095158
personally:0.03265703837588751
on:0.004225073543660749
you:0.009263316490145364
am:0.040858408917534145
brings:0.04324283376969591
more:0.021190317097012096
a:0.0023275068764106585
bring:0.03161139122740896
ccwf.cc.utexas.edu:0.04749971396774584
also:0.01236247609732972
readily:0.04627200801143869
it:0.005714257162332866
not:0.020097000285865495
should:0.013690101185278997
stay:0.03290581306880152
second:0.02291413147210222
jan:0.08850834848946294
nonsense:0.0438177743654205
glad:0.03865911429536864
environment:0.03498044587398163
writes:0.011021039850292706
of:0.001620338213047822
even:0.013992995398050214
what:0.00767035085830526
but:0.005544026852086752
never:0.01836616025718217
groups:0.0306648799873866
up:0.011195503086269872
good:0.027000164189324986
chance:0.029958812733438367
one:0.008194257564796853
in:0.007403320912270436
better:0.018635132260845025
subject:0.00022247464076681915
i:0.007954112801891455
the:0.0037687650499452652
do:0.005985982657554139
got:0.018434615180254785
would:0.0077720803842031335
proposed:0.0367812897797216
because:0.014706019157454283
problem:0.017629710767046537
newsgroup:0.06406939734290583
people:0.012543942833942645
about:0.008208468169348929
current:0.026352047697756814
interested:0.023975635128457667
spectrum:0.0453031762938065
is:0.011194692787110995
write:0.027118116041562612
else:0.02105460187781714
first:0.015646290244925344
too:0.016270982232204138
ch:0.050878589868647205
switzerland:0.047112047170788394
article:0.013505548005276683
already:0.02421488601081126
thus:0.027761292273969212
aware:0.03414081009984066
poster:0.03795694476522082
newsgroups:0.035718936173512454
