tel:0.04567919190222895
send:0.03295895641433958
c:0.029057277476729884
drawing:0.10658952752127718
to:0.003097076764249058
attractive:0.1319732244712115
design:0.04228277761152183
famous:0.05652714659717545
h:0.03969867555387097
r:0.034833929963248654
patterns:0.0655704181717816
on:0.02278691349390067
you:0.012489864930533076
children:0.07533431164086574
regular:0.04547238934556923
serious:0.04041565884314011
education:0.048602780966925
rotation:0.061501714045550694
a:0.0015691057593779719
21:0.04557531484443062
l:0.03713438852531868
are:0.007223723388777814
d:0.02047015980198916
it:0.0038523081993255275
have:0.00574438891177138
made:0.026130107324921364
after:0.02167655828837024
without:0.025249556009016797
paste:0.07131003192196127
which:0.014515644185590088
g:0.07943824631486522
if:0.0075297799973416775
of:0.006554177041541752
moscow:0.06620063689819781
print:0.04939733742533397
or:0.007576533232618936
and:0.006434787884676233
for:0.007311210402518516
subject:0.0002999658077754865
p:0.03782166336664438
i:0.010724646474460389
example:0.03158830498604387
sphere:0.2042329472562732
program:0.03119812845375365
the:0.004234567471848612
see:0.019880738892260406
can:0.029142673902394833
an:0.020177486259814307
oclock:0.07238093281863907
many:0.020822483455933634
e:0.10486145042878067
interested:0.03232669904960584
n:0.08227001114167194
their:0.017007681107659708
paper:0.04333312805883815
e-mail:0.030895458164632208
models:0.05014834886495026
s:0.013942388333843108
