drawing:0.5270259971885372
attractive:0.6525342765521012
on:0.05633431391547666
subscribe:0.5808866539644192
subject:0.0029663285435575885
comp.graphics:0.6707153236389681
sphere:0.6732123076225301
the:0.00837503344432281
e:0.3456544106726474
