programming:0.14465206441197798
thanks:0.021905347746331464
access:0.03683930624196182
floor:0.054020293597404706
ca:0.02259943512189364
someone:0.024213825435857362
o:0.07694459305054685
my:0.020883829919347282
to:0.0045435137145851566
building:0.04176337987734782
phigs:0.1516189323814196
like:0.012798231467128277
could:0.016583617091495136
rat:0.06585662418473599
two:0.02049219156761881
unix:0.04354469688044322
on:0.01114305110416022
books:0.04011799904446331
brain:0.04845470768095377
vs:0.07509037241897457
why:0.019557390990703367
a:0.0030692398370250444
other:0.030314461271031008
3d:0.0514100486659068
want:0.02079777986496903
running:0.03326879574117255
california:0.043730431065087214
manual:0.08636477795346732
book:0.068345022212828
fifth:0.055019983467797316
analysis:0.04731611137914832
have:0.0056181386060181636
systems:0.03297161670640232
buy:0.033042210167516115
tom:0.0834225983181265
university:0.051655826408761624
between:0.02552599830820226
manuals:0.053706300493623876
network:0.08073603670394675
sun:0.03987354180328397
structure:0.05062262021638554
of:0.006410129194474901
park:0.04935431064884579
explain:0.03950612668145719
variety:0.05134743304926243
one:0.010805614371160687
in:0.0019525241966427526
southern:0.055556139118010855
x11r4:0.06299150042140354
and:0.004195575983415274
subject:0.00029337315265954173
i:0.004195575983415274
we:0.014810372590263408
angeles:0.05205664756725772
oreilly:0.06735745423974424
the:0.002484900032930944
do:0.007893603504466997
would:0.020497794419876397
an:0.009867012511667437
human:0.03522903704655578
lab:0.047359460591137506
principal:0.06354568562609467
desktop:0.055019983467797316
mostly:0.044846692524624795
image:0.04067102194432612
difference:0.03524344886631194
los:0.050108754656956536
sco:0.07079014308636129
