at:0.010243779214586407
help:0.02488479907025345
mb:0.053081229573145525
true:0.03003814874602147
with:0.013600636669524355
ca:0.02391335576851536
from:0.019687726847213385
my:0.022098006077448867
to:0.0032051143257926296
technical:0.04461334003394535
nt:0.008303238973516727
greatly:0.04538289709070467
so:0.023763037148486512
1024x768:0.06425130568586886
something:0.023147224618180497
recently:0.03848036703008941
performance:0.08816305194410734
support:0.03184832918062216
card:0.07118391503521493
graphic:0.06126034213974012
3:0.027226348193460693
m:0.01591645014088456
more:0.014783942160706115
a:0.006495368027192535
looked:0.043313990749763776
was:0.01029605969885332
as:0.009303653025779283
far:0.028946256652574436
it:0.007973382086976092
buy:0.03496326889818565
color:0.04296083844887658
references:0.048015902290833294
ati:0.17907803027472202
crystal:0.1340828595026817
heard:0.03142613208627761
be:0.006726293687645015
which:0.015022003866482765
but:0.007735851421516398
up:0.015621632213399822
good:0.01883732385301743
one:0.011433847764832819
system:0.025990957316773547
or:0.007840830903524248
better:0.026002510131411662
and:0.004439504819660347
subject:0.0003104297313025383
costs:0.04786340296434692
i:0.00665925722949052
appreciated:0.03935769906018887
any:0.011898689142893108
favorite:0.05619145474912531
decide:0.047601249030381154
than:0.01663489863045885
the:0.0035058279534374557
vlb:0.06394529047287616
would:0.01084476332679507
needs:0.03894589026359706
comparisons:0.06665379695753165
just:0.013655680970533558
about:0.0114536765153706
new:0.04009301313682667
e-mail:0.03197320670525891
little:0.027271380254633305
planning:0.05387923546139083
especially:0.036340647761597
