pc:0.04761202945711261
out:0.011220734276956761
bbs:0.09635815837513478
there:0.01311112836538782
know:0.02350238334587242
all:0.00454318014593472
send:0.013968319623220109
thanks:0.009492317356743635
supports:0.02057923564123232
graphics:0.016755911619712963
supporting:0.023408793892208707
ca:0.019586177105641155
into:0.01705527526649892
availability:0.02549744777518521
work:0.009643202209477638
turn:0.016292753022450073
possibility:0.02019515038876825
my:0.004524829815858578
to:0.0065628531432896705
gui:0.05491012341538394
most:0.01768186156159084
amiga:0.09598246395786242
software:0.04022551269258938
graphical:0.028339429068620983
next:0.012754190589281789
been:0.006986858986768759
that:0.004955780363349669
terminal:0.02273426762048001
nt:0.013601496223284545
anyone:0.015932521425156106
alpha:0.02684956087204794
this:0.004999832746394467
programs:0.01682467678235484
hi:0.015004841238163834
on:0.009657310956938857
am:0.007782554079530313
a:0.003990011788132557
other:0.006568133275390052
want:0.009012371274819913
was:0.008432963181917958
commercial:0.03967949143097859
as:0.00381006742960485
old:0.01260910991591583
following:0.013034829871617913
standard:0.014495450192677319
mac:0.06535775494878354
based:0.028770504875243266
anywhere:0.020125377642164103
are:0.0030614827695296457
it:0.004897934710571028
have:0.0024345267292745377
being:0.009265732999643563
try:0.011601855582587585
only:0.00635017256318708
interesting:0.0155620217234353
machines:0.018790221594687108
buy:0.014318291072590316
color:0.03518697244384177
shareware:0.02362046895206982
channel:0.023075657755985322
without:0.010701002308583311
which:0.012303736500166838
msdos:0.027789367701374107
if:0.00957357742519156
of:0.0046295377515652054
looking:0.012351834978126877
but:0.006336030688099146
year:0.011784574839093582
version:0.04457815153807978
port:0.03971216319380515
they:0.0044424744024178274
find:0.020156635596889433
up:0.006397430335011356
one:0.004682432894169631
in:0.0008460938185451928
leaving:0.02203887926148594
system:0.010643915853535834
or:0.003211006941443264
use:0.007917997751177849
weeks:0.017336023263491002
message:0.01546342804076058
and:0.0018180829261466185
for:0.0030985605991626095
subject:0.00012712836615246808
i:0.01090849755687971
group:0.025686818426729957
ago:0.013624598692212593
any:0.004872796506137178
source:0.014853656960475355
suggestions:0.018842839862242274
the:0.002153580028540151
originally:0.02166569322760258
users:0.01880332175360087
see:0.008425646482910363
would:0.00444118879097322
can:0.008233961832740128
linux:0.10156649325722253
last:0.010381726438378562
7:0.015197754899672886
an:0.008551410843445113
about:0.00469055323962796
hit:0.01704620066633052
is:0.0038381803841523415
methods:0.02118796598175558
patch:0.025186778623430918
does:0.017406983061964646
2:0.009278140724263853
runs:0.017865669144968264
under:0.01155868298621733
inspired:0.026506829921452278
full:0.02942535698974527
by:0.0047163594038912675
seem:0.026282976713292744
summary:0.020484937416012414
