some:0.020483103072514983
okay:0.0755397567632017
out:0.02066977366807824
help:0.03754548631652275
with:0.01026012941736048
ca:0.03607979993144423
outputs:0.20810797884536444
pov:0.32390636570563663
software:0.04939975242949573
that:0.006086046060253978
problems:0.0481240918577504
nt:0.01252769388986734
sample:0.08268774890522736
sunos:0.088841700165079
this:0.009210218217042439
unix:0.06951872659860232
on:0.008894891670864736
machine:0.05706665533902362
a:0.002450007238327009
other:0.02419838575143703
same:0.03407181316716864
running:0.05311334056924038
exact:0.07492888369023278
parameters:0.0979021144821003
files:0.05805809762434542
are:0.02255829409127107
have:0.0089693090025904
properly:0.0755397567632017
of:0.0034112383432585726
ed:0.06961701178366671
compiled:0.09260968791321397
use:0.029171570662234175
and:0.006698200254224383
subject:0.0004683676647722508
i:0.010047300381336574
any:0.01795240818050539
the:0.005289494806940722
when:0.04588331378399073
compiling:0.10477016476514282
problem:0.03711518056220323
different:0.04433713856160083
is:0.004713554857730945
run:0.04696200751556833
by:0.017376060961704666
s:0.021769694065123447
