some:0.014968421476068642
out:0.015104834603595638
there:0.01176639725098907
know:0.015818911867414125
knowledge:0.047394501857078664
where:0.023685343567099507
with:0.007497786881917273
someone:0.028249463008500255
my:0.012182234119619247
graphical:0.0762984628770565
that:0.004447495197877908
nt:0.00915485322721075
so:0.013100135863909231
file:0.038954947211005245
this:0.013461088163369718
am:0.02095303021412007
etc:0.029773384454592763
them:0.018793066301695395
a:0.0035807798098625512
other:0.01768343574143475
3d:0.05997839011022459
was:0.011352065821812635
stuff:0.03747969939325156
course:0.03136092051153871
files:0.12728121402260342
are:0.024727360830816367
ftp:0.04863290958062917
have:0.013108990080709046
interesting:0.041897750793864263
without:0.028810390830801218
found:0.03428872442637176
of:0.004985656040147145
looking:0.03325494032572621
what:0.023601079564016185
but:0.008529272080133465
they:0.02392101601301907
in:0.002277944896083211
extension:0.06492278088986543
world:0.03232372677862406
and:0.009789677294635637
few:0.05860583335657145
for:0.008342278536207025
subject:0.00034226867810279864
doug:0.11081126883740477
i:0.007342257970976728
collected:0.07307648302730128
program:0.03559786451774455
the:0.0038654000512259126
around:0.030348646578892764
would:0.023914093489855796
anonymous:0.05826644917914097
put:0.03189050384034332
thought:0.03441777442553477
type:0.04154503218373969
does:0.015621651465865707
somewhere:0.04973744947311009
