taken:0.042790666230631956
at:0.011441104057849755
11:0.050184605683375474
ron:0.11005969704480612
user:0.04911225303367553
ca:0.026708423325874302
from:0.010994444862729554
approach:0.053457826687452414
to:0.005369607117237003
format:0.052208500091402786
its:0.026854864364080133
12:0.04614785495600047
october:0.07028939745035999
fun:0.053457826687452414
m/s:0.07247299383739894
closest:0.07322607510558528
was:0.011499495248069943
cd:0.05796367596078667
march:0.056281974881728
files:0.04297807226737259
galileo:0.07929130888620343
it:0.004452667918700935
ftp:0.09852901161789807
ames:0.06678727320426775
kind:0.03578606099952026
shortly:0.07303367139408995
formed:0.0677678907693086
of:0.002525202409944658
available:0.07015750202114884
using:0.02862883868370027
now:0.021453433738678498
in:0.004615057192064688
pasadena:0.07284407659641265
subject:0.0003467137258703675
space:0.039707957889780564
quicktime:0.16820271616972882
impossible:0.053457826687452414
images:0.05527080187169849
the:0.006852300090809573
do:0.009328804141642815
anonymous:0.11804631262267523
archives:0.06939338613234765
jet:0.06609753521317752
lab:0.05597027160770796
propulsion:0.06924988176628809
is:0.006978509789367894
baalke:0.31132222341875193
1993:0.03934617925987191
animation:0.3434560721376943
before:0.027612912561333046
by:0.012862798374248911
kelvin.jpl.nasa.gov:0.1567905951363822
s:0.008057614037091147
1991:0.05638756093475722
