know:0.025705731784547953
knows:0.07279086273210905
thanks:0.04152888843575339
targa:0.2743751610208146
my:0.019796130444381277
via:0.07121315372115927
to:0.0057424965003784615
software:0.058662206010026176
mail:0.06383990635074699
r:0.06458791180685687
me:0.02257476417509468
anyone:0.03485239061752898
on:0.010562683859151873
you:0.02315829122536341
am:0.03404867409794511
brand:0.09386588172541073
a:0.002909383595513323
want:0.03942912432733711
let:0.04802370297401718
stuff:0.06090451151403379
ftp:0.0790284780685224
have:0.0213021088811522
sites:0.09489236191305203
yourself:0.07304738898697066
which:0.02691442359411495
if:0.02792293415680872
of:0.004050845532619555
looking:0.05403927802930508
or:0.014048155368814277
for:0.013556202621336416
subject:0.0005561866019170479
i:0.003977056400945728
any:0.0426369694287003
new:0.03591665760174056
lot:0.05163652892219564
run:0.05576738392473739
useful:0.07988098368913413
give:0.04923408898658347
jamie:0.24882914131721423
james:0.07207487015910473
