out:0.05355350450365727
there:0.04171722661714307
know:0.05608523298446826
thanks:0.09060848385982559
much:0.07941803952545143
drawing:0.21560154430440157
line:0.12835471585481767
anyone:0.07604157952915415
map:0.4509362254486056
usa:0.33132924418442955
advance:0.14379550984893863
have:0.02323866423398422
of:0.008838208434806302
looking:0.11790387933666564
in:0.008076350086113203
or:0.030650520804685697
for:0.014788584677821546
subject:0.0012134980405462863
does:0.05538585519716024
very:0.0792382950810658
