some:0.00926616567566154
reference:0.02961613542078059
resolve:0.04498978676686822
know:0.00979265972744684
anyway:0.024194554140035983
graphics:0.055853038732376535
sadly:0.04536480966250747
access:0.026606165619194645
specifically:0.032119386125044926
with:0.009282974234754719
sigh:0.044178049869087126
work:0.016072003682462727
bits:0.03499506665846661
my:0.007541383026430962
to:0.007656662000504615
colors:0.03618965614113527
remember:0.022084317750168506
bet:0.03423548662706039
make:0.013968892724997647
that:0.011012845251888151
talking:0.025870564923510066
could:0.011977056788302042
had:0.012177845124461389
alpha:0.04474926812007989
this:0.00833305457732411
he:0.025240209643178337
something:0.01579889934256764
recently:0.02626437749672769
certain:0.026161230093337373
possibly:0.030769473519026515
products:0.0321435459852134
none:0.02875008120969281
them:0.011633802948668578
more:0.010090627189053378
a:0.007758356254702194
other:0.010946888792316752
was:0.0070274693182649645
processing:0.03764471408489551
are:0.010204942565098817
magic:0.040886924764221344
it:0.008163224517618379
ones:0.026925634764895685
have:0.004057544548790895
made:0.018456980570777787
being:0.01544288833273927
settle:0.044178049869087126
sgi:0.044178049869087126
color:0.05864495407306962
60:0.032314756185642994
channel:0.03845942959330887
be:0.004590962358233899
which:0.01025311375013903
dec:0.03936744825344969
of:0.0046295377515652054
what:0.021915288166586454
but:0.005280025573415954
called:0.02128773409410106
system:0.017739859755893057
or:0.010703356471477543
better:0.017747745010328594
and:0.004545207315366545
for:0.0025821338326355078
subject:0.00021188061025411345
i:0.004545207315366545
employer:0.03587373351890972
info:0.0233761544396222
possible:0.020452155737814143
than:0.011353978430313183
the:0.0023928666983779458
thing:0.017967717739086956
can:0.006861634860616772
eric:0.031651019685068296
an:0.007126175702870926
human:0.025443193422512504
just:0.018641088308982316
many:0.014707944663318201
claimed:0.03377660114381574
eye:0.036435134718050814
is:0.006396967306920569
number:0.019859244828553634
their:0.012013362052235825
image:0.029373515848679973
mine:0.025914595593650683
seem:0.021902480594410616
processor:0.03878788368983946
s:0.01477229240133377
