some:0.022892879904575572
at:0.017273823773616293
all:0.018707212365613554
programming:0.08603488798359474
take:0.0416813554967785
your:0.024704553376103187
to:0.00810705388288724
look:0.046493496554429616
bit:0.05343302349128823
re:0.007332166721140599
so:0.020035501909508237
hi:0.061784640392439305
on:0.00994134951449588
registers:0.12067099898837444
you:0.043592077600684065
suggest:0.07198823147274741
a:0.0054764867680250785
want:0.037109764072787876
vga:0.08843885508344437
it:0.006722655485097489
have:0.02004904365284913
if:0.013140204309086457
of:0.007625121002577986
available:0.05296203583949471
explain:0.07049132407867852
but:0.013044769063733534
find:0.04149895564065471
difficult:0.07308251523603919
for:0.006379389468864196
subject:0.000523469742980751
i:0.0037431119067724496
will:0.022221673429476164
the:0.004433841235229724
would:0.0182872479628309
descriptions:0.11836152770099438
is:0.005268090723346351
every:0.047689186802694045
change:0.058274688390401716
useful:0.07518210229565565
little:0.04598703337055812
by:0.01942030342778757
