tv:0.028273589972027332
read:0.016917933297745685
believe:0.01621396925619657
at:0.013148731529170612
stations:0.04094322071516001
take:0.03172759896023438
with:0.004364383408877219
rumours:0.04488402243307416
several:0.02103321919453281
to:0.003085520507666039
published:0.030597740408295153
that:0.018121883418218937
nt:0.005328944415839094
months:0.025341750298356863
re:0.0027906007670012727
duo:0.04265646281698464
mean:0.019727030274849705
something:0.014855681471369573
on:0.007567295899093879
great:0.018815303647258783
impressive:0.039239797939182544
more:0.009488201685229297
magazine:0.06302536622095348
a:0.004168669032377299
how:0.009816141770366599
was:0.01321583782240874
minutes:0.02974005408983264
output:0.03050267305174717
3do:0.09565840594083413
cd:0.03330748544015353
computer:0.02000524556093519
it:0.017910358269998535
ve:0.013620400739010703
real:0.019086521298494384
has:0.01589215632666494
public:0.02211749700045219
noticed:0.030270171799659143
writes:0.004934793962817629
of:0.0058041965840519
what:0.006868970917885307
rutgers:0.039792842507493896
but:0.004964800166047838
never:0.016447307692998958
least:0.017967629721690165
talks:0.03572279550128899
over:0.014969707108353415
one:0.0073381411028031526
in:0.0026519358491714994
pictures:0.10410769145442139
clearly:0.027123211764361225
system:0.01668076365106362
or:0.015096525172457133
world:0.018815303647258783
p.s:0.03384203511283454
and:0.0028492344364984316
few:0.017056921648554376
subject:0.0001992310215822261
i:0.0028492344364984316
ago:0.021351983025109284
any:0.015272944272967272
program:0.020721145017791605
than:0.010676128971787024
the:0.003937515723823411
do:0.01072116296875368
when:0.00975876449883385
around:0.01766563009816146
can:0.012903970036383782
just:0.008764093757208104
long:0.01776351675454168
about:0.0073508670173274
is:0.006015058810985012
issue:0.023368358264663082
turbo:0.03707390357701404
spent:0.03240180740280825
time:0.01178738783510234
lot:0.018496667076607392
2:0.01454036979175678
nation:0.03344633012545976
every:0.01815036214132385
show:0.022463199027871885
article:0.01814178090261047
very:0.013009272326742144
shown:0.030816176097101966
going:0.016252355851117034
understand:0.022359382559221295
john:0.04002206566540068
