there:0.020395088568381056
thanks:0.08859496199627391
from:0.018812716765115013
work:0.04500161031089564
need:0.04269337758882747
anything:0.05158313667376453
re:0.008309788950626012
file:0.06752190849907576
tiff:0.12108113884107988
this:0.011666276408253757
directory:0.09367731752956436
you:0.024702177307054304
graphic:0.11707532053372556
a:0.003103342501880878
it:0.01523801909955431
should:0.036506936494077324
ftp:0.08429704327309057
writes:0.014694719800390275
what:0.020454268955480696
called:0.11921131092696595
tim:0.0906202066608042
in:0.007896875639755132
and:0.00848438698868422
subject:0.0005932657087115177
i:0.00424219349434211
program:0.12340593032818112
the:0.0033500133777291247
workshop:0.13790031650654772
can:0.019212577609726965
did:0.03653135652095479
just:0.026097523632575243
is:0.023882011279170126
article:0.01800739734036891
needed:0.0741293931141338
