out:0.019314378673450164
there:0.015045557140608975
small:0.04899583443059035
send:0.04808765771928234
graphics:0.11536857180785974
c:0.04239504418736
wrote:0.04222254056873543
to:0.00451868577078961
besides:0.06639486547765393
might:0.03487024812915485
nt:0.011706205765941615
me:0.0177637488590909
anything:0.03805313361179351
re:0.006130172176691321
package:0.12745124698544927
anyone:0.027424831961334283
student:0.06595110610112577
these:0.027157966772113816
on:0.008311620085889999
you:0.009111458842765933
m:0.022439585444525772
a:0.002289351025977697
how:0.02156332782342827
want:0.03102619619200298
furthermore:0.08058765110432506
have:0.008381157592584473
try:0.03994081430071136
classes:0.17013573942175442
shows:0.0633477809445887
be:0.009482971428483138
which:0.02117856282815603
interviews:0.19255109799898068
trying:0.04420210201751469
together:0.058343708876233295
use:0.027258680782743412
subject:0.0004376550310166934
i:0.009388461012068602
example:0.04608785481570336
any:0.01677520108670176
program:0.045518580858755334
the:0.0037069820163396047
around:0.03880646611727272
got:0.0362648167480422
would:0.015289338460727477
can:0.014173212990782186
is:0.004404469293289573
else:0.041418888939968146
man:0.047509005554019657
pages:0.07370480117710762
very:0.028577745766941758
documentation:0.07339548176228167
s:0.010171086571410137
