some:0.019788760595480577
read:0.03842378071013427
out:0.01996910337424508
there:0.015555576026731313
send:0.049717747811461405
thanks:0.033786214320612934
much:0.02961350626372765
jpeg:0.2940334267105736
from:0.014348682278477552
to:0.0023359307798149673
appreciate:0.06507141246465244
that:0.011759478828287349
me:0.018365909837365163
anyone:0.02835448728205748
a:0.0023669561455023644
it:0.005811108978643593
ftp:0.06429435503879789
have:0.01733052925924247
site:0.06619600334641705
if:0.011358481690905241
understanding:0.06803652177814959
easy:0.056164094309471314
good:0.02745779409083897
translate:0.10157547120018601
one:0.016666286572468176
code:0.2196957634123184
in:0.003011520371093059
and:0.003235571309243982
subject:0.0004524907947799711
i:0.012942285236975928
group:0.04571382940350246
any:0.052031555912990204
pretty:0.04878000096473943
will:0.019208565167852278
the:0.0012775474745577169
got:0.037494132570009726
can:0.029307321777549605
stuart:0.21035641500998806
an:0.015218612517995538
language:0.06911710677518965
does:0.020652352785381783
lot:0.04200937946212527
trouble:0.06465799800492093
understand:0.050782326490434807
s:0.010515869167051158
