reference:0.04723586155719436
at:0.011151455853853557
thanx:0.061426174882813885
text:0.04577928776245022
from:0.010716104486457918
to:0.003489111797698306
technique:0.06368248160947614
covers:0.06806572511223354
everywhere:0.06298184749449937
worse:0.04930462548532136
jeff:0.053360497326967044
memory:0.04280547121730779
helps:0.05354395311560712
me:0.02743262482036822
re:0.004733424085799627
michael:0.03803411647688214
this:0.006645347321157203
hi:0.039886286835625374
on:0.012835666461754176
more:0.016093911719249693
a:0.0053031802247331455
science:0.04280547121730779
book:0.11808981686140532
application:0.04671351528882188
systems:0.03797996354788115
treatment:0.055168398342156685
his:0.023347203057028566
anybody:0.038475887910287276
be:0.007322294394145206
writes:0.008370410012880535
thorough:0.07559366318497647
of:0.00246127323500935
title:0.05317966242510024
clear:0.04174368028084321
in:0.006747330451689512
or:0.008535588072190953
better:0.028306530016473458
and:0.002416439332220189
for:0.004118340036861696
subject:0.00033793616319010504
al:0.048228027604078884
i:0.002416439332220189
appreciated:0.04284509011615497
will:0.014345637277256764
images:0.05387154106482004
source:0.03948440457847879
the:0.003816470936653433
start:0.035665342884588766
can:0.010943873321996372
compression:0.1847987339278655
general:0.037321903330222166
is:0.01360367731091969
et:0.05759234908603216
their:0.019160552133945748
image:0.09369779739072599
article:0.02051475646371142
function:0.052063298981613396
give:0.059828766363443205
s:0.007853623808304028
