ideas:0.04927388543889685
formats:0.0690284843532572
tomorrow:0.06925491314710941
all:0.013069422337620427
thanks:0.02730666636871456
enhanced:0.07587719601803922
with:0.008011333928623935
appreciate:0.05259196349882868
location:0.0628880407462247
could:0.02067272815515147
greatly:0.05346478287398084
so:0.01399740544362904
anyone:0.022916640406046452
this:0.007191540251663273
hi:0.04316461178101924
on:0.006945326373140957
enterprise:0.0846512158409779
m:0.03750177293468691
a:0.0038260387009490275
factor:0.06198603299557282
looked:0.05102744115725595
also:0.020321878516158444
advance:0.04333563310515958
popular:0.057944825974424144
far:0.03410106948111509
no:0.015421174468253558
model:0.05012262344635
d:0.02495677016954843
ve:0.025001831493526496
doing:0.03672195760500432
sets:0.06514389133272121
be:0.007924126810102346
which:0.017697155239965998
of:0.007990708995852273
looking:0.03553267596447457
net:0.045412910752034005
in:0.0073019055573078275
bringing:0.07260007698974012
or:0.009237143256206648
for:0.008913667477043122
subject:0.000365711738246826
i:0.010460203136733967
bones:0.08071036553341925
info:0.040347883005375305
body:0.09725153763491921
any:0.042052901354334545
the:0.004130153479392071
around:0.032427321002104596
got:0.030303477008638
presentation:0.07852365121024275
human:0.13174694676314694
head:0.04729944843089977
needed:0.04569620123474001
by:0.013567609244070768
data:0.040196515386380985
