default:0.11706525086833626
versions:0.10830300050362815
with:0.014264082360720668
o:0.5977281191853456
outputs:0.1446604243193387
to:0.003361461366075197
remember:0.06786887893954224
pov:0.3002058999222974
format:0.09805010992775645
make:0.042928792276822045
that:0.008461088425231142
problems:0.06690422526565301
nt:0.017416550042010696
re:0.009120500067760258
file:0.07410941176727827
unix:0.09664798575903251
brain:0.10754581460894617
inside:0.0915623299286387
output:0.09969166314473465
ft:0.13788891854864896
of:0.00474245330648143
but:0.016226420054888054
subject:0.0006511452900492268
andre:0.26578786574871194
create:0.0927523339327712
the:0.0018384219755830562
do:0.017519949241621872
is:0.00655299089977229
beck:0.4385087415227542
needed:0.08136152902770784
by:0.024156962800418687
