help:0.10190917714484747
o:1.1669929945999604
re:0.01780669060848431
brain:0.20997039995079966
inside:0.1787645489082946
what:0.04383057633317291
please:0.09121025509072642
subject:0.0012712836615246807
andre:0.5189191664617708
problem:0.10074120438312306
about:0.04690553239627959
beck:0.8561361144015678
