formats:0.15269937447841747
know:0.037390155322978846
help:0.06485129454672112
your:0.03817976430852311
to:0.008352722182368672
format:0.36545950063981947
like:0.03529209283359616
you:0.016842393618446118
them:0.04441997489491639
have:0.015492442822656147
ppm:0.19325346968852444
msdos:0.17684143082692613
of:0.005892138956537535
in:0.005384233390742136
or:0.04086736107291426
and:0.011569618620933026
for:0.00985905645188103
subject:0.0008089986936975241
i:0.011569618620933026
the:0.0022841000302698576
do:0.021767209663833234
thank:0.11001497899301559
would:0.028262110488011395
many:0.05615760689630586
convert:0.12965393924843452
s:0.018801099419879345
icons:0.17684143082692613
