out:0.008663066905003382
printing:0.035731571917740415
produces:0.07747631505908309
knowledge:0.027182140770971586
with:0.004300201299923142
way:0.01273803543784223
much:0.01284703580558773
though:0.01827606030596088
into:0.026335351514446857
my:0.006986869568605157
to:0.001013381735360905
job:0.025525651141832178
been:0.021577064517962343
that:0.005101538609330541
produce:0.030996171241399972
higher:0.027293190537043325
conversion:0.03693249144791173
nt:0.010501155172388801
re:0.005499125040855449
so:0.015026626432131178
file:0.02234180795925301
charles:0.06053312727843876
this:0.0038601649880251397
mean:0.019436926888454855
programs:0.025979280325694975
something:0.014637215567378844
these:0.012181146861021636
big:0.020410151131379096
standards:0.03115660541341938
why:0.01308619544230887
more:0.018697338615010675
a:0.005134206345023511
how:0.009671786744331796
richard:0.027471158196902785
j:0.022456828378888696
commercial:0.030634901472446702
mac:0.025230015697140704
attempted:0.03801670270631711
course:0.017986410293382493
poorly:0.04239384528393613
files:0.024333173269027127
are:0.009454579141194493
it:0.012604979034557793
application:0.027135056675124475
couple:0.023205822019518516
ve:0.0134201007281429
chuck:0.03664182351587766
points:0.053899357183388716
has:0.023487672218085686
which:0.01899841665466938
writes:0.009724446926728858
down:0.017385041007008516
if:0.004927576615907421
of:0.007148550939916862
industry:0.033491421851665426
even:0.024693521290676847
but:0.0048917883989000755
years:0.016395407521914658
using:0.01620897484297736
es:0.046026334294595024
one:0.014460454526112094
in:0.0013064683962830182
accurate:0.032885752752892426
bitmap:0.039127292834352886
use:0.012226320056965794
better:0.01644276375956914
subject:0.0001963011536177816
adobe:0.0430449732055644
i:0.005614667860158675
we:0.009909881659661543
creates:0.04024744522098538
necessary:0.026505704246187683
will:0.008333127536053562
yet:0.01933874075504532
detailed:0.0363622103130156
than:0.021038254150286193
the:0.002216920617614862
when:0.00961525325620394
less:0.02021224673967851
trace:0.12102334358451709
come:0.017655835841686826
problem:0.031111254294788004
many:0.01362647814395657
is:0.003951068042509763
does:0.01791895315202243
run:0.019682606091083785
slow:0.030195059595895888
resolution:0.03285163231497697
article:0.005958330002327948
written:0.0263494039592361
built:0.027150717897608482
functions:0.03444150811254782
especially:0.022980115496303983
everything:0.022718106499435686
four:0.025794456992815983
