looks:0.06582895143026712
read:0.04359621272880619
pc:0.06409311657688237
there:0.017649595876483605
own:0.043586358375922986
wonder:0.07096860976571018
wrote:0.04953028797486272
to:0.005300766000349349
amiga:0.09690537226514954
software:0.05414972862463955
began:0.08618861993868476
indeed:0.07092773670201184
like:0.022396905067474486
nt:0.013732279840816125
me:0.02083824385393355
re:0.007191163514964819
nope:0.10502064938167599
so:0.01965020379586385
convincing:0.10731577933614843
a:0.002685584857396914
looked:0.07163467700922471
it:0.019780120946536844
earlier:0.07588358720931332
love:0.06292725846502786
if:0.012887508072373256
of:0.003739242030110359
version:0.06000905014741509
good:0.031154035603067294
email:0.052767281903229636
yes:0.05128549750969017
and:0.007342257970976728
for:0.0062567089021552695
subject:0.000513403017154198
however:0.04609805584994064
i:0.014684515941953457
do:0.013813806132817245
regards:0.07941091532714738
an:0.03453454379083603
today:0.05459858203458371
ad:0.0832629164683856
very:0.0670477881455172
animation:0.10171583674847101
s:0.011931466939538815
