some:0.029936842952137284
preferably:0.13508690830814488
know:0.03163782373482825
your:0.032305954414904164
with:0.014995573763834546
from:0.021706980882825015
to:0.0035338440002328996
could:0.038695106546821983
responses:0.11374175977079266
pcx:0.315601074277287
me:0.027784325138578068
anything:0.05951900385434368
searching:0.13616668998378914
something:0.051042597875987764
you:0.014251256138685175
more:0.03260048784155707
a:0.0035807798098625512
advance:0.08111541581222179
no:0.02886527528673102
ve:0.046798299975062414
anybody:0.07793833704904346
common:0.08631097537516282
g:0.09064107592337185
converter:0.13817315657096219
email:0.07035637587097283
in:0.004555889792166422
or:0.017290037377002188
subject:0.0006845373562055973
i:0.004894838647317819
the:0.0019327000256129563
archives:0.13700745467155814
about:0.025256825136458244
else:0.0647833903932835
spent:0.11132928697375143
time:0.040500255638556755
does:0.031243302931731415
luck:0.10571252886958003
mike:0.08193364176814624
