there:0.09177789855771475
re:0.03739405027781705
danny:0.5486391575831442
ftp:0.3793366947289076
try:0.24363896723433928
in:0.017767970189449048
for:0.0325348862912074
subject:0.00266969568920183
an:0.08978981385617368
is:0.02686726268906639
