there:0.01191920760489802
graphics:0.045697940781035354
with:0.007595160737526589
much:0.022690868435843267
into:0.046514387090451595
to:0.0035797380781580025
like:0.015125182642969782
could:0.019598820199039708
anything:0.030145988965187064
anyone:0.02172616557975833
off:0.028356590233199357
blow:0.06328944289539004
on:0.006584530197912856
specs:0.06293361206177815
spec:0.06815559158943434
m:0.017776814443065874
a:0.0018136417218784352
same:0.02522199156530666
wondering:0.04673939612801684
series:0.04658896572425541
price:0.04065122340057095
stuff:0.07593289747204214
are:0.00834949846235358
desired:0.0709230359460669
not:0.007830000111376167
have:0.006639618352566921
only:0.01731865244505567
ve:0.023703035052304342
massive:0.0648190927091093
machines:0.1024921177892024
sgi:0.07229135433123349
real:0.06643100919475968
sun:0.04712327667660833
be:0.0075124838589282
which:0.016777822500227507
get:0.017069791886897695
if:0.008703252204719602
of:0.002525202409944658
seen:0.0336683752028877
but:0.017280083694815852
they:0.012115839279321347
pants:0.08165912131209896
in:0.002307528596032344
point:0.02859137612026053
and:0.0024792039901999343
subject:0.0003467137258703675
i:0.007437611970599802
any:0.013289445016737757
pretty:0.03737688385609905
the:0.005873400077836776
here:0.02338182994316099
about:0.012792417926258072
is:0.01046776468405184
bucks:0.06983366602423961
sheet:0.06764118719858958
does:0.0158245300563315
experience:0.04301588019214478
workstations:0.07044493239901864
paper:0.05008634282125449
too:0.025357374907331125
nice:0.04103557736045141
summary:0.05586801113457931
