some:0.005189052778370463
reference:0.01658503583563713
24:0.016280372217193157
resolve:0.025194280589446203
block:0.019501241276281472
there:0.008158035427352422
know:0.00548388944737023
anyway:0.027097900636840304
graphics:0.0469165525351963
sadly:0.025404293411004183
access:0.014899452746749002
i.e:0.015353506653224014
specifically:0.01798685623002516
with:0.007797698357193965
much:0.007765319420266361
boys:0.02410782130988638
sigh:0.02473970792668879
work:0.009000322062179128
bits:0.0391944746574826
wrote:0.011446999887523826
my:0.008446348989602679
to:0.0042877307202825845
colors:0.020266207439035754
remember:0.012367217940094365
bet:0.01917187251115382
line:0.012550238883582171
most:0.008251535395409057
make:0.007822579925998684
that:0.006167193341057365
talking:0.014487516357165636
could:0.006707151801449144
me:0.004815949690686865
re:0.0016619577901252024
had:0.006819593269698379
alpha:0.02505959014724474
this:0.004666510563301502
ti:0.033676987166681445
he:0.01413451740017987
something:0.00884738363183788
big:0.012336802461633588
recently:0.014708051398167507
certain:0.014650288852268928
on:0.004506745113238133
you:0.0024702177307054304
possibly:0.01723090517065485
performance:0.01684893881598496
products:0.018000385751719507
none:0.016100045477427972
them:0.006514929651254404
m:0.006083620942738098
why:0.015819756268035612
more:0.011301502451739786
sure:0.009697973422929794
a:0.006206685003761756
other:0.006130257723697382
was:0.00393538281822838
as:0.007112125868595719
idea:0.01232167242338114
question:0.009702160370431576
processing:0.06324311966262446
demand:0.021054021904979788
are:0.008572151754683007
results:0.016280372217193157
magic:0.022896677867963955
it:0.004571405729866293
not:0.0026796000381153996
ones:0.015078355468341584
have:0.0045444498946458035
made:0.010335909119635561
being:0.008648017466333991
systems:0.026670374402512093
only:0.005926827725641274
keith:0.017513186973865186
settle:0.02473970792668879
sgi:0.04947941585337758
color:0.04926176142137848
60:0.018096263463960077
strength:0.02310537557057627
channel:0.021537280572252966
be:0.0025709389206109838
which:0.0057417437000778565
get:0.005841662112404988
dec:0.02204577102193183
if:0.002978446310059597
of:0.005185082281753031
industry:0.020243703874784434
what:0.012272561373288417
but:0.008870442963338804
never:0.009795285470497158
gear:0.022581895412103453
professional:0.021246690531084737
called:0.011921131092696595
newer:0.021848207632728125
system:0.019868642926600222
or:0.005993879624027425
use:0.007390131234432658
better:0.009938737205784014
and:0.00424219349434211
for:0.0014459949462758844
subject:0.00011865314174230354
table:0.020132864104352204
twice:0.020046140485580725
i:0.0033937547954736875
employer:0.020089290770589442
info:0.026181292972376865
possible:0.01145320721317592
pretty:0.012791200252976118
than:0.006358227920975383
the:0.003685014715502037
thing:0.010061921933888695
can:0.007685031043890785
specific:0.016289583504313032
photo:0.02427143896820956
an:0.003990658393607719
human:0.014248188316607003
manipulation:0.026018294915363373
just:0.010439009453030097
many:0.008236449011458194
claimed:0.018914896640536815
reality:0.018624938765566142
eye:0.02040367544210846
is:0.0059705028197925315
number:0.011121177103990037
handy:0.023324358010606415
new:0.00766222028837132
hardware:0.015776360549664675
engine:0.018137995643292694
their:0.006727482749252062
image:0.04934750662578236
bad:0.012180449096650595
task:0.022323639275182206
mine:0.014512173532444383
seem:0.012265389132869946
especially:0.01389020314443263
processor:0.0434424297326202
96:0.025194280589446203
s:0.019302462071076124
