pixel:0.07928785028006174
know:0.019901211704166158
bits:0.07111900643494827
store:0.07198714595129957
to:0.002222901871114243
compressed:0.08748806120523282
format:0.19451876646958133
like:0.018784501024333437
nt:0.011517395995523202
could:0.07302141074158341
responses:0.07154723598485345
me:0.017477236780718462
anyone:0.026982495961957922
this:0.008467458683409984
tell:0.038871371832620204
size:0.05807866350106238
a:0.0022524260094296694
how:0.04243106442674594
question:0.03520945295721136
also:0.02392737309160591
files:0.16012797893166236
are:0.010369538412922992
it:0.00552992628612858
color:0.05959084042908687
determine:0.07036228192224261
be:0.009330020276410828
of:0.009408415430600257
but:0.010730374552425972
find:0.03413623770440952
david:0.08053049159175787
email:0.044256429983353884
in:0.005731603286919048
subject:0.0004305960789035209
i:0.009237034221551367
information:0.03933582716909298
the:0.0048629226450906645
would:0.030085472454979872
simple:0.053212718660584524
many:0.029890339154485378
gif:0.22664734370837922
is:0.00433342946597845
picture:0.06597625425315161
faq:0.06261443649835095
