looks:0.031119140676126276
at:0.008008772840494827
there:0.016686890646857227
behind:0.03207038546362453
help:0.019455388364016335
with:0.005316612516268612
generate:0.04263462552748412
wrote:0.02341431795175328
job:0.03155898686626524
look:0.02155607567523555
that:0.006307356826081396
like:0.010587627850078846
re:0.006798918232330373
murphy:0.05011242783849729
anyone:0.015208315905830829
these:0.03012065405634441
focus:0.04544466650965856
you:0.025263590427669177
them:0.026651984936949834
m:0.012443770110146109
ray:0.03943426242353336
a:0.008886844437204331
3d:0.04253013116906835
j:0.027764805995716933
let:0.020955797661389317
dot:0.05241420871468466
book:0.028269986460760666
it:0.015584337715453271
not:0.005481000077963317
texas:0.03607426974244547
buy:0.02733491932039969
has:0.009679767944423191
be:0.005258738701249739
which:0.011744475750159251
if:0.01218455308660744
of:0.0017676416869612604
seen:0.02356786264202139
looking:0.023580775867333127
but:0.018144087879556643
powerful:0.041830485340558096
pattern:0.0473488310390127
virtual:0.04488932385529639
they:0.008481087495524942
david:0.02269495672131358
in:0.0016152700172226407
pictures:0.08454806457510586
and:0.001735442793139954
for:0.0059154338711286175
subject:0.00024269960810925723
i:0.003470885586279908
acceptable:0.042074224044654975
appreciated:0.030770564719784024
away:0.02517257805748791
info:0.026776322358112704
any:0.00930261151171643
will:0.01030277586275713
program:0.10096848845033
the:0.0013704600181619145
see:0.016085325103737964
when:0.011887949480397599
would:0.008478633146403418
can:0.007859690840342848
simple:0.02999262324505673
an:0.008162710350561243
makes:0.02539070802047249
company:0.030601163996648636
reality:0.038096465656839835
is:0.002442478426278763
picture:0.03718661603359454
sean:0.09317457329501705
does:0.011077171039432046
first:0.017068680267191282
very:0.015847659016213156
purposes:0.040245454548332844
included:0.03402528591364517
giving:0.03448515406626432
poster:0.04140757610751362
doubt:0.03163702089982334
s:0.011280659651927606
