preference:0.026415790499298257
ability:0.01847138094681303
positions:0.11150124646487498
computing:0.04020701824128149
candidates:0.054127267179436965
proven:0.02185822108155223
technology:0.015519205925423699
small:0.01377302258187102
send:0.013517728667632362
graphics:0.11350778839160393
access:0.01544874132727431
consideration:0.023109615968749914
with:0.013475285179482658
user:0.034853856991640696
active:0.020589041450861142
extensive:0.024423067374428706
companies:0.018325494680127816
both:0.01034886673874764
located:0.02252199698119711
to:0.0031755741015917762
areas:0.03793781248786945
growing:0.024572538691263513
centre:0.06921868887884178
european:0.040842897241161226
its:0.009529145419512304
funded:0.025847898147114162
student:0.018539251023818763
benefits:0.02374079502438659
integration:0.027151413290044262
working:0.01460156226132077
phd:0.03052638054217895
includes:0.017362923370655987
a:0.0038613017304508623
3d:0.04311810533269603
vision:0.021972011922982513
as:0.007374324057299709
developing:0.02272094708195844
given:0.012846947277333093
ph.d:0.028027190261877742
21:0.018692179820987673
science:0.03116711729186466
computer:0.07412081765434052
staff:0.02217816811579999
consortium:0.02938877649641155
databases:0.027425253937375143
are:0.0029627252608351406
d:0.008395595494825048
telephone:0.020631909619811893
application:0.01700630280099967
have:0.004711987217950717
systems:0.013826807005910649
fundamental:0.02252199698119711
45:0.020785168706247296
equipped:0.025847898147114162
references:0.019029343765030706
has:0.004906794810537102
algorithms:0.0234539641079017
network:0.01692852382502109
sun:0.01672116269169973
be:0.005331440157949044
which:0.005953420887177502
considered:0.015865635747521714
presently:0.027151413290044262
of:0.0044801978240953605
germany:0.03875341689573536
available:0.012447298745687696
looking:0.01195338868850988
but:0.0030658213006931347
excellent:0.017949610199725286
english:0.020360140023224102
well:0.007755151659692833
who:0.005958769005685937
highly:0.03849468861206084
visualization:0.0587775529928231
in:0.005731603286919048
distributed:0.022300249292974996
or:0.0031074260723644486
offers:0.020829909785173385
douglas:0.04157033741249459
and:0.009676892994006195
for:0.010495124610066903
subject:0.0001230274511152917
conduct:0.023957186651519174
group:0.012429105690353203
experienced:0.023534110387679896
we:0.012421602817640275
research:0.12804600610521197
will:0.0052226052760520015
currently:0.03316989402633453
the:0.0024314613225453322
strong:0.03327790217484341
major:0.01509874641805434
facilities:0.04874860378728564
may:0.008576154504331017
apple:0.017480953674143204
laboratory:0.022059237774989512
competitive:0.027520273694069775
immediate:0.022118319288487495
address:0.014713462460523552
17:0.01812121547686869
different:0.01164616082032833
language:0.01879220875454465
qualified:0.026569414555830936
is:0.004952490818261086
number:0.011531174416579531
scientists:0.02307289629294726
methods:0.02050448320815056
recent:0.017502742343248945
new:0.007944698455684547
center:0.030107196621869205
experience:0.015263699423019115
workstations:0.024996588915780805
mission:0.020718861160385092
e-mail:0.01267140910899662
interfaces:0.02813562573381412
written:0.016513912158783915
81:0.023783268089386234
researchers:0.07795033801562304
by:0.004564218777959291
especially:0.014402284366347195
include:0.015490890660113372
rapidly:0.026123101993665417
s:0.0028591533680000845
