at:0.017273823773616293
array:0.21415975560184905
to:0.005404702588591493
line:0.05536870095698017
memory:0.06630651423857481
anyone:0.032802249992968456
error:0.07383251292494114
this:0.020587546602800745
you:0.010898019400171016
inside:0.07360893190341543
a:0.0027382433840125392
render:0.10782931334641861
invalid:0.11338543905832577
it:0.013445310970194978
have:0.010024521826424566
craig:0.1790190487564908
command:0.08071083637125168
be:0.01134237759093081
gives:0.07130440148619814
present:0.07106863299665302
seems:0.04620562920355055
subject:0.000523469742980751
however:0.04700193929797869
editor:0.09053634762368297
i:0.0037431119067724496
images:0.083448073414133
normal:0.14793579115758992
the:0.004433841235229724
would:0.0182872479628309
complicated:0.09740986430038982
problem:0.08296334478610135
is:0.005268090723346351
itself:0.06594227138420353
does:0.023891937536029906
rendering:0.3316710460664745
nice:0.061955675622642314
understand:0.058748181626189284
by:0.01942030342778757
while:0.08511147081876558
