out:0.05122509126436782
help:0.09304750956703464
wang:0.26056316525265105
thanks:0.08666898456157231
graphics:0.1529887582669444
4:0.10801171757298604
companies:0.17289705850381462
several:0.12254136400293028
to:0.005992170261264482
need:0.08353052136944505
inc:0.1591745867741044
3:0.10180286715815737
magic:0.22398924001269085
doing:0.11655230022457892
of:0.008453938502858202
find:0.09201942337710392
subject:0.0011607372561747086
the:0.0032771869999524044
address:0.13881831973624395
film:0.22561478488536996
2:0.0847134587867569
light:0.15183542112201276
1:0.08515321269237863
