since:0.022736609356860015
out:0.013388376125914318
folks:0.042081998298804296
mark:0.0682641810066407
thanks:0.022652120964956397
with:0.006645765645335765
from:0.009620139254888358
sell:0.03954627612477918
to:0.004698406227582378
direct:0.04538381389288834
been:0.016673186218425447
that:0.011826294048902617
me:0.012313507731869826
re:0.012747971685619449
anyone:0.019010394882288537
had:0.01743646006456972
off:0.024812016454049436
associates:0.06965373108882643
hi:0.03580700750016369
you:0.006315897606917294
bugs:0.05764108838699282
beat:0.049385592923043536
a:0.0031738730132872617
hard:0.030729925029267153
uunet:0.04292036718656006
anymore:0.05035743580302265
price:0.03556982047549958
copy:0.03882513573935616
also:0.016857921950904166
advance:0.03594887746223466
d:0.06210832576285348
it:0.007792168857726636
not:0.013702500194908294
ken:0.09377437957079117
have:0.01161933211699211
try:0.027686246276629464
love:0.03718428909297101
willing:0.04063522561340535
be:0.013146846753124348
writes:0.0075143453524723
of:0.0022095521087015756
available:0.030693907134252615
but:0.007560036616481935
version:0.0709197865378542
hash:0.07358868832425634
they:0.010601359369406179
newer:0.05586189451549805
in:0.0040381750430566014
office:0.041485658102797286
better:0.0254115439920614
usenet:0.04641134805276991
for:0.007394292338910773
subject:0.0003033745101365716
i:0.0021693034914249424
we:0.030630543311681135
info:0.03347040294764088
than:0.01625683275249388
the:0.0008565375113511966
riding:0.05130936629240286
older:0.05020625437545034
an:0.010203387938201554
long:0.027048991421688463
is:0.0030530980328484533
does:0.01384646379929006
retail:0.06611078081574867
206:0.06590964925780095
wanted:0.03460409079029662
article:0.00920832818541592
s:0.007050412282454754
