characters:0.15345384573968193
out:0.017851168167885755
there:0.013905742205714356
produces:0.15964816436417123
post:0.03912996673380577
to:0.004176361091184336
line:0.08556981056987845
everyone:0.04632595087141066
experiences:0.07159252409248906
representation:0.09017091067288495
format:0.06090991677330325
that:0.010512261376802327
anyone:0.025347193176384716
this:0.007954279369263925
hi:0.04774267666688492
on:0.007681951897564999
you:0.016842393618446118
am:0.02476267207123281
a:0.0021159153421915077
ascii:0.07982408218208562
kevin:0.20479828740089615
digital:0.06256617571229793
have:0.007746221411328073
has:0.032265893148077304
algorithms:0.07711379108204043
graph:0.09287164145176857
anybody:0.04605447189261659
if:0.010153794238839534
of:0.005892138956537535
please:0.02902144480159477
in:0.002692116695371068
or:0.010216840268228566
and:0.011569618620933026
subject:0.00040449934684876206
i:0.0028924046552332564
any:0.015504352519527384
program:0.08414040704194167
currently:0.05452929548268631
bcstec.ca.boeing.com:0.09402294307264618
the:0.0022841000302698576
would:0.014131055244005698
did:0.024907743082469173
problem:0.032054019576448246
write:0.04930566553011384
does:0.018461951732386746
circle:0.16511064387419983
image:0.11215342414950535
e-mail:0.041662057222004036
planning:0.07020627651029715
