some:0.012554159947670476
fast:0.11231606209509798
polygon:0.12842794390565898
thanks:0.021434264999098528
where:0.01986512686272862
with:0.012576932834183815
super:0.0540958714747163
such:0.020677604338363426
from:0.009102927466991135
texture:0.06857381182496029
to:0.005927738322971316
look:0.050992867188729266
mail:0.03294962908425652
could:0.016226980164796317
me:0.034954473561436925
anyone:0.017988330641305283
routines:0.11242967496085535
on:0.016355123394815804
western:0.04398416950210108
you:0.005976333219448623
tell:0.025914247888413473
am:0.03514701842368528
pascal:0.060468738681128245
a:0.004504852018859339
advance:0.03401614211480269
step:0.044726028335294106
daniel:0.09201247301501805
mapped:0.06399225918720867
it:0.01105985257225716
not:0.0064829033180211285
have:0.005497318420942504
only:0.01433909933622889
university:0.02527247421073821
able:0.028359841140974937
has:0.022898375782506475
be:0.012440027035214438
if:0.00720591849207967
of:0.002090758984577835
286:0.11883037180612306
looking:0.027891240273189722
but:0.021460749104851944
please:0.020595864052744675
must:0.024918929327736532
good:0.017419460767306445
one:0.010573235567479812
code:0.03484422054120104
in:0.005731603286919048
or:0.021751982506551137
for:0.0034983748700223014
subject:0.0002870640526023473
i:0.004105348542911719
away:0.029774017057243772
386:0.05074340239911586
any:0.011003088884825886
got:0.02378660023258682
can:0.009296408520835629
is:0.002888952977318967
turbo:0.05341831268085894
does:0.01310203026169382
run:0.028783165896638655
already:0.031245014207498405
needed:0.0358690611842583
compile:0.11221779761799489
