pixel:0.03486416111605552
computing:0.030939443114744978
obsolete:0.043134044587428866
stephen:0.028877016165893738
know:0.008750887416016324
graphics:0.024955613050636326
i.e:0.02450027657429364
your:0.01787137903803209
with:0.004147711892124449
companies:0.028203066280764084
bits:0.03127218722671484
to:0.005864677276982259
line:0.020026976941886442
competition:0.037007997086785545
then:0.01131830035301988
track:0.03226805374323788
t:0.01827144010638611
that:0.007380949477329294
updates:0.08412875740557287
bit:0.019326838284082975
nt:0.0050643868916484995
re:0.005304120606782561
so:0.007246883669396596
you:0.015767347217268704
used:0.01400328729316926
great:0.01788121055838778
etc:0.03294076577954944
why:0.012622145958539051
a:0.0019808569160941775
as:0.017023705536532305
steve:0.022745771963364442
objects:0.033261055376051445
sg:0.04971551105294196
product:0.05660848117371005
are:0.004559655188661174
releases:0.040538766081389656
reason:0.018951857617081756
co:0.03237578541340791
it:0.0072947963774462115
have:0.003625890873387609
second:0.019501388486895508
screen:0.0530256336185255
be:0.004102562107357952
which:0.009162356968209346
even:0.011908932253659757
but:0.004718320725180214
scenes:0.04401073931060034
seems:0.016712674392773602
order:0.019888772064769446
double:0.031334399893898086
they:0.006616451237643572
who:0.018341175521047495
now:0.011715704949491094
good:0.011489431569925525
one:0.01394767245071805
in:0.007560838378488957
24-bit:0.041786217616592944
system:0.01585264063292571
use:0.02358552521627444
and:0.004061674622242445
for:0.004614877488114524
subject:0.0001893401198015482
each:0.018056804236600107
we:0.009558467416411134
48:0.07281659859870494
background:0.031397163122812856
the:0.005880342631120272
do:0.0050944533255779904
see:0.012548835187313305
can:0.01226334741046402
effect:0.024584208898031246
claim:0.023157723721985716
planes:0.03900209206147056
wants:0.02496833448648049
ready:0.02989701623283969
many:0.013143269699135414
about:0.006985930356892706
different:0.01792352409937055
press:0.025442201140196213
entire:0.02644977462899859
is:0.0038109592466760837
refresh:0.04250321135326932
write:0.023079247694946903
new:0.012226947268677638
time:0.011202198368111444
keep:0.018790174355502988
drawn:0.0356228286306099
2:0.013818507461669566
their:0.010735344812636268
update:0.03079320703529295
every:0.017249280332889333
image:0.026248673737118273
progress:0.0356228286306099
ads:0.039188739638189515
by:0.007024365069625291
s:0.004400257311035591
