wilson:0.05092928712858587
out:0.012022215296739386
resulting:0.05001487734603804
help:0.021837680816753028
tried:0.03161085768404766
way:0.017677273668842277
my:0.009696063891125522
to:0.004218977020686217
hall:0.04673887973077701
been:0.014971840685933052
that:0.0035398431166783345
nt:0.007286515833902433
need:0.01960410195405343
re:0.0038157194161037807
exactly:0.032820231155836814
so:0.010426638748825713
charles:0.042002578111569745
something:0.02031287058330125
on:0.005173559441217244
state:0.027119524356536896
why:0.01816043449136741
more:0.012973663528782917
a:0.0014250042100473418
as:0.03265772082518442
solved:0.05547327709445693
exact:0.043581085411666
college:0.08407174082793167
poorly:0.058832275087911355
sci:0.05832618385179532
are:0.006560320220420668
it:0.00699704958653004
not:0.006152142944652703
ve:0.037247626510763965
buy:0.030682052298407814
robin:0.05738359895249924
university:0.02398306226121075
screen:0.03814599153169436
writes:0.006747575418546554
get:0.053647917358821316
dept:0.04187048459532448
of:0.003968175215627319
trying:0.027513553296616283
ryan:0.09071301430618937
what:0.009392266357108481
but:0.01357720861735531
tracing:0.06159630523215013
women:0.03856444075340229
well:0.017172121532176985
president:0.038423042440530596
in:0.0054391745477905245
useless:0.04897627842450802
edges:0.06159630523215013
or:0.006880729160235564
men:0.03583263829211573
and:0.0038958919845998963
subject:0.00027241792746957445
adobe:0.11947176236646445
p:0.03434824530236071
i:0.0077917839691997925
6:0.029983159515910147
any:0.01044170679886538
images:0.04342705861347738
stanford:0.059548645074373074
suggestions:0.04037751399051915
the:0.0015382714489572508
see:0.01805495674909363
problem:0.021587400939240654
many:0.018910214567123402
broken:0.0458290027453568
figure:0.03767854728647707
does:0.02486711865994949
break:0.04004292396171312
article:0.008268702860373478
pixels:0.05849210753416042
by:0.010106484436909858
