sent:0.022022051187362952
simply:0.018315229580140056
week:0.02064574134374601
there:0.010991365096732306
k:0.045373186302415124
static:0.03422734142201163
tried:0.018550084149920185
where:0.011062615558285999
with:0.0035019603400571696
missing:0.025854176427480533
setting:0.02575950213989585
work:0.012126182419103616
several:0.016876954323756865
to:0.005776882706967554
gcc:0.03628090280600462
client:0.08994284722580038
that:0.0020772732061944722
pipe:0.03516651789801743
re:0.0022391646872944346
server:0.04793363766643873
anyone:0.010017453590667014
reply:0.021504170774581704
two:0.011166403788343182
starting:0.023482167562139028
on:0.009107942968370477
fix:0.02604813748012266
link:0.029017294184173162
3:0.014020754159506705
bugs:0.060747494347968486
a:0.005853610108338183
other:0.008259329268454556
uunet:0.02261672043363644
as:0.00479110275579053
definitions:0.032130320886483994
steve:0.03840902810580104
variable:0.03179940664292082
plus:0.04282514795185235
486:0.028550458606510214
cheap:0.022252881547346396
no:0.006740992432230598
brian:0.02237172164538191
it:0.014371185677723376
couple:0.018898154459009095
have:0.0030613809170518137
ve:0.021857888611106997
campbell:0.0670012594068464
after:0.03465653331134643
doing:0.016052113204582726
has:0.006375895053212881
sun:0.02172749882693917
be:0.003463839863098631
writes:0.007919310072066615
get:0.023611508538163874
things:0.013381592384073352
of:0.0011643148836271776
what:0.005511629359261265
but:0.011951195609288806
seems:0.014110701134018433
virtual:0.029567818108279065
up:0.008044672876361585
author:0.024215615257847347
one:0.0058880892681175
in:0.004255801242981808
become:0.019833669310150587
and:0.002286212062819101
few:0.013686392220995729
word:0.01837650608481089
for:0.0019481967839046347
subject:0.00015986201731747483
twice:0.02700827310931535
cursor:0.03367420776853249
i:0.009144848251276405
yet:0.01574891462686326
the:0.003159443754445132
constant:0.029702386107393185
do:0.004301304903631717
svr4:0.03551543351552627
got:0.026492860139288314
peter:0.06614179187112497
modules:0.03563640781084076
did:0.00984377870325129
last:0.013054865581194598
compiling:0.03575987659648588
just:0.014064533694202228
many:0.01109701214118619
different:0.015133035317432621
reality:0.025093480372768758
is:0.001608818125093796
broken:0.026893666281706387
core:0.029523625849011862
else:0.015129055241545251
window:0.020880196058833185
x:0.018234490955365883
nothing:0.030597077862286333
although:0.01892059554942969
article:0.004852292696506593
needed:0.019974986168479168
bug:0.029702386107393185
built:0.02211076427589673
black:0.021135044049364896
sometimes:0.08394027124114611
defined:0.026172633106883583
compile:0.031246272989441687
s:0.00743037462103016
