library:0.28876610977249517
thanx:0.16733337295663092
help:0.07379630069109644
where:0.06370540683564696
us:0.07103022021327572
finding:0.15374501171489463
me:0.03736512691050154
anyone:0.05768671550487556
this:0.018102842702462724
recently:0.11411419188233411
a:0.00963106293687169
j:0.10531478136306423
advance:0.10908624885091896
ftp:0.13080575680307158
made:0.08019239834200005
site:0.13467462749788298
of:0.006704847778128919
available:0.09314013199359414
in:0.012253772544447619
subject:0.000920584720414424
the:0.005198296620614159
can:0.029812620428886667
collection:0.1659538786596068
tour:0.2105320960081953
is:0.009264573341057375
