know:0.05141146356909591
thanks:0.08305777687150678
where:0.1539547331861468
to:0.0057424965003784615
that:0.0144543593931032
on:0.021125367718303745
m:0.05703394633816967
advance:0.1318125506948604
internet:0.11902224762977526
it:0.028571285811664328
kept:0.16640731760725724
available:0.11254432615892625
in:0.007403320912270436
subject:0.0011123732038340957
i:0.01590822560378291
the:0.003140637541621054
is:0.03358407836133299
told:0.12917582361371374
wanted:0.1268816662310876
