out:0.020313398260007928
there:0.03164755122679819
all:0.016449445355970538
tried:0.05341144919028743
thanks:0.03436873525717522
several:0.048593989173575804
gl:0.20592756522803937
need:0.033124172267193726
re:0.0064472500478994915
hi:0.054327873448524217
on:0.008741531469642929
you:0.009582741196702101
m:0.023600253657173657
sure:0.07524289724686908
a:0.004815531468435845
jason:0.07861890816867319
files:0.11411419188233411
works:0.05129527575087483
it:0.02955650256379069
not:0.010395000147861464
ftp:0.06540287840153579
pd:0.09394226289394128
sites:0.07853160985907755
which:0.02227400573306065
writes:0.011401075707199351
interface:0.07280516442765315
but:0.022940800767255527
ok:0.056273261905360895
archie:0.10260827766224838
find:0.0364904609943688
in:0.0030634431361119046
for:0.016828389460969345
subject:0.000920584720414424
i:0.0032913570214723265
the:0.0012995741551535397
can:0.014906310214443334
an:0.01548100238899546
is:0.0046322866705286875
viewer:0.18502633062216642
lee:0.07357157412715028
x:0.05250275844045004
article:0.013971256557182775
says:0.04415563352461324
s:0.010697177256138246
