some:0.011559771040924299
there:0.009086920649278688
all:0.009446216145012783
motorola:0.09650073471178282
rumours:0.05954909906962315
someone:0.021816416976861583
such:0.019039774291760382
my:0.00940806199336932
single:0.032192343272399754
to:0.0013645536238523078
design:0.0745181625232761
centre:0.04957246035217382
next:0.026518614096526488
perhaps:0.028598629085545002
that:0.0034346992617274932
considering:0.0396571282708425
memory:0.0334815071897754
like:0.011531079836719537
me:0.0107286007960846
re:0.003702381215625451
uunet.uu.net:0.05976671200743281
wait:0.07270098623980431
so:0.010116936607771486
supposedly:0.045931620944992445
these:0.016402336367316264
on:0.005019889358804851
you:0.005502960291175464
etc:0.022993306806517184
a:0.00414803205696949
other:0.013656514731009017
uunet:0.03739596348928005
want:0.01873859373972457
was:0.008766941921795897
ram:0.03851343631914107
compatible:0.04460952794871005
hands:0.0396571282708425
chip:0.06400800708521334
ie:0.041421962245162494
3do:0.063456566317187
wow:0.05128377533078184
d:0.01803806160769342
not:0.005969406025504603
made:0.023025540118000013
systems:0.05941420040163586
laugh:0.050221938396587805
lineup:0.05796154807877979
has:0.010542321523629218
be:0.005727339179578924
which:0.01279101319324275
writes:0.006547152386312498
get:0.013013603715753686
if:0.006635152670924844
of:0.0019251543125320659
even:0.016625341066990353
but:0.006586962596538715
released:0.042828193129270546
vancouver:0.0976325844907917
fact:0.023745219095335043
one:0.009735751562134876
in:0.005277614907757143
or:0.006676351066367181
and:0.0018900862103504448
subject:0.0002643263058615673
i:0.0018900862103504448
yet:0.026040284581051128
micro:0.05612587260025144
than:0.014164369130885755
the:0.0037314505445002625
correctly:0.04315151949535028
extra:0.038462135737537144
serves:0.05109870470689914
about:0.009752635448731402
interested:0.02848590312292
is:0.007980375056158333
sean:0.05073862902203899
type:0.03208428228051184
center:0.03234287953933474
serial:0.040983345820443884
interfaces:0.06044980974492737
article:0.008023097824916841
very:0.01725982665132126
ports:0.04874375719497929
by:0.009806291829872932
built:0.03655938251559162
especially:0.030943521856409324
