read:0.019543129843947602
go:0.016770967687880407
stored:0.04231574542577881
know:0.010636854531537085
all:0.016449445355970538
default:0.04137651108277402
where:0.01592635170891174
your:0.010861484673976402
with:0.00504161531715127
from:0.007298036676122203
texture:0.1649318405100338
to:0.004752410896864934
format:0.0693112846041037
that:0.0059811142316289105
r:0.026726032471802844
like:0.010039991926798907
anyone:0.02884335775243778
file:0.15716306288577978
this:0.004525710675615681
carefully:0.04008744441061054
hi:0.027163936724262108
you:0.014374111795053152
orientation:0.047750304390662614
why:0.0153424360358104
a:0.004815531468435845
said:0.018892283005719244
given:0.024032651372252422
are:0.011084678993124578
manual:0.03387583962829968
model:0.031542685444685775
d:0.01570555364118134
it:0.002955650256379069
not:0.005197500073930732
have:0.004407332871962525
only:0.011496002054045574
ve:0.015733911198512363
650:0.043511291870036994
able:0.022736769190609216
after:0.016631152479870268
mapping:0.047750304390662614
univ:0.04003968423495868
environment:0.03618666814549824
be:0.0049867349753230285
noticed:0.03496726742374418
dept:0.03537334043398103
if:0.011554317582127747
of:0.0033524238890644594
available:0.023285032998398535
but:0.005735200191813882
saving:0.0455064845780448
virtual:0.04256746227657417
they:0.008042410556101238
in:0.004595164704167857
and:0.0016456785107361632
for:0.002804731576828224
subject:0.000230146180103606
i:0.0032913570214723265
44:0.07835832820643096
explicitly:0.0444116596576887
information:0.04204864283592698
the:0.005198296620614159
when:0.011273055541756343
rule:0.034040496278070535
did:0.01417164692623246
planes:0.047407715350580595
laboratory:0.04126598790666142
rules:0.07102612587187332
about:0.008491518795878204
is:0.006948430005793032
save:0.06245707297278093
31:0.08036753193498186
does:0.021008427833405608
their:0.013048996711911327
nothing:0.02202462070259404
position:0.029679680665622515
somewhere:0.03344414705950506
