another:0.024915790229085154
computing:0.04901642111437125
know:0.013863765456834851
take:0.023884821689165208
chris:0.08621903916672584
graphics:0.07907284135145443
fax:0.034366779099813366
to:0.006194153528498116
0:0.0823630626622569
janet:0.057089061435093
software:0.03163804369080064
centre:0.05625638759066916
perhaps:0.032454624018427476
format:0.04516915176447207
that:0.007795609560325321
technical:0.04310951958336292
re:0.004201578682900792
anyone:0.01879679493979091
voice:0.040747126982428855
uk:0.04855774701863805
this:0.005898679082824932
you:0.012489864930533076
a:0.0015691057593779719
as:0.008990046744011443
computer:0.06024051472281607
files:0.03718327600660325
internet:0.03209588700128771
it:0.0038523081993255275
have:0.00574438891177138
only:0.014983553238980747
be:0.00649956468693788
writes:0.007429914505815307
if:0.0075297799973416775
of:0.0021847256805139176
bureau:0.12637286960325678
version:0.07012293500372101
order:0.03150917821497182
postscript:0.05652714659717545
author:0.04543828930405063
in:0.003992802289763831
our:0.025053656437981946
bitmap:0.05979002051092126
use:0.018682916042105032
and:0.0021449292948920776
275:0.12918552450109957
subject:0.0002999658077754865
44:0.10212995586456171
containing:0.05407485933852357
allow:0.03939634462218643
will:0.025467535840523244
alternative:0.04892317613892524
the:0.0008469134943697224
do:0.008070987852881985
upgrade:0.0496917461039185
would:0.010479209506790743
can:0.00971422463413161
road:0.040569127932252924
an:0.010088743129907153
different:0.028395695483272445
oxford:0.063693405984555
draw:0.04744606221127958
unit:0.04820382941122939
is:0.006037587121138515
does:0.013690885554354215
2:0.021892242158375378
61:0.11342269341402902
1:0.022005886426120322
article:0.009104863823782033
convert:0.04807393253031842
training:0.050357395919231544
project:0.04327680736419158
s:0.006971194166921554
