some:0.01883123992150571
24:0.029540997974745648
pc:0.026877758564499057
computing:0.03518114096112131
help:0.017258812258401587
take:0.017143138147868577
thanks:0.016075698749323894
where:0.014898845147046466
with:0.00471634981281893
targa:0.10620973974999275
from:0.006827195600243351
to:0.004445803742228486
colors:0.036773360272443906
connected:0.03665147609655642
centre:0.040377568512657704
perhaps:0.023294044658387462
that:0.0055952358941044646
quite:0.04284192551789357
bit:0.021976485468191125
conversion:0.040506603523516094
its:0.016676004484146533
happens:0.030129657377248212
file:0.024503918406922655
this:0.008467458683409984
hi:0.025411424677535523
something:0.01605372029970583
card:0.02468474472995356
m:0.01103882832351671
a:0.0067572780282890085
million:0.03156057467041241
test:0.02883790204822315
old:0.021354137760825193
driver:0.029675690310374127
question:0.01760472647860568
advance:0.025512106586102014
files:0.026687996488610397
polygons:0.0511822003310851
bo:0.05094145062826509
book:0.025078213795836076
it:0.01105985257225716
not:0.0048621774885158455
ftp:0.03059166892975061
have:0.012368966447120633
raster:0.04850370166154789
university:0.018954355658053656
site:0.03149648546321457
be:0.013995030414616241
whatever:0.02665290789317228
but:0.010730374552425972
ok:0.05264272887920858
seems:0.019003928140169983
windows:0.022154896624383077
find:0.01706811885220476
one:0.023789780026829577
in:0.001432900821729762
and:0.0030790114071837893
for:0.010495124610066903
subject:0.00021529803945176046
i:0.0030790114071837893
we:0.010868902465435242
directly:0.029294357463680483
any:0.008252316663619414
information:0.01966791358454649
images:0.03432138503323212
source:0.025155386787901808
the:0.0012157306612726661
when:0.01054576163583658
got:0.017839950174440112
would:0.007521368113744968
can:0.02788922556250688
an:0.007241114020659167
address:0.025748559305916217
about:0.00794367887356348
film:0.041847903648092814
company:0.02714619386799476
language:0.16443182660226568
is:0.00433342946597845
else:0.020375421172081104
dc:0.03610584183467081
does:0.009826522696270365
slow:0.0331171621374342
handle:0.0327609426349089
too:0.015746111837616907
nice:0.02548176981253837
image:0.029847282233336103
processor:0.03941349471709494
