mode:0.07508598522506335
at:0.017273823773616293
send:0.05751661021325927
thanks:0.03908601264541496
with:0.011467203466461712
o:0.13729329348234828
to:0.0027023512942957466
need:0.03767062728425953
this:0.010293773301400373
hi:0.061784640392439305
you:0.010898019400171016
moment:0.08251589802650555
card:0.12003562143193104
a:0.008214730152037619
driver:0.21645797638155245
it:0.02016796645529247
not:0.011821764874038528
have:0.010024521826424566
only:0.026147769377829148
svga:0.10174784416399038
if:0.013140204309086457
3.1:0.07689258789955328
windows:0.16160042243667655
please:0.037557163860887345
in:0.003483915723421382
640x480:0.12067099898837444
ooo:0.25133777247199557
for:0.012758778937728392
subject:0.000523469742980751
i:0.0037431119067724496
the:0.005911788313639631
an:0.0176058458541517
runs:0.07356452000869283
bug:0.09726075450852277
s:0.024330834543373266
