plotting:0.08391269078580665
help:0.028159114737392063
take:0.027970383293890833
chris:0.10096703270840263
thanks:0.026228771643633724
where:0.02430864208202318
ks:0.16261944095766806
with:0.0076950970630203595
response:0.0924104882270353
someone:0.028992869929776576
post:0.03398128690041027
kansas:0.16546716686925314
to:0.0036268398949758705
physics:0.12067381659192766
that:0.009129069090380968
like:0.015324198204061489
could:0.03971339882436993
me:0.01425774579479664
re:0.009840539546793961
package:0.10229639560674215
murphy:0.07253114555571975
file:0.03998007740076854
hi:0.041460745526505326
on:0.013342337506297102
roger:0.11615144140964716
state:0.06993982597212148
a:0.007350021714981026
it:0.004511255654473315
network:0.04833539039512601
writes:0.017401641868883218
dept:0.10798177606162629
of:0.005116857514887859
looking:0.03413007033429794
please:0.025202833643490193
find:0.027847983390439344
visualization:0.08391269078580665
box:0.041691302772455356
in:0.007013672443203571
point:0.028967578437632376
or:0.008872519180303753
for:0.004280906090948342
subject:0.00035127574857918807
i:0.0025118250953341434
will:0.014911912432937952
see:0.023281391597515473
does:0.0160327475570727
lot:0.03261254458243935
records:0.06487428311559185
article:0.010662274741007907
needed:0.04389240381757922
s:0.04081817637210647
