another:0.011795241119088185
at:0.004685984108800165
out:0.012533798926387871
computing:0.023204582336058734
say:0.010093324331210338
there:0.014645409344316181
all:0.005074828886416442
knows:0.018584901123091673
chris:0.040816460031056385
graphics:0.03743341957595449
fax:0.016269379467464838
your:0.006701767139262035
with:0.00933235175728001
way:0.009214749040141188
much:0.009293600369999634
from:0.009006087813086974
drawing:0.025229967950515075
my:0.005054331177288837
to:0.004398507957736694
0:0.038991024345430135
janet:0.027026204615549346
then:0.00848872526476491
apart:0.02450350233878236
software:0.014977584513198174
centre:0.026632013274306143
make:0.00936213023058353
that:0.003690474738664647
technical:0.020408230015528193
quite:0.014128720117603199
like:0.012389777271368864
anything:0.012347027395315976
re:0.0019890452275434603
anyone:0.008898482710858463
voice:0.019289863305511534
uk:0.022987444067333968
this:0.008377379335714133
something:0.021177248054931094
on:0.0026968554534004784
you:0.008869132809713645
am:0.01738655698618474
input:0.02269761329454636
3:0.012454606088497976
more:0.006762867158620882
a:0.0037141067176765827
sorry:0.016901152578396937
wondering:0.01914326330775158
was:0.00941979929895091
as:0.008511852768266152
ears:0.029048264722591227
part:0.013027777193687645
converts:0.031138916787004034
computer:0.028518116012396972
product:0.02122818044014127
internet:0.01519432948465216
taking:0.01812207464974258
tad:0.031339663212444704
it:0.0072947963774462115
not:0.006413936261446435
should:0.026215087376066162
have:0.0027194181550407068
try:0.01295951953374145
only:0.0070932778631345025
650:0.05369478571196055
plots:0.034632424959286326
be:0.0030769215805184643
which:0.0068717677261570095
writes:0.003517353143710438
if:0.010693889677075678
bureau:0.05982545422707368
but:0.0070774810877703214
ok:0.017360899949526234
version:0.04979474373934443
least:0.012806714801630224
oh:0.017179341405007837
well:0.017902850108014307
they:0.004962338428232679
find:0.01125769541315633
cheaper:0.023454140420036133
now:0.00878677871211832
called:0.014267311148174115
sounds:0.018950556189153395
postscript:0.05352038348030441
author:0.02151067951096014
one:0.005230377169019269
in:0.0037804191892444783
become:0.017618206248910362
yes:0.014185350375020686
or:0.0035867630728887516
bitmap:0.11321940054195728
better:0.011894765272879804
and:0.003046255966681834
few:0.012157593089927055
for:0.0034611581160858933
seriously:0.020622093954241173
275:0.06115697702445672
subject:0.00014200508985116116
costs:0.021894960930499124
i:0.003046255966681834
44:0.04834875570184038
will:0.006028219919698321
images:0.022637509277238208
the:0.0016037298084873467
around:0.01259145975081721
can:0.009197510557848015
did:0.017488415355776228
road:0.01920559779771548
just:0.012493495356020063
competitive:0.03176542229581458
gif:0.024915133528226083
oxford:0.030152729428858487
unit:0.02281989796595434
is:0.0014291097175035314
export:0.0552036175783352
does:0.006481323480518751
2:0.020727761192504347
61:0.05369478571196055
image:0.019686505302838705
article:0.0043102812782797924
training:0.02383940551495536
aware:0.021792006446706803
project:0.020487424762835375
included:0.019908411970749836
