seemed:0.017291323345629897
effects:0.01763047892361724
photoshop:0.026266857368999537
quadra:0.06108077556540837
know:0.015170595807274203
posting:0.013521264577689512
all:0.007820228120051568
800:0.03934160070165399
knowledge:0.015150701413328426
modify:0.021898732508978558
incidentally:0.024561281970536784
your:0.020654626593135453
with:0.007190500534297713
into:0.022018080774373602
from:0.0034695584197958016
gain:0.018793463239726443
my:0.0038943207431569728
to:0.0033890143280922067
scanner:0.022813255260266303
bet:0.01767898079921971
otherwise:0.014563052588573919
software:0.01154010610033302
might:0.008717562032288713
perhaps:0.011837957121475597
that:0.0014217402681740853
provide:0.013839982288046778
like:0.004773110916019153
really:0.00799752353766773
nt:0.005853102882970807
and/or:0.03312280350118008
re:0.0030650860883456605
exactly:0.013181896119967248
anyone:0.006856207990333571
this:0.004303134740749336
best:0.009980229835907517
big:0.011376149810932613
on:0.008311620085889999
utter:0.023169859264322162
you:0.020500782396223348
am:0.02009429946763974
great:0.010332994625953594
them:0.012015239110920008
working:0.01298581561765003
computers:0.017777741256510944
m:0.005609896361131443
why:0.007293945000631174
fun:0.016869887930056702
more:0.005210733712380024
a:0.004578702051955394
hard:0.01108292378104717
other:0.005652901589475044
wondering:0.014749727466628266
want:0.007756549048000745
as:0.006558312788664086
woman:0.017947822120882882
ram:0.015942037164890364
drive:0.023145932367262204
also:0.006079906277375272
stuff:0.023962430759619853
andrew.cmu.edu:0.016699915601341233
turning:0.01943948350285588
features:0.017728063549411168
cd:0.01829181577451055
computer:0.021972974632502584
business:0.014821982513252327
are:0.0026348827114804326
no:0.004613712033534877
helping:0.02122812011643019
d:0.007466574681873096
it:0.001405145203852344
not:0.002470942658098217
cool:0.01881486464948526
thermal:0.02310822861938552
have:0.0041905787962922365
doing:0.021972974632502584
types:0.03358112468836787
has:0.0043638298110104555
1200:0.02298767990952366
be:0.009482971428483138
which:0.005294640707039008
if:0.005493036227568929
of:0.005578213520328568
monitor:0.015357687869216426
what:0.011316911102417596
but:0.00545314116598697
aim:0.024307694250380686
ok:0.013376431108651362
version:0.01278881396584256
lynn:0.024474997506611237
print:0.0540536438219843
well:0.006896999631776004
one:0.004029962736785338
in:0.002184586498702752
system:0.009160747250993955
or:0.005527143095926929
use:0.013629340391371706
and:0.005476602257040018
for:0.005333587916591377
subject:0.00010941375775417335
i:0.008606089261062886
info:0.012071292866362285
back:0.01726521901694703
possible:0.010561359110510583
any:0.012581400815026319
images:0.06976806137902924
the:0.0015445758401415018
do:0.008831777691473319
would:0.015289338460727477
because:0.0072324684380922705
sony:0.02082346913001343
once:0.010996029487397157
put:0.010194505326011391
just:0.00962613576611382
17:0.016115999010166006
is:0.005505586616611964
deal:0.013509487671149628
cartridge:0.023770693174944603
new:0.007065571987227652
else:0.010354722234992036
hear:0.013580662148601671
experience:0.013574683503258803
dpi:0.025022257312449444
advice:0.03188407432978073
guess:0.012279333044818253
rom:0.020651964581097446
image:0.01516829097103966
changing:0.017550896604530762
planning:0.037980444669505016
lots:0.014953668079575249
project:0.015785392850053488
by:0.004059161782037566
happy:0.015565963477397629
buying:0.016439417726383264
s:0.0025427716428525343
