some:0.0076811636521931185
24:0.02409923518992408
generated:0.03192544615619932
cat:0.03331563756190463
out:0.015502330251058682
say:0.012483848514918048
there:0.006038019641954917
mess:0.03359803917188511
know:0.00811759951090988
thanks:0.013114385821816862
with:0.011542645594530538
o:0.02303275647236764
generate:0.030854005315942457
from:0.005569554305461681
bits:0.029009068414255216
my:0.006251409614015139
to:0.008160389763695708
building:0.025003076110780603
then:0.010499212827472388
that:0.002282267272595242
bit:0.01792818551352434
cs.utexas.edu:0.035607128971563935
need:0.012639486786166026
so:0.006722438140690263
file:0.059970116101152805
error:0.07431825314155259
map:0.032633542631149086
gamma:0.036713292930787615
something:0.013096456033970545
directory:0.027733416373884184
on:0.006671168753148551
them:0.0192876206780558
8:0.019424284752459647
more:0.008364598854083723
a:0.0009187527143726282
same:0.012776929937688239
j:0.020092951707426726
want:0.012451302419159089
invalid:0.03804379863141193
1.00:0.045385930416806525
operation:0.028327408786200634
advance:0.02081250800445164
files:0.021771786609129533
are:0.004229680142113326
no:0.0074062219485691435
works:0.01957319732599171
it:0.004511255654473315
not:0.011899539642946674
have:0.0067269817519428005
messages:0.02878315961438093
integer:0.03986125505659718
get:0.008647197205862647
spend:0.026974323780997043
if:0.00881776868109749
of:0.0025584287574439294
even:0.011047101630039642
park:0.02954764650687478
but:0.013130589912837044
parameter:0.08165150319466641
up:0.008838555068107793
in:0.00233789081440119
use:0.010939338998337815
install:0.058133557697889866
message:0.021363946635261324
and:0.0037677376430012154
for:0.002140453045474171
subject:0.00017563787428959404
steps:0.03407671913426951
i:0.010047300381336574
xloadimage:0.13074127455893747
possible:0.016953760677398566
body:0.023353165287332577
any:0.013464306135379042
will:0.014911912432937952
wrong:0.017390934584406978
do:0.014177327346838749
when:0.008603121334498262
hello:0.025455860464814285
rgb:0.070904646135099
needs:0.022035174754403596
rle:0.25700904838207217
problem:0.013918192710826211
finally:0.023924503130237532
many:0.012192112023540088
warning:0.028224610642101418
is:0.003535166143298209
done:0.034850836202903926
time:0.010391512959892853
window:0.022940741722533825
does:0.00801637377853635
converting:0.036094681419943694
2:0.012818483895364531
x:0.04006789459929082
image:0.04869819732807469
convert:0.08444565779996722
by:0.006516022860639251
range:0.026312868325589954
