pc:0.03435919651544209
computing:0.044973829682258167
chris:0.07910819057565567
graphics:0.07255136989978808
fax:0.031532405565808136
your:0.01298899198125013
with:0.00602914821432523
4:0.025611025816275043
though:0.025624167026914224
to:0.0028416477527645994
0:0.07557023275196768
platforms:0.11209033309807793
janet:0.052380685234260586
software:0.029028720499806766
centre:0.051616685521335616
been:0.01512618955898391
that:0.007152672689370656
technical:0.039554095287827835
nt:0.007361634553839572
re:0.003855056729671861
package:0.04007487662944538
michael:0.03097623919251226
voice:0.037386539190063586
uk:0.04455298437792563
searching:0.054747432055337907
this:0.005412190086303288
3:0.024138824171521852
a:0.0014396949750993763
as:0.008248599589866169
mac:0.03537404262691893
stuff:0.03013831497601672
computer:0.05527222484876938
internet:0.02944880353726398
it:0.0035345920591749688
comparable:0.0522059475196856
have:0.005270624877810854
able:0.027190363155780092
quality:0.03963055505746752
be:0.005963518114819292
writes:0.0068171380517274465
wayne:0.048171303169926606
shop:0.10019574805799375
version:0.06433960015805329
breath:0.058762532743603095
author:0.041690801526396974
in:0.001831749504066912
and:0.0039360558194926785
for:0.013416447955137072
275:0.11853104825358622
subject:0.00027522635971152884
adobe:0.12070343001972698
i:0.0019680279097463393
44:0.0937068667210927
world.std.com:0.09476446041980509
will:0.023367120513469782
the:0.002331194876254803
do:0.014810678740340137
got:0.022805709501346125
photo:0.11259945913086909
road:0.037223220473922784
manipulation:0.06035171500986349
oxford:0.058440341573457684
hold:0.03577093415406206
draw:0.04353298491550395
unit:0.04422825585154037
is:0.00276982089578004
type:0.03340734546733708
61:0.10406824447266581
image:0.03815528862818223
article:0.008353947219758772
training:0.04620420862692379
project:0.03970758613827888
include:0.03465487910561445
enhancement:0.06676087188179958
