studies:0.10290446088618768
at:0.010743475761639403
candidates:0.07161961571913306
technology:0.08213823623943763
fields:0.11972259681439858
graphics:0.2145574048865684
active:0.054485634083376436
to:0.0016807306830375986
contact:0.042439906085128876
state:0.03241113886512947
support:0.033401906213823246
more:0.015505110070984462
related:0.04700169494672158
equipment:0.0492068038114706
silicon:0.06629733116166805
science:0.08247883478456867
video:0.04263062430323199
computer:0.19614899306087671
are:0.01568076540490794
invited:0.06894445927432448
being:0.023729316218599368
suitable:0.06271487849669045
craig:0.11134111569001258
sun:0.04424990614754685
applications:0.04756464667554063
of:0.011856133266203576
institute:0.09493799633983674
department:0.042293604666987034
available:0.03293980277822232
dr:0.04779078786715245
in:0.006500476898578919
israel:0.13904149642092628
offers:0.05512305394369055
and:0.009312132060750973
for:0.011903007179710023
subject:0.0003255726450246134
information:0.02974172298150933
research:0.03765038390898509
the:0.0036768439511661124
is:0.003276495449886145
graduate:0.13412914586993535
workstations:0.06614950969176141
rendering:0.06876107052597642
art:0.05624380226422496
image:0.04513491459675216
animation:0.06450272574293284
conducted:0.06543614131759544
full:0.03767881077955187
students:0.058298845969439836
