thanks:0.18121696771965118
where:0.33590123604250216
kim:0.5060394803186343
it:0.031168675430906543
find:0.1924042488793991
subject:0.0024269960810925726
i:0.01735442793139954
can:0.07859690840342849
is:0.024424784262787626
faq:0.35291773299070545
