another:0.011732832435918406
above:0.014405587460997593
some:0.00617744378377436
read:0.023989450390454196
rough:0.028450752824690208
block:0.02321576342414461
ideas:0.0190317123652882
there:0.0048559734686621555
know:0.006528439818297893
help:0.011323241904983052
all:0.005047977939927466
case:0.01307730744606749
1984:0.05765768516241898
graphics:0.018617679577458846
wonder:0.019525755067814437
c:0.013683056589571215
faces:0.028763921456385077
4:0.01314428309089248
mentioned:0.01859874930577692
from:0.004479218277408336
both:0.011882032181525068
to:0.00218761771442989
lies:0.023864452959024673
line:0.01494076057569306
within:0.017124075218639245
pointing:0.08120178704458242
cases:0.01946976507135657
make:0.018625190299996864
that:0.005506422625944076
conversion:0.026575761041883576
nt:0.003778193395356817
could:0.01596940905106939
practice:0.02172766193143831
articles:0.022285124977246912
so:0.005406405277168889
this:0.011110739436432147
two:0.009866610754779424
set:0.014018066582676831
pointers:0.02804129957804777
used:0.010446896869507224
am:0.008647282310589236
parity:0.032303866583268066
independent:0.021972174329084507
m:0.007242405884212021
more:0.006727084792702253
sure:0.011545206455868802
a:0.0051722375031347965
how:0.020878777733795623
3d:0.024752986394695864
test:0.018920105047511484
standard:0.016106055769641463
also:0.007849191172907758
coding:0.034449184615586395
far:0.013171312550906885
computer:0.014183613254842938
are:0.006803295043399211
model:0.01935953180732037
care:0.016751412387692576
it:0.0018140498928040844
not:0.003190000045375475
reported:0.021848505804294514
have:0.010820118796775722
domain:0.02361483094698716
university:0.012435661913220389
exists:0.019744090280520394
public:0.01568118834952695
be:0.006121283144311865
which:0.006835409166759353
if:0.01418307766695046
of:0.006172717002086941
standing:0.026165400013598523
looking:0.013724261086807639
but:0.007040034097887939
again:0.012919942529672051
using:0.01166360094521122
please:0.01013447278785849
toward:0.023663822086737406
code:0.03429113767546768
in:0.0018802084856559837
point:0.0232966768387308
or:0.0035677854904925146
and:0.003030138210244364
few:0.012093267200562361
for:0.003442845110180677
subject:0.00014125374016940898
al:0.020158805189006517
space:0.016177316177318005
welcome:0.02213554596170059
outside:0.03814577542308492
i:0.006060276420488728
special:0.036991652834550505
away:0.014650706805945346
we:0.0071309201360527505
any:0.005414218340152419
pretty:0.015227619348781092
source:0.03300812657883412
exist:0.019240870242307435
normal:0.03991918174093696
assumed:0.02585858912655964
the:0.003988111163963243
do:0.003800623909558183
less:0.014544262204213107
rule:0.020892579726223184
ensure:0.025463822651474063
simple:0.01745602411087958
solutions:0.024906359605665455
about:0.010423451643617687
dear:0.025429353439721712
is:0.008529289742560758
netters:0.026126061503082557
number:0.01323949655236909
viewer:0.028390283534618126
et:0.02407299247511397
done:0.01401409286465978
angle:0.02827137953540089
their:0.016017816069647767
hidden:0.02702064525992877
paper:0.020405547075325898
index:0.027209629823960933
removal:0.030158548550949738
already:0.015374530800515086
says:0.013550406055172317
s:0.0032827316447408376
