some:0.008878607415462769
simply:0.011629822585107944
ability:0.015240645115811512
mark:0.011420623438373348
formats:0.057479992674385284
scheme:0.017455615872526246
all:0.007255268674116282
situations:0.018176826499977438
fax:0.011629822585107944
your:0.004790616814377424
with:0.020013104148691733
such:0.01462370496933687
arguments:0.015815667814381564
to:0.004716270890044668
w:0.011765554581860661
then:0.006067986120820545
most:0.007059298342079992
format:0.030570756707513417
that:0.0052761159761897615
provide:0.012840135658872294
nt:0.02172102058471296
its:0.007862450783399887
pcx:0.023400079651738008
re:0.0028436540135222095
so:0.003885211396900837
file:0.034659534780894403
tiff:0.16573844099919677
mean:0.010051034436615439
contains:0.01596065971436424
these:0.018896988286299727
on:0.0019277902100353229
brings:0.019730570541306117
libraries:0.019067629905774645
suggest:0.013959695076464326
more:0.004834292873843064
a:0.0005309901619187814
dealing:0.035841837928501596
other:0.01048903412799932
as:0.006084518328646528
capable:0.01668357143408111
let:0.008764782291835835
fine:0.012316184706922282
frankly:0.02149599110454223
instances:0.021733711093064417
based:0.01148632323916556
parameters:0.02121832899421946
others:0.010252198566799984
are:0.0048890599361309925
complex:0.0512850897924361
ludicrous:0.02270684179320586
it:0.007821796876197079
imaging:0.06160208151365836
systems:0.011408430115143007
color:0.02809606164717404
against:0.01964472085291138
b:0.011638434777620691
has:0.004048572144055327
dealt:0.02149599110454223
screen:0.014214095703825277
naturally:0.01951927833159201
personal:0.01275245426310158
be:0.00219947246059875
perfectly:0.016987916330178203
comparison:0.017745059581548303
found:0.010169279487669191
applications:0.014830041929256015
tall:0.02149599110454223
of:0.0036965890791965522
even:0.00638463668352101
failure:0.01805836578598582
philosophical:0.021326972995907884
3-4:0.0219872904637818
but:0.010118376003808521
advantage:0.016210534511539202
well:0.006398737300963288
please:0.007282948125115037
find:0.008047325998758138
who:0.004916550852600184
over:0.007627151150263718
one:0.0037388247443940017
difficult:0.014171894589498094
in:0.004053529320786855
required:0.014231108176809767
or:0.005127843784814337
bmp:0.021272262967572904
rather:0.02935532683931023
use:0.006322355618811209
and:0.007258505978912354
for:0.007422407518906631
subject:0.00010150934179474638
table:0.01722393316912261
forth:0.018775002372937655
propose:0.02095957057883917
we:0.005124501542638669
any:0.003890826107562005
program:0.010557541568000286
than:0.005439548601594909
the:0.0028659810265743457
do:0.01638748103969194
thing:0.008608108118345843
less:0.010451960291240599
would:0.003546196373020441
complicated:0.018889365320607913
thinks:0.01722393316912261
complexity:0.11393446389374476
may:0.007076142689885288
come:0.009130013971366572
solutions:0.017898486560725364
people:0.011446944030974278
many:0.007046391739840659
about:0.0037453086704253673
gif:0.0712402297080837
is:0.011237258158925106
number:0.009514315012919232
deal:0.025067034157874594
length:0.017576975579630068
having:0.00995015738562875
does:0.018532149267490878
run:0.010178077674476786
issues:0.014468553165775267
slow:0.0156141753043416
handle:0.015446223903911418
too:0.0148480446225437
nice:0.03604265540024439
successful:0.018225263860347892
image:0.014072482878074817
dedicated:0.020717305124899596
very:0.006628298447845807
functionality:0.021795538168622515
majority:0.0156760023798997
close:0.013212597780116124
data:0.011157207692797766
seem:0.010493203630782273
s:0.00707721993371884
