some:0.05076247283188496
help:0.09304750956703464
thanks:0.08666898456157231
liu:0.26980496707802815
to:0.005992170261264482
me:0.04711255132193672
anyone:0.07273542389745179
2.0:0.20390473078361973
hi:0.13700072434845237
3d:0.4068099503128277
processes:0.2408276221442114
ftp:0.16492899770822067
sites:0.19803623355767383
get:0.057146694577874885
please:0.08327892856109803
for:0.014145602735307565
subject:0.0011607372561747086
world.std.com:0.19982940566784987
can:0.03758982575816145
push:0.2086815341565994
warren:0.2432437026292032
give:0.10274940310243506
