mode:0.020049137416116393
manager:0.020559677172322502
at:0.00922476452831865
correct:0.017132028482625385
know:0.006460079191928282
dos:0.018479331708083444
among:0.018034060041810605
text:0.037869777311346255
with:0.009185770316066188
into:0.009375936664829249
someone:0.02307285983940335
mentioned:0.01840399800414575
from:0.00886463093644163
iastate.edu:0.050326154974946635
to:0.005050991686196762
format:0.06314221738803164
make:0.009215081064658135
that:0.0018162545834265803
could:0.007901095054063128
need:0.020117298340285198
re:0.003915607358933723
so:0.005349793703585969
anyone:0.008758715966708856
file:0.15908303049520467
voice:0.018986881159351668
this:0.016491594922662375
programs:0.018498335729290664
fork:0.06614387306706672
unix:0.08298570504964048
on:0.002654496467221413
you:0.01745965411755147
regular:0.021188704983013933
machine:0.05109108933493738
state:0.013914729774558201
sure:0.011424314241671223
a:0.009505001903666564
other:0.007221507789695868
mac:0.05389448379284507
converts:0.030649823853176748
it:0.0071802184238737585
ftp:0.019860559933450657
have:0.0026767047808777637
ames:0.02692471223418124
ia:0.032920169324772874
probably:0.012498553481828318
systems:0.015708990158547702
university:0.012305445558108134
binary:0.028093003078758255
snail:0.02976030010032126
open:0.01730345852750452
be:0.009085778907918398
which:0.013527668403324795
writes:0.003462106759254253
get:0.013763078275299712
certainly:0.016103441242176133
if:0.01403456376467873
of:0.001018013536993396
converted:0.053114301340893906
4.0:0.02959919193976234
what:0.009638137204153206
explain:0.01882229072257908
version:0.016337542448510916
using:0.011541468998140948
must:0.012133300667431924
find:0.011080872972111992
now:0.008648766481037929
email:0.014365961565277178
in:0.0018605204386857642
point:0.01152636628931969
or:0.003530426480120866
and:0.003997878685767433
subject:0.00013977464341370836
editor:0.024174626852397026
i:0.0029984090143255746
top:0.017704880765273903
any:0.010715049908783324
program:0.01453734781352919
corrupt:0.03036674939626431
the:0.0019731754188195105
do:0.0037608268005575743
can:0.0090530470412326
did:0.008606864101795631
may:0.009743589148899638
an:0.0047010373746687786
just:0.0061486312223344814
e:0.01628738060761166
is:0.009846640776097629
type:0.016966034085506263
center:0.017102779232841932
does:0.006379522588154583
downloaded:0.030847417193401075
first:0.009830129996811734
resource:0.02597014910960556
transfer:0.023794675581010453
almost:0.01582195251447418
supposed:0.019103115243017596
article:0.004242580525217807
little:0.012279260219363687
bin:0.13635384067739956
project:0.02016563275085367
data:0.015363066090082788
vincent:0.03045941733919311
