thu:0.11116710724414348
some:0.011014498822012775
read:0.04277364267731928
pc:0.06288381249052609
there:0.008658292316765542
know:0.023280662748269846
send:0.0276730860460021
fax:0.028855125847956502
your:0.011886153039445872
text:0.06823705157044467
with:0.005517239403674975
1992:0.07445182141291116
my:0.008964285484248125
to:0.003900563660634427
scanner:0.1050270619529241
scientific:0.0398367880830555
w:0.029191894858767487
software:0.02656401781586091
that:0.0032726851456082715
ran:0.042828259381716575
reliable:0.04376503505136073
v:0.1088674051104343
consider:0.03038079319406786
server:0.03775904476554372
apr:0.07032468447241506
texts:0.05128661467223377
on:0.02869861274939377
you:0.010486773385070224
other:0.013012339507848214
want:0.035709395617210975
complex:0.04241502709248646
analysis:0.12186130572176877
have:0.004823118991958989
recognition:0.053624691690201516
messages:0.04127396473005567
b:0.028876493835040016
quality:0.07253139321838395
anybody:0.02867542589540278
be:0.0054571816711082195
which:0.012187663514316206
summarize:0.054077608852337
get:0.012399754483878513
if:0.006322173771352918
of:0.003668690293693182
but:0.006276256813683116
reading:0.03100303817323576
ok:0.030791030099159733
english:0.04168066400980783
russian:0.043921835817738474
good:0.015283111805278294
or:0.006361428846255522
rather:0.024278147668989277
and:0.003601862400856508
subject:0.00025185808388696507
i:0.007203724801713016
sciences:0.04801424727749687
comp.graphics:0.05694752747878031
any:0.01930730691110957
council:0.04769442131829233
will:0.010691559857578154
exist:0.03430683467732175
ibm:0.0743484352664088
conference:0.04111607046255074
because:0.016648323574476546
needs:0.03159760908178629
problem:0.01995816313250551
is:0.005069294846993659
specifications:0.05540385366951802
23:0.08169191804445378
wanted:0.02872792442968021
e-mail:0.0518810523896654
bad:0.02585472685609796
needed:0.03147002537864171
by:0.009343730894501566
