out:0.03570233633577151
there:0.02781148441142871
small:0.09056805758381853
send:0.08888930669321887
user:0.11459525707857623
to:0.004176361091184336
then:0.04836001059926676
earl:0.3484094448666019
me:0.032836020618319535
you:0.016842393618446118
a:0.00846366136876603
3d:0.283534207793789
are:0.03896432615765003
concepts:0.3064005248326659
willing:0.1083606016357476
if:0.020307588477679068
of:0.01178427791307507
short:0.10493872320064447
please:0.05804288960318954
email:0.08314844421114972
and:0.005784809310466513
subject:0.0008089986936975241
any:0.031008705039054767
users:0.11965750206836916
number:0.07582620752720479
questions:0.09164170718925793
answer:0.09200821339784414
