there:0.0077777880133656566
know:0.010456568861511032
small:0.025328355087000095
take:0.018014823138438166
with:0.004956164210080909
frames:0.04961115555895558
way:0.014681125589377486
targa:0.1116102349915178
wonderful:0.040730066102605114
into:0.015176304262562597
1.0:0.046494843862978315
from:0.007174341139238776
both:0.019031390528035916
my:0.008052663231612724
to:0.0058398269495374185
ms-dos:0.04389543481702514
make:0.01491593629957376
that:0.002939869707071837
view:0.02885888773546298
bit:0.023093933881827962
could:0.012789060638356418
so:0.01731882368449017
this:0.004449003715012025
best:0.020637085423401983
these:0.014039287907618157
unix:0.03358107979762994
on:0.017186739838619996
you:0.004710160927192558
them:0.024845070703936285
size:0.030515907941236167
3:0.019842931734217115
m:0.023200249357899525
a:0.007100868436507094
how:0.011147144044314612
was:0.0075039079161134375
idea:0.023494714366616577
cheap:0.031493484901752945
files:0.05609002651843541
it:0.011622217957287186
couple:0.02674569317503829
have:0.008665264629621234
made:0.01970830128744069
generating:0.05060931687807747
screen:0.031680569238186844
be:0.004902214043537892
thinking:0.029521411303802165
get:0.022277525004934278
making:0.02605599314298647
of:0.003295603145182011
what:0.007800356805056197
ok:0.027659738902635015
using:0.018681530327499328
now:0.013999274558290205
pictures:0.03940799620026121
and:0.006471142618487964
subject:0.00022624539738998556
tricks:0.04844038997860967
i:0.011324499582353936
possible:0.021838742567496457
any:0.008671925985498367
the:0.0006387737372788584
would:0.015807621120413153
can:0.007326830444387401
sequence:0.044056860198132715
put:0.02108016355548118
an:0.015218612517995538
just:0.009952445453100728
actual:0.034426753277361895
about:0.008347594748490436
different:0.021417092356027522
is:0.004553773337129897
picture:0.034665489522842374
questions:0.025628613027504337
2:0.01651194535674075
1:0.01659766010105685
paper:0.06536692198706093
animation:0.13447178417594474
bad:0.023225432599545626
s:0.010515869167051158
