some:0.043242106486420524
formats:0.18663256880695467
thanx:0.17972843762008506
where:0.06842432586050969
such:0.07122285938769624
format:0.14889090766807458
could:0.05589293167874286
me:0.04013291408905721
need:0.07115562931471245
file:0.22507302833025253
on:0.018778104638492218
are:0.02381153265189724
get:0.0486805176033749
what:0.03409044825913449
please:0.07094130951500943
email:0.10162587625807187
or:0.049948996866895204
subject:0.0009887761811858628
i:0.007070322490570182
info:0.21817744143647388
can:0.03202096268287827
gif:0.17348315197431496
either:0.09272454470790215
somebody:0.1405825267953613
