thanx:0.10109724616129785
way:0.03609110040721965
except:0.06717419622924611
to:0.0028712482501892307
most:0.038679072165979954
archive:0.10109724616129785
stacker:0.12769850699618177
nt:0.014876636494217468
me:0.02257476417509468
ps:0.09386588172541073
zip:0.12670625597557228
this:0.010937134132737895
best:0.05073283499919654
programs:0.07360796092280242
on:0.010562683859151873
them:0.030538732740255016
was:0.018447106960445533
far:0.05186204316919586
have:0.0106510544405761
only:0.02778200496394347
heard:0.056305153321247386
which:0.02691442359411495
get:0.02738279115189838
down:0.04925761618652412
what:0.01917587714576315
please:0.039904486602192805
they:0.019435825510577993
good:0.03375020523665623
and:0.003977056400945728
for:0.006778101310668208
subject:0.0005561866019170479
i:0.01590822560378291
the:0.003140637541621054
do:0.014964956643885346
compression:0.10138263875209287
gif:0.2927528189566565
1:0.04080258108176476
e-mail:0.05728532868025555
s:0.038777267553501145
news:0.06393492742007122
