help:0.06903524903360635
small:0.19282231614619427
to:0.004445803742228486
greatly:0.12590094031614843
ti:0.1222148727823117
parallel:0.2968615088684768
hi:0.10164569871014209
on:0.03271024678963161
m:0.04415531329406684
processing:0.15300754757086563
analysis:0.1388956817904031
references:0.2664108127104299
algorithms:0.32835549751062376
be:0.018660040552821656
looking:0.08367372081956916
distributed:0.15610174505082497
for:0.010495124610066903
subject:0.0008611921578070418
appreciated:0.10918587481213686
will:0.03655823693236401
replies:0.14457445925198734
wanted:0.09823096740471297
dave:0.11310563456047071
e-mail:0.08869986376297634
element:0.34331044035303176
