say:0.03720676420132438
know:0.02419362991486866
your:0.024704553376103187
with:0.011467203466461712
post:0.05063878047904275
name:0.0541614216829461
to:0.005404702588591493
that:0.006802051479107388
think:0.028230353480952063
like:0.022836060068797515
nt:0.014001540229851735
so:0.020035501909508237
this:0.010293773301400373
hi:0.061784640392439305
you:0.021796038800342032
used:0.03871497075170324
a:0.0054764867680250785
sorry:0.062302287936051456
wondering:0.07056732356582934
was:0.017361983021595796
it:0.006722655485097489
have:0.010024521826424566
noticed:0.07953339257165344
if:0.03942061292725937
looking:0.050860496968757725
who:0.02535397792615389
in:0.006967831446842764
and:0.0037431119067724496
for:0.012758778937728392
subject:0.000523469742980751
i:0.014972447627089798
person:0.05500381253085982
comp.graphics:0.11836152770099438
the:0.0014779470784099078
would:0.0182872479628309
friend:0.0681019494057413
is:0.010536181446692702
mass:0.08258605138626797
vos.stratus.com:0.1049894908389979
live:0.06071937792054233
