all:0.019470772054005943
targa:0.2687756679387571
from:0.03455396956857859
my:0.019392127782251044
to:0.005625302694248289
make:0.07184001972855933
that:0.007079686233356669
nt:0.014573031667804865
could:0.030798146027062392
need:0.07841640781621372
re:0.0076314388322075615
so:0.020853277497651427
you:0.011342836518545342
them:0.02991549329657634
a:0.011400033680378735
as:0.03265772082518442
it:0.00699704958653004
converter:0.2199491063782663
writes:0.013495150837093108
of:0.007936350431254638
version:0.06368307362582826
latest:0.08502748163781125
well:0.03434424306435397
in:0.007252232730387366
subject:0.0010896717098782978
i:0.0038958919845998963
will:0.023128680508230293
the:0.0015382714489572508
do:0.014659549365438706
hello:0.07896511817656676
gif:0.1911855144206736
gifs:0.12509241501666785
article:0.016537405720746957
says:0.052265851927093224
wuarchive.wustl.edu:0.12509241501666785
