some:0.0075324959686022845
il:0.033178193785345915
form:0.04404362483202446
all:0.006155276326750266
printing:0.03135157277943675
siggraph:0.2991585293133537
with:0.003773079850255144
into:0.0115535735676283
acm:0.08269823481336629
my:0.018391243767683252
to:0.003556642993782789
mail:0.01976977745055391
honest:0.030256831019504864
that:0.004476188715283572
nt:0.004606958398209281
re:0.004825038745524781
happened:0.021756779991860844
michael:0.03877026066675728
fixed:0.02925698519432147
had:0.009899409585046034
93:0.1180972740582065
sender:0.035823490073371884
best:0.031421626838212056
on:0.003271024678963161
you:0.01075739979500752
used:0.012738474247334616
a:0.0009009704037718678
same:0.012529634519539435
was:0.005712652478073455
steve:0.04138263028173402
town:0.05747133771231654
are:0.004147815365169197
no:0.01452575143461303
those:0.011973649382500388
not:0.0038897419908126766
received:0.024963166391301753
moved:0.05753039148041218
closed:0.026619823878160073
left:0.018867130216132656
hope:0.01863523572670997
real:0.016500605509666113
register:0.03341716973167075
has:0.013739025469503884
notes:0.030182673732887216
get:0.008479832098652402
po:0.06733067857079693
of:0.0025089107814934017
what:0.005938336148365362
but:0.004292149820970388
registering:0.03938987602733977
who:0.008342276607960311
up:0.008667486260337965
now:0.010657512244375769
called:0.017304867715204734
box:0.06132656149754724
one:0.006343941340487887
in:0.002292641314767619
ended:0.03205098760851536
or:0.004350396501310228
registration:0.12761962845342248
and:0.0036948136886205472
word:0.01979920333008657
for:0.006297074766040142
subject:0.00017223843156140837
i:0.0073896273772410944
we:0.008695121972348193
back:0.013589398193984113
ago:0.018459133712029962
caught:0.02913047892729969
yet:0.016968185436684928
the:0.005349214909599731
do:0.004634309154235463
see:0.011415392009104361
when:0.008436609308669263
conference:0.028118086896970183
return:0.02380882392139954
problem:0.04094642500733389
just:0.007576700409457329
people:0.00971143961337495
address:0.06179654233419892
warning:0.027678327855480103
is:0.00346674357278276
number:0.016143644183211344
printed:0.06279182787226398
envelope:0.08189152052973617
time:0.010190386902604605
trouble:0.024611754079292482
marked:0.03556365846603034
handle:0.026208754107927116
chicago:0.027243222818089566
almost:0.019496728582352053
going:0.014050423768062467
mike:0.020615561477146473
