sent:0.01759656721669671
week:0.016496836384715708
corrupted:0.028674415314885047
there:0.004391287012330849
k:0.03625512972489629
know:0.005903708735207186
tried:0.01482231604323766
where:0.008839506211644792
with:0.0027982171138255852
adrian:0.031152611925099657
missing:0.02065860030329784
compared:0.019726261368007758
someone:0.010542861792646028
from:0.004050584949426677
work:0.00968934193296796
several:0.013485413263480366
except:0.01542756659810437
name:0.013216423472872014
discovered:0.02169776413932932
to:0.0032971271772507913
gcc:0.028990003677525224
northern:0.024967117651850532
client:0.04791213871358426
that:0.0016598307437056307
problems:0.013124752324841019
appears:0.01866172740380063
pipe:0.028099562148176604
its:0.00989389739729268
re:0.001789189008507993
server:0.038301040623422336
so:0.009778091841004019
anyone:0.00800437679254254
had:0.007341667395608302
reply:0.017182758465814088
starting:0.018763263075967547
on:0.004851759093198947
fix:0.020813583536748725
great:0.012063400424558262
link:0.023186067601707737
3:0.011203186337979041
bugs:0.024269931952418028
a:0.006013654130439022
other:0.0065995597503919175
uunet:0.018071733552235816
crashes:0.02783611823820997
was:0.004236656144025768
as:0.003828297417306308
definitions:0.025673509990635533
worked:0.018393128423800715
steve:0.01534523371691094
plus:0.034219137358657135
cheap:0.01778101061438683
college:0.019710599524251925
are:0.0030761310124460548
no:0.005386343235323014
brian:0.01787596897023339
it:0.0164045660162666
couple:0.030200878417746588
turner:0.05395605534095757
only:0.006380556163967878
ve:0.026198091373599536
university:0.011245646419132314
generating:0.02857368129958441
campbell:0.05353689148776721
after:0.01846137500157848
doing:0.012826329689786198
placed:0.021793461109217694
has:0.005094614707591153
found:0.012796748828980848
writes:0.009491804655754483
get:0.018866612085518503
things:0.010692468555694975
of:0.003721350919918443
what:0.004404029200940819
but:0.00954951993660876
virtual:0.023625959923840208
up:0.0064280400495329406
author:0.019349319368710555
tim:0.019511527749933918
in:0.0034005684573108225
become:0.015847955860263864
and:0.0009133909437578704
gets:0.015968020776999062
few:0.021872033501495563
word:0.014683619694561811
for:0.00311338624796243
table:0.021674135997508354
victoria:0.028990003677525224
cursor:0.026907142092559455
i:0.010047300381336574
yet:0.025168121939580512
the:0.004327768478406046
wrong:0.012647952425023255
constant:0.02373348554992661
thing:0.01083221260825338
when:0.006256815515998737
got:0.021168936092158603
colour:0.05061457905187074
can:0.004136679389654131
peter:0.05285013991616206
did:0.007865603078674475
colours:0.05889206649193394
maybe:0.012669440585369972
return:0.01765726175988961
instead:0.014678154600883451
last:0.010431399770619607
compiling:0.02857368129958441
problem:0.010122321971509972
just:0.011238168071443884
reality:0.020050771398336758
is:0.0012855149611993488
broken:0.021489197459545292
core:0.023590648405669764
else:0.012088766628411754
window:0.01668417579820642
x:0.014570143490651206
somehow:0.040690080593398806
nothing:0.01222419139474119
although:0.015118370606482096
article:0.0038771908149119664
function:0.01967942880166248
random:0.021355038511868773
fault:0.021181818183333076
bug:0.02373348554992661
black:0.016887810316956638
sometimes:0.06707189137450431
everything:0.014783074085757191
compile:0.024967117651850532
s:0.005937189290488213
