another:0.07391684434628595
graphics:0.23458276267598147
where:0.061581893274458725
c:0.08620325651429867
to:0.01378199160090831
format:0.13400181690126714
could:0.05030363851086858
pcx:0.20514069828023654
me:0.03611962268015149
tiff:0.1816217082616198
tell:0.08033416845408176
advance:0.10545004055588832
it:0.011428514324665733
carlos:0.20865271546883077
exists:0.12438776876727849
anybody:0.1013198381637565
converter:0.17962510354225084
get:0.04381246584303741
if:0.022338347325446976
in:0.005922656729816349
bmp:0.18648683868238913
and:0.006363290241513164
subject:0.0008898985630672766
any:0.03410957554296024
program:0.09255444774613583
gif:0.15613483677688347
convert:0.142619333173278
