isbn:0.02270684179320586
above:0.010352304297066711
some:0.013317911123194155
pc:0.01267240327755849
studies:0.016042140290242184
at:0.0033496768534389014
computing:0.01658730600448305
help:0.008137234676965007
all:0.003627634337058141
thanks:0.007579416900821913
where:0.00702455056362647
suggested:0.016699855319221794
with:0.002223678238743526
c:0.029499213255843648
mathematics:0.020233124811680582
from:0.006437811820761792
2.1:0.01995429867827545
several:0.010716545140940672
my:0.010838945946733475
via:0.01299707748523059
to:0.004716270890044668
most:0.014118596684159984
published:0.015589723249853804
software:0.010706410222362192
appreciate:0.014597769336176783
that:0.006595144970237201
like:0.004428285412580507
packages:0.056409816759355
nt:0.00271512757308912
could:0.011476115249627813
me:0.008240218101935702
sample:0.017920918964250798
so:0.007770422793801674
anyone:0.006360892584187799
likewise:0.021554042329374128
prefer:0.0312283506086832
this:0.003992261888756038
describe:0.01776660230982084
best:0.009259224638636631
programs:0.013434152563857478
fair:0.016055891774919707
texts:0.02067065078044403
unix:0.015066796259012673
on:0.011566741260211937
intensive:0.02295223540969853
you:0.002113304142238486
tell:0.009163593359781189
used:0.00750746581116679
am:0.02485682671789149
moment:0.016001181746584728
pascal:0.02138248173895409
etc:0.008830129229879222
material:0.032111783549839415
input:0.016224909883554055
m:0.0052046186772474225
includes:0.014326062248792201
more:0.009668585747686129
a:0.0015929704857563442
practical:0.01824971591483569
was:0.0033667723730090708
related:0.043963562573739574
also:0.005640673504485044
demonstration:0.021858387225471225
hands:0.015229543556483243
advance:0.012028521736413117
ie:0.015907293485784835
processing:0.07214044067979976
helpful:0.01766008886408824
xv:0.020111116011104532
far:0.009465315863579474
readily:0.02111270327518115
internet:0.01086134579131029
likely:0.01257189659669098
ip:0.021922292618309178
book:0.011823948709823853
digital:0.0157010174791318
it:0.0039108984380985395
not:0.004584866985368554
have:0.007775674724679131
domain:0.01697035379840522
area:0.01219949446638535
public:0.011268990867150545
degree:0.016849636314319363
call:0.010102494669196606
regarding:0.015045613578216264
be:0.0043989449211975
thinking:0.013245348037447358
found:0.010169279487669191
get:0.009995239355826024
if:0.0076443013661225395
of:0.0022179534475179315
trying:0.02050439713359997
looking:0.009862681921698266
but:0.0025295940009521303
particular:0.012893731741763524
supply:0.015353480736138951
easy:0.012599549673987862
please:0.007282948125115037
they:0.0035472229068735503
find:0.008047325998758138
topics:0.020316694799204442
code:0.03696402103039958
in:0.004053529320786855
1990:0.016239339811191134
or:0.005127843784814337
use:0.012644711237622418
better:0.008502721944111799
and:0.004355103587347413
still:0.007763152403914628
for:0.007422407518906631
subject:0.0003045280253842391
i:0.008710207174694826
leads:0.017261579826851548
any:0.00778165221512401
information:0.018546169463754866
will:0.008618291596222695
source:0.03558100336539724
than:0.005439548601594909
the:0.003439177231889215
do:0.0027312468399486563
ibm:0.014982764521367554
would:0.014184785492081764
can:0.006574646330324816
myself:0.01267240327755849
people:0.005723472015487139
techniques:0.018081764514405508
contribute:0.020359178831896932
general:0.02242152367366959
is:0.004086275694154584
field:0.04440065988517079
turbo:0.018889365320607913
demonstrate:0.020579025109040756
paper:0.014664062346907205
various:0.013553532237091971
advanced:0.017576975579630068
image:0.07036241439037408
greetings:0.020812367110471526
purposes:0.016832699620975715
already:0.011048617191244682
lewis:0.01891850171888004
by:0.007531828705833962
dangerous:0.015987626361928846
enhancement:0.02462283107427589
