cat:0.06936954670423977
there:0.012572314870919827
all:0.026138844675240854
widget:0.2070854530597716
with:0.008011333928623935
my:0.01301663371685344
invisible:0.08180684098100194
to:0.0037758881098378925
stop:0.045533604309323794
otherwise:0.04867650454263063
that:0.0047521181566366685
like:0.015953959774091413
nt:0.009781897968800527
me:0.014843680553486912
need:0.02631783549996214
re:0.005122472640796856
3-d:0.16662740511856083
set:0.03629335046747837
3:0.03207487595393999
why:0.02437976137197269
more:0.03483339796769112
a:0.005739058051423541
want:0.025925999557701116
objects:0.06424395627429115
stuff:0.040046802091419476
whole:0.04098514349352452
pat:0.22208987570541258
are:0.008807005227414047
fuck:0.07765360455651227
d:0.04991354033909686
list:0.039885323245501085
be:0.007924126810102346
showing:0.058822250926381
of:0.005327139330568182
what:0.012608795931460701
but:0.009113468797950825
who:0.01771305307169655
up:0.018403566717155952
in:0.0024339685191026093
or:0.018474286512413295
subject:0.000365711738246826
i:0.007845152352550476
than:0.019597277838622754
the:0.0020650767396960357
see:0.02423816111522159
would:0.012776022549375014
generic:0.07551187756485893
people:0.020620180001001607
different:0.03461940956179791
n:0.05015089720280002
is:0.007360893887415449
training:0.061394633380980924
realize:0.05360974327576902
wish:0.051179144038065456
alter:0.08152438499192337
