at:0.013765078319600485
mark:0.04693162444206547
help:0.03343894875065308
all:0.0298146197076966
miss:0.07540344633915795
o:0.49232516959685835
my:0.014847097833285958
cylinder:0.0885736426972718
mail:0.0957598595261205
conversion:0.15696308865362488
me:0.01693107313132101
greatly:0.0609832679656344
phone:0.045896048847024515
this:0.008202850599553422
routines:0.16337437142749292
hi:0.049234635312725074
m:0.021387729876813626
as:0.012501783753390913
netherlands:0.09090232362165443
70:0.06721620089629073
not:0.009420468883999451
have:0.007988290830432076
snail:0.08881589561189626
site:0.061024440584978225
ex:0.08572486837236627
personal:0.05240461673743306
be:0.00903845714277299
get:0.020537093363923786
looking:0.04052945852197881
but:0.01039505034766266
double:0.06903359976624422
please:0.05985672990328921
and:0.0029827923007092957
for:0.005083575983001156
subject:0.0004171399514377859
i:0.008948376902127887
appreciated:0.052886908112128796
directly:0.056757817585880936
any:0.015988863535762614
the:0.003533217234323686
do:0.01122371748291401
rgb:0.16839853457086015
newsgroup:0.060065060008974214
31:0.07283307581607731
wanted:0.04758062483665785
e-mail:0.042963996510191664
