above:0.01852146959271119
some:0.01588485544399121
read:0.015421789536720555
24:0.02491893706713238
out:0.02404443059347877
there:0.018730183379125458
help:0.029116907755670707
displayed:0.07225171305262282
send:0.019954742318885867
thanks:0.013560453366776618
where:0.012567733321318107
with:0.003978417529180594
from:0.005758994928096432
my:0.006464042594083682
to:0.004687752245206908
gui:0.03922151672527424
implement:0.034622518444997745
amiga:0.03427945141352229
software:0.01915500604409018
that:0.0023598954111188897
problems:0.018660362148923627
me:0.02948540626951142
so:0.006951092499217143
ti:0.025773204464297025
restrictions:0.03530027246505788
hi:0.021435487483091188
texts:0.036982184729637956
on:0.006898079254956325
them:0.019943662197717562
graphic:0.03583938383685476
m:0.0093116647082726
a:0.0009500028066982279
advance:0.021520416439977208
display:0.07522696769256076
are:0.021867734068068898
it:0.00233234986217668
analysis:0.029290926091853717
have:0.0034778953275350533
kind:0.018745079571177277
doing:0.018236074184798064
be:0.0039351105927719135
which:0.017576766428809766
thinking:0.02369745941393643
if:0.009117692785896725
of:0.001322725071875773
future:0.023840179076992176
but:0.004525736205785103
using:0.014996058358128712
please:0.013030036441532345
they:0.012692784006908077
find:0.028795193709842043
limitations:0.039107182587067565
in:0.004834821820258244
our:0.015168540292383629
point:0.014976435110612658
or:0.018348611093961506
apollo:0.03856267437160133
for:0.002213257570830435
subject:0.00018161195164638296
i:0.0064931533076664945
suggestion:0.0314841132306942
person:0.019082955367849326
we:0.009168325889210679
any:0.027844551463641013
will:0.015419120338820196
images:0.028951372408984922
currently:0.024482540828961202
the:0.0030765428979145017
wrong:0.017982462971631703
solve:0.03379525904299239
got:0.015048665453269211
colour:0.07196222463837404
can:0.011762802618200181
because:0.012004913597921864
an:0.006108150602460794
problem:0.014391600626160437
here:0.012247625208322422
address:0.02171987315601096
about:0.006700790342325656
is:0.0036554098896688964
netters:0.03359065050396329
deal:0.022423911508574892
query:0.03922151672527424
workstations:0.03689972649472405
advice:0.026461612709069715
16:0.023721039060034976
various:0.02424883658745026
under:0.016512404266024756
image:0.050354598597737096
e-mail:0.01870541344661406
give:0.01607643722010889
project:0.05240320891718436
by:0.013475312582546478
hp:0.029426173510587243
x-windows:0.07891223312498616
