since:0.007550270276995024
read:0.017109457070927713
pc:0.01257676249810522
go:0.007341253780355197
stored:0.018523118752416384
know:0.004656132549653969
all:0.014401023858811942
default:0.01811198220981806
graphics:0.013278269585432913
where:0.0069715350876745725
i.e:0.013035996215001521
your:0.009508922431556698
with:0.00220689576146999
much:0.006593195734188421
texture:0.144393158484256
feet:0.01657381867530314
name:0.010423518889925475
my:0.0071714283873985
to:0.006240901857015082
rh:0.17835624771373215
format:0.04551005102307186
that:0.006545370291216543
r:0.02339788503191796
like:0.004394864390598767
nt:0.005389272088471234
me:0.004089013888319036
need:0.007249818835838627
anything:0.008759400567243033
re:0.0014110962368987568
anyone:0.01893865754311009
file:0.08026189123475043
this:0.005943197415525498
contact:0.013132348298039878
carefully:0.01754771151558801
on:0.005739722549878754
you:0.006292064031042134
used:0.007450805691837229
orientation:0.020902020035157974
specified:0.019765774402011098
why:0.0067159342647321
a:0.005269826889986396
other:0.005204935803139286
3d:0.01765401671168875
render:0.020752056530820184
sorry:0.01199025164052311
want:0.007141879123442195
as:0.006038597435600139
alias:0.04999414775587043
copy:0.012892875264389972
given:0.010519953053514268
computer:0.010115860019491756
are:0.004852161370575287
no:0.004248097117669849
model:0.013807364194654906
d:0.006874883858026549
requires:0.015147753905323871
it:0.005175176297961841
not:0.0022751321078338296
have:0.007716990387134383
only:0.0100644244397682
ve:0.006887296977462016
per:0.026693019740173716
settings:0.018984588857164586
able:0.01990539793291071
after:0.007280051651565854
mapping:0.10451010017578986
be:0.008731490673773152
which:0.009750130811452965
noticed:0.015306426494921983
found:0.010092530208516972
writes:0.0024953297774247636
down:0.008922134252653426
if:0.005057739017082334
of:0.002201214176215909
totally:0.01554534075686284
but:0.002510502725473246
well:0.006350444943974886
must:0.01749026737720375
they:0.0035204514132367686
good:0.006113244722111317
one:0.0074212143983065845
in:0.0040229366466677085
useless:0.01811198220981806
or:0.0050891430770044176
use:0.006274639727348483
and:0.0028814899206852066
for:0.007366389348952618
subject:0.00010074323355478603
purpose:0.01419200563073429
i:0.007203724801713016
special:0.013191362991943482
info:0.011114699846763764
saves:0.020514645868893507
any:0.007722922764443829
information:0.027609297560193563
reverse:0.018923723264976346
the:0.003982091373527072
do:0.002710633656250931
when:0.009869241078065931
intended:0.015353014554628772
got:0.008347750270304053
rule:0.029801491081178733
can:0.0032625131790102392
because:0.006659329429790618
did:0.006203437899784775
eric:0.015049164076673983
planes:0.020752056530820184
needs:0.025278087265429034
last:0.008227028498337728
rules:0.03109068151372568
is:0.0060831538163923895
save:0.02733969986733052
right:0.007320277712416225
applied:0.016705660378553255
does:0.00919614199500019
their:0.005712013655025335
rendering:0.02127701050237761
icon:0.06349804412743894
first:0.007085112563739778
nothing:0.009640966043399656
position:0.01299186021589514
faq:0.014649415331689659
models:0.016842275656530466
saved:0.017485336791243818
needed:0.012588010151456684
project:0.014534474926086985
apply:0.015092664096187447
s:0.0023412689843623335
specify:0.019765774402011098
