pc:0.03967669121426051
know:0.029377979182340516
all:0.0113579503648368
take:0.02530653726590123
thanks:0.023730793391859083
such:0.02289306194604522
to:0.008203566429112089
most:0.022102326951988546
format:0.0957155835009051
that:0.008259633938916114
like:0.0415942522681669
pcx:0.21979360530025344
re:0.004451672652121078
anyone:0.019915651781445134
this:0.012499581865986166
something:0.023698349013851462
etc:0.027646714136407565
them:0.03490140884600573
m:0.016295413239477047
a:0.004987514735165697
also:0.017660680139042456
advance:0.037660728769960114
files:0.03939656624509154
d:0.021688621694964706
have:0.006086316823186343
raster:0.07160070245276116
able:0.03139839554893654
be:0.006886443537350849
writes:0.007872171321637646
of:0.0046295377515652054
but:0.007920038360123931
beyond:0.04649481187426912
ed:0.04724011513891669
in:0.006345703639088945
pictures:0.05535885180512884
or:0.024082552060824474
and:0.004545207315366545
for:0.0038732007489532616
subject:0.0003178209153811702
scan:0.06235631210158263
i:0.00909041463073309
will:0.02698346059293534
program:0.1322206396373369
the:0.0017946500237834594
when:0.015567552890996855
can:0.010292452290925158
gif:0.1672873251180894
interested:0.03425090732636809
is:0.0031984836534602844
limit:0.052862178817247064
does:0.014505819218303871
convert:0.10187095226662712
