at:0.021486951523278806
with:0.014264082360720668
someone:0.05374288084543951
to:0.003361461366075197
look:0.05783337376282709
ran:0.11072671937712092
could:0.03680754037380628
mainly:0.11738201173484386
me:0.026428992204988896
need:0.046858585158469176
best:0.11878907707128948
tell:0.058781098868840316
am:0.039861862358569894
a:0.0034061076240155977
running:0.0738404978645537
486:0.11629089237285868
it:0.016724655109266927
ftp:0.09252114505583112
be:0.014108811149694422
svga:0.1265643915210612
msdos:0.1423357857875259
if:0.016345132189351446
monitor:0.09139697170948312
available:0.06587960555644463
windows:0.06700505320545126
please:0.09343489545879292
and:0.004656066030375486
for:0.007935338119806684
subject:0.0006511452900492268
i:0.009312132060750973
the:0.0018384219755830562
33mhz:0.14669412209833996
would:0.022747552344009173
gifs:0.1495006911174811
viewer:0.26174456527038176
under:0.05920301041721071
