into:0.06887707319163025
to:0.005300766000349349
plot:0.43724748608933545
software:0.1082994572492791
format:0.15461748103992362
that:0.013342485593633725
pcx:0.23670080570796526
file:0.11686484163301575
am:0.06285909064236021
a:0.005371169714793828
other:0.05305030722430426
y:0.163975791405185
ascii:0.20263036246221733
converts:0.22515832138295228
it:0.01318674729769123
looking:0.09976482097717862
in:0.006833834688249634
or:0.02593505606550328
and:0.007342257970976728
for:0.012513417804310539
subject:0.001026806034308396
i:0.007342257970976728
reads:0.19958230970628882
x:0.11712153805946549
convert:0.16456076904609
