there:0.03575762281469406
know:0.016024352281276646
graphics:0.045697940781035354
terror:0.07810985722119401
to:0.0017898690390790012
montreal:0.0640317599582465
export.lcs.mit.edu:0.07555517807514135
software:0.10970594370706194
that:0.009010509751544852
produce:0.10949296854104926
think:0.01869802633153968
like:0.015125182642969782
could:0.039197640398079416
re:0.004856370165950267
file:0.03946085561634298
this:0.006817953745083364
hi:0.04092229428590136
contrib:0.08059109406226815
on:0.013169060395825712
lord:0.05531953368492642
x11:0.06924988176628809
am:0.021225147489628126
support:0.035570861162772804
bill:0.04020147890508724
a:0.0018136417218784352
same:0.02522199156530666
output:0.053082573882261314
not:0.007830000111376167
pd:0.0707617045175142
try:0.06328284863229591
kind:0.03578606099952026
aix:0.07509944664902096
writes:0.008587823259968343
if:0.008703252204719602
of:0.005050404819889316
utilities:0.06714638400076788
who:0.03358578894113892
called:0.034834473972165374
postscript:0.0653365720408911
in:0.006922585788097031
or:0.008757291658481627
and:0.007437611970599802
subject:0.0003467137258703675
austin.ibm.com:0.0677678907693086
i:0.007437611970599802
group:0.035027479672813576
any:0.013289445016737757
the:0.002936700038918388
would:0.0121123330662906
is:0.006978509789367894
viewer:0.13937048280630718
first:0.024383828953130404
article:0.010523803640475338
de:0.05248028606680481
readme:0.07509944664902096
check:0.04297807226737259
