read:0.0130287532292984
divine:0.029350011230612285
at:0.0151890519388695
infinite:0.02971420441413291
mark:0.017262206691334426
ultimate:0.030278100138032473
there:0.0052745918711330315
wonder:0.02120900981503982
much:0.0200827226386199
4:0.014277410943555627
someone:0.012663552383120804
such:0.011051823008435624
times:0.016152161732718544
discovered:0.026062256925976024
to:0.002376205448432467
significance:0.0303376563853632
martin:0.053386245646611576
been:0.008432416018514018
that:0.0019937047438763037
think:0.02482324185394061
13:0.022630681347508404
like:0.013386655902398542
could:0.008673041122563547
me:0.006227521151750257
attention:0.02439470369840608
re:0.002149083349299831
rahul.net:0.07330304022668167
charles:0.023656624453642732
tiff:0.031314087631313756
this:0.003017140450410454
implied:0.03077278179763732
paying:0.026952924184041688
two:0.010717180647432824
you:0.003194247065567367
books:0.02098125237382851
tell:0.013850718698979613
arthur:0.030708567426383726
3:0.013456700831250687
a:0.005618120046508486
j:0.017552463560510705
series:0.020616956096365897
was:0.005088857092536699
as:0.004598357242626543
drive:0.016228757177045913
question:0.07527538218438291
closely:0.028595206621065804
course:0.028116687355172632
are:0.0036948929977081925
base:0.022135838249500293
kevin:0.05178807267608868
phrase:0.028128393747947497
it:0.007881734017010849
not:0.010395000147861464
couple:0.018137883877324817
42:0.027967624483335965
kind:0.015836360327373906
real:0.014698815252863491
points:0.021064116600404786
has:0.006119393528083626
uses:0.01962640879216343
be:0.009973469950646057
which:0.007424668577686883
writes:0.007600717138132901
seed:0.035088682668032556
if:0.003851439194042582
of:0.008939797037505226
even:0.009650341653827733
philosophical:0.032235597114504445
what:0.0105797942873176
but:0.0076469335890851755
least:0.02767428026099405
well:0.019343309312107412
who:0.0074313383576657946
pick:0.02310376153470123
one:0.005651212113653003
in:0.004084590848149206
system:0.012846105340474282
or:0.0038753532051901455
use:0.009556204182456023
and:0.002194238014314884
few:0.0131357902350936
for:0.001869821051218816
subject:0.00015343078673573735
i:0.002194238014314884
6:0.016887066853788473
silly:0.026854117284384374
any:0.011761922601020772
revealed:0.0292500586862912
actually:0.014047782339661407
yet:0.015115337601644619
later:0.01836443694803278
the:0.004331913850511799
may:0.01069554900827489
last:0.012529669839422402
an:0.0051603341296651535
just:0.006749359560148769
about:0.005661012530585469
is:0.0046322866705286875
number:0.08628499477233649
9:0.02046456123922429
conversations:0.031314087631313756
x:0.017500919480150014
proceed:0.03333361571658898
article:0.004657085519060925
very:0.010018635010249697
random:0.025650592235520537
answer:0.017449833575453197
s:0.010697177256138246
