pc:0.03085964872220262
know:0.011424769682021312
with:0.005415068303606919
into:0.06632607048082911
turn:0.06336070619841694
wrote:0.023847916432341305
to:0.0025522206668348716
positive:0.040990740743672344
that:0.006424159730268089
really:0.018068479103619684
nt:0.00661183844187443
and/or:0.03741650025133306
me:0.010033228522264303
re:0.003462412062760838
on:0.0046945261596230544
utter:0.052346719078653764
used:0.018282069521637644
them:0.027145540213560016
a:0.007758356254702194
how:0.01217928701138078
test:0.033110183833145096
looked:0.034490770411848934
as:0.007408464446453874
woman:0.0405487833101428
stuff:0.02706867178401502
andrew.cmu.edu:0.037729438951178335
turning:0.04391883309904476
works:0.027547462903247593
it:0.015872936562035738
thermal:0.05220747947342654
deleted:0.032531291638873486
have:0.004733801973589378
of:0.0036007515845507157
but:0.012320059671303892
negative:0.13716182289118342
lynn:0.055295364737158716
print:0.08141413020101339
well:0.031164220558395274
tim:0.03775841944200175
in:0.0016451824249489857
or:0.018730873825085703
use:0.01539610673840137
better:0.020705702512050027
and:0.008837903113212727
for:0.0030124894714080924
subject:0.0002471940452964657
create:0.03521153417818165
i:0.008837903113212727
back:0.01950330296358831
possible:0.023860848360783164
images:0.07881206933557006
than:0.013246308168698713
the:0.00279167781477427
do:0.006651091841726821
colour:0.09794858353556467
can:0.008005240670719567
scanned:0.0582199290836261
developers:0.053868043627647064
film:0.048047593077439894
is:0.002487709508246888
white:0.06294387307075171
gave:0.034369202898499
does:0.011282303836458566
experience:0.030668729396251367
image:0.06853820364691994
changing:0.03965202566208801
lots:0.03378421306867001
black:0.06536208067118403
