above:0.010890624120514182
some:0.004670147500533416
go:0.007781729007176509
know:0.009871001005266415
800:0.019198701142407147
environmental:0.02119922248100412
thanks:0.007973546579664653
where:0.007389827192935047
with:0.007017928521474568
funny:0.01800306460222489
ca:0.008226194384369284
mentioned:0.014060654475167352
from:0.006772578035441405
wisconsin:0.02432760114730988
my:0.00760171409064241
via:0.013672925514462581
to:0.003307677984217994
lights:0.019634505877561367
nasa:0.017160563270397663
that:0.005550474006951629
think:0.011517984220228442
really:0.007805582972763704
nt:0.005712628413779508
funds:0.0199022638082618
re:0.0014957620111126823
funded:0.022435975591695093
so:0.01226172716861904
anyone:0.006691658998565565
national:0.013016695699950055
this:0.004199859506971352
off:0.008733829791825402
la:0.017433213876121515
on:0.00405607060191432
you:0.004446391915269775
digitized:0.023491233955875643
products:0.016200347176547555
disclaimer:0.015016222108296748
am:0.0065373454268054625
assume:0.02777190844231341
inc:0.014644061983217606
purchased:0.0191474183886909
education:0.0173025900242253
a:0.003910211552369906
was:0.007083689072811085
as:0.006400913281736148
assistance:0.020833485657165588
private:0.014198724494698207
part:0.009796888449653108
copy:0.013666447780253369
also:0.005933988526718266
wi:0.023567426735758422
college:0.01647806120227461
van:0.018342420121973006
no:0.00450298294473004
those:0.007423662617150241
it:0.008228530313759327
not:0.0024116400343038597
cool:0.018363307897897613
flame:0.016790614019511183
ftp:0.015173467789156302
have:0.004090004905181223
domain:0.03570562439184459
composite:0.024235643074411086
buy:0.012027364500975864
tom:0.01518291289389902
crack:0.020911919542719093
always:0.01062782439199483
feel:0.01218510673698471
public:0.035564935176727125
free:0.011550031176498943
be:0.0046276900570997705
writes:0.0026450495640702493
if:0.002680601679053637
of:0.006999861080366591
safe:0.01661096379278789
ryan:0.01777975080401312
opinion:0.013237246258350757
available:0.01080425531125692
what:0.003681768411986525
version:0.012481882430662339
seems:0.009425948357524312
groups:0.029438284787891136
find:0.008465786950693562
who:0.010344422993870787
removed:0.018469414915231325
one:0.00393324363110249
email:0.010975594635871763
in:0.0021321564227338857
government:0.03229937926339557
thomas:0.0294720401122328
or:0.0026972458308123413
rather:0.010293934611651453
and:0.0038179741449078986
for:0.0039041863549448877
subject:0.00010678782756807318
legally:0.020027273982278222
space:0.02446010206010483
i:0.006872353460834217
info:0.01178158183756959
20:0.01257932939362248
any:0.012279447195465688
research:0.02469865184429422
noise:0.01832164085446459
will:0.004533221379613137
turned:0.015707593359654392
than:0.005722405128877845
cost:0.013284030417403524
the:0.005728522875916802
do:0.0057465433512519735
thing:0.009055729740499827
would:0.0037305985844175043
because:0.007058889195578056
an:0.003591592554246947
pure:0.020189239427697167
just:0.014092662761590631
collaboration:0.02482205697117859
biology:0.02372430958837155
many:0.007412804110312374
entire:0.014917672890755206
is:0.005373452537813278
printed:0.019465466640401833
mostly:0.016324196078963425
provided:0.03230372346883635
oriented:0.02210244915593889
does:0.0048739552573501006
sale:0.012699488616414518
created:0.030384760707880168
agencies:0.018534456998718446
wall:0.017946056511396084
image:0.07402125993867353
cellular:0.020991922209545773
article:0.0032413315212664042
earth:0.014082140650374995
shots:0.019605831919646915
project:0.07703271710826103
by:0.003961741899268664
poster:0.01821933348730599
strange:0.017585452123418895
doubt:0.01392028919592227
s:0.009926980493696294
