since:0.014190224279458732
read:0.01607803589998526
pc:0.023637177744665838
large:0.021234284538209754
reserve:0.03751222348170562
there:0.006509070819696081
entirely:0.029476064157313565
help:0.015177962553487922
spreading:0.040425288483187945
document:0.032303782778911334
rumors:0.03947825732982254
thanks:0.014137493935575623
access:0.023775722468216492
i.e:0.02450027657429364
with:0.004147711892124449
way:0.012286332053521584
much:0.012391467159999513
ca:0.014585451036115752
into:0.0127007369005843
feet:0.0311493755245059
to:0.003909784851321506
might:0.015085710183535076
like:0.008259851514245908
conversion:0.0356228286306099
nt:0.030386321349891
12:0.025201310862496707
me:0.007685026102159891
need:0.01362554603898749
practice:0.029124312801715183
so:0.007246883669396596
anyone:0.011864643614477952
file:0.04309909053132495
preach:0.08441532062993484
this:0.007446559409523674
cleveland:0.03821810713664911
big:0.019686386906862106
western:0.029010835203513476
intensive:0.04281161640248733
you:0.011825510412951528
took:0.023939018981678575
suggest:0.02603829649014268
them:0.01039616433710809
m:0.02912371727906536
a:0.002971285374141266
how:0.009328815583185279
pretend:0.03978009856683527
advance:0.022436178841678367
accomplished:0.0403135980082366
daniel:0.06068907794607573
meg:0.033019252458725376
it:0.0024315987924820705
not:0.004275957507630957
ftp:0.026903311682901245
have:0.010877672620162827
interesting:0.02317747916256321
kind:0.019542742531652908
university:0.016669078734742222
macs:0.03751222348170562
be:0.008205124214715904
which:0.009162356968209346
if:0.0047528398564780795
of:0.0027580224902941652
what:0.013055916354562144
but:0.004718320725180214
macintosh:0.03330216968586936
least:0.017075619735506965
lines:0.02505802925031572
oh:0.02290578854001045
one:0.006973836225359025
email:0.019460274177077595
in:0.0037804191892444783
po.cwru.edu:0.033815082179341885
and:0.0027077830814949636
subject:0.0001893401198015482
i:0.014892806948222299
group:0.019128481807139327
person:0.019894996021800358
possible:0.01827639448911051
import:0.03947825732982254
the:0.002138306411316462
do:0.030566719953467943
carrier:0.04250321135326932
see:0.012548835187313305
would:0.006614536497194156
can:0.01226334741046402
because:0.012515760985067475
page:0.02982089172473253
problem:0.03000801832688772
replies:0.03178587401994048
is:0.0038109592466760837
else:0.017918810108780544
words:0.02345999384047783
very:0.01236342192754218
s:0.004400257311035591
