24:0.22658249993000787
minnesota:0.05194927172977089
all:0.009835750831405064
case:0.025480526879451088
thanks:0.020550377782640857
with:0.01205829642865046
buffer:0.05463717134279412
both:0.023151588477404516
to:0.0042624716291469
visual:0.05283094362088596
make:0.018145159622161892
bit:0.1966555606844319
like:0.012006588283594568
really:0.020117481888566244
me:0.011171017323758192
re:0.003855056729671861
on:0.00522689510555969
inc:0.037742427791797956
them:0.015111950221981864
8:0.03043805445746254
a:0.0028793899501987526
want:0.019511319254764757
output:0.042137713287980626
display:0.11400375516295293
are:0.0066279523876415
displaying:0.0578246793600389
color:0.03808899078972563
screen:0.03853924917635101
writes:0.0068171380517274465
if:0.013817534428111532
of:0.006013626357703258
helped:0.04852888624196671
available:0.02784601884344567
what:0.009489093845326094
ph:0.0565607378951695
who:0.013330442002410807
one:0.020274451706713863
email:0.028287615040906607
in:0.005495248512200737
our:0.02298737549464323
use:0.01714205698708606
and:0.0039360558194926785
subject:0.00027522635971152884
i:0.0019680279097463393
xloadimage:0.13658195005469756
will:0.011683560256734891
images:0.08774952049733574
the:0.006216519670012808
see:0.018241090323826557
hello:0.03988959577991517
problem:0.021809951464387467
people:0.01551827979456822
is:0.00830946268734012
viewer:0.11063430078438817
center:0.03367660653064751
viewers:0.06424930401934854
converting:0.0565607378951695
wanted:0.03139340195408353
article:0.008353947219758772
before:0.0219195285280685
check:0.03411661406791432
