24:0.11213521680209572
minnesota:0.051419177120283426
help:0.021837680816753028
chris:0.0391504820706051
graphics:0.035905524899384915
your:0.012856451246747577
with:0.017902878881312673
bits:0.08998731426462843
both:0.022915347778655486
to:0.005625302694248289
remember:0.02839412282164522
then:0.016284493365059216
tool:0.047973845367534414
sparc:0.05547327709445693
format:0.041020964357530755
that:0.0035398431166783345
bit:0.02780698161281326
servers:0.05375907575528214
need:0.01960410195405343
re:0.0038157194161037807
x11:0.05441062138779778
inc:0.03735730097759593
m:0.013967497062408898
board:0.03664486244239943
a:0.0028500084200946837
utah:0.11836834968747924
running:0.03089245318823165
display:0.03761348384628038
files:0.0337684853529356
are:0.006560320220420668
it:0.00349852479326502
raster:0.12274406134759057
equipped:0.05723463161146707
able:0.02691291047051703
sun:0.07405086334895594
which:0.026365149643214646
ppm:0.1301502959126797
writes:0.013495150837093108
looking:0.026468217810271876
ph:0.05598358750848409
using:0.044988175074386134
newer:0.05016170119759008
email:0.02799896590783613
in:0.0054391745477905245
yes:0.027212712964325394
or:0.006880729160235564
use:0.016967138038238246
and:0.0019479459922999481
for:0.0033198863562456525
subject:0.00027241792746957445
i:0.0038958919845998963
we:0.013752488833816018
xloadimage:0.06759412834339625
program:0.028332994208000763
images:0.04342705861347738
the:0.0030765428979145017
do:0.007329774682719353
can:0.017644203927300272
rle:0.06643771318720233
just:0.01198355677006006
toolkit:0.1679507625254523
is:0.005483114834503345
viewer:0.05475268967390639
provided:0.04120372891433208
center:0.03333296768849805
presumably:0.05031066853862225
too:0.019923651712903025
article:0.016537405720746957
convert:0.0873179590856804
seem:0.028160332192813647
