above:0.03490584654010955
there:0.01176639725098907
from:0.010853490441412508
simulation:0.2281183614266495
to:0.005300766000349349
visual:0.06570001963110177
r:0.03974640726575807
me:0.013892162569289034
complete:0.047477126285830486
der:0.07435960429085234
contact:0.04461631152539189
on:0.00650011314409346
you:0.007125628069342587
am:0.02095303021412007
etc:0.029773384454592763
working:0.04062229500905906
a:0.0017903899049312756
as:0.010257873848936134
related:0.049412038277322684
ie:0.053636130599505276
are:0.008242453610272121
those:0.023793790439584104
real:0.03278966479484933
details:0.04890797284987609
topic:0.05598252372550669
be:0.007416169963300914
of:0.007478484060220718
available:0.03462902343351577
what:0.011800539782008092
dr:0.05024159750136539
well:0.021575229617350575
please:0.02455660713981096
visualization:0.08176108332976033
title:0.053861452969011785
pleased:0.07248007257044367
in:0.011389724480416055
and:0.0024474193236589093
for:0.004171139268103512
subject:0.00034226867810279864
flight:0.060274831359209906
i:0.0024474193236589093
held:0.05212112922177406
driving:0.053680879380784356
research:0.03958117282739458
the:0.0038654000512259126
see:0.022684432838604822
hello:0.04960629218784322
workshop:0.07955787490762369
would:0.011957046744927898
industrial:0.07017503269300014
development:0.04983670555200259
german:0.060200075970609994
people:0.01929837359068099
interested:0.07377118501063896
is:0.006889041715145228
field:0.09980661153675144
time:0.020250127819278377
hear:0.04248309697767702
1993:0.03884174106423253
very:0.0223492627151724
november:0.06879184087234393
going:0.027920713898072852
