mode:0.013774767073662701
some:0.012599318796403103
since:0.01439440016837181
wilson:0.017953489707199337
out:0.00423804711899446
palette:0.04658852210456517
resulting:0.017631143812632116
final:0.013872835961282717
know:0.00443839973258382
anyway:0.010965877056275303
viewing:0.039288300488109
graphics:0.012657343309855115
access:0.012058909597188942
your:0.004532130295616053
with:0.004207391199924801
way:0.012463113809687362
much:0.006284880825755149
jpeg:0.14560648109288596
ca:0.007397656820475975
such:0.006917328070028053
except:0.011598422370517315
name:0.00993608815046853
my:0.01025411073378023
to:0.002478775467789264
remember:0.010009438980292202
require:0.02791022344534235
256:0.017580119945754577
most:0.013356801899043438
day:0.009148572071089468
enough:0.0087487357084079
normally:0.015308819223456057
perhaps:0.020780298831942774
that:0.0024957167297444374
view:0.04899782378107384
86:0.017196062480194483
nt:0.0077058836516809915
yup:0.020927153639517568
need:0.013821597061131197
re:0.001345109722223635
so:0.0036755776884349646
had:0.005519454984468112
programs:0.01270928821688675
something:0.007160652220012672
these:0.0059591222053918804
on:0.0036475455053186327
you:0.003998553880638287
them:0.005272874717741874
support:0.019704721651320187
card:0.044041846712435134
computers:0.015603485131613921
more:0.004573449733168079
a:0.004521056522524301
other:0.019846158098300877
as:0.008634325469967825
standard:0.02189960101051969
services:0.01437648067432845
driver:0.01323663884347623
vga:0.06489757711159229
video:0.0502980027750363
far:0.00895459738173166
college:0.014818400361757744
van:0.016494982124076445
files:0.023807996867537335
bios:0.0173590667831155
works:0.010701892063132159
it:0.0024665858254674243
have:0.00919515491272757
neat:0.01884147559903936
boards:0.016828469167616975
systems:0.010792867339146082
only:0.0047968929434147
university:0.00845446079711746
viewed:0.020073455127624883
quality:0.013827927484080396
has:0.003830124006786155
usually:0.011862412741678466
without:0.00808349095252696
which:0.004647094721286035
found:0.00962057735703956
writes:0.0023786416943077783
if:0.004821226041463377
of:0.0034971328339161627
286:0.05962890959336031
gives:0.02616204658846119
but:0.00717931534802601
nec:0.019511725880303723
they:0.01006747796231378
direction:0.015892627284315217
good:0.005827373566041364
one:0.003537089596315189
rest:0.011750470624002909
in:0.0012782712366510107
processors:0.020678977842801913
point:0.007919194105252018
or:0.0024255807831046233
use:0.005981221322832187
better:0.008043941983098572
and:0.004806801980999153
for:0.00585159825381428
monochrome:0.06563201748374968
subject:9.603221903603705e-05
i:0.004806801980999153
special:0.02514900138751815
any:0.0036808894470820408
will:0.004076637931306778
program:0.009987890044547034
detailed:0.017788707203489646
than:0.010292095555535691
the:0.004609280996335936
clone:0.01926066198844926
wrong:0.009508712434639787
do:0.005167754812276955
thing:0.00814364185296747
when:0.004703864902315597
ibm:0.0141743419752506
greater:0.015176557181056457
colour:0.05707795155669596
would:0.0033548548421020725
can:0.0062198992261706
specific:0.026368030852305272
drivers:0.014144977548491028
extra:0.013973653631263494
maybe:0.00952486720267023
people:0.005414651582996826
gif:0.03369816621083816
is:0.0009664482981678558
cards:0.04246421724120973
picture:0.014714128646386332
viewer:0.01930130787065765
detail:0.01731173554362805
write:0.01170566160067451
right:0.006977962567591006
hardware:0.03830591140655991
days:0.010713138937230837
viewers:0.022417922625456145
vesa:0.01898831730594675
does:0.008766106577967808
cincinnati:0.02222855667766686
engineering:0.013909170838932013
image:0.0399395287438886
leave:0.01270928821688675
very:0.006270656445264199
convert:0.015390575522296186
give:0.008500849896964053
before:0.015296361634695284
by:0.0035627175353135474
seem:0.009927023578761646
processor:0.035160239891509154
s:0.011158925914676588
