some:0.014066709338956075
at:0.0106140362946317
there:0.011057578139483704
thanx:0.05846587729809997
know:0.014865965369377131
help:0.10313699855623118
user:0.04556196968184357
4:0.029930957881670835
tips:0.0684845460139923
my:0.02289672918868196
to:0.0033209618315441706
implement:0.06131940013752613
memory:0.040742556941774886
like:0.01403179594588763
could:0.018182038015976596
me:0.013055285306078853
anyone:0.020155599393269774
hi:0.037964056144751866
something:0.023983871291126783
these:0.01995946955540895
on:0.018325620189371925
moment:0.0507025397512263
card:0.07375682762684921
m:0.016491743519470747
how:0.015847746954567764
other:0.016618168528095313
fine:0.03902598286651278
modes:0.11970850793541883
also:0.0178734594178261
advance:0.03811447249008012
manual:0.047344546950394736
hey:0.04643540946543578
it:0.012392364930360432
400:0.05531116836716149
assembly:0.062069307473396264
has:0.012828608119115074
looking:0.03125163066754993
but:0.008015460509041087
sounds:0.04292415136820287
email:0.03305901998756555
in:0.00214071929993362
and:0.0022999844246433124
for:0.003919865818217759
subject:0.00032165008303636504
i:0.004599968849286625
any:0.012328762244443462
will:0.013654281263894993
the:0.0027244084698399506
do:0.008654432757909598
got:0.026652455682296076
colour:0.1274511689378432
64k:0.07246336151845709
crazy:0.05896795797762488
language:0.049131437346219144
is:0.006474039202184673
does:0.014680588124548498
2:0.023474813880667578
wanted:0.03668867457284461
give:0.028472726160915743
by:0.023865915055835327
says:0.030855743908765883
200:0.05007379573712305
guest:0.143404339865311
s:0.014950271827855863
