know:0.04254741812614834
significance:0.1820259383121792
legs:0.19655054055618967
kirk:0.4147902762780647
re:0.012894500095798983
so:0.035234848185686896
tiff:0.18788452578788256
on:0.017483062939285858
you:0.019165482393404203
a:0.004815531468435845
richard:0.25766051826060543
processing:0.16355979223092532
it:0.011822601025516275
42:0.1678057469000158
of:0.013409695556257838
philosophical:0.19341358268702666
now:0.056962565444077386
subject:0.000920584720414424
group:0.09300399775195328
silly:0.16112470370630624
the:0.0025991483103070794
ltd:0.18581907262991465
number:0.08628499477233649
electronics:0.1555304003191608
image:0.12762286196323022
s:0.021394354512276493
