some:0.02793150418979316
okay:0.02060175184450955
read:0.0108469046023824
at:0.004215143600260435
fast:0.01665932021506238
played:0.019407669957676198
wave:0.023555595582262716
means:0.013562656557123218
own:0.010844452801665048
with:0.0055964342276511704
someone:0.010542861792646028
such:0.009201039251042098
from:0.012151754848280032
simulation:0.05675672150328121
post:0.012356831600149188
several:0.026970826526960732
my:0.0045464797192837384
to:0.00395655261270095
sound:0.14861554833567406
changes:0.039023055499867836
then:0.007635791147252646
day:0.012168914046712305
mail:0.01466179667385577
that:0.0016598307437056307
sources:0.018416932895762985
think:0.006888746543198828
like:0.005572435710567814
and/or:0.01933484223513861
could:0.014441235936134519
responses:0.021224538904597676
sum:0.026567660102261446
articles:0.04030515426506858
comments:0.017626818248943063
this:0.02009502156445623
on:0.00727763863979842
relative:0.04711119116452543
etc:0.011111598026115959
orientation:0.026502561288597428
m:0.013098705379101168
answers:0.020050771398336758
a:0.0040091027536260145
other:0.013199119500783835
want:0.009055492668479338
ears:0.026129539559077278
following:0.013097197478659145
given:0.026677392910825656
are:0.0030761310124460548
flag:0.026502561288597428
ear:0.02801012610505626
requires:0.01920648222445371
it:0.0049213698048799805
cdrom:0.030084939430773297
have:0.0048923503650493095
due:0.01586192576506451
university:0.011245646419132314
attributes:0.02857368129958441
algorithm:0.019526550333688306
algorithms:0.024351723499591714
environment:0.020084466530515765
be:0.01660654326710444
sort:0.01501177659167957
kinda:0.02443493757955281
of:0.007442701839836886
looking:0.012410934667017435
what:0.004404029200940819
but:0.00318317331220292
please:0.00916466677945098
must:0.01108832740420812
virtual:0.047251919847680415
direction:0.08455790210602163
in:0.0008501421143277056
system:0.010694843680586244
or:0.012905482444078187
and:0.005480345662547223
for:0.00622677249592486
subject:0.00012773663584697749
each:0.0487274525810644
table:0.021674135997508354
i:0.0036535637750314816
back:0.010078261818504963
possible:0.012330007765380775
any:0.009792222643912031
will:0.005422513611977437
source:0.05969890835789138
the:0.003967121105205542
do:0.006873855683315757
studying:0.027349119700841824
would:0.0044624384981070625
an:0.004296163342400654
eg:0.04837903023673672
changed:0.018082847817384808
is:0.0038565448835980467
done:0.025346062693021035
having:0.012521011446987374
angle:0.02556598436454913
time:0.007557463970831165
every:0.011637074291566489
position:0.06589173123851123
function:0.07871771520664991
written:0.017146023628976603
high:0.01338432452460058
defined:0.0418261218071728
s:0.005937189290488213
