know:0.012988159217455808
with:0.006156077650416288
literature:0.04980118541225778
buffer:0.055787427581589784
both:0.07091697102026015
to:0.0029014719159806963
that:0.010954882908457163
nt:0.0075166163339204055
re:0.003936215818717585
so:0.010755901025104422
alpha:0.05935166087505333
this:0.01657839279067639
mean:0.055650990670102325
you:0.005850515677986546
specs:0.05100934872375702
assume:0.03654198479251764
other:0.029038062901724438
same:0.020443087900301183
was:0.009320643516856691
question:0.022978800877337942
output:0.1290744691242354
video:0.03679695992489498
it:0.007218009047157304
not:0.012692842285809787
dsd.es.com:0.1370714924704385
have:0.010763170803108481
machines:0.041536279314571496
per:0.037229738058663336
stereo:0.16297797395989938
writes:0.0069606567475532875
but:0.014005962573692847
again:0.025703885664294924
double:0.1395205384749357
they:0.019640413147531444
one:0.020701282268960473
in:0.0018703126515209523
according:0.0362055389956444
or:0.028392061376972012
and:0.002009460076267315
subject:0.0002810205988633505
i:0.00401892015253463
will:0.023859059892700724
the:0.0031736968841644337
do:0.03780620625823666
would:0.009817364695835537
can:0.027302083971717264
an:0.009451559353281439
paul:0.034473920959042705
is:0.0028281329146385673
either:0.05270658330764964
simultaneously:0.11632867976809941
window:0.03670518675605412
does:0.02565239609131632
although:0.033260415334260614
article:0.008529819792806327
answer:0.0319607478118827
