formats:0.08398465596312961
help:0.035668212000696614
among:0.057408424466430415
your:0.02099887036968771
much:0.029119947825998856
such:0.032050286724463306
to:0.004593997200302769
usable:0.09666748557810804
software:0.04692976480802094
t:0.042937884250007365
that:0.00578174375724128
tiff:0.1816217082616198
on:0.008450147087321499
you:0.009263316490145364
gatech:0.09788014148281518
am:0.027238939278356092
other:0.022988466463865178
fl:0.0995316565268857
as:0.013335236003616973
steve:0.10690512822781288
avenue:0.08868853042453322
college:0.06865858834281087
others:0.0449388037178066
files:0.055155192743128155
internet:0.047608899051910104
ft:0.09422409434157679
uucp:0.07056047678893455
university:0.039172335026644224
be:0.009641020952291189
which:0.021531538875291963
converter:0.08981255177112542
available:0.0450177304635705
looking:0.04323142242344406
or:0.011238524295051422
and:0.006363290241513164
for:0.010844962097069134
subject:0.0004449492815336383
steven:0.07477523546415035
i:0.003181645120756582
appreciated:0.056412701986270714
any:0.01705478777148012
will:0.01888842241505474
program:0.046277223873067916
suggestions:0.06594993951784796
thank:0.060508238446158574
would:0.031088321536812534
an:0.014964968976028946
wordperfect:0.10432635773441538
gif:0.15613483677688347
time:0.026325166165061892
handle:0.06770594811214506
very:0.02905404152972412
convert:0.071309666586639
