some:0.0103321847356934
reference:0.06604660288528061
pc:0.05898835507960855
locate:0.05102268104969304
help:0.018938873628688468
knows:0.030920012487975528
tried:0.027414726133067883
saw:0.03006531489500402
thanks:0.01764058977801914
graphics:0.03113930477999754
where:0.01634917520560851
your:0.011149842674170464
much:0.01546191919964541
from:0.007491789862213943
to:0.002439290548833329
appreciate:0.0339753392514557
been:0.012984428205499462
that:0.003069952437473246
through:0.04193740343406773
could:0.013354948277221746
responses:0.03925600558460986
me:0.009589280357562343
package:0.03440055781465665
anyone:0.014804555306560984
programs:0.03126709844508422
am:0.01446315359912713
none:0.03205761267629464
paint:0.08637620835860399
a:0.0024716887183122037
other:0.012206265379043457
looked:0.0329646301281388
was:0.007835939239835272
also:0.039384879602112385
based:0.026733654972571172
no:0.00996235164763283
hoping:0.04236154510772323
it:0.021238831930794722
ftp:0.03356961900255819
have:0.022621708546356322
shareware:0.1316893401752565
has:0.009422782954748238
heard:0.02391723326920243
be:0.005119126169358153
found:0.023668323055371657
get:0.011631628099921435
if:0.005930534688171764
of:0.001720713146599457
catalog:0.04832808644112523
looking:0.0459094751399406
but:0.00588746214380894
archie:0.052666195614251385
net:0.029337544114145863
called:0.04747353090011918
email:0.024282289017415404
in:0.0015723867424291193
or:0.005967358032770666
unable:0.040488869411130134
and:0.00844684545333606
for:0.008637580431294
subject:0.00023625625568157783
i:0.013514952725337695
appreciated:0.02995364707235613
comp.graphics:0.05341980453761693
program:0.049143954555470354
suggestions:0.03501766700062723
the:0.00266815224774886
would:0.016507073382378338
can:0.007651026481749676
newsgroup:0.03401914903163141
entire:0.033003701085741605
is:0.002377633866289061
gone:0.03477519820250233
faq:0.034354823565466895
