since:0.014498707415968705
pc:0.04830205886953454
music:0.033381582896312205
concept:0.03083950539217959
know:0.017882248197946402
knows:0.025318560950298805
take:0.015403979205331184
thanks:0.014444830760262052
graphics:0.025498126377824074
consideration:0.03633903380593284
creating:0.03546623559523815
into:0.012976839876683958
someone:0.015967087787413188
my:0.013771221178700018
to:0.004993475217720401
platforms:0.039394066342440436
band:0.03611078259535769
most:0.013453590318601725
enough:0.017624264687952147
perhaps:0.02093088070753656
that:0.005027603267166331
considering:0.029024419966341253
cleveland.freenet.edu:0.03103202008337323
like:0.016878827007372074
could:0.010935573589319257
me:0.007852091886989454
need:0.013921753561574176
sample:0.03415363541737652
this:0.015216882271635333
these:0.012004608500716975
you:0.0040275289087588545
am:0.023686034155092253
m:0.019837894378493797
sure:0.015811913189559445
a:0.006071757068897369
other:0.009994985419071817
was:0.006416385029720186
broad:0.07988937771354641
idea:0.02008968329899099
developing:0.03572786606365928
let:0.016703896686614674
question:0.015818739734399307
helpful:0.033656546168515995
are:0.004658778127545112
no:0.008157577798423984
hoping:0.03468735215342554
not:0.004368913105622934
should:0.011904435813286084
have:0.00740942917605294
interesting:0.023681337405227626
b:0.022180495264595954
demo:0.0405406171048672
be:0.008383496480253208
things:0.03238733229188768
of:0.004226969251429101
even:0.012167822085261055
seen:0.01878597746827792
what:0.006669870311569791
but:0.014462678744574136
together:0.025789610445291527
who:0.009369948364013394
in:0.0025750681433984127
rather:0.018648432267484517
and:0.00276664793109268
few:0.016562518122509324
for:0.009430401823538376
subject:0.00019345620936245142
i:0.015216563621009739
gregory:0.07743899611870679
any:0.007415125118034835
information:0.017672618003505544
pretty:0.02085521780376541
program:0.020120532118725182
the:0.002184791333301603
when:0.009475901759737218
ibm:0.028554109196519326
start:0.020417116578858786
would:0.02027499230661687
put:0.01802506738802014
an:0.006506508250447368
about:0.007137798408129504
interested:0.020848378372571884
worry:0.03185770312213568
done:0.0191932141407297
new:0.01249275047017063
questions:0.021914321284387767
type:0.023481974712548523
issues:0.02757412668549924
very:0.01263219196944527
project:0.027910404749369934
