preferably:0.023208763982456613
concept:0.018748245568814027
final:0.016989640516460774
202:0.052990828246977435
send:0.025844468025341173
fax:0.013474199735169117
suggested:0.0193482905240323
shape:0.16803265505857995
literature:0.020841905789270882
such:0.008471441424968277
france:0.022575337141964486
scheduled:0.022536178783298205
work:0.008921024070441867
single:0.01432346550886509
to:0.0036428171632356763
design:0.01657782910760107
otherwise:0.01565367767229972
important:0.027686073065843374
most:0.0163576692860532
representation:0.026217092970970954
been:0.006463614040623081
paris:0.02547426163865469
13:0.017346865878706885
submit:0.023163581162336834
prefer:0.01809043218080106
july:0.021687750998647174
phone:0.012939855181539953
this:0.009250791865575666
mean:0.011645031087356214
d.c:0.025324915596030537
30:0.015079759799003924
recently:0.014578465042236517
scattered:0.027002327470558262
on:0.008934076215670307
you:0.004896907395671559
des:0.020685488659504758
contained:0.022614846701359905
europe:0.018118945460561493
m:0.012060041516441165
a:0.0024608002217557626
series:0.031606611108085166
below:0.016351867458316707
as:0.0035247319833348833
part:0.010789524724287566
usa:0.016055602141095707
surface:0.04022013870740543
washington:0.016912834076715833
science:0.014897058265054254
based:0.013307942783702831
computer:0.011809263899406676
are:0.01132883491808327
book:0.013699112381866404
not:0.005311982454413788
authors:0.02265471381818774
should:0.007237057895301673
46:0.022859647807768765
application:0.016257126466153873
analysis:0.07587253102207044
invited:0.02490504696253131
made:0.02048968768209693
energy:0.04040180643606389
networks:0.13384960994033931
university:0.010353921152416977
has:0.004690636448839432
abstract:0.02464583771132896
algorithms:0.02242074983002057
call:0.02340930482818245
topic:0.0192362856854164
annual:0.02223484518468851
be:0.007644862429129577
which:0.005691155649856907
ave:0.023030748395065085
if:0.002952204492349821
of:0.004282832281183671
department:0.03055573200610517
but:0.005861526187228285
telecommunications:0.027454548413554224
year:0.01090202958682666
aim:0.02612809426032109
nature:0.016794780362377842
present:0.01596696159836698
submitted:0.0259553157882802
using:0.009711103870682471
double:0.019463217555240664
please:0.008437953114120066
necessarily:0.017124506753551552
must:0.010209076773037434
topics:0.023538725692470345
recovery:0.02525209928787543
email:0.02417531858121534
in:0.006261839714343277
or:0.0029705350559607285
and:0.005045780808248324
for:0.004299764708089084
subject:0.00011760773961241542
welcome:0.018430036065028247
editor:0.04068153065028927
special:0.03079921755828214
limited:0.01710174036518837
directly:0.016002204077076566
research:0.027201158418826234
will:0.0049925345590453064
images:0.018748245568814027
the:0.00199229870481688
original:0.01359545380296687
can:0.003808660759637504
may:0.00819835034114463
an:0.011866495223282864
address:0.014065292308077583
about:0.004339278327409126
techniques:0.020949357124619598
columbia:0.02400286893325372
is:0.002367159708287788
length:0.020364513557016337
self:0.01873177718947214
recent:0.016731696425044146
field:0.03429478281879565
31:0.020534435472374223
district:0.02490504696253131
primary:0.02027027923991802
pages:0.01980613599913465
1993:0.02669300266969284
paper:0.03397928103292155
papers:0.04072902711403267
volume:0.11701321586739946
professor:0.04515067428392897
significant:0.01833888895816725
planning:0.020412397575681113
random:0.019661687440443058
full:0.013610847946798474
progress:0.08850782091481932
corporation:0.020922247584644366
publishing:0.025398955764825173
by:0.00872630374288252
include:0.01480847256935948
