some:0.015993655823744575
pc:0.09131074142459954
know:0.016902398981620572
where:0.025307627373065227
c:0.03542599582779397
from:0.011596880197673638
to:0.007551776219675785
been:0.020099183386595058
nt:0.019563795937601054
could:0.02067272815515147
anyone:0.022916640406046452
best:0.033358576437827865
on:0.013890652746281915
a:0.005739058051423541
was:0.012129604576731309
vga:0.0617860494418584
display:0.05049481393062298
hoping:0.0655733506462017
it:0.023483248612326844
ftp:0.05196393078478185
have:0.014006866113634324
able:0.036129660631653
site:0.053500879416967205
screen:0.05120968726172668
free:0.03955490128937994
be:0.015848253620204693
get:0.03601024589838691
were:0.02125073010236026
if:0.009180142736485057
but:0.009113468797950825
find:0.02899242106401904
david:0.06839575998204094
code:0.08878116466662181
in:0.0024339685191026093
pictures:0.0637005965976825
for:0.013370501215564684
subject:0.000365711738246826
i:0.007845152352550476
yet:0.03602833894090635
source:0.0854593962109541
would:0.012776022549375014
fancy:0.07319576345466805
an:0.012299974500845709
gif:0.19249500424547275
viewer:0.1470072215902144
does:0.03338325518732946
written:0.049089300526796026
