there:0.016995907140317543
form:0.06321075786077585
siggraph:0.12267082551208948
learning:0.09199820517259039
my:0.017596560395005578
to:0.0025522206668348716
that:0.012848319460536177
schwartz:0.4906833020483579
attention:0.0786051563615307
brought:0.07174801560251236
re:0.006924824125521676
93:0.06779658325563706
you:0.010292573877939293
member:0.07390551708789923
was:0.032794856818569834
part:0.04535596504469031
avenue:0.09854281158281468
california:0.07369387457264696
participation:0.1122020512704217
it:0.006349174624814295
call:0.09840578140735953
of:0.0036007515845507157
institute:0.0720825527765427
please:0.035470654757504716
in:0.0032903648498979715
and:0.003535161245285091
for:0.01204995788563237
subject:0.0004943880905929314
sciences:0.09425018910027164
research:0.1715184155853765
the:0.004187516722161405
thank:0.0672313760512873
an:0.016627743306698826
note:0.05484609442367588
is:0.004975419016493776
maple:0.10441495894685308
suite:0.09794858353556467
entry:0.09242722478891509
illinois:0.0892448126236066
1993:0.05610473709278031
150:0.08728151273329554
committee:0.08912337928015922
august:0.09257246881597114
