miss:0.14193589899135614
cylinder:0.1667268568419234
13:0.1158158398372489
conversion:0.29545993158329387
re:0.010998250081710898
routines:0.30752822856939843
hi:0.09267696058865896
you:0.016347029100256524
m:0.040259256238708005
are:0.018909158282388986
book:0.09146172090246098
have:0.015036782739636849
writes:0.019448893853457716
chapter:0.14523016541419423
looking:0.07629074545313659
but:0.019567153595600302
double:0.12994559955998913
in:0.010451747170264146
for:0.009569084203296293
subject:0.0007852046144711264
i:0.01122933572031735
the:0.004433841235229724
rgb:0.31698547683926614
solutions:0.13845005780796385
wanted:0.08956352910429713
article:0.023833320009311793
checked:0.13237547501635946
s:0.01824812590752995
