24:0.039529680743184824
at:0.0031689388937209753
know:0.00443839973258382
all:0.003431898671389537
tried:0.01114339587423263
viewing:0.0196441502440545
with:0.004207391199924801
much:0.012569761651510298
jpeg:0.062402777611236845
operations:0.033534653613157904
noting:0.021557384175579047
buffer:0.01906404899370874
from:0.003045223936799193
bits:0.015861073377578392
wrote:0.027793974547045266
my:0.0034180369112600767
to:0.004957550935578528
changes:0.029337476976519346
then:0.005740576797754688
software:0.020257452435116955
global:0.018401843826649972
make:0.006331224760250733
that:0.0012478583648722187
problems:0.00986716991327976
bit:0.04901230572042625
depth:0.018914147208095183
nt:0.002568627883893664
could:0.005428450199014595
need:0.0069107985305655985
re:0.001345109722223635
so:0.0036755776884349646
file:0.02185961066516841
this:0.009442130186536312
editing:0.04198393681502563
something:0.007160652220012672
on:0.005471318257977949
you:0.013994938582234002
suggest:0.013206474119101143
them:0.010545749435483748
8:0.02124094447750983
posted:0.012278348649215452
more:0.009146899466336157
sure:0.00784907920920577
a:0.006028075363365734
how:0.009463043145533269
want:0.006807906358676913
as:0.002878108489989275
related:0.013863809300831545
operation:0.015488367393893874
also:0.0053363206175523975
xv:0.09512991926115993
far:0.00895459738173166
readily:0.019973528638031087
missed:0.015632849558373494
it:0.006166464563668561
not:0.006506223114129118
should:0.011818792390168918
have:0.0036780619650910278
only:0.0143906788302441
color:0.013290043548933045
algorithm:0.029360064890221988
doing:0.01928563241126126
list:0.010473484161588416
be:0.00416159177796742
24bit:0.04409732615695486
which:0.004647094721286035
writes:0.0023786416943077783
down:0.008504912147313519
were:0.011160455377498555
making:0.022119476193326645
if:0.0024106130207316883
of:0.0013988531335664652
kept:0.014366099361777605
available:0.009716056934583562
what:0.009932828449603935
never:0.02378351687980425
saving:0.01898831730594675
sense:0.01182130232504673
again:0.008783701935640353
together:0.012802036839749032
edited:0.019973528638031087
in:0.001917406854976516
yes:0.009592970757208235
use:0.005981221322832187
and:0.003433429986427966
for:0.001170319650762856
subject:9.603221903603705e-05
however:0.008622657928765876
i:0.0061801739755703395
group:0.009701855880599443
away:0.009960372612675074
we:0.014543998982524856
unnecessary:0.021057972503441578
import:0.020023144904694166
any:0.0036808894470820408
program:0.009987890044547034
images:0.04592645767036817
than:0.005146047777767846
the:0.00271134176255055
wrong:0.009508712434639787
do:0.005167754812276955
arbitrary:0.019384003979379588
colour:0.03805196770446398
would:0.006709709684204145
can:0.0062198992261706
complicated:0.017870154961582306
because:0.01269584387693895
did:0.005913349077132969
claim:0.011745464189928008
compression:0.035009832087053654
colours:0.022137485425924808
quickly:0.015268627494685822
an:0.003229849419286823
places:0.013722380871547969
note:0.010653557909634884
makes:0.01004668302968336
many:0.01999857224005137
about:0.0035432236702225596
different:0.00909070826622751
claimed:0.04592645767036817
is:0.012563827876182125
done:0.019055133463458263
edit:0.01906404899370874
handy:0.01887762788628217
else:0.00908831735733114
keep:0.009530268288222739
applied:0.015924460432793573
2:0.007008667453580608
unless:0.011072163401944213
guess:0.01077754411127933
image:0.0798790574877772
article:0.005829732951917993
very:0.006270656445264199
before:0.007648180817347642
process:0.01300922206199125
bug:0.10705680172520853
facility:0.018370150914124236
main:0.013375600761247584
newsgroups:0.015418245830293147
