some:0.0206643694713868
ask:0.025792589242091747
there:0.016243875850922962
all:0.008443078147312311
send:0.025958824078550644
thanks:0.01764058977801914
with:0.005175463511411923
via:0.03024983520898801
to:0.002439290548833329
implement:0.04503991337535105
us:0.03645798913601763
software:0.024918459190099614
that:0.003069952437473246
like:0.010306540385032505
nt:0.006319279218782642
re:0.00330920798918735
this:0.009291724572945468
getting:0.024001783824997222
restrictions:0.04592159338374787
hi:0.027885103185968183
contains:0.03714737614936102
3-d:0.053822126432101505
you:0.014755725382532439
am:0.02892630719825426
a:0.0012358443591561018
3d:0.08280202528491183
want:0.01674865458152373
as:0.007080656285106357
are:0.00568948125310819
results:0.032416670343968675
it:0.006068237694512778
ftp:0.03356961900255819
have:0.004524341709271264
try:0.02156097055171144
area:0.028393513669551743
status:0.03894409461946229
regarding:0.03501766700062723
uses:0.030221195839260504
copyright:0.04542982478945751
be:0.005119126169358153
which:0.011432675509004581
credit:0.04276517795066174
writes:0.0058518795665271
if:0.005930534688171764
of:0.006882852586397828
looking:0.0229547375699703
what:0.008145505336253373
but:0.00588746214380894
they:0.008255925880599502
george:0.03524171839871829
in:0.006289546969716477
use:0.02942972615482032
and:0.0033787381813344237
for:0.005758386954196
subject:0.00023625625568157783
i:0.006757476362668847
face:0.09529039621979361
any:0.00905563952467971
information:0.021582489243219156
research:0.027321517526874135
program:0.024571977277735177
images:0.07532480963045635
the:0.00533630449549772
do:0.006356795742535368
can:0.007651026481749676
put:0.02201291415528123
human:0.02837028647112014
just:0.010392819145715805
modeling:0.056717815911822005
about:0.008716957347981164
head:0.030556280844740557
interested:0.025460851463848848
is:0.004755267732578122
labs:0.04626530872282985
article:0.007171087436430097
animation:0.046807287707260996
give:0.020913595321734573
data:0.05193532076470464
included:0.033121959738946626
