above:0.054453120602570904
some:0.04670147500533417
at:0.017619300249088622
thanks:0.03986773289832326
with:0.023393095071581892
someone:0.0440691622932604
martin:0.09289206742510414
been:0.029344807744428787
could:0.030182183106521147
me:0.04334354721618179
tell:0.04820050107244905
a:0.0027930082516927903
files:0.06618623129175379
not:0.012058200171519299
ftp:0.22760201683734452
have:0.010225012262953057
site:0.07811128394877213
sites:0.18219333487305991
which:0.025837846650350355
of:0.003888811711314773
looking:0.05187770690813288
please:0.0766166142762102
find:0.04232893475346781
good:0.032400197027189985
one:0.01966621815551245
email:0.054877973179358816
and:0.007635948289815797
subject:0.000533939137840366
i:0.0038179741449078986
any:0.020465745325776146
the:0.001507506019978106
do:0.014366358378129933
around:0.047343888663072715
can:0.017291319848754268
goods:0.11943798783226284
address:0.06385642707867221
gif:0.09368090206613008
gifs:0.245181133432669
wide:0.08603673714725213
range:0.07999111970979347
s:0.012408725617120366
