believe:0.01168103161467925
go:0.010459313181688856
out:0.006334285478927204
fast:0.03743868736503266
inner:0.029927066040349344
help:0.011505874838934393
all:0.015388190816875664
polygon:0.032106985976414745
ahead:0.023234620885262295
true:0.01388860640945079
convex:0.17408076807888598
thanks:0.010717132499549264
way:0.00931383236315346
much:0.009393531556773825
c:0.013903751050693334
efficiency:0.0323358011076986
both:0.012073677861872249
to:0.002963869161485658
line:0.015181740584978435
everyone:0.01643824063179088
that:0.00746031452547262
quite:0.014280641839297859
bit:0.014650990312127419
nt:0.0038391319985077344
could:0.008113490082398159
database:0.027225682308653246
re:0.0020104328106353257
so:0.005493605362284517
this:0.008467458683409984
game:0.0159785435909166
on:0.008177561697407902
you:0.0029881666097243114
tell:0.012957123944206736
largely:0.028107418740213837
8:0.015873609045020786
m:0.007359218882344474
more:0.006835586160326483
a:0.0030032346792395596
render:0.029566102046598652
as:0.017206756133699323
coming:0.018691558896718252
definitely:0.022880923355488084
compiler:0.030078522368127282
far:0.013383753075921516
complex:0.02417200468711594
those:0.009978041152083658
jesse:0.0692677744178374
polygons:0.13648586754956027
it:0.0018433087620428601
not:0.0032414516590105642
have:0.008245977631413756
shooting:0.025634013910146268
made:0.01250311587052689
only:0.01433909933622889
routine:0.028160915142650223
ve:0.009812546768964701
left:0.01572260851344388
algorithm:0.04388224752409523
algorithms:0.027362958125885316
edge:0.025339794019343873
be:0.012440027035214438
loop:0.027599839791444616
found:0.014379142501381708
sort:0.016868071546564677
writes:0.007110348290511424
get:0.007066526748877002
soon:0.019338675467954144
ux4.cso.uiuc.edu:0.030644976753384415
of:0.002090758984577835
looking:0.013945620136594861
what:0.0049486134569711356
but:0.007153583034950648
ok:0.01754757629306953
fact:0.012893909293703439
finals:0.030002260889675905
up:0.007222905216948305
in:0.001910534428973016
and:0.004105348542911719
still:0.010976930549621223
for:0.0052475623050334515
known:0.017510369611109453
subject:0.00014353202630117365
each:0.013688222566454921
scan:0.028160915142650223
i:0.007184359950095508
faster:0.06290808108700535
possible:0.013854686144970872
any:0.005501544442412943
alan:0.047319168731174616
will:0.006093039488727336
turned:0.02111235666620214
than:0.015382809486230766
the:0.003647191983817998
got:0.02378660023258682
can:0.02788922556250688
put:0.013373437094337524
simple:0.01773757288686151
10:0.015539633106968627
about:0.005295785915708987
hold:0.018654734478193657
draw:0.04540537136348261
general:0.015851776145631997
is:0.005777905954637934
efficient:0.027797158968059822
self:0.022860824849517077
right:0.010429427923603763
spent:0.023343237591270462
time:0.008491989085503837
type:0.01742211027060052
figure:0.019852137817606204
attributed:0.028909635934765858
article:0.00871325677759786
needed:0.01793453059212915
hp:0.0232561693873996
