some:0.026534928980303504
go:0.02210718467947872
there:0.010429306654285767
with:0.01329153129067153
someone:0.02503929675753432
my:0.010797889333298878
to:0.003132270818388252
sound:0.03921799192191399
martin:0.05277958376426372
been:0.016673186218425447
like:0.013234534812598559
really:0.022174951627169613
nt:0.016229057993691783
could:0.017148967674159743
me:0.012313507731869826
re:0.004249323895206484
you:0.025263590427669177
tell:0.02738664833661878
arts:0.06786249308651297
a:0.0015869365066436309
sig:0.05362655026270198
files:0.03760581323395101
not:0.013702500194908294
ftp:0.215532212914152
have:0.005809666058496055
site:0.04438141133452962
sites:0.15527841040317605
which:0.014680594687699066
writes:0.0075143453524723
po:0.059296904423145017
listed:0.05158858516434043
end:0.030729925029267153
whatever:0.0375563702131064
of:0.0022095521087015756
looking:0.02947596983416641
what:0.010459569352234447
ne:0.06513893793576957
please:0.043532167202392155
ed:0.22546418589028422
find:0.04810106221984978
good:0.018409202856357946
one:0.011173987588359347
email:0.031180666579181147
in:0.0020190875215283007
and:0.0065079104742748264
subject:0.0003033745101365716
i:0.004338606982849885
any:0.011628264389645537
the:0.0008565375113511966
do:0.024488110871812383
around:0.026899936740382224
can:0.009824613550428562
goods:0.06786249308651297
gif:0.05322778526484664
e:0.03535101927333894
gifs:0.13930746217765286
wide:0.04888450974275689
process:0.041097315150381446
project:0.0437685892660574
range:0.04544949983510992
s:0.007050412282454754
news:0.034873596774584306
