read:0.05037784581995382
principles:0.11216244126498427
graphics:0.07819425422532715
to:0.0030626648002018463
think:0.031994400611745674
really:0.04336434984868724
re:0.008309788950626012
practice:0.09125618011204091
this:0.023332552816507514
a:0.003103342501880878
computer:0.05957117567034034
van:0.10190233401096115
book:0.06910441134852607
it:0.007619009549777155
have:0.011361124736614507
hughes:0.1136825018624154
second:0.061104350592272594
edition:0.10829526895433406
if:0.014892231550297985
of:0.004320901901460859
disappear:0.12812362130256252
75:0.10371001488771564
in:0.003948437819877566
and:0.012726580483026328
subject:0.0005932657087115177
i:0.00848438698868422
back:0.04680792711261195
than:0.031791139604876915
the:0.0016750066888645623
see:0.039319683586915025
less:0.06108590125769506
would:0.04145109538241672
rgb:0.11975006902816722
10:0.06423048350880366
people:0.03345051422384705
is:0.0059705028197925315
questions:0.06720391860545581
percent:0.10513583587032199
little:0.052118637819965875
answer:0.06747268982508571
