there:0.04171722661714307
dos:0.16043419801108807
thanks:0.09060848385982559
with:0.02658306258134306
work:0.09204874836319563
w:0.14065185704678881
that:0.01576839206520349
a:0.006347746026574523
screens:0.26055575174307827
capture:0.4976047772776374
pd:0.24766596581129974
shareware:0.2254681127243028
screen:0.33984610637327706
800x600:0.2695944271405858
utility:0.21560154430440157
or:0.030650520804685697
subject:0.0012134980405462863
will:0.051513879313785656
is:0.012212392131393813
vesa:0.23994328232059986
