since:0.04653073542799259
graphics:0.08183119628231911
tips:0.13219110044561305
someone:0.05124321196890744
to:0.0032051143257926296
nt:0.016606477947033453
anyone:0.03890499417770677
this:0.02441778783122879
best:0.05663200185956824
on:0.011790902912541626
letters:0.10906532111681985
arts:0.1388813812003056
a:0.0032476840135962676
j:0.07102624789602006
was:0.02059211939770664
it:0.015946764173952185
cdrom:0.1462267986286423
have:0.011889549142968671
buy:0.0699265377963713
be:0.01345258737529003
well:0.03913646302682197
up:0.031243264426799644
in:0.004132086090569546
use:0.038669291342961584
and:0.008879009639320694
subject:0.0006208594626050766
editor:0.10738031927460073
i:0.004439504819660347
group:0.06272362639085222
pretty:0.06693069899813085
program:0.06457287052055989
the:0.0017529139767187279
do:0.016705067881546434
would:0.02168952665359014
peter:0.08562542048432457
maybe:0.06157937400796102
trading:0.13793203249053224
interested:0.06690874919569581
draw:0.09820231480939262
does:0.02833694917064012
