read:0.027646378803633194
principles:0.06155255923078405
graphics:0.04291148097731368
hell:0.04162659664002312
ca:0.025079860927955135
post:0.031494851273550985
to:0.003361461366075197
then:0.01946195548507077
most:0.022641408097158998
that:0.004230544212615571
think:0.01755790277473848
really:0.023797509063303975
nt:0.008708275021005348
re:0.004560250033880129
practice:0.05007961103709562
so:0.012461104846157563
this:0.012804449716376074
upper:0.06375585226438749
you:0.006778036456203926
a:0.0017030538120077988
j:0.03724547145766906
steve:0.07822326455693626
blood:0.05093504529766586
computer:0.03269149884347946
van:0.05592201256699088
book:0.03792315256931309
it:0.004181163777316732
imaging:0.06585913592720387
have:0.006234763574971377
hughes:0.062386738826935274
second:0.03353287532502764
edition:0.05943033052371991
be:0.007054405574847211
writes:0.008064175500214175
if:0.008172566094675723
of:0.002371226653240715
reading:0.040077098126377934
disappear:0.07031174339774773
san:0.09848696179523278
75:0.05691403256033175
they:0.01137706859155785
in:0.006500476898578919
and:0.009312132060750973
subject:0.0003255726450246134
until:0.03489226494347127
i:0.006984099045563228
back:0.02568727707399436
than:0.01744635710023733
the:0.0009192109877915281
see:0.021577875139160686
less:0.033522750690198506
would:0.045495104688018345
rgb:0.06571650129594543
10:0.03524843607190445
people:0.0367139790261736
busy:0.06227929212349436
is:0.003276495449886145
time:0.01926231670614285
questions:0.036880199234701365
figure:0.04503045895213114
professor:0.06249514062470656
percent:0.0576964952946889
article:0.009882108296543915
meet:0.05231879045852946
619:0.07739747367139699
s:0.0075662961080002235
diego:0.0632821957605306
