school:0.039102413718237694
some:0.012554159947670476
formats:0.05418364900847072
stephen:0.13134384772229088
help:0.023011749677868787
all:0.010258793877917111
dos:0.07590435174718146
fax:0.032888638063262254
to:0.002963869161485658
v:0.04136180982690336
australia:0.049882728123056316
prefer:0.044156216183245604
phone:0.03158437770117816
something:0.021404960399607775
unix:0.04260825178624014
m:0.029436875529377897
a:0.006006469358479119
other:0.014831268686364633
steve:0.0689710504695567
fine:0.03482964062280173
also:0.01595158206107061
wales:0.06672595959994246
d:0.019589722821258447
not:0.0064829033180211285
ve:0.019625093537929402
university:0.02527247421073821
messages:0.04704344367081615
after:0.020744233200698403
be:0.006220013517607219
which:0.013891315403414171
converter:0.057943581787822857
ppm:0.06857381182496029
of:0.00418151796915567
cheers:0.04681895350929405
even:0.01805547793296802
seen:0.027875966565831755
looking:0.027891240273189722
what:0.009897226913942271
but:0.014307166069901296
windows:0.05907972433168821
in:0.001910534428973016
or:0.014501321671034094
bmp:0.12031408947250913
and:0.0020526742714558595
for:0.006996749740044603
subject:0.0002870640526023473
i:0.008210697085823438
any:0.011003088884825886
program:0.05971254693299087
images:0.04576184671097617
would:0.010028490818326624
can:0.009296408520835629
peter:0.07918049636184854
an:0.009654818694212223
gif:0.05036607637963983
south:0.04646924177052459
is:0.005777905954637934
architecture:0.06062804067881793
save:0.038951722929261225
viewer:0.05769638266712717
new:0.018537629729930612
viewers:0.06701271494491193
2:0.06285192103533577
61:0.1628164469975578
wanted:0.032743655801570994
image:0.07959275262222962
convert:0.04600623650750903
