wilson:0.24955350693007078
viewing:0.27305368839235755
access:0.16761884340092628
jpeg:0.5782657391974614
view:0.17026743763923158
services:0.19983308137316547
college:0.20597576502843262
files:0.3309311564587689
university:0.11751700507993268
without:0.11236052424012476
of:0.019444058556573867
subject:0.001334847844600915
i:0.009544935362269746
special:0.17478555964325115
can:0.04322829962188567
hardware:0.1774840561837276
engineering:0.19333747466115497
