go:0.022361290250507208
at:0.010126034625913001
out:0.013542265506671952
resulting:0.05633859747024975
technology:0.03870882397490739
help:0.024598766897032148
all:0.010966296903980358
with:0.02016646126860508
brothers:0.05890346587616021
212:0.0668706748481136
name:0.03174979891758909
to:0.0015841369656216446
greatly:0.04486125459540921
anyone:0.019228905168291854
voice:0.041683842545243315
ti:0.04354782823277773
game:0.034161024228856175
m:0.03146700487623154
a:0.0016051771561452815
ms-windows:0.06321028713410747
uunet:0.04341370474042856
capture:0.12583109310468993
video:0.04018058842373589
digital:0.0949279907359003
application:0.04241801963007964
have:0.005876443829283366
composite:0.06964265251267554
uucp:0.04866239778547211
kind:0.03167272065474781
familiar:0.052950097007943495
highest:0.054242947392158326
be:0.006648979967097371
get:0.015107746842426693
of:0.006704847778128919
what:0.0211595885746352
print:0.050532908400629004
york:0.04325479548764877
must:0.026637476177925255
who:0.014862676715331589
in:0.004084590848149206
st:0.04410054302206092
and:0.006582714042944653
subject:0.0003068615734714747
i:0.004388476028629768
appreciated:0.03890531171466946
cameras:0.19600749376418486
possible:0.029620363482351517
signal:0.05178807267608868
any:0.023523845202041545
the:0.003465531080409439
would:0.010720110874762942
can:0.009937540142962222
rgb:0.12387938175327644
william:0.04680068137231054
an:0.010320668259330307
makes:0.03210319404887327
about:0.011322025061170938
interested:0.03306984155649333
is:0.003088191113685792
new:0.019816086952684445
does:0.014005618555603738
experience:0.03807152614707066
image:0.08508190797548683
resolution:0.10270855160544523
obtaining:0.06794568700915755
high:0.032153147421166914
