know:0.08813393754702155
bradley:0.3946865920703373
graphics:0.2513386742956944
where:0.1319611998738401
work:0.14464803314216454
brad:0.6829293384991523
anybody:0.21711393892233535
get:0.09388385537793731
shop:0.34710669862947835
subject:0.0019069254922870211
i:0.013635621946099637
can:0.06175471374555095
eric:0.28485917716561465
