there:0.03277782091346955
help:0.0382159414293178
small:0.1067409250095004
thanks:0.03559619008778862
such:0.03433959291906783
cunixb.cc.columbia.edu:0.18890083967573185
to:0.0024610699287336262
job:0.061990867058735286
amiga:0.089983559960496
format:0.07178668762567882
conversion:0.08969319351635707
so:0.018246617810445
this:0.009374686399489624
hi:0.05626815464311437
on:0.009053729022130176
a:0.007481272102748545
sorry:0.056739583656046866
as:0.014287752861018185
far:0.04445317985931074
are:0.01148056038573617
no:0.04020520486366106
being:0.03474649874866336
sites:0.08133631021118747
if:0.011966971781489451
of:0.003472153313673904
available:0.04823328263953982
but:0.023760115080371794
utilities:0.09232627800105582
please:0.0342038456590224
and:0.003408905486524909
for:0.005809801123429892
subject:0.0004767313730717553
i:0.003408905486524909
fees:0.10487158016015911
comp.graphics:0.10779353415626274
any:0.018272986898014414
the:0.0013459875178375945
thing:0.04042736491294565
an:0.016033895331459585
just:0.020971224347605105
is:0.0047977254801904266
number:0.04468330086424568
faq:0.13864625224634855
e-mail:0.0982034205947238
needed:0.059568262323857514
checked:0.0803708241170754
s:0.011079219301000327
