another:0.010125595115929583
mode:0.03497155476235827
go:0.008883252291297383
pixel:0.02244678866376177
at:0.00402267128974626
there:0.004190771623639942
lead:0.01764481569689457
know:0.011268265987747049
help:0.009772112876903181
programming:0.04007104371838659
thanks:0.018204444245809706
graphics:0.03213462502410705
c:0.011808665275931322
into:0.00817718677160907
work:0.009246906228266226
except:0.014723111502300518
to:0.0037758881098378925
interrupt:0.0268164771185795
256:0.022316316643469277
appreciate:0.017530654499609562
enough:0.022211402072487636
perhaps:0.013189322089680572
calls:0.01830269253633985
class:0.018119496217666675
that:0.0031680787710911124
think:0.006574191906523083
memory:0.015441243041859886
like:0.010635973182727609
nt:0.006521265312533685
bytes:0.02344095982287077
me:0.029687361106973825
generally:0.01765639038001415
anything:0.01059927465899271
so:0.004665801814543014
anyone:0.007638880135348818
ball:0.04071785698385337
searching:0.02424886259985286
something:0.027269333111829077
brown:0.021208234571941584
you:0.002537894928806949
books:0.01667003613263087
numbers:0.03221682557989679
m:0.025001181956457938
sure:0.00996367132492787
a:0.0012753462336496757
other:0.006298209990100049
same:0.008868006166797317
as:0.007306978632118889
standard:0.013899746760101537
developing:0.022513449848333245
let:0.010525743117592806
given:0.012729623557905393
question:0.009967972983320111
modes:0.09073795578666449
also:0.006773959505386147
course:0.011169642921917895
electronic:0.01969712929228132
bios:0.022035710345689994
are:0.005871336818276032
d:0.008318923389849476
it:0.0015655499074884564
not:0.008259041213369381
have:0.002334477685605721
only:0.0060892065674396645
color:0.03374093248039622
reminds:0.025546142285258783
tons:0.02648424262413919
edward:0.041279364597101596
has:0.004861983899025347
details:0.017419278001325728
poor:0.0180431789529464
regarding:0.018068476580232317
screen:0.08534947876954446
writing:0.05482820198832375
list:0.013295107748500363
which:0.011798103493310664
if:0.0030600475788283526
of:0.002663569665284091
but:0.0121512917306011
again:0.011150087388621086
oh:0.01474756248466426
well:0.007684328356864588
easy:0.03026193209368774
find:0.009664140354673015
one:0.004490004145094166
rest:0.014916122527273099
or:0.015395238760344413
and:0.0043584179736391535
for:0.010399278723216976
subject:0.000121903912748942
i:0.006973468757822645
any:0.018690178379704242
information:0.05568085124392157
ways:0.01629378256291824
normal:0.01722540034026732
the:0.004818512392624083
wrong:0.01207042035082128
do:0.009839971491869817
ibm:0.017993000315614915
can:0.007895579839613821
planes:0.025110935984782413
myself:0.015218456904099922
just:0.010725009712017222
about:0.013493372333176322
different:0.023079606374531943
is:0.00245363129580515
cards:0.017968116275580374
methods:0.020317227653738223
write:0.01485924166660965
time:0.007212374291797778
does:0.00556387586455491
16:0.031844682573745585
too:0.008915606702577608
various:0.016276616339521408
already:0.013268430690855485
give:0.021582066405077684
ports:0.0224799976104699
s:0.005666084756675966
