know:0.041129170855276724
polygon:0.1990633130537714
convex:0.2158601524178186
take:0.07085830434452345
thanks:0.06644622149720543
where:0.061581893274458725
into:0.05969346343274621
anyone:0.05576382498804637
set:0.08831381947086403
them:0.04886197238440803
a:0.009310027505642634
polygons:0.4231061894036368
kevin:0.30037082152131434
which:0.04306307775058393
of:0.006481352852191288
looking:0.08646284484688813
find:0.070548224589113
up:0.04478201234507949
code:0.10801708367772321
and:0.006363290241513164
for:0.010844962097069134
subject:0.0008898985630672766
i:0.006363290241513164
would:0.031088321536812534
can:0.028818866414590444
does:0.04061629381125084
break:0.1308068849415962
