another:0.0185565299614107
at:0.0036860460772151923
know:0.005162657429532643
all:0.003991915609398707
tried:0.012961774280488163
case:0.07239028347760372
thanks:0.008340529895046706
switch:0.017791269548159728
c:0.06492295469696133
4:0.010394433071877318
into:0.007492903359758938
1.0:0.02295561328799766
from:0.00354214332397563
wrote:0.010776464329258831
possibility:0.017744692810214777
to:0.0023066094729553652
colors:0.038158131161364385
0:0.015335381960127332
calculate:0.04980150714987787
nt:0.0029877763670394914
need:0.00803850205647379
re:0.0015646046141346045
anyone:0.006999643303938875
this:0.0021965792400477782
on:0.0021213758378212967
none:0.015156946579168593
temporary:0.022043470393379287
input:0.035708379074265405
3:0.029390785915953385
bill:0.05180776360990321
a:0.0070117361967183016
same:0.008125913600538126
as:0.0033477579925398258
red:0.22673340721396765
following:0.02290639559029089
question:0.009133832984715918
coding:0.027242242227388403
lets:0.019387507320835193
output:0.03420383421702193
are:0.0026900057807582654
those:0.007765337465638326
manual:0.01644183011248018
model:0.015309420550558785
it:0.0014345415470291712
not:0.0025226360191462965
should:0.006873690971688199
have:0.006417371713150454
only:0.01115929906501495
color:0.015458711743110401
hopefully:0.019342027520680784
b:0.12807147893365028
which:0.00540540724902727
if:0.01962783656210822
of:0.0016271178708430012
min:0.04743692998012883
code:0.02711725950068365
in:0.0029737188601588363
5:0.03262183540064037
use:0.0069572365177713305
and:0.002396218082578179
green:0.2641199246455094
subject:0.0001117027485021686
values:0.017870068495160117
i:0.003194957443437572
6:0.024588699854051835
back:0.008813208033755387
necessary:0.03016548767766966
yet:0.022008943453440698
the:0.0015768891422365124
do:0.003005514305048103
see:0.007403287704649272
lx:0.22041853939747447
int:0.0452910761814035
rgb:0.06764125237992709
just:0.0049137596797735805
is:0.0033724597517656558
max:0.0398468287659964
else:0.02114269644634357
right:0.008116625915440583
does:0.005098279557897594
break:0.09851564556270843
blue:0.23411407022797626
2:0.008152341222156521
define:0.03577201588920448
1:0.05736262444967766
x:0.1146712966774683
little:0.009813132643926628
convert:0.017902008348110204
hp:0.018098943539984622
wuarchive.wustl.edu:0.025646562074546964
