there:0.028680593299285857
fax:0.09558260437135592
with:0.03655171104934671
to:0.004306872375283846
problems:0.08572103862161791
like:0.03639497073464604
alpha:0.35240048644562916
der:0.1812515354589526
vs:0.10676912328322945
graphic:0.16463716950055157
a:0.008728150786539969
sgi:0.3479021427190611
real:0.07992480793744523
has:0.03327420230895472
germany:0.1313983041621027
who:0.04040790231980776
email:0.08574683309274815
office:0.11408555978269252
subject:0.0008342799028755718
any:0.03197772707152523
the:0.0023554781562157906
an:0.028059316830054273
10:0.09032411743425514
is:0.016792039180666494
experience:0.10350696171234837
workstation:0.16629099454599977
s:0.019388633776750572
