some:0.01883123992150571
there:0.01480288686414754
help:0.03451762451680317
dos:0.05692826381038609
tried:0.04996554924252695
with:0.00943269962563786
missing:0.06963947521595562
someone:0.03553964701069387
from:0.013654391200486702
to:0.002222901871114243
that:0.0055952358941044646
file:0.04900783681384531
zip:0.0980951659165721
this:0.008467458683409984
contained:0.08279951937433384
posted:0.05505453104003057
said:0.03534685207521665
xv:0.08531005662774988
files:0.10675198595444159
are:0.010369538412922992
it:0.01658977885838574
site:0.06299297092642914
what:0.044537521112740217
in:0.002865801643459524
yes:0.04301364307264337
and:0.0030790114071837893
for:0.0052475623050334515
subject:0.0004305960789035209
i:0.009237034221551367
appreciated:0.05459293740606843
cu:0.09772436723552858
any:0.016504633327238828
the:0.007294383967635996
when:0.02109152327167316
bye:0.09847469006834943
problem:0.034122020839444905
just:0.01894175102364332
here:0.02903872428424832
is:0.00433342946597845
right:0.03128828377081128
downloaded:0.09502994651515492
run:0.08634949768991595
matter:0.048724242127428104
le:0.08654457400069074
e-mail:0.04434993188148817
u:0.06099424973537122
s:0.030021110364000885
