rick:0.10937869275292268
work:0.04602437418159781
to:0.01566135409194126
then:0.036270007949450074
format:0.09136487515995487
r:0.07045954015293478
re:0.008498647790412968
file:0.06905649732860021
this:0.011931419053895886
you:0.025263590427669177
a:0.0031738730132872617
raw:0.12118729309100415
files:0.15042325293580405
it:0.007792168857726636
feed:0.11325654541271275
turner:0.12814563143477425
composite:0.13770251746824483
b:0.06956609878441458
g:0.08034095365935233
ppm:0.14494010226639334
but:0.01512007323296387
use:0.07558088762487945
and:0.00867721396569977
for:0.007394292338910773
subject:0.0006067490202731432
vnet.ibm.com:0.12440119431940935
will:0.025756939656892828
the:0.0017130750227023932
can:0.039298454201714246
compression:0.11059924227501042
slow:0.0933301842054964
convert:0.1944809088726518
three:0.06632927287437439
s:0.014100824564909508
