since:0.011769538961198126
there:0.010797399830319382
formats:0.029641643281104565
graphics:0.041396958119290846
fax:0.01799201964637288
with:0.0034401610399385136
tips:0.03343657246565506
someone:0.012961518321547176
alot:0.029788099467114727
from:0.004979836790765739
both:0.01321002401357787
my:0.01117899130976825
to:0.001621410776577448
that:0.008162461774928865
problems:0.01613572491701043
like:0.02055245406191776
communication:0.028309779300756458
nt:0.01680184827582208
perfect:0.02382403996551111
re:0.0021996500163421794
anyone:0.009840674997890536
this:0.006176263980840224
best:0.01432456517624373
programs:0.020783424260555978
md:0.029451873503350323
personally:0.02305202708886177
on:0.005964809708697528
harvey:0.13130401236422864
market:0.02300503067690013
them:0.01724540201802636
letters:0.16552266381258543
arts:0.21077291970399323
a:0.0016429460304075237
j:0.017965462703110956
was:0.005208594906478739
surface:0.02685285731347362
oasys.dt.navy.mil:0.06931596098752477
cd:0.02625413558223867
are:0.0037818316564777973
annoying:0.030637478907596456
model:0.021523244185785585
book:0.018292344180492196
301:0.06516512128608073
taylor:0.03190741055720256
it:0.00605038993658774
not:0.003546529462211558
cdrom:0.03698677847665658
have:0.00902206964378211
buy:0.017687300736729212
be:0.006805426554558486
found:0.01573247356033528
writes:0.003889778770691543
things:0.013145446636119116
of:0.0034313044511600937
available:0.03177722150369682
looking:0.015258149090627317
but:0.00391343071912006
networking:0.03620129969651233
well:0.009899223000902029
find:0.012449686692196413
up:0.01580541612179276
thousands:0.02516811761881376
david:0.014684971996144082
one:0.005784181810444838
code:0.019061838296068803
in:0.0031355241510792435
feature:0.02779474464767222
yes:0.015687328650022876
use:0.009781056045572636
better:0.013154211007655313
and:0.005614667860158675
for:0.0019138168406592588
subject:0.00015704092289422526
tricks:0.033623329514564364
however:0.014100581789393607
editor:0.02716090428710489
i:0.007860535004222144
branch:0.026822921610488496
group:0.015865387851803796
comp.graphics:0.035508458310298315
any:0.006019336860522396
favorite:0.028426265343675157
pretty:0.016929529746586038
yet:0.015470992604036258
program:0.032666275675106764
the:0.002216920617614862
do:0.012676198568938176
would:0.005486174388849271
major:0.019273105721869365
peter:0.02165819459309386
maybe:0.015575959307896023
an:0.00528175375624551
trading:0.034888690571134626
about:0.0057942128254227735
different:0.014865981753007339
interested:0.01692397773773482
naval:0.036821067435676015
draw:0.02483940904002284
is:0.004741281651011716
number:0.014719204990575047
division:0.023309220094825486
center:0.019215475491016522
does:0.028670325043235887
by:0.005826091028336271
assessment:0.03500753002594357
everything:0.01817448519954855
