hell:0.09225353849951069
o:0.6623473753134911
look:0.06408563038583542
problems:0.07413711448356144
anything:0.06273624730592983
re:0.01010650007508569
this:0.014188714550578893
brain:0.11917238916126469
inside:0.10146096019119424
more:0.03436267637353313
onto:0.11768007233417153
a:0.007548670950521055
oops:0.14970365700856386
xv:0.14295198678163493
it:0.009266362965945189
have:0.013817584139125753
what:0.024876813594503548
saying:0.08152851835039025
subject:0.000721539375459954
andre:0.294521689072897
power:0.07302311568028493
the:0.002037170297267711
about:0.026622058927618153
is:0.007261422348396322
beck:0.48591509195764665
before:0.05746470992493634
s:0.01676854813124374
