some:0.011559771040924299
manager:0.03888018158330295
at:0.008722425865885456
there:0.009086920649278688
know:0.012216585402557444
camera:0.10275524856165365
own:0.022440501342059358
text:0.07161512343036767
option:0.041491200220320615
from:0.00838190350920966
manufacturing:0.05497664318190735
my:0.00940806199336932
to:0.009551875366966155
visual:0.05073862902203899
software:0.05575813640556944
t:0.025507654009905366
like:0.011531079836719537
me:0.0107286007960846
performed:0.04911186613796695
set:0.026231827565603178
integration:0.05833521469247134
am:0.016181548086152134
etc:0.022993306806517184
libraries:0.04965135312097754
board:0.0355564011817341
a:0.0055307094092926536
old:0.05243392242262028
inspection:0.06283755288172824
enable:0.05511321072777206
capture:0.054194579703505066
display:0.07299250330565303
are:0.00636545922377451
no:0.011145997387945642
boards:0.04631994483759919
systems:0.02970710020081793
color:0.07316103181392844
providing:0.04566328500659848
glad:0.045931620944992445
be:0.005727339179578924
which:0.0255820263864855
if:0.019905458012774532
monitor:0.0371017409909783
available:0.026743206215982477
print:0.043528346840145775
they:0.009236827965423204
commands:0.04791241679777796
in:0.001759204969252381
or:0.013352702132734363
use:0.01646316364106285
still:0.02021494140821334
for:0.006442551740833149
subject:0.0002643263058615673
al:0.037722912680418136
i:0.0056702586310513345
possible:0.025514570524401804
pay:0.032998436257404784
allow:0.034715590805689034
images:0.0421371459813939
source:0.030883841204948758
the:0.0022388703267001574
would:0.018468309823849033
joe:0.07880137083015715
development:0.07697550560507331
manipulation:0.05796154807877979
just:0.011627609539266198
draw:0.04180890630498894
is:0.005320250037438889
cards:0.03896056895398121
2:0.019291183684112957
image:0.03664418808845225
e-mail:0.02722471065992343
corporation:0.047023269323903674
intergraph:0.05814661870266248
