some:0.01577752533963992
help:0.028920171892456718
thanks:0.026937657363731934
ever:0.03572191968689001
jpeg:0.07814401881046776
from:0.01144016560040778
to:0.0037248625948400837
representation:0.08042270411365414
format:0.16297518271775735
that:0.009375800687418293
conversion:0.06787593022859455
pcx:0.08316514795144725
anyone:0.022606956076235016
tiff:0.07363042226822425
great:0.03407095525314428
etc:0.03138275658727346
a:0.0037743354752605273
wondering:0.04863423651158509
was:0.023931382002740153
ascii:0.2135833550277426
danny:0.0741404267004249
advance:0.04275001644157635
converts:0.07910968048590215
daniel:0.057818648583761345
have:0.013817584139125753
able:0.035641421974468505
has:0.01438884424171015
be:0.007817044015371234
utility:0.06409775641482209
if:0.009056086753559586
of:0.00525515096123618
converted:0.06854615916291039
seen:0.0350333093327345
but:0.008990313814194734
never:0.029782962579214332
find:0.02860063159018095
author:0.05464875335216901
in:0.0048021541052565
or:0.01822463399197528
bmp:0.0756027724388064
subject:0.000360769687729977
i:0.007739136780218714
leads:0.06134858776299943
any:0.0414846189036003
program:0.03752207341059561
the:0.002037170297267711
would:0.012603373596005083
may:0.02514899361405177
an:0.012133758629212659
gif:0.06329790680143925
picture:0.1105548044242
type:0.04379070959907698
art:0.06232421331981684
image:0.05001436482342807
very:0.023557330970046586
data:0.03965331923251098
