mode:0.026967501735762192
go:0.013700227125310755
programming:0.1544992706747652
graphics:0.049559738593517214
with:0.004118502653447516
someone:0.015517310666640985
o:0.09861912630422201
from:0.005961776439649124
to:0.004852813943981799
platforms:0.038284374332794226
phigs:0.29149273619808136
could:0.010627529262859559
re:0.0026333838223814828
exactly:0.022650582065295834
so:0.0071958492773585925
phone:0.02068554314232091
this:0.003697059425150838
two:0.013132319948262756
on:0.003570484684783732
you:0.007828154780404533
books:0.025709421922860288
vs:0.04812129500089215
why:0.012533257606718355
a:0.0009834536097509824
other:0.019426873068055083
3d:0.032945876257729004
want:0.013328154702198463
as:0.011269213524183358
objects:0.03302682259171306
computer:0.018878189472995178
are:0.004527544940853701
manual:0.08301966331442456
book:0.04379857057300949
49:0.03503919684553134
it:0.004828949714647492
not:0.004245845130816654
have:0.003600356430617274
buy:0.02117493750171807
tom:0.05346096089401064
between:0.01635821018342539
left:0.02059440270070818
mit:0.03608874317764745
mapping:0.039007290910682134
manuals:0.03441741792197023
explained:0.03336024597620037
intentionally:0.0399205150184887
which:0.009097833327588154
writes:0.0046567774015321296
depends:0.03032229672889082
of:0.005477199593401089
germany:0.029610885444980892
what:0.006481986640821347
explain:0.025317306535300028
advantage:0.06004747290894099
pex:0.13911979995421586
one:0.006924724702645229
email:0.019323229992731977
in:0.0025025310125984575
extension:0.035661809221193684
use:0.011709714984136255
and:0.005377428373109717
ooo:0.09026919997233644
for:0.004582378350874282
subject:0.0001880067386761852
space:0.021531779982486645
i:0.0026887141865548584
faster:0.027466908643622057
oreilly:0.043165692505751585
the:0.004777307809789772
ibm:0.027749768092392022
would:0.006567955254256169
because:0.012427621823200802
7:0.022475553020643
an:0.018969678983698664
just:0.008270341996238634
immediate:0.03380053018029427
different:0.01779730209867076
is:0.009460303763755772
center:0.02300444248924513
easier:0.029413195171891556
x:0.02144478865877537
api:0.04408155960609101
article:0.005706569579694373
difference:0.022585590470664694
comes:0.021297016459475435
protocol:0.07391521904769639
sometimes:0.02467962200223838
s:0.004369269583493087
