tv:0.027654460264610676
1.1:0.040836534018041416
pc:0.02432731432115243
ask:0.021274179447856697
effects:0.03140026903184384
music:0.06725048817067275
50:0.05038223779749534
finish:0.03572511322732018
media:0.02884274591748366
football:0.04053022599542074
your:0.00919658556336688
text:0.026398275425062536
c:0.01887662551408
yard:0.044061590604019804
ca:0.015011303621111832
approach:0.030045639817035293
to:0.0010059847883874676
sound:0.02519111889874767
rd:0.037807746776707785
cash:0.037087054508929025
mc:0.04137746812135325
amiga:0.03678160115173559
impact:0.03498718536694523
misc:0.041961721462036
software:0.0616595450032392
t:0.018804912810222205
make:0.012847302798173019
location:0.03350968594506864
database:0.03696333510517886
bytes:0.03747131533728977
me:0.007909406426310545
font:0.03643116889490084
pack:0.03760403299483131
ball:0.032544564523590835
phone:0.02144048997233262
2.0:0.03423218108046171
these:0.012092233380284253
inc:0.026722740845287602
modem:0.031119493259378177
3:0.01709099229662496
m:0.009991348263620964
paint:0.07124460981403102
a:0.0010193460772601423
ms:0.030511970236387496
price:0.022847767896671263
paradise:0.044393432750565474
giant:0.041490637366141316
mac:0.0751375649958643
gold:0.03773920852597903
vga:0.03292249349821652
plus:0.07830437636451834
business:0.026398275425062536
baud:0.0395931371877696
color:0.026968117566448072
400:0.03350968594506864
charge:0.030045639817035293
negotiating:0.04374418102781733
cad:0.04549038313778692
sun:0.026485345285393
ave:0.03816043712175017
of:0.0028385486943903453
interface:0.03082262435623272
3.1:0.028624248050198666
kit:0.03767130784961177
sat:0.0379467846962019
utilities:0.03773920852597903
windows:0.04010521432735038
75:0.034065333357278856
pro:0.13140923067317437
in:0.0038907963918501567
point:0.016069605556642778
speed:0.024514344283837818
or:0.0049219814430882134
for:0.0023748092183363064
subject:0.00019486829848188537
scan:0.03823306727396308
300:0.03036146449038213
top:0.02468344690633077
league:0.028393117286374076
games:0.024305622566487047
20:0.022954980645296497
madison:0.0465501058373818
images:0.031064611270954622
2000:0.031574069387272446
the:0.0011003693576482525
workshop:0.04529572439996093
photo:0.07972370464010439
fri:0.042465319064130536
mr:0.024649311520316887
salvation:0.03830642738968207
audio:0.03620655824769826
paul:0.023905273657730344
draw:0.03082262435623272
picture:0.02985786688828759
win:0.024740696376849208
hardware:0.025910081194704754
2:0.02844393506708626
sale:0.04634849860005298
x:0.02222744517916863
tree:0.03773920852597903
art:0.03366417361800326
image:0.10806023348711465
show:0.02197130415864841
e-mail:0.02007077209235231
terms:0.028095904928572727
2400:0.04063090717886845
full:0.06765684271364789
virus:0.04023625592872045
smart:0.03620655824769826
check:0.02415555886560357
s:0.009057463954102457
