some:0.026534928980303504
at:0.04004386420247414
help:0.09727694182008169
florida:0.11606595350287585
reach:0.09905235156887224
my:0.021595778666597756
perhaps:0.06564685312818284
could:0.034297935348319486
anything:0.05275548068907736
on:0.023045855692694996
books:0.08297131620559457
working:0.07201225024333198
bill:0.14070517616780534
m:0.06221885055073055
senior:0.12045012773297795
requires:0.09123079056615513
real:0.05812713304541472
good:0.03681840571271589
code:0.07364801159844765
in:0.0040381750430566014
or:0.015325260402342849
subject:0.0012134980405462863
i:0.00867721396569977
will:0.051513879313785656
the:0.0034261500454047865
just:0.026690649169679226
here:0.04091820240053173
about:0.022386731370951627
interested:0.06538809580488454
either:0.05689915243439451
trees:0.2628480632715734
too:0.044375406087829465
project:0.1750743570642296
