obsolete:0.07416951569301794
all:0.011634973544466966
your:0.015365027099771495
with:0.007132041180360334
arguments:0.05072586140466283
generate:0.057192790341747
6.0:0.06502732800005101
my:0.011587978796710991
stop:0.24321608155468077
besides:0.04939130236752304
ms-dos:0.12633320264412112
make:0.021464396138411022
infrared:0.08030492517682379
re:0.004560250033880129
this:0.012804449716376074
2.0:0.057192790341747
getting:0.0661512578591387
something:0.024276357526384424
these:0.020202877720718812
you:0.006778036456203926
them:0.01787633136014928
a:0.0017030538120077988
was:0.010798306513431532
science:0.04123941739228434
are:0.00784038270245397
os/2:0.0576964952946889
it:0.004181163777316732
licensing:0.07233021215966935
null:0.06771513367527612
shareware:0.06049144487725197
tons:0.07073230652056686
uses:0.041646282071176065
without:0.027405005912225548
of:0.00474245330648143
version:0.038054519605677864
oh:0.0393867827334326
please:0.02335872386469823
up:0.01638366305307786
now:0.06043589260530161
24-bit:0.14370382155950256
and:0.002328033015187743
subject:0.0003255726450246134
silly:0.05698312692052294
program:0.03386138332175701
images:0.05190063102586322
the:0.0018384219755830562
less:0.033522750690198506
can:0.010543487712655042
linux:0.06502732800005101
handles:0.06771513367527612
instead:0.03741139404371514
finally:0.04434785946092811
about:0.024024784885899306
is:0.00655299089977229
argument:0.08582296195462737
done:0.03230077501732559
guys:0.04737409401818599
new:0.02102438493760423
x:0.03713609743348906
dead:0.041844904083062635
useful:0.04675960020827364
by:0.012078481400209343
mike:0.1169053181325989
void:0.06706457293496768
