basically:0.021327209501347207
some:0.00634530910398562
practices:0.027754901924600745
at:0.0047878533285566904
infinite:0.02809930200032134
folks:0.04025234619885628
take:0.011552984403998387
i.e:0.01877466846182284
with:0.006356819312929862
hell:0.018550983285227692
from:0.004600936165381389
longer:0.0184467989585553
tight:0.02825385599662859
to:0.0014980425653161205
death:0.0182359586088936
software:0.015303184176528567
engineer:0.02423155075941274
sparc:0.029545549756830325
that:0.001885351225187374
smaller:0.024408925375244382
like:0.006329560127764528
really:0.02121082329555354
nt:0.0038808616941436876
re:0.0020322853411857095
so:0.005553318464048478
on:0.008266448237597118
you:0.0030206466815691406
tell:0.013097962247948113
machine:0.017678257360458405
customers:0.0588291696051926
etc:0.012621326018794758
why:0.009672405326923948
sure:0.011858934892169585
a:0.005312787435285199
was:0.014436866316870417
as:0.004348446522918578
pissed:0.030103452768026426
idea:0.01506726247424324
budget:0.07694244168126806
also:0.00806248441130199
are:0.006988167191317668
no:0.012236366697635975
d:0.009901327295527366
care:0.017206613811271178
reason:0.014522890891350695
expense:0.03003050157056914
have:0.011114143764079409
only:0.00724747955581134
interesting:0.01776100305392072
machines:0.02144536160263202
sgi:0.030252360236440096
types:0.022265745717287386
his:0.01002407087774596
be:0.0031438111800949527
writes:0.0035938173424867517
get:0.007143336822234361
if:0.003642121846540268
of:0.005283711564286376
what:0.005002402733677343
parts:0.019829864192480222
year:0.026899573002278823
years:0.012118344690110834
they:0.020280861402342254
who:0.007027461273010045
now:0.008977795640642631
over:0.010901851915866075
in:0.0019313011075488096
office:0.039681933837458265
or:0.003664736183168942
use:0.009036845259496457
better:0.02430669425327612
and:0.01037492974159755
for:0.0035364006838268913
subject:0.00014509215702183858
costs:0.022370938342031712
vendors:0.02981734552082305
i:0.00207498594831951
period:0.02060332192172074
faster:0.0211972881923605
actually:0.026568631816316135
later:0.017366369722596215
than:0.007775006968584027
the:0.004506132124934556
do:0.007807803466374963
see:0.019232453928382347
upgrade:0.02403568153939536
when:0.007106926319802912
ibm:0.06424674569216848
can:0.004698728219770181
because:0.009590882059209315
roy:0.05477260171508452
once:0.014581691276765793
drop:0.02353082421932636
upgrades:0.0317161261809161
just:0.0063825465405754666
engineers:0.059359497476599465
company:0.018294174128431248
maintenance:0.030725248154861995
is:0.002920354640115912
either:0.013606319060398685
desktop:0.027210970084617148
new:0.018739125705255943
does:0.006622221817051768
lot:0.013470398849268428
their:0.041132707026677005
1:0.010644151586547329
smith:0.021400753013404685
every:0.03965459554789233
accounts:0.027083086946518266
article:0.004403983045198919
seem:0.014998437798346401
sales:0.02629975052486725
announcement:0.02483750458672438
appear:0.021460312870957513
s:0.0033719363090000997
