11:0.08050447161708148
my:0.019796130444381277
that:0.0072271796965516
months:0.14149143916582582
12:0.07402885065858408
re:0.007790427141211886
had:0.03196684345171115
cycle:0.1053251804112289
a:0.005818767191026646
vga:0.09396628352615966
died:0.25351268882214534
21:0.08450422960738177
computer:0.055847977190944066
display:0.15358839237231156
reasonable:0.07788139937720932
month:0.08278757269556788
it:0.014285642905832164
only:0.02778200496394347
ve:0.03802361872973821
1986:0.1062118390449538
lcd:0.3830955209885453
warranty:0.10694937919184788
ed:0.08267020149310421
toshiba:0.12769850699618177
in:0.003701660456135218
fortunately:0.1187492849193646
and:0.003977056400945728
for:0.013556202621336416
subject:0.0005561866019170479
i:0.003977056400945728
the:0.003140637541621054
when:0.027243217559244498
moore:0.11778011792697098
about:0.02052117042337232
is:0.005597346393555498
life:0.05813290319351479
under:0.05056923806470082
replaced:0.09011765637617343
