mode:0.22525795567519005
pixel:0.14458372698128905
maintaining:0.15748423625849686
know:0.03629044487230299
thanks:0.05862901896812244
access:0.09859931964760368
c:0.07606169692438117
to:0.00405352694144362
memory:0.09945977135786221
and/or:0.11885241256305795
scott:0.11241403097563255
anyone:0.04920337498945268
how:0.03868714697732718
organization:0.11270097729755503
display:0.10841533579221993
examples:0.1290523319753921
per:0.10402426810508875
assembly:0.15152213294976147
be:0.017013566386396214
in:0.010451747170264146
or:0.019832689932443685
still:0.06005026712439845
subject:0.0007852046144711264
appreciated:0.09955182703459538
the:0.002216920617614862
would:0.027430871944246354
multiple:0.12629483287134743
does:0.03583790630404486
pages:0.13223508446481072
1:0.057603643880138486
byte:0.15883673958913871
while:0.06383360311407418
