week:0.11492796014685278
there:0.03059263285257158
guy:0.11287769156496232
me:0.03611962268015149
re:0.012464683425939017
file:0.10128286274861363
why:0.059324086005133544
a:0.01396504125846395
character:0.15216619144301718
sci:0.19053220058253137
files:0.22062077097251262
asked:0.11241002995794769
writes:0.022042079700585412
what:0.03068140343322104
in:0.005922656729816349
yes:0.08889486235012962
and:0.006363290241513164
subject:0.0008898985630672766
ago:0.09537219084548813
hello:0.12897635968839238
regards:0.13764558656705544
article:0.027011096010553366
alex:0.5608993897923774
sco:0.4294602013905918
