materials:0.043206445336196476
some:0.019298130167493457
looks:0.028290127887387526
out:0.009737000818846776
ideas:0.02972722014082207
there:0.007584950294026012
know:0.01019731508808514
traffic:0.03615735753211489
swap:0.04397778368158672
i.e:0.028549909065912423
your:0.010412662993233575
with:0.004833284105698738
user:0.031253251930520795
rayshade:0.18045002591056603
such:0.0158927041608909
from:0.013992929825292159
carson.u.washington.edu:0.04544871884849049
post:0.021343618218439508
my:0.007853010424217367
colors:0.037685096477545824
property:0.037769428462456914
look:0.01959643243203232
perhaps:0.023871582955702856
that:0.008600941126474632
like:0.019250232454688813
could:0.02494395298059599
re:0.003090417378331988
anyone:0.027651483465146964
this:0.004338697837780322
on:0.004190155580489999
material:0.034898343279370934
them:0.012114538607704471
input:0.035265713217972866
computers:0.03584932947593942
m:0.056562591409755045
ray:0.03584932947593942
sure:0.036066843308416585
a:0.0034624069235861033
how:0.010870768572141523
other:0.011399239568858768
sorry:0.02625964202263326
as:0.006612513720801805
coming:0.028732478965203263
surface:0.0377271549032274
are:0.005313317203315913
hey:0.0318523883110014
d:0.015056563821297815
it:0.005667031896528462
not:0.009965454687206032
have:0.0042252116789062225
color:0.0610682992827006
writes:0.005464978438161672
if:0.005538433221185201
of:0.0016069469881466005
what:0.007606959528897779
but:0.010996416896700997
sense:0.027159686333578435
using:0.018218351889627445
up:0.01110297826737508
code:0.026781095126708235
in:0.0014684272883842189
or:0.005572821964488308
rather:0.021268459941428623
use:0.027483959136319805
and:0.0031553505329817346
subject:0.00022063600737205204
values:0.03529707744085346
i:0.01104372686543607
group:0.022290214337245002
any:0.008456919556105846
pretty:0.023785289726608486
the:0.0024917454875671174
users:0.03263386420046432
can:0.007145173491220772
rgb:0.08907029927714917
makes:0.023082461836793175
here:0.029758692654932167
interested:0.02377748938359438
is:0.0022204349329806934
gifs:0.05065725897369194
steel:0.04397778368158672
having:0.02162720159025092
matter:0.02496614059421936
light:0.028861278395093334
trouble:0.0315274535726474
guess:0.024761630272195485
s:0.010255145138116005
