know:0.026252662248048973
wang:0.12750963405980797
leader:0.09966053411290433
both:0.04778093792145187
significance:0.11231387683091908
legs:0.24255173089912768
that:0.007380949477329294
kirk:0.12796721289429655
re:0.007956180910173841
so:0.02174065100818979
tiff:0.1159287499542254
on:0.010787421813601913
you:0.011825510412951528
products:0.08617205944972103
inc:0.07789394671924259
amateur:0.10105000429179299
a:0.002971285374141266
richard:0.07949101095273997
internet:0.06077731793860864
it:0.0072947963774462115
recognition:0.1209407940247098
42:0.10353971617235017
left:0.12444277376598134
writes:0.014069412574841752
of:0.012411101206323742
philosophical:0.11934029570050582
now:0.03514711484847328
or:0.014347052291555007
and:0.004061674622242445
subject:0.0005680203594046446
silly:0.09941737037197619
the:0.0032074596169746933
radio:0.07632660342058864
is:0.005716438870014126
number:0.10647935525096842
right:0.04127390625085744
dave:0.1492031775053018
laboratories:0.12028607788286398
project:0.0819496990513415
s:0.013200771933106772
