out:0.04531450381078692
there:0.03529919175296721
know:0.04745673560224238
help:0.08231125846314605
thanks:0.07666871711216013
might:0.08181096676455561
that:0.013342485593633725
anyone:0.06434287498620736
a:0.010742339429587655
have:0.019663485121063574
routine:0.2014588544820362
site:0.15021400759379255
craig:0.7023054989677716
of:0.007478484060220718
for:0.025026835608621078
subject:0.001026806034308396
any:0.039357202549569516
does:0.04686495439759713
useful:0.14747258527224763
fit:0.31272677533064436
