thanks:0.15333743422432025
someone:0.16949677805100155
me:0.0833529754157342
on:0.03900067886456077
3do:0.9860174150824442
fill:0.37172808526344436
what:0.14160647738409712
please:0.14733964283886575
in:0.013667669376499268
subject:0.002053612068616792
is:0.020667125145435686
