sells:0.0497308795734257
pc:0.032998436257404784
out:0.011665119792875841
fast:0.03447324678166374
there:0.009086920649278688
c:0.025604927677514454
microsoft:0.04217429795781519
from:0.025145710527628977
gain:0.04540203000488368
to:0.0027291072477046156
most:0.018382133306604334
software:0.02787906820278472
that:0.013738797046909973
nt:0.014140169341038386
re:0.003702381215625451
package:0.038487752802536655
wait:0.036350493119902155
this:0.005197845924469495
2.0:0.09286750114897532
he:0.031487786287529414
on:0.005019889358804851
more:0.01258830718634382
a:0.0055307094092926536
3d:0.1389598345127976
was:0.017533883843591794
as:0.015843844756772644
also:0.02937618082533795
are:0.00636545922377451
should:0.016265466754786927
real:0.025322711425725224
absolutely:0.039628304407402316
heard:0.05351776949346286
be:0.011454678359157849
of:0.0019251543125320659
looking:0.02568203312283806
powerful:0.09111590866260179
version:0.06179149718149673
windows:0.027200071103202987
they:0.009236827965423204
who:0.025605007410571253
confirm:0.0556791356172765
speed:0.0665042607304115
p.s:0.0448993337140577
and:0.0018900862103504448
for:0.012885103481666297
subject:0.0002643263058615673
summer:0.04456204109461606
however:0.02373365251680112
i:0.0037801724207008895
will:0.01122084499904242
than:0.014164369130885755
the:0.0029851604356002097
less:0.027216490659369083
1000:0.04626352878695922
flexible:0.05796154807877979
return:0.03653829413680128
friend:0.03438811306626541
just:0.011627609539266198
long:0.02356743807038203
people:0.01490369445616948
is:0.010640500074877778
told:0.061390490430279804
rendering:0.05582581963495115
too:0.019331860077866303
switching:0.05247332297278247
under:0.024032905218867716
animation:0.05236854961307418
