another:0.01847921108657149
sent:0.030647354569080104
k:0.031572175468763855
from:0.00705476878691813
to:0.004593997200302769
global:0.04263093819840577
might:0.017725709465653716
mail:0.025535962540298798
that:0.00289087187862064
think:0.011997900229404626
really:0.016261631193257714
nt:0.005950654597686987
could:0.012575909627717145
me:0.018059811340075744
re:0.0031161708564847544
happened:0.028102507489486922
wait:0.030594998375917646
so:0.008515088311541
anyone:0.013940956247011593
ps:0.03754635269016429
this:0.004374853653095158
hi:0.026258472166786704
on:0.012675220630982248
tell:0.02008354211352044
regular:0.03372535543129718
a:0.004655013752821317
want:0.015771649730934846
listserv:0.10386970816461347
frank:0.09790435941376556
reason:0.022268432700071065
have:0.0042604217762304405
has:0.008873120615721259
his:0.015370242012543806
list:0.12131785820506581
be:0.004820510476145594
asked:0.028102507489486922
writes:0.005510519925146353
if:0.011169173662723488
whatever:0.027541338156278024
of:0.006481352852191288
what:0.023011052574915782
but:0.005544026852086752
please:0.015961794640877124
groups:0.0306648799873866
who:0.010775440618615403
up:0.011195503086269872
now:0.013765953315652035
david:0.020803710327870782
or:0.005619262147525711
and:0.004772467681134873
for:0.00813372157280185
subject:0.00022247464076681915
andre:0.04540542706540495
i:0.009544935362269746
period:0.0315917602799718
we:0.011231199214283083
exist:0.03030437063163421
the:0.003140637541621054
do:0.005985982657554139
got:0.018434615180254785
would:0.0077720803842031335
can:0.007204716603647611
put:0.02072882749622316
sp:0.039326136859314784
thought:0.022371553376597603
just:0.02935971408664715
ourselves:0.03962920056073874
is:0.004477877114844399
else:0.02105460187781714
does:0.01015407345281271
told:0.02583516472274275
string:0.04416504683542524
dead:0.0285940177900928
nothing:0.02129046667917424
every:0.020267904391144967
him:0.0199709608613609
beck:0.049941273340091456
going:0.03629692806749471
answer:0.025302258684407136
s:0.010340604680933639
