eisa:0.051196518582382736
at:0.008082247820682854
out:0.01080896421174734
fast:0.03194310022888108
know:0.011319955281268824
help:0.019633878165521073
tony:0.04241050071048356
with:0.005365388777885755
from:0.03106687172220828
post:0.02369337435257964
both:0.020602789745947137
single:0.02982960248176491
to:0.0037932086974976995
format:0.03688123400952307
that:0.006365222485036272
r:0.028442383181001195
like:0.010684762050538288
me:0.019882361108340272
need:0.03525141268802268
so:0.009374409150320367
anyone:0.015347841739829279
bus:0.07425766333496626
best:0.022341064953774626
stealth:0.048720191829062176
am:0.04498173458811098
etc:0.021305724655580144
card:0.056163455899343885
a:0.0012811964457306378
viper:0.057175986145658796
route:0.04693314297072195
ram:0.10706028628164904
local:0.05608043031038445
ie:0.038381818227168914
video:0.06414148977733987
have:0.0046903725976848885
frame:0.04433454227912639
only:0.012234277415314557
ati:0.047096974323015586
be:0.010613968020871034
fastest:0.05159259355362318
simms:0.04600721711209846
showing:0.03939471851032856
get:0.012058476837533232
of:0.0017838585831719143
trying:0.024736956174939415
what:0.008444422963271846
using:0.04044808401183341
they:0.008558895637685722
up:0.012325324498645731
one:0.00902120098876718
email:0.02517338219236643
in:0.0032601780164126697
speed:0.03081160703564937
or:0.012372687297304319
and:0.005254092859964999
for:0.0029848519533217798
subject:0.0002449262100185165
i:0.010508185719929997
appreciated:0.03105286347868113
back:0.019324373578601263
any:0.009387956571456949
allow:0.03216765753554672
will:0.010397296742231967
the:0.00414909913755442
do:0.006590072650518319
ibm:0.0361510740286208
would:0.01711283754319956
imagine:0.03612604178409599
an:0.008237597601483824
just:0.010774207004274184
here:0.016517439501132075
is:0.002464886485235449
write:0.029854806651261594
does:0.01117879646181216
orchid:0.05973298983803513
diamond:0.0459341146382528
