at:0.007162317174426269
there:0.0074616177689198985
technology:0.027379412079812544
thanks:0.016206395487123278
graphics:0.11443061593950317
companies:0.06466068854614206
service:0.029614562833157262
post:0.020996567515700656
several:0.02291423879729591
hill:0.04051453657040131
job:0.0282234841893429
within:0.026312603384738356
published:0.033334123696841876
software:0.06867770459710382
next:0.021775447347554273
that:0.002820362808410381
nt:0.005805516680670232
months:0.027608085690892847
me:0.008809664068329632
need:0.015619528386156394
anything:0.01887187927088946
on:0.008244045938850244
them:0.01191755424009952
m:0.022257149790505238
more:0.010336740047322976
board:0.029196719669554023
a:0.0034061076240155977
was:0.007198871008954355
40:0.031093554374185355
career:0.03928833421483559
computer:0.04358866512463928
are:0.0052269218016359805
no:0.009152404359207398
those:0.015088745156809434
internet:0.02322385319605371
it:0.005574885036422309
not:0.004901707386796463
have:0.004156509049980918
ve:0.014838485357946622
campus:0.04211106754804038
university:0.019108456110558163
towards:0.03390062711666293
has:0.008656703039728058
list:0.047343554421489104
be:0.004702937049898141
found:0.021744069148430877
if:0.005448377396450483
of:0.00948490661296286
looking:0.02108849874314345
but:0.005408806684962686
experimental:0.04326269776806498
please:0.015572482576465487
necessarily:0.03160376449639189
in:0.005778201687625707
resources:0.035884185150947906
office:0.0296807960410257
or:0.010964413946391633
and:0.0031040440202503242
for:0.007935338119806684
subject:0.00021704843001640894
i:0.00776011005062581
info:0.04789260909581135
any:0.008319408669014695
information:0.03965563064201244
the:0.0049024586015548165
interest:0.029697438997299885
can:0.007028991808436694
specific:0.029798018605450675
last:0.017724898797231693
handbook:0.04687449559849849
people:0.012237993008724532
expressed:0.03341267581807551
company:0.02736689463114919
current:0.025709314827079822
bulletin:0.044501240244341565
carolina:0.04687449559849849
resource:0.04032762991816798
faq:0.031561748478843576
opinions:0.023216342727805223
aware:0.0333081074144787
checked:0.03659159471996929
north:0.03263540475537257
summary:0.034974283393191925
s:0.005044197405333483
1991:0.03529953001606753
