know:0.049355005026332076
bradley:0.1473496610395926
anyway:0.04064685095526046
access:0.04469835824024701
into:0.023877385373098487
from:0.022575260118138017
often:0.04143093851038275
both:0.029942721097443174
to:0.001837598880121108
think:0.019196640367047404
uxa.cso.uiuc.edu:0.05944807119642593
like:0.01552852084678231
nt:0.01904209471259836
could:0.020121455404347434
me:0.014447849072060598
anything:0.030949882004258716
anyone:0.02230552999521855
ti:0.05051548075002217
programs:0.047109094990593556
something:0.02654215089551364
two:0.024863859102044153
you:0.007410653192116292
a:0.0037240110022570536
3d:0.062377525714633585
mac:0.04575042846414848
advance:0.04218001622235533
daniel:0.057047733269311195
have:0.006816674841968705
hopefully:0.061636594365902776
has:0.014196992985154014
were:0.020684043966297323
if:0.008935338930178791
of:0.005185082281753031
generator:0.15285937435593927
but:0.008870442963338804
please:0.025538871425403398
they:0.012438928326769917
email:0.03658531545290588
in:0.007107188075779619
system:0.029802964389900335
or:0.008990819436041138
and:0.005090632193210532
for:0.004337984838827654
subject:0.00035595942522691063
i:0.010181264386421064
import:0.07421912378006637
program:0.03702177909845434
capabilities:0.06832802041634585
the:0.0010050040133187373
do:0.019155144504173244
7:0.04255371371908408
e:0.04147852928071769
white:0.04531958861094123
downloaded:0.07855808911919474
under:0.03236431236140853
very:0.0232432332237793
built:0.049233301787663386
black:0.04706069808325251
check:0.044124154194502524
newsgroups:0.05715029787761994
