photoshop:0.063456566317187
work:0.020050222415745583
to:0.0027291072477046156
bet:0.042709616980293165
platforms:0.10765111198528277
then:0.015800795542334684
software:0.02787906820278472
been:0.014527132546746924
that:0.01030409778518248
re:0.003702381215625451
package:0.038487752802536655
michael:0.029749457442313755
creative:0.05627937939763723
charles:0.08150995356304624
searching:0.05257921692443344
on:0.010039778717609702
working:0.03137167337333274
a:0.0013826773523231634
mac:0.033973090443674615
rumor:0.054841933755612506
stuff:0.02894471834330319
are:0.00636545922377451
it:0.006789216430494494
comparable:0.050138385241678254
deleted:0.034785935613844916
have:0.005061887258887652
sgi:0.11022642145554412
against:0.025577037546117294
real:0.025322711425725224
quality:0.03806102812449851
writes:0.006547152386312498
soon:0.03561379838652941
making:0.030441655355172313
if:0.006635152670924844
of:0.0019251543125320659
wayne:0.04626352878695922
available:0.026743206215982477
what:0.018226576296962994
but:0.01317392519307743
shop:0.09622759962005341
they:0.009236827965423204
pro:0.04456204109461606
now:0.016355588097804397
in:0.001759204969252381
and:0.0056702586310513345
for:0.02254893109291602
subject:0.0002643263058615673
adobe:0.17388464423633937
con:0.05742622905630181
until:0.028328373518461823
i:0.007560344841401779
comp.graphics:0.05976671200743281
world.std.com:0.09101141248238707
the:0.0029851604356002097
see:0.01751867090506115
photo:0.10814007461083468
manipulation:0.05796154807877979
just:0.011627609539266198
is:0.007980375056158333
else:0.025015368567703533
type:0.03208428228051184
image:0.03664418808845225
article:0.008023097824916841
release:0.039344589003834245
progress:0.0497308795734257
going:0.021562531525244382
understand:0.02966492339540251
opposite:0.04778040164065454
s:0.006142933473821964
enhancement:0.06411687695578772
