library:0.03876952399723314
delta:0.055295364737158716
large:0.02772253814710718
there:0.008497953570158772
andrew:0.03486535332566665
send:0.027160621489594652
dos:0.032681040335592014
means:0.026246252041099562
medium:0.05079992199843927
with:0.010830136607213839
creating:0.045317967705026524
c:0.02394534903174963
into:0.01658151762020728
creation:0.12610543040172104
to:0.005104441333669743
add:0.03181685570788628
hudson:0.05180189963399698
compressed:0.05022462772892995
mail:0.028373291711443108
memory:0.03131140950154922
like:0.010783695032487713
really:0.018068479103619684
along:0.032351494547604026
me:0.010033228522264303
anything:0.02149297361406855
this:0.004860948503439064
something:0.01843204923299558
these:0.015339221973138356
pointers:0.0490722742615836
am:0.015132744043531161
a:0.003879178127351097
other:0.012771370257702877
was:0.008198714204642459
files:0.030641773746182304
results:0.03391744211915241
model:0.06775836132562128
hoping:0.044322727751599296
application:0.03417007136867527
have:0.004733801973589378
ve:0.01689938610210587
settle:0.051541058180601645
ideally:0.054917383306415615
be:0.010712245502545764
summarize:0.05307617165136779
if:0.006205096479290826
of:0.005401127376826073
seen:0.024004304542799563
looking:0.02401745690191337
but:0.01848008950695584
lines:0.0327146492990233
seems:0.021819324901676648
windows:0.05087420706339817
please:0.017735327378752358
they:0.008638144671367996
code:0.030004745466034224
or:0.012487249216723801
and:0.003535161245285091
for:0.015062447357040461
subject:0.0002471940452964657
i:0.010605483735855273
appreciated:0.03134038999237262
directly:0.033634262273114626
any:0.009474882095266734
will:0.010493568008363744
the:0.0034895972684678375
interest:0.03382208330248042
would:0.025906934614010446
apps:0.048974291767782334
did:0.015221398550397827
is:0.002487709508246888
object:0.03916641014937928
turbo:0.04599910258629519
submission:0.0563138915446988
animation:0.09794858353556467
by:0.009170698840899686
