above:0.013891102194533394
some:0.005956820791496704
say:0.009681351909528282
obsolete:0.031030103504221786
know:0.006295281253358682
posting:0.016832594678348165
means:0.014462220512442616
take:0.010845658828243385
your:0.0064282256233737884
with:0.0029838131468854453
way:0.008838636834421138
into:0.009136754607052992
wrote:0.013140688646392147
longer:0.01731740310394987
reasonably:0.025155334269311123
my:0.004848031945562761
to:0.004218977020686217
then:0.008142246682529608
death:0.0171194713471246
berkeley:0.027736638547228465
might:0.010852475183053295
perhaps:0.014737048661428801
that:0.010619529350035004
think:0.007345653201676301
quite:0.013552037663823475
like:0.011884072076619113
nt:0.0036432579169512164
months:0.034650964693671626
need:0.009802050977026714
anything:0.011843067093466345
re:0.0019078597080518904
happened:0.017205616830298115
anyone:0.008535279334905057
had:0.01565722944573607
this:0.010713927313702428
something:0.010156435291650626
two:0.009514231799251588
on:0.002586779720608622
you:0.017014254777818014
machine:0.0331918301461668
went:0.016645210536918795
market:0.01995334293404603
ta:0.023557927187795057
cycle:0.025793921733362177
a:0.004275012630142025
want:0.009656112080164191
equipment:0.02058651996194178
vga:0.023012151067630934
21:0.04138982674647271
california:0.0203034144230762
computer:0.013677055638598546
display:0.03761348384628038
reasonable:0.03814599153169436
sink:0.02996330861718832
it:0.008746311983162551
have:0.01043368598260516
only:0.013607512635400882
ve:0.009311906627690991
buy:0.015341026149203907
money:0.015817447789434336
has:0.00543252282595179
netcom.com:0.03284729770123611
screen:0.03814599153169436
be:0.00590266588915787
asked:0.017205616830298115
if:0.006838269589422543
of:0.0009920438039068297
lcd:0.0938193112625009
what:0.004696133178554241
but:0.010182906463016483
yep:0.028922005778700993
they:0.004759794002590529
toshiba:0.03127310375416696
net:0.016913992269890217
now:0.008428134683052266
sounds:0.018177064099800192
in:0.0009065290912984207
gon:0.02439033351782687
point:0.011232326332959492
replace:0.02243042362680981
or:0.003440364580117782
weeks:0.018574310639454642
and:0.0009739729961499741
for:0.006639772712491305
subject:0.00013620896373478723
until:0.014597784313084918
i:0.008765756965349767
experienced:0.026055622214931313
necessary:0.018391713150415944
cost:0.016943916348728983
the:0.002691975035675189
wrong:0.026973694457447555
when:0.006671808381855795
less:0.014024824268348352
got:0.011286499089951907
would:0.00475841656175702
because:0.009003685198441396
did:0.008387301242055945
na:0.0222362421889305
last:0.011123278326834171
bought:0.018689202800349285
thought:0.01369686941424343
just:0.00599177838503003
long:0.012144445128105023
about:0.010051185513488485
is:0.004112336125877508
repair:0.026100574407187202
else:0.012890572578255391
time:0.008058724336243436
expected:0.021170246243460884
life:0.014236629353513825
eventually:0.021618869062372627
guess:0.015286516647630883
nothing:0.013034979599494432
little:0.011966013785196244
replaced:0.022069630132940433
already:0.014825440414782403
before:0.03254378980442823
going:0.011111304510457562
mike:0.03260624519344595
sometimes:0.01788013430774413
s:0.01582745614428618
