go:0.06947972327836167
lead:0.06900383281464127
where:0.06598059993692006
among:0.06150902621403259
supporting:0.08778297709578264
hacker:0.20245404045090698
look:0.04234229150492697
80:0.07136895763327337
us:0.03678350689616064
next:0.0478282147098067
nt:0.012751402709329259
re:0.013355017956363232
generation:0.08284095920436137
employed:0.10068585327017976
3d:0.08354132908209855
old:0.047284162184684356
70:0.07681851531004653
are:0.01148056038573617
01:0.10664106056452038
ones:0.06058267822101529
netcom.com:0.1149655419543264
hackers:0.10150388069931
of:0.003472153313673904
now:0.058996942781365865
grady:0.2288968999298531
and:0.006817810973049818
for:0.005809801123429892
subject:0.0004767313730717553
we:0.04813371091835607
the:0.006729937589187973
do:0.012827105694758869
did:0.05871110869439162
families:0.09463938607591123
58:0.09915430288165432
15:0.05967519164251149
ad:0.07731556529207233
fc:0.11444844996492655
gone:0.07017138208719219
radical:0.10095438679454655
takes:0.06385535453535125
ac:0.09183250065586815
s:0.011079219301000327
