bbs:0.044472996173139136
rr:0.07116268761026988
know:0.013559067314926395
polygon:0.06562526803970485
convex:0.07116268761026988
take:0.0233598805531396
where:0.020301723057513866
i.e:0.03796196699972971
into:0.05903749130711164
o:0.038472296525273425
to:0.006058018286113543
graphical:0.13079736493209684
that:0.007624277482076414
sources:0.042298230496862245
like:0.012798231467128277
and/or:0.044406395902680994
re:0.004109236294265611
michael:0.06603725717964153
anyone:0.018383678567487818
voice:0.039851585730067786
this:0.005769037784301308
bc:0.06354568562609467
set:0.02911444597940573
am:0.01795974018353149
etc:0.02552004381822237
them:0.01610834254431034
a:0.0030692398370250444
other:0.015157230635515504
same:0.021341685170644095
render:0.06043181297436648
objects:0.10307272105545613
also:0.01630216628219304
fidonet:0.06043181297436648
internet:0.0313904828913693
polygons:0.13948555694625392
halcyon.com:0.06974277847312696
b:0.06727271091240092
algorithms:0.11185736728383888
which:0.014196619038654042
of:0.002136709731491634
looking:0.02850423456490818
fact:0.02635458383108615
find:0.023257656457949343
up:0.014763300773103128
code:0.1068300827581878
in:0.0039050483932855052
or:0.02223004805614567
and:0.002097787991707637
for:0.007150524459606023
subject:0.00029337315265954173
i:0.00629336397512291
circular:0.06393130452511961
will:0.012453904889047082
the:0.0008283000109769814
do:0.007893603504466997
canada:0.04088579772534777
would:0.020497794419876397
can:0.009500725191623224
2d:0.13218591222048218
dillon:0.14085963072606345
interested:0.0316162221474167
does:0.013389986970742037
break:0.0431231488818449
2:0.021411093979070428
image:0.04067102194432612
arc:0.06299150042140354
convert:0.04701736258459714
