school:0.03729768693124211
mirror:0.02757534504546897
content:0.0242931021980536
formats:0.025841432604039878
know:0.018982694240896953
bradley:0.05667294655368946
anyway:0.015633404213561714
access:0.017191676246248847
fax:0.03137070092188092
into:0.018367219517768065
from:0.017365584706260012
often:0.01593497635014721
both:0.011516431191324297
my:0.009745787295695398
located:0.025062940230357808
to:0.0014135376000931597
require:0.019894979789244035
property:0.04687282916879268
us:0.010563468647102543
that:0.0017789980791511632
think:0.0073833232180951554
uxa.cso.uiuc.edu:0.04572928553571225
like:0.005972508017993196
packages:0.05072062156482175
nt:0.0073238825817686
could:0.0077390213093643965
me:0.005556865027715614
anything:0.011903800770868738
re:0.001917643603990618
exactly:0.01649427001677953
so:0.005240054345563692
anyone:0.008579049998160981
file:0.015581978884402098
ti:0.038858062115401666
programs:0.018118882688689827
something:0.020417039150395104
two:0.009563022731555444
directory:0.021617842506822544
you:0.011401004910948141
brings:0.026610974627505175
a:0.0014323119239450207
other:0.007073374296573901
3d:0.047982712088179676
as:0.008206299079148906
private:0.03640698588384155
mac:0.017596318640057108
stuff:0.014991879757300626
advance:0.016223083162444356
daniel:0.021941435872812
d:0.018685581767969594
it:0.007032931892101989
should:0.008424677652479383
ftp:0.03890632766450334
have:0.005243596032283619
warned:0.029230593210920516
bag:0.054356980720523376
university:0.024106052324088755
hopefully:0.023706382448424143
site:0.020028534345839007
has:0.005460381917366928
be:0.005932935970640731
writes:0.003391089184705448
get:0.006740379360467294
were:0.00795540152549897
if:0.003436668819299535
of:0.005982787248176574
generator:0.05879206705997663
but:0.006823417664106772
ok:0.016737688156466316
ph:0.05627068282904042
surfaces:0.030625125085195597
well:0.00863009184694023
please:0.019645285711848766
they:0.004784203202603814
david:0.012802283278689713
email:0.014071275174194568
in:0.004555889792166422
system:0.011462678611500129
yes:0.013676132669250713
or:0.0034580074754004377
use:0.008527074501268451
and:0.0029369031883906913
for:0.005005367121724215
purpose:0.019286571754587624
i:0.004894838647317819
we:0.00691150720878959
import:0.028545816838487066
creates:0.02807001307720006
zealand:0.027941801271018432
program:0.01423914580709782
capabilities:0.02628000785244071
the:0.00309232004098073
do:0.007367363270835863
can:0.004433671756090838
64:0.10387644942378468
7:0.016366812968878493
many:0.009503595013220992
e:0.015953280492583728
paul:0.05038496140167781
is:0.004133425029087137
architecture:0.057829823416718634
white:0.017430611004208164
new:0.01768204681931843
9:0.0730427416538467
downloaded:0.030214649661228745
their:0.007762480095290841
first:0.009628486304569441
under:0.012447812446695586
primarily:0.024355642060073183
very:0.00893970508606896
planning:0.04752424871466269
readme:0.029654653292177507
written:0.01837702019721082
data:0.01504792627285032
high:0.014345250387905238
built:0.018935885302947455
black:0.018100268493558655
check:0.016970828536347123
wuarchive.wustl.edu:0.03143347864521397
newsgroups:0.02198088379908459
