chris:0.060900749887607936
thanks:0.03164105785581211
graphics:0.055853038732376535
fax:0.09709978856772665
to:0.00218761771442989
need:0.06099053941261067
recommendations:0.171071527183096
on:0.01609551826156476
etc:0.11058685654563026
support:0.043475496976722317
a:0.0022166732156291983
as:0.012700224765349499
following:0.043449432905393034
display:0.1170197275217612
imaging:0.17144283003272115
have:0.00811508909758179
ring:0.07909980949459303
mouse:0.06898305043218779
network:0.05830935984173931
be:0.009181924716467798
minimum:0.07780092031605917
of:0.006172717002086941
host:0.07598181900274166
interface:0.0670269767746648
requirements:0.0772439152396898
windows:0.043606463197198436
speed:0.0533089709029489
and:0.003030138210244364
for:0.010328535330542031
subject:0.0004237612205082269
car:0.048549894283863325
i:0.006060276420488728
appreciated:0.05372638284406735
any:0.01624265502045726
images:0.06755320228763148
the:0.0023928666983779458
ibm:0.0625470963352328
would:0.014803962636577397
ethernet:0.08282742205137716
white:0.05395189120350146
multiple:0.06815911615279067
window:0.05534909114008161
workstations:0.17219872364204555
image:0.11749406339471989
resolution:0.07091780944185504
data:0.04657691465406051
high:0.0888039309727467
black:0.05602464057530059
