above:0.034033200376606815
out:0.029454427477011498
know:0.015423439070728774
thanks:0.024917333061452038
much:0.021839960869499145
to:0.006890995800454155
signature:0.06248641645078053
direct:0.04992219528217717
that:0.00867261563586192
memory:0.16908161130836577
like:0.014557988293858416
through:0.029618291175310337
exactly:0.04020478316590011
so:0.012772632467311501
this:0.006562280479642738
hi:0.039387708250180065
on:0.006337610315491124
am:0.020429204458767072
m:0.0171101839014509
how:0.03288407493072811
video:0.13108916973243834
section:0.05137198907029109
bios:0.060322757071326366
it:0.012857078615248948
application:0.04612959634771161
have:0.006390632664345661
area:0.04010583805824184
gordon:0.056081426598112764
of:0.004861014639143467
looking:0.0648471336351661
what:0.011505526287457891
find:0.02645558422091738
system:0.027940279115531565
use:0.02078474409684185
and:0.0023862338405674366
rogers:0.06907015361230903
for:0.00813372157280185
subject:0.00033371196115022873
i:0.01431740304340462
faster:0.04875376284242915
directly:0.04540625406870475
information:0.030485266056047063
than:0.017882516027743264
the:0.0028265737874589485
would:0.011658120576304701
because:0.022059028736181426
regards:0.0516170949626458
an:0.01122372673202171
is:0.010075223508399896
first:0.023469435367388016
guess:0.03745196578669567
psuvm.psu.edu:0.12497283290156105
going:0.027222696050621033
void:0.06874118725834187
