library:0.021362798937250915
at:0.004494719451298117
photoshop:0.06539911426567231
where:0.00942579999098858
312:0.031030103504221786
work:0.010332002367297467
to:0.004218977020686217
bet:0.022008527117395968
platforms:0.05547327709445693
then:0.008142246682529608
software:0.014366254533067634
next:0.013665204202801914
been:0.007485920342966526
that:0.008849607791695838
solaris:0.031030103504221786
nt:0.0036432579169512164
months:0.017325482346835813
re:0.0019078597080518904
package:0.01983297465845001
articles:0.02148922765663095
michael:0.015330077559559637
creative:0.02900110877123143
charles:0.042002578111569745
searching:0.027094392394733553
this:0.002678481828425607
announced:0.024621533498500554
appeared:0.02426277585351351
on:0.005173559441217244
working:0.016166015360747993
os:0.02423137858017485
a:0.0021375063150710126
other:0.007037285652203626
was:0.018070635389824195
immediately:0.021544385391856543
mac:0.017506541504138447
rumor:0.028260384231208482
stuff:0.014915390574865416
display:0.01880674192314019
are:0.003280160110210334
works:0.015179214252809898
it:0.00699704958653004
comparable:0.025836616884742362
deleted:0.01792540559693029
couple:0.01610199895231897
have:0.00521684299130258
sgi:0.056800349831683444
university:0.011991531130605375
against:0.013180004041621665
hope:0.014737048661428801
real:0.013048948234684934
after:0.009842926977882404
quality:0.019613080819256886
heard:0.013789017139897318
sun:0.055538147511716957
be:0.002951332944578935
writes:0.006747575418546554
soon:0.018352008352242193
making:0.015686771382002057
if:0.0034191347947112715
of:0.003968175215627319
wayne:0.023839879630014698
congress:0.022278759441783275
available:0.013780937897011377
what:0.009392266357108481
but:0.006788604308677655
shop:0.04958667123278262
street:0.02034708408325819
port:0.02127437313953847
they:0.009519588005181058
pro:0.022963092604878683
now:0.008428134683052266
david:0.025473931013719326
postscript:0.025667939016064362
in:0.0054391745477905245
and:0.004869864980749871
still:0.01041688307259973
for:0.01327954542498261
subject:0.00013620896373478723
adobe:0.14933970295808058
con:0.02959208742186981
until:0.014597784313084918
i:0.006817810973049818
comp.graphics:0.030798152616075065
world.std.com:0.046898738064903536
ago:0.014597784313084918
than:0.007298986133772761
the:0.0034611107601538148
see:0.009027478374546816
photo:0.05572524252905256
return:0.01882840667253535
drop:0.022090161512020666
development:0.01983297465845001
an:0.004581112951845595
manipulation:0.029867940591616113
just:0.00599177838503003
about:0.0050255927567442425
trade:0.021525933144559663
is:0.004112336125877508
east:0.02077377183362764
else:0.012890572578255391
type:0.01653322709352906
presumably:0.025155334269311123
their:0.007722875605008744
illinois:0.02458785653915692
chicago:0.043088770783713086
midway.uchicago.edu:0.02687953787764107
image:0.01888297447415141
article:0.008268702860373478
release:0.040549015197829164
progress:0.025626626718959163
going:0.04444521804183025
understand:0.015286516647630883
included:0.01909582372704576
opposite:0.024621533498500554
s:0.00949647368657171
enhancement:0.03303981924762529
