some:0.01389924851349231
ask:0.017348586811645042
there:0.005462970152244925
29:0.027172534186253067
11:0.02300127760488042
know:0.007344494795585129
knowledge:0.022004590147929378
where:0.010996766656153343
4:0.02957463695450808
ca:0.01224136069102572
someone:0.013115822111089403
post:0.015372486931137979
my:0.005656037269823222
to:0.0024610699287336262
lance:0.035424286335776226
13:0.023438919967062277
r:0.23989795813975412
bit:0.01622073927414107
nt:0.00425046756977642
location:0.38256891453953357
australia:0.02761365306812046
re:0.002225836326060539
anyone:0.009957825890722567
file:0.2893796078531818
apr:0.044371527107595225
8:0.017574352871273013
a:0.0016625049117218987
was:0.010541203977397447
technically:0.033051434293884775
driver:0.04380697141055228
also:0.008830340069521228
universal:0.05852198473052176
works:0.01770908329494488
month:0.02365359219873368
pushing:0.03142114411341188
mar:0.460515722365091
it:0.01224483677642757
not:0.01076625015314223
turner:0.06712390218011983
netcom.com:0.038321847318108795
be:0.0034432217686754243
sort:0.01867536492655375
writes:0.003936085660818823
of:0.0023147688757826027
host:0.34191818551233744
what:0.005478822041646614
well:0.010017070893769908
find:0.012597897248055894
in:0.001057617273181491
and:0.0011363018288416363
for:0.005809801123429892
subject:0.0001589104576905851
i:0.0011363018288416363
group:0.01605426151670622
ago:0.017030748365265736
information:0.01451679336002241
the:0.00044866250594586486
would:0.005551485988716524
7:0.17097474262131995
about:0.011726383099069898
is:0.006396967306920569
discussion:0.02046352347910828
cards:0.04684544600419169
time:0.009401845058950677
vesa:0.06284228822682376
does:0.007252909609151936
appropriate:0.02407147469083635
1:0.011657880309075646
luck:0.02454040848758108
data:0.01746634299527269
