believe:0.08046932890112371
wang:0.2219612148448509
thanks:0.07382913499689492
graphics:0.1303237570422119
post:0.09565102979374741
to:0.010208882667339486
software:0.10428836624004653
re:0.013849648251043352
so:0.037844836940182223
this:0.019443794013756257
3d:0.17327090476287105
it:0.01269834924962859
have:0.01893520789435751
be:0.021424491005091528
please:0.07094130951500943
subject:0.0009887761811858628
i:0.007070322490570182
info:0.10908872071823694
comp.graphics:0.2235717745463227
information:0.09032671424013944
will:0.041974272033454975
the:0.00279167781477427
people:0.05575085703974508
many:0.06863707509548495
company:0.12467140887523517
happy:0.14067018846240817
