out:0.01402591784619595
dan:0.09461436879493472
there:0.01092594030448985
posting:0.03927605424947905
post:0.030744973862275957
to:0.0016407132858224176
that:0.004129816969458057
think:0.017139857470578036
like:0.013864750756055632
nt:0.00850093513955284
could:0.017965585182453062
me:0.012899865242911245
re:0.004451672652121078
started:0.03903862947605839
lost:0.04172031338473631
best:0.028990191428112308
on:0.01207163869617357
you:0.01984996390745435
came:0.03593722300568984
a:0.004987514735165697
how:0.015659083300346717
stuff:0.03480257800801931
d:0.021688621694964706
it:0.016326449035236758
ftp:0.04515913032486994
deleted:0.04182594639283734
interesting:0.03890505430858824
ben:0.13354747376008982
ve:0.04345556426255796
free:0.03437509278719923
heard:0.06434874665285416
writes:0.007872171321637646
get:0.015647309229656216
if:0.01595596237531927
of:0.011573844378913014
but:0.007920038360123931
never:0.026237371795974528
again:0.029069870691762117
net:0.03946598196307717
in:0.002115234546362982
gopher:0.15869158505174016
and:0.0022726036576832726
for:0.0038732007489532616
subject:0.0003178209153811702
i:0.004545207315366545
back:0.025075675238899253
information:0.02903358672004482
the:0.0017946500237834594
do:0.008551403796505912
interest:0.04348553567461768
an:0.010689263554306388
note:0.03525820355807735
about:0.011726383099069898
worry:0.05233765512922289
general:0.03510036146532799
is:0.0031984836534602844
write:0.03874016577366087
lot:0.029506587955540363
article:0.009646820003769058
luck:0.04908081697516216
data:0.03493268599054538
while:0.02583741078426812
s:0.01477229240133377
