mode:0.06602388355996949
some:0.020129946122988865
there:0.015823775613399094
help:0.03689815034554822
thanks:0.03436873525717522
supports:0.07451102559756528
with:0.01008323063430254
4:0.04283223283066688
ohio:0.08745544444923048
work:0.034915042482591446
encounter:0.09883149204047796
make:0.030346215230167305
cleveland.freenet.edu:0.07383480640526734
contact:0.06000124653414772
26:0.0757993626009435
on:0.008741531469642929
none:0.06245707297278093
sea:0.08702258374007399
m:0.023600253657173657
a:0.004815531468435845
million:0.06747433205398515
speedstar:0.2105320960081953
are:0.011084678993124578
color:0.06370055356212734
be:0.009973469950646057
24bit:0.10568152303132285
which:0.02227400573306065
of:0.006704847778128919
looking:0.044722161127700756
but:0.011470400383627764
in:0.0030634431361119046
or:0.011626059615570436
world:0.043469839460908224
and:0.0032913570214723265
still:0.03520188072809564
for:0.005609463153656448
subject:0.000460292360207212
i:0.0032913570214723265
appreciated:0.05835796757200419
any:0.01764288390153116
the:0.0038987224654606187
would:0.016080166312144414
drivers:0.135596681326914
24x:0.315798144012293
new:0.05944826085805334
2:0.03359326813957601
1993:0.05223544487948512
diamond:0.08632445682016475
release:0.06851385326529756
