isbn:0.044236291789726975
some:0.008648421297284105
read:0.016792615273317938
go:0.01441060927254909
ask:0.021589352476713834
out:0.00872723777096637
there:0.006798362856127018
send:0.021728497191675723
thanks:0.014765826999378985
specifically:0.029978093716708603
your:0.00933283127541676
much:0.01294219903377727
jpeg:0.17133799679924783
from:0.006270905588371671
to:0.0020417765334678974
sound:0.0255643206602106
appreciate:0.028438617299366625
that:0.010278655568428942
through:0.017551579955739458
me:0.016053165635622885
re:0.0027699296502086707
anyone:0.01239196110845475
presume:0.04154810294758351
getting:0.02009038201647916
on:0.003755620927698444
you:0.004117029551175717
a:0.003103342501880878
as:0.011853543114326199
cycles:0.044083556328965975
standard:0.02254847807749805
book:0.023034803782842027
it:0.007619009549777155
ftp:0.028099014424363522
have:0.011361124736614507
try:0.018047330906247355
site:0.0289301051662119
mitchell:0.039916689676055744
algorithms:0.03770007564010866
writes:0.004898239933463425
watched:0.03691324443081009
if:0.009928154366865323
of:0.0014403006338202864
explain:0.026630055763056326
understanding:0.02973447988822834
easy:0.02454578936488006
david:0.03698437391621473
good:0.04800029189213331
translate:0.04439224296897019
one:0.0072837845020416484
comment:0.029108128865798246
code:0.14402277823696427
in:0.0026322918799183775
and:0.002828128996228073
still:0.015123770979478127
subject:0.00039551047247434514
i:0.00848438698868422
group:0.019978636554123297
any:0.022739717028640163
revision:0.04455154819282917
pretty:0.04263733417658706
will:0.01678970881338199
the:0.0033500133777291247
got:0.016386324604670918
can:0.01280838507315131
complicated:0.036799282069036154
meant:0.03016043910660013
compression:0.03604716044518858
stuart:0.04596677216884924
an:0.0066510973226795314
problem:0.015670854015152478
btw:0.027791040892172852
many:0.02745483003819398
about:0.007296416150532382
language:0.0302067355536014
is:0.0059705028197925315
does:0.018051686138333706
lot:0.018359654727891785
trouble:0.028257939868817295
1993:0.022441894837112127
image:0.027415281458767978
article:0.006002465780122971
inherently:0.042583376594806904
offensive:0.03714656789050912
understand:0.022193757503227062
process:0.026789360986915315
by:0.007336559072719749
s:0.009191648605274346
