since:0.011700711247974744
looks:0.02001816066885316
read:0.013257327847356268
go:0.011376796794117702
pixel:0.02874764162201069
at:0.010303684356192175
thanx:0.028378174361066065
small:0.01747804620038603
document:0.026636452466821624
specification:0.03315036919663974
with:0.0034200431391201596
height:0.03137873443299898
jpeg:0.13526683957835353
wrote:0.015061841957268193
post:0.015102794177960118
often:0.018171464258939802
my:0.005556808545791235
to:0.002417893263317247
tool:0.05498756545050728
archive:0.028378174361066065
width:0.03306108573388659
format:0.02350909068443283
that:0.0020286820200846596
like:0.020432264272081984
nt:0.008351795926578228
michael:0.03514263393770396
murphy:0.032236064691431005
file:0.01776892328923046
this:0.012280290956056584
getting:0.0158608279077467
recently:0.01935269920811514
you:0.006500572975540606
spec:0.030689944750797914
size:0.04211552207094582
more:0.014870397962815507
a:0.007350021714981026
how:0.023076543811037267
jfif:0.13854719742922314
was:0.005178135287142605
idea:0.01621272687286992
whole:0.01749658172530579
advance:0.018500007115068124
popular:0.02473668009434481
output:0.047805358934901995
files:0.01935269920811514
are:0.0037597156818785114
it:0.008020010052397004
have:0.0029897696675301334
color:0.04321207142226182
larry:0.026577678572941497
determine:0.051022941276947856
univ:0.05432284644742932
without:0.01314158178247073
returns:0.030869895971071325
get:0.015372795032644705
if:0.007838016605419992
of:0.005685397238764288
germany:0.024589156334428576
looking:0.015168920148576865
but:0.003890545159359124
please:0.011201259397106752
email:0.01604619098811661
in:0.0031171877525349207
or:0.003943341857912779
use:0.009723856887411392
and:0.004465466836149588
for:0.003805249858620748
subject:0.0001561225549240836
create:0.02223886369148315
i:0.008930933672299177
group:0.015772607805886813
similar:0.018507358408577198
will:0.006627516636861312
the:0.003526329871293815
wrong:0.015458608519472868
do:0.012602068752745554
got:0.012936572056319146
would:0.00545409149768641
can:0.005055941476243938
law:0.017583866229496876
because:0.010320013443827566
did:0.00961351487393547
mr:0.01974827882037084
an:0.005250866307378577
gif:0.054784153255046826
south:0.025272745524320385
is:0.0031423699051539634
picture:0.047842429984741516
grad:0.034568858302904716
thru:0.03018110628887025
header:0.03074931534415474
index:0.030073801384377874
ham:0.03412729366835416
image:0.021643643256922085
resolution:0.026127614004893964
describing:0.0308092948772962
very:0.010194400536745305
useful:0.022422732263616595
respond:0.023649168117312904
by:0.011584040641136445
summary:0.02515694068633103
s:0.0036282823441872412
news:0.017946646293353324
