my:0.035193120790011155
to:0.005104441333669743
scanner:0.20616423272240658
job:0.12857365019589542
pcx:0.22793410920026283
me:0.04013291408905721
tiff:0.20180189806846643
wan:0.20272787222422264
you:0.020585147755878587
color:0.13683822617049576
please:0.07094130951500943
24-bit:0.43643382843997075
bmp:0.2072075985359879
for:0.01204995788563237
600:0.18206839693940102
subject:0.0009887761811858628
scan:0.19399741542714596
the:0.00279167781477427
do:0.026604367366907283
can:0.03202096268287827
na:0.16141864700112513
gif:0.17348315197431496
interested:0.10655837834870073
picture:0.1515010282850148
write:0.12052496018472271
dpi:0.22612706608287644
