go:0.04744956711692993
lead:0.047124568751462335
send:0.03577252586434418
where:0.04505992190814053
among:0.04200616424372958
your:0.015365027099771495
with:0.007132041180360334
supporting:0.059949350211754
hacker:0.13826129591769257
my:0.011587978796710991
line:0.03443663108299986
look:0.028916686881413543
80:0.0487397759446745
us:0.02512044373396337
mail:0.03736970127848605
next:0.03266317102133141
nt:0.008708275021005348
re:0.009120500067760258
finger:0.12135526712354756
generation:0.0565743136029785
employed:0.06876107052597642
you:0.006778036456203926
a:0.0017030538120077988
old:0.03229162295539419
forever:0.11510088836872621
70:0.052461425089787884
are:0.01568076540490794
daniel:0.1043556096389839
place:0.033163751430688115
ones:0.041373536346059225
only:0.01626263705206447
site:0.04762883167608057
netcom.com:0.078513053041979
hackers:0.06931972340440684
writes:0.008064175500214175
if:0.008172566094675723
of:0.002371226653240715
please:0.02335872386469823
who:0.015768937490656686
now:0.04029059507020108
in:0.00433365126571928
or:0.008223310459793723
grady:0.07815991704921814
and:0.006984099045563228
for:0.007935338119806684
subject:0.0006511452900492268
we:0.032871802578389515
information:0.02974172298150933
the:0.005515265926749168
do:0.008759974620810936
did:0.04009539130348696
families:0.06463177585671988
here:0.021956108605163366
gone:0.047921919474180036
guess:0.03653850320653236
radical:0.06894445927432448
article:0.009882108296543915
takes:0.04360853480463013
s:0.015132592216000447
