go:0.018181609829851654
there:0.017154747393965372
know:0.023063086460902837
all:0.008916521781741038
thanks:0.018629781728188438
graphics:0.0328854340199974
where:0.034531902770724515
from:0.007911890228319398
download:0.16118007028875508
via:0.031946087650613506
to:0.005152146392862918
obviously:0.034410215708653796
then:0.014914769624072927
amongst:0.05189384076049198
that:0.006484198606251903
like:0.01088447722905302
through:0.022144516766587165
nt:0.006673631324508771
me:0.030380991039379756
need:0.01795515879903959
anything:0.021693842526349566
complete:0.03460949392798857
so:0.009549631751260935
file:0.028397064322041206
this:0.0098127558574097
these:0.03096515837568117
unix:0.0740666806751464
you:0.005194383078586185
am:0.015274171557956686
etc:0.021703962499609677
them:0.01369961842553496
a:0.003915432128541295
how:0.036879336370910024
want:0.01768783147394562
advance:0.02956543193155747
files:0.030928145463436345
are:0.006008517585058182
ftp:0.07090405508951542
systems:0.02804128149796832
shareware:0.04635792971901553
command:0.03846965098069005
of:0.0018172017342592396
but:0.006217600207947759
please:0.017901078101918266
find:0.03955975210604468
in:0.003321115923261504
thomas:0.06885990680428224
compiled:0.049334132813581275
or:0.00630197624021575
and:0.0017841000677139712
for:0.0030406435786175137
subject:0.0002495042700188626
i:0.01427280054171177
any:0.009563432395222497
information:0.022792722284894998
allow:0.032768922162379366
will:0.010591638737413872
program:0.02594984516246799
the:0.0014088841308206596
do:0.020139754735696166
see:0.016536315527207253
can:0.02424016801227234
people:0.014067973271711377
gif:0.04377612246080845
is:0.005021918259638577
their:0.014146575874595457
first:0.035094482792355906
remotely:0.05684018959651841
give:0.02208632029304679
process:0.033799661058257637
newsgroups:0.04005862000767752
