know:0.04838725982973732
river:0.10707987780092453
where:0.03622464310262278
someone:0.04320506107182392
been:0.02876941935728312
me:0.021246836870677348
anyone:0.06560449998593691
you:0.010898019400171016
digitized:0.23030621525368278
am:0.03204581091571305
particularly:0.0787666724537369
a:0.0054764867680250785
have:0.010024521826424566
get:0.025772038731198477
if:0.013140204309086457
of:0.003812560501288993
scenes:0.12167674985871858
find:0.04149895564065471
who:0.05070795585230778
david:0.19579962661525444
good:0.031764899046264686
in:0.006967831446842764
use:0.03260352015190879
and:0.0037431119067724496
for:0.012758778937728392
subject:0.000523469742980751
i:0.007486223813544899
any:0.02006445620174132
thank:0.07118616287783361
can:0.05085682308457137
interested:0.05641325912578274
fee:0.09864541268918853
desktop:0.09817291167783442
does:0.04778387507205981
their:0.029680070952582627
image:0.07256986268497405
publishing:0.11305025409049634
