since:0.013077265512442362
round:0.028762631973851236
ever:0.017277268345293206
with:0.007644802310974475
wrote:0.01683382336400563
longer:0.022184385675648205
reasonably:0.03222513409663386
to:0.0009007837647652489
1988:0.02986994015658357
might:0.0139025172279637
perhaps:0.018878833579346704
been:0.009589806452427707
that:0.013604102958214776
think:0.009410117826984022
quite:0.017360780275224846
bit:0.01781100783042941
perfect:0.02647115551723457
months:0.06658420666627098
re:0.002444055573713533
so:0.006678500636502746
had:0.04011525452763752
off:0.01427096371213301
something:0.013010858282114528
on:0.003313783171498627
you:0.014530692533561356
used:0.012904990250567749
machine:0.02126012649885194
went:0.021323276243373098
cycle:0.03304319385450319
modem:0.027865167166894186
a:0.0054764867680250785
other:0.009015084887790266
services:0.026121971421328816
fine:0.021170958025624576
vga:0.029479618361148128
21:0.05302226171443563
daily:0.029141211370797022
lose:0.02748199825612606
computer:0.017520934020688335
display:0.048184593685431085
reasonable:0.04886676039354311
it:0.008963540646796653
have:0.0033415072754748552
only:0.026147769377829148
ve:0.023857956850031822
60:0.026612152152882467
has:0.013918620573680405
netcom.com:0.04207889117282535
screen:0.07330014059031466
which:0.008443740735408612
writes:0.004321976411879492
if:0.008760136206057638
of:0.0012708535004296645
lcd:0.12018683011405343
what:0.006015961457494322
but:0.008696512709155689
ph:0.035858768469486546
fairly:0.025648408812077687
administrator:0.03602854289042289
toshiba:0.04006227670468448
now:0.010796826129923165
in:0.0011613052411404607
point:0.014389123929804319
system:0.014609296269558987
or:0.00440726442943193
and:0.0037431119067724496
still:0.013344503805421877
for:0.0042529263125761305
subject:0.00017448991432691697
until:0.03740085915509339
i:0.0037431119067724496
um:0.037795146352775255
than:0.009350335177904975
portable:0.03343602995953394
the:0.0034485431829564513
wrong:0.03455453669058641
arm:0.032724303892611474
maybe:0.017306621453217805
last:0.01424942844483332
bought:0.02394172384881347
an:0.005868615284717234
problem:0.01382722413101689
long:0.015557589837311012
about:0.012876028500939498
is:0.010536181446692702
time:0.010323594574534077
expected:0.027120054011230937
02:0.037795146352775255
life:0.0182377735509066
goes:0.021065537228697234
nothing:0.016698405238568033
before:0.013896694557010748
mike:0.041770091881800045
s:0.016220556362248846
