some:0.020246304193063943
read:0.013104063941606483
pc:0.019264983017328804
there:0.005305080841486401
help:0.012370478150530618
all:0.005514842951712666
tried:0.017906728630269774
ever:0.015279896282253529
fax:0.01768001930568433
targa:0.07612721230635318
from:0.009786962478961566
work:0.011705621179134703
cunixb.cc.columbia.edu:0.0305735463058988
my:0.005492567984568215
to:0.005576528393431108
photography:0.03250631616962385
amiga:0.08738287903678224
been:0.008481158307638377
format:0.06971192786771123
that:0.004010458097508402
like:0.006732017708142619
conversion:0.05806726979093637
could:0.008723174308243107
re:0.00216150579640561
so:0.011812839276126244
this:0.003034580568620919
tools:0.025719496278431623
programs:0.020423018059505874
hi:0.01821396913303124
on:0.0029306868510941613
used:0.011413083863218876
more:0.007349242923819224
a:0.0016144556368166416
richard:0.02159582378484843
3d:0.0270422799340897
sorry:0.01836657043201517
j:0.01765392288745007
mac:0.07933600311702048
stuff:0.016898361576148102
video:0.02020642308014464
1.5:0.030822201711006834
far:0.0143894686249792
files:0.05738690574429518
are:0.022297504564204353
no:0.0065072007871821375
those:0.010727836151951215
it:0.0019818232932946357
not:0.01394011580522462
have:0.002955205856344814
made:0.013442656369468215
only:0.007708301955313795
ve:0.010549905774725053
herein:0.03362860527043863
university:0.013585780934096263
disks:0.024911623779153253
sites:0.026328516600153166
univ:0.026847418330954952
be:0.0066874133773118065
claims:0.043425730353858105
writes:0.007644651919278177
certainly:0.017778943799165555
things:0.012917490914105488
if:0.003873701848343406
of:0.00561967010305603
totally:0.023812227170917064
gotten:0.024911623779153253
available:0.015613085709908844
what:0.005320474583795556
but:0.0076911355173457825
never:0.012739533126369135
utilities:0.029885962821151017
using:0.012742315483496651
please:0.011071765068816502
necessarily:0.022469728514775734
they:0.010785197971187788
now:0.009548638138024533
over:0.011595033251556981
one:0.005683878079627875
in:0.002054100599936306
and:0.0011034607355225139
for:0.005641887796163132
subject:0.0001543176698960595
i:0.003310382206567542
example:0.016250630888774015
comp.graphics:0.034892704697981
ago:0.016538530204419907
any:0.011829910592934187
actually:0.014128983393647888
than:0.008269371573522897
the:0.0034855630519724993
around:0.013683204815916969
can:0.009994982571534259
int:0.031284876321836526
an:0.010380325301291753
german:0.027142230784436873
long:0.013759024538199912
expressed:0.023755833096088363
changed:0.04369150513102225
is:0.003106041929371837
number:0.014463958661258717
object:0.024450706914063366
center:0.018882259153022014
almost:0.01746816722696282
faq:0.044879711709800686
e-mail:0.015894195240764547
although:0.01826438992343791
article:0.009368010177070531
convert:0.04946335254564554
opinions:0.01650641708393088
needed:0.019282212081711103
checked:0.026015989309573537
by:0.005725060548076104
black:0.020402036741294437
