some:0.011675368751333542
tel:0.04065448079298377
all:0.009540678306462913
thanks:0.01993386644916163
much:0.017471968695599315
companies:0.07953264691175473
single:0.03251426670512375
to:0.004134597480272492
software:0.028157858884812564
format:0.08040109014076029
make:0.052802414500491106
that:0.0069380925086895365
problems:0.02743073235891773
think:0.014397480275285552
like:0.011646390635086733
me:0.010835886804045448
need:0.019212019914972362
so:0.0102181059738492
anyone:0.016729147496413913
phone:0.02937347126209569
best:0.04870352159922869
personally:0.03918844605106501
on:0.0050700882523928995
numbers:0.10583227202996094
am:0.03268672713402731
sure:0.021820440201592035
a:0.0027930082516927903
how:0.013153629972291244
3d:0.09356628857195037
as:0.008001141602170185
idea:0.02772376295260756
advance:0.031635012166766494
patrick:0.04585605030493252
ie:0.04183618186761412
based:0.030209030119005425
it:0.0068571085947994395
not:0.006029100085759649
have:0.005112506131476529
probably:0.023872237150292085
be:0.011569225142749426
of:0.005833217566972159
what:0.009204421029966312
lately:0.05258132923850461
using:0.02204420578644921
please:0.01915415356905255
in:0.007107188075779619
st:0.038367472429193
or:0.006743114577030853
and:0.005726961217361847
usenet:0.04084198628643752
for:0.00325348862912074
subject:0.000266969568920183
costs:0.04116252654933836
scan:0.05237930216532941
i:0.009544935362269746
platform:0.05227979885679773
will:0.011333053449032845
the:0.004522518059934318
hello:0.038692907906517714
would:0.01865299292208752
forward:0.04325647506056325
an:0.008978981385617367
paul:0.03275022491109057
either:0.025035627071133583
save:0.036225102324212936
having:0.026168913924203615
does:0.012184888143375252
needed:0.03335822690136021
