know:0.041129170855276724
thanks:0.06644622149720543
where:0.061581893274458725
to:0.004593997200302769
reply:0.11970655064517148
digitized:0.19576028296563036
etc:0.07741079958194118
a:0.004655013752821317
ftp:0.2528911298192717
get:0.04381246584303741
photographs:0.20048196686773126
what:0.03068140343322104
please:0.0638471785635085
one:0.03277703025918741
email:0.09146328863226469
for:0.010844962097069134
subject:0.0008898985630672766
the:0.005025020066593686
can:0.028818866414590444
address:0.21285475692890737
paul:0.2183348327406038
is:0.008955754229688797
institution:0.40702871894917764
does:0.04061629381125084
by:0.03301451582723887
