some:0.01883123992150571
read:0.03656456551448261
out:0.01900285643678161
there:0.02960577372829508
take:0.034286276295737154
thanks:0.03215139749864779
someone:0.03553964701069387
to:0.004445803742228486
trip:0.08294548446336478
nt:0.011517395995523202
me:0.017477236780718462
re:0.006031298431905976
mksol.dseg.ti.com:0.0938346566417078
on:0.008177561697407902
you:0.017928999658345865
tell:0.038871371832620204
more:0.020506758480979447
magazine:0.06810805704522391
a:0.004504852018859339
want:0.03052577367277712
local:0.049296507288966965
3do:0.31011838055012353
d:0.029384584231887667
it:0.01105985257225716
cool:0.07404559636249038
have:0.008245977631413756
aaron:0.16308415031416088
writes:0.010665522435767134
fill:0.07794298561975446
of:0.0031361384768667524
what:0.029691680741826813
latest:0.06719913871375405
please:0.030893796079117013
in:0.00859740493037857
or:0.010875991253275569
and:0.0030790114071837893
subject:0.0004305960789035209
i:0.0061580228143675786
review:0.06970386265578687
yet:0.04242046359171232
the:0.0024314613225453322
bh:0.10750075116408205
may:0.030016540765158563
just:0.01894175102364332
is:0.0086668589319569
too:0.03149222367523381
check:0.053375992977220794
s:0.010007036788000296
