at:0.021486951523278806
k:0.09240636722565031
thanks:0.04861918646136983
with:0.014264082360720668
companies:0.19398206563842615
from:0.02064810376658965
to:0.003361461366075197
hill:0.12154360971120394
scientific:0.102992671629363
software:0.06867770459710382
t:0.06283592817074249
r:0.0756151162616861
like:0.028405830817284712
anyone:0.04080279877174125
bell:0.1088586109507457
them:0.03575266272029856
a:0.0034061076240155977
doing:0.06538299768695892
has:0.02597010911918417
list:0.07101533163223366
if:0.016345132189351446
of:0.00474245330648143
ph:0.13381442867881566
visualization:0.3110909512059174
email:0.06692435753580343
or:0.016446620919587446
600:0.119898700423508
subject:0.0006511452900492268
rm:0.1254297569933809
i:0.004656066030375486
would:0.022747552344009173
nj:0.11903062859173477
mountain:0.11084836673104868
involved:0.08782627163575288
hardware:0.08657758838230614
hear:0.080821501567288
laboratories:0.13788891854864896
data:0.0715694054440442
murray:0.13087228263519088
