thanks:0.062293332653630094
graphics:0.10996067000436631
everyone:0.09554727367228448
nt:0.022314954741326203
me:0.03386214626264202
hi:0.09846927062545015
you:0.017368718419022558
surface:0.2853116089556572
advance:0.0988594130211453
explanation:0.14412474330207645
computer:0.0837719657864161
between:0.07258955768895017
of:0.006076268298929333
what:0.028763815718644725
please:0.05985672990328921
in:0.011104981368405655
clearly:0.11357844926326263
and:0.0059655846014185915
subject:0.0008342799028755718
i:0.0059655846014185915
the:0.0023554781562157906
do:0.02244743496582802
would:0.029145301440761752
an:0.028059316830054273
btw:0.11724345376385421
definition:0.12733685646022688
difference:0.10022355771357458
give:0.07385113347987521
understand:0.09362991446673917
s:0.019388633776750572
