another:0.016927521606019683
some:0.008912495230025604
believe:0.01658528152923924
there:0.007005946454787385
formats:0.03846625463960134
form:0.0521126858699526
know:0.01883778817798934
help:0.01633658564917402
specification:0.043272619333018285
chris:0.02928814689251374
several:0.021514895969980127
to:0.002104120855100505
sound:0.026344910604033822
amiga:0.07693250927920268
format:0.15343719492511504
that:0.00794438073514069
packages:0.03775008093564978
conversion:0.038342128526076304
nt:0.005450981310858309
re:0.0028545076547951947
file:0.046389097442113114
this:0.004007499529552817
tools:0.03396544165014253
programs:0.026970855910645162
on:0.003870296375872442
spec:0.040060920247224754
used:0.04521672156496639
more:0.009705488746723098
a:0.0031981010515566297
other:0.010529068609403898
3d:0.07142464776484761
load:0.034320556273309655
rent:0.042180246480799405
standard:0.06971094367470772
are:0.004907720470238363
silver:0.03975856041443815
it:0.010468868083663265
not:0.009204732955358242
only:0.02035933188197384
christopher:0.03694010760744713
b:0.023365712568811006
call:0.020282107618310743
be:0.008831469574617883
which:0.009861773530668074
writes:0.005047804511584445
of:0.005937117116511103
what:0.007026275595394131
but:0.010156995759548247
over:0.015312524828392043
one:0.007506190135691774
or:0.005147415707657139
use:0.025385946988509128
and:0.0014572420400411827
for:0.007450737318597115
subject:0.00020379356406120838
space:0.023339792042084757
i:0.004371726120123548
everybody:0.031129078623940373
possible:0.019671539106599863
any:0.007811353177777154
actually:0.018658886466420492
will:0.008651185838956368
exist:0.027759728822871033
the:0.004027687839636161
do:0.005483342892416004
around:0.01807018651262317
can:0.013199480800575775
imagine:0.030059072934858492
an:0.006854184263830051
just:0.008964798194396075
german:0.03584432004356931
changed:0.057699468608143886
is:0.014356552581943871
picture:0.062450805552601525
object:0.03228986485597681
turbo:0.03792292426961741
mostly:0.031153045952220276
needed:0.02546429534454978
by:0.02268172843092747
s:0.009472309631389592
