preferably:0.22906040973989783
stations:0.2385387641665844
thanks:0.08666898456157231
someone:0.09580252672447913
post:0.11228599149700784
sparc:0.2363643980546426
that:0.015082809801498991
could:0.06561344153591554
unix:0.1722855398313188
on:0.02204386196692565
a:0.006071757068897369
richard:0.32487630563293723
3d:0.20340497515641384
cheap:0.1615752703655151
list:0.1265925476922426
of:0.008453938502858202
please:0.08327892856109803
good:0.07043521092867387
for:0.014145602735307565
subject:0.0011607372561747086
will:0.04927414543057758
run:0.11638410558206064
