photoshop:0.09155875997194124
knowledge:0.026405508177515254
ca:0.014689632829230864
my:0.006787244723787866
415:0.03755809231321758
to:0.003937711885973802
bet:0.030811937964354354
rd:0.03699758077434976
platforms:0.11649388189835957
software:0.02011275634629469
been:0.03144086544045941
that:0.009911560726699338
view:0.024323919662747367
re:0.005342007182545293
package:0.027766164521830013
michael:0.021462108583383495
charles:0.029401804678098824
searching:0.037932149352626975
announced:0.06894029379580155
best:0.017394114856867385
on:0.007242983217704142
working:0.022632421505047195
a:0.003990011788132557
mac:0.024509158105793828
rumor:0.03956453792369188
stuff:0.020881546804811586
product:0.02850641373390399
are:0.004592224154294468
no:0.008041040972732214
it:0.004897934710571028
comparable:0.03617126363863931
deleted:0.025095567835702406
couple:0.02254279853324656
have:0.010955370281735419
made:0.016611282513700008
being:0.013898599499465343
systems:0.021431550859161503
machines:0.02818533239203066
sgi:0.19880122441089204
real:0.018268527528558908
quality:0.02745831314695964
has:0.007605531956332507
sun:0.05183560434426916
writes:0.009446605585965176
soon:0.025692811693139073
making:0.02196147993480288
of:0.0027777226509391236
wayne:0.03337583148202058
available:0.019293313055815928
but:0.009504046032148718
shop:0.06942133972589566
shipping:0.029309339216727136
they:0.006663711603626741
adobe.com:0.0380093701819428
now:0.011799388556273173
in:0.001269140727817789
and:0.005454248778439855
for:0.018591363594975655
subject:0.0001906925492287021
adobe:0.2508907009695754
until:0.020436898038318885
i:0.005454248778439855
we:0.009626742183671214
comp.graphics:0.04311741366250509
world.std.com:0.06565823329086495
the:0.002153580028540151
see:0.012638469724365543
photo:0.07801533954067358
manipulation:0.04181511682826256
mountain:0.03246273597123568
just:0.016776979478084084
dates:0.03996146543194053
is:0.009595450960380853
type:0.023146517930940688
image:0.026436164263811977
article:0.005788092002261436
little:0.016752419299274745
release:0.028384310638480417
going:0.01555582631464059
understand:0.02140112330668324
by:0.0070745391058369
announcement:0.032643577456837755
enhancement:0.04625574694667542
