photoshop:0.18311751994388248
publish:0.1610973652322876
to:0.003937711885973802
platforms:0.15532517586447941
software:0.08045102538517876
uxa.cso.uiuc.edu:0.12738872399234127
re:0.010684014365090587
93:0.10460044273726861
magazine:0.12064855819439664
a:0.003990011788132557
richard:0.10674507185082224
processing:0.13552097070562383
it:0.01959173884228411
of:0.005555445301878247
available:0.07717325222326371
shop:0.13884267945179132
in:0.005076562911271156
for:0.018591363594975655
subject:0.0007627701969148084
adobe:0.3345209346261005
similar:0.09042166536762003
program:0.07933238378240215
the:0.002153580028540151
photo:0.15603067908134716
is:0.023029082304914048
issue:0.08946742878471009
type:0.09258607172376275
image:0.21148931411049582
april:0.09720439605394605
