basically:0.039638449982301885
pc:0.03366507133331195
go:0.019650830826203305
increased:0.04901684662365957
programming:0.044321002900639714
where:0.01866117978013901
own:0.022893844803515105
with:0.0059073472402984585
programmers:0.058068240811100326
hacker:0.1717791858371332
job:0.03506554096251693
young:0.03791975279872916
that:0.0035040871256007762
think:0.014542909368975307
re:0.0037771767957390967
programs:0.03568870832620724
you:0.005614131206148706
them:0.014806658298305464
why:0.01797699575913138
more:0.012842616422431575
jobs:0.04987702650588489
a:0.005642440912510688
practical:0.048481568541432186
was:0.008944051859609956
as:0.016163922428626635
old:0.02674659679133661
lc:0.0524155560844799
science:0.03415790127441733
computer:0.05415561424576395
business:0.03653094680033907
databases:0.06011394044858997
pa:0.05231981119605017
reason:0.026992039636449777
it:0.0034631861589896162
not:0.006090000086625909
philadelphia:0.05010402504984507
university:0.023740809107057108
uses:0.034494900301378154
be:0.005843043001388599
which:0.013049417500176949
hackers:0.05741633655718547
er:0.055548434148155044
gates:0.06075211117203978
get:0.013276504800920429
dept:0.04144755040749293
of:0.009820231594229225
up:0.01357030677123621
now:0.016686004018972165
good:0.03272747174463635
in:0.003589488927161424
required:0.037805873237383526
or:0.006811226845485711
world:0.025467178674067444
and:0.00964134885077752
for:0.00328635215062701
subject:0.0002696662312325081
i:0.0019282697701555045
caught:0.04560832559324699
the:0.007613666767566192
when:0.013208832755997333
can:0.008732989822603166
did:0.016605162054979448
carl:0.09817159153156964
come:0.024254481560297057
is:0.005427729836175029
days:0.030083359843941136
their:0.015289733521027415
temple:0.05636788409575473
image:0.03738447471650179
widespread:0.054199632202452795
main:0.037559767794210386
