some:0.012289861843508991
say:0.019974157623868876
help:0.06758187536974096
perspective:0.10288996515620573
graphics:0.07407876716083625
your:0.01326244444401329
with:0.006156077650416288
creating:0.05151937381203015
from:0.00891128688873869
texture:0.06713015262864533
my:0.020004510764848448
to:0.0029014719159806963
aspect:0.05503136721768182
w:0.03257200900030899
that:0.0036516276361523874
like:0.024518717126498384
talking:0.03431253874065546
rob:0.13896892711576544
need:0.020223178857865644
this:0.011052261860450927
you:0.005850515677986546
books:0.038428820137328006
none:0.038131686657066254
them:0.01543009654244464
m:0.014408575917011284
a:0.0014700043429962052
y:0.044877585016155894
course:0.05149793262947409
z:0.052537580406330685
d:0.038354615207937585
matrix:0.194343819423382
have:0.016144756204662724
robert:0.06727183218858324
mapping:0.05830563483491435
talk:0.03641677650144239
personal:0.03530416285469175
which:0.013598866658079134
if:0.007054214944877992
of:0.006140229017865431
opinion:0.034834858574607254
but:0.0070029812868464235
english:0.046506846158311896
code:0.03411065800349154
in:0.0056109379545628574
yes:0.028072061794777777
or:0.007098015344243003
use:0.017502942397340505
and:0.002009460076267315
for:0.006849449745517347
subject:0.0002810205988633505
i:0.018085140686405834
plain:0.047892585029437273
thank:0.038215729544942255
got:0.023285829701374463
handles:0.05844885222497518
page:0.04426048140197144
simple:0.03472830059953937
many:0.01950737923766414
about:0.020737182743618347
different:0.026602283136960503
is:0.0028281329146385673
x:0.032054315679432656
everything:0.03252276298866582
s:0.006530908219537035
