thanks:0.01916717927804003
fax:0.029410032114263362
your:0.024229465811178127
with:0.005623340161437955
oliver:0.11187978291895931
name:0.026559927940675493
my:0.009136675589714436
80:0.03842943872560874
mail:0.02946457216188323
like:0.011198452533737243
me:0.010419121926966776
need:0.018473096072088812
phone:0.028243722367399703
this:0.01009581612252729
mean:0.0254175197772102
parallel:0.08848756514348828
am:0.015714772660590053
great:0.02424279508396805
etc:0.022330038340944575
size:0.034623818625633344
inside:0.07219337552065744
8:0.08516801776078461
a:0.00805675457219074
same:0.01867397452431358
3d:0.04498379258266845
was:0.008514049366359477
are:0.006181840207704092
hey:0.03705902870799201
49:0.09568396061664328
not:0.0057972116209227395
have:0.0049158712802658934
whether:0.054951126632342785
closed:0.0396737759722578
university:0.02259942405383321
points:0.035241887389138776
be:0.005562127472475686
which:0.03726612497646686
looking:0.024941205244294655
but:0.012793908120200198
please:0.01841745535485822
must:0.022283273341149015
email:0.026383640951614818
in:0.0017084586720624085
and:0.001835564492744182
for:0.0062567089021552695
subject:0.000256701508577099
space:0.11759664451973476
i:0.003671128985488364
example:0.027032299459210624
6:0.05650672370306144
decide:0.07872514262716883
the:0.0028990500384194345
can:0.008313134542670322
planes:0.052877836352570665
simple:0.03172296689381001
problem:0.020341973961976772
efforts:0.04666026745906055
is:0.0051667812863589214
31:0.044820354348355275
sides:0.13138942418730284
x:0.05856076902973274
non:0.04769517769167944
by:0.04761709013544068
opposite:0.046402120824097205
defined:0.21013604465622876
