another:0.009768745948848365
perform:0.020509755932512242
pc:0.044046370863408145
at:0.003880903138565776
say:0.00835922896153103
help:0.009427721233664305
knows:0.015391900489608966
anyway:0.013429576306804115
take:0.009364533613813673
graphics:0.015501063612950318
where:0.00813857620367296
own:0.009984540244704826
your:0.005550362212252259
with:0.0025763320563416186
frames:0.051578117673627834
way:0.0076315983239935836
into:0.007889003977895976
work:0.008921024070441867
to:0.006071361938726127
everywhere:0.021918792740376433
might:0.009370419100786107
format:0.01770949122043178
make:0.007753658516959048
that:0.006112856835849812
through:0.01043816429085827
nt:0.003145720492169333
re:0.0016473149902122052
package:0.034249013507103104
so:0.009002736540836302
anyone:0.00736966850062287
this:0.009250791865575666
mean:0.011645031087356214
two:0.008214931421380228
these:0.007297955828629704
certain:0.014521211417447178
on:0.0022335190539175768
you:0.004896907395671559
digitized:0.025871403035105336
m:0.006030020758220582
a:0.007997600720706228
wondering:0.015854332607300868
series:0.06321322221617033
want:0.0250123079433328
looked:0.016409705746606544
was:0.0039007098418563247
capture:0.02411300682843177
also:0.013070459309952128
stuff:0.012878487016183358
patrick:0.020200903218031946
video:0.03079921755828214
files:0.04373539512670955
are:0.0028322087295208176
manual:0.017311001748382217
d:0.00802574547302659
it:0.004531129027400511
not:0.002655991227206894
clip:0.025871403035105336
have:0.01126102672131394
being:0.008571823479846469
frame:0.021288392548126773
composite:0.053382473732183015
ve:0.008040236559592222
color:0.01627591236389157
able:0.0232375790846755
screen:0.016468313524696247
be:0.005096574952753051
found:0.011782028657519813
writes:0.0029130501806941076
get:0.005790193723749438
if:0.011808817969399284
of:0.005139398737420405
even:0.007397178183991303
what:0.0040548110264168775
but:0.005861526187228285
ok:0.014378190266567984
please:0.008437953114120066
now:0.007277155937789622
clear:0.01452753630919213
over:0.008836743403168978
one:0.008663532227097996
in:0.0007827299642929096
pictures:0.06145564165150867
yes:0.011748219693849732
or:0.005941070111921457
better:0.00985117123921323
and:0.004204817340206937
for:0.0028665098053927227
subject:0.00011760773961241542
create:0.03350524838100105
i:0.01261445202062081
room:0.03513681480456922
import:0.024521736931739993
will:0.019970138236181226
assumed:0.02152983852387565
the:0.00199229870481688
do:0.022150772829715757
flying:0.02188503559171754
around:0.03128450792714056
would:0.004108588749358485
can:0.015234643038550016
an:0.003955498407760955
gif:0.02063455992646037
is:0.002367159708287788
picture:0.01801994609557445
living:0.03245819395620353
right:0.00854569865105859
time:0.0069581937000163605
show:0.013260214404118205
article:0.0035697483714387714
convert:0.018848370022900175
animation:0.11650272050485666
realize:0.01724013770542352
live:0.02728359712729215
by:0.00436315187144126
black:0.015548688794026159
s:0.002733199475136645
