thanx:0.10109724616129785
know:0.025705731784547953
all:0.0198764131384644
knows:0.07279086273210905
true:0.0538183498366218
where:0.0384886832965367
someone:0.04590537738881291
oliver:0.1212030981622059
via:0.07121315372115927
to:0.0028712482501892307
line:0.058829244766791425
me:0.02257476417509468
file:0.06330178921788351
support:0.05706158978194804
card:0.06376892388571337
m:0.028516973169084834
a:0.002909383595513323
let:0.04802370297401718
modes:0.10349798081916418
ultra:0.22310266803287054
course:0.0509614958312504
it:0.014285642905832164
should:0.03422525296319749
ftp:0.0790284780685224
color:0.07697150222090388
ati:0.21389875838369576
if:0.01396146707840436
of:0.004050845532619555
looking:0.05403927802930508
please:0.039904486602192805
find:0.04409264036819563
one:0.020485643911992132
for:0.020334303932004624
subject:0.0011123732038340957
i:0.003977056400945728
the:0.004710956312431581
hello:0.08061022480524524
viewer:0.22357348283511774
says:0.053354723842241
