perform:0.031038097311201857
pc:0.06665684123995766
at:0.005873100083029541
say:0.01265029982845029
help:0.014267284800278647
knows:0.0232930760742749
anyway:0.02032342547763023
graphics:0.02345827626759815
where:0.012316378654891746
own:0.015109937570319969
with:0.0038988491785969825
frames:0.07805488474609013
to:0.006431596080423877
everywhere:0.033170439680436335
that:0.009250790011586048
through:0.015796421960165515
nt:0.00476052367814959
package:0.0518301737740827
so:0.006812070649232801
anyone:0.011152764997609275
this:0.006999765844952254
mean:0.01762281371219907
two:0.012431929551022076
these:0.011044239820659617
on:0.0033800588349286
digitized:0.039152056593126074
a:0.009310027505642634
wondering:0.02399289001238198
series:0.07174700721535332
want:0.03785195935424363
looked:0.024833354696531234
was:0.005903074227342571
also:0.009889980877863776
patrick:0.030570700203288347
video:0.02330474128576682
are:0.004286075877341504
manual:0.02619731597921842
d:0.012145628149180238
it:0.0022857028649331465
clip:0.039152056593126074
have:0.01363334968393741
being:0.012972026199500988
frame:0.03221643405616518
composite:0.08078547691470363
ve:0.01216755799351623
able:0.035166203014808925
screen:0.024922047800706986
be:0.007712816761832952
found:0.017830136701713316
if:0.008935338930178791
of:0.006481352852191288
even:0.011194396318440172
what:0.0061362806866442085
but:0.008870442963338804
ok:0.021758994603406214
one:0.006555406051837484
pictures:0.09300287103261645
yes:0.01777897247002593
better:0.014908105808676022
and:0.0038179741449078986
for:0.002168992419413827
subject:0.00017797971261345532
i:0.01781721267623686
room:0.053173713070914744
will:0.015110737932043792
assumed:0.03258182229946515
the:0.0020100080266374745
do:0.023943930630216555
flying:0.03311935386213254
around:0.047343888663072715
would:0.006217664307362507
can:0.00576377328291809
is:0.0017911508459377595
picture:0.02727018509130267
living:0.04912006685372134
time:0.010530066466024758
show:0.020067124464898885
realize:0.026090075060874258
live:0.02064458849298439
by:0.006602903165447775
black:0.023530349041626254
s:0.004136241872373455
