mark:0.1365283620132814
knows:0.15881642777914703
thanks:0.09060848385982559
someone:0.10015718703013728
correction:0.4920257821525199
add:0.15619183711144174
cco.caltech.edu:0.20458027957073738
talking:0.14816778092555766
re:0.016997295580825935
gamma:0.5073109568617925
on:0.023045855692694996
a:0.006347746026574523
what:0.041838277408937787
they:0.042405437477624715
who:0.05877513064699311
subject:0.0012134980405462863
can:0.039298454201714246
about:0.044773462741903254
entry:0.22686682448188253
faq:0.17645886649535272
