root:0.024580874916037932
screw:0.024384943005182645
go:0.009489913423385987
ask:0.014217378460274963
at:0.0042973903046557614
mark:0.014651824216059465
say:0.009256316947646554
there:0.004476970661351939
know:0.006018903051991716
damn:0.020984570035915154
faith:0.018268420099291673
ever:0.012894741740633466
where:0.009011984381628107
access:0.016353057892773293
specifically:0.019741671471978837
way:0.008450599119739235
user:0.018447041383380564
profit:0.02695420628773035
o:0.03415589252487689
hacker:0.08295677755061555
service:0.03553747539978871
from:0.004129620753317929
nights:0.027504428210390567
monthly:0.026762885735763128
work:0.009878402263367335
sell:0.01697596243405155
yours:0.020616240511485178
my:0.004635191518684397
to:0.007395215005365434
line:0.013774652433199945
speak:0.017489916168967775
normally:0.020760252410345285
been:0.007157270181567996
make:0.008585758455364408
that:0.005076653055138686
slip:0.028379262008711627
nt:0.006966620016804278
could:0.0073615080747612555
me:0.005285798440997779
re:0.0018241000135520513
charles:0.04015856248715937
likewise:0.027652259183538513
on:0.004946427563310146
you:0.01084485832992628
am:0.007972372471713979
etc:0.03398522908475467
working:0.015456287857105401
input:0.020815372192071788
m:0.006677144937151571
a:0.0013624430496062391
other:0.020184994943881623
commercial:0.020323641952452447
owner:0.021862479203959062
services:0.0194959103778698
equipment:0.01968272152458824
jack:0.020852467798828954
based:0.014736112253173377
others:0.02630564120066728
skip:0.028740764311900514
are:0.006272306161963176
those:0.00905324709408566
individuals:0.020815372192071788
learned:0.022145343875424182
it:0.0016724655109266926
have:0.004987810859977101
due:0.016171426755602354
systems:0.02927236214909864
only:0.006505054820825788
carlos:0.18320726236287582
stay:0.01926193935734723
charge:0.020079281243579685
ira:0.027153337968316964
decided:0.018203088112284656
feel:0.0148598862646155
alive:0.021487907773647986
glad:0.0226297254411914
writes:0.00322567020008567
of:0.0028454719838888584
available:0.013175921111288928
what:0.017959845912129388
but:0.006490568021955222
nature:0.01859714703541351
order:0.013679594444548741
well:0.008209111756845584
groups:0.01795017365115313
who:0.018922724988788026
up:0.006553465221231144
david:0.012177781655338995
one:0.004796638574515231
in:0.002600190759431568
or:0.0032893241839174895
and:0.005587279236450584
few:0.0111494024434453
ooo:0.0625279336393745
for:0.003174135247922673
subject:0.00013022905800984534
i:0.004656066030375486
example:0.013713947042721487
fees:0.028647846287653222
leads:0.022145343875424182
lives:0.018987599267967347
community:0.039693159580259756
em:0.023197580816042188
the:0.0033091595560495006
do:0.010511969544973122
can:0.008434790170124032
did:0.016038156521394783
here:0.008782443442065347
about:0.004804956977179861
contribute:0.026119336745311677
is:0.003931794539863374
guaranteed:0.025085951398676178
unlike:0.02249752090568998
else:0.012324645001649058
right:0.009462798018489265
hardware:0.03463103535292245
days:0.014528061583171572
time:0.007704926682457139
keep:0.025847947162204107
first:0.009158804045809956
too:0.009524477404217056
afford:0.04609860087906612
heres:0.03631807380352518
answer:0.014811078254287105
respond:0.01972686706370979
by:0.004831392560083737
assembled:0.02978258919140324
while:0.021174073228083144
thats:0.02531287830421224
