some:0.005032486530747216
go:0.008385483843940203
large:0.012905319482274032
at:0.003797262984717375
computing:0.018803713272323455
say:0.016358146329892617
know:0.02127370906307417
small:0.012882525432181083
true:0.011134831000680374
anyway:0.013140145782950577
knowledge:0.015934358382983342
truly:0.018785790814786114
where:0.00796317585445587
your:0.0162922270109646
with:0.002520807658575635
way:0.007467124222183376
though:0.010713552593149482
meaning:0.017008390236570223
ca:0.017728867207692425
someone:0.009497664287340602
hacker:0.14660464998169126
name:0.01190617459409591
my:0.012287253379271137
to:0.004158359534756817
signature:0.02154704015544156
then:0.0137575892222052
enough:0.010483398823006017
that:0.008971671347443366
view:0.014678227382692378
like:0.005019995963399453
really:0.00841118854823675
talking:0.01405039301880288
nt:0.006155849583814125
assertion:0.04372772222461524
me:0.004670640863812693
re:0.0016118125119748729
expert:0.0219748632506801
so:0.013213068069632588
file:0.013096921907148316
this:0.009051421351231362
something:0.017160873423823473
two:0.008037885485574619
you:0.014374111795053152
great:0.010867459865227056
imho:0.018662377829120908
a:0.007223297202653767
was:0.003816642819402524
as:0.0034487679319699068
said:0.009446141502859622
therefore:0.014797092761012353
stuff:0.012600933416696646
hypothesis:0.024239623695452267
course:0.010543757758189738
step:0.05378690476528903
computer:0.011554753901574635
are:0.0027711697482811445
base:0.01660187868712522
wow:0.02232612632934899
it:0.0014778251281895344
not:0.012993750184826831
deleted:0.01514387714223421
proof:0.018047881860780948
kind:0.01187727024553043
always:0.03435719092239708
mother:0.01836036247301437
has:0.00458954514606272
poor:0.017032138752996816
call:0.01145239697413236
yourself:0.015113252893856
environment:0.01809333407274912
be:0.0049867349753230285
hackers:0.024500936720523107
writes:0.002850268926799838
if:0.005777158791063873
of:0.004190529861330575
even:0.0072377562403708
what:0.0039674228577441
but:0.005735200191813882
associated:0.01961118783532992
english:0.01904375165965358
mistakes:0.022577285416090265
together:0.015340371730388925
who:0.005573503768249346
title:0.0181085919464781
one:0.008476818170479504
in:0.0022975823520839287
or:0.008719544711677827
substance:0.02322738407873933
and:0.0032913570214723265
word:0.01322791601794577
for:0.002804731576828224
subject:0.000115073090051803
i:0.0016456785107361632
group:0.01162549971899416
person:0.012091355340835564
wider:0.026019128934270316
blah:0.054204761560617404
reverse:0.021615459763873843
the:0.0022742547715186943
users:0.017020248139035268
do:0.0030961979263211064
thing:0.009758329461745503
when:0.005636527770878172
original:0.013302448333075343
got:0.009535145782890405
can:0.0037265775536108334
did:0.00708582346311623
wam.umd.edu:0.023817294349072076
mr:0.014555843440876782
an:0.003870250597248865
problem:0.009118815913989588
just:0.005062019670111577
introduced:0.02232612632934899
people:0.006488246293418609
belongs:0.023648239550997593
finally:0.015674674464638383
about:0.004245759397939102
language:0.017577195257483573
is:0.009264573341057375
argument:0.015166988966119491
disregard:0.02492524737920092
guys:0.016744291851255394
new:0.0074310326072566674
right:0.008361524111165084
somebody:0.016360897514977393
does:0.005252106958351402
first:0.008092908747375177
too:0.00841602529251938
nice:0.013619566623942923
widespread:0.023128291327770802
article:0.003492814139295694
very:0.015027952515374546
sign:0.018679793387470067
bad:0.03543880663896186
conclude:0.022843989742461334
by:0.00853823685187212
says:0.01103890838115331
giving:0.016350719600383947
s:0.0026742943140345616
