another:0.011430439847363808
perform:0.047997057697734824
simply:0.015766202782904068
read:0.011685582793288256
at:0.013623170295687078
out:0.006073077830311649
script:0.02946374235812341
there:0.004730819513284265
know:0.01272036212018868
help:0.011031405773411324
all:0.004917875415702532
performing:0.02855172839854053
with:0.003014574107162615
frames:0.030175857504931746
way:0.017859513603572613
c:0.013330400491901855
into:0.009230947953517456
discovered:0.02337542631505066
to:0.0035520596909557494
line:0.014555689426834993
then:0.04113093684989183
pov:0.09516836518155304
perhaps:0.014888976998144563
hoped:0.030676701569125806
that:0.007152672689370656
could:0.007778913171783801
me:0.005585508661879096
behavior:0.021898912489274197
file:0.03132459672637535
had:0.02372796627343508
this:0.01353047521575822
programs:0.018212278991208846
amount:0.01916709799807643
two:0.019224633326322797
on:0.00522689510555969
etc:0.011970742203392967
them:0.015111950221981864
rotation:0.056429407732515584
a:0.005758779900397505
was:0.004564232650007142
objects:0.04834854441261086
let:0.01188215331315889
given:0.028740077929703928
are:0.00331397619382075
it:0.005301888088762453
not:0.006215567098721287
have:0.007905937316716282
between:0.011973535288898997
spin:0.030272208706025313
points:0.03778511637598384
attempt:0.019879630913590695
list:0.015008394829492677
be:0.005963518114819292
rotate:0.06270000295698423
which:0.006659238827409885
of:0.002004542119234419
but:0.006858589920107322
easy:0.01708083280545777
must:0.011945672306595346
now:0.008515022669475486
translate:0.0617830185650616
one:0.005068612926678466
in:0.000915874752033456
point:0.011348123511649797
and:0.005904083729239018
for:0.001677055994392134
subject:0.00013761317985576442
cause:0.016255160481144674
however:0.024712359837081577
i:0.007872111638985357
appreciated:0.01744722741843424
back:0.010857508866327513
boss:0.029632762063396555
any:0.010549353260709353
actually:0.012599557356191157
will:0.029208900641837225
program:0.014312543465897293
the:0.004662389752509606
do:0.007405339370170069
around:0.0244040663211715
would:0.009614944805199753
because:0.009096506695332546
simple:0.017006126582248662
an:0.01388502276126397
thought:0.013838074253565529
about:0.005077402991349853
axis:0.03111565934407584
is:0.00276982089578004
move:0.01823105729676813
object:0.08721592363160748
done:0.013652904904230405
write:0.01677409239684285
new:0.008886595695276014
insert:0.026748144599811903
created:0.03915561946891774
first:0.009678117677273407
little:0.012089374752053938
translated:0.05892748471624682
function:0.02120103412137865
animation:0.05452807743217002
origin:0.04995760957481358
occurs:0.02460925876443712
functions:0.024144562388177856
