there:0.07059838350593442
siggraph:0.5095557367425255
to:0.010601532000698698
publication:0.4220301212178032
re:0.028764654059859274
on:0.03900067886456077
it:0.02637349459538246
try:0.187414590180261
available:0.20777414060109464
experimental:0.40933167888246097
subject:0.002053612068616792
online:0.3895366853391926
s:0.04772586775815526
