bbs:1.0117606629389153
a:0.034912603146159876
has:0.26619361847163775
subject:0.006674239223004574
