materials:0.06970639847573032
simply:0.040781911198445195
go:0.025939096690588363
where:0.024632757309783492
access:0.04469835824024701
your:0.016799096295750167
with:0.007797698357193965
into:0.047754770746196974
to:0.003675197760242216
add:0.04581627221935625
then:0.021278404663677378
h:0.047109094990593556
make:0.02346773977799605
that:0.004625395005793024
quite:0.03541599176145869
r:0.041336263556388406
bit:0.036334455974075995
re:0.004985873370375608
map:0.19841193919738648
path:0.05914571508081219
directory:0.11241278103547724
you:0.007410653192116292
material:0.05630266049071844
onto:0.058055502351524624
a:0.005586016503385581
y:0.05684494102046414
want:0.025234639569495756
as:0.03200456640868074
copy:0.0455548259341779
far:0.033191707628285355
mapped:0.07935040139213875
it:0.009142811459732586
b:0.04081211128685656
mapping:0.07385380412422485
public:0.039516594640807916
whatever:0.04406614105004484
easy:0.0441824208567841
logo:0.07558284176833861
system:0.029802964389900335
or:0.026972458308123413
and:0.002545316096605266
usenet:0.054455981715250026
subject:0.00035595942522691063
editor:0.06156471638410442
sphere:0.08078547691470363
currently:0.04798578002476396
the:0.006030024079912424
just:0.015658514179545148
gif:0.12490786942150678
e:0.12443558784215307
n:0.04881353994405869
is:0.003582301691875519
either:0.033380836094844775
new:0.02298666086511396
s:0.00827248374474691
