at:0.008310990683532369
out:0.011114878293211885
andrew:0.03552319018086791
know:0.011640331374134923
dos:0.03329766373815035
graphics:0.03319567396358228
with:0.01103447880734995
supporting:0.04637591242796064
into:0.01689437644323006
to:0.005200751547512569
client:0.04723413675065618
format:0.03792504251922655
that:0.009818055436824815
through:0.022353427302121007
population:0.03722591070645558
database:0.04777336706990098
package:0.036672292764681154
anyone:0.015782214619258408
this:0.004952664512937915
getting:0.025586807285138548
something:0.018779823746825686
on:0.004783102124898961
x11:0.05030415939626587
more:0.011994519111516281
a:0.007904740334979595
was:0.00835340692548477
as:0.007548246794500174
worked:0.036265696609191975
local:0.02883380615015049
display:0.0695494606968958
are:0.006065201713219108
it:0.0032344851862261504
not:0.011375660539169148
have:0.004823118991958989
plug:0.04474749032732862
command:0.038832572216356935
call:0.02506562356602554
environment:0.03960050476299807
be:0.0054571816711082195
sort:0.02959869158170783
of:0.011006070881079546
using:0.020796420553253966
one:0.00927651799788323
in:0.005028670808334636
gopher:0.06287779785068949
or:0.006361428846255522
use:0.015686599318371207
and:0.003601862400856508
few:0.02156252359345553
for:0.003069328895396924
subject:0.00025185808388696507
i:0.005402793601284762
xloadimage:0.062492684694838034
allow:0.033078062937496155
yet:0.024811969270624186
images:0.04014954475585645
the:0.004266526471636149
users:0.037251863851473416
would:0.01759716313404483
instead:0.05788177946386116
an:0.016941474312485598
here:0.0169849142039943
gif:0.08837820949634913
picture:0.03858988456316415
gifs:0.057825739017138916
viewer:0.05062041120795119
figure:0.03483488334032786
does:0.011495177493750237
x:0.02872792442968021
image:0.0349156886503177
majority:0.03889423231993982
xview:0.05439210338316333
included:0.03530925896699027
while:0.020474929300740775
