above:0.017565522775022872
some:0.0075324959686022845
looks:0.022084551447573486
at:0.011367290483282982
there:0.005921154745659016
help:0.04142114942016381
all:0.012310552653500532
thanks:0.012860558999459116
where:0.023838152235274346
i.e:0.022287348367583244
with:0.003773079850255144
c:0.016684501260832
4:0.01602754518824954
someone:0.028431717608555094
c2:0.12982463586952034
to:0.002667482245337092
look:0.015297860156618777
cases:0.023740552248299303
that:0.002238094357641786
like:0.007513800409733375
me:0.01398178942457477
ps:0.029068144018191713
described:0.02677011783044086
parallel:0.02968615088684768
two:0.02406179913101047
you:0.0035857999316691734
moment:0.02715039225388247
e.g:0.026188872388330942
inside:0.02421971307789798
3:0.015106231900887869
m:0.026493187976440107
sure:0.014077703355865829
a:0.004504852018859339
y:0.22004493298244182
j:0.019704055867928144
following:0.017660092084127492
given:0.01798572618826633
advance:0.020409685268881612
solution:0.02509585205311773
are:0.008295630730338394
corners:0.07314468558226317
d:0.023507667385510134
it:0.002211970514451432
not:0.007779483981625353
have:0.003298391052565502
area:0.020699787384899013
suitable:0.033178193785345915
intersection:0.040753160502612074
hope:0.03727047145341994
algorithm:0.026329348514457136
after:0.01244653992041904
b:0.019747795783962848
be:0.007464016221128662
of:0.003763366172240103
what:0.011876672296730725
equal:0.02876519574020609
lines:0.02279472338254527
rectangle:0.24809470444009885
please:0.012357518431646805
must:0.014951357596641917
in:0.0011463206573838094
and:0.009852836502988125
for:0.0020990249220133807
known:0.021012443533331343
subject:0.00017223843156140837
each:0.016425867079745905
outside:0.023256617919235646
i:0.0061580228143675786
possible:0.016625623373965046
any:0.006601853330895531
the:0.0019451690580362657
constant:0.03200192567699782
can:0.022311380450005507
examine:0.034544929243799316
cc:0.03647384297093295
problem:0.013648808335777963
replies:0.02891489185039747
many:0.011956135661794152
general:0.019022131374758396
is:0.00346674357278276
2:0.012570384207067154
their:0.009765700765043316
1:0.012635638012417474
x:0.09823096740471297
dave:0.022621126912094145
e-mail:0.017739972752595267
origin:0.031263794379076885
going:0.014050423768062467
by:0.02555962515657203
defined:0.05639780295289752
