pc:0.10307758954632629
correct:0.03373420041424174
know:0.01272036212018868
help:0.022062811546822648
where:0.019045946373543936
with:0.01205829642865046
targa:0.06788663777834589
download:0.05926552412679311
post:0.02662451344774413
my:0.019592046625367038
to:0.005683295505529199
then:0.016452374739956734
displays:0.052558435816059616
pov:0.12689115357540404
could:0.015557826343567602
re:0.003855056729671861
anyone:0.017246543810735992
file:0.03132459672637535
this:0.016236570258909868
unix:0.12255363142640205
on:0.02090758042223876
machine:0.03353401396210667
them:0.015111950221981864
m:0.02822298375497056
sure:0.022495299176899006
a:0.004319084925298129
as:0.008248599589866169
fine:0.03339336678268619
solution:0.040101619260136584
display:0.03800125172098431
files:0.06823322813582865
are:0.0066279523876415
it:0.0035345920591749688
not:0.012431134197442574
incompatible:0.059794320976149305
be:0.005963518114819292
converter:0.055554155734716754
listed:0.0468020154068243
if:0.006908767214055766
but:0.006858589920107322
using:0.02272598534685485
slight:0.05543497199862319
easy:0.03416166561091554
they:0.009617728087708697
find:0.021819038532715364
one:0.010137225853356932
or:0.006951664512402941
subject:0.0005504527194230577
create:0.07840918951017771
i:0.011808167458478036
group:0.027805318915532423
appreciated:0.03489445483686848
any:0.010549353260709353
the:0.003885324793758005
when:0.026962359646262597
would:0.009614944805199753
an:0.009256681840842646
problem:0.043619902928774934
gif:0.04828912477635571
is:0.00553964179156008
having:0.0269782617775295
bad:0.028253619038622516
s:0.006396250318103282
