computing:0.05522103138201319
know:0.015618672476687365
where:0.023385529091566604
fax:0.03871700430232138
re:0.004733424085799627
voice:0.04590499115741985
tiff:0.06897026896010879
map:0.2511543534144132
etc:0.02939650617035741
graphic:0.06668847372174241
m:0.01732676850779838
a:0.007070906966310861
services:0.05059065351219378
mac:0.043433951073558685
acs.ucalgary.ca:0.1539721591601891
internet:0.03615865750777982
clip:0.14867869592326355
academic:0.07081778684141359
university:0.029751140526565235
has:0.013478157897298114
anybody:0.038475887910287276
writes:0.008370410012880535
showing:0.0543547381977951
get:0.01663764525684965
whatever:0.041834944034852696
of:0.01722891264506545
even:0.02125518288311425
3.1:0.04963951877059768
looking:0.03283399171400815
windows:0.03477477444839875
in:0.004498220301126341
message:0.041105315045059765
for:0.008236680073723392
subject:0.00033793616319010504
italy:0.3597605898203393
i:0.004832878664440378
the:0.002862353202490075
calgary:0.13732303277783378
canada:0.047096298645653754
can:0.010943873321996372
collection:0.06091977824213415
an:0.011365799222300464
jim:0.08572989232781948
just:0.014865678018555518
gif:0.05929171016843676
draw:0.05345189287093522
is:0.0034009193277299227
picture:0.051778832451840506
3.0:0.058515754144844404
does:0.015423909042247155
art:0.11675928571307459
article:0.01025737823185571
alberta:0.07669507302028825
