some:0.025945263891852314
at:0.019577000276765136
know:0.027419447236851153
texture:0.28343842220983584
to:0.0030626648002018463
encountered:0.1240093450106604
obviously:0.08181984624057682
format:0.17866908920168953
me:0.024079748453434326
map:0.11022885510965916
something:0.0884738363183788
these:0.07362826547106412
you:0.012351088653527152
a:0.003103342501880878
how:0.029230288827313874
was:0.019676914091141903
let:0.051225283172284995
files:0.07354025699083754
are:0.014286919591138345
reasonable:0.08307349266902328
not:0.013398000190576997
have:0.011361124736614507
ve:0.0405585266450541
found:0.05943378900571106
if:0.014892231550297985
never:0.04897642735248579
please:0.04256478570900566
in:0.003948437819877566
or:0.014984699060068564
and:0.00848438698868422
subject:0.0005932657087115177
i:0.012726580483026328
can:0.019212577609726965
today:0.06309169479551896
maps:0.1322506689868979
convert:0.095079555448852
before:0.04724876149383654
clue:0.11272035062345263
