there:0.024804837448031015
help:0.057840343784913435
with:0.015806145318636416
post:0.03489970005988082
to:0.0037248625948400837
enough:0.03286687198564049
mail:0.04140966898426832
been:0.01982757280028972
format:0.05432506090591911
me:0.014643090275737092
re:0.005053250037542845
file:0.041060620033221744
charles:0.11125007175496852
this:0.0070943572752894465
on:0.013702941222683512
a:0.0037743354752605273
looked:0.050337881141617365
also:0.02004725853621036
files:0.04472042654848229
have:0.027635168278251507
anybody:0.041075610066387776
be:0.007817044015371234
which:0.01745800449347997
writes:0.008935978256994086
if:0.009056086753559586
of:0.00262757548061809
looking:0.03505250466765735
but:0.008990313814194734
beyer:0.1482808534008498
please:0.025883991309530473
who:0.0174736874896466
up:0.01815486986962682
email:0.03707971160767488
in:0.0048021541052565
bmp:0.1512055448776128
for:0.004396606255568568
subject:0.000360769687729977
i:0.010318849040291619
appreciated:0.0457400286375168
directly:0.04908784223643757
preferred:0.06901218856927754
information:0.06591408876983149
will:0.030629874186575257
the:0.0010185851486338555
interest:0.04936195941443089
can:0.011683324222131263
come:0.03244856316850552
is:0.014522844696792644
lot:0.03349396470628906
nothing:0.03452508110136363
supposed:0.049306689343464334
article:0.010950444328602716
summary:0.05813293050490009
