formats:0.2190904068603381
know:0.017882248197946402
help:0.031015836522344884
to:0.009986950435440803
software:0.04080849113740952
that:0.005027603267166331
like:0.03375765401474415
conversion:0.07279447589733327
pcx:0.17838321589585787
national:0.04716194094184802
bitnet:0.07072834452552355
hi:0.045666908116150796
these:0.02400921700143395
you:0.008055057817517709
them:0.02124433581930784
onto:0.0631038069038311
a:0.0040478380459315795
series:0.05199058493866183
as:0.011595857394449542
video:0.05066248105601482
others:0.039077220624179655
files:0.04796103716793752
internet:0.04139904265383487
ve:0.05290242605876621
raster:0.08716607255118751
university:0.03406290002316889
able:0.03822413371174883
sun:0.05258684498693973
of:0.008453938502858202
converted:0.07351327214572997
well:0.02438939000222239
in:0.0025750681433984127
and:0.00276664793109268
for:0.009430401823538376
subject:0.00038691241872490284
i:0.01106659172437072
tape:0.060135771937946864
any:0.01483025023606967
images:0.06167901078435918
the:0.002184791333301603
do:0.02082080924366657
thank:0.05261585951839876
would:0.01351666153774458
can:0.01252994191938715
record:0.05589345503241442
gif:0.1357694232842465
is:0.003893806186821216
animation:0.2299662396052388
