library:0.022271854211176487
okay:0.02290301135905583
at:0.00937196821760033
ideas:0.019132944877869523
all:0.005074828886416442
polygon:0.03176542229581458
displayed:0.028247345262594557
your:0.006701767139262035
ca:0.010939088277086815
into:0.009525552675438226
array:0.058096529445182454
from:0.004503043906543487
my:0.005054331177288837
store:0.04748088349979333
to:0.0029323386384911294
slightly:0.02303016838487261
then:0.00848872526476491
that:0.009226186846661617
nt:0.011394870506209125
re:0.0019890452275434603
so:0.010870325504094894
anyone:0.008898482710858463
this:0.005584919557142755
on:0.005393710906800957
set:0.01409263076662724
you:0.020694643222665173
them:0.007797123252831068
more:0.013525734317241763
a:0.002971285374141266
basis:0.019825575941691483
objects:0.04989158306407717
also:0.007890942189784927
processing:0.025229967950515075
far:0.013241372724050009
computer:0.014259058006198486
plane:0.0550028890219056
are:0.006839482782991761
polygons:0.06751694511760162
flag:0.029462953772962035
z:0.026548245418092635
it:0.009118495471807765
should:0.00873836245868872
clip:0.031238343026430377
have:0.01631650893024424
only:0.0070932778631345025
university:0.012501809051056668
per:0.018812899550920303
whose:0.019908411970749836
doing:0.014259058006198486
stage:0.026548245418092635
be:0.009230764741555392
which:0.0068717677261570095
writes:0.003517353143710438
get:0.006991350932399587
dept:0.021826103672030847
if:0.00712925978471712
of:0.006205550603161871
produced:0.024419292417417037
electrical:0.025197632599044957
what:0.004895968632960804
but:0.010616221631655482
result:0.018803201920273946
must:0.012326917167444133
one:0.005230377169019269
in:0.0018902095946222392
yes:0.014185350375020686
better:0.011894765272879804
and:0.003046255966681834
for:0.00519173717412884
subject:0.00014200508985116116
each:0.027085206354900162
away:0.014728636097466332
any:0.0163290521216299
will:0.006028219919698321
currently:0.01914326330775158
than:0.0076095812884013885
the:0.004410256973340204
do:0.019104199970917463
when:0.0069557151215092336
benefit:0.02409518310361301
can:0.009197510557848015
because:0.009386820738800606
once:0.02854288505239262
an:0.009552107857039752
during:0.015576433562779098
here:0.009576600561826574
triangle:0.032108712301865495
is:0.004287329152510594
efficient:0.0275014445109528
object:0.02249985263900512
done:0.014088635911812225
new:0.009170210451508228
right:0.01031847656271436
time:0.008401648776083582
keep:0.01409263076662724
does:0.006481323480518751
lot:0.013183794618432929
their:0.008051508609477202
belong:0.02610971526271458
created:0.02020263344938841
x:0.016197659518862245
whenever:0.025229967950515075
engineering:0.020567816453314357
article:0.0043102812782797924
side:0.01712959616261273
before:0.011309543974588533
project:0.020487424762835375
by:0.005268273802218969
check:0.01760272108823239
s:0.00990057894983008
99:0.02830485013548932
