graphics:0.1529887582669444
me:0.04711255132193672
m:0.059513683135481395
a:0.012143514137794739
inform:0.2514198866075919
computer:0.11655230022457892
freeware:0.27727671737918724
shareware:0.215665151301507
looking:0.11277762371333235
version:0.13567263511589497
please:0.08327892856109803
pictures:0.2021801544187314
or:0.029317889465351535
for:0.02829120547061513
subject:0.0011607372561747086
i:0.00829994379327804
currently:0.15647536964596942
about:0.042826790448777026
viewer:0.46658813809068056
wanted:0.13239826041504793
