pc:0.052075657218716924
at:0.013765078319600485
thanks:0.031146666326815047
graphics:0.054980335002183155
ohio:0.07925649653211513
work:0.031641757249848496
my:0.014847097833285958
corp:0.07231507257675074
via:0.053409865290869454
to:0.002153436187641923
most:0.029009304124484967
that:0.0054203847724137
bit:0.1277383217838609
could:0.023579830551969647
anyone:0.026139292963146737
this:0.024608551798660266
mean:0.04130346963796657
reply:0.05611244561492413
how:0.020552546831705067
as:0.012501783753390913
advance:0.04942970651057265
are:0.010045490337519149
it:0.005357116089687062
have:0.01597658166086415
sgi:0.08697553567976528
relate:0.09008692122836427
robert:0.04992831295246412
has:0.01663710115447736
usually:0.05152735534666583
of:0.0030381341494646664
what:0.04314572357796709
explain:0.05617277387519694
please:0.05985672990328921
they:0.014576869132933495
over:0.031342824258114965
bob:0.05756257834420469
email:0.042873416546374075
in:0.0027762453421014137
subject:0.0004171399514377859
group:0.04214243648135383
we:0.02105849852678078
research:0.048239554383387145
do:0.01122371748291401
64:0.07912463920952349
planes:0.25777945221878196
an:0.014029658415027136
here:0.028131264150365563
head:0.05395093336649505
dynamics:0.08881589561189626
is:0.0041980097951666235
does:0.03807777544804766
cincinnati:0.09655529306861542
says:0.04001604288168075
