there:0.015823775613399094
thanks:0.03436873525717522
with:0.01008323063430254
ohio:0.08745544444923048
alot:0.08730994671395696
pov:0.10610725773115684
encounter:0.09883149204047796
format:0.0693112846041037
make:0.030346215230167305
cleveland.freenet.edu:0.07383480640526734
anyone:0.02884335775243778
contact:0.06000124653414772
hi:0.054327873448524217
sea:0.08702258374007399
m:0.047200507314347315
ray:0.07478911838945983
a:0.007223297202653767
3d:0.32264237438603577
objects:0.08085877255212506
are:0.011084678993124578
it:0.005911300512758138
ftp:0.06540287840153579
have:0.00881466574392505
doing:0.04621901560629854
sites:0.07853160985907755
be:0.019946939901292114
of:0.0033524238890644594
looking:0.044722161127700756
but:0.011470400383627764
tracing:0.10407651573708127
using:0.03800725135594691
good:0.027931204333784466
in:0.009190329408335715
or:0.023252119231140872
world:0.043469839460908224
use:0.02866861254736807
for:0.011218926307312896
subject:0.000460292360207212
i:0.009874071064416979
any:0.03528576780306232
can:0.014906310214443334
new:0.02972413042902667
does:0.021008427833405608
1993:0.05223544487948512
