some:0.010518350226426615
fast:0.031367548873405746
there:0.008268279149343671
stephen:0.036681615129648806
creation:0.040899058508666285
to:0.004966483459786778
w:0.02787694463990409
then:0.01437730044843066
pov:0.0554434319676315
been:0.026436763733719625
think:0.012970702950707704
control:0.02747418261208129
r:0.02792990780837054
like:0.010492243815393452
hot:0.03769025393478749
months:0.0305927436034218
re:0.0033688333583618965
this:0.004729571516859631
fingers:0.051209165037489734
voting:0.05225269490708543
two:0.016799904798678482
why:0.0160335367581442
ray:0.03907899879809612
other:0.024852396177151546
following:0.024660488946304158
related:0.034721972843524046
therefore:0.030927256941935728
official:0.03654236955994888
are:0.00579199442883987
no:0.01014185347912171
thread:0.03750385399553122
magic:0.0464121848674945
it:0.01235515062126025
not:0.021726486795530266
try:0.021949456507598133
ve:0.016442645937184093
hed:0.07417713955033271
has:0.009592562827806767
sites:0.0410345348813198
free:0.026013583730853475
which:0.01163866966231998
writes:0.011914637675992113
comp:0.0529081845853055
making:0.027699163881733366
if:0.006037391169039723
whatever:0.029774419628408676
of:0.0035034339741574533
what:0.008292271198167849
groups:0.06630244321597102
now:0.014882111692596794
in:0.0016007180350854997
or:0.01822463399197528
and:0.0017198081733819362
for:0.011724283348182846
subject:0.000240513125153318
create:0.03425987109228485
i:0.0034396163467638723
phillips:0.05567152032785033
group:0.04859668351002964
comp.graphics:0.05438232353829472
any:0.009218804200800066
decide:0.036880246996511525
the:0.0027162270630236144
do:0.006471332602761231
desirable:0.05343312970353952
because:0.015898399089139766
facilities:0.04765066226054498
an:0.016178344838950212
is:0.007261422348396322
new:0.015531527611563485
carry:0.035067187837236995
2:0.03510647841613349
created:0.03421707286923442
1:0.017644359386709087
rendering:0.050796466514685286
under:0.021867778622573327
article:0.007300296219068477
purposes:0.03988288288573525
takes:0.03221531399981685
needed:0.03005245666789208
process:0.03258165525435646
fit:0.036625658372057446
newsgroups:0.03861506613352698
