mode:0.022793959800465658
there:0.005462970152244925
send:0.017460399529025134
graphics:0.0837795580985648
siggraph:0.11828972460094342
active:0.02659417854069564
service:0.02168209064570442
ls:0.036341849906176574
password:0.06677373688004491
contents:0.05932485712094477
acm:0.07629896664328437
name:0.016441860153751493
to:0.0032814265716448352
connected:0.027052279976029735
been:0.008733573733460948
13:0.023438919967062277
its:0.012308479500203393
bytes:0.030556965483385108
publication:0.06531418542656478
re:0.002225836326060539
server:0.023824159197307345
complete:0.022042951489849867
nope:0.03250639147528066
file:0.01808622549082386
this:0.012499581865986166
opening:0.02926099236526088
apr:0.022185763553797613
directory:0.025092138623990453
on:0.0030179096740433923
set:0.015770324905511435
you:0.0033083273179090587
tell:0.01434538722394317
machine:0.0193619009185973
seconds:0.027548599076857423
more:0.007567970391790035
a:0.0024937573675828484
as:0.014287752861018185
ascii:0.03135946085724792
steve:0.0381804029385046
250:0.027202981214031464
rich:0.027022592228940222
electronic:0.025676614970295296
cd:0.026566684815360554
computer:0.06382625964679321
files:0.03939656624509154
d:0.010844310847482353
it:0.0020408061294045947
ftp:0.11289782581217486
received:0.02303149280149864
made:0.013842735428083341
connection:0.025629560330372003
calendar:0.03663226755004224
command:0.04900300779683137
has:0.006337943296943756
list:0.017331122600723687
found:0.01591976491224403
writes:0.007872171321637646
of:0.0046295377515652054
available:0.03215552175969321
but:0.003960019180061966
ok:0.01942767375304126
version:0.01857422980753324
maintained:0.031739529142882035
230:0.03462945661777311
port:0.024820101996128215
experimental:0.09502342545485701
login:0.03281170870377799
removed:0.0274842483857609
in:0.0031728518195444726
system:0.013304894816919792
and:0.0022726036576832726
still:0.012153030251366352
for:0.0038732007489532616
subject:0.0001589104576905851
table:0.02696365728261456
welcome:0.024902489206913164
i:0.0011363018288416363
special:0.041615609438869314
tue:0.034420579714134605
will:0.006745865148233835
community:0.04843510544019791
cdt:0.030092908688922542
the:0.003589300047566919
anonymous:0.027052279976029735
may:0.022155065802855128
documents:0.028884927474656527
ready:0.025092138623990453
here:0.010716672057282118
address:0.019004889011509585
about:0.005863191549534949
general:0.017550180732663994
is:0.0047977254801904266
issue:0.0559171429904438
contacts:0.03431882713461496
1993:0.054100996482323874
nothing:0.01520747619941017
transfer:0.027052279976029735
successful:0.057062433277041615
index:0.03061083355195605
150:0.028054771949987855
e-mail:0.0163672367657873
article:0.004823410001884529
by:0.011790898509728167
data:0.01746634299527269
200:0.024738839560602455
online:0.09042815909659827
guest:0.035424286335776226
s:0.0036930731003334424
