pc:0.05049760699996793
formats:0.07634968723920874
know:0.018695077661489423
with:0.008861020860447688
to:0.002088180545592168
tool:0.21370167481901695
format:0.18272975031990973
that:0.010512261376802327
ran:0.06878478021912057
bit:0.04128915451599545
conversion:0.15220663142169685
anything:0.0351703204593849
anyone:0.025347193176384716
on:0.007681951897564999
great:0.038200768011101165
8:0.04473471639960404
a:0.006347746026574523
other:0.020898605876241073
was:0.013416077789414933
surface:0.06916645065591691
raw:0.0807915287273361
scale:0.07332051661478142
works:0.04507766656895061
d:0.02760370033904599
it:0.005194779238484424
application:0.055914662239650435
robert:0.09683066754417284
be:0.017529129004165797
if:0.010153794238839534
of:0.0029460694782687674
but:0.010080048821975914
windows:0.04162435123368942
code:0.0490986743989651
703:0.17575906468746919
or:0.010216840268228566
and:0.0028924046552332564
subject:0.00040449934684876206
grey:0.08312714508835517
i:0.0028924046552332564
will:0.01717129310459522
the:0.0011420500151349288
hello:0.05862561804017836
would:0.014131055244005698
an:0.013604517250935406
gif:0.07097038035312885
naval:0.09484214339492308
division:0.06003890024424747
center:0.04949440656776983
image:0.16823013622425803
convert:0.06482696962421726
supported:0.06622469286135695
happy:0.05754689528007608
va:0.07562227482729418
