send:0.0792796519155736
your:0.0340522222211152
o:0.18924210723242604
56:0.14502063751467098
martin:0.25105964168947065
centre:0.13531941879917717
could:0.040786733927731286
me:0.029286180551474184
re:0.01010650007508569
la:0.11779198564946969
support:0.07402584620360828
input:0.11532841349661396
m:0.036994992219353304
3d:0.12644093050263563
88:0.13531941879917717
84:0.1412967536670209
also:0.04009451707242072
advance:0.0855000328831527
those:0.05015988254831244
div:0.1459580850278572
in:0.009604308210513
subject:0.000721539375459954
i:0.005159424520145809
suggestions:0.10694584786678048
hello:0.1045754267743722
thank:0.09812146775052742
devices:0.2294420780282518
regards:0.11160452964896388
interested:0.07775881663283568
too:0.05277075318552694
69:0.14862959407209053
e-mail:0.07431610207168288
de:0.10921573046335055
