library:0.026169428698132376
some:0.007297105469583464
stored:0.030678915433689637
there:0.028680593299285857
know:0.007711719535364387
thanks:0.012458666530726019
with:0.007310342209869342
frames:0.10976468167418922
from:0.005291076590188598
to:0.0017227489501135387
ega:0.03929845213144762
gl:0.2239462271854928
most:0.011603721649793987
archive:0.03032917384838936
ms-dos:0.03237288317755604
that:0.00867261563586192
think:0.008998425172053471
re:0.0023371281423635658
tells:0.027668750001978833
file:0.09495268382682528
phone:0.018358419538809807
this:0.016405701199106844
programs:0.02208238827684073
pieces:0.03180943882134168
on:0.003168805157745562
a:0.0043640753932699845
how:0.008221018732682028
freely:0.03255232133932123
fl:0.03732437119758213
as:0.005000713501356366
usa:0.02277888553767953
stephenson:0.07545547390938392
modes:0.03104939424574926
vga:0.028189885057847898
jack:0.0534344487344992
display:0.023038258855846736
files:0.06204959183601917
are:0.020090980675038297
os/2:0.029569453838528062
ft:0.035334035378091294
it:0.002142846435874825
ftp:0.023708543420556723
contain:0.02931130505014534
probably:0.014920148218932554
ve:0.011407085618921465
copies:0.028220151460821574
p.o:0.028791615248069276
usually:0.04122188427733267
which:0.008074327078234486
of:0.004861014639143467
available:0.01688164892383894
what:0.011505526287457891
particular:0.021194071550523795
version:0.019502941297909904
they:0.005830747653173398
box:0.019803368816916297
one:0.00614569317359764
in:0.0011104981368405655
extension:0.031649855683809396
replace:0.027477268942842022
system:0.013970139557765783
or:0.021072233053221416
pcs:0.034704006008579015
and:0.0023862338405674366
for:0.004066860786400925
subject:0.00033371196115022873
i:0.004772467681134873
containing:0.030079140507053737
ago:0.017882285783529028
will:0.007083158405645528
detailed:0.030907878766063258
the:0.0023554781562157906
alternate:0.03694546731122942
got:0.027651922770382177
named:0.029133230326430927
anonymous:0.028404893974831227
individual:0.024135538695415956
an:0.005611863366010855
long:0.014876945281928657
is:0.0067168156722665975
discussion:0.0214866996530637
time:0.009871937311898211
viewers:0.038951140561730054
run:0.01673021517742122
1:0.012240774324529429
fonts:0.030954695464370498
faq:0.024263094143110998
e-mail:0.034371197208153334
article:0.005064580501978756
luck:0.025767428911960134
animation:0.06611529388650615
stands:0.029878158559337915
letter:0.025506556373380354
by:0.012380443435214578
grasp:0.07413846746366108
john:0.016759239997386537
main:0.023240106322667677
