library:0.1268820785363994
some:0.00589665088451189
believe:0.01097309030469869
pc:0.03366507133331195
at:0.004449318244719349
all:0.004818524397203492
graphics:0.19548563556331788
access:0.01693119630312387
sufficiently:0.029119004841491485
with:0.0059073472402984585
c:0.013061099471863435
operations:0.023542004304186608
such:0.009712208098322217
both:0.011341939809637566
single:0.01642134682076957
to:0.004872421273048391
colors:0.02302978118072245
implement:0.025704597027346815
then:0.00806000176654446
basic:0.01929117580585859
that:0.005256130688401164
think:0.007271454684487653
updates:0.029954936348953975
need:0.009703040361097153
performed:0.025052012524922534
re:0.0018885883978695484
package:0.01963264158109193
server:0.04042887621361247
avoid:0.019529037844561108
this:0.007954279369263925
restrict:0.02784023768805405
something:0.010053845036179409
on:0.010242602530086665
you:0.002807065603074353
etc:0.011728909027566847
working:0.016002722276295997
bill:0.031267816926178964
m:0.020739616850243517
sure:0.011020424344238403
a:0.007758356254702194
controller:0.021272164751008422
commercial:0.02104215454673107
as:0.004040980607156659
running:0.030580408206532343
standard:0.015373962325566853
also:0.007492409755957407
vga:0.06833911529175248
503:0.030056970224294984
display:0.03723354966601493
not:0.006090000086625909
application:0.01863822074655015
being:0.009827292575379537
systems:0.015153621819609145
domain:0.04508285908061185
suspect:0.019606540721705857
hopefully:0.023347194835569234
doing:0.013538903561440987
provides:0.022313890833533488
public:0.029936814121824182
be:0.011686086002777199
writes:0.0033397090455432443
things:0.011286494586566918
if:0.006769196159226357
of:0.0029460694782687674
cheers:0.02199072058769872
what:0.004648697489881976
fairly:0.019819224991150942
one:0.004966216705937488
bob:0.0372121718588798
code:0.016366224799655032
in:0.002692116695371068
frequent:0.027215924779128917
system:0.011289001662841037
or:0.0034056134227428555
world:0.012733589337033722
and:0.0028924046552332564
for:0.00657270430125402
subject:0.00013483311561625404
purpose:0.018994350970427207
i:0.007713079080622018
info:0.014875734643395947
source:0.01575387859444356
exist:0.018366285231293463
currently:0.018176431827562105
the:0.003045466707026477
do:0.010883604831916617
kernel:0.03016110803845021
would:0.0047103517480019
can:0.004366494911301583
operating:0.023212506718992665
handles:0.028043641219053752
generic:0.02784023768805405
needs:0.01691589173065327
may:0.009399118825453691
come:0.012127240780148528
simple:0.016662568469475964
compiling:0.03016110803845021
an:0.004534839083645136
many:0.00935960114938431
requests:0.02650495228478002
interested:0.01453068795664101
draw:0.021326765337393347
is:0.0013569324590437571
cards:0.01987382557753587
sorts:0.02512912097002753
issue:0.015814949532650776
new:0.008707068509512864
time:0.007977323080321787
does:0.006153983910795582
under:0.01225920922780626
change:0.015010147009648929
article:0.0040925903046292985
thus:0.0168250256205874
going:0.010999069111362034
process:0.03653094680033907
by:0.005002199367763465
