above:0.014637935645852395
some:0.012554159947670476
plotting:0.034286905912480146
pc:0.01791850570966604
at:0.014209113104103726
preferably:0.02832467432267554
know:0.006633737234722053
axes:0.06672595959994246
send:0.01577068344557109
graphics:0.13242575312353794
with:0.006288466417091907
option:0.02253016786157195
operations:0.025060843291553486
software:0.03027726761807803
might:0.011435941590744333
that:0.0055952358941044646
problems:0.014747705569310609
terminal:0.02566772150699356
packages:0.02658742259446302
me:0.005825745593572821
package:0.0626977908557452
complete:0.019909762635993433
so:0.005493605362284517
phone:0.01579218885058908
this:0.011289944911213313
pricing:0.03137509256606754
contact:0.03742013224710288
amount:0.01999148930982166
something:0.010702480199803887
these:0.008906645016660983
unix:0.02130412589312007
on:0.005451707798271935
you:0.005976333219448623
x11:0.0286679618064741
etc:0.03745683850739089
them:0.007880963287807748
support:0.029451143113263505
m:0.007359218882344474
more:0.006835586160326483
a:0.005255660688669229
labels:0.0644403526968922
commercial:0.022399712904584687
running:0.03255333776824411
character:0.02454293410371245
copy:0.018368881425071735
output:0.021975044026527533
based:0.016241414042476036
wa:0.02696121863020824
product:0.02145644044487397
are:0.010369538412922992
log:0.029636382055025282
it:0.00552992628612858
not:0.0032414516590105642
should:0.008832323345341288
precise:0.030394869142444127
have:0.005497318420942504
color:0.019863613476362292
has:0.005724593945626619
device:0.021581477338230248
minor:0.023365226759289415
be:0.0031100067588036096
minimum:0.02635192462318134
were:0.008340340308990855
if:0.018014796230199175
of:0.00418151796915567
available:0.014521848536635646
looking:0.04183686040978458
but:0.003576791517475324
fairly:0.02109788466799939
variety:0.025121593588617642
requirements:0.026163261613443324
pacific:0.028848191333563585
using:0.011851723541101726
please:0.020595864052744675
must:0.012459464663868266
limitations:0.030907289463972754
code:0.01742211027060052
email:0.02950428665556926
our:0.02397607981699348
point:0.023672429690968395
system:0.012017324350766264
or:0.0036253304177585235
and:0.0020526742714558595
for:0.0052475623050334515
subject:0.00014353202630117365
i:0.0020526742714558595
we:0.021737804930870484
limited:0.020871478832783653
possible:0.013854686144970872
any:0.005501544442412943
information:0.026223884779395322
will:0.006093039488727336
program:0.014928136733247718
source:0.016770257858601208
currently:0.019349104848695144
than:0.007691404743115383
the:0.0012157306612726661
hello:0.02080263865941813
devices:0.022820851846896015
solve:0.02670915634042947
would:0.005014245409163312
can:0.0046482042604178144
major:0.017615204154396734
complicated:0.02670915634042947
operating:0.02471008779763735
an:0.004827409347106112
address:0.03433141240788829
about:0.01588735774712696
axis:0.0324539672728533
is:0.002888952977318967
number:0.013453036819342786
sorts:0.026750354580997046
linear:0.03047695232594299
2:0.010475320172555962
run:0.014391582948319328
1:0.01052969834368123
nice:0.016987846541692248
primarily:0.025534140869431565
wide:0.02312815514711079
supported:0.023499084563707303
needed:0.01793453059212915
s:0.003335678929333432
