some:0.010711347478287654
simply:0.028060948072324676
pc:0.09172959803663899
pixel:0.04509951116847549
at:0.008082247820682854
case:0.02267533125969501
take:0.019502285599410123
specification:0.05200654250115042
grayscale:0.11537160258773614
where:0.03389828987584884
own:0.020793492069247663
someone:0.020215212061128623
download:0.052740879268797544
my:0.008717562030553223
to:0.0063220144958295
then:0.014641104126383517
software:0.02583289805946107
format:0.1106437020285692
that:0.003182611242518136
like:0.010684762050538288
conversion:0.13824272028209164
could:0.027690076244514816
me:0.019882361108340272
anyone:0.015347841739829279
this:0.014449057936828047
8-bit:0.051196518582382736
these:0.015198495166045345
unix:0.03635382950569113
on:0.013954371336861192
tell:0.02211032159286654
suggest:0.03368256701935888
a:0.005124785782922551
standard:0.02792701413268107
raw:0.0489196412477448
helpful:0.04261104010325878
l:0.03032073925461801
display:0.033817627678307136
files:0.030360656555850362
are:0.005898269555974546
place:0.024948877223086474
it:0.0031454626581648806
not:0.005531284482348302
contain:0.043025768880947286
have:0.009380745195369777
be:0.005306984010435517
please:0.01757261795325922
they:0.008558895637685722
find:0.038833885094924595
in:0.0032601780164126697
system:0.020506626873784635
or:0.006186343648652159
and:0.0017513642866549995
subject:0.0002449262100185165
values:0.03918299422333274
i:0.010508185719929997
directly:0.033325691059599816
any:0.009387956571456949
program:0.0254737012145328
images:0.03904451141395215
currently:0.033017738549149515
the:0.002766066091702947
do:0.006590072650518319
would:0.01711283754319956
can:0.031727192383035355
may:0.01707362869210854
gif:0.12891867256806894
either:0.022968465202874846
write:0.029854806651261594
byte:0.04954540500945612
image:0.033954706393886945
e-mail:0.025226566758277676
