another:0.0316786475769797
know:0.017626787509404312
own:0.03237843765068565
with:0.008354676811279247
into:0.025582912899748376
such:0.027471674335254263
generate:0.06699726868604648
from:0.012093889349002507
to:0.001968855942986901
then:0.022798290711082903
representation:0.08501828720586295
that:0.009911560726699338
its:0.05908070160097629
so:0.014597294248356001
anyone:0.023898782137734158
this:0.007499749119591699
generation:0.0662727673634891
used:0.028206621547669508
m:0.03910899177474492
why:0.025424608287914378
a:0.0019950058940662787
want:0.027037113824459735
objects:0.13399453737209296
being:0.027797198998930687
netcom.com:0.04598621678173056
of:0.005555445301878247
looking:0.037055504934380624
box:0.13579452903028316
one:0.014047298682508891
code:0.09258607172376275
in:0.005076562911271156
system:0.12772699024243
and:0.005454248778439855
for:0.009295681797487828
subject:0.0003813850984574042
each:0.03637156281943736
i:0.008181373167659782
will:0.016190076355761206
the:0.004307160057080302
arbitrary:0.07698218723239321
an:0.012827116265167667
is:0.0038381803841523415
object:0.12085635131808464
oriented:0.2368119552422024
converting:0.07837702251187774
translated:0.08165665739251345
represent:0.06865925428724862
john:0.03830683427974065
