entries:0.0444102955098159
andrew:0.028743955413526704
know:0.00941889408899467
all:0.01456592107856933
polygon:0.1367610547697666
with:0.004464331120530895
from:0.01938715086481318
to:0.007364422992851768
0:0.027978292278400246
add:0.026230690201921515
t:0.058998619580162795
make:0.01343572888053209
think:0.010990442958233246
sum:0.08477314444843728
re:0.0028545076547951947
this:0.004007499529552817
recently:0.02526192034036404
on:0.003870296375872442
you:0.004242740377165815
inside:0.028656912420413638
came:0.02304371551509883
a:0.00426413473540884
3d:0.035712323882423805
was:0.00675924529848386
as:0.012215483362091883
border:0.03704326576902517
standard:0.02323698122490257
andrew.cmu.edu:0.031105186310895115
express:0.03553980608152884
it:0.010468868083663265
have:0.0039026764362416247
neat:0.039984200126205655
routine:0.07996840025241131
extended:0.03649240740071806
points:0.027978292278400246
follows:0.032778811584929866
netcom.com:0.024572787593291137
be:0.004415734787308941
writes:0.005047804511584445
if:0.025578260296313333
of:0.0014842792791277758
but:0.005078497879774124
up:0.010255422674445683
in:0.002712667204496038
point:0.10083370814931576
and:0.0014572420400411827
p2:0.101756436216383
for:0.002483579106199038
known:0.024862051508903495
subject:0.00020379356406120838
table:0.06915869348823277
p:0.10278253556126259
outside:0.02751737234718721
i:0.004371726120123548
any:0.007811353177777154
the:0.004603071816727041
can:0.006599740400287888
just:0.008964798194396075
pi:0.18868820630202707
n:0.0279466831740794
is:0.012305616498809034
angle:0.20394239435842626
2:0.014873355359506936
1:0.014950564060493958
p1:0.15680995715191698
lewis:0.037981419481415646
needed:0.02546429534454978
john:0.02046930076016676
strange:0.033560023136295594
s:0.009472309631389592
