read:0.04534006123795844
out:0.023563541981609197
formats:0.3023447614672666
know:0.024677502513166038
send:0.11733388483504892
to:0.0055127966403633235
nt:0.01428157103444877
responses:0.08871857262121828
me:0.021671773608090895
anything:0.09284964601277615
michael:0.06009390403347378
so:0.0204362119476984
this:0.01049964876742838
these:0.033132719461978856
you:0.022231959576348874
am:0.03268672713402731
a:0.0027930082516927903
if:0.013403008395268185
trying:0.05392656446136792
available:0.0540212765562846
please:0.0766166142762102
find:0.04232893475346781
one:0.01966621815551245
or:0.013486229154061707
and:0.007635948289815797
for:0.00650697725824148
subject:0.000533939137840366
i:0.011453922434723695
group:0.053942318696132904
do:0.014366358378129933
thank:0.0726098861353903
can:0.017291319848754268
just:0.02348777126931772
note:0.059233781977569955
about:0.03940064721287486
documentation:0.08954248774998362
mike:0.1917247217374622
