above:0.00883979230561216
mode:0.012433068982072179
some:0.0075814082800867155
simply:0.00993066019442659
read:0.014720799103233258
at:0.008580828043387315
out:0.00765050064337961
folks:0.012023428085372656
there:0.01787881140734703
stephen:0.013219672985035772
know:0.020030440351595808
help:0.006948352987148692
all:0.012390491307094692
programming:0.014246036646634194
send:0.009523854288559166
thanks:0.006472034561416114
graphics:0.045697940781035354
where:0.011996472715803648
access:0.01088434048057963
way:0.005624587076449816
much:0.005672717108960817
programmers:0.018664791689282246
into:0.005814298386306449
response:0.011401294002036825
alot:0.01644148347210878
clark:0.016281774887073806
work:0.006574910597371117
both:0.007291247020481293
my:0.003085111238085394
to:0.0049221398574672524
lock:0.016414313830321388
256k:0.019457638963671996
most:0.012055814701084662
calls:0.0390417824557639
that:0.004505254875772426
memory:0.03293797622890242
control:0.009901409967340987
like:0.007562591321484891
really:0.006335700464905604
through:0.0076930626429377496
nt:0.004636873712483367
me:0.003518145066248522
michael:0.009755503901537952
this:0.008522442181354204
telling:0.013941637394889005
best:0.00790641584403063
on:0.009876795296869283
you:0.010827253040429646
books:0.03555913551668338
tell:0.015649513335210734
subjects:0.03499190328745146
hat:0.017384623483080824
fall:0.012663315024007572
am:0.0053062868724070315
posted:0.011082405598967194
why:0.011556640130870172
board:0.02331945791789055
a:0.0022670521523480438
how:0.021353295409563704
as:0.0051955464949157044
standard:0.029649784485021785
vga:0.01464409613394696
stuff:0.009491612184005268
coding:0.0211392723777462
advance:0.010271107846352759
video:0.056748558325730884
helpful:0.01507988107550392
far:0.0080823963380565
bios:0.0313364971799098
are:0.00834949846235358
no:0.003655018623969188
book:0.010096423735985953
it:0.004452667918700935
couple:0.010246726606021165
have:0.0165990458814173
domain:0.014490918990196668
only:0.0043296631112639174
assembly:0.016726469221726915
always:0.008626480837658141
algorithm:0.01325015915500278
has:0.0034570599801511397
public:0.00962254739630063
personal:0.010889271010375701
asked:0.021898057784015785
which:0.004194455625056877
get:0.008534895943448847
of:0.004419104217403151
short:0.01124343462864048
gives:0.011806897648688655
seen:0.008417093800721925
what:0.008965345159058096
but:0.0021600104618519815
biggest:0.015689821780599925
english:0.014344644107271527
using:0.0071572096709250676
please:0.01243776205782633
archie:0.019322338001332488
they:0.0030289598198303368
programmer:0.01655249439661618
net:0.02152689925258755
in:0.002307528596032344
gopher:0.02163976159796457
according:0.011167292872033175
speed:0.010904107684694095
use:0.005398634830348533
and:0.004338606982849885
for:0.0021126549539745064
subject:8.667843146759188e-05
cause:0.0102386400433184
however:0.007782788649989978
offer:0.011412868892181294
i:0.009916815960799737
plain:0.014772063564274485
appreciated:0.010989487399922867
info:0.019125944541509076
any:0.0033223612541844394
information:0.023754752770945763
allow:0.011384008673294132
will:0.003679562808127547
yet:0.008539184229500531
the:0.002936700038918388
do:0.016325407247874926
hello:0.012562632437181077
would:0.00302808326657265
apps:0.03434560721376943
once:0.008711140243262683
extra:0.012612583472374194
bought:0.011893129054767729
newsgroup:0.0124810514304362
here:0.0058454574857902475
people:0.004887250454782849
address:0.010366303097187049
replies:0.014551325444193533
about:0.003198104481564518
is:0.006106196065696907
number:0.008124236520771943
maximum:0.015890715948515797
mostly:0.01325015915500278
vesa:0.06855522352017139
goes:0.010464374012956744
issues:0.012354641177269142
1:0.006358843804950353
advice:0.012629406065692366
very:0.005659878220076128
written:0.03490440524470237
before:0.0069032281403332615
freenet.carleton.ca:0.018028055069391695
