out:0.03415006084291188
all:0.013827070009366539
knows:0.05063712190059761
own:0.0328476903702608
into:0.025953679753367917
someone:0.031934175574826376
to:0.005992170261264482
experiences:0.06847980565368518
helps:0.06130394632076758
pcx:0.08919160794792894
me:0.03140836754795782
anyone:0.024245141299150598
file:0.04403602728200593
ball:0.06461746869176731
this:0.007608441135817667
tell:0.03492789932786163
them:0.02124433581930784
a:0.0040478380459315795
how:0.038126463687800705
want:0.027428956053799733
files:0.09592207433587505
are:0.01863511251018045
those:0.02689732832300812
it:0.0049689192715937965
have:0.01481885835210588
color:0.053545392849324434
graph:0.08883374399734384
be:0.008383496480253208
utility:0.06874252137241789
printers:0.08193399507963199
if:0.00971232492410738
of:0.002817979500952734
produced:0.06653372426774498
print:0.1274308124885427
please:0.027759642853699345
they:0.01352057426822817
who:0.018739896728026787
postscript:0.07291182677026979
in:0.0025750681433984127
or:0.009772629821783846
bmp:0.0810812342097344
and:0.00553329586218536
subject:0.00038691241872490284
i:0.00829994379327804
will:0.03284943028705172
the:0.0010923956666508015
gif:0.06788471164212324
nice:0.045793325460213884
e-mail:0.03985066342974299
very:0.02526438393889054
convert:0.062008405727512164
lots:0.052879637846613925
by:0.014354137316190813
hp:0.0626905435660337
s:0.008991830157333599
