reached:0.20415677937859042
wagner:0.5601654800746849
at:0.07660565325690705
software:0.12242547341222854
technical:0.16681509751823043
re:0.016258282729485676
oakland:0.24514816448391594
phone:0.12771074461780735
support:0.11908505693623939
be:0.02515048944075962
of:0.008453938502858202
email:0.1192999416942583
or:0.029317889465351535
subject:0.0011607372561747086
can:0.03758982575816145
eric:0.6935701704901923
address:0.13881831973624395
by:0.04306241194857244
