pc:0.07661705889650305
thanks:0.02291249017145015
graphics:0.08089060781930395
your:0.014481979565301869
with:0.013444307512403386
c:0.029725260866999538
shai:0.21990912068004503
to:0.003168273931243289
its:0.023768098345220347
need:0.022082781511462486
anyone:0.019228905168291854
tools:0.10228673232571658
contact:0.040000831022765145
on:0.00582768764642862
you:0.006388494131134734
products:0.04655272177168838
am:0.018785475364383512
pascal:0.06463899652120604
support:0.03148225643141961
a:0.003210354312290563
hearing:0.05212451385195205
equipment:0.09275765316185262
also:0.01705169116873065
college:0.04735075058124888
prices:0.05014323539286255
success:0.05151503720473112
are:0.01477957199083277
precise:0.06498213402867364
applying:0.06607765333676933
buy:0.03456139224418352
familiar:0.052950097007943495
be:0.006648979967097371
dec:0.1140298501134405
if:0.015405756776170327
of:0.0022349492593763064
available:0.03104671066453138
using:0.025338167570631273
please:0.02201626847017534
in:0.004084590848149206
or:0.023252119231140872
and:0.002194238014314884
for:0.007479284204875264
subject:0.0003068615734714747
i:0.004388476028629768
we:0.030982618522160228
similar:0.03637653204444484
any:0.011761922601020772
will:0.013026498217279131
the:0.0017327655402047195
would:0.010720110874762942
can:0.009937540142962222
an:0.010320668259330307
laboratory:0.05502131720888189
lab:0.14861072116529353
interested:0.06613968311298667
n:0.04208063788280921
ma:0.04610595316364961
grant:0.05201126906525076
either:0.028776582840383428
appropriate:0.046482847678856395
run:0.030768211820544768
runs:0.04312402897061304
very:0.020037270020499393
opinions:0.03282310523586255
s:0.007131451504092164
