likes:0.08670858214623758
some:0.03827989754535588
pc:0.054636755114719396
there:0.015045557140608975
help:0.0701669744275999
wang:0.09824512788214713
thanks:0.03267846958878956
graphics:0.05768428590392987
where:0.030286177020225603
much:0.028642571632130024
interior:0.09171483869625695
from:0.013878233679183206
my:0.015577282972627891
to:0.006778028656184413
most:0.030435991212574395
sophisticated:0.09292972348566222
software:0.13848127320399622
he:0.07820327250099518
hi:0.051656010819908275
on:0.016623240171779997
am:0.02679239929018632
more:0.020842934849520097
a:0.002289351025977697
how:0.02156332782342827
andrew.cmu.edu:0.06679966240536493
features:0.07091225419764467
it:0.011241161630818753
buy:0.09858495492603167
has:0.017455319244041822
which:0.02117856282815603
trying:0.04420210201751469
looking:0.04252271058043679
find:0.03469584815858017
in:0.002912781998270336
better:0.03665927657871153
and:0.003129487004022868
for:0.005333587916591377
subject:0.0004376550310166934
costs:0.06747955172022681
i:0.003129487004022868
suggestion:0.07587155155593521
any:0.01677520108670176
the:0.0037069820163396047
friend:0.0569376954048001
here:0.029514768944645838
is:0.013213407879868716
