library:0.025376415707279876
some:0.007075981061414267
believe:0.013167708365638426
go:0.03537149548716595
at:0.010678363787326436
know:0.007478031064595768
media:0.02394821933754704
your:0.022907858585113863
with:0.0035444083441790748
ca:0.012463930885408007
post:0.015651986693522305
my:0.01151774862218547
to:0.0025058166547106014
enough:0.02948058820530177
that:0.010512261376802327
produce:0.025548359326244826
lance:0.036068364269153975
memory:0.020494740764650396
talking:0.03951140824681537
nt:0.017310995193271235
me:0.006567204123663907
anything:0.014068128183753963
re:0.002266306077443458
michael:0.01821027394953751
error:0.022820958540436354
this:0.006363423495411139
off:0.0264661508843194
he:0.009637170954668092
blow:0.029535073351182016
something:0.01206461404341529
fair:0.025592118404872015
on:0.0030727807590259994
you:0.0437902234079599
serious:0.0435999228732057
assume:0.02103932457751016
state:0.03221470772049232
m:0.008295846740097406
why:0.010786197455478827
more:0.007705569853458945
was:0.010732862231531947
waste:0.025930787849686904
reason:0.016195223781869866
it:0.006233735086181308
not:0.007308000103951089
should:0.009956437225657451
statement:0.021049693452683673
have:0.009295465693593687
dig:0.07051816620346525
convex.com:0.03258904414464515
usually:0.019986368134464323
without:0.013619457483651485
writes:0.004007650854651893
were:0.018803676332997565
if:0.016246070782143254
of:0.0035352833739225207
produced:0.02782319378469335
what:0.005578436987858371
but:0.00806403905758073
conditions:0.027483834576483807
find:0.012826949925293273
up:0.024426552188225176
now:0.020023204822766597
one:0.011918920094249968
email:0.016629688842229946
in:0.0010768466781484272
point:0.013342642189454914
yes:0.016162702245478115
subject:0.00016179973873950483
until:0.017340398335543298
i:0.011569618620933026
top:0.020494740764650396
will:0.013737034483676174
source:0.0567139629399968
the:0.0022841000302698576
do:0.0043534419327666465
would:0.005652422097602279
can:0.005239793893561899
agree:0.01828215259978448
claim:0.059367982632727016
simple:0.019995082163371154
just:0.014235012890495587
about:0.005969795032253767
head:0.020926422639125353
bush:0.028318887318078065
is:0.003256637901705017
time:0.009572787696386142
provided:0.024472517779421478
does:0.0073847806929546985
trouble:0.023120132619941423
him:0.02904867034379767
very:0.010565106010808772
give:0.014322644068824282
says:0.015521374208651928
