optilink.com:0.03880337129952839
at:0.0034820751480412293
there:0.0036275849232298317
stephen:0.016093514938304417
all:0.011313057280390804
knows:0.013810124154708437
media:0.015618403915791546
take:0.008402170475635191
gay:0.017568923719380552
your:0.004979969257633448
with:0.0023115706592472226
much:0.006905916480474036
such:0.007600858511730428
journal:0.019576091993277783
modern:0.01623133638356459
from:0.0033461353930046463
work:0.016008477976207934
surprise:0.019234650830436593
practicing:0.023212681774580673
to:0.002723713755120219
lies:0.017827595293500646
scientific:0.0166905120031774
everyone:0.024170061324214256
consent:0.04065312281998906
been:0.011598738238904657
make:0.006956839855137168
that:0.015082809801498991
like:0.00460331645655602
talking:0.01288415486309197
behavior:0.01679205147398891
so:0.00403877706476253
this:0.008300117602710181
parties:0.019345219415584446
clayton:0.019022381348334377
off:0.008630266592712847
something:0.00786822655005345
these:0.0065479682731183495
on:0.006011962354616086
you:0.013181003701392613
am:0.006459827496843342
moment:0.016633639523129577
them:0.005793909768902137
kinsey:0.05066492646668685
state:0.010504795995812711
support:0.010825914266930853
sure:0.01724935984315576
a:0.002207911661417225
how:0.015597189690463923
other:0.010903620457169255
low:0.013422112806244347
running:0.011966246689512653
let:0.009111216374517093
politicians:0.02205699812442576
question:0.00862840349149053
also:0.005863625026401448
course:0.009668584189328137
irrational:0.02211306387538211
based:0.023880656220557645
step:0.01644079302443617
mind:0.011974924122569711
are:0.012705758529668489
no:0.008899175780098892
lie:0.018023307011000175
crap:0.019207485299654926
cramer:0.03880337129952839
it:0.0027103196026875254
not:0.009532174048631855
should:0.012986657250857545
statement:0.013728060947402395
have:0.004041506823301603
being:0.007690924624210072
calling:0.016256919444851612
interesting:0.012917093130124159
rights:0.013728060947402395
between:0.009181287929037175
provides:0.01746304500015664
demo:0.02211306387538211
nonsense:0.020783134086365455
talk:0.013674283666549514
be:0.013718448785868883
which:0.005106293804417066
claims:0.014847137057742
scared:0.02246726213107257
writes:0.002613685339990365
get:0.00519515405253408
justification:0.020399087649789774
things:0.008832908806878457
of:0.006148318911169601
even:0.006636993864687848
what:0.007276222158076135
but:0.0052591559071178675
nature:0.015068834554386441
they:0.007374858691760819
depending:0.017789589527890205
sounds:0.014081836219608054
one:0.003886604378559772
rest:0.01291158432202691
in:0.002106873935507792
required:0.014793602571150073
lying:0.05812005509776753
or:0.002665262678668321
and:0.004527242069060749
for:0.005143855540111842
subject:0.00010552156874315532
i:0.0007545403448434582
person:0.011087725055627868
criminal:0.018446445335759697
back:0.008325520632678014
actually:0.009661320660478595
corrupt:0.022925095394017717
normal:0.014910524405211631
the:0.0032771869999524044
do:0.00851760378149996
relations:0.019048299927568207
start:0.011136609043013883
can:0.006834513774211172
liar:0.022925095394017717
homosexuals:0.03857909701392194
road:0.014271353304231264
label:0.021788012103694472
may:0.029423328497072423
an:0.0035490045002440187
10:0.02284878859996968
mutual:0.04065312281998906
just:0.004641852029509431
long:0.009408344842326421
people:0.017849088617467795
many:0.007324905247344243
about:0.015573378345009825
is:0.0010619471418603316
number:0.009890374894852798
homosexual:0.019100652602469473
chose:0.019821291166872455
keep:0.010471994403659767
figure:0.014594852308595863
life:0.011029167404303201
wanted:0.012036205492277083
first:0.007421165333561427
too:0.015434923856636334
article:0.003202896760144668
era:0.019949841331716567
realize:0.015468423949134934
by:0.007829529445194989
high:0.011056615911626566
s:0.0073569519469093075
news:0.012129946704203235
