since:0.024400263700044895
resident:0.1432392314382661
your:0.015365027099771495
amendment:0.05573293712143032
then:0.03892391097014154
that:0.004230544212615571
nt:0.008708275021005348
re:0.004560250033880129
so:0.024922209692315126
d.c:0.07010677854023088
you:0.03389018228101962
am:0.019930931179284947
united:0.04782343881557582
state:0.12964455546051787
a:0.011921376684054593
other:0.01682082911990135
are:0.05488267891717779
citizenship:0.07667990659794657
49:0.06067763356177378
not:0.007352561080194694
ones:0.041373536346059225
only:0.01626263705206447
states:0.0842160911086752
which:0.01575478454289656
writes:0.008064175500214175
if:0.008172566094675723
of:0.00948490661296286
who:0.03153787498131337
in:0.00866730253143856
citizen:0.23806125718346954
and:0.004656066030375486
reward:0.07282804136113588
subject:0.0003255726450246134
i:0.004656066030375486
the:0.002757632963374584
do:0.008759974620810936
jim:0.08259343285241146
people:0.0183569895130868
is:0.003276495449886145
thus:0.04062628137654031
live:0.11329347343710945
citizens:0.04984583157236733
