cite:0.03515389407069088
hmmm:0.033341631404831415
at:0.005912516862110275
say:0.012735201169580828
circuit:0.06212301536794694
all:0.006403139802995243
case:0.03317598801754035
wonder:0.024767568508838447
with:0.0039250159516077
ca:0.013802339571089403
into:0.02403763628164277
such:0.012906155727971802
arguments:0.027916245873707057
from:0.005681692982752856
my:0.006377276921679874
to:0.004624829396277956
then:0.010710606374334249
us:0.027649347465570417
that:0.0023282189626474955
guy:0.022727051992945432
indeed:0.024753304083923594
nt:0.009584947002985752
supreme:0.06991102569518653
re:0.005019335607760678
this:0.003523372069606839
shot:0.026688807688508297
you:0.011190583679370238
regular:0.13580680039448528
winning:0.03143654431749331
bill:0.020775260910682665
why:0.03583334054001355
a:0.005623506547032463
was:0.005942692175177084
as:0.005369893692731667
jail:0.036908020004478855
cited:0.03482644330445308
rich:0.030468426137328572
wales:0.04164774659593723
income:0.0754844657361735
no:0.007555340511292012
conviction:0.037547685640749486
not:0.0040463758964829856
have:0.0034312121687761934
employee:0.03941482207361685
ve:0.012249219456559962
ruling:0.03804505458137849
exists:0.025044517201465465
has:0.00714613740863457
mixed:0.037547685640749486
his:0.037136155198092415
which:0.008670418339043744
notes:0.031398083413406164
writes:0.004438002624278942
down:0.015868225348678912
of:0.002609940745848841
totally:0.027647753695091627
what:0.00617746377850088
oh:0.021675947544573648
well:0.011294415504384864
court:0.10729292959633044
brief:0.06854901951847701
up:0.009016512552700568
refuses:0.03892650425964082
tim:0.054737037580351526
in:0.002384962441536785
and:0.0038435981324576158
gets:0.022398096257669826
subject:0.00017917420732898185
al:0.025570564971290146
i:0.002562398754971744
example:0.018868182172871843
pay:0.022368067530187136
sick:0.030142565564060177
tired:0.03313976928914499
the:0.0020234980133934308
denied:0.03578685165103478
got:0.014846669943829357
joe:0.026707847160556616
mr:0.0226641320690162
an:0.006026162003770045
tax:0.08922391310065757
just:0.007881802439368361
makes:0.018744818001691102
company:0.045182926706461075
is:0.005409515977664373
et:0.03053554079058081
right:0.013019285864364426
voluntary:0.03880978115419204
goes:0.021631055006648837
unless:0.020658130374097257
smith:0.026427775533331962
convicted:0.07809058673538098
article:0.005438475706822825
comes:0.020296485484869207
majority:0.027669722321567926
close:0.02332156520919826
letter:0.027389590736515812
by:0.01994165385537918
7th:0.07399150419106983
s:0.00416400188493972
