know:0.02127370906307417
posting:0.05688256132683173
with:0.01008323063430254
to:0.002376205448432467
that:0.0059811142316289105
liberty:0.08591875858895451
vice:0.09290953631495733
nt:0.0246233983352565
re:0.0064472500478994915
this:0.009051421351231362
on:0.008741531469642929
libertarians:0.10332677242777542
a:0.004815531468435845
red:0.062286533705906054
baseball:0.06460820413946221
also:0.025577536753095972
computer:0.04621901560629854
are:0.022169357986249156
plan:0.06733731374894149
dsd.es.com:0.1122568257301005
have:0.00881466574392505
writes:0.011401075707199351
of:0.006704847778128919
what:0.0158696914309764
but:0.011470400383627764
please:0.033024402705263016
who:0.022294015072997383
bob:0.06351732782808793
in:0.0030634431361119046
or:0.011626059615570436
and:0.0032913570214723265
subject:0.000460292360207212
i:0.006582714042944653
sf:0.2948258108342845
schedule:0.0878994530027204
the:0.0012995741551535397
do:0.037154375115853275
sox:0.091193508808974
did:0.02834329385246492
jim:0.11677002575685756
number:0.08628499477233649
1993:0.05223544487948512
fans:0.21274141135590302
article:0.013971256557182775
answer:0.0523495007263596
