since:0.00948256693556247
go:0.00922005806537501
out:0.005583777720760474
objective:0.021130830993990258
say:0.008993104143448075
there:0.008699326877508507
duties:0.02860871048697021
know:0.005847749410702853
all:0.004521648486475314
rick:0.022808826924780087
insurance:0.23149124752197295
commission:0.027166950418709583
into:0.00848722228901605
such:0.009113825608852127
companies:0.09423299397127337
from:0.016048763117159727
work:0.009597499829337932
reach:0.020655466677869095
wrote:0.01220651646773868
to:0.005878574616501175
prime:0.023804828610976287
covers:0.025484323620220142
then:0.007563413979980111
he/she:0.028402619909056754
make:0.016683227330328947
that:0.006576391003497191
feds:0.023544564356966263
through:0.011229683857937569
movement:0.022309487988013136
esp:0.025219487324511815
nt:0.003384258538968903
reform:0.025707392392058936
along:0.016559058820574575
need:0.009105222708517708
re:0.0017722298709865903
so:0.0096854085060182
getting:0.012854035887320788
he:0.0075361763389584615
federal:0.05618184157386628
laws:0.03518363898614116
cal:0.025430159185037094
something:0.009434413825419541
two:0.008837864609731334
protecting:0.02492006125047612
them:0.0069471998650817105
state:0.03778739412711776
why:0.008434704171346003
legislation:0.07645297086066041
a:0.007942203559315991
how:0.006233947854166467
richard:0.017706528506060564
other:0.006537004681667824
california:0.11316026237695552
across:0.01828987735466276
enforce:0.026652098091682116
are:0.006093946745035313
no:0.005335287849206208
legislative:0.05907281980925885
proper:0.019462218507307304
it:0.004874721749857421
not:0.005714786811146587
have:0.007268966063710703
b:0.014506674628029582
allen:0.021109140628931433
has:0.005046324520789342
be:0.005483045091350439
writes:0.003133944981125888
get:0.006229260546403424
if:0.00635213668022189
of:0.004607596814353996
congress:0.020694961377201528
department:0.016436377169160837
his/her:0.025822991695964904
but:0.0031530010533194802
negative:0.02340201717574694
lines:0.01674493897769913
they:0.008842840042727429
now:0.00782897818899642
called:0.012712106615434758
chance:0.017038187336552626
bodies:0.02262652227630712
one:0.00466024126907878
u.s:0.01671915829857203
better:0.02119635896968155
and:0.0018094664193876297
for:0.001541937738919782
subject:0.00025305172409496017
create:0.018022965361344165
i:0.0018094664193876297
we:0.012774823750843317
possible:0.012213135653860578
body:0.016823133287557118
the:0.0035722891468675496
do:0.006808700653142149
would:0.008840281005728683
can:0.008194938316945151
specific:0.01737040895009684
law:0.05700172749277661
because:0.008363612790969262
may:0.008820026196397303
wants:0.01668500077058649
simple:0.015635964724911095
an:0.004255441414984534
thought:0.012723158318444136
rules:0.019523769197007834
here:0.008532705713854958
many:0.008782943258663951
press:0.01700166047757188
is:0.0063666499263190495
nigel:0.028715216912809347
protect:0.03914092509015795
very:0.008261812757267523
little:0.022230698596193976
release:0.01883319189283061
borders:0.02606300938704905
john:0.025416856868074367
