taken:0.015689910951231716
perform:0.022170069508001326
some:0.01111939881079385
king:0.01998882621370379
inexpensive:0.026065012143114342
say:0.009035928448893065
scheme:0.021861080830830493
birth:0.024620340800281557
posting:0.015710421699791623
all:0.00454318014593472
damn:0.020484937416012414
where:0.008797413324922676
with:0.008354676811279247
former:0.03800855164520532
compared:0.019632326790064866
such:0.018314449556836178
corporate:0.02549744777518521
service:0.06938269006625415
from:0.012093889349002507
drawing:0.022586828450937308
my:0.009049659631717156
to:0.005250282514631737
1987:0.024235762911498423
born:0.02046629980019748
legal:0.017996739018254406
might:0.02025795367503282
that:0.003303853575566446
quite:0.012648568486235245
v:0.018317372923342914
protection:0.020142725219680777
performed:0.02362046895206982
re:0.0017806690608484312
package:0.018510776347886677
so:0.004865764749452001
ps:0.021455058680093883
had:0.007306707074676835
this:0.0024999163731972336
off:0.010397416418839765
on:0.002414327739234714
you:0.005293323708654494
appeal:0.025772779065131996
etc:0.011058685654563027
nelson:0.050576199136835975
a:0.004655013752821317
senior:0.025237169620243
secret:0.01903172203553957
norway:0.02745506170769197
part:0.011662962440063226
services:0.01903172203553957
bull:0.02664097695462702
given:0.013275178853244196
ride:0.020108093032399445
based:0.014385252437621633
those:0.008837693591845525
begin:0.019872473712097685
presidents:0.09521495103104409
place:0.012949655320554409
it:0.006530579614094705
not:0.005742000081675857
expense:0.026312439471355822
have:0.004869053458549075
being:0.009265732999643563
only:0.00635017256318708
atlas:0.029550067822831656
accident:0.023140446575298557
always:0.012652171895231941
after:0.009186731846023578
apollo.hp.com:0.11375046460215509
has:0.005070354637555005
status:0.020955631866663046
escaped:0.025087568685798336
alive:0.020976290921894465
free:0.013750037114879694
familiar:0.021936468760433734
be:0.013772887074701697
which:0.006151868250083419
writes:0.009446605585965176
were:0.007387158559391901
of:0.005555445301878247
gives:0.017316783218076694
what:0.017532230533269168
but:0.003168015344049573
understanding:0.019115022785289648
they:0.008884948804835655
now:0.00786625903751545
title:0.020005682531347237
over:0.009552098821520753
president:0.01793075313891428
bob:0.03508576203837239
in:0.003384375274180771
our:0.03185393461400562
point:0.010483504577428861
or:0.006422013882886528
world:0.012005955660631796
better:0.010648647006197158
and:0.0018180829261466185
still:0.009722424201093082
for:0.006197121198325219
subject:0.00012712836615246808
special:0.01664624377554773
we:0.006417828122447476
any:0.004872796506137178
mere:0.025288099568417988
the:0.002512510033296843
when:0.006227021156398743
peter:0.05259847258322795
country:0.016051210038191106
maybe:0.01260910991591583
rational:0.024318580733935894
just:0.011184652985389391
here:0.008573337645825697
people:0.007167967333681512
is:0.008955754229688797
done:0.012612683578193803
having:0.012461387582954103
right:0.009237493303763332
provided:0.019228406826688308
their:0.007208017231341496
six:0.020177611124881124
whoever:0.023995615989465605
too:0.00929770413268808
nothing:0.012165980959528137
nice:0.015046378365498849
accounts:0.023729942848377913
although:0.015046378365498849
article:0.003858728001507624
occurs:0.02273426762048001
appear:0.01880332175360087
s:0.00886337544080026
