another:0.015726988158784247
some:0.0082804033697401
wilson:0.0707953211149137
go:0.013797391856695937
mark:0.02130229761909355
there:0.006509070819696081
all:0.006766438515221923
case:0.017529156789409615
your:0.008935689519016046
someone:0.015627362515340568
such:0.013638419882750344
arguments:0.029500146348811006
to:0.004887231064151882
enough:0.017249280332889333
ai:0.03441608379959076
relevant:0.031886474268110386
calls:0.028427586279847
class:0.056286094633602866
nt:0.010128773783296999
me:0.007685026102159891
re:0.005304120606782561
greatly:0.02768034858014611
this:0.007446559409523674
merely:0.028943610069084087
on:0.014383229084802551
you:0.007883673608634352
a:0.004952142290235444
pregnant:0.043134044587428866
related:0.02733431904702957
standard:0.021588968372072602
abortion:0.039678050783487046
theory:0.02885495643245833
far:0.01765516363206668
others:0.01912289519906664
are:0.004559655188661174
kevin:0.06390868543006688
it:0.004863197584964141
not:0.008551915015261913
have:0.003625890873387609
rights:0.1231630999891066
sufficient:0.03244852654934542
money:0.02198737423212149
classes:0.036802411718890135
always:0.01884366026949438
allowed:0.027176122185226036
has:0.015103184026759588
degree:0.0314287542600425
be:0.008205124214715904
which:0.009162356968209346
writes:0.004689804191613917
justification:0.03660261826522562
if:0.009505679712956159
of:0.006895056225735414
presented:0.03237578541340791
but:0.004718320725180214
women:0.026803653856974644
using:0.015634188501027806
who:0.009170587760523747
depending:0.031920327308909376
one:0.006973836225359025
in:0.002520279459496319
government:0.019089467649760977
or:0.014347052291555007
ncratl.atlantaga.ncr.com:0.04364695708090139
and:0.0027077830814949636
for:0.004614877488114524
subject:0.0001893401198015482
however:0.017000701448205056
we:0.009558467416411134
back:0.01493870014232296
any:0.007257356498502179
yet:0.01865296980628485
persons:0.06883216759918152
convinced:0.033639957267353436
the:0.0037420362198038095
interest:0.02590627657211266
rule:0.028004947292597036
because:0.02503152197013495
charity:0.043134044587428866
rational:0.03621916279522367
constitutional:0.03821810713664911
definition:0.02889914472856213
is:0.007621918493352167
itself:0.02385145986237149
else:0.017918810108780544
right:0.013757968750285812
mob:0.08562323280497466
unless:0.021830222877592134
relativity:0.04382651600277579
by:0.007024365069625291
s:0.008800514622071182
conservative:0.03736446400012518
