taken:0.016072591706139807
go:0.009489913423385987
honor:0.02628660051837817
damn:0.04196914007183031
stand:0.03841696150698988
your:0.006146010839908598
with:0.014264082360720668
way:0.04225299559869618
hell:0.016650638656009246
ca:0.010031944371182055
such:0.009380571724233164
from:0.008259241506635859
romulus.rutgers.edu:0.030144091494592132
to:0.005378338185720316
remember:0.013573775787908448
then:0.015569564388056616
perhaps:0.014090056281170953
class:0.01935692522765367
that:0.0033844353700924566
really:0.00951900362532159
nt:0.013933240033608556
along:0.01704371420068895
consider:0.03141818613240188
need:0.009371717031693835
anything:0.011323127562533676
re:0.0036482000271041027
exactly:0.01568967147937565
so:0.004984441938463025
this:0.0076826698298256444
jon:0.020240820798626016
he:0.007756747353757245
best:0.011878907707128947
you:0.027112145824815703
american:0.04722490562031535
them:0.007150532544059712
apparently:0.01848127344513006
why:0.008681573561726861
a:0.0027248860992124782
democracy:0.02708605347011045
sorry:0.015499593584090851
coming:0.016959170511168756
reputation:0.02812469735909909
enforce:0.027432159499243543
are:0.006272306161963176
co:0.022268223138002516
it:0.011707258576486848
not:0.008823073296233634
choose:0.0193844072653037
should:0.008013717766992584
have:0.0074817162899656516
only:0.006505054820825788
hurt:0.022001861508564213
kind:0.013441593643722244
virginia.edu:0.023444623415158065
mouse:0.02119966915720893
has:0.005194021823836834
feel:0.0148598862646155
be:0.008465286689816654
stick:0.06184872153445554
writes:0.00322567020008567
if:0.006538052875740578
of:0.00474245330648143
america:0.01920848075349494
even:0.008191021696419637
what:0.004489961478032347
canadians:0.02812469735909909
but:0.003245284010977611
again:0.011911556771258625
necessarily:0.018962258697835133
must:0.011304685012095108
they:0.00455082743662314
who:0.01261514999252535
authority:0.0206340112006486
up:0.013106930442462288
called:0.013084168272471872
over:0.009785076841557843
in:0.0008667302531438559
become:0.016157184267293404
our:0.010876953282831187
moving:0.02068771503239674
or:0.0032893241839174895
rather:0.012553578794696894
and:0.005587279236450584
for:0.00476120287188401
subject:0.00013022905800984534
create:0.018550466786554237
example:0.027427894085442973
we:0.019723081547033706
translation:0.023137726705838215
any:0.004991645201408816
program:0.013544553328702805
liberals:0.02955566228586718
the:0.0033091595560495006
do:0.021023939089946243
thing:0.011043572854268081
start:0.013744205306743964
because:0.00860840145802202
abroad:0.02990013822349622
may:0.01815634660916908
problem:0.010319830692905289
jonathan:0.023319538387775934
ted:0.021885434769995223
is:0.003931794539863374
gave:0.018106702014818985
cook:0.026174456527038176
unless:0.015014933784099958
kaldis:0.058262433088908695
nice:0.015413363203681746
going:0.01062349114170577
by:0.004831392560083737
elsewhere:0.02310807282253879
god:0.012942332837927926
s:0.009079555329600269
