sent:0.03536233219509243
situations:0.04596639778359679
your:0.024229465811178127
way:0.016657430957178303
wrote:0.02476514398743136
to:0.003975574500262012
look:0.02279969542572991
100:0.032485693257991076
condemnation:0.058706065233054466
re:0.0035955817574824093
racial:0.05576970321813926
scott:0.036750740895879874
this:0.005047908061263645
child:0.03812850596866725
restrict:0.05300352944456445
on:0.004875084858070096
you:0.021376884208027764
american:0.031029184782579
am:0.015714772660590053
etc:0.022330038340944575
size:0.034623818625633344
why:0.017112717116865447
a:0.001342792428698457
as:0.0153868107734042
let:0.022164785988007932
given:0.02680564960751232
jack:0.12331026631038276
dollar:0.05421545945317372
far:0.02393632761655194
missed:0.04178780939642145
not:0.023188846483690958
have:0.01474761384079768
try:0.023426823772532624
virginia.edu:0.046212959616417346
writes:0.02543316888529086
of:0.0018696210150551795
year:0.0237957761174005
up:0.012917888176465237
one:0.0189098251495312
comment:0.037784590354641955
in:0.006833834688249634
star:0.04414256706225388
israel:0.07308591478535868
for:0.0062567089021552695
subject:0.000256701508577099
offer:0.033799650180690755
i:0.0055066934782325465
we:0.012959076016480482
will:0.021794333555832393
alternative:0.04186694881119564
2000:0.041592764481310815
the:0.0028990500384194345
do:0.013813806132817245
merit:0.05683918047881449
did:0.01580683695618236
may:0.01789447622538299
an:0.008633635947709007
jonathan:0.04596639778359679
bosnia:0.04918954407508358
china:0.05742210953474175
billion:0.04584544795468467
number:0.024060238926901522
cook:0.05159388065425795
dollars:0.04409235606243511
notice:0.038826590707736
every:0.023386043528244194
article:0.015583324621473098
close:0.03341262707856289
aware:0.03939324242289307
by:0.009523418027088136
galaxy:0.05611314632008233
s:0.005965733469769407
news:0.029508428040032873
