tv:0.017459267540330243
some:0.005380354263287346
cite:0.024137927265128763
correct:0.015079343042310824
say:0.008744446886025546
there:0.004229396246899297
tried:0.014275871212150558
case:0.011389912936897492
with:0.0026950570358965312
setting:0.01982413298323782
contract:0.02341440768536072
into:0.008252552548305928
suggests:0.02272094708195844
approach:0.018968906243934724
to:0.005716033382865197
cases:0.016957537320213788
next:0.01234276508640173
that:0.00639455530754796
broadcast:0.02341440768536072
v:0.017726489925815724
r:0.01428672703561811
indeed:0.01699650833412265
hot:0.019279346482771482
could:0.006954420070626992
consider:0.014840387458853424
re:0.0017232281234017075
so:0.023544022981219357
anyone:0.0077092845605594065
file:0.014002239089670089
had:0.014142013692922905
he:0.014655605599264841
internal:0.01826067933696006
two:0.008593499689646596
on:0.009345784797037602
fall:0.017973737453430103
took:0.015554846435099905
winning:0.021585461305559925
a:0.003217751442042385
other:0.006356258008441985
was:0.012241398167300263
as:0.0036871620286498545
related:0.01776100915037405
cited:0.02391308779891018
lose:0.01937670844786768
section:0.018938982145729436
no:0.010375536739009308
those:0.017105213403571982
daniel:0.019716958503218154
d:0.008395595494825048
it:0.00315995787778776
not:0.005556774272589538
have:0.0023559936089753587
won:0.039830778660449644
try:0.011227602176697661
only:0.006145328286955238
ve:0.01682150874679663
against:0.011904519779529247
classes:0.02391308779891018
extended:0.022029978661262977
has:0.004906794810537102
call:0.012244037317966394
his:0.008499673002328371
be:0.005331440157949044
which:0.011906841774355003
writes:0.0030472921245048956
were:0.007148863121992162
formed:0.02404667091814176
things:0.01029827616654493
if:0.006176501564639717
of:0.0017920791296381442
offered:0.02132794767240575
seen:0.023893685627855786
reading:0.015144341227479218
find:0.009753210772688434
who:0.029793845028429685
up:0.012382123229054236
accept:0.016461345486925037
one:0.004531386671777062
tim:0.0375844175090893
code:0.02986647474960089
in:0.002456401408679592
yes:0.012289612306469534
or:0.006214852144728897
recommend:0.02022018104683563
and:0.005278305269457924
reward:0.027520273694069775
for:0.0029986070314476864
subject:0.0001230274511152917
legally:0.02307289629294726
however:0.011046538729018033
offer:0.032397821371353344
i:0.0035188701796386164
pay:0.015358719179713747
any:0.004715609522068237
water:0.018894457210652308
actually:0.011264120401387486
than:0.006592632636956042
the:0.0034735161750647603
do:0.0033102208244539014
original:0.014221972411398522
would:0.004297924636425696
did:0.007575626928308596
claim:0.030094369076497568
return:0.01700630280099967
individual:0.017795788899845864
mr:0.18674409280829937
an:0.004137779440376667
tax:0.061264345861741835
makes:0.012870865816829374
people:0.013873485161964216
claimed:0.019612220018989785
revenue:0.026569414555830936
win:0.0468591069626038
100,000:0.0767646215857969
morning:0.019770234182485788
attorney:0.02374079502438659
himself:0.01724784078571875
2:0.008978845862190823
their:0.006975500546459511
1:0.00902545572315534
smith:0.01814626061966112
nothing:0.011773529960833681
various:0.016426631236659855
him:0.011043849324254874
show:0.041613852576979256
by:0.004564218777959291
says:0.011801966564182342
grounds:0.0469079282158034
s:0.0028591533680000845
