taken:0.013232455019111085
above:0.010934361566781304
land:0.01597041102645677
at:0.003538012098210566
case:0.01985229805065667
where:0.007419505213790207
specifically:0.01625318334038418
with:0.004697408648912027
further:0.014248330928037697
ca:0.008259231309607715
contract:0.10202663589805777
such:0.007722960656497182
indicated:0.02107622711801784
mentioned:0.014117122967035493
equally:0.019249977491050185
post:0.010371798411370202
unto:0.02235515776508023
to:0.010516379133223208
death:0.013475567807375188
born:0.017260734771250886
next:0.01075654628011717
that:0.0027863825336102554
v:0.015448386802819325
r:0.01245068179409289
nt:0.0028677853482828855
debt:0.023819587940132073
me:0.0043517617686929504
re:0.001501769087462532
wait:0.01474457753056272
anyone:0.006718533131089924
parties:0.019655985992541623
thereof:0.048850604713473654
ala:0.024242722541167522
great:0.010125504774026814
united:0.0157490842685832
obey:0.022468293817155316
state:0.010673547738717332
bill:0.01243178263330007
a:0.005047605274143596
how:0.005282582318189254
other:0.005539389509365103
same:0.007799571688869929
as:0.006426619760779264
said:0.026403672634499185
also:0.005957819805942033
third:0.029339638527452895
are:0.0025819734200852426
no:0.013563201640753132
daniel:0.017183052189551563
it:0.006884647183533574
not:0.016949277349525116
have:0.0020532153138459954
bound:0.08162130871844621
made:0.009339676915333339
term:0.015653332505680552
being:0.00781447361415722
rights:0.02789718409391812
states:0.013866906568095111
has:0.00427620270637169
party:0.05114070413882721
intent:0.019830624996315674
be:0.013938825473192081
constitution:0.07269044833215768
common:0.027037173009087145
considered:0.01382667854302093
writes:0.0026556722530825796
of:0.0039044294290308964
presented:0.018333276077471948
equal:0.03581209108218429
court:0.0160508499094912
please:0.007692431152229938
they:0.0037466651586656368
who:0.005192983430658025
powers:0.042568719841373726
one:0.007898079580527087
in:0.0057085847998229865
government:0.021619397097319658
point:0.008841509884578555
u.s:0.02833528032930681
or:0.013540390716929423
and:0.004599968849286625
for:0.002613243878811839
subject:0.00010721669434545499
create:0.015272472655596862
i:0.000766661474881104
period:0.01522494471323942
6:0.011800600933972668
held:0.0163271007200738
possible:0.010349283626363783
any:0.012328762244443462
lives:0.015632360843105646
will:0.0045514270879649975
yet:0.01056252507102877
the:0.00575152899188434
wrong:0.010616152838674137
interest:0.029339638527452895
see:0.007105966913297896
can:0.013888610320284552
joint:0.02183285604520795
simple:0.013249753240788115
mr:0.013562070997122143
an:0.010818049862189599
human:0.02574973792157892
just:0.004716419933597935
people:0.006045273654912118
hold:0.013934861899373574
is:0.007553045735882118
fee:0.02020448211706271
limit:0.017833024179312262
involved:0.014461353964119949
argument:0.014131491727468762
detail:0.01932796177160079
write:0.013068971586295233
attorney:0.020689769157798753
their:0.006079050677034996
designed:0.03156303130026315
show:0.012088629195722218
article:0.006508697833868281
construction:0.020995903155340452
letter:0.016389755099360866
main:0.01493340165311979
s:0.00498342394261862
