to:0.01531332400100923
aid:0.18399641034518077
ten:0.14911071268732698
jeff:0.15612886254927394
russia:0.18980005671207176
nt:0.02644735376749772
re:0.013849648251043352
lost:0.12979653053029072
la:0.16141864700112513
a:0.0051722375031347965
was:0.032794856818569834
lose:0.155731323451381
dick:0.1869374021083071
it:0.01269834924962859
not:0.04466000063525666
russians:0.20565336893972747
reasons:0.13468609169615203
who:0.09578169438769246
subject:0.0009887761811858628
top:0.12524563800619687
bush:0.1730598669438104
clinton:0.1357465292026086
issued:0.1955093411501184
