know:0.008568577261515985
cnn:0.03610214932902542
though:0.017260723622296387
surprised:0.030560296472216936
kimbark.uchicago.edu:0.04239882489053933
to:0.0038283310002523076
band:0.034606166653884454
then:0.011082502428998633
day:0.017661826637242167
enough:0.016889920325954138
make:0.012222781134372942
she:0.046043645623590035
that:0.0024090598988505334
reliable:0.03221592857947387
provide:0.02345108109919037
nt:0.009917757662811645
me:0.007524921391698226
anything:0.03223946042110283
happened:0.0234187562412391
so:0.0070959069262841665
anyone:0.023234927078352653
charges:0.03510839347040963
this:0.02187426826547579
something:0.02764807384949337
on:0.007041789239434582
violate:0.041328334058405594
regular:0.028104462859414314
bill:0.021496624136748035
m:0.009505657723028279
more:0.008829298790421707
a:0.003879178127351097
want:0.013143041442445704
sister:0.08105232246234113
was:0.030745178267409225
local:0.021224885082749667
also:0.020604126828882866
jake:0.037752646911505414
college:0.028607745142837863
it:0.007142821452916082
not:0.004186875059555312
reported:0.02867616386813655
have:0.0035503514801920335
being:0.04053758187344059
verify:0.03750311906965775
only:0.00926066832131449
rights:0.024119440414533375
details:0.026491818627016214
heard:0.056305153321247386
if:0.0046538223594681195
of:0.004050845532619555
seen:0.018003228407099673
what:0.012783918097175433
never:0.015305133547651808
again:0.016957424570194567
net:0.023021822811795017
in:0.003701660456135218
or:0.004682718456271426
and:0.0013256854669819091
subject:0.00018539553397234928
i:0.006628427334909546
source:0.02166158306735989
the:0.0026171979513508786
studying:0.039694208454694034
when:0.009081072519748165
start:0.019566403388073004
can:0.006003930503039676
her:0.022961172256456445
did:0.01141604891279837
last:0.015140017722635402
an:0.01247080748002412
thought:0.01864296114716467
lower:0.027576268146150117
newsgroup:0.02669558222621076
people:0.010453285694952203
about:0.03420195070562054
is:0.0018657821311851659
clinton:0.050904948450978225
involved:0.025006091229624078
levels:0.031844479378425355
night:0.023248853101277948
privacy:0.03281324020905748
type:0.04500711819905134
does:0.008461727877343925
campaign:0.03584006371803342
almost:0.020986062015726167
advertising:0.03742189657130225
pot:0.04191970772743551
process:0.025115025925233105
s:0.021542926418611746
news:0.04262328494671414
