barbara:0.04092409772444627
wilson:0.03305344462649944
sleep:0.03260344024299939
uhura.cc.rochester.edu:0.0802504737563281
mark:0.03978309886479722
andrew:0.024936809001139062
pass:0.026882617352260236
take:0.014077808810170222
with:0.0038730289853612407
someone:0.014592437845450463
followed:0.029436673516578013
from:0.005606438771060766
bits:0.029201181450111212
wrote:0.01705678791187325
to:0.0036508587022273664
stop:0.022012934533646604
she:0.04390917198541036
that:0.0045947632507877725
provide:0.044727889778588256
its:0.013694202357842187
account:0.02698529408428649
anything:0.015372457949135124
re:0.002476427170716361
michael:0.059695931159079924
so:0.00676695759857563
personally:0.025952613278851
these:0.010971099159595647
on:0.0033576743393330458
posted:0.022605171685310566
onto:0.028835514413008915
a:0.0009248371694346987
as:0.005298769272960387
said:0.014513277011016108
are:0.008515382537764576
no:0.007455269776043111
d:0.024130387051351464
wild:0.03129209662320714
it:0.004541131519734728
have:0.003385765649984456
made:0.015401189085549678
males:0.04012523687816405
kind:0.018248521171940795
buck:0.037242335744006136
public:0.019627447669275454
willing:0.023681455986620335
naturally:0.03399715365038873
without:0.014882188641076126
be:0.00766173850513207
which:0.008555578361043164
writes:0.017516884530266553
down:0.015658050178497734
listed:0.030064870824251372
if:0.01331424675026641
of:0.010301487976992776
but:0.008811698307952453
compassion:0.04012523687816405
never:0.014595624045442785
ok:0.0216148953013969
fact:0.015882563765753904
well:0.011144820597042018
must:0.015347420049533093
who:0.00856326406777383
up:0.00889708854538003
net:0.02195458599270518
one:0.006511992766725976
in:0.004706747070052728
context:0.027501595683423658
u.s:0.023362532456945022
and:0.0012642298493072512
for:0.004309256462411576
table:0.029999300817743352
i:0.0063211492465362566
person:0.01857744661638312
away:0.018337639644527618
we:0.026776368987694768
will:0.007505333409955526
source:0.020657403719866387
the:0.0034942192516048813
originally:0.030131096541698946
original:0.020438198763400525
quote:0.053443151159478
putting:0.026622877530053074
would:0.006176487722545537
can:0.011451205197850508
agree:0.01997718661565854
thought:0.017778717915176906
jordan:0.03641917205739966
here:0.011923184805452954
people:0.00996869629187495
is:0.0017792889198057211
white:0.022509729442520478
time:0.01046033092651466
told:0.020531256733305497
tree:0.06848041811998842
every:0.016106943887002623
words:0.021906351864287247
regarded:0.035534858198959116
article:0.00536644291600398
full:0.04092268190626825
by:0.006559175329915007
data:0.01943275247156167
happy:0.025152947605861068
poster:0.030164459416069524
doubt:0.023046836417089853
