convex:0.10975939953448405
inevitable:0.09556623361237401
funny:0.0762841720433258
ca:0.03485675586597154
corp:0.07844346855783131
to:0.00934372311925987
aid:0.16840349421423326
w:0.05244645516998905
ten:0.1364742116121298
that:0.017639218242431025
russia:0.08685765307162607
nt:0.024206052600760627
re:0.006337974623358823
scott:0.06478096700290689
wait:0.06222711534084945
os:0.0804974610460046
214:0.09953912693167645
richardson:0.09953912693167645
want:0.03207793165613867
truth:0.06093317844089159
computer:0.045435642460429075
roby:0.20315094240037201
not:0.01021881370467737
always:0.045033154203367926
convex.com:0.09113885226892288
humor:0.09411255866733292
russians:0.09411255866733292
writes:0.011207837135890887
reasons:0.12327201612868154
edited:0.09411255866733292
now:0.02799854911658041
good:0.02745779409083897
in:0.003011520371093059
subject:0.0004524907947799711
i:0.003235571309243982
news.udel.edu:0.09830591753705903
top:0.11463160088702763
flames:0.07580444702361644
the:0.0025550949491154338
do:0.012174879981466045
see:0.02998958917646061
development:0.06588581411959665
chopin.udel.edu:0.09634266642646375
paul:0.11101771156301889
close:0.05889683417238204
s:0.010515869167051158
