tv:0.019732609667977408
health:0.021699721876316413
sentence:0.02579557955364208
typical:0.023221902811103874
there:0.004780098883214309
all:0.0049691032846161
matters:0.04953650070092342
leader:0.024396068246388042
i.e:0.01799239060924689
way:0.009022775101804912
much:0.009099983695624642
c:0.013469258830359165
though:0.01294554271672229
hell:0.017778025648343205
response:0.036579151589868145
someone:0.011476344347203227
unusual:0.05223736109602845
my:0.004949032611095319
to:0.0028712482501892307
crime:0.04178352005455746
death:0.06990450800075879
us:0.01072852284471352
make:0.009167085850779706
that:0.0054203847724137
like:0.006065828455774339
nt:0.011157477370663102
reform:0.028251353097523097
re:0.0019476067853029715
penalty:0.07571700201182684
on:0.005281341929575936
you:0.002894786403170426
well.sf.ca.us:0.030394620923377927
causing:0.025565762861408027
more:0.01324394818563256
sure:0.01136481260499585
a:0.0021820376966349923
j:0.015906920101712824
as:0.004167261251130304
blood:0.021753508929211463
abortion:0.0291385685441233
are:0.0033484967791730493
no:0.011726518085234477
yeah:0.06178472569043988
it:0.016071348269061186
not:0.0031401562946664838
have:0.002662763610144025
punishment:0.02470434361821268
call:0.013838313010409935
be:0.006025638095181992
comparison:0.02430703473930835
sort:0.01634094431073453
writes:0.0034440749532164703
were:0.01615940934866978
if:0.01047110030880327
of:0.004050845532619555
america:0.02050905497117949
opinion:0.017235997732227545
what:0.01917587714576315
but:0.00346501678255422
never:0.011478850160738855
minorities:0.028920005007149176
killing:0.04215669428912147
they:0.019435825510577993
who:0.006734650386634626
up:0.00699718942891867
over:0.010447608086038321
in:0.003701660456135218
and:0.007954112801891455
for:0.001694525327667052
subject:0.00013904665047926196
purpose:0.019587924438253055
i:0.0029827923007092957
group:0.014047478827117942
person:0.014610387703509638
we:0.028077998035707707
news.cso.uiuc.edu:0.023883359533819017
don:0.023221902811103874
than:0.0074510483448930265
the:0.003140637541621054
blacks:0.03110364266465178
do:0.014964956643885346
when:0.013621608779622249
nuts:0.029213509885019653
would:0.014572650720380876
because:0.009191261973408926
did:0.025686110053796334
homosexuals:0.025417998813860025
injection:0.0317991186679045
serves:0.02688004778852507
people:0.015679928542428306
ourselves:0.02476825035046171
is:0.002798673196777749
clinton:0.019089355669116834
somebody:0.019769417830597682
2:0.010147966417163586
trouble:0.01986886397026216
too:0.010169363895127586
nice:0.03291395267452873
cruel:0.09397592196924903
convicted:0.06060154908110295
article:0.004220483751648963
commit:0.027177747860608132
april:0.017719551364000583
by:0.005158518098006073
apply:0.020831020757758716
s:0.019388633776750572
