optilink.com:0.031668557867034465
some:0.022597487905806856
at:0.005683645241641491
out:0.007601142574712645
there:0.005921154745659016
know:0.007960484681666463
all:0.012310552653500532
chris:0.04950641603766839
with:0.003773079850255144
though:0.016035769042649545
surprised:0.028391501238704767
my:0.006130414589227751
to:0.004445803742228486
crime:0.07763647597233903
legal:0.024382678669893063
consent:0.033178193785345915
male:0.031007405161983248
that:0.006714283072925358
me:0.006990894712287385
re:0.0024125193727623905
practice:0.026493729709947362
submit:0.03392343821839007
had:0.009899409585046034
this:0.0033869834733639935
clayton:0.062098870724239974
child:0.025582997553170284
laws:0.02394757363250253
on:0.003271024678963161
am:0.010544105527105585
why:0.011482081162283912
sure:0.014077703355865829
a:0.0018019408075437356
how:0.00848621288534919
uunet:0.024367692338176036
was:0.017137957434220367
as:0.01548608052032939
intercourse:0.04020762896694715
uniform:0.03591247924841921
official:0.026169051749382746
others:0.017395665955279974
are:0.004147815365169197
causes:0.027530008383062684
works:0.019194361248714452
cramer:0.12667423146813786
it:0.004423941028902864
not:0.015558967963250707
have:0.003298391052565502
applying:0.0370887473567673
term:0.02514632125106102
only:0.017206919203474665
states:0.04455302884458946
between:0.01498623126481552
left:0.018867130216132656
suspect:0.025045774599340383
references:0.02664108127104299
be:0.011196024331692993
writes:0.008532417948613707
of:0.003763366172240103
sexual:0.02873566885615827
even:0.01083328675978081
but:0.004292149820970388
victim:0.034472843433488824
supply:0.026051389894222864
defines:0.03591247924841921
well:0.010857212323569966
please:0.012357518431646805
in:0.004585282629535238
u.s:0.02275962839353999
or:0.004350396501310228
rape:0.13201838925957915
forcing:0.03405646587776256
female:0.10429844721808113
and:0.0012316045628735157
word:0.01979920333008657
for:0.0020990249220133807
subject:0.00017223843156140837
i:0.004926418251494063
victims:0.03235346235624988
program:0.017913764079897258
the:0.0048629226450906645
relations:0.031091741172095205
reports:0.025511112543149368
may:0.012006616306063424
fbi:0.024611754079292482
pyramid:0.0346178296002763
mutual:0.033178193785345915
here:0.01161548971369933
people:0.00971143961337495
e:0.020070256103573075
is:0.00173337178639138
throughout:0.029859126741368047
run:0.01726989953798319
concentrate:0.0337289024882566
article:0.005227954066558716
opinions:0.018423291325935755
aware:0.026431594916005673
by:0.012779812578286014
data:0.01893126208519879
mine:0.021066058353548297
optilink:0.03556365846603034
thats:0.03347832291847425
confusion:0.03341716973167075
