train:0.057243721251264354
among:0.035510365649338405
storm:0.0578246793600389
your:0.01298899198125013
with:0.00602914821432523
operations:0.048054812909576784
to:0.0042624716291469
look:0.024445034270885676
threat:0.04760158483307043
enough:0.025073696153993776
counter:0.11134946692846838
weapons:0.08246507186576646
rise:0.05113709773128517
re:0.003855056729671861
accidents:0.05828294495355265
anyone:0.017246543810735992
ps:0.04644909611154346
national:0.0335481847936857
terrorist:0.10884025177429273
great:0.025992275141573987
them:0.03022390044396373
terrorists:0.05330176874287759
m:0.01411149187748528
a:0.005758779900397505
as:0.008248599589866169
operation:0.04438934160311852
ccwf.cc.utexas.edu:0.058762532743603095
handling:0.09950145496301255
guard:0.05543497199862319
promises:0.05753010851010018
desert:0.058127915290000685
individuals:0.04399125050901769
proper:0.042335341289091145
have:0.005270624877810854
sudden:0.05617166234895458
writes:0.013634276103454893
if:0.006908767214055766
of:0.010022710596172095
years:0.02298737549464323
up:0.013850106910849326
in:0.012822246528468384
become:0.03414662654427987
tactics:0.055796738182244524
or:0.006951664512402941
use:0.01714205698708606
and:0.005904083729239018
for:0.006708223977568536
subject:0.00027522635971152884
i:0.005904083729239018
any:0.010549353260709353
firearms:0.09792474642709836
will:0.011683560256734891
the:0.003885324793758005
last:0.022475902598551523
friend:0.03580617958446192
long:0.024539291186686442
prepared:0.04908964987151103
deal:0.033982628781036174
discussion:0.03544197880917723
six:0.04368348800231995
experience:0.03414662654427987
article:0.016707894439517545
training:0.04620420862692379
security:0.03826674137152466
doubt:0.035877034010108944
