believe:0.011028791270712388
at:0.008943807233039908
out:0.005980594411575938
there:0.013976329729601231
defeated:0.032216207314997726
posting:0.016747150035310864
all:0.004842983911910107
bs:0.028775193566626372
your:0.006395595036453109
with:0.002968666887256585
post:0.013109532002188732
kimbark.uchicago.edu:0.03099203443775464
to:0.006995934822796096
then:0.008100915481095447
cases:0.037358229426257786
enough:0.012345931608819269
worse:0.019771905651474044
been:0.0148958414946339
that:0.008804685924732913
like:0.005911873418825752
really:0.009905562148177288
nt:0.003624764221941312
need:0.009752294373082417
re:0.0018981751410059417
anyone:0.008491953043864929
file:0.015423786205372634
this:0.005329770947933188
he:0.008071742170153478
617:0.026438433575083232
two:0.009465936206361986
these:0.008409319660400724
pieces:0.025835077215302885
procedures:0.027721186638818025
you:0.011285258668197398
fought:0.029907901948932003
defend:0.022994387936442873
letters:0.02380613608133631
posted:0.017326806723258353
bill:0.015713268404526484
sure:0.011076365584564485
a:0.001417770686138472
contrary:0.0234657085149376
looked:0.018908645708018704
as:0.004061493199071159
stopping:0.028775193566626372
given:0.014151205884168938
income:0.028546155824085918
mind:0.015378963467056531
frank:0.01987905774898793
no:0.017143336083997613
place:0.013804201103129063
silver:0.052876867150166464
it:0.00870191446040538
have:0.010380723109597012
proof:0.021254358333508527
probably:0.012117886878320853
won:0.02193725626730348
try:0.0123674602657025
interesting:0.01658895716711377
ve:0.009264638066129108
date:0.018161417207021944
against:0.013113100467806327
facts:0.020558816213892835
has:0.01080989313590407
his:0.01872516793406352
found:0.013576246219578666
writes:0.0067133237666757595
were:0.007874636027778168
of:0.000987008048557049
defending:0.027011735154680163
even:0.017047304038233763
reasons:0.018459515105563984
what:0.0046722949390691935
but:0.0033770721941645187
seems:0.011961863397873492
they:0.004735632611714434
up:0.006819595788590784
now:0.01677070454698725
one:0.014974277783385115
in:0.002705782262352647
point:0.03352592834406184
and:0.0029070869123664204
gets:0.016940692093364487
for:0.0049545512118589945
subject:0.00013551754767521977
al:0.01934017350620422
i:0.0019380579415776134
6:0.014915480368320784
concrete:0.02747352083085136
yet:0.013350602754752099
exist:0.018459515105563984
the:0.0034435416700007494
do:0.007292567704634483
thf2:0.030530248761583438
when:0.019913824002696486
would:0.004734262162966376
major:0.016631614074709603
specific:0.018604854256195087
because:0.008957981212662506
claim:0.016574817486294344
may:0.009446830088527059
tax:0.04498938427072074
finally:0.018459515105563984
ted:0.022774183390096552
about:0.005000082133613561
is:0.0040914613232080795
et:0.04619081804869584
assuming:0.020142993257203055
voluntary:0.02935359082220616
hear:0.016820718600298514
first:0.009530735174573812
nothing:0.012968812190359941
him:0.012165052301336587
midway.uchicago.edu:0.02674309352293223
article:0.008226729749407117
laboratories:0.02869769370809445
bad:0.013911680440336973
respond:0.020527958111982266
checked:0.022846528683026508
letter:0.04143196974356199
by:0.005027591242726731
bernard:0.05906343869833384
while:0.011016967034916357
giving:0.03851133956638655
s:0.015747113727310108
