thanks:0.1423847603511545
anyone:0.1194939106886708
a:0.009975029470331393
d:0.13013173016978824
have:0.03651790093911806
edward:0.32286360167018746
email:0.1959927613548529
ott:0.470357418892825
subject:0.0019069254922870211
address:0.22805866813811504
clinton:0.261796877747888
does:0.08703491530982323
e-mail:0.1964068411894476
s:0.044316877204001306
