there:0.009560197766428618
where:0.01924434164826835
with:0.006091951841557784
service:0.03794365862998274
to:0.0028712482501892307
retired:0.06137350712437088
ten:0.041937387943310714
fails:0.049863068720549214
nt:0.007438318247108734
re:0.003895213570605943
consumer:0.05701721406306262
comments:0.03837505222946979
uk:0.04501707796519569
this:0.010937134132737895
joke:0.051131525722816054
you:0.011579145612681705
a:0.002909383595513323
old:0.05516485588213175
secret:0.0416318919527428
abortion:0.0582771370882466
authorized:0.05798369045317685
college:0.04291161771425679
are:0.0066969935583460986
internet:0.029755561907443814
dinner:0.06335312798778614
not:0.0062803125893329675
dscomsa.desy.de:0.059210597074597505
laugh:0.052837664354743415
comm:0.06549742021907937
writes:0.013776299812865881
tech:0.04723784067833154
kill:0.07697150222090388
of:0.010127113831548889
ed:0.041335100746552104
must:0.02414021278624476
who:0.026938601546538505
one:0.010242821955996066
aids:0.05637795420497624
bob:0.19187526114734896
in:0.007403320912270436
clearly:0.037859483087754206
and:0.001988528200472864
subject:0.0002780933009585239
offer:0.03661628769574831
applicable:0.06005794748557618
special:0.03641365825901065
top:0.03522533568924287
pay:0.034717104812477945
liberals:0.0631136538396122
the:0.0023554781562157906
do:0.007482478321942673
see:0.018431101681366416
when:0.013621608779622249
drugs:0.04518509236029864
law:0.03132126172129131
her:0.03444175838468466
hallam:0.05873341440760486
descriptions:0.06287956159115327
tax:0.046160982819437424
just:0.012233214202769644
people:0.015679928542428306
is:0.008396019590333247
save:0.03773448158772181
spent:0.045227522833086516
type:0.0337553386492885
their:0.01576753769355952
tradition:0.04885217508357556
article:0.016881935006595853
by:0.02063407239202429
sales:0.050407855172662226
void:0.057284322715284886
