ask:0.04350093409487116
out:0.017584732822096414
all:0.014239818367855091
c:0.07719694613220776
o:0.05225341766865495
surprised:0.06568183122386924
from:0.012635406782539934
romulus.rutgers.edu:0.18446384347436975
wrote:0.03844141753272927
to:0.0020570136717773593
motor:0.07521013966847427
grade:0.08267216879577408
that:0.0051776809766339825
think:0.021488776530276945
nt:0.010657888831678187
me:0.01617296537917231
obscure:0.0876538580443121
re:0.005581201534002545
so:0.015250904438580896
apple.com:0.1641580591243985
this:0.00783555878166297
you:0.01659101460921558
am:0.02439307995076665
theodore:0.0811400172426385
m:0.04086014066018125
a:0.004168669032377299
how:0.019632283540733198
was:0.02643167564481748
old:0.039521090781228715
college:0.061485302993561974
d:0.027191704811597543
have:0.007630606166382879
whether:0.04264863559525111
after:0.028794234144253004
of:0.00290209829202595
now:0.024655438774302152
president:0.05620086804734326
in:0.0026519358491714994
england:0.07358873905649226
and:0.0028492344364984316
subject:0.0003984620431644522
i:0.008547703309495294
managed:0.07061362110693267
do:0.01072116296875368
when:0.0195175289976677
just:0.017528187514416208
relatively:0.06654634835420813
f:0.05546613758816191
new:0.02573133678930667
time:0.02357477567020468
1st:0.0671756141874063
entered:0.07484756216744376
kaldis:0.1782656534809893
senator:0.08793815946178515
article:0.012094520601740313
kennedy:0.08630831928320319
john:0.04002206566540068
