optilink.com:0.08235950451997218
taken:0.011056648656908256
since:0.006714166521488863
simply:0.010263903825112044
cite:0.01757694703534544
at:0.005912516862110275
committed:0.029741304366885855
all:0.006403139802995243
case:0.008293997004385087
means:0.00951206449811662
where:0.006199519457160275
gay:0.04474769497654308
with:0.0039250159516077
creating:0.01642396145014384
4:0.008336474846237178
from:0.002840846491376428
both:0.007535919739289389
my:0.003188638460839937
to:0.002312414698138978
most:0.0062301861206947575
might:0.007137869583484718
consent:0.017257114217210122
trip:0.017257114217210122
class:0.013316005609627524
male:0.016128012752038266
make:0.0059063103468110865
that:0.012805204294561225
control:0.010233672046781958
nt:0.002396236750746438
re:0.0012548339019401696
so:0.006857789244194094
voice:0.0121694439645509
had:0.005149021764034011
this:0.003523372069606839
mean:0.008870543814865304
clayton:0.08074937048873486
child:0.03991977806115497
overwhelming:0.01940489057709602
26:0.029505792153387403
two:0.006257682659910441
these:0.005559181117781686
you:0.018650972798950397
numbers:0.01183806174831778
children:0.03374876041629388
sam:0.016545119183842216
concerned:0.013510031015294728
incorrect:0.017050088817863344
orientation:0.03717473361957626
sexuality:0.020913364059989288
m:0.004593337960121047
why:0.005972223423335592
more:0.004266506798056127
a:0.0018745021823441544
uunet:0.01267447084703787
as:0.0026849468463658334
said:0.007354043049206148
heterosexual:0.019644685758244157
acts:0.014695532206360478
also:0.004978178294226733
evidence:0.021595355936329375
kim:0.018679309676191202
are:0.021574207436282737
exclusively:0.0376442543484817
likely:0.011095331560166873
cramer:0.14824710813594993
reason:0.008967154107411167
it:0.003451564728925892
not:0.0040463758964829856
have:0.00514681825316429
being:0.013059086778021128
74:0.019970738605404048
whether:0.009588787197590015
relation:0.01882212717424085
between:0.015589703664740976
constitute:0.019836492516096333
has:0.00714613740863457
feel:0.01022240498069187
shows:0.012967163213489634
netcom.com:0.03240639437638731
be:0.001941145158179434
which:0.004335209169521872
common:0.011295731676615269
sort:0.010528393649869228
writes:0.008876005248557884
if:0.004497653823915498
of:0.004567396305235472
sexual:0.029892809883923035
what:0.00617746377850088
saying:0.010122668385786708
ok:0.010952514062117221
least:0.008079403968813698
find:0.01420434052129792
one:0.0032997010328041023
in:0.0035774436623051773
point:0.007387704567986781
or:0.009051160506081683
female:0.018083064114991693
men:0.023567775520988873
and:0.002562398754971744
still:0.006851372759159554
for:0.002183549415517275
subject:8.958710366449093e-05
i:0.002562398754971744
power:0.018133256913896254
survey:0.016965129730667744
20:0.010553128685924899
victims:0.033656286343749876
will:0.007606076140290499
the:0.003541121523438504
waiting:0.014681343159013092
do:0.004820925630244944
see:0.005937536112118041
when:0.008776338542575408
correlation:0.019970738605404048
relations:0.0161718787975663
can:0.005802456325085324
because:0.011843773818083986
homosexuals:0.049130091667058305
mr:0.0113320660345081
relationship:0.01531874410500173
pyramid:0.018005918080680625
human:0.010757860306163006
mutual:0.017257114217210122
people:0.0151537564436891
about:0.003305423423898898
e:0.010439227167965862
is:0.009015859962773957
homosexual:0.06486530346878895
recent:0.01274528553182893
does:0.004088888638716527
too:0.006552073382095626
nothing:0.017146684573831603
article:0.01087695141364565
95:0.017968000110029844
shown:0.013856938245005581
opinions:0.009582584414496786
commit:0.01751049526589517
by:0.01994165385537918
data:0.009846797393308095
mine:0.010957178002684517
high:0.009386992703495039
says:0.017188098955889717
optilink:0.018497876047767457
trips:0.019347526706762798
s:0.00416400188493972
