hide:0.03954990474729651
dan:0.06307624586328982
behind:0.02799795556348173
where:0.01466235554153779
such:0.03052408259472696
from:0.013437654832225008
to:0.0032814265716448352
cases:0.029204647607034853
software:0.022347507051438543
engineer:0.03538575666453924
that:0.011012845251888151
re:0.0029677817680807184
so:0.008109607915753334
phone:0.02331227877944102
had:0.024355690248922778
formal:0.0448686163531318
on:0.00402387956539119
you:0.004411103090545411
assume:0.027551496470549018
them:0.011633802948668578
bill:0.024567570441997755
prove:0.031165859840584106
speaking:0.03345618483198727
senior:0.04206194936707166
da:0.09446476356206994
also:0.011773786759361637
judges:0.09292248184058347
international:0.031471147783661856
california:0.03158308910256298
action:0.02922137365734886
it:0.0027210748392061264
not:0.004785000068063213
have:0.00811508909758179
ronald:0.04631561283562351
rights:0.027565074759466714
amazing:0.03890046015802959
after:0.015311219743372628
shall:0.03142680963518059
decided:0.02961613542078059
public:0.023521782524290425
personal:0.026618218025362822
glad:0.036818204090827276
be:0.004590962358233899
writes:0.005248114214425097
of:0.009259075503130411
even:0.013326662283857345
department:0.027524409386451874
but:0.005280025573415954
jurisdiction:0.14425978020482788
court:0.06343907345179856
they:0.007404124004029711
in:0.004230469092725964
government:0.021362023322351566
required:0.029704614686515623
or:0.005351678235738772
and:0.003030138210244364
subject:0.00021188061025411345
i:0.006060276420488728
any:0.00812132751022863
stood:0.043243263871814236
the:0.007178600095133838
do:0.005700935864337274
interest:0.028990357116411788
see:0.014042744138183936
rule:0.03133886958933478
agree:0.047881828237530774
may:0.014770043868570086
an:0.014252351405741851
rules:0.03269456587752899
record:0.03060832061298885
people:0.011946612222802518
about:0.007817588732713265
reality:0.06651763844845052
current:0.025097188283577918
is:0.004264644871280379
write:0.025826777182440582
experience:0.02628748233964403
1:0.01554384041210086
whenever:0.03764471408489551
e-mail:0.021822982354383066
article:0.006431213335846039
opinions:0.022663572662857477
by:0.01572119801297089
void:0.043645198259264675
