optilink.com:0.041954072387951645
at:0.0075296154910635136
all:0.008154425902959755
anyway:0.026055673689269525
princeton.edu:0.05238913107535663
slavery:0.15716739322606987
much:0.014933306577435312
lincoln:0.049878352284517626
my:0.008121489413079499
to:0.0023558960001552665
then:0.01364000298953678
ten:0.03441016446630624
consent:0.0439540174079369
perhaps:0.02468770544991492
make:0.015043422934612853
that:0.0059299935971705445
quite:0.022702558821447876
bit:0.0232913179321
nt:0.006103235484807167
re:0.006392145346635394
clayton:0.08226773472014698
on:0.004333408762728974
you:0.004750418712895059
american:0.027581497584514666
a:0.002387186539908368
uunet:0.032281985576216116
low:0.02902388495709248
was:0.01513608776241685
gary:0.0725586058721822
course:0.020907280341025805
l:0.02824752631413131
no:0.00962175842891034
play:0.02736682250239694
cramer:0.16781628955180658
phrase:0.04183197018925526
it:0.002930388288375829
not:0.005153076996375769
only:0.01139774562623322
between:0.01985355423971287
craig:0.03901697216487621
free:0.12339776897968956
be:0.004944113308867276
which:0.022083629615684067
writes:0.011303630615684828
if:0.005727781365499225
of:0.001661885346715715
concluded:0.04689223569086703
but:0.011372362773511287
sense:0.0280882226184871
together:0.03041851488419001
they:0.015947344008679382
in:0.006074519722888564
economic:0.03919320538883121
or:0.005763345792334063
and:0.001631612882439273
subject:0.00022817911873519915
tricks:0.04885441040577728
top:0.028902839539891586
import:0.04757636139747845
than:0.012227361386491123
the:0.001288466683741971
do:0.00613946939236322
less:0.023494577406805793
relations:0.04118991351858767
can:0.007389452926818064
meant:0.03480050666146169
regime:0.048717655351534196
mr:0.028862869045157384
pyramid:0.04586122724822929
mutual:0.0439540174079369
people:0.01286558239378733
e:0.026588800820972883
south:0.03693708961246826
interests:0.04207794424523854
trade:0.18030268787750833
is:0.004592694476763486
their:0.012937466825484736
wanted:0.07808102537297698
too:0.016688186904824757
under:0.020746354077825976
article:0.013851844107976087
opinions:0.024406924406154207
by:0.008465260468522789
mine:0.02790802602393151
optilink:0.047114248395168395
