some:0.015993655823744575
believe:0.029762628497675893
at:0.01206801386923878
out:0.016139412316170682
all:0.013069422337620427
keeps:0.06539994794932605
times:0.038499673171137345
my:0.01301663371685344
to:0.0018879440549189463
lock:0.06925491314710941
she:0.09082582150406801
that:0.0047521181566366685
really:0.026731448536861997
nt:0.009781897968800527
its:0.02832636378129
me:0.014843680553486912
re:0.005122472640796856
started:0.04492116268477952
fixed:0.062120995960545586
telling:0.058822250926381
bill:0.04240429966700982
a:0.0038260387009490275
hard:0.07408858637193176
low:0.04651773342438109
was:0.012129604576731309
as:0.032881403844535
coming:0.047625067873830064
given:0.03818887067371618
no:0.015421174468253558
early:0.04798275477799015
money:0.0424687639277963
bank:0.1304574256859334
grew:0.07663842685577635
real:0.035035532246551336
call:0.07279331775338924
writes:0.009058388918048799
if:0.018360285472970115
germany:0.057599256619003926
what:0.012608795931460701
who:0.01771305307169655
up:0.018403566717155952
now:0.022628964354496496
in:0.014603811114615655
albert:0.0703228794686123
and:0.005230101568366984
subject:0.000731423476493652
back:0.028854201644760786
possible:0.035300981136501125
rate:0.053214735746455494
the:0.0020650767396960357
can:0.02368673951884146
is:0.007360893887415449
time:0.021637122875393336
does:0.01669162759366473
article:0.011100450415295903
