sent:0.11863492091256815
guilty:0.3033185061947337
case:0.07972939055828245
thanks:0.12860558999459115
tony:0.1491207928207325
much:0.05636118934064294
c:0.08342250630416
to:0.004445803742228486
everyone:0.09862944379074527
this:0.016934917366819967
them:0.04728577972684648
a:0.004504852018859339
not:0.019448709954063382
regarding:0.1276450442280928
were:0.05004204185394513
of:0.006272276953733505
helped:0.15184845049905712
again:0.07876997219703284
who:0.041711383039801556
or:0.021751982506551137
and:0.0061580228143675786
few:0.07372991938407375
subject:0.0008611921578070418
law:0.09699487500786987
once:0.08654939338467439
replies:0.14457445925198734
very:0.11246725753441594
fault:0.14280645162311653
