optilink.com:0.038957352931669374
large:0.047524351109326596
supports:0.06859745213744105
performing:0.043960597692990974
tony:0.03668844902732308
with:0.009282974234754719
much:0.013866641821904216
such:0.01526204129736348
arguments:0.033012068533193266
from:0.006718827416112504
to:0.005469044286074725
discrimination:0.09022567173272
bigotry:0.04617260882369748
that:0.008259633938916114
think:0.011426571647052025
like:0.009243167170703755
nt:0.0056672900930352255
population:0.06263407198229035
re:0.0029677817680807184
had:0.012177845124461389
mean:0.02097954013357032
clayton:0.03819573397721109
child:0.031471147783661856
laws:0.029459316770141998
on:0.00804775913078238
you:0.017644412362181644
children:0.026606165619194645
assume:0.027551496470549018
orientation:0.043960597692990974
includes:0.029902812471685306
why:0.014124782382174654
a:0.005541683039072996
how:0.010439388866897811
coming:0.027592301228488846
part:0.03887654146687741
politicians:0.04428905178952157
logic:0.03295826149362676
injured:0.044178049869087126
mind:0.024044887325477278
cramer:0.07791470586333875
it:0.005442149678412253
not:0.004785000068063213
ve:0.01448518808751932
massive:0.0396116677666779
against:0.020502228509189258
expect:0.0274303260568126
gene:0.04267612923703531
glad:0.036818204090827276
be:0.009181924716467798
which:0.01025311375013903
writes:0.005248114214425097
get:0.010431539486437479
were:0.012311930932319833
if:0.010637308250212845
of:0.007715896252608676
sexual:0.07069886782070686
but:0.005280025573415954
least:0.019108431608781604
they:0.007404124004029711
up:0.010662383891685591
one:0.007804054823616051
difficult:0.029581018071730147
rather:0.020424473435816375
and:0.003030138210244364
usenet:0.03241427483050597
seperate:0.0448686163531318
addition:0.031471147783661856
zealand:0.043243263871814236
will:0.00899448686431178
source:0.02475609493412559
than:0.011353978430313183
the:0.0017946500237834594
see:0.014042744138183936
when:0.010378368593997904
would:0.014803962636577397
law:0.02386381845431719
listening:0.03918909225462384
because:0.01400573253090884
did:0.026093826086396273
homosexuals:0.038732188668739086
rational:0.04053096788989315
an:0.007126175702870926
btw:0.029776115241613766
people:0.011946612222802518
is:0.004264644871280379
new:0.013682536229234498
amounts:0.03992790513610012
admitted:0.043645198259264675
concentrate:0.04149190385460137
passed:0.034298726068720524
sometimes:0.02781354225649087
