some:0.01556715833511139
believe:0.02896895840440454
hmmm:0.06623870772426509
out:0.015709027987739467
means:0.037794602939183373
existing:0.05772895541808068
access:0.04469835824024701
to:0.001837598880121108
matthew:0.11430059575523988
death:0.044738885120485634
that:0.004625395005793024
nt:0.01904209471259836
reform:0.07232346392965913
re:0.004985873370375608
laws:0.049491652173838566
two:0.024863859102044153
on:0.0067601176698572
you:0.007410653192116292
a:0.0037240110022570536
other:0.018390773171092147
vote:0.06073111162435331
idea:0.03696501727014342
doors:0.06881292233862418
fraud:0.08140574378983553
care:0.042213559216985296
it:0.004571405729866293
not:0.0080388001143462
open:0.04406614105004484
danger:0.06535277306548971
public:0.039516594640807916
party:0.05659571258030211
be:0.007712816761832952
things:0.029796345708536662
of:0.010370164563506062
even:0.022388792636880345
but:0.017740885926677608
sense:0.04381762728483988
well:0.0224382388020446
windows:0.03662942908564669
shut:0.06292181897490366
david:0.0665718730491865
good:0.02160013135145999
one:0.013110812103674967
our:0.029730338973071913
system:0.029802964389900335
message:0.04329759851412962
and:0.005090632193210532
for:0.004337984838827654
subject:0.00035595942522691063
twice:0.06013842145674218
i:0.002545316096605266
the:0.005025020066593686
do:0.019155144504173244
when:0.01743565923791648
would:0.02487065722945003
an:0.011971975180823158
long:0.031737483268114465
is:0.003582301691875519
issues:0.050736393101318604
words:0.04410478842009833
