some:0.00496824202184406
go:0.008278435114017562
at:0.007497574574080264
search:0.01815809063563709
case:0.010517494073645769
indian:0.025686969841492397
with:0.004977254270549339
literature:0.020132394102827616
though:0.01057678383664119
such:0.008183051929650208
mentioned:0.014958143058688672
apparent:0.020592145091810954
from:0.0072048702504695795
themselves:0.02754425716019419
to:0.00703761273237871
stop:0.01414448133864101
look:0.020180155951284345
then:0.0067909802118119285
most:0.00790040622964697
been:0.006243576115835912
that:0.0029523797909317175
quite:0.011302976094082559
like:0.004955910908547545
really:0.008303811673152877
re:0.0015912361820347683
started:0.013954233514846405
so:0.004348130201637958
had:0.006529397811413341
this:0.0044679356457142045
path:0.01887629204706772
on:0.0021574843627203827
you:0.0023651020825903057
possibly:0.01649767516339294
used:0.008401972375901555
am:0.006954622794473896
none:0.015414937159239549
them:0.006237698602264855
m:0.011649486911626145
a:0.002971285374141266
horrible:0.021922351150178255
want:0.008053608373243325
was:0.0037679197195803643
as:0.013618964429225845
shipped:0.02380683047009223
character:0.019425471248044748
steal:0.02293086428198947
are:0.008207379339590112
no:0.00479040738801068
book:0.013232759619930526
reason:0.011371114570249054
it:0.004376877826467727
not:0.005131149009157148
have:0.010877672620162827
due:0.014106989297440352
term:0.016585871463465778
calling:0.01750213029594663
only:0.005674622290507602
males:0.025782599015330945
indians:0.023292138510868136
call:0.011306196161696628
ancient:0.019513212895715965
humor:0.02362825941009635
his:0.007848634219171305
which:0.010994828361851216
down:0.010061130114694289
things:0.00950947203463936
if:0.002851703913886848
of:0.005791847229617748
what:0.003916774906368644
but:0.005661984870216258
saying:0.012836405016869954
seems:0.020055209271328325
using:0.009380513100616683
well:0.007161140043205723
scripture:0.020424150151496963
germans:0.04811443115314559
who:0.03301411593788549
highly:0.01777307963578128
kurds:0.024323259648833796
good:0.01378731788391063
called:0.03424154675561788
clear:0.014032981881645163
in:0.0045365030270933734
proceeded:0.020563681312445858
or:0.005738820916622003
use:0.007075657564882332
and:0.0032493396977939563
word:0.05223619601980287
for:0.0027689264928687147
jews:0.01572183875150377
i:0.002437004773345467
mention:0.016062446018199672
directly:0.015457448193601618
catholic:0.019811551475235226
nazis:0.02233183213781465
the:0.007697903080739264
originally:0.019360832245942726
putting:0.017106614923566018
would:0.003968721898316494
meant:0.017326209699536244
claim:0.027789268466382862
butt:0.02362825941009635
may:0.0158385151271475
mr:0.014370024162908144
an:0.003820843142815901
just:0.004997398142408026
record:0.016411269775474874
german:0.019981301811521614
btw:0.015965066044439723
people:0.006405417617332414
religion:0.030225797982661385
is:0.009146302192022601
usage:0.021961570959135375
done:0.011270908729449781
max:0.020262536329942852
white:0.028927396985707166
himself:0.01592672957659987
explicit:0.024534310462192822
first:0.007989595018685281
cunyvm.bitnet:0.02588042675245732
nice:0.013445699815977694
origin:0.020620800547901778
occurs:0.020315728511918305
offensive:0.02133951772433503
by:0.0168584761671007
seem:0.011743457680407394
unlikely:0.020289049307605132
check:0.01408217687058591
god:0.011290120135213723
s:0.0026401543866213547
