out:0.011550755873337842
folks:0.03630603774798802
knows:0.03425452363863956
take:0.02084067774838925
from:0.008299727984609564
post:0.025319390239521376
longer:0.03327657851347231
to:0.00405352694144362
dod:0.034288863153847424
jeff:0.04132822832186663
think:0.014115176740476031
control:0.02989837519550023
consider:0.03157219684873719
re:0.0036660833605702994
ps:0.044172179635487405
bitnet:0.04784564482608946
you:0.005449009700085508
market:0.03834171779483355
bill:0.03034817525187958
a:0.0027382433840125392
same:0.019040130887535416
jeffrey:0.053914656673209306
as:0.007844256472715867
running:0.029680984435751977
part:0.024011981494247815
services:0.039182957131993226
funding:0.05249474541949895
military:0.0759184031907955
organization:0.03756699243251835
are:0.006303052760796329
no:0.011036722903750096
internet:0.02800523473641771
plan:0.038289845072927514
it:0.006722655485097489
flame:0.041153465734096034
have:0.005012260913212283
allowed:0.03756699243251835
u.s.a:0.05032911961969312
armed:0.04353355902596817
free:0.02830889994239937
writes:0.006482964617819238
po:0.05115811361996825
down:0.046360109352022706
if:0.0065701021545432284
of:0.003812560501288993
even:0.0164623475271179
but:0.006522384531866767
oh:0.031663884158249736
aspects:0.04724725374190938
well:0.01649870500150338
who:0.038030966889230834
box:0.03106410794810399
in:0.001741957861710691
office:0.03579154816711922
or:0.006610896644147895
and:0.0018715559533862248
for:0.003189694734432098
i:0.0018715559533862248
we:0.026426351092430782
actually:0.023963863991187103
will:0.011110836714738082
the:0.005172814774434677
wrong:0.02591590251793981
uh:0.050417843497339375
agree:0.029574070382004304
maybe:0.051919864359653414
fight:0.04176082444842484
an:0.00880292292707585
thought:0.052638949121406126
just:0.011513613367312606
finally:0.03565220074309907
about:0.009657021375704624
current:0.03100240905618449
is:0.0026340453616731756
new:0.016901956518466144
run:0.026243474788111714
slow:0.04026007946119452
various:0.03494685272897244
him:0.023495248072189293
article:0.00794444000310393
killed:0.035811617614391035
before:0.02084504183551612
by:0.009710151713893785
s:0.006082708635843316
