read:0.034876970183044954
ideas:0.055338363646761084
your:0.019383572648942502
c:0.03978611839121477
wrote:0.03962423037989017
to:0.004240612800279479
spell:0.08697608708453242
ten:0.12387659207870244
us:0.031690405941307634
indeed:0.05674218936160947
like:0.03583504810795918
nt:0.0219716477453058
its:0.06362537095489755
re:0.005752930811971855
you:0.008550753683211105
a:0.002148467885917531
other:0.021220122889721707
intelligence:0.069539852667425
stuff:0.04497563927190188
learn:0.05861560278034203
uniform:0.1712749010309224
are:0.009890944332326547
those:0.028552548527500925
edward:0.069539852667425
writing:0.06157628838688668
copyright:0.07897800309551845
of:0.005982787248176574
reasons:0.11189306079372632
ed:0.12209752835904623
they:0.014352609607811442
who:0.019893121142059204
errors:0.06606191257885867
in:0.008200601625899561
men:0.10804918623468746
and:0.011747612753562765
for:0.005005367121724215
subject:0.00041072241372335844
6:0.045205378962449146
top:0.10405022234360971
the:0.0011596200153677738
do:0.02210208981250759
jr:0.0718864062689674
people:0.02315804830881719
keep:0.04076022437116802
1993:0.046610089277079034
superior:0.07752429781211964
article:0.012466659697178478
before:0.03271068103419453
