at:0.04761973040294222
wonder:0.09973966777883592
much:0.047221537015133284
mail:0.08281933796853665
technical:0.10369587143025136
batf:0.369721351928355
this:0.014188714550578893
paying:0.1267515894060339
hi:0.08516261243282175
support:0.07402584620360828
a:0.0037743354752605273
how:0.07110070255292564
are:0.01737598328651961
have:0.013817584139125753
made:0.06285350140318922
being:0.052589295403382384
money:0.08378972342511162
up:0.03630973973925364
waco:0.2099824707833109
and:0.005159424520145809
subject:0.000721539375459954
we:0.036425510965242436
because:0.0476951972674193
address:0.08629246902523273
many:0.05008651425886739
e:0.08407809989334668
is:0.007261422348396322
issue:0.08463135155310414
spent:0.23469417253925978
by:0.05353705269281979
