school:0.014040635041683805
at:0.0034014093144958727
say:0.007326428472075457
lead:0.014919747635598113
all:0.003683659577784908
beats:0.02194678501606703
gay:0.034323843250990575
with:0.004516041519610404
damage:0.017179431877099118
c:0.019969866373968803
though:0.009596695759114593
extensive:0.020462569962359185
ca:0.007940342069854521
someone:0.017015120576548415
times:0.01085125923356381
mentioned:0.01357206030421559
kimbark.uchicago.edu:0.04714618366206691
single:0.037661312785857624
to:0.002660616139171488
sound:0.013325032004356877
property:0.017645177003696087
add:0.013267260295180381
fascist:0.022069366862841472
us:0.00795319068025095
been:0.005665020800082777
make:0.006795677541890748
that:0.004018200294607839
think:0.005558872693160445
crimes:0.05710940753032796
like:0.0044966759208829084
nt:0.005514120090520761
so:0.007890429323435677
aimed:0.021334410382180393
charges:0.019519724554976785
this:0.0020269592215112703
off:0.008430337636897106
he:0.006139510453746082
bomb:0.041007729029867004
laws:0.04299467852939643
illegal:0.015867795851827363
treated:0.018980103155844898
on:0.00195756303181193
set:0.01022939993871012
bashing:0.04644369888827751
you:0.008583768176196476
am:0.006310178983402956
state:0.010261441648419368
why:0.0068715157534903724
more:0.01472686130294277
a:0.004852717039620678
other:0.005325513466532475
beating:0.040843424794752836
was:0.006837537715068615
steve:0.012382833385460952
standard:0.01175306772379242
acts:0.01690837296330279
jail:0.021232799153155787
question:0.008428517696320867
hendricks:0.023573091831033455
act:0.05763139865665413
thor.isc-br.com:0.023666132570720946
straight:0.015431125974761812
frank:0.03024072877645268
are:0.0024822833266456585
no:0.004346508633909304
play:0.012362618659383946
steveh:0.023573091831033455
police:0.014191443674257497
it:0.0026475322759843397
not:0.006983513612849014
should:0.019028712072202466
have:0.001973940591303679
being:0.007512756486197483
probably:0.009217079980807754
follow:0.01458298190122504
only:0.005148788564746281
charge:0.015892867393566934
after:0.007448701496775874
has:0.0041110983547743285
his:0.007121347650599447
list:0.011241809254523474
be:0.004466882294497848
constitution:0.017470966828868017
charged:0.06102381572221216
sort:0.01211375022262946
writes:0.007659409934566359
get:0.005074802993402017
battery:0.018197689913505635
if:0.010349813432639526
of:0.004504415109631011
what:0.003553830513500507
never:0.008509417879775523
victim:0.020630466147454705
again:0.009428066170301229
double:0.034116991390267415
must:0.008947723658221997
homicide:0.050849450691116224
who:0.0049924821398990285
up:0.020748422708144938
one:0.00759313442297778
in:0.0048021541052565
ought:0.01927054107568114
or:0.002603519141710754
world:0.00973455864375551
douglas:0.05224380242381077
and:0.0036853032286755776
for:0.002512346431753467
subject:0.00010307705363713628
legally:0.019331345542739596
murder:0.01651961388107467
however:0.009255208124312407
i:0.002948242582940462
we:0.010407288847212124
will:0.004375696312367894
than:0.022094228296825655
the:0.003492291938173218
thf2:0.04644369888827751
merit:0.022823454709639795
wind:0.019552034399264492
can:0.0033380926348946464
hate:0.031088720019751576
meant:0.015720692198420917
law:0.011609425193992147
may:0.014370853493743868
an:0.0034667881797750453
just:0.009068637555721126
here:0.00695135484796678
ted:0.03464489674014688
current:0.024418885897535273
five:0.01533197920094833
disclaimers:0.021085226902884755
trade:0.01628989535263975
is:0.005186730248854516
homosexual:0.03731633288358901
right:0.0074898594354837825
multiple:0.0497377334087932
center:0.012612474260512775
advice:0.015018753159201733
donald:0.021334410382180393
under:0.009371905123959997
article:0.009386095138802328
u:0.014600940091092725
golf:0.02226086084407457
deaths:0.01881578032025109
assault:0.03676985357171097
by:0.003824075192344271
s:0.0023955068758919626
james:0.013357504894351457
