liberty:1.2458219995398403
re:0.09348512569454263
subject:0.006674239223004574
1993:0.7574139507525343
