some:0.008778472745363565
believe:0.03267175759895249
at:0.006623797086123541
out:0.008858474429176389
keeps:0.03589621203233685
wave:0.03701593591498427
take:0.015983076167937618
thanks:0.014987869510647841
with:0.004397198321725919
much:0.026273637136239567
previous:0.02611428135107373
sigh:0.041852889349661485
times:0.021131399560097942
my:0.007144468130303017
to:0.007253679789951741
lock:0.03801209518600742
t:0.019370474097747684
she:0.02492588334510137
that:0.0026083054543945623
cleveland.freenet.edu:0.032198637379740644
like:0.008756684688035136
nt:0.01610703500125801
yup:0.04374247151718709
me:0.016294566622624733
re:0.0028115827276554172
fixed:0.03409648650466036
believes:0.036906965935265726
this:0.003947236378732473
telling:0.03228589712500611
ti:0.02848617335527566
you:0.01671575907996156
bill:0.023274540418734717
m:0.030875519822167036
sure:0.04921903804870384
a:0.0021000062042802934
hard:0.02033258197425195
low:0.02553228977428436
was:0.006657602512040493
as:0.018047687824444023
coming:0.026140074848042066
given:0.02096080871564873
definitely:0.03199888529414123
learn:0.028646723163325047
california:0.029920821255059668
broward:0.0459054946183283
theory:0.03059059290959868
foreign:0.06637225223408409
no:0.025392760966522775
d:0.013698076859977709
it:0.005155720747969503
have:0.003843989572538743
only:0.010026588257663808
money:0.023309923058113757
real:0.01923002897743043
knew:0.0291886846834418
thinking:0.026191928825929738
if:0.005038724960627137
looking:0.01950289733388454
what:0.0069206173157641444
never:0.01657097166061549
oh:0.048567160663781556
well:0.012653142181604096
direction:0.03321917582736564
in:0.00935156325760476
government:0.020237706305385694
our:0.033530457488426965
u.s:0.02652437895487743
ho:0.17606364980321076
and:0.001435328625905225
subject:0.00040145799837621495
i:0.0057413145036209
back:0.01583726857193637
possible:0.019375726488455505
rate:0.029208088041287602
the:0.001133463172915869
do:0.010801773216639048
thing:0.017022048384398168
agree:0.022680866007251423
newsgroup:0.02890348752311541
is:0.004040189878055096
either:0.018823779752732014
headed:0.042977188101322866
new:0.012962402743485315
checking:0.036537547224155614
does:0.00916157003261297
article:0.00609272842343309
inclined:0.04335009743319784
going:0.016374554015411144
realize:0.029424896685196527
says:0.019255840183665923
