since:0.01587953669368001
ask:0.02313144908219339
pass:0.03221647000151822
cut:0.029055678538130167
with:0.009282974234754719
someone:0.01748776281478587
from:0.013437654832225008
prevent:0.03192871009657676
my:0.007541383026430962
to:0.00437523542885978
amendment:0.03627064161870862
aid:0.03942780221682445
then:0.012665717061712723
ten:0.031952295575855785
ii:0.02913809369135014
that:0.002753211312972038
think:0.011426571647052025
r:0.024604918783564522
could:0.023954113576604083
me:0.008599910161940831
re:0.0029677817680807184
vi:0.04549386141545811
this:0.004166527288662055
federal:0.03136076341821636
bell:0.03542224642048074
you:0.004411103090545411
tell:0.01912718296525756
roger:0.07005959958042209
8:0.023432470495030683
sure:0.0173178096838032
a:0.0011083366078145991
uunet:0.029976129463629247
was:0.0070274693182649645
as:0.006350112382674749
steve:0.050907203918006134
hendricks:0.09691159974980419
thor.isc-br.com:0.09729410056851945
section:0.13046854367058053
steveh:0.1453673996247063
it:0.010884299356824506
not:0.004785000068063213
collins:0.09098772283091622
try:0.019336425970979305
domain:0.03542224642048074
uucp:0.03360022704234979
money:0.049209837567129044
doing:0.021275419882264404
yourself:0.027827576756941207
russians:0.04406857905851303
constitution:0.03591254292600648
asked:0.026764292847130403
writes:0.005248114214425097
things:0.017735920064605153
gives:0.02886130536346115
reasons:0.02886130536346115
what:0.014610192111057638
reading:0.026081921002880877
using:0.01749540141781683
please:0.015201709181787735
one:0.007804054823616051
in:0.0014101563642419878
government:0.04272404664470313
our:0.017696630341114232
thor:0.0499027963573938
and:0.001515069105122182
seriously:0.030769473519026515
subject:0.00021188061025411345
guide:0.03731299084141566
i:0.00757534552561091
we:0.010696380204079125
top:0.026838351001327896
power:0.02144329587436938
stupid:0.030648303105290098
the:0.0017946500237834594
do:0.005700935864337274
thing:0.017967717739086956
when:0.010378368593997904
law:0.02386381845431719
countries:0.03345618483198727
myself:0.026451127476173675
10:0.022939458396001304
constitutional:0.042767881795774
about:0.007817588732713265
ma:0.031835062898710444
is:0.0021323224356401896
does:0.009670546145535914
2:0.015463567873773084
1:0.01554384041210086
legitimate:0.03631144637664845
supposed:0.02895789691600286
article:0.038587280015076234
takes:0.028380157571267228
data:0.023288457327030256
