health:0.02796205771981712
at:0.005912516862110275
there:0.0061595905072291774
activity:0.02995438287906425
all:0.006403139802995243
i.e:0.023184825483056396
way:0.011626663218433177
hell:0.022908596808603326
from:0.005681692982752856
my:0.006377276921679874
to:0.006474761154789138
crime:0.02692092567273501
death:0.04503914609444862
that:0.0023282189626474955
crimes:0.0992707151030533
nt:0.009584947002985752
reform:0.036404428152512984
re:0.002509667803880339
racial:0.03892650425964082
penalty:0.06504547823834789
so:0.006857789244194094
fair:0.028340265347677064
on:0.0034027437935522814
you:0.0037301945597900794
vs:0.02293028151049223
why:0.011944446846671184
more:0.02559904078833676
sure:0.014644590739323513
a:0.0018745021823441544
abortion:0.037547685640749486
are:0.01725936594902619
no:0.015110681022584024
those:0.012455809760319195
likely:0.04438132624066749
yeah:0.07961521699707688
it:0.011505215763086307
not:0.0040463758964829856
probably:0.016021635671336968
poor:0.05303968041201693
be:0.011646870949076602
which:0.008670418339043744
rates:0.06155174537574834
perfectly:0.029985382515683674
writes:0.004438002624278942
if:0.004497653823915498
of:0.002609940745848841
future:0.023520176673274162
opinion:0.022210144728776436
minorities:0.11179814016186528
represented:0.0385822539617378
seems:0.0158153495931616
who:0.008678207209623142
up:0.009016512552700568
wealth:0.041137774065884064
over:0.013462689614223877
tim:0.054737037580351526
in:0.0035774436623051773
economic:0.03077587268787417
compare:0.02892423432076183
executed:0.03774223286808675
system:0.015001492142567283
and:0.0038435981324576158
for:0.002183549415517275
subject:0.00017917420732898185
i:0.001281199377485872
criminal:0.031321816576826866
we:0.009045261112174295
than:0.009601350887378934
the:0.003035247020090146
blacks:0.20039930844339401
do:0.004820925630244944
thing:0.030388354833892035
when:0.017552677085150816
nuts:0.0376442543484817
would:0.012518787196031894
did:0.01103296002310715
increase:0.028219770021391186
serves:0.03463737701608599
an:0.006026162003770045
sgi.com:0.04164774659593723
note:0.019877108046164414
people:0.010102504295792734
is:0.005409515977664373
clinton:0.024598364352150553
white:0.022811873461883167
smith:0.026427775533331962
nice:0.021206305078890993
prison:0.03699575209553491
article:0.005438475706822825
commit:0.10506297159537104
black:0.023688270847274748
reduce:0.03060333338109426
apply:0.026842657620736062
s:0.01249200565481916
