with:0.02249336064575182
prime:0.06439511329379483
minister:0.06908657828548109
t:0.1321165669230996
26:0.05636362860070158
am:0.02095303021412007
japanese:0.06418998071243019
92:0.05619890882534454
open:0.042371289471196956
public:0.07599345123232291
of:0.00997131208029429
future:0.044929568260485254
secretary:0.06547310197598125
president:0.38620083683815365
5:0.03331888316561132
office:0.04680433221854052
for:0.004171139268103512
subject:0.00034226867810279864
6:0.03767114913537429
house:0.1322258440188535
room:0.05112857026049494
schedule:0.19608339515991474
the:0.008697150115258304
immediate:0.061534298533356235
remarks:0.07191017817850992
press:0.0919833425837863
meets:0.15594616120070437
clinton:0.18795673274207345
tuesday:0.06439511329379483
east:0.05220075999219253
white:0.17430611004208166
1993:0.1553669642569301
16:0.04470503515160438
release:0.050946198581887925
april:0.17446942881477498
est:0.07827475364407262
