believe:0.031038169719004863
means:0.04049421743483932
access:0.04789109811455036
my:0.013574489447575732
matthew:0.12246492402347128
death:0.04793451977194889
reform:0.0774894256389205
re:0.005342007182545293
personally:0.055983494358664294
on:0.007242983217704142
you:0.007939985562981741
a:0.0019950058940662787
other:0.019704399826170154
vote:0.06506904816894997
was:0.012649444772876937
pulling:0.07698218723239321
idea:0.03960537564658223
capable:0.06268256124519045
election:0.08033703853349894
are:0.009184448308588935
doors:0.07372813107709733
fraud:0.08722043977482377
it:0.004897934710571028
not:0.017226000245027566
interesting:0.04668606517030589
kind:0.039364667099472284
open:0.04721372255361947
danger:0.07002082828445326
public:0.042339208543722764
party:0.060638263478895116
of:0.011110890603756494
even:0.023987992110943223
what:0.013149172899951874
but:0.019008092064297436
sense:0.046947457805185576
oh:0.046138802630592474
well:0.04808194029009556
windows:0.03924581687747859
david:0.07132700683841411
good:0.023142997876564275
system:0.0319317475606075
message:0.04639028412228173
and:0.005454248778439855
subject:0.0003813850984574042
twice:0.06443402298936662
i:0.0027271243892199276
the:0.006460740085620454
when:0.018681063469196228
would:0.013323566372919657
law:0.04295487321777094
long:0.03400444635869407
is:0.007676360768304683
2:0.027834422172791553
issues:0.054360421179984214
words:0.04725513045010535
