above:0.033203122318640796
correct:0.0399050907339201
there:0.011192426653379847
all:0.023269947088933932
ever:0.03223685435158367
with:0.007132041180360334
romulus.rutgers.edu:0.07536022873648034
kimbark.uchicago.edu:0.0744564729785081
to:0.003361461366075197
everywhere:0.06067763356177378
regulations:0.06690721433940783
nt:0.008708275021005348
need:0.023429292579234588
re:0.009120500067760258
this:0.006402224858188037
he:0.03878373676878623
formal:0.06894445927432448
you:0.006778036456203926
theodore:0.06629733116166805
bill:0.03775016921575265
beat:0.052999172893022334
a:0.005109161436023396
air:0.04700169494672158
also:0.018091428435116665
frank:0.09551644820855176
no:0.013728606538811096
not:0.007352561080194694
probably:0.029112484329624492
argue:0.05194639138706505
after:0.02352699619103599
heard:0.03295911413926676
writes:0.01612835100042835
certainly:0.07501847017696686
if:0.008172566094675723
of:0.00948490661296286
what:0.01122490369508087
jurisdiction:0.07388915571466795
anderson:0.05917887580173533
in:0.00216682563285964
government:0.03282457242214997
yes:0.032522510615901085
or:0.008223310459793723
clean:0.05294929502410129
substance:0.06571650129594543
and:0.002328033015187743
subject:0.0003255726450246134
i:0.002328033015187743
the:0.0036768439511661124
thf2:0.07334706104916998
ted:0.10942717384997612
address:0.03893684577967818
about:0.012012392442949653
provided:0.04924348089761639
does:0.014859619687042991
too:0.02381119351054264
kaldis:0.14565608272227176
him:0.029225796382479362
midway.uchicago.edu:0.06424865151241037
article:0.009882108296543915
politically:0.06913064795884628
by:0.012078481400209343
says:0.06246406693725776
s:0.015132592216000447
