say:0.010147299327633922
all:0.005101967008803696
case:0.01321717169682757
where:0.00987944811889712
with:0.009382257381650492
damage:0.023793972492880594
c:0.013829399440796575
though:0.013291680222517003
extensive:0.028341206525406573
ca:0.010997586075360005
someone:0.011783198474133795
times:0.015029284179107092
mentioned:0.018797666410651538
single:0.03477461679692379
to:0.002948019593777178
property:0.024439041946295648
us:0.01101538174430479
t:0.013776861256686855
that:0.0018551049488474696
think:0.015398374625973852
crimes:0.026366018806336794
nt:0.011455805642605966
re:0.001999681833038345
so:0.005464227793502246
this:0.0056147854371274755
off:0.011676243037199734
bomb:0.05679680116970884
laws:0.01984959311784969
these:0.008859015898924827
on:0.002711277140317058
set:0.014167992428480861
you:0.0059443742182751
state:0.014212371053158375
more:0.01359806444728049
a:0.00373396825092619
how:0.007034026723150397
other:0.007375978544555672
was:0.00947017255723407
question:0.01167372237084013
act:0.059865771064465584
course:0.01308102566791454
frank:0.04188421793102269
play:0.017122557394547815
reason:0.014289903336943998
police:0.019655528939212255
it:0.0018334514959356789
not:0.0032241176929195983
cool:0.024549876868847076
should:0.017570183339395504
have:0.005467920996231581
only:0.00713120983031704
university:0.025137327289825172
per:0.018913503291834315
charge:0.04402409256613728
after:0.010316650736176209
heck:0.026485300932081707
has:0.005693981143778348
his:0.009863256906445222
be:0.006186751413234987
constitution:0.024197756196132705
charged:0.05634641095206043
writes:0.007072325037620987
if:0.007167384168592612
of:0.004159156910497083
what:0.00984430056680889
never:0.011785771288031339
victim:0.057147494461933346
again:0.013058123733197957
brave:0.03182502729631233
find:0.01131789699290583
one:0.015775041301213197
in:0.004750794168301885
according:0.018393188259819348
world:0.026965248007836114
douglas:0.07235906325009087
and:0.0030625461055410956
few:0.01222260695671811
for:0.001739833491508417
subject:0.0001427644753583866
murder:0.022880106926194327
however:0.012818710717630551
i:0.006125092211082191
than:0.015300548472935412
the:0.004433841235229724
do:0.003841272293617629
thf2:0.03216288238519753
merit:0.031611095025650834
can:0.004623347553142852
hate:0.04305870847655432
meant:0.021773579034176562
law:0.016079364306117463
may:0.009952008168127437
come:0.012840607884863147
mr:0.018058586514884564
rules:0.022029493585928622
just:0.006280152745806876
here:0.009627812329536876
ted:0.02399205415962043
about:0.010534932409859588
lawyers:0.029693267173115732
current:0.03382080987947399
five:0.021235201139281373
trade:0.022561940622105318
is:0.0028735040309161913
either:0.013388035866916352
headed:0.03056666319505851
new:0.009219249010072443
right:0.010373655581766308
multiple:0.022962696885699532
days:0.015926484623262953
center:0.017468614082742293
study:0.01981483074029304
does:0.0065159829643717925
too:0.010441272020665757
under:0.012980339182383097
midway.uchicago.edu:0.05634641095206043
article:0.008666661821567924
golf:0.030831887479226272
deaths:0.026060358839278246
apply:0.021387999922404668
