land:0.033138602879897804
some:0.004864736979722309
replacement:0.020574273433677515
believe:0.018105599002752836
markets:0.024549402849748353
at:0.0036706875518934625
out:0.019636284984674332
there:0.0038240791065714476
all:0.0039752826276928796
keeps:0.019892484167920006
wave:0.04102599563910757
with:0.002436780736623114
much:0.014559973912999428
previous:0.014471664248720024
someone:0.018362150955525167
sigh:0.02319347618127074
times:0.011710317256220943
from:0.003527384393459065
sell:0.014500301245752365
my:0.011877678266628767
to:0.006890995800454155
spell:0.047112047170788394
remembered:0.025060245858466407
lock:0.021065036082245782
make:0.0073336686806237655
she:0.02762618737415402
that:0.00578174375724128
cleveland.freenet.edu:0.017843411547939607
r:0.012917582361371374
like:0.004852662764619472
nt:0.0029753272988434936
sum:0.023136004005719343
me:0.013544858505056809
re:0.0031161708564847544
started:0.013663520316620438
so:0.008515088311541
fixed:0.018895136271332616
this:0.002187426826547579
off:0.009097739366484793
telling:0.017891767990107554
best:0.01014656699983931
two:0.007769955969388798
game:0.012383371282960364
on:0.0021125367718303747
you:0.016210803857754388
particularly:0.033475835792838186
bill:0.05159189792819529
a:0.0023275068764106585
hurts:0.024470035370703795
hard:0.011267639177397955
low:0.014149143916582584
was:0.0036894213920891064
as:0.010001427002712731
coming:0.02897191628991329
let:0.009604740594803436
given:0.011615781496588672
learn:0.01587505908634263
broward:0.025439294934323602
ride:0.03518916280669902
dollar:0.023493365763041944
theory:0.016952286904069268
foreign:0.0183906448898608
worst:0.01795712880747297
are:0.0026787974233384395
no:0.004690607234093791
those:0.007732981892864834
d:0.007591017593237648
deeds:0.024712822487887028
it:0.00428569287174965
not:0.002512125035733187
ones:0.014135958251570236
zero:0.019306726040331717
have:0.0042604217762304405
shift:0.020191200536487156
only:0.011112801985577387
money:0.012917582361371374
bank:0.019840400156402375
grew:0.02331085483529864
real:0.021313282116652062
evil:0.01740280714336917
writes:0.0027552599625731765
if:0.002792293415680872
end:0.011267639177397955
of:0.001620338213047822
germany:0.01751977388828036
short:0.014429074440088615
seen:0.010801937044259803
duty:0.02096215019645256
but:0.002772013426043376
never:0.009183080128591085
killing:0.01686267771564859
oh:0.01345715076725614
seems:0.009818696205754492
who:0.005387720309307701
up:0.005597751543134936
now:0.0068829766578260175
one:0.004097128782398427
in:0.006662988821043393
government:0.011215062244234573
fear:0.0179406922312604
or:0.005619262147525711
better:0.009317566130422512
and:0.004772467681134873
for:0.0013556202621336417
subject:0.00022247464076681915
i:0.0007954112801891455
usenet.ins.cwru.edu:0.02170154755954749
employer:0.018833710097427604
we:0.005615599607141542
top:0.014090134275697146
back:0.00877648633361474
possible:0.010737381762352425
sad:0.019712969225685373
mention:0.015727811726153847
rate:0.01618614878954688
any:0.00426369694287003
agency:0.018229334422441255
than:0.005960838675914421
the:0.003140637541621054
do:0.008978973986331209
thing:0.018866103626041304
would:0.0038860401921015668
can:0.007204716603647611
ensure:0.020052760338035824
senate:0.021661289597415253
come:0.010004973643622536
proposals:0.02424061963244118
long:0.00991796352128577
here:0.007501670440097484
is:0.008955754229688797
else:0.01052730093890857
does:0.005077036726406355
run:0.011153476784947478
guess:0.012483988595565222
words:0.013782746381280726
article:0.006752774002638341
iii:0.019261435739344617
opinions:0.011898375648000175
going:0.018148464033747355
somewhere:0.016164671078760778
mike:0.013314216787323764
fit:0.016939366997076568
says:0.0106709447684482
represent:0.020025615833780847
god:0.011054909299063437
s:0.012925755851167047
