previous:0.04510648597003644
manufacturing:0.14422444055513356
to:0.0017898690390790012
w:0.04018624487051109
important:0.08161998163566812
ten:0.10457114915734621
next:0.0347841561525867
that:0.009010509751544852
feds:0.1290364436186982
cleveland.freenet.edu:0.055615828201370204
r:0.04026259437310559
nt:0.01854749484993347
could:0.019598820199039708
responses:0.05760946274105084
re:0.004856370165950267
scott:0.04963736432690268
lost:0.09102613829397013
michael:0.03902201560615181
so:0.026540534997010912
la:0.11320268750728256
jobs:0.25651042203026514
a:0.005440925165635305
lists:0.06152149257948639
steve:0.04165134866018684
part:0.031808079381990616
question:0.056700937229794926
broward:0.07929130888620343
no:0.014620074495876751
roby:0.15566111170937597
it:0.004452667918700935
should:0.04267044525281766
real:0.06643100919475968
be:0.022537451576784596
of:0.002525202409944658
ed:0.051534671060636396
in:0.004615057192064688
subject:0.0003467137258703675
news.udel.edu:0.0753253134374868
top:0.08783460327707313
the:0.00489450006486398
magnus.acs.ohio-state.edu:0.05975783620079728
ibm:0.051174897001554115
would:0.0242246661325812
chopin.udel.edu:0.07382100414495274
write:0.04226199902581187
article:0.021047607280950675
says:0.033260087589968415
s:0.016115228074182295
