above:0.014254743613238457
some:0.006112758508551593
trend:0.02914363499217266
out:0.006168466487332251
raise:0.02467644862616733
true:0.027050060650867506
where:0.009672548681852156
sadly:0.0299265236517065
increases:0.08258847524372451
own:0.011866443118052333
with:0.006123846877377459
from:0.00886463093644163
to:0.0036078512044262585
caps:0.05394505256850147
that:0.01089752750055948
feds:0.026009963766072678
grand:0.02625542756659022
could:0.007901095054063128
re:0.005873411038400584
so:0.016049381110757908
this:0.005497198307554126
he:0.008325304751414844
something:0.010422310561065564
certain:0.01725819367413879
on:0.007963489401664239
you:0.0029099423529252454
taxes:0.04986069149252953
working:0.03317841896027861
more:0.013313288228489277
a:0.0029246159703589427
low:0.017779029005129947
was:0.009271844336140164
as:0.008378158745727941
budget:0.049415041079767276
act:0.01953734587967725
andrew.cmu.edu:0.04266784719086136
democrats:0.0319656062001972
seeking:0.027692269690683207
are:0.0033660281759226468
spending:0.07698625099337793
plan:0.020447980091301606
reason:0.013990638345594388
it:0.0035901092119368793
not:0.003156596903539083
have:0.0026767047808777637
left:0.015311021903144302
details:0.0399457788721501
his:0.019313393104767086
exchange:0.025371142035376534
be:0.003028592969306133
which:0.0067638342016623975
writes:0.003462106759254253
po:0.027320039734223884
were:0.03248802717219475
of:0.004072054147973584
expansion:0.02420285119079952
result:0.01850786367021729
supply:0.042282360561304126
fact:0.012556372401198113
well:0.008810826754729554
together:0.018633331107069273
ed:0.020775757443293207
they:0.009768791879662238
policy:0.02008768190010105
now:0.017297532962075857
david:0.013070393923269603
president:0.019714440623937166
in:0.005581561316057292
1990:0.022360975760959523
economic:0.04801680660202358
essence:0.029842752231044507
yes:0.013962543824627692
office:0.019113811063068906
reaching:0.02892990727217132
and:0.004997348357209291
for:0.0017033971880213298
subject:0.00013977464341370836
create:0.019910186865149837
appreciated:0.017721267639666194
controls:0.026090513079368386
reagan:0.06073349879252862
turned:0.020559677172322502
the:0.005919526256458531
when:0.006846463051537885
start:0.014751633967971271
level:0.018432121270124342
got:0.011581957181311907
would:0.004882982440337047
deficit:0.031489314167706485
did:0.008606864101795631
tax:0.04640266335775909
bush:0.048927920497202945
is:0.005626651872055789
clinton:0.038378599879271544
new:0.009026175732374592
excerpts:0.03045941733919311
primary:0.02409085543173503
unless:0.016115504846808855
boomer:0.03235360605440517
first:0.009830129996811734
cutting:0.028033843103606775
article:0.004242580525217807
replaced:0.022647369141656153
killed:0.019124528778365894
brett:0.027423718411167235
hopes:0.030011657268836242
side:0.03372108982797061
before:0.01113190715823374
going:0.01140217635628106
compromise:0.027747673404455653
by:0.010371052092326347
reduce:0.02387380457478034
