know:0.035253575018808624
posting:0.04713126509937487
to:0.001968855942986901
brains:0.08033703853349894
guy:0.04837615352784099
liberty:0.07118982854513373
rod:0.08098161618036279
nt:0.010201122167463408
finding:0.06369436199617064
re:0.005342007182545293
boulder:0.07874810088906717
this:0.014999498239183399
on:0.014485966435408284
set:0.037848779773227446
bashing:0.0859208429433134
you:0.007939985562981741
why:0.025424608287914378
as:0.022860404577629098
nyx.cs.du.edu:0.13432676702909635
third:0.05218264280954122
no:0.016082081945464427
fools:0.08076350943563725
co:0.06521408204700736
it:0.004897934710571028
only:0.019050517689561237
postings:0.06580940628130119
hope:0.041263736252000645
after:0.027560195538070733
shows:0.055203066251713014
of:0.005555445301878247
short:0.04947111236601811
anderson:0.06932382593917567
up:0.019192291005034067
one:0.014047298682508891
substitute:0.08285784478123547
weeks:0.052008069790473004
for:0.009295681797487828
subject:0.0003813850984574042
i:0.005454248778439855
group:0.03853022764009493
acceptable:0.06611663778445781
ago:0.04087379607663777
the:0.003230370042810227
do:0.010261684555807095
did:0.023484443477756647
mr:0.04824222397547734
just:0.016776979478084084
people:0.021503902001044534
is:0.007676360768304683
time:0.022564428141481623
insist:0.07556033587029275
2:0.027834422172791553
silence:0.07665376554346895
1993:0.0432807971858591
japan:0.07399516154869952
nice:0.045139135096496544
every:0.034744978956248514
satellite:0.06991915017346949
bad:0.03915144352494834
