optilink.com:0.04343917229548975
at:0.00779615055269408
all:0.008443078147312311
became:0.07656013285055442
boys:0.04800229906835783
hitler:0.13558146780866914
my:0.008408975763984966
to:0.0036589358232499932
w:0.0273835473896403
consent:0.04550991182945678
that:0.012279809749892984
re:0.00330920798918735
political:0.031900670597181637
clayton:0.08517986692263005
he:0.028143950575579384
you:0.009837150255021626
used:0.01747312839236164
m:0.012113404532000637
sure:0.01931012407220534
a:0.0024716887183122037
uunet:0.03342471072935651
bring:0.03356961900255819
part:0.021674531968259088
are:0.00568948125310819
cramer:0.173756689181959
d:0.01612251524227465
not:0.026677434007786056
voted:0.15541901829973695
between:0.02055633492076465
gene:0.0475857724235969
attack:0.03494422626775383
netcom.com:0.05697407388886972
party:0.03756352604887308
his:0.016322380898276607
be:0.005119126169358153
writes:0.0117037591330542
if:0.005930534688171764
but:0.00588746214380894
saying:0.02669517857490654
huge:0.038034716442844875
up:0.011889029826127297
good:0.014336370366013266
in:0.004717160227287358
become:0.05862341194327695
system:0.019780728577367478
or:0.011934716065541333
and:0.0033787381813344237
for:0.008637580431294
subject:0.00023625625568157783
i:0.005068107272001635
relations:0.04264796355464386
meant:0.03603238300346033
because:0.04685103448392515
did:0.014547885340203234
eric:0.07058457487289567
homosexuals:0.043188104179301995
thought:0.023757401815855863
pyramid:0.047484633522502886
mutual:0.04550991182945678
just:0.010392819145715805
people:0.05328400495834044
imply:0.042418091993553064
e:0.027529997310210857
1:0.017332069840041667
smith:0.10454173153450785
him:0.021208100029763786
article:0.007171087436430097
difference:0.028381892449861827
opinions:0.02527088633203577
by:0.008764915706346603
mine:0.028895920750442356
optilink:0.048782009400307094
s:0.00549058655624795
