since:0.010699580873816478
simply:0.016356381496702616
at:0.004711042847349898
out:0.006300412294547913
there:0.004907909013781537
birth:0.02764851105913971
means:0.01515826321090242
i.e:0.018473470572060977
with:0.012509676508867322
from:0.0045271243552415805
themselves:0.01730722040814341
often:0.016616686568335325
my:0.010162719372516591
to:0.0036850244922214726
look:0.012680044514844441
social:0.023218407443723558
most:0.009928317989128544
us:0.02203076348860958
representation:0.03182502729631233
perhaps:0.015446318383101846
been:0.007846205279259033
that:0.0018551049488474696
problems:0.014668840833645844
think:0.007699187312986926
consider:0.017221198281129373
generally:0.020677804776594113
need:0.01027380744116169
re:0.001999681833038345
churches:0.028010322013545138
had:0.00820539297156222
this:0.0056147854371274755
paying:0.025079191486755366
illegal:0.021977321527397255
curious:0.022921242464286066
you:0.00297218710913755
bars:0.029841820991870147
serious:0.01923526009112016
taxes:0.07639084552197707
support:0.014646825184671154
why:0.01903446609790381
more:0.01359806444728049
a:0.0029871746007409518
how:0.007034026723150397
hard:0.014461141190243365
was:0.004735086278617035
as:0.008557370697508218
pointed:0.023131804845220986
question:0.01167372237084013
town:0.023818335148152577
are:0.013752115114464716
reason:0.014289903336943998
it:0.0036669029918713577
not:0.022568823850437188
have:0.005467920996231581
being:0.01040536860922539
only:0.01426241966063408
whether:0.015280527191881414
edward:0.02417160654215307
has:0.005693981143778348
bother:0.02452195203472327
without:0.02403433673585556
be:0.0030933757066174935
minimum:0.026211005240169668
considered:0.03682184980975627
writes:0.010608487556431482
of:0.005198946138121354
nature:0.020387246750052244
isaac:0.03318456814328688
english:0.02362647264727075
fact:0.025649915814212183
well:0.008999293637183662
ed:0.02122015867202675
they:0.004988874997367613
title:0.022466274500443417
over:0.010726955895825441
one:0.015775041301213197
in:0.002850476500981131
government:0.014393662773349183
or:0.00360594362408067
and:0.0010208487018470316
subject:0.0001427644753583866
legally:0.026774430457591203
murder:0.022880106926194327
i:0.0010208487018470316
employer:0.02417160654215307
we:0.0072071866615720315
pay:0.01782268482351809
any:0.010944248837313446
pretty:0.01539048158780549
than:0.007650274236467706
the:0.0032246118074397987
see:0.009461955943375273
would:0.009974862525180492
americans:0.02290063514174067
once:0.014347760400667946
simple:0.017642719555915724
tax:0.11848808424240621
problem:0.01131318337992291
is:0.010057264108206669
having:0.013994071617221182
itself:0.017984255832055505
cook:0.0860817687921309
does:0.0065159829643717925
dale:0.07741958126801245
appropriate:0.021625709882676505
their:0.008094564805249806
run:0.014314622611697298
history:0.03551879790749605
article:0.01299999273235189
very:0.009322152362478327
admittedly:0.031016305533082794
opinions:0.015270642542887925
answer:0.016236743540796024
by:0.00529644638939661
mine:0.01746117136256677
schemes:0.030831887479226272
defined:0.023373421009890684
s:0.0033178410740963542
