optilink.com:0.05546470586881742
above:0.015382237458353362
there:0.010370384017820875
activity:0.05043167286983699
all:0.010780427464929843
where:0.010437609029569275
hand:0.017837511047755217
your:0.00711826114226702
with:0.003304109473387273
damage:0.050276529448233576
ca:0.011618918621990515
often:0.03511096483930742
to:0.0023359307798149673
association:0.0269374383462554
experiences:0.05339103491643252
positive:0.05002259887363405
might:0.02403486029241182
been:0.008289493713115477
that:0.011759478828287349
think:0.008134169647053985
indeed:0.02083752716669274
re:0.002112658207786274
sample:0.02662825812202237
greatly:0.0220504471740147
so:0.00577294122816339
anyone:0.009451495760685826
comments:0.02081358764988192
this:0.005932004953349368
child:0.06720956984307447
relationships:0.03449395923298115
amount:0.021008005715405807
on:0.0028644566397699996
you:0.0031401072847950387
american:0.0182318373863741
used:0.011155161064050088
concerned:0.045491403870709934
m:0.007733416452633176
why:0.010054929831378567
a:0.003944926909170607
factor:0.025564861065970713
member:0.022547445891223494
other:0.007792700496225485
uunet:0.021338939618176754
was:0.005002605277408958
usa:0.0205910829719137
are:0.007264535385324582
caused:0.022498950164153486
not:0.003406271234892457
have:0.0028884215432070782
being:0.01099324254194999
whether:0.016143833812891663
exists:0.02108267267242008
has:0.006015674993709328
love:0.018487104181816094
degree:0.02503646525799996
be:0.013072570782767714
found:0.015110285340435013
writes:0.003735945711963629
were:0.008764425409448018
if:0.0037861605636350807
of:0.003295603145182011
standing:0.02793932543824927
sexual:0.050328007601181154
rutgers:0.03012565477968465
but:0.007517324545202376
reading:0.018566791222389776
they:0.01581219702555498
now:0.009332849705526804
good:0.009152598030279657
one:0.005555428857489392
in:0.003011520371093059
context:0.02346181326664956
or:0.015238677010239217
and:0.001078523769747994
sensitivity:0.03012565477968465
for:0.0036762583379895365
subject:0.0003016605298533141
forced:0.07694568634681284
i:0.004314095078991976
marks:0.03211422214215458
containing:0.02719018350920112
any:0.005781283990332245
assumed:0.027611713813106058
the:0.00298094410730134
see:0.00999652972548687
when:0.0073879912025069825
quote:0.02279637238723497
can:0.004884553629591601
country:0.019043808519887753
roy:0.17081624941653478
pyramid:0.03031504852001597
here:0.01017175652894574
about:0.005565063165660291
paul:0.037005903854339633
is:0.009107546674259793
critical:0.027611713813106058
appropriate:0.02284750140147179
abuse:0.054832404697653075
legitimate:0.025848826234224322
words:0.01868846966953319
article:0.004578151866195486
claiming:0.0260564507664771
packet:0.03160793875972697
by:0.011191361297369109
concern:0.026026318868311207
optilink:0.09342995020736783
north:0.02267884059271653
panix.com:0.08779086963405028
