say:0.024967697029836096
there:0.012076039283909833
environmental:0.06973428447698722
with:0.015390194126040719
establish:0.06696723962387721
ca:0.02705984994858317
from:0.011139108610923362
feet:0.05779028880204384
to:0.010880519684927611
scientific:0.0555618360105774
global:0.06731200768169332
movement:0.06193818375619435
re:0.004920269773396981
prefer:0.05403326454002422
uk:0.05686367742972087
he:0.020922805362108356
posts:0.05293444042327199
goal:0.05518587058368193
internal:0.052139044948951746
arithmetic:0.08097659142640916
a:0.007350021714981026
how:0.01730740785827795
science:0.044495160870622566
computer:0.035272406646912044
are:0.008459360284226652
no:0.014812443897138287
it:0.004511255654473315
completely:0.04732886364525619
open:0.04348632340464951
talk:0.045520970626802985
be:0.007611332330756201
of:0.005116857514887859
youth:0.0745883306924394
department:0.045632573456486004
year:0.032562641002758574
who:0.01701385360834011
refuses:0.07631643598271688
over:0.02639395726999155
ought:0.06567197550791336
or:0.008872519180303753
force:0.04702636998440488
subject:0.00035127574857918807
period:0.04988172675785021
group:0.03548836756324533
possible:0.03390752135479713
program:0.03653465042610625
stanford:0.07678641075379686
the:0.002975340828904156
do:0.009451551564559166
people:0.01980622552727786
about:0.012960739214761466
is:0.003535166143298209
either:0.03294161456728103
launches:0.08200240118258958
new:0.0226842048010993
engine:0.05369801341764284
questions:0.03979179391112515
fool:0.06506921845487001
accomplish:0.0732425563619076
strategic:0.07857762357385713
live:0.04074589834141656
twenty:0.07654932515507741
john:0.07056522104162752
