above:0.01815104020085697
believe:0.01448447920220227
wilson:0.06654760184801888
go:0.012969548345294181
mark:0.020024159761947935
all:0.006360452204308608
ever:0.01762281371219907
where:0.012316378654891746
someone:0.014689720764420133
name:0.018414883372201676
added:0.027890787911742747
single:0.021676177803415835
to:0.006431596080423877
enough:0.016214323512915976
ai:0.03235111877161532
calls:0.026721931103056186
been:0.019563205162952523
that:0.0069380925086895365
considering:0.026702466369033954
nt:0.00952104735629918
need:0.012808013276648243
re:0.0074788100555634104
this:0.006999765844952254
amount:0.024789446744178854
merely:0.027206993464939044
on:0.0067601176698572
you:0.014821306384232584
taxes:0.0317446402502438
a:0.0037240110022570536
factor:0.030166536057845444
same:0.012947289003524085
false:0.02791405727800787
was:0.005903074227342571
said:0.014610032191089549
related:0.0256942599042078
challenge:0.09438272846235549
also:0.019779961755727552
theory:0.02712365904651083
far:0.016595853814142678
are:0.004286075877341504
it:0.0068571085947994395
have:0.0034083374209843524
made:0.015503863679453344
money:0.020668131778194203
left:0.01949603455667041
has:0.014196992985154014
be:0.003856408380916476
writes:0.008816831880234166
if:0.008935338930178791
of:0.0012962705704382578
raised:0.030166536057845444
congress:0.029110912337263484
result:0.023566679740076684
supply:0.05383953911472726
using:0.014696137190966138
ed:0.02645446447779335
they:0.006219464163384958
who:0.008620352494892323
now:0.01101276265252163
over:0.013372938350129053
in:0.00236906269192654
government:0.01794409959077532
office:0.024338252753641074
ncratl.atlantaga.ncr.com:0.04102813965604731
weeks:0.024270432568887404
for:0.004337984838827654
subject:0.00035595942522691063
steven:0.02991009418566014
i:0.002545316096605266
we:0.017969918742852933
back:0.014042378133783584
any:0.006821915108592049
reagan:0.03866699423124322
the:0.005025020066593686
when:0.00871782961895824
level:0.02347023441729166
rule:0.026324650455041218
would:0.006217664307362507
because:0.023529630651926856
deficit:0.04009639337354626
charity:0.04054600191218314
claim:0.021768260298666575
typically:0.03459426701575673
last:0.014534417013729987
e:0.020739264640358846
bush:0.031150776049885875
revenue:0.03843708639076876
is:0.005373452537813278
clinton:0.02443437525646955
issue:0.020875733383099022
itself:0.0224203722706292
else:0.016843681502253714
mob:0.08048583883667619
gone:0.02619731597921842
relativity:0.041196925042609245
article:0.0054022192021106735
hopes:0.03821484358898482
three:0.019456586709816485
while:0.01446895003919015
reduce:0.030399311158553634
s:0.00827248374474691
