expensive:0.041969811338206105
health:0.021587288084211148
go:0.020159919707711162
sentence:0.025661923701032537
inexpensive:0.02836089404173063
pass:0.021032514094255418
case:0.012806275167392517
ammunition:0.030628366682884493
your:0.006528146228918459
way:0.008976024971743749
further:0.01838256166363413
hell:0.03537182305162586
miss:0.02500425163578295
my:0.0049233899550792815
to:0.00428455697437564
kent:0.023841209261457982
everyone:0.015842035013021262
then:0.008268810102465302
death:0.06954230847743881
h:0.01830664313105967
day:0.013177735936595193
might:0.011021166507142207
perhaps:0.014966121956684173
that:0.007189733169626462
sandvik:0.05180221052914448
justice:0.02230966909586786
think:0.007459834339526193
nt:0.003699888869028179
reform:0.028104973029660286
could:0.007819218421378536
re:0.001937515558436117
penalty:0.0753246859392267
so:0.005294355426864871
this:0.0027201162609918083
mean:0.01369648734108736
getting:0.02810571577434908
extremely:0.02289197090694109
employed:0.029214548099119518
you:0.005759575019779501
trials:0.02898759150503458
why:0.009221360518932676
more:0.013175326692442755
sure:0.011305927565591728
a:0.0021707318018337747
how:0.006815352317249349
j:0.01582450082657442
as:0.004145669223922376
let:0.011943718874366968
waste:0.022168808265276372
abortion:0.02898759150503458
are:0.00666229410985726
hey:0.019969632049902434
gas:0.020560464620046643
not:0.006247772109595491
laugh:0.026281947036556313
trial:0.024299527502711162
money:0.01606331485351881
doing:0.01388965235836951
attack:0.020459572892519078
willing:0.018527978518029384
his:0.009556627158058325
be:0.005994417172409029
writes:0.017131150026361716
kill:0.01914317153680511
newton.apple.com:0.026109219470402987
of:0.0010074641739157442
even:0.008700308019513086
but:0.010341189983166998
fairly:0.020332676415792155
oh:0.016734280746847012
order:0.01453013917685229
well:0.008719522850535465
now:0.017118283915836727
good:0.008393833426733157
bob:0.03817621776195959
in:0.005523721302419393
our:0.011553240533577168
firing:0.02836089404173063
or:0.003493841749756919
world:0.013063475071153767
and:0.005934674836644401
complain:0.026370519230127818
for:0.0033714908073790052
subject:0.00013832620151304817
costs:0.02132773396338775
i:0.003956449891096268
criminal:0.024181091554130587
we:0.0069831290451501035
directly:0.018821245209825803
the:0.003905456010305974
do:0.007443709004212401
collect:0.027351047725664233
judge:0.022603427353259285
nuts:0.029062144548827842
around:0.01226525613032972
would:0.009664763172066073
can:0.008959233082256098
arm:0.025942064743883705
return:0.01912107620630533
injection:0.03163435639501381
needs:0.017354127267716825
an:0.004652321961459776
people:0.01559868538935873
about:0.005103710778869801
e:0.032237198922837586
execution:0.03139332004457395
is:0.005568344598770237
clinton:0.018990447090520376
grant:0.023445494345475732
efficient:0.026788971855228636
methods:0.02305426350346462
assuming:0.020560464620046643
new:0.008932640232557238
right:0.010051158517048185
time:0.008183989481366392
run:0.013869608437240388
every:0.012601805839053867
simon:0.08412876067892827
convicted:0.030143775708735148
article:0.004198615960189642
already:0.015055887675115811
past:0.0171166551653024
200:0.021534326664151362
rifles:0.029873383205260694
millions:0.02467200019449
s:0.00642939151146133
