some:0.005259175113213307
at:0.003968310866911851
correct:0.014739718199015534
say:0.008547499884088034
know:0.005557996061523882
help:0.009640057297485571
all:0.004297602840749059
true:0.011636399964674984
case:0.011133383366246648
philip:0.05225269490708543
stand:0.017737561056155236
with:0.002634357553106069
ca:0.009263732414830275
times:0.012659802439157777
my:0.008560488840813524
to:0.005587293892260125
amendment:0.020586039837645433
then:0.00718865022421533
respect:0.01841152337357712
h:0.015915234794119444
speak:0.03230119652827382
bruce:0.041501427384604356
that:0.0031252668958060975
think:0.006485351475353852
indeed:0.01661370409236313
like:0.005246121907696726
nt:0.009649710158411332
me:0.004881030091912364
re:0.0016844166791809482
anyone:0.007535652025411672
voice:0.016335559916379135
this:0.004729571516859631
he:0.007162762196037096
these:0.022386972609445173
on:0.0022838235371139184
regular:0.01822992185475523
material:0.019021169084702173
asshole:0.026807568037884713
support:0.02467528206786942
m:0.018497496109676652
more:0.005727112728922189
magazine:0.019021169084702173
a:0.0012581118250868423
how:0.011850117092154272
member:0.017977017670029544
want:0.008525216070775592
fine:0.01459079539603856
others:0.012145622626434217
frank:0.08820212559798699
march:0.019521225522040792
are:0.002895997214419935
not:0.005431621698882567
should:0.007400054694745403
rush:0.023004062856425846
have:0.004605861379708584
received:0.017429237795728702
rights:0.015645042431048674
against:0.011636399964674984
stage:0.022482297921627998
directed:0.023417610375584055
heck:0.022309690424771527
shows:0.01740637224153113
routinely:0.027395947237961578
his:0.03323295570279742
be:0.007817044015371234
down:0.010650295391680891
if:0.009056086753559586
cops:0.043841141081986106
of:0.00788272644185427
even:0.007563781296243359
but:0.0059935425427964885
killing:0.01822992185475523
groups:0.016575610803992755
toward:0.020146226911681844
they:0.004202340650935782
find:0.00953354386339365
who:0.011649124993097733
up:0.006051623289875606
over:0.009035769155492602
in:0.0008003590175427499
heading:0.025398233257342643
or:0.0030374389986625463
streets:0.024890145445877126
and:0.006019328606836776
still:0.009196887757790753
for:0.0014655354185228557
subject:0.000120256562576659
i:0.008599040866909682
group:0.01214917087750741
assumption:0.021365918804940695
any:0.004609402100400033
nazis:0.023639552037776772
actually:0.011010423995950832
than:0.006444149919907482
the:0.004413868977413373
do:0.0032356663013806157
when:0.005890425418215026
would:0.012603373596005083
can:0.003894441407377087
1000:0.021047821655328293
did:0.0074050047001935375
contributed:0.02574759467331505
propaganda:0.022887056160915662
once:0.012085726103265342
mr:0.0760575603216985
just:0.005290038574170658
makes:0.025161962903170937
people:0.020341528919906992
ted:0.020209523098419013
about:0.008874019642539383
changed:0.017023942314564975
arrest:0.024890145445877126
is:0.002420474116132107
today:0.012788857053145733
write:0.014658441103547358
else:0.011380865879901156
right:0.01747633868279549
time:0.014229819548682104
himself:0.016859375903157517
their:0.020455184034888028
wanted:0.013716936889847308
first:0.00845745418644613
nothing:0.01150836036712121
every:0.010955623995213496
him:0.021590227958227997
arena:0.0256755210636464
politically:0.025534743840654933
opinions:0.025726217617297677
jewish:0.01722750985596756
before:0.009577451654156056
s:0.0027947580218739563
