expensive:0.050944487976564645
health:0.02620343773743869
inexpensive:0.03442548773618875
case:0.015544723945325509
ammunition:0.03717782874085979
cut:0.02302525469059372
way:0.02179085307605715
to:0.0034671676983417127
kent:0.028939329480889252
death:0.06330974309502684
might:0.013377893936342427
perhaps:0.018166424765031733
make:0.01106968857452644
that:0.006545370291216543
sandvik:0.06287941278065964
justice:0.02708029016039306
think:0.009055019041060096
reform:0.03411484147625431
could:0.009491252549220487
re:0.002351827061497928
penalty:0.09143185148597957
so:0.006426481744559246
this:0.00330177634195861
mean:0.016625295954904785
he:0.010000837783146133
extremely:0.02778710933987189
wan:0.03442548773618875
employed:0.03546168417062935
you:0.010486773385070224
why:0.0111932237745535
more:0.023989038223032562
sure:0.013723547296598766
a:0.0017566089633287989
how:0.008272723253013361
was:0.00556893795032318
as:0.015096493589000348
let:0.01449772165253349
abortion:0.03518619597780927
are:0.008086935617625478
no:0.007080161862783081
yeah:0.02486932354835316
gas:0.024957041960182405
only:0.008387020366473501
trial:0.058991305761298796
money:0.019498237526598305
attack:0.02483457590098228
be:0.007276242228144294
thinking:0.021908971910997836
writes:0.016635531849498425
kill:0.023236679915744567
newton.apple.com:0.03169232300495457
of:0.003668690293693182
even:0.010560751243811483
but:0.008368342418244155
fairly:0.024680544328603057
oh:0.020312680403405493
fact:0.015083441060558738
well:0.01058407490662481
now:0.01038939872879399
bob:0.023169842855528932
in:0.004469929607408565
firing:0.03442548773618875
system:0.014058002070707705
or:0.0042409525641703485
and:0.007203724801713016
complain:0.03200949818499792
for:0.0020462192635979496
subject:0.00016790538925797672
costs:0.05177676295514259
i:0.003601862400856508
we:0.008476376765496667
the:0.00521464346533307
nuts:0.03527669118191053
can:0.01087504393003413
arm:0.03148942450043746
na:0.027410713641700495
return:0.02320985979759075
injection:0.03839893574992242
an:0.005647158104161867
people:0.009467126667126525
about:0.0061950703164897584
e:0.039130688000677066
head:0.021716098965130083
execution:0.038106357035237556
is:0.005069294846993659
clinton:0.02305129741176373
efficient:0.06503486249130977
methods:0.027984106013639442
right:0.012200462854027042
run:0.016835436656524497
matter:0.0189993900119531
simon:0.13615807807994262
article:0.005096433209538371
little:0.014750557873575248
already:0.0182753856685368
past:0.02077682042077587
by:0.006229153929667712
rifles:0.03626140225544223
millions:0.029947773820984718
s:0.011706344921811666
