perform:0.05677700727658876
above:0.016601561159320398
some:0.014238254574797002
since:0.012200131850022448
at:0.005371737880819702
out:0.007184006701710121
mark:0.07325912108029732
there:0.011192426653379847
know:0.01504725762997929
case:0.030141598869594582
discussing:0.02967296743963694
allows:0.025199227958208316
your:0.007682513549885747
with:0.003566020590180167
ca:0.025079860927955135
from:0.005162025941647413
post:0.015747425636775492
my:0.0057939893983554955
to:0.0025210960245563977
obviously:0.022450567566011933
then:0.009730977742535386
enough:0.01483017394474022
make:0.010732198069205511
that:0.008461088425231142
nt:0.008708275021005348
re:0.0022801250169400644
so:0.0062305524230787815
this:0.006402224858188037
he:0.009695934192196557
restrictions:0.0316410978802653
on:0.006183034454137682
employed:0.03438053526298821
you:0.006778036456203926
medical:0.049061188684983804
why:0.010851966952158575
a:0.004257634530019497
basis:0.022726879738036578
was:0.005399153256715766
definitions:0.03271807065879772
accepted:0.025682247687193092
given:0.016998704629154152
abortion:0.03411344610043704
nyx.cs.du.edu:0.05733459568315089
universal:0.029974675105877
sc:0.03278775782845396
are:0.00784038270245397
reasonable:0.02279455591528078
kevin:0.10989176397121257
mnemosyne.cs.du.edu:0.07282804136113588
not:0.014705122160389389
statement:0.021178045242029306
term:0.023766340206795477
being:0.023729316218599368
whether:0.01742352795659649
between:0.014163816134429302
after:0.011763498095517995
providing:0.02812190113211248
determining:0.07233021215966935
shows:0.023562284375731168
determine:0.05320074974608588
be:0.0035272027874236056
writes:0.012096263250321261
if:0.0040862830473378615
of:0.0035568399798610725
what:0.005612451847540435
never:0.01343865384671866
easy:0.020205375391822
please:0.011679361932349116
they:0.005688534295778925
who:0.02365340623598503
good:0.009878108849753044
in:0.00433365126571928
or:0.004111655229896862
and:0.002328033015187743
for:0.001983834529951671
subject:0.0001627863225123067
purpose:0.022932204220393822
i:0.0011640165075938716
we:0.008217950644597379
any:0.00623955650176102
the:0.00229802746947882
do:0.008759974620810936
serve:0.02553114994939744
law:0.018334397105146134
agree:0.018393629140027068
physician:0.03361199428191892
individual:0.023546867019918004
an:0.016424965949300062
relatively:0.02718661792519478
about:0.006006196221474826
definition:0.04969243178935683
qualified:0.07031174339774773
is:0.00655299089977229
keep:0.01615496697637757
does:0.014859619687042991
article:0.009882108296543915
difference:0.019555816139234065
physicians:0.0720887167048379
by:0.006039240700104672
defined:0.05330280157133608
s:0.0075662961080002235
conservative:0.032124325756205184
