another:0.01041082314736422
some:0.005481393779968799
mark:0.04230456287735479
surely:0.021063446609619816
mess:0.02397606551233116
all:0.008958383386350152
small:0.014031670893267659
stand:0.018487035466978698
your:0.011830349504049414
way:0.01626641145114125
much:0.008202802204506721
francis:0.02594184173232264
service:0.017101367269851377
from:0.00397451762643275
to:0.003882251155185439
job:0.03259613666938194
ten:0.018901357946280888
might:0.009986315191917587
that:0.011400621493151821
think:0.006759380410932185
control:0.014317531783760674
through:0.011124240817017966
trivial:0.026686466287142538
nt:0.013409925853942507
could:0.007085019508573039
me:0.005087270800021337
re:0.003511178429841977
so:0.014391698554717185
political:0.016923829941227816
comments:0.017295798187930048
had:0.007203795707427865
this:0.004929412566867784
he:0.022396242359439933
certain:0.015475657238312249
on:0.002380323123189155
you:0.007828154780404533
disclaimer:0.017624673836029045
went:0.015316719555098985
united:0.018410901328062054
a:0.0039338144390039295
price:0.014695512684713441
was:0.0041570945262975854
secret:0.018763669612503798
wise:0.022978124470154297
blood:0.019608796781261036
democrats:0.028663994292195606
staff:0.022594659535815013
are:0.0030183632939024675
pressure:0.020660482122062156
jefferson:0.02676040223534977
d:0.025659777779958245
hoping:0.044946991522748586
it:0.0016096499048824976
not:0.005661126841088872
should:0.007712733062129012
have:0.002400237620411516
term:0.036597932337224956
try:0.011438449165931421
ve:0.008568702812335372
states:0.0162106090866464
decent:0.021152874755022137
charge:0.01932512983537012
after:0.009057341256642964
party:0.019928067809965533
his:0.0259778738240177
knew:0.018225798417360373
be:0.00814734164982354
noticed:0.019043206672086036
get:0.006170769837047523
down:0.011100307873019521
if:0.009438738306526891
end:0.012695931467490654
of:0.0036514663956007257
destroy:0.04636455985054088
republican:0.028135928642305047
even:0.007883377689042374
kept:0.018750120293775464
but:0.006246790819252678
advantage:0.02001582430298033
they:0.004379904340411942
who:0.006070670771050931
up:0.012614651364811123
now:0.007755466656705372
good:0.007605680053330982
president:0.03535641464011266
in:0.003336708016797943
our:0.010468429215870392
u.s:0.016562170896707504
office:0.017139614615240193
rather:0.01208208287752518
better:0.010498666062447901
watching:0.019998141285161194
and:0.0026887141865548584
for:0.004582378350874282
i:0.005377428373109717
propose:0.025879657569177004
we:0.018982308531182678
top:0.015876207634588337
pay:0.015647145830975977
the:0.0031848718731931815
do:0.0033723845958051487
would:0.004378636836170779
can:0.004058995269660626
friends:0.018669635425294536
country:0.01582513665737151
liberal:0.023011539811792152
senate:0.024407086870327045
william:0.01911577126474656
praying:0.05588056436066109
problem:0.009932231418054386
just:0.011027122661651512
bush:0.021937166232313995
beloved:0.02844559046292381
moon:0.021577823147232614
is:0.0012613738351674362
deal:0.015475657238312249
clinton:0.03441461303728106
done:0.012435040147515017
else:0.01186174753679839
suffering:0.02207247345548532
does:0.011441209524296012
man:0.013605865440353047
run:0.012567297785856314
nation:0.02104135322446764
extend:0.026333304685088137
him:0.01125124555569628
psuvm.psu.edu:0.04693815320246424
article:0.0038043797197962487
opinions:0.013406620448450902
says:0.012023599739096565
wish:0.03508054004487116
while:0.0101894014360494
s:0.005825692777990782
