at:0.010876111264869518
say:0.023426481163796833
forgive:0.06960997263123539
thanks:0.02460971166563164
tune:0.07273897140666179
much:0.021570331722962115
previous:0.04287900518139266
several:0.03479569595144934
to:0.0034029608891131624
pride:0.07227304143156492
t:0.06361168037038128
next:0.03306642004628611
hall:0.05654827424217466
cleveland.freenet.edu:0.05286936754945068
me:0.013377638029685735
re:0.004616549417014451
this:0.0064812646712520865
he:0.019631274166916485
you:0.01372343183725239
state:0.03281127638198291
working:0.0391177655642791
bill:0.038216220687552066
a:0.0051722375031347965
want:0.023365407008792364
broward:0.07537568869429215
town:0.10997601660998844
hundred:0.05680683194396778
kind:0.03401884811065506
92:0.054117467757739186
doing:0.03309509759463352
providing:0.056938170193412914
sites:0.0562325107632901
if:0.008273461972387769
of:0.007201503169101431
secretary:0.06304817227316713
together:0.0439378548327189
president:0.09297427553511106
in:0.006580729699795943
and:0.002356774163523394
word:0.03788736439707924
for:0.008033305257088246
subject:0.0003295920603952876
i:0.004713548327046788
special:0.04315692830697559
will:0.013991424011151658
the:0.0037222370863656934
do:0.008868122455635761
when:0.016144128923996737
thank:0.044820917367524866
start:0.034784717134352
home:0.03616497594890553
did:0.020295198067197102
meeting:0.11965155873473869
mr:0.041690810843005105
remarks:0.06924683824597251
clinton:0.0452488430675362
ad:0.053452736498222846
tonight:0.05999375038040366
article:0.010004109633538283
very:0.02152151224424009
little:0.028954798788869925
corporation:0.058633953107583583
says:0.031617614128735406
s:0.0076597071710619545
