incredible:0.1542400267047956
members:0.10245117523623931
both:0.062380668953006604
within:0.08990139489785604
most:0.0515720962213066
months:0.09432762611055055
12:0.09870513421144544
re:0.010387236188282514
u.n:0.1746597872508783
this:0.014582845510317194
recently:0.09192532123854692
state:0.07382537185946156
a:0.003879178127351097
was:0.024596142613927376
180:0.15968766223052588
also:0.08241650731553146
early:0.09729836385536891
passes:0.12856012902533465
were:0.043091758263119416
of:0.005401127376826073
what:0.025567836194350865
year:0.06874335322804588
san:0.11216570648901511
czech:0.1875571652545199
they:0.02591443401410399
republic:0.2857011131515898
for:0.009037468414224276
subject:0.0007415821358893971
the:0.0020937583610807025
last:0.060560070890541606
recent:0.10550264134680613
cunyvm.bitnet:0.1689416746340964
admitted:0.3055163878148527
