above:0.01815104020085697
at:0.005873100083029541
out:0.007854513993869734
uhura.cc.rochester.edu:0.040392738457351814
there:0.006118526570514316
andrew:0.02510305439447999
know:0.016451668342110693
percentage:0.030037082152131436
gay:0.059265836013377066
storm:0.03739329265282516
your:0.008399548147875083
wonder:0.024602451385446193
with:0.0038988491785969825
option:0.02793740814834922
c:0.017240651302859733
supporting:0.03277231144909219
hitler:0.0680920260550205
themselves:0.021576334775485453
to:0.001837598880121108
bet:0.028757808766730734
social:0.028945614613175373
then:0.010639202331838689
that:0.01156348751448256
laid:0.03799977117419667
nt:0.00952104735629918
could:0.010060727702173717
re:0.002492936685187804
so:0.013624141298465602
sa:0.043172030483563724
had:0.010229389904547569
getting:0.018081343814831244
he:0.010600888050134902
on:0.0067601176698572
you:0.014821306384232584
them:0.009772394476881607
came:0.02012484488318631
why:0.01186481720102671
more:0.02542838051641452
a:0.0027930082516927903
christian:0.021372282474910506
wondering:0.02399289001238198
was:0.023612296909370285
as:0.01600228320434037
part:0.016328147416088516
heterosexual:0.03902744237304506
homosexuality:0.03195496263514331
straight:0.026644410849755395
lose:0.02803163822124858
are:0.008572151754683007
d:0.024291256298360476
it:0.0022857028649331465
not:0.0040194000571731
have:0.0034083374209843524
made:0.015503863679453344
probably:0.01591482476686139
try:0.01624259781562262
25:0.024517883655264087
writes:0.004408415940117083
were:0.010342021983148661
if:0.008935338930178791
of:0.005185082281753031
ryan:0.029632918006688533
what:0.0061362806866442085
least:0.01605108255137655
english:0.0294543359002642
fact:0.015988447524192262
they:0.006219464163384958
in:0.00236906269192654
or:0.004495409718020569
men:0.04682131403503123
and:0.002545316096605266
for:0.002168992419413827
subject:0.00017797971261345532
i:0.005090632193210532
power:0.01801236853447028
promiscuous:0.04102813965604731
20:0.0209655489893708
actually:0.01629542751400723
gays:0.07805488474609013
the:0.0020100080266374745
do:0.004788786126043311
see:0.011795905076074508
magnus.acs.ohio-state.edu:0.06135137849948521
less:0.018325770377308516
quote:0.02689971941693726
got:0.014747692144203827
would:0.006217664307362507
because:0.011764815325963428
did:0.021918813912572874
claim:0.021768260298666575
forget:0.025594755569429962
put:0.01658306199697853
is:0.003582301691875519
partners:0.03600299430687145
living:0.02456003342686067
argument:0.02345827626759815
new:0.01149333043255698
study:0.024702488989565327
himself:0.024951876336673128
life:0.018602529021924736
1:0.013056825946164724
tree:0.03446847712039418
words:0.022052394210049165
bad:0.018270673644975893
before:0.014174628448150964
high:0.018648825504276812
happy:0.025320633923233474
s:0.004136241872373455
