tv:0.019529180702328158
school:0.018744971524722192
birth:0.026650884371438796
football:0.028621860625632177
with:0.01808744464297569
organizations:0.02451290756334355
aaa:0.030782986554706914
prime:0.02589081874698967
minister:0.027777077867358377
thursday:0.026897564892972996
t:0.7038271748197084
national:0.01677409239684285
foundation:0.025647247175595102
26:0.022661665107498574
on:0.00522689510555969
garden:0.06094097700821347
edt:0.08969148146422397
pool:0.10884025177429273
am:0.033697656839203415
state:0.013699553540931012
march:0.04467744397827892
pa:0.026699285094891577
japanese:0.025808342760667808
92:0.02259543756895296
leadership:0.02721006294357318
open:0.0681435170876982
public:0.030554068021243233
writing:0.06189369193527269
14:0.019246664019364267
of:0.0050113552980860475
secretary:0.026324236876940913
york:0.019397769110440426
president:0.19409578140061848
office:0.03763647333037279
still:0.010524273619739934
for:0.005031167983176402
subject:0.00013761317985576442
italy:0.029300089274027632
rose:0.05082933522458743
house:0.05316296821376584
schedule:0.07883765372408943
the:0.006993584628764409
law:0.015499181057958587
photo:0.08444959434815183
ny:0.021655635729808862
immediate:0.024740594255679312
press:0.03698299340997594
meets:0.18810000887095268
15:0.017225828515364142
south:0.022276492188962816
clinton:0.03778511637598384
white:0.05256137854361741
new:0.008886595695276014
events:0.04194380264924355
1993:0.0624671299589719
16:0.017974189390851245
enforcement:0.023299435172075385
release:0.020483523141171436
april:0.05261062673022854
est:0.031471292702256
champions:0.029220170786728842
high:0.014419194977533615
s:0.009594375477154922
