obvious:0.02514149224772557
out:0.007700503915558561
objective:0.029141211370797022
there:0.005998555461288546
though:0.016245386938631895
previous:0.04540129960382753
led:0.027552152214577755
from:0.011066303979479419
members:0.024106158879115134
to:0.006305486353356742
gm:0.09653175444495898
impact:0.03132839474033658
enough:0.015896395600898016
that:0.015871453451250572
justice:0.02814226232354573
through:0.0309733763924814
nt:0.009334360153234491
believed:0.02856751456764417
happened:0.022041182344695626
so:0.006678500636502746
two:0.012188166226492231
jury:0.07676873841789426
you:0.003632673133390339
trials:0.03656604680046846
ta:0.030178782541227658
state:0.017370675731638016
a:0.004563738973354233
desire.wright.edu:0.039310189581908093
was:0.005787327673865266
as:0.010459008630287822
old:0.017306621453217805
said:0.01432356097165642
intellectual:0.03492346883784816
witnesses:0.06873376371046354
judges:0.038262198404946136
evidence:0.021030771467405732
frank:0.025595910957847204
are:0.008404070347728438
it:0.0022408851616991634
conviction:0.03656604680046846
not:0.011821764874038528
should:0.02147466852592784
trial:0.061304690300957566
kind:0.018009978411523266
against:0.016884188184038213
ruling:0.037050412631538535
facts:0.02647115551723457
has:0.013918620573680405
decided:0.024389758581819312
shows:0.025256304821045173
call:0.017365726130710506
talk:0.022611723971483838
be:0.015123170121241081
of:0.005083414001718658
even:0.021949796702823866
what:0.006015961457494322
fire:0.02350976233359131
up:0.008780786734329311
in:0.0011613052411404607
truck:0.03361189566489292
and:0.0012477039689241499
for:0.0042529263125761305
subject:0.00017448991432691697
the:0.006404437339776268
interest:0.023874411742927357
when:0.017093783566584784
denied:0.03485124768630185
judge:0.08553846037605964
start:0.01841543848289224
an:0.005868615284717234
about:0.006438014250469749
scary:0.03790881787376786
having:0.017103865309937002
white:0.022215484613206486
new:0.06760782607386458
sean:0.03349412765507149
denying:0.037050412631538535
their:0.00989335698419421
boomer:0.04038914219863652
verdict:0.039310189581908093
dead:0.022426680619680627
nothing:0.016698405238568033
bias:0.03499649694633264
brett:0.03423483801655517
going:0.014234089438233219
realize:0.025578504961641428
by:0.00647343447592919
says:0.016738736891683453
demon:0.037359255016182626
appear:0.0258084808382757
motion:0.03343602995953394
s:0.012165417271686633
