above:0.030251733668094947
pc:0.03703157846664315
join:0.05095116700548057
at:0.009788500138382568
out:0.013090856656449554
bbs:0.0449671405750629
help:0.02377880800046441
all:0.01060075367384768
percentage:0.05006180358688573
gay:0.049388196677814224
your:0.02799849382625028
into:0.019897821144248738
romulus.rutgers.edu:0.06866154173768207
then:0.017732003886397812
politics:0.05438156124603183
us:0.02288751540205551
bigotry:0.12928330470635296
church:0.08327279644641795
really:0.02168217492434362
reform:0.1205391065494319
suppose:0.04282376650701299
re:0.004154894475313006
uncle:0.13365464457848752
on:0.005633431391547666
you:0.006175544326763576
numbers:0.039197137788874424
theodore:0.06040423505840867
a:0.003103342501880878
how:0.014615144413656937
said:0.024350053651815914
nyx.cs.du.edu:0.10447637435596384
irrational:0.062162279560796375
it:0.0038095047748885774
evil:0.04640748571565112
call:0.029521734422207863
writes:0.0073473599001951375
get:0.01460415528101247
if:0.007446115775148992
of:0.004320901901460859
what:0.03068140343322104
accept:0.0793802660147274
good:0.018000109459549992
in:0.001974218909938783
heart:0.044122029033840195
or:0.007492349530034282
and:0.00424219349434211
gets:0.03708129269325338
subject:0.00029663285435575884
i:0.002121096747171055
ways:0.039648204236434385
repent:0.06757666985363855
the:0.002512510033296843
can:0.009606288804863482
wants:0.19558528681076381
10:0.06423048350880366
is:0.0029852514098962658
new:0.0191555507209283
study:0.041170814982608876
eating:0.16663044386874806
kaldis:0.13270887536918094
article:0.009003698670184456
god:0.20635830691585083
