optilink.com:0.1753080881925122
some:0.020848872770238464
effects:0.07681851531004653
all:0.017036925547255197
your:0.022498789681808257
mail:0.05471991972921171
that:0.01238945090837417
provide:0.060302779969346666
nt:0.012751402709329259
re:0.006677508978181616
clayton:0.08594040144872496
child:0.07081008251323917
on:0.018107458044260352
you:0.009924981953727175
why:0.03178076035989297
uunet:0.0674462912931658
part:0.04373610915023709
usa:0.0650825301076558
evidence:0.057459072044876366
no:0.02010260243183053
internet:0.051009534698475106
cramer:0.1753080881925122
not:0.02153250030628446
massive:0.08912625247502527
uucp:0.07560051084528702
males:0.10819483515362091
university:0.041970358957118814
virginia.edu:0.08582406785906077
greg:0.0782012249552754
writes:0.01180825698245647
of:0.003472153313673904
describes:0.08926630921540074
department:0.061929921119516715
nearly:0.07660965745713243
in:0.0031728518195444726
astronomy:0.08804366994258894
and:0.003408905486524909
subject:0.0004767313730717553
i:0.003408905486524909
any:0.018272986898014414
can:0.015438678436387738
thought:0.047939042949852004
just:0.020971224347605105
homosexual:0.08629401979329958
selection:0.09463938607591123
does:0.021758728827455807
virginia:0.1742948490093259
concentrate:0.09335678367285309
article:0.01447023000565359
va:0.08912625247502527
