at:0.022302911707707113
out:0.01491363416557544
percentage:0.05703243446607235
ah:0.05958610082874394
gay:0.056265034189914936
politics:0.06195367736889702
most:0.02350120840464605
discrimination:0.07195211796406786
fascist:0.07235400022121445
that:0.008782395580619665
re:0.004733424085799627
tells:0.05603797468755206
rahul.net:0.08072613290786464
michael:0.07606823295376428
apr:0.04717985160807593
something:0.02519824452105725
on:0.012835666461754176
enterprise:0.07822200957457452
you:0.014070860491360047
american:0.04084854705554703
integration:0.07458046435366589
more:0.016093911719249693
hurts:0.07433934796163177
ending:0.07255982959933825
forces:0.05575976067845364
d:0.04612263854119077
it:0.00433994214860724
being:0.024630429492723396
adams:0.11730668986530662
netcom.com:0.08149456138534529
public:0.0375157544058303
greg:0.05543377971513193
armed:0.056207886337326
writes:0.008370410012880535
of:0.0073838197050280505
congress:0.05527388418467749
what:0.01165116586071685
phil:0.11218871773837956
gmt:0.053636687800316905
sat:0.06580644940986913
lazarus:0.08112801516501122
they:0.011809109170984097
observed:0.06453377562225042
now:0.020910308833901825
called:0.03395258855514853
in:0.0022491101505631703
and:0.002416439332220189
subject:0.00033793616319010504
forced:0.057465765752683
than:0.01810887699011976
the:0.004770588670816791
when:0.016552841048654884
opposition:0.06681964824117971
about:0.012468559244580651
17:0.04977599694279121
is:0.006801838655459845
new:0.02182277930232338
time:0.01999379708738878
study:0.0469034601067696
1993:0.038350073455824515
article:0.01025737823185571
practiced:0.0715626032974001
despite:0.053966716158668486
