some:0.005098414301892376
believe:0.009487650132446901
out:0.010289756323846811
there:0.004007768495970076
committed:0.019351329042209573
posting:0.014406936929939915
environmental:0.023143255983628947
where:0.00806749693551861
boys:0.04737344798885969
ca:0.008980561554988302
from:0.007393644143494983
parents:0.020024476115691053
members:0.01610586160919046
to:0.005416503249265274
everyone:0.013351584093943682
w:0.013512405480477527
physics:0.020024476115691053
then:0.006968909824348485
consent:0.022456856055583476
make:0.007685940975326217
that:0.0015148673599758812
nt:0.009354740852259019
me:0.004731828298709802
wanting:0.02412931130561014
re:0.0032658559194600045
anyone:0.007305304583586861
this:0.002292499730879559
age:0.01800344378128219
these:0.007234218223139487
protecting:0.022961279143451793
you:0.0242706982274551
tell:0.010524126871713767
children:0.043917600891072384
libertarians:0.07851029870058045
state:0.023211470628302325
m:0.005977356821467564
sure:0.00952857650724543
a:0.0018294813875716965
how:0.005743943219341154
member:0.03485500369210968
want:0.041323099731707016
rent:0.02412931130561014
was:0.0077332850139859004
secret:0.01745267086228519
capable:0.01916060824088791
acts:0.01912344365718525
evidence:0.014051126788266711
weird:0.021498338326169902
hmm:0.021660692052116425
are:0.016844839692608526
fuck:0.09901682327729948
cramer:0.02143505008467398
it:0.004491555848121903
not:0.010531179189099822
sex:0.01888929041945993
have:0.011162677142961852
cry:0.025177130823647656
kind:0.024065735344655545
suddenly:0.021280729707183546
university:0.0102634938934439
against:0.022561404298321805
gene:0.023481189012517244
has:0.004649670191644327
love:0.014289159127429906
netcom.com:0.04217076648106296
yourself:0.015311243106439268
disaster:0.024014388561866152
be:0.0025260316905566433
which:0.0056414512337009505
writes:0.0057752173887996704
get:0.011479248692498884
if:0.0029264210470017872
of:0.008490855264879417
defending:0.023237169543545818
raised:0.01975973977588129
boots:0.025327725478980274
what:0.004019397829679612
but:0.0029051669093904378
wear:0.021403746637169117
phil:0.09675664521104788
again:0.010663184009205318
seems:0.01029033663485187
eh:0.02176108296139459
who:0.0056465191014578526
now:0.007213599990734691
one:0.004293934095090054
in:0.0015517877894715324
our:0.009737010580700407
or:0.005889183036708169
and:0.0033344752357274223
still:0.03566304073763401
for:0.001420737392629144
subject:0.00011658059778173928
raped:0.02733441687364595
i:0.0025008564267955664
any:0.004468503346239333
lives:0.033995265064919705
actually:0.010673860817035304
em:0.04153278661387466
the:0.002962348074192785
do:0.009410278413622226
see:0.00772657537734138
wants:0.015373515993859164
mr:0.014746531346215778
just:0.010256668676557956
btw:0.016383364718093166
people:0.0065732451531577175
many:0.008092580906454556
is:0.0023464858243726103
either:0.010932588240669686
today:0.024795862583391726
else:0.011032979149947846
right:0.033884254913367676
girls:0.02407147188748778
their:0.013219944267089204
smith:0.017195364866665775
too:0.0085262788989716
article:0.0070771430595336325
very:0.007612412627875315
little:0.040966614880322515
opinions:0.012469913342882279
jewish:0.016700904751199994
mine:0.014258685785152778
s:0.002709328737362525
