tv:0.02806415597223454
optilink.com:0.07272039213911617
racist:0.041029891180124914
stations:0.04063993759875142
all:0.007067169115898454
happen:0.05009825520247875
media:0.02927004585700194
watch:0.028475287707958145
with:0.004332054642885536
way:0.012832391255900322
much:0.01294219903377727
lincoln:0.04322790531324861
to:0.006125329600403693
us:0.015258343601370341
that:0.0025696638921072355
happens:0.027674648257620584
anything:0.017194378891254844
re:0.0027699296502086707
effort:0.030091532494286692
so:0.022706902164109335
national:0.024104992036944543
this:0.011666276408253757
clayton:0.03564935171206369
la:0.032283729400225024
something:0.014745639386396467
society:0.02752763865486554
am:0.01210619523482493
m:0.01013936823789683
a:0.003103342501880878
other:0.010217096206162303
want:0.01401924420527542
as:0.023707086228652398
audience:0.04165624220255501
far:0.018439837571269643
role:0.03269447980419698
assigned:0.04488082050816868
are:0.014286919591138345
cramer:0.07272039213911617
race:0.032376516509996726
it:0.0025396698499257184
not:0.004466000063525666
have:0.003787041578871503
ames:0.03809348175354531
trial:0.03473932450387596
carlos:0.13910181031255386
completely:0.026644397311403487
messages:0.03240770563989557
writes:0.004898239933463425
conclusion:0.03269447980419698
of:0.005761202535281146
even:0.01243821813160019
what:0.006818089651826898
they:0.0069105157370943976
up:0.009951558298906553
in:0.007896875639755132
or:0.004994899686689521
and:0.002828128996228073
for:0.004819983154252948
subject:0.00019775523623717257
i:0.002828128996228073
becomes:0.03189456396668516
we:0.009983288190473852
any:0.007579905676213388
sick:0.03326846125218494
the:0.00558335562954854
when:0.029059432063194134
americans:0.03172162052967041
abraham:0.04558682184005257
come:0.01778661981088451
simple:0.024438433755231415
ready:0.03122577250985479
here:0.01333630300461775
is:0.0019901676065975107
having:0.01938438068459527
white:0.025177549228300684
viewers:0.04616431473982821
man:0.021467032139223696
their:0.03363741374626031
tied:0.037960011342414356
verdict:0.04455154819282917
superior:0.037326513761390935
every:0.018015915014351083
position:0.025502540423794164
article:0.006002465780122971
comes:0.022401306201818606
going:0.01613196802999765
playing:0.02966940707670439
by:0.007336559072719749
favor:0.03527182250027089
news:0.022732418638247546
