another:0.010977749160339499
some:0.023119542081848597
simply:0.015141798712294006
go:0.009630852731654095
at:0.013083638798828184
say:0.009393787001324472
there:0.004543460324639344
all:0.018892432290025567
environmental:0.13118330743195616
ever:0.013086247806088419
your:0.012474576457240224
with:0.005790370067223241
former:0.01975692040963643
times:0.013913248225213002
from:0.00419095175460483
to:0.006822768119261539
look:0.011738457050870845
most:0.018382133306604334
so-called:0.02482567656048877
us:0.03059222355720291
beach:0.02628960846221672
bunch:0.02008021297601151
that:0.00515204889259124
protection:0.020940456911549322
nt:0.014140169341038386
me:0.0107286007960846
re:0.0018511906078127255
justify:0.02357275266107213
so:0.010116936607771486
political:0.01784542464099765
had:0.015192163224575596
this:0.0025989229622347476
off:0.010809195286912626
laws:0.05512684029264196
these:0.008201168183658132
soviet:0.021915841585725807
on:0.005019889358804851
you:0.011005920582350929
disclaimer:0.01858443330234746
them:0.007256728571941787
apparently:0.018755747803226055
europe:0.020361389205680487
onto:0.021555260774080924
a:0.002074016028484745
member:0.01975692040963643
vision:0.023603596966768343
want:0.028107890609586853
said:0.010849033805264516
standard:0.015069527428030876
usa:0.01804268161400359
politicians:0.027625844185543157
modified:0.024444681307339622
fine:0.01603542860356713
far:0.012323653822383176
are:0.009548188835661765
no:0.011145997387945642
those:0.009187701258849308
religious:0.036350493119902155
not:0.005969406025504603
ones:0.016795197922657705
should:0.008132733377393463
expense:0.027354516282102587
have:0.002530943629443826
systems:0.014853550100408964
try:0.012061335011600954
left:0.014477253383666146
worship:0.0252384568027613
love:0.01619909623852202
netcom.com:0.031871635393278606
disaster:0.027224232577561135
intent:0.024444681307339622
be:0.008591008769368386
union:0.025153101325362758
writes:0.003273576193156249
were:0.015359438588834646
if:0.006635152670924844
whatever:0.016361190983927538
of:0.008663194406394296
trying:0.013348159520140575
but:0.009880443894808072
parts:0.018062846591170103
phil:0.043875785650158344
eastern:0.024669742565145352
they:0.009236827965423204
who:0.006401251852642813
up:0.006650793912635567
good:0.008019850749304452
in:0.0008796024846261905
our:0.011038492192972245
yes:0.013202207279722222
or:0.016690877665917953
and:0.0018900862103504448
for:0.0032212758704165743
subject:0.00013216315293078365
i:0.0009450431051752224
we:0.0066719995332374755
back:0.01042750851518583
any:0.0050657785459841944
the:0.0022388703267001574
do:0.007112058603034621
see:0.008759335452530576
putting:0.019901259935831753
because:0.008736249004428287
push:0.023760768740602903
increase:0.020815572936570728
just:0.005813804769633099
is:0.005320250037438889
applies:0.02357275266107213
lot:0.012270066278541538
their:0.0074934832603055146
hear:0.01640436417949905
trees:0.028627016791953536
show:0.01490133004819224
natural:0.020728260354956337
article:0.004011548912458421
passed:0.021394254874548446
by:0.004903145914936466
tx:0.023451262022873526
john:0.026549291084968767
news:0.015192458000809003
