at:0.04004386420247414
nyc:0.2695944271405858
national:0.14791699659034152
on:0.023045855692694996
united:0.35650199844338337
model:0.33263195559850456
it:0.015584337715453271
peace:0.1750743570642296
observed:0.2317349215526265
one:0.04469595035343739
in:0.008076350086113203
word:0.13949438709833722
subject:0.0012134980405462863
the:0.0034261500454047865
just:0.1067625966787169
here:0.08183640480106345
cunyvm.bitnet:0.2764500130376123
nations:0.4301011467422263
