above:0.00965480861747711
expensive:0.01436200990828684
go:0.006898695928347969
out:0.0041779329754626235
ideas:0.012755296585246349
surely:0.0159096245668405
all:0.013532877030443846
paragraph:0.01758971092175412
where:0.0065512652419636936
continue:0.013858887258515763
funny:0.015960163654454688
into:0.00635036845029215
iastate.edu:0.034086154610690804
my:0.006739108236385115
to:0.006353400383397447
then:0.00565915017650994
legal:0.013401826928487322
beach:0.037663127016792745
make:0.01872426046116706
that:0.006150791231107745
think:0.010210978918642236
r:0.02198737423212149
really:0.01383968612192146
nt:0.00759658033747275
re:0.0013260301516956402
michael:0.010654947523665564
justify:0.06754178776647617
so:0.003623441834698298
political:0.01278289282794867
hypocrisy:0.020961967268782647
this:0.007446559409523674
something:0.007059082684977031
these:0.01762378694786109
on:0.008989518178001595
you:0.005912755206475764
dare:0.017840127826768137
etc:0.00823519144488736
them:0.005198082168554045
taxes:0.01688544694161904
why:0.012622145958539051
more:0.00901715621149451
prove:0.013925171418133325
a:0.0019808569160941775
how:0.004664407791592639
factor:0.016046029818002894
want:0.020134020933108315
test:0.012680495936098123
was:0.0031399330996503033
idea:0.009831121614399845
steve:0.022745771963364442
waste:0.015172269486518933
definitely:0.01509167285149214
rich:0.01609856558319843
are:0.002279827594330587
it:0.009726395169928282
not:0.004275957507630957
should:0.005825574972459147
have:0.0018129454366938044
farm:0.01950104603073528
try:0.008639679689160967
rights:0.01231630999891066
safety:0.014654870160092778
war:0.03762579910184061
determine:0.015469721557372489
poor:0.014012255995373268
netcom.com:0.011415018350074961
prohibition:0.021405808201243666
anybody:0.02155741237526734
be:0.010256405268394882
writes:0.009379608383227834
get:0.00932180124319945
upset:0.0183342963406352
down:0.008384275095578575
things:0.007924560028866132
if:0.0023764199282390397
of:0.0027580224902941652
safe:0.014726031731194937
gives:0.012895476864525196
reading:0.011653624277882945
killing:0.014351215077147735
again:0.008659110418822759
using:0.007817094250513903
beyond:0.013849518430633355
they:0.006616451237643572
who:0.004585293880261874
cheaper:0.01563609361335742
now:0.005857852474745547
good:0.005744715784962762
tim:0.014460671275660244
aids:0.01919249504850255
in:0.004410489054118558
thomas:0.039191542702437236
point:0.007806865110851279
battle:0.017066179011094317
yes:0.00945690025001379
world:0.00894060527919389
use:0.00589638130406861
and:0.004061674622242445
few:0.00810506205995137
usenet:0.014482973860438836
for:0.0034611581160858933
subject:9.46700599007741e-05
i:0.004061674622242445
we:0.009558467416411134
stupid:0.02738784532813158
any:0.0036286782492510896
victims:0.017782931436945856
pretty:0.01020574488269371
will:0.004018813279798881
yet:0.009326484903142425
cost:0.02355324542092823
the:0.0032074596169746933
do:0.010188906651155981
see:0.0062744175936566525
less:0.009747750200696018
start:0.009991354921569193
drugs:0.07691079550689131
would:0.016536341242985392
can:0.009197510557848015
because:0.006257880492533737
once:0.009514295017464206
neighbor:0.017957364926984055
elderly:0.021823478540450695
individual:0.01369392266406579
thought:0.009519809947488342
lower:0.014081498627821338
just:0.01665799380802675
here:0.0127688007491021
people:0.005337848014443679
about:0.006985930356892706
crazy:0.017355817418946328
patients:0.017457870484726624
hold:0.012304186570723475
is:0.005716438870014126
time:0.005601099184055722
keep:0.009395087177751494
lot:0.017578392824577238
their:0.005367672406318134
decrease:0.02082556201762025
matter:0.010712422028016108
supposed:0.012938634792256598
although:0.011204749846648078
article:0.011494083408746114
mike:0.011331248329637247
high:0.009919588034189792
safer:0.04077131801630448
