where:0.03359012360425021
ca:0.03739179265622402
us:0.03745229793063629
legal:0.06871482170606227
that:0.006307356826081396
higher:0.1349772332013779
nt:0.012983246394953426
re:0.006798918232330373
this:0.009545135243116709
illegal:0.07472289319315067
on:0.018436684554155997
used:0.035899336515215735
united:0.07130039968867667
a:0.007617295231889427
operation:0.23485997102740888
also:0.02697267512144666
international:0.07209753855893443
it:0.012467470172362617
not:0.010962000155926634
war:0.12861182238447336
be:0.010517477402499477
which:0.023488951500318503
get:0.02389770864165677
of:0.0035352833739225207
authority:0.0769085872024175
in:0.0032305400344452813
force:0.06498189306935948
subject:0.00048539921621851447
than:0.052021864807980406
the:0.005481840072647658
law:0.10933967728159875
may:0.033836827771633285
is:0.024424784262787626
cunyvm.bitnet:0.11058000521504491
under:0.08826630644020506
going:0.039596648800903314
nations:0.08602022934844526
