some:0.007033354669478038
believe:0.026176769642534223
choice:0.022725076352521346
large:0.018036350119804673
out:0.007097452404099156
there:0.005528789069741852
concept:0.02563766110916135
stephen:0.02452806794813866
percentage:0.027141941703733227
true:0.015561932482878595
environmental:0.0319265398810303
gay:0.026776733138573976
your:0.007589953145670257
ca:0.012388846964411573
themselves:0.03899337610027491
to:0.0033209618315441706
then:0.009613737046842189
young:0.02261479233177221
important:0.01892993549983869
most:0.011184310023897819
positive:0.08000602410210746
that:0.014628508301453841
view:0.08205659645264173
nt:0.004301678022424329
anything:0.013983380423610867
re:0.004505307262387597
this:0.0031625448094663795
these:0.009979734777704474
on:0.003054270031561988
you:0.006696373366370143
society:0.022386935050643663
more:0.0076591507579561804
a:0.010095210548287192
constantly:0.03143450354961905
rent:0.03328682101798026
was:0.010668206434956454
old:0.01595128362856822
immoral:0.03205609533416863
course:0.02947170843253035
weird:0.029657346245138
are:0.015491840520511458
it:0.0020653941550600723
not:0.003631988003469668
should:0.009896458688153493
have:0.012319291883075973
being:0.011721710421235832
only:0.00803335083294751
kind:0.01659955841544012
expect:0.020820608934689084
develop:0.027141941703733227
love:0.01971215325410511
netcom.com:0.019391778160970718
disaster:0.03312828301606837
writes:0.00398350837962387
certainly:0.01852865829672073
if:0.004037050721466321
of:0.010541959458383422
what:0.005544831945762839
but:0.004007730254520544
negative:0.029745937494473518
phil:0.05339101627308425
eh:0.030019807217827477
they:0.011239995475996913
one:0.005923559685395316
difficult:0.022453061909867462
in:0.00321107894990043
yes:0.016065336569300537
and:0.006899953273929937
still:0.012299452302587634
for:0.0019599329091088795
subject:0.00016082504151818252
however:0.014440354844559718
i:0.0011499922123216562
explicitly:0.031034653736698132
person:0.05069628504350333
condemn:0.03328682101798026
actually:0.014724783898199307
than:0.008618080013370248
em:0.057295229726369266
the:0.0009081361566133169
wrong:0.015924229258011208
when:0.007877556884600819
rational:0.030764469603171914
people:0.018135820964736354
is:0.009711058803277007
foolish:0.03537836439137898
number:0.015073884628902159
self:0.025615141096446845
viewpoint:0.03453148517076941
new:0.010385539547491248
else:0.015220194128542511
study:0.022321526195390354
build:0.022479717247098522
told:0.018676022691139337
mass:0.025372823016263056
position:0.020740017814531397
article:0.0048815233754012114
very:0.01050146079387619
behaviour:0.0318627922344608
opinions:0.017202470816385797
mine:0.019670114727710762
s:0.0037375679569639658
