ideas:0.026255428007587376
remind:0.03853103803688465
continue:0.028527052605120038
with:0.008537625938533537
post:0.01885093287905971
my:0.006935870520659133
to:0.008047878307099741
remember:0.020311124354169575
job:0.02533933252035895
look:0.017307797987415406
ten:0.029386782792392912
us:0.015035594059744495
expand:0.039333964279325
that:0.002532150550616619
complaining:0.04104812187843011
problems:0.020022432378772066
think:0.010509109689989454
nt:0.005212252202353566
debt:0.04329253574520355
need:0.014023372200709754
re:0.002729492721008544
started:0.023936093985320477
largest:0.039166157576954935
age:0.030093347634405992
federal:0.02884274591748366
generation:0.06772399584590127
something:0.014530374577835932
on:0.0037007943448123352
regard:0.03350968594506864
numbers:0.025749944532837212
pennsylvania:0.044061590604019804
economy:0.03787693468878474
a:0.0010193460772601423
member:0.02913064177187269
as:0.005840249344649769
adding:0.03448982912484874
avenue:0.03884169215672987
likely:0.024134370838903123
crap:0.03547075752418027
co:0.0333210638196388
it:0.005005188755328058
not:0.008801605964612626
approved:0.03678160115173559
signs:0.03666291121836494
have:0.003731756300347831
being:0.01420294839361422
against:0.018856064176334647
minds:0.0358820928274732
open:0.024123799844915056
his:0.0403889571132538
which:0.018859742080547703
of:0.008515646083171036
implemented:0.03648841836541928
up:0.009806280075564852
policy:0.028005454327878102
now:0.012057769327578424
in:0.0025938642612334376
fully:0.03063980660494741
according:0.02510603069041035
our:0.016275733014455427
and:0.009753948545385142
for:0.004749618436672613
subject:0.00019486829848188537
con:0.04233612507070425
i:0.006967106103846529
we:0.009837546757036277
top:0.02468344690633077
directly:0.02651460091603197
pay:0.04865462864230486
any:0.007469250118896403
reagan:0.0846722501414085
allow:0.05118649155291376
will:0.016544603575230427
the:0.006052031467065389
do:0.005243196488368589
century:0.032611839378371296
would:0.006807661650396905
deficit:0.0878023212559407
curve:0.04184106962297607
thought:0.019595521205778923
address:0.02330526535717964
about:0.0071898991264370184
virginia:0.03562230490701551
him:0.017492812433308816
aware:0.029904359211539264
upon:0.025314420311627273
while:0.03168383220260616
s:0.013586195931153686
