above:0.018648328973483185
believe:0.014881314248837946
join:0.03140825363351542
at:0.01206801386923878
out:0.008069706158085341
uhura.cc.rochester.edu:0.04149938882604638
bbs:0.027719470217504528
andrew:0.02579080930939725
activity:0.030569883897127212
percentage:0.030860015909724075
watch:0.026329889319002393
gay:0.030444778773995065
your:0.025889018263998545
into:0.012265780157413605
sigh:0.038126262215787514
romulus.rutgers.edu:0.0846512158409779
to:0.0037758881098378925
obviously:0.025218445759081894
bigotry:0.03984759391634166
that:0.011880295391591671
church:0.051332545754641204
reform:0.07430492869485526
re:0.002561236320398428
eat:0.030926193381722273
so:0.02799481088725808
this:0.014383080503326547
fingers:0.0778659906734433
on:0.006945326373140957
you:0.01142052717963127
numbers:0.024162619184922587
brain:0.03020122191073146
suggest:0.025146574007603544
theodore:0.03723548736477246
a:0.0038260387009490275
other:0.009447314985150073
amusing:0.038222058393696696
sig:0.03232285221313544
irrational:0.038319213427888174
are:0.008807005227414047
d:0.012478385084774215
it:0.007044974583698053
statement:0.0237890371211836
have:0.007003433056817162
made:0.015928627067931515
only:0.009133809851159497
completely:0.024636942719448426
evil:0.028607354208278087
call:0.01819832943834731
free:0.01977745064468997
be:0.003962063405051173
writes:0.0045291944590243995
if:0.004590071368242529
of:0.005327139330568182
trying:0.018468001527865725
even:0.011501092107986477
what:0.018913193897191052
ignore:0.030827165414768643
must:0.0158730166265719
they:0.01277972088366772
accept:0.02446652034700502
in:0.0012169842595513047
heart:0.02719851104825765
point:0.015079013433288086
or:0.009237143256206648
use:0.011388900874981836
and:0.003922576176275238
for:0.0022284168692607805
seriously:0.026554477146557127
subject:0.000182855869123413
cause:0.021599322831110043
i:0.002615050784183492
person:0.03842732108320343
any:0.007008816892389091
will:0.007762365376049893
ways:0.024440673844377356
repent:0.04165685127964021
the:0.0020650767396960357
do:0.0049199857459349084
can:0.005921684879710365
meant:0.02788807725610286
homosexuals:0.0334264093990488
imagine:0.026970812016893577
10:0.019797066834905234
just:0.008043757284012918
many:0.012693157723137626
is:0.005520670415561587
new:0.011808216197832512
type:0.022195291166655452
study:0.025379269509827385
eating:0.06847826460359509
1:0.013414547204963757
kaldis:0.08180684098100194
tree:0.03541281895930908
almost:0.020698581714140876
words:0.022656569393886127
somewhere:0.02657206204727799
happy:0.02601434992113028
s:0.004249563567506974
