another:0.013521373965784017
king:0.051190896400948725
correct:0.01995254536696005
there:0.011192426653379847
inner:0.10182501738118861
know:0.007523628814989645
defense:0.023928088708828576
much:0.021307278897072335
though:0.015155757326894389
kids:0.10722836660621277
work:0.012348002829209169
wrote:0.015704725455444275
kimbark.uchicago.edu:0.03722823648925405
to:0.003361461366075197
job:0.0846704525680287
city:0.06731315119182424
young:0.022890582482159676
family:0.024027238226339433
that:0.0021152721063077856
think:0.00877895138736924
suppose:0.02350084747336079
re:0.0022801250169400644
so:0.018691657269236342
chances:0.029757657147933693
getting:0.016537814464784674
these:0.010101438860359406
big:0.01692549118211925
on:0.003091517227068841
you:0.006778036456203926
pool:0.03218751348203169
more:0.023257665106476692
jobs:0.030108692829771973
a:0.002554580718011698
dealing:0.05747806936095073
sorry:0.019374491980113564
want:0.023080463020880265
as:0.004878744879372064
granted:0.02870306076506568
college:0.02511899573517471
mind:0.01847351099396425
frank:0.02387911205213794
are:0.003920191351226985
reason:0.016293975146393462
it:0.002090581888658366
not:0.007352561080194694
have:0.0031173817874856884
made:0.028360726242902458
money:0.03780755813084305
doing:0.01634574942173973
be:0.007054405574847211
kid:0.06175581596840858
minimum:0.08966081670570235
writes:0.008064175500214175
get:0.008014475459092209
down:0.05766745309641849
dept:0.02502016762403536
of:0.00474245330648143
future:0.021368941001938112
what:0.01122490369508087
but:0.0040566050137220136
never:0.01343865384671866
fact:0.014623580052614875
latest:0.025404552440565557
up:0.00819183152653893
david:0.015222227069173744
chance:0.021921082487881733
one:0.005995798218144039
in:0.00433365126571928
and:0.0011640165075938716
subject:0.0001627863225123067
values:0.026042355916727246
i:0.0011640165075938716
face:0.02188580238381439
improve:0.028922158382297773
any:0.00623955650176102
will:0.006910398444532222
yet:0.01603700452857417
the:0.002757632963374584
do:0.008759974620810936
thf2:0.03667353052458499
when:0.023920873954458584
drugs:0.05289962032425207
would:0.011373776172004586
holding:0.028089380729823685
because:0.010760501822527524
simple:0.02011700339607464
just:0.0071609058747919875
ted:0.02735679346249403
hold:0.06347159657824426
is:0.004914743174829217
morning:0.02615939522926473
guys:0.023687047009092996
white:0.02072542162085727
economics:0.03628829331957565
their:0.009229778162083622
1993:0.01847351099396425
smith:0.024010600941868673
somehow:0.025927520865915706
midway.uchicago.edu:0.032124325756205184
legitimate:0.027897818557668933
almost:0.018426786160149807
article:0.009882108296543915
give:0.014409977264365895
homer:0.03783850148045517
answer:0.01851384781785888
s:0.0037831480540001117
