taken:0.018936099423900347
land:0.02285420888268814
at:0.0050630173129565005
there:0.0052745918711330315
all:0.005483148451990179
small:0.017176700576241443
damn:0.024723200329670153
54:0.06291554655234496
with:0.006722153756201693
former:0.022936194958313554
my:0.005461001501898283
to:0.0015841369656216446
stop:0.01910317881942895
territory:0.030103047221453686
representatives:0.03138548142440891
us:0.011838370035545954
t:0.014806166982761161
brent:0.09231834539291195
that:0.0059811142316289105
think:0.008274413951313536
quite:0.015265513690283916
nt:0.0082077994450855
re:0.002149083349299831
political:0.02071710216943405
mean:0.01519208078637851
off:0.012548606022737645
getting:0.01558736535761314
you:0.006388494131134734
friendly:0.02976816843913199
why:0.010228290690540267
more:0.007307005895521413
a:0.0008025885780726408
how:0.007559557455339795
dealing:0.02708736602067793
other:0.00792705740133282
was:0.015266571277610096
old:0.030435782555658895
40:0.043959852735917224
local:0.017565422137448
guard:0.03090340393026695
canadian:0.027888895492771824
stuff:0.033602489111191056
dixon:0.037844849795974425
are:0.007389785995416385
no:0.012939606163017354
reason:0.015357539793152459
it:0.005911300512758138
not:0.0034650000492871544
only:0.007664001369363716
rights:0.05988274861539321
between:0.013349803712910377
whose:0.021510238221269937
always:0.01526986263217648
uxh.cso.uiuc.edu:0.10191853051373632
personal:0.01927526132871101
be:0.0033244899835486856
writes:0.007600717138132901
down:0.013588307913523896
coast:0.03077278179763732
if:0.003851439194042582
oregon:0.03375177292510868
what:0.0105797942873176
saying:0.017336524017037006
resolved:0.03482132625633777
again:0.014033730678781713
pete:0.02987764082402104
they:0.0053616070374008255
called:0.015415255723314562
over:0.011528395129421597
one:0.005651212113653003
in:0.004084590848149206
yes:0.015326700405194764
or:0.011626059615570436
and:0.002194238014314884
still:0.011733960242698547
subject:0.00015343078673573735
each:0.014632237915865605
i:0.001097119007157442
dispute:0.12208048067512131
we:0.007745654630540057
back:0.012105498391192744
news.cso.uiuc.edu:0.026354051899386503
the:0.004331913850511799
do:0.004128263901761475
uh:0.02955528756740584
interest:0.020993017222229227
canada:0.02138280225865889
waters:0.035088682668032556
regularly:0.028551167122528052
country:0.03874430009218543
did:0.009447764617488306
fight:0.07344144989205748
long:0.013679949684532096
fish:0.03160514356705373
about:0.022644050122341875
prepared:0.027366069181244655
irvine:0.18788452578788256
beloved:0.03482132625633777
is:0.010808668897900272
either:0.014388291420191714
does:0.007002809277801869
2:0.011197756046525337
hear:0.01904414692102763
matter:0.017361511562646797
article:0.00931417103812185
neither:0.021510238221269937
opinions:0.016411552617931275
especially:0.017961469583318054
nations:0.027190302380255688
vincent:0.0334353374240568
s:0.014262903008184329
