go:0.01473812311965248
at:0.003336988683539512
say:0.0071876703570740285
know:0.009347538830744712
all:0.0036138932979026183
happen:0.012809212977906497
true:0.00978515451574942
anyway:0.011547400839562629
gld:0.08842071541346307
though:0.009414940157616212
previous:0.013156058407927296
such:0.007284156073741661
iastate.edu:0.018205105303437136
themselves:0.012259281122434915
cunixb.cc.columbia.edu:0.0200349375413655
2-3:0.022036926938582894
to:0.004698406227582378
building:0.014395710488025196
front:0.013321783823355809
t:0.009758610056819857
been:0.005557728739475149
that:0.005256130688401164
nt:0.005409685997897261
me:0.004104502577289942
funds:0.03769368145504129
sitting:0.017196195054780143
brought:0.014675730464150256
re:0.001416441298402161
national:0.01232641638252846
escrow:0.017530926685272907
chances:0.01848581731917093
this:0.003977139684631962
getting:0.010273490803881387
federal:0.014967637085966901
on:0.005761463923173749
dare:0.03811300035718648
more:0.009631962316823681
legislation:0.020368152590403216
a:0.006347746026574523
was:0.010062058342061201
as:0.012122941821469977
gary:0.03215665487517165
question:0.008268886679345092
third:0.013836306805560174
mind:0.011475968950795975
moves:0.01954912566438187
l:0.02503758014207093
are:0.004870540769706254
spending:0.01856612871178685
it:0.005194779238484424
not:0.004567500064969431
have:0.0019365553528320183
made:0.008809013454234854
term:0.029527877226624682
only:0.010102547259615808
ve:0.006913385223588767
money:0.011743256692155795
je:0.021032730914290313
stated:0.014704905541279392
second:0.010415514305501009
referred:0.01848581731917093
has:0.008066473287019326
party:0.016078327437585825
hiding:0.022105178853365767
reducing:0.021414566895812906
intent:0.018703884939706834
be:0.0021911411255207246
aaron:0.019150032802041618
breaks:0.020930349579487584
considered:0.013041071807622016
writes:0.002504781784157433
down:0.008955930215731659
if:0.0025384485597098835
end:0.0204866166861781
of:0.005892138956537535
what:0.006973046234822964
but:0.005040024410987957
years:0.008446119026440884
never:0.025044763987066596
again:0.00924950431101522
seems:0.008926087459776811
they:0.0070675729129374525
up:0.015266595117640735
now:0.006257251507114561
one:0.007449325058906231
in:0.003365145869213835
government:0.01019551113112234
our:0.008446119026440884
or:0.0025542100670571414
use:0.006298407302073288
and:0.0028924046552332564
for:0.0024647641129702576
subject:0.00010112483671219052
winnipeg:0.019765634807715007
costs:0.015591866117173619
leaders:0.016752141678972526
mechanism:0.018205105303437136
i:0.0014462023276166282
vat:0.07781100146553457
paid:0.031333258619486035
collected:0.04318155815249622
any:0.003876088129881846
actually:0.009258765632958655
unfortunately:0.013946564700098321
liberals:0.022950419578040802
than:0.0054189442508312926
the:0.006281275083242108
clone:0.02028206073026096
do:0.0054418024159583085
when:0.004953312283499
canada:0.014093210579570631
would:0.010598291433004274
deficit:0.045564083379029834
did:0.006226935770617293
instead:0.0116202057256994
tax:0.11750068354038617
just:0.004448441528279871
here:0.006819700400088622
people:0.005701792197246657
is:0.00508849672141409
clinton:0.0138831677593577
involved:0.0136396861252495
levels:0.017369716024595652
write:0.01232641638252846
production:0.01818058820303707
time:0.00598299231024134
9:0.013488006271306918
lot:0.00938845980403557
their:0.017200950211155842
retail:0.022036926938582894
hidden:0.019344325583812643
domi:0.022174683166502875
passed:0.016369846532798434
thus:0.025237538430881102
movie:0.019213696128997607
by:0.003751649525822599
manner:0.017272335885541838
sales:0.07332051661478142
while:0.016441988680897898
apply:0.015149833278369976
jets:0.019584362000223964
include:0.012733042701684098
s:0.004700274854969836
