happen:0.1352652890466926
that:0.013876185017379073
think:0.05758992110114221
re:0.014957620111126821
anyone:0.06691658998565565
on:0.040560706019143196
a:0.005586016503385581
was:0.035418445364055424
plan:0.15622256789754427
trial:0.18759235232093016
peace:0.15406543421652205
if:0.02680601679053637
what:0.036817684119865246
but:0.02661132889001641
subject:0.001067878275680732
do:0.028732716756259866
judge:0.17449845916716167
would:0.03730598584417504
just:0.04697554253863544
bosnia:0.2046285033523477
does:0.04873955257350101
cunyvm.bitnet:0.24327601147309882
him:0.09586061213453231
before:0.08504777068890577
