some:0.007783579167555695
believe:0.01448447920220227
out:0.007854513993869734
there:0.012237053141028633
percentage:0.030037082152131436
environmental:0.0353320374683402
gay:0.029632918006688533
ca:0.013710323973948809
into:0.011938692686549244
to:0.000918799440060554
politics:0.0326289367476191
discrimination:0.03789478212774241
fascist:0.03810644011650628
make:0.011733869888998025
that:0.01156348751448256
think:0.019196640367047404
gee:0.06751969212546005
like:0.007764260423391155
really:0.013009304954606173
nt:0.01428157103444877
population:0.02630631023256195
me:0.007223924536030299
re:0.004985873370375608
effort:0.027082379244858023
tells:0.02951333333544409
justify:0.0317446402502438
so:0.006812070649232801
consistent:0.03107544568152632
something:0.01327107544775682
these:0.011044239820659617
big:0.018505203692450383
on:0.0067601176698572
you:0.007410653192116292
thereof:0.04054600191218314
them:0.009772394476881607
sure:0.014546960134394691
a:0.0027930082516927903
how:0.008769086648194162
rent:0.03683741525989815
was:0.005903074227342571
as:0.00533409440144679
minority:0.03306865653289775
said:0.014610032191089549
let:0.0153675849516855
acceptance:0.034787517261578416
act:0.024877553753455697
military:0.02581225708487047
weird:0.032820796511286054
are:0.017144303509366014
it:0.004571405729866293
have:0.0034083374209843524
being:0.012972026199500988
only:0.017780483176923823
kind:0.018370177979753734
against:0.03444374389543796
love:0.021814782934542993
netcom.com:0.02146023449814093
his:0.012296193610035045
disaster:0.03666196653778233
writes:0.004408415940117083
showing:0.05725365756834418
of:0.003888811711314773
but:0.008870442963338804
phil:0.05908605800887991
seems:0.01570991392920719
fact:0.015988447524192262
eh:0.033221919987729075
well:0.0224382388020446
75:0.03111300446631469
they:0.006219464163384958
who:0.008620352494892323
cares:0.033759846062730026
up:0.008956402469015898
policy:0.025578314952795337
president:0.02510305439447999
in:0.00118453134596327
force:0.02382669412543181
and:0.002545316096605266
still:0.013611393881530315
subject:0.00017797971261345532
i:0.005090632193210532
actually:0.01629542751400723
em:0.06340672089718198
the:0.0035175140466155806
do:0.004788786126043311
uh:0.03428413357819078
see:0.011795905076074508
when:0.00871782961895824
putting:0.02680036338025343
would:0.006217664307362507
tries:0.03440646116931209
homosexuals:0.03253503848174084
10:0.019269145052641098
people:0.010035154267154118
many:0.012354673517187291
about:0.006566774535479144
is:0.003582301691875519
new:0.02298666086511396
figure:0.024616650893831693
study:0.024702488989565327
does:0.008123258762250169
lot:0.016523689255102607
1:0.026113651892329448
first:0.012517032195940275
article:0.0054022192021106735
difference:0.021381025645562577
practiced:0.03768963773663071
opinions:0.019037401036800284
despite:0.02842247051023207
mine:0.021768260298666575
