some:0.008981052885641187
believe:0.016712860617925696
out:0.009062900762157385
there:0.007059838350593442
small:0.02299035307896932
environmental:0.040767735540392536
case:0.019012393133128892
ever:0.020334015821768157
your:0.019383572648942502
with:0.0044986721291503644
damage:0.03422671427822055
ca:0.0316392091706511
from:0.0065120942648475046
to:0.0021203064001397397
that:0.013342485593633725
like:0.008958762026989794
nt:0.0109858238726529
along:0.026876626239547962
re:0.005752930811971855
this:0.004038326449010915
he:0.01223179390400181
these:0.012743353639222636
you:0.021376884208027764
asshole:0.09155815545246779
more:0.009780146352467123
a:0.0032227018288762963
other:0.010610061444860854
rent:0.04250470991526709
was:0.006811239493087582
as:0.006154724309361681
weird:0.03787014982071468
far:0.01914906209324155
mind:0.023305044638539517
are:0.019781888664653094
no:0.008659582586019307
it:0.002637349459538246
not:0.004637769296738192
have:0.003932697024212714
ve:0.014039489992518726
kind:0.021196359207408155
arguing:0.03928386118558875
war:0.027206347042869367
love:0.025170903386011145
netcom.com:0.024761809036316456
his:0.01418791570388659
disaster:0.04230226908205653
noticed:0.03120156170118712
writes:0.005086633777058172
of:0.002991393624088287
even:0.012916611136661737
but:0.005117563248080079
ingres.com:0.045779077726233894
phil:0.06817622077947681
oh:0.04968794129448421
eh:0.038332984601225854
well:0.012945137770410346
edited:0.04271262277978956
they:0.007176304803905721
comment:0.030227672283713564
in:0.004100300812949781
point:0.016934892009692774
total:0.028161657660033857
use:0.012790611751902678
and:0.005873806376781383
still:0.015705454478688825
for:0.0025026835608621075
subject:0.00020536120686167922
i:0.004405354782586037
we:0.020734521626368768
stupid:0.0297052783943581
actually:0.018802416362316037
than:0.01100462524784201
em:0.07316160103520998
the:0.0028990500384194345
see:0.013610659703162893
when:0.020118068351442094
agree:0.023204270607418764
did:0.025290939129891776
vietnam:0.045779077726233894
an:0.006906908758167206
people:0.011579024154408596
about:0.007577047540937474
language:0.03136853307489376
ignorant:0.07690635870865296
article:0.006233329848589239
opinions:0.021966231965538787
sign:0.033336246660715815
stands:0.036773118226877434
mine:0.025117223421538357
garrett:0.04930087075412221
s:0.009545173551631052
