another:0.011986515299397723
expensive:0.02189236104938859
choice:0.020391149591992126
grass:0.03464385512451831
all:0.005157123408898872
adult:0.03024110897552256
coffee:0.03081062527637568
case:0.013360060039495978
hand:0.017066159218663102
continue:0.02112543895622403
with:0.006322458127454566
someone:0.011910584403583892
such:0.010394687586312425
iastate.edu:0.02597917729787786
to:0.0029798900758720667
then:0.008626380269058397
legal:0.04085746155495595
t:0.027851600594599374
beach:0.028705410320906902
make:0.009513948558647048
that:0.0075006405499346345
think:0.031129687081698495
r:0.016757944685022324
crimes:0.026651056847486383
nt:0.007719768126729066
rob:0.0237874740108067
re:0.0020213000150171383
so:0.01656990157921492
anyone:0.018085564860988015
political:0.01948527447287311
hypocrisy:0.031952836593495716
illegal:0.022214914192558312
merely:0.022059724431031658
something:0.010760331444127151
on:0.0027405882445367025
them:0.007923563089363464
state:0.014366018307787115
beat:0.0234915252823126
more:0.006872535274706626
a:0.004529202570312633
factor:0.024459353560415224
other:0.007455718853145464
test:0.01932918839989011
immoral:0.028763847705254017
alcohol:0.029065904237115945
definitely:0.023004604022274507
smoke:0.027418463665164153
morality:0.023360213430588035
act:0.04034197905965789
rich:0.02453943510519977
are:0.003475196657303922
it:0.011119635559134226
not:0.00651794603865908
ones:0.018338540434469495
should:0.01776013126738897
sex:0.023381878411115272
have:0.0027635168278251506
ve:0.009865587562310455
hurt:0.048760882262223394
safety:0.022338775054844127
poor:0.02135922265240682
be:0.01563408803074247
writes:0.0035743913027976343
kill:0.019970984360018304
upset:0.027947413881400686
down:0.012780354470017071
things:0.012079599611568917
if:0.010867304104271502
of:0.003153090576741708
safe:0.022447248368632284
they:0.005042808781122939
up:0.007261947947850728
now:0.008929267015558077
good:0.008756810007348645
clear:0.017825679687495207
in:0.0038417232842051998
clearly:0.01964600203472651
yes:0.014415383083804805
or:0.01822463399197528
rape:0.02765250045301996
use:0.017975994894565927
and:0.005159424520145809
for:0.0035172850044548542
subject:0.0001443078750919908
outside:0.01948527447287311
i:0.007223194328204133
imo:0.02859039735632699
person:0.015163213184182978
don:0.024100569403956457
cost:0.035902784911901416
the:0.0032594724756283373
do:0.003882799561656739
less:0.014858732738358258
drugs:0.046894798557715354
would:0.020165397753608132
neighbor:0.02737284815897029
an:0.004853503451685064
lower:0.02146477088132766
just:0.006348046289004789
about:0.01064882357104726
is:0.0014522844696792643
done:0.014317100277949722
else:0.013657039055881389
keep:0.014321159914194168
lot:0.026795171765031253
their:0.008182073613955211
supposed:0.019722675737385734
although:0.01707967273921491
article:0.004380177731441086
very:0.009422932388018635
high:0.015120669327792009
manner:0.024648090128557
safer:0.03107435589350774
s:0.003353709626248748
