at:0.004894250069191284
out:0.006545428328224777
there:0.010197544284190528
all:0.01060075367384768
where:0.010263648879076454
way:0.00962429344192524
faces:0.030202117529204334
into:0.009948910572124369
iastate.edu:0.0267008211117078
to:0.006890995800454155
then:0.017732003886397812
beach:0.029502782829820984
next:0.014879889020828752
make:0.009778224907498355
that:0.007708991676321707
vice:0.029937517257041805
think:0.031994400611745674
r:0.01722344314849517
like:0.006470217019492629
really:0.03252326238651543
nt:0.011901309195373974
me:0.006019937113358582
re:0.002077447237656503
michael:0.016692751120409386
political:0.020026532097119583
hypocrisy:0.03284041538775948
this:0.0029165691020634392
parties:0.027190780623015914
student:0.02235009706760373
these:0.01840706636776603
on:0.002816715695773833
you:0.009263316490145364
them:0.008143662064068006
state:0.014765074371892313
why:0.009887347667522257
prove:0.02181610188840888
a:0.001551671250940439
how:0.0073075722068284684
j:0.016967381441827016
want:0.03154329946186969
test:0.01986611029988706
as:0.004445078667872325
running:0.016819224513592787
idea:0.030804181058452847
listen:0.02372747983524038
waste:0.023769888862213
definitely:0.02364362080067102
are:0.007143459795569173
it:0.009523761937221443
not:0.0033495000476442493
should:0.009126734123519331
have:0.008520843552460881
determine:0.024235897106550233
party:0.023581546908459212
listing:0.031081139780398188
be:0.0032136736507637296
writes:0.0073473599001951375
get:0.01460415528101247
things:0.012415144045223609
if:0.003723057887574496
of:0.003240676426095644
year:0.013748670645609178
using:0.012246780992471782
well:0.009349266167518583
groups:0.0204432533249244
they:0.015548660408462395
good:0.018000109459549992
president:0.06275763598619997
in:0.0029613283649081745
thomas:0.02046669452238389
battle:0.026737013784047768
yes:0.014815810391688273
use:0.009237664043040822
and:0.005302741867927637
for:0.0018074936828448556
subject:0.00014831642717787942
i:0.005302741867927637
we:0.022462398428566167
ol:0.031492850736807756
body:0.019720450687080844
sick:0.024951345939138704
established:0.025742301387108955
cost:0.018450042246393784
the:0.002512510033296843
do:0.01596262042014437
start:0.015653122710458402
drugs:0.04819743185098522
would:0.00518138692280209
can:0.004803144402431741
country:0.018726411711222957
neighbor:0.02813320505227502
lower:0.022061014516920097
just:0.006524380908143811
makes:0.015516543790288747
here:0.020004454506926624
people:0.008362628555961763
many:0.010295561264322742
about:0.010944624225798573
is:0.0029852514098962658
time:0.008775055388353966
2:0.01082449751164116
their:0.008409353436565077
run:0.014871302379929972
article:0.009003698670184456
u:0.021009130464405643
bad:0.015225561370813245
by:0.0055024193045398115
mike:0.01775228904976502
safer:0.03193753244610518
s:0.006893736453955759
