some:0.005808641169817682
freedoms:0.030873205188033073
at:0.004382910509723537
stations:0.05459096095354668
all:0.004746606122618364
true:0.012852143244566402
take:0.010575866320078127
your:0.006268319513339614
much:0.008692521739104135
c:0.025732315377402584
decision:0.020919133000931775
such:0.01913449953699302
arguments:0.020694132513345034
from:0.004211802260846644
to:0.0034283561196289327
w:0.015394730622036586
h:0.01757802051887819
us:0.010248141224800975
legal:0.018802563153400124
enough:0.012100241427549235
bunch:0.020180114533106096
that:0.010355361953267965
think:0.007162925510092314
counter:0.02686790619915779
like:0.011588448393121125
nt:0.010657888831678187
could:0.015016011495781665
its:0.010287684358378955
re:0.0037208010226683634
political:0.01793420784816679
hypocrisy:0.02940932721291894
this:0.00783555878166297
these:0.008241970015417625
big:0.013809853501828643
you:0.011060676406143718
american:0.01605490157904585
possibly:0.01928832668356886
tell:0.011990174396131606
etc:0.011553850683871818
letters:0.023332382129468924
why:0.017708682389592105
more:0.0063254677901528646
a:0.0020843345161886493
how:0.006544094513577733
other:0.013724457590367271
y:0.021210798888232886
test:0.017790546537212293
steve:0.015955989287733265
are:0.006397128175136572
spending:0.02438536308413795
gas:0.019742137669995035
it:0.008528742033332636
have:0.0025435353887942927
only:0.006634508648105903
hurt:0.022439709498784394
second:0.013680078490807296
netcom.com:0.03203020074349392
humor:0.02762507940981414
be:0.008633750106529423
writes:0.0032898626418784195
get:0.006539174006423494
kill:0.018381254261708387
were:0.007717926853096016
making:0.015296553188419918
if:0.006668163380730441
of:0.004836830486709917
even:0.00835402710331356
ryan:0.044228235830878405
nature:0.018967239513730198
sticking:0.02931271982059505
oh:0.016068239722096884
please:0.00952942963634455
find:0.031588757278707316
up:0.0066838824395641025
good:0.008059750504276115
over:0.009979804738902278
in:0.0044198930819525
thomas:0.018328383154373632
or:0.003354783371657141
rather:0.01280340125827295
use:0.01654506992783431
and:0.007597958497329151
subject:0.0001328206810548174
however:0.011925865195009518
drunk:0.02971094224683155
i:0.0028492344364984316
skills:0.027232102239074685
plain:0.022635798894510152
we:0.02011558068229806
silly:0.09298739119368916
stupid:0.01921236911077887
drug:0.06391669808217172
driving:0.02083138602836408
allow:0.017444152593903445
lives:0.0193654619399667
than:0.007117419314524682
the:0.001500005990027966
do:0.007147441979169121
magnus.acs.ohio-state.edu:0.04578461082051135
drugs:0.043161879269539
would:0.004640047990569035
can:0.00860264669092252
thinks:0.02253678817651366
country:0.01676992093542354
neighbor:0.025193914972186583
put:0.012375419400730244
bought:0.018224297258052042
problem:0.021050400915876462
just:0.011685458342944138
people:0.022466763284673393
is:0.005346718943097789
save:0.01802243896727012
dollars:0.022813955375588318
first:0.009341068802940503
sold:0.02043048808478528
every:0.02420048285509847
article:0.008063013734493541
very:0.008672848217828096
already:0.014456648364663439
by:0.004927539675707294
black:0.017559961971362874
s:0.00308674766595034
