wilson:0.07449358415823008
mark:0.0448302084222715
know:0.018416046651616443
gay:0.06634235374631761
my:0.014182302407914944
to:0.0020570136717773593
hunt:0.08793815946178515
day:0.03795974680243092
civil:0.06228685790358975
been:0.04379822051407281
that:0.010355361953267965
quite:0.039644766897155244
nt:0.010657888831678187
me:0.01617296537917231
re:0.005581201534002545
so:0.015250904438580896
bashing:0.08976804486614832
you:0.00829550730460779
vs:0.050994208135273764
a:0.0020843345161886493
was:0.01321583782240874
evidence:0.09605098610486797
nc:0.15635612586665495
mind:0.04521874332850951
should:0.049039168424879986
have:0.015261212332765757
rights:0.05183879730884785
sufficient:0.06828719766354784
feel:0.04546681618277877
regardless:0.06753702102502711
be:0.008633750106529423
which:0.019281975112201758
writes:0.009869587925635259
of:0.0058041965840519
but:0.009929600332095676
they:0.013924173500115577
now:0.024655438774302152
in:0.007955807547514498
thomas:0.05498514946312089
ncratl.atlantaga.ncr.com:0.18370808801215213
for:0.004855953177792149
subject:0.0003984620431644522
i:0.0028492344364984316
everybody:0.06086431790651028
sad:0.07061362110693267
the:0.0033750134775629237
do:0.01072116296875368
would:0.013920143971707105
because:0.026339138789470355
about:0.0147017340346548
else:0.03770973470653816
verdict:0.08976804486614832
convicted:0.17366414065032487
article:0.012094520601740313
