king:0.1376279837664851
all:0.015640456240103136
ca:0.03371391141134953
to:0.002259342885394805
officers:0.07868320140330798
civil:0.13682686818165618
that:0.005686961072696341
think:0.02360242668079599
michael:0.04925729838809327
so:0.01675099339975279
la:0.14289519570591405
federal:0.06477797033926659
you:0.009111458842765933
theodore:0.08912100254519312
santa:0.08636703973799427
a:0.002289351025977697
timothy:0.08343459362974867
calm:0.09723077700152274
far:0.04080947659215413
police:0.06025547396119167
flame:0.06881399188324255
trial:0.07688211160693859
rights:0.1138753908096002
against:0.042348865445210604
get:0.021547114349034793
ave:0.08570458828983235
of:0.003187550583044896
lawrence:0.07775793401142352
now:0.027080563899643348
rodney:0.1971953772469488
in:0.005825563996540672
thomas:0.06039352482014918
mid:0.09424189902129397
for:0.005333587916591377
subject:0.0004376550310166934
i:0.003129487004022868
will:0.018578776145955482
eyes:0.07084654892883256
the:0.0037069820163396047
wind:0.08301601490835252
accused:0.08994084550543346
irvine:0.08932215160407532
is:0.013213407879868716
expected:0.06802243055275957
history:0.05444274761230952
verdict:0.0985976886234744
mike:0.10476760750680995
four:0.05750895329545859
s:0.010171086571410137
august:0.08194939862397446
