taken:0.03660979221954067
large:0.01663352288826431
at:0.004894250069191284
out:0.006545428328224777
form:0.03792645471646551
with:0.009747122946492456
though:0.01380857889783711
such:0.021366857816308874
times:0.015613756341627927
my:0.005278968118501674
to:0.0015313324001009231
experiences:0.026250592167245988
crime:0.022284544029097315
civil:0.04636910532822793
that:0.009636239595402133
crimes:0.027391363982138782
population:0.021921925193801622
acknowledge:0.03175536676375523
its:0.011487914200189835
account:0.022637663370707002
re:0.002077447237656503
behavior:0.04720432247687994
this:0.0058331382041268785
discuss:0.02484701319107428
federal:0.021952534392751456
amount:0.02065787228681571
you:0.003087772163381788
numbers:0.019598568894437212
am:0.009079646426118698
united:0.06535869971462029
officer:0.027904549093977757
more:0.007063439032337366
a:0.003879178127351097
want:0.010514433153956565
was:0.004919228522785476
as:0.004445078667872325
denial:0.06464165235317648
said:0.024350053651815914
let:0.012806320793071249
also:0.008241650731553148
are:0.007143459795569173
place:0.015107931207313475
recognized:0.027771740644791345
police:0.02041991062018162
18:0.021481941629017218
it:0.0038095047748885774
not:0.0033495000476442493
guilt:0.031081139780398188
should:0.018253468247038662
have:0.002840281184153627
1981:0.030479953199063565
area:0.017824816914774153
recognition:0.06315797021290401
42:0.027035370333891435
relation:0.031161077210687633
rights:0.019295552331626702
states:0.057547662257594716
has:0.011830827487628344
glad:0.025772742863579095
be:0.006427347301527459
outright:0.03212587439985897
neal:0.06635443768459047
recognize:0.04974582652776868
of:0.009722029278286934
loss:0.02364362080067102
magpie.linknet.com:0.03617164384636572
now:0.00917730221043469
in:0.006909766184785741
citizen:0.027112532068117364
and:0.007423838615098692
for:0.005422481048534567
subject:0.00014831642717787942
al:0.021166745448456842
i:0.003181645120756582
improve:0.026351299859426858
will:0.006296140805018247
community:0.022603049205425694
the:0.0037687650499452652
when:0.007264858015798533
views:0.022500482189649385
level:0.019558528681076385
can:0.009606288804863482
law:0.016704672918022034
because:0.009804012771636188
liberties:0.03092463490836099
regards:0.022940931094509242
engage:0.032222495192702684
just:0.006524380908143811
people:0.058538399891732346
immediate:0.026664862697787704
constitutional:0.029937517257041805
collective:0.03306266724672448
et:0.07582992629660901
white:0.03776632384245102
violence:0.02615167758594873
their:0.03363741374626031
unless:0.01710034125411384
nothing:0.014193644452782827
commit:0.05797919543596402
majority:0.022904381255075674
citizens:0.02270754549407845
black:0.019608624201355212
s:0.0034468682269778797
