taken:0.014080689315207952
believe:0.009284922565514277
trash:0.09716610801985233
sleep:0.02103897212261927
out:0.005034944867865213
entirely:0.01776121814607356
all:0.004077212951479878
bloody:0.02526185799058422
damn:0.018383918193857294
own:0.009685857416871776
with:0.002499262293972425
way:0.007403302647634801
former:0.017055119327976747
though:0.010621983767567008
hitler:0.021824367325327085
my:0.008121489413079499
to:0.004122818000271716
remember:0.023783111423258396
stop:0.028409855680176392
us:0.026408671617756358
might:0.009090107418283958
sooner:0.04667584416963377
die:0.01610151440783055
bunch:0.017334200945103958
that:0.010377488795048451
think:0.02461107739365052
quite:0.011351279410723938
european:0.018937839105410227
through:0.01012591151292661
could:0.012898368848940663
anything:0.009919833975723949
re:0.0015980363366588485
so:0.008733423909272823
had:0.013114602441727652
this:0.002243514693894953
two:0.007969185609629536
these:0.014159281821358486
brown:0.019848732355791484
you:0.0023752093564475296
etc:0.009924461484864255
united:0.016758640952466743
them:0.006264355433898466
europe:0.03515385144912358
came:0.012900541591786099
m:0.0058496355218635564
why:0.007605652051940199
more:0.005433414640259513
a:0.002387186539908368
how:0.005621209389868053
other:0.005894478580478252
same:0.008299544233028259
as:0.017096456414893556
question:0.009329000356184208
are:0.0027474845367573743
no:0.00481087921445517
those:0.007931263479861369
care:0.01352998692852093
it:0.004395582432563743
not:0.01288269249093942
fate:0.02403244742455097
should:0.007020564710399487
have:0.00436966336023635
gut:0.026519291635874565
safely:0.024291527004963082
states:0.014755810835280698
craig:0.019508486082438103
has:0.004550318264472441
greg:0.037429646132439515
be:0.009888226617734553
which:0.005520907403921017
writes:0.005651815307842414
understood:0.020483950407143146
if:0.0028638906827496125
end:0.023113106004918886
of:0.008309426733578575
produced:0.019618918694335057
helped:0.02011667506611441
what:0.007867026521338728
canadians:0.02463915794280049
but:0.0028430906933778217
tend:0.018203436298031343
europeans:0.048583054009926165
never:0.009418543721631882
surprising:0.02328483439251536
they:0.003986836002169846
who:0.01105173396781067
called:0.011462626050669803
over:0.008572396378287855
one:0.0042021833665624895
rest:0.013959960826806877
in:0.002277944896083211
or:0.008645018688501094
force:0.015273521875276802
world:0.03232372677862406
and:0.0024474193236589093
few:0.029302916678285724
for:0.0013903797560345043
subject:0.00011408955936759957
i:0.003263225764878546
games:0.028460429842809623
felt:0.01929583005868142
exist:0.015540702888017545
later:0.02731121392271542
the:0.004831750064032391
do:0.00306973469618161
gods:0.020708923627166316
less:0.011747288703402897
would:0.0159427289932372
can:0.003694726463409032
because:0.0075415482858739915
americans:0.0366018698419274
wars:0.020594956759293834
put:0.02126033589356222
an:0.007674343064630229
insane:0.02478653476361745
long:0.010172270278241817
people:0.02573116478757466
many:0.007919662511017495
about:0.004209470856076375
beloved:0.02589278106240501
today:0.012133018229907493
nation:0.01915302665304106
first:0.008023738587141203
article:0.006925922053988043
u:0.01616086958800434
opinions:0.012203462203077104
thus:0.014236560140497033
before:0.009086300287276259
seem:0.011793643396990334
god:0.03401510553557981
millions:0.0203491283655409
s:0.0026514370976752923
