train:0.10802803426795024
some:0.018171780157717574
dallas:0.04300087384423908
inexpensive:0.021298258949626506
at:0.0034278794258927278
out:0.004584346689029027
say:0.007383443479640247
there:0.003571124457498628
ever:0.010285688937081169
with:0.006826778717387712
apparent:0.018829393371889394
from:0.006588110929417709
wrote:0.010021692508532534
my:0.003697331756149032
to:0.002681321323133912
then:0.006209651166442814
politics:0.01904412650639247
heavily:0.02139803494423093
make:0.013697124384044386
that:0.005399293781081351
think:0.022408529611339382
provide:0.01313990536297048
through:0.009219701533170532
nt:0.005557031530913918
suppose:0.014996649749537624
cs.utexas.edu:0.02105946927501058
asking:0.01395110044606379
need:0.029901976521357763
re:0.0014550214115882122
so:0.007951833442684204
this:0.010213666116175467
posts:0.015653764483146582
personally:0.015248422587963039
on:0.00591839095610066
enterprise:0.02404489788479139
you:0.0021626419821351044
society:0.014460043651388513
am:0.0063592854346356635
them:0.005703732184950354
ta:0.01796635692143125
state:0.010341297225449868
posted:0.013281637838450955
economy:0.020191206429429998
a:0.0027169340969774225
air:0.014996649749537624
other:0.0053669571510969296
nor:0.01344178598044904
was:0.0034453740626513058
idea:0.010787456401792826
private:0.013811988808072185
services:0.031102425116445984
houston:0.03915109764317989
question:0.008494109273724142
rich:0.017664573908412286
based:0.01175448642762857
travel:0.019905496435053276
role:0.01717414308780775
are:0.005003201413239109
brian:0.014537266594469956
those:0.01444292337966973
hoping:0.018625893374212936
it:0.006670339099999455
not:0.004691906681525019
should:0.012784530289754705
texas:0.046321046751000024
probably:0.009288808229685636
only:0.005188856958246251
rely:0.019575548821589944
keith:0.015332556689181584
money:0.024126223865596343
between:0.009038388506017143
whose:0.014563351947474587
providing:0.03589098665888285
public:0.03459624044428709
without:0.008744009668492198
be:0.0022508220122080596
found:0.010406694572984425
writes:0.002573005412519698
get:0.01022859124740173
certainly:0.011967927148854635
tech:0.017645263444046023
of:0.003782890769761452
short:0.01347462204521894
opinion:0.025753397389787464
what:0.0035814867820880593
but:0.0025886506702350594
supply:0.015711927757216124
who:0.005031334140987736
up:0.005227472258180485
net:0.012899387100772305
now:0.006427682482016515
david:0.0194275894112412
good:0.006303540277663421
in:0.00207408212328199
government:0.02094641975576885
tactics:0.02105946927501058
speed:0.02613591569560919
or:0.005247559982125178
weeks:0.014165622121918717
and:0.00519957568372671
few:0.01778698444285048
for:0.003797846648779074
subject:0.00010387920969656924
i:0.007427965262466729
becomes:0.016753953834640064
we:0.0052441397109492995
stupid:0.015026016308430167
ago:0.011132940565621183
any:0.003981662514742441
impossible:0.016016547295462393
necessary:0.014026364892924222
will:0.008819496847496376
the:0.0038127584162870386
do:0.016770068145676966
thing:0.01761815124610861
when:0.00508822740406123
can:0.003364070009485266
proposed:0.01717414308780775
goods:0.046473925226561415
agree:0.0117375687897449
push:0.01867577932140773
individual:0.015026016308430167
tax:0.017243013037610867
here:0.007005450994643564
people:0.011714187860491186
about:0.007665495566707172
general:0.03441747505549671
is:0.00627251269005441
deal:0.012826128372608984
discussion:0.013376933636148605
either:0.009741489132736801
provided:0.015711927757216124
dollars:0.017842821130323937
whatsoever:0.020228441647391675
primarily:0.018479961874374593
very:0.00678304471511069
bad:0.010663817302515113
going:0.01694798197704033
somewhere:0.015095412680554813
high:0.021769057008883434
bullet:0.021659277367723648
editorial:0.022568284570764523
s:0.002414148952747153
