hmmm:0.10799789302869306
know:0.026823372296919605
all:0.02074060501404981
previous:0.07550433521071317
bet:0.09377546336977412
cleveland.freenet.edu:0.09309606025011968
re:0.008129141364742838
this:0.0114126617037265
on:0.011021930983462824
you:0.012082586726276563
a:0.006071757068897369
same:0.042219420663665484
as:0.017393786091674312
old:0.05756332787700704
broward:0.13272675617907964
get:0.057146694577874885
again:0.05308411169800039
eh:0.10833234778607306
together:0.07736883133587458
now:0.035911182562570525
in:0.003862602215097619
and:0.00414997189663902
subject:0.0005803686280873543
i:0.00414997189663902
we:0.029298780558999347
boss:0.24994590609995354
program:0.060361596356175544
the:0.006554373999904809
can:0.018794912879080725
paul:0.14239228222213293
clinton:0.07967731061892244
new:0.037478251410511886
words:0.07190998111972553
article:0.017615932180795674
little:0.050985623954314434
meet:0.0932639308173786
side:0.07000791475154768
says:0.055674494444077564
s:0.013487745236000399
