another:0.009683429390343138
okay:0.018802472207434483
incredible:0.04849468088535058
health:0.018193653276212886
go:0.008495337344079158
at:0.007694017576021232
out:0.010289756323846811
raise:0.041163333516139385
damn:0.018785313787609635
means:0.012378145067418134
take:0.018565494588084746
watch:0.016786741661896722
cnn:0.02270178822436533
own:0.00989733901986024
from:0.011090466215242475
often:0.013569084664972515
reduction:0.02443059022040032
my:0.012448221764152417
to:0.004814669554902466
everyone:0.013351584093943682
then:0.006968909824348485
ii:0.01603231355943283
hang:0.023189960302916056
t:0.011250100676857824
class:0.05198475552404806
that:0.0045446020799276435
like:0.005085760102657961
its:0.009029801554734367
yup:0.025405016208671978
me:0.004731828298709802
rise:0.021660692052116425
package:0.0169749477426035
national:0.04263109945398489
had:0.00670047373660321
this:0.002292499730879559
programs:0.015428742900849416
on:0.006642037011868426
you:0.00242706982274551
am:0.007136839985595483
taxes:0.062380297434976896
working:0.013836414893915315
seeing:0.017503448320779158
3:0.010224742116321482
bill:0.027035055682897092
m:0.005977356821467564
more:0.011104096295377518
sure:0.00952857650724543
a:0.001219654258381131
was:0.0038666425069929502
1,000:0.02548369963881468
broward:0.02666126980016447
l:0.014432142265298526
taking:0.014877511066164214
d:0.00795565162610059
care:0.013825401490279025
yeah:0.034534693835704386
it:0.005988741130829204
not:0.005265589594549911
cool:0.020047279364517043
being:0.008496960392686236
per:0.015444651159707497
amazing:0.021403746637169117
has:0.004649670191644327
feel:0.01330251827181737
quit:0.021969065708072555
free:0.01260920434115605
glad:0.02025805115914514
sun:0.015844944559383584
be:0.010104126762226573
get:0.005739624346249442
predictions:0.0456592129753692
down:0.01032474051071248
if:0.0029264210470017872
of:0.0016981710529758833
raised:0.03951947955176258
kept:0.01744006822084792
gotten:0.018819698313508788
sit:0.02033063142655143
saying:0.013172730039146022
oh:0.01410356412288853
seems:0.01029033663485187
well:0.007348768166608492
easy:0.01447022517143584
they:0.00407388482317792
who:0.0056465191014578526
now:0.014427199981469381
in:0.0023276816842072987
1990:0.01865042083119331
gon:0.020875569299100723
logo:0.02475420581932487
5:0.02269757979840771
or:0.0029445915183540844
total:0.015986967230586905
watching:0.018600891239036393
and:0.0016672376178637112
for:0.004262212177887432
seriously:0.01692992866112376
subject:0.00011658059778173928
i:0.008336188089318556
propose:0.02407147188748778
we:0.01765603369930965
back:0.009198064279770905
pay:0.02910779093447933
pretty:0.012567773174321513
predicted:0.02436864858288086
will:0.039591453097057965
the:0.0036206476462356256
when:0.005710368746042515
deficit:0.052528026253554044
did:0.007178650844729106
na:0.019031892877861913
increase:0.018361335079420466
mad:0.022961279143451793
7:0.013936805803193474
tax:0.07740531616883829
just:0.005128334338278978
makes:0.012196409966165826
here:0.007862012688311772
address:0.013942451327221007
middle:0.052625768058610245
clinton:0.04801514788389213
new:0.007528382379404134
time:0.006897423449361195
man:0.012655237287315279
dance:0.02617009956686015
20th:0.025251779004255955
1:0.008552506078273837
pm:0.02270178822436533
e-mail:0.012007405138219504
very:0.007612412627875315
ass:0.021280729707183546
iii:0.020186657543417936
already:0.012689023237106337
movie:0.022150287240416452
lake:0.023237169543545818
by:0.021625228707798386
wish:0.016314748972833092
sales:0.06339503183286778
news:0.0134012074941634
