since:0.016813627087425894
read:0.019050445898301863
believe:0.01825774689353227
all:0.008017376728120093
your:0.021175331465231303
ron:0.03560754904390786
microsoft:0.03579499238436415
lincoln:0.04904006064948371
from:0.007114052558236769
password:0.04713440250356112
to:0.006948903328189063
remember:0.023383395264884303
us:0.017309885598193242
day:0.021372294418175394
willie:0.050915216542880434
need:0.016144554550396942
performed:0.04168318050365262
re:0.0031423571662031135
so:0.00858664367550353
anyone:0.014058107139843623
fixed:0.038107837858149814
this:0.004411617129171588
these:0.013921310698310442
on:0.004260578363355377
brown:0.039030280430716026
set:0.022263988101898495
you:0.00934115948586087
mvp:0.1466659339105685
backup:0.041941765870600126
a:0.0023470657577250335
hard:0.022724650441811
as:0.013447296810370057
oops:0.046546515204343386
let:0.019370905401284243
plus:0.03004957860487118
cd:0.03750590797462667
van:0.07706899210913028
are:0.010805233304222277
permission:0.04200767492489447
it:0.014405690325208907
not:0.005066470660302226
ftp:0.03187703317049643
desk:0.04499549607385624
binary:0.045090450319687614
facts:0.034034342807873014
has:0.008947684654508832
netcom.com:0.08115214726187746
restore:0.04750794672684543
stats:0.039030280430716026
get:0.011045159456227919
of:0.0032679090011048513
distortion:0.051306141044013986
forgot:0.04033340576135955
latest:0.035011315968510516
utilities:0.043447660235790976
well:0.014141747144145754
who:0.010865990539780237
login:0.04632241228768657
now:0.013881633595615497
one:0.008263116872064054
in:0.0014931067386091635
un:0.043932604081342634
economic:0.03853449605456514
or:0.005666482837841053
and:0.0048125724515645785
few:0.019206953789128456
subject:0.00022434417556317895
i:0.0016041908171881927
face:0.03016194614239966
mention:0.03171995642249515
any:0.008599052657889137
ways:0.02998603681747138
the:0.0025336235629884133
do:0.006036285032827703
when:0.010988860864233074
can:0.007265260440653053
anonymous:0.038191454083806683
slick:0.048308872607554044
put:0.020903019323922512
here:0.01512941937498652
about:0.008277446893461105
interested:0.024177111053906887
is:0.002257753167148436
guys:0.03264433369320379
disk:0.029419991460503205
gang:0.04725708149029349
savings:0.0523712814275362
comes:0.02541324653147489
mike:0.053704403848028624
s:0.020855001037177086
