some:0.004439303707731384
king:0.03192131942872848
large:0.06830496090998271
out:0.004479760833005551
say:0.00721499990215796
k:0.014405555346964498
know:0.0046915404017425924
posting:0.01254444318234312
bs:0.021554042329374128
remind:0.020071301182711776
storm:0.04265394599181577
your:0.009581233628754848
faces:0.02067065078044403
hell:0.012978634693847512
previous:0.013206081443698881
into:0.006809140315522382
themselves:0.012305894358641892
several:0.021433090281881343
kimbark.uchicago.edu:0.023214565719534844
to:0.004192240791150817
line:0.010736896383292732
hardly:0.01660318194140503
player:0.014780467806297347
look:0.0090158491417335
important:0.011948172216628222
most:0.007059298342079992
us:0.007832229605266144
day:0.019340707496295604
t:0.01959143007604899
bunch:0.015422825175491732
male:0.018274326236149822
that:0.006595144970237201
guy:0.025751564615580758
think:0.010948654201738062
cleveland.freenet.edu:0.01628296110838595
through:0.009009366136976527
nt:0.00543025514617824
along:0.02657004875392574
me:0.004120109050967851
anything:0.008826011978400775
re:0.005687308027044419
afraid:0.0171681529799675
michael:0.011424696584310605
submit:0.019992900851142435
this:0.001996130944378019
mean:0.010051034436615439
amount:0.014138467724816837
something:0.007569054437884117
game:0.011300414858975238
on:0.0038555804200706457
curious:0.048892840389598805
you:0.02113304142238486
took:0.025668453813054593
them:0.005573609017232855
m:0.015613856031742267
why:0.020301018024570416
a:0.0031859409715126884
how:0.005001380217601233
was:0.0067335447460181415
as:0.009126777492969793
let:0.008764782291835835
also:0.005640673504485044
others:0.010252198566799984
frank:0.014890396869013773
are:0.0048890599361309925
play:0.012174594040990272
crap:0.01847716266468706
race:0.0166191244442949
action:0.013999593463216565
it:0.0013036328126995133
not:0.004584866985368554
flame:0.01596065971436424
statement:0.03961824433109665
have:0.007775674724679131
being:0.007398494030133643
try:0.009263839058339897
hopefully:0.017576975579630068
referred:0.018556105597951046
uxh.cso.uiuc.edu:0.04495265984636279
punishment:0.01803511016994994
netcom.com:0.012239677470422582
personal:0.01275245426310158
crystal:0.021922292618309178
addressed:0.020445598037515018
writes:0.0075429170078048936
get:0.004997619677913012
cops:0.018503295285553074
of:0.005914542526714484
trying:0.010252198566799984
but:0.005059188001904261
particular:0.012893731741763524
lines:0.013434152563857478
fact:0.009118886420641974
groups:0.013991580222381717
they:0.0035472229068735503
who:0.004916550852600184
rodney:0.04573733084434934
in:0.00270235288052457
or:0.0025639218924071684
total:0.013920211010663123
men:0.01335208575143476
cross:0.017416008416791435
and:0.007258505978912354
still:0.007763152403914628
for:0.0012370679198177718
subject:0.00010150934179474638
i:0.006532655381021119
usenet.ins.cwru.edu:0.019803693590461587
we:0.005124501542638669
news.cso.uiuc.edu:0.017435760572217688
felt:0.0171681529799675
refused:0.019159997558128427
lives:0.014800219961723598
will:0.008618291596222695
the:0.0025793829239169116
waiting:0.01663513407371065
do:0.0027312468399486563
thf2:0.02286866542217467
see:0.006727702514871392
wind:0.019254665054788987
putting:0.015285378353756708
start:0.0107131638322529
friends:0.015120275078280366
because:0.006709970718230091
wars:0.018324029968345083
just:0.004465355754623141
long:0.009050613099272185
btw:0.014265363195602034
ted:0.05117696723782153
about:0.0037453086704253673
including:0.012091131963993269
imply:0.018225263860347892
different:0.009609189726278508
is:0.00510784461769323
number:0.009514315012919232
spare:0.019384670243945943
life:0.01060980742695327
their:0.011510902042446494
run:0.010178077674476786
article:0.006162227226742213
little:0.008917637649804046
by:0.003765914352916981
data:0.022314415385595532
says:0.009737744275389993
black:0.05368140465770247
s:0.00707721993371884
news:0.011668732000621363
