libertarian:0.06344163502601678
some:0.0068277010241716615
positions:0.028299146763599847
believe:0.012705683510703744
ask:0.01704422563951092
at:0.005151842178096088
tavares:0.0301272077210052
all:0.005579344038867199
true:0.015106905217297349
c:0.01512337833584187
response:0.02053566405045229
someone:0.012885719968789589
goals:0.027002068589519482
my:0.01111361709158247
to:0.005641750947740243
look:0.013866481428514096
speak:0.020967443360458443
that:0.010143410100423298
like:0.006810754757360662
really:0.011411671012812432
nt:0.004175897963289114
its:0.03627762379007316
re:0.006560359697862641
this:0.003070072739014146
on:0.008894891670864736
you:0.003250286487770303
burning:0.02773821037834406
roger:0.025811431424366035
why:0.010407734386865534
influence:0.03002087836964151
a:0.0008166690794423363
was:0.01035627057428521
part:0.014322936329902204
rocket.sw.stratus.com:0.03239201935273019
whole:0.01749658172530579
no:0.006583308398728127
d:0.010654059779982662
it:0.004010005026198502
not:0.017628947619180258
limiting:0.03231352215780539
collins:0.0335217926219165
have:0.0029897696675301334
being:0.011378970350439463
only:0.015596915067477036
picked:0.027919276025150885
argue:0.02490996546046394
against:0.030213810434594698
allowed:0.022408381450975855
directed:0.030401809961284564
has:0.006226751309278075
sw.stratus.com:0.029326237808296674
employment:0.032552247271958934
achieve:0.030458312364277176
uses:0.019970731753429456
investors:0.03172081751300839
writes:0.003867031526418493
if:0.007838016605419992
of:0.0034112383432585726
even:0.00981964589336857
available:0.01579569489949842
what:0.005382702356705445
but:0.007781090318718248
gulf:0.03315036919663974
waco:0.022717401809890358
one:0.005750356185822353
in:0.0010390625841783067
government:0.09444262942513323
or:0.011830025573738339
force:0.14630426217370407
use:0.029171570662234175
for:0.003805249858620748
subject:0.0001561225549240836
i:0.002232733418074794
special:0.04088551102766108
we:0.00788154330826883
than:0.008366089369704451
cdt:0.08869488876735065
the:0.004848703573028995
behalf:0.03412729366835416
do:0.004200689584248518
interest:0.021361315769987635
when:0.01529443792799691
can:0.010111882952487876
just:0.006867769376993484
company:0.019684959296089766
govt:0.028539507440123537
is:0.006284739810307927
picture:0.023921214992370758
either:0.014640717585458233
today:0.016603077577768143
followups:0.03412729366835416
write:0.01903025687127201
else:0.014775159212503256
does:0.0071256655809212
their:0.008851950985857976
first:0.02195970560691276
vos.stratus.com:0.03131265516250815
position:0.02013358454510065
concentrate:0.03057298178760101
article:0.004738788773781292
claiming:0.0269707121968798
citizens:0.023902679467450998
understand:0.01752138750254768
assault:0.027846175658108596
incident:0.028106127486008207
