screwed:0.06260366853496462
boy:0.05335097300140974
cut:0.043070770538875314
c:0.030424678769752467
to:0.001621410776577448
day:0.029921212185445554
really:0.022957596978716775
me:0.012748102122406409
re:0.004399300032684359
justify:0.05601995338278318
political:0.04240912679390029
hypocrisy:0.06954440905643185
he:0.01870744950023806
on:0.005964809708697528
you:0.00653881164010261
took:0.039710607957843286
dare:0.05918724761351312
more:0.01495787089200854
a:0.0032858920608150473
how:0.015474858790930874
test:0.042069410046819654
as:0.00941310776725904
steve:0.07546244345492674
smoke:0.05967547974182786
results:0.04309510292786424
have:0.01202942619170948
try:0.028663407909922264
acid:0.061622708429799306
war:0.083219414484071
netcom.com:0.07574200411108563
of:0.004575072601546792
ryan:0.052293384717685645
seen:0.030499586948498268
who:0.015212386755692333
up:0.01580541612179276
good:0.019058939427758815
in:0.004180698868105659
thomas:0.08668247091833177
5:0.030574975140208033
and:0.00449173428812694
still:0.024020106849759377
for:0.0038276336813185177
subject:0.0003140818457884505
i:0.0067376014321904095
dump:0.06581888424084321
we:0.03171162131091694
drug:0.05038139731182947
the:0.004433841235229724
magnus.acs.ohio-state.edu:0.054133569264251655
when:0.015384405209926304
drugs:0.051032574901043175
hits:0.05826766205057976
neighbor:0.059576198934229455
last:0.025648971200699974
friend:0.04086116964344477
just:0.027632672081550257
people:0.017709095765566087
head:0.04062187924065509
is:0.0031608544340078104
tuesday:0.059091986316658775
having:0.030786957557886605
trouble:0.04488025743870982
every:0.028613512081616426
article:0.009533328003724717
pot:0.07101691662059663
takes:0.042069410046819654
mine:0.038414576997646895
wish:0.043953853115044454
