some:0.014594210939166928
report:0.02372330139671722
simply:0.03823304174854237
stations:0.03428994734894651
mess:0.03191813721329086
all:0.011925847883078641
dos:0.022059702226524612
with:0.010965513314804012
much:0.010919980434749572
my:0.005938839133314383
to:0.004306872375283846
december:0.03175579042327048
make:0.011000503020935649
that:0.00433630781793096
problems:0.017144207724323582
like:0.021836982440787623
could:0.009431932220787859
me:0.006772429252528404
re:0.0046742562847271315
so:0.012772632467311501
this:0.003281140239821369
medical:0.0251438592010542
etc:0.014514524921613974
m:0.00855509195072545
why:0.01112326612596254
a:0.0017456301573079939
how:0.008221018732682028
was:0.005534132088133661
as:0.005000713501356366
worked:0.024026024003589688
idea:0.03465470369075945
said:0.013696905179146452
let:0.028814221784410312
fine:0.020244728612003503
plus:0.022349374087372944
athena.mit.edu:0.030545458405748578
straight:0.024979135171645683
are:0.0040181961350076595
works:0.018594537459692126
gas:0.024801060447931265
it:0.012857078615248948
should:0.010267575888959247
have:0.0031953163321728306
probably:0.014920148218932554
treatment:0.027239396681439865
crack:0.03267487428549858
60:0.02544787049619386
hope:0.018052884610250283
after:0.012057585547905945
doing:0.01675439315728322
free:0.018046923713279598
heard:0.016891545996374217
be:0.014461531428436784
recommended:0.030678915433689637
writes:0.0041328899438597645
get:0.008214837345569515
making:0.019216294942952523
if:0.0041884401235213085
of:0.004861014639143467
explain:0.022469109550078775
but:0.004158020139065064
never:0.013774620192886628
sticking:0.036824104274622536
please:0.011971345980657843
they:0.005830747653173398
good:0.01012506157099687
in:0.002220996273681131
government:0.03364518673270372
minute:0.027952889839958563
or:0.004214446610644284
and:0.008351818441986028
for:0.004066860786400925
subject:0.00016685598057511437
however:0.014981868151230707
costs:0.025726579093336473
i:0.003579350760851155
plain:0.05687244472245676
we:0.008423399410712313
silly:0.058407705093536016
drug:0.02676511732190941
lives:0.024327861562083164
the:0.0018843825249726326
do:0.0044894869931656044
see:0.011058661008819852
allowing:0.029383980287614832
drugs:0.10844422166471675
would:0.0058290602881523506
neighbor:0.031649855683809396
william:0.02544787049619386
quickly:0.026529240272016613
bought:0.04578854686085576
just:0.02935971408664715
people:0.009407957125456985
is:0.0067168156722665975
done:0.016554147196379366
their:0.009460522616135713
too:0.012203236674153104
dave:0.021914216696091202
radical:0.035334035378091294
pot:0.03772773695469196
before:0.013288714170141528
going:0.013611348025310516
live:0.019354301712172867
citizens:0.025545988680838256
wish:0.023350484467367368
favor:0.029760600234603564
