school:0.022447681949358672
king:0.02591144138813454
large:0.0369633841961429
out:0.0072726981424719745
k:0.02338679664352878
saw:0.02097148508108305
your:0.023332078188541897
c:0.015963566021166418
hell:0.021070252620258613
post:0.03188367659791581
several:0.01739784797572467
my:0.005865520131668526
kimbark.uchicago.edu:0.11306353304143822
to:0.0034029608891131624
line:0.01743088733830857
important:0.01939734131464952
day:0.03139880291065274
bunch:0.025038290254039045
that:0.006424159730268089
guy:0.020903276215733763
think:0.008887333503262686
along:0.021567663031736017
could:0.00931548861312381
me:0.006688819014842868
re:0.0023082747085072255
afraid:0.027871754529206493
so:0.006307472823363704
submit:0.03245761064105222
followup:0.036369485703330894
off:0.013478132394792286
amount:0.022953191429795232
something:0.012288032821997053
two:0.011511045880575995
on:0.0062593682128307395
curious:0.05291694247927771
you:0.017154289796565487
took:0.041671625634773814
card:0.018894495966137292
m:0.025348420594742075
why:0.021971883705605016
a:0.004310197919278997
how:0.008119524674253854
sorry:0.01961368323912731
was:0.01093161893952328
as:0.004938976297635916
standard:0.01879039839791504
question:0.013475222736710521
frank:0.07252174771390041
are:0.0039685887753162065
no:0.0069490477542130235
those:0.011456269470910864
it:0.002116391541604765
should:0.010140815692799256
statement:0.04287900518139266
have:0.006311735964785838
uxh.cso.uiuc.edu:0.07297870086168774
punishment:0.029279222066029842
topic:0.026954548460429148
writes:0.012245599833658562
if:0.004136730986193884
cops:0.03003930037099048
of:0.008401753697285004
particular:0.020932416346196338
lines:0.021809766199348865
fact:0.014804118077955798
groups:0.04542945183316533
who:0.007981807865641039
now:0.010197002456038544
rodney:0.037126290160690974
in:0.005483941416496619
responding:0.032847603860938226
and:0.003535161245285091
subject:0.0001647960301976438
i:0.004713548327046788
news.cso.uiuc.edu:0.0566124077838673
refused:0.031105428134492446
lives:0.0240275175921809
the:0.003256957450569982
thf2:0.11137887048207291
original:0.019050419835021478
putting:0.024815151278012433
law:0.018560747686691147
instead:0.018936631552991613
ted:0.08308359496016705
about:0.006080346792110318
including:0.01962943028722364
different:0.015600104308711405
is:0.0033169460109958504
query:0.03558989480626736
their:0.009343726040627864
trouble:0.02354828322401441
article:0.010004109633538283
u:0.023343478293784047
three:0.036030716129289785
answer:0.01874241384030158
says:0.015808807064367703
black:0.02178736022372801
news:0.01894368219853962
