believe:0.018569845131028554
your:0.010768651471634723
response:0.030013662842968736
someone:0.018832975339000173
service:0.06226651672612552
to:0.007067688000465799
then:0.01364000298953678
young:0.03208594467584775
might:0.018180214836567916
enough:0.020787594247328175
perhaps:0.02468770544991492
december:0.08685344389270559
that:0.011859987194341089
like:0.00995418002998866
nt:0.012206470969614334
re:0.003196072673317697
afraid:0.03859166011736284
this:0.008974058775579812
bastard:0.050194944350161634
you:0.019001674851580237
support:0.023409882987465866
why:0.015211304103880397
a:0.001193593269954184
idea:0.02369552389111758
said:0.01873081050139686
immoral:0.04548129765360678
military:0.06618527457659096
athena.mit.edu:0.04177156705059635
volunteer:0.04927831588560098
causes:0.03647137862713433
reason:0.022839418153919044
it:0.002930388288375829
not:0.010306153992751537
have:0.0087393267204727
after:0.03297801175495643
exists:0.03189429968391756
strongly:0.03988846726450602
uses:0.02918799256270459
if:0.005727781365499225
of:0.001661885346715715
standing:0.04226718463735147
what:0.015734053042677457
years:0.03811581919624604
selfish:0.05198205373356813
fact:0.020498009646400337
they:0.007973672004339691
who:0.01105173396781067
good:0.013846238045807686
president:0.03218340306984614
in:0.006074519722888564
force:0.030547043750553605
men:0.030013662842968736
and:0.001631612882439273
still:0.05235151492896275
for:0.011123038048276034
subject:0.00022817911873519915
any:0.008746045011015448
the:0.002576933367483942
do:0.01227893878472644
country:0.11523945668444897
william:0.13920202664584677
fight:0.036406872596062685
people:0.01286558239378733
current:0.027027741228468533
is:0.011481736191908714
dave:0.02996815958439823
article:0.006925922053988043
little:0.020045629930756106
bad:0.023423940570481916
selective:0.04927831588560098
stands:0.04085902025208604
200:0.07104487258429425
news:0.026229713813362556
