basically:0.018000947469027
freedoms:0.028465661664195632
report:0.017411597355388785
believe:0.01993276954431505
folks:0.016987228671076965
essential:0.02326796228465765
actions:0.01813863506508327
ever:0.012125789251513122
your:0.011559011212672134
cut:0.016793649063322945
way:0.00794666430984653
such:0.01764235966484219
to:0.0018966043487488498
social:0.019916707302643607
most:0.017032985907954476
that:0.004773916863777204
control:0.013989148027252402
r:0.014221191590500597
provide:0.015490622377446852
higher:0.01702694455521969
agreed:0.06535803029882024
re:0.006861293628957258
eat:0.02071203776941033
so:0.009374409150320367
creative:0.026074391372299822
u.n:0.028842900646934035
this:0.0024081763228046746
bell:0.020473408481562264
big:0.012732938320493383
on:0.004651457112287064
demonstrates:0.027299450020231222
you:0.01274768324331931
society:0.017046932194526826
assume:0.015924259427932002
why:0.008163865046578012
economy:0.023803394735612427
sure:0.010009376239262402
a:0.0032029911143265943
other:0.00632710086161427
uunet:0.017325652809253602
nor:0.01584650916043763
want:0.02604492616117681
was:0.008123496643131979
steve:0.044135144681207154
unlimited:0.028230371322968333
hendricks:0.084019689691344
empirical:0.028006563230448003
schmidt:0.08503952417052367
thor.isc-br.com:0.08435130737362466
income:0.02579629677681159
are:0.002949134777987273
those:0.042566872804760555
reasonable:0.017148198028009393
d:0.008357083588885485
steveh:0.11202625292179201
it:0.004718193987247321
not:0.008296926723522453
limiting:0.02534684536231524
have:0.0023451862988424443
worthwhile:0.02600327125057521
domain:0.020473408481562264
uucp:0.019420314712550797
buy:0.013792849198366817
between:0.021310695835288124
selling:0.019127418052062112
labor:0.025470830098039646
employment:0.025534102217912743
evil:0.057477161207457814
personal:0.015384841610989523
writes:0.009099941160792142
were:0.007116070171891281
if:0.009222253482982697
of:0.0035677171663438287
failure:0.021786010099606748
freedom:0.018293708625314705
chapter:0.02265057625725965
seems:0.010809573804500358
who:0.023725740811630244
david:0.022903167333435726
good:0.007431237850272932
over:0.009201563084951183
one:0.00451060049438359
president:0.01727274384941284
in:0.002445133512309502
government:0.049387430066354085
advocates:0.027490609178031995
or:0.0030931718243260796
thor:0.028842900646934035
and:0.005254092859964999
for:0.0014924259766608899
subject:0.00012246310500925824
i:0.0008756821433274997
house:0.01577005479123941
collapse:0.02622002760310065
limited:0.017807775517879633
leads:0.020824749974596136
any:0.004693978285728474
than:0.0065623912028415655
the:0.0024203078302400785
thing:0.020770022340595932
desirable:0.0272067770508848
would:0.00427820938579989
can:0.007931798095758839
goods:0.0273940339064823
liberal:0.02248375220142995
ends:0.021702351441121513
serves:0.02367417052934318
last:0.010000745651649073
people:0.02071476798265758
about:0.004518422845513173
paul:0.045069116850124644
govt:0.0223864943681703
ma:0.018400082225860166
is:0.007394659455706346
regulation:0.052740879268797544
levels:0.02103488546097822
argument:0.01614101578045744
time:0.007245458577539971
does:0.01117879646181216
dreams:0.024937528235122845
concentrate:0.023981559108622815
article:0.0074342466084091835
neither:0.017168722250004445
progress:0.023040453380348606
by:0.004543281994574156
data:0.013460301023879873
grounds:0.0466927542331621
summary:0.019733196593406454
