school:0.01303413790607923
obvious:0.027574539884602237
at:0.003157580689800828
out:0.004222856985951469
there:0.003289530414255009
final:0.01382311253489819
all:0.0034195979593057034
hand:0.01131627044965116
c:0.009269167367128888
though:0.008908760579249749
previous:0.024897486879518323
led:0.01510924476283296
from:0.0060686183113274235
members:0.013219506482095396
kimbark.uchicago.edu:0.04376652891926641
to:0.004939781935809429
gm:0.08822794761098401
discovery:0.02085214592037951
impact:0.01718008743824909
enough:0.017434756465501047
perhaps:0.010352908737061094
that:0.009947086033963493
motors:0.06644665329453105
justice:0.015432853532267013
through:0.01698539995716722
nt:0.007678263997015469
believed:0.015666056375804868
could:0.010817986776530878
re:0.0013402885404235503
lost:0.012560954567447491
file:0.010890630403076735
had:0.005499671991692241
this:0.0018816574852022186
two:0.006683833091947353
on:0.003634471865514623
jury:0.04209898558400653
you:0.005976333219448623
pulled:0.017945586005625645
them:0.005253975525205164
trials:0.020052348245418187
ta:0.016549654941963553
state:0.009525854433478911
card:0.010970997657757138
m:0.004906145921562982
a:0.005005391132065932
desire.wright.edu:0.043114401476931456
other:0.00494375622878821
same:0.006960908066410797
sorry:0.011388590267880375
was:0.0031736958211519197
as:0.002867792688949887
old:0.009490727893700085
bring:0.013596297302111381
said:0.00785485601671481
witnesses:0.07538541826308905
standard:0.010910553908466798
oops:0.019853173151673342
judges:0.02098249589948659
arms:0.014527384342737561
evidence:0.02306600741586435
demand:0.016979049923370796
frank:0.028072934598929192
are:0.004608683739076885
no:0.004034930954059175
those:0.013304054869444875
d:0.0065299076070861484
reason:0.009577820516159598
it:0.004915490032114294
not:0.008643871090694836
should:0.011776431127121718
made:0.00833541058035126
trial:0.10085610339834955
kind:0.01975287954812229
against:0.00925907093963386
ruling:0.020317968217295323
facts:0.014516440122354441
has:0.007632791927502157
decided:0.013375028899707363
shows:0.013850231676057029
party:0.015213901231264008
call:0.009523140136196083
talk:0.012399977661781459
be:0.01036668919601203
found:0.009586095000921138
writes:0.002370116096837141
get:0.0047110178325846675
were:0.00556022687266057
if:0.00720591849207967
of:0.00418151796915567
even:0.012036985288645346
what:0.003299075637980757
forgot:0.01720313722437916
never:0.007899423766529965
saying:0.010812025731055337
fire:0.012892450311969427
they:0.013375191749214962
find:0.0075858306009798935
up:0.01926108057852881
one:0.003524411855826604
in:0.001910534428973016
truck:0.01843232988074773
and:0.0020526742714558595
tor:0.020156246227042745
for:0.0034983748700223014
subject:9.568801753411576e-05
until:0.01025507428446109
i:0.0013684495143039062
the:0.005403247383434071
thf2:0.043114401476931456
when:0.009374010342965849
denied:0.0191119745376494
judge:0.04690818794816175
start:0.010098788845457033
would:0.0033428302727755415
law:0.010777208334207764
because:0.006325169530087864
did:0.0058921542775733525
an:0.003218272898070741
apple:0.013596297302111381
ted:0.03216139159748402
about:0.003530523943805991
general:0.031703552291263995
move:0.012676792528935546
scary:0.04157741315187443
issue:0.011223512571558613
new:0.049433679279814964
keep:0.009496109620523014
denying:0.020317968217295323
their:0.005425389313912953
define:0.015321705730322351
boomer:0.022148884431510345
wanted:0.010914551933856998
verdict:0.043114401476931456
first:0.006729587202118427
dead:0.012298502275308732
bias:0.03838325471533257
article:0.0029044189258659535
u:0.013554277718971382
already:0.010415004735832801
delay:0.01975758803668352
going:0.007805790982256927
realize:0.014026922075738848
says:0.018358614655394755
demon:0.020487333395971117
appear:0.014153037879054416
grounds:0.018241972083923544
motion:0.018335887397163773
s:0.008895143811555819
