typical:0.052764560233514134
objective:0.026382280116757067
all:0.005645371778972137
small:0.01768488698382255
means:0.01677275278366126
chris:0.02270264640780651
gay:0.026301406514812307
with:0.0034605170224233568
to:0.004893014769553246
attached:0.029174233827130063
then:0.009443078992756232
hunt:0.03486305730141778
day:0.01504913038912942
civil:0.07408081916344107
make:0.010414677416270435
that:0.00821076036531306
think:0.008519219097802101
really:0.011546720373910803
nt:0.008450633748194538
re:0.002212665696912252
so:0.006046216552573491
jon:0.024552474933244577
principle:0.029532959400008375
bashing:0.03558851482859135
you:0.006577502833239312
traditional:0.029532959400008375
them:0.008673722908474797
state:0.04717834414687484
vs:0.02021663872818546
jobs:0.029217903101080495
a:0.0033053352091038934
j:0.018071767216147117
price:0.01852156332452049
as:0.0047344033148936
said:0.012967484193274747
harder:0.028960594746407484
nc:0.09298100976093979
are:0.015216837434348533
reasonable:0.04424032153971654
determined:0.028175716198441243
it:0.006086191060472875
guilt:0.033104172547169665
choose:0.023513630114717503
have:0.0030251515570867034
being:0.023027265442901162
rights:0.10275737928085224
be:0.010268543026108959
common:0.019917917394268344
g:0.020917171366931966
writes:0.003912795213121671
if:0.007930774198383542
whatever:0.019555979755937057
of:0.0057526800463236286
what:0.005446402976311427
but:0.007873174227815506
sense:0.01944569258202953
easy:0.019607583220466317
they:0.005520234464542862
who:0.00765120043925354
now:0.009774641407563575
good:0.00958585710863609
in:0.0073595142796534525
or:0.003990008625462043
rather:0.030455427845122642
and:0.00225915629876207
for:0.007700564802652639
subject:0.0001579701591243686
i:0.001129578149381035
person:0.01659878366315888
we:0.007974816010141834
back:0.01246364923116886
sad:0.027994749196239583
pay:0.019720958946733036
unfortunately:0.021786349590686132
than:0.016930192688987704
the:0.004014069283965371
wrong:0.015641550632129353
do:0.00850080377404138
would:0.005518636959197492
once:0.015875924230324887
needs:0.019818618714019805
may:0.02202397073893291
human:0.018969481486606956
subjective:0.03175008040262027
e:0.018407631337596608
dates:0.033104172547169665
carolina:0.0341157571515699
is:0.004769336572023619
strings:0.03656531808515613
right:0.01147854197509053
time:0.009346212839666945
does:0.007209992984245711
issued:0.031235220183746727
verdict:0.03558851482859135
count:0.025227044831566924
article:0.004794869114299414
by:0.017581694819239636
while:0.012842263348393623
north:0.023752395176987132
doubt:0.04118428756190021
favor:0.028175716198441243
s:0.007342441193562347
