there:0.02074076803564175
all:0.010780427464929843
knows:0.019739894978199068
media:0.022324611246865887
with:0.003304109473387273
way:0.019574834119169982
much:0.009871168754575884
funny:0.025428057347775267
boys:0.030645535563414886
to:0.003893217966358279
bet:0.024371024378585366
most:0.010489239909418293
threat:0.02608674423055272
been:0.008289493713115477
client:0.028287110144460764
that:0.003919826276095783
weapon:0.027416202348826538
really:0.011024834707293367
nt:0.004034342100126771
its:0.023365249220725085
covered:0.02608674423055272
lost:0.01979947075885791
had:0.008668974495379294
this:0.002966002476674684
jon:0.02344275855208098
he:0.008983803432317713
illegal:0.02321897811086603
joke:0.02773235293440871
big:0.031364752021102345
soviet:0.025011299436817024
on:0.0028644566397699996
you:0.0031401072847950387
state:0.015015329869720996
sea:0.05703174979575471
why:0.020109859662757135
sure:0.02465586463456727
how:0.007431429362876408
was:0.010005210554817916
part:0.013837413064481791
hands:0.045258417574633815
no:0.006360145402161073
d:0.010292905211169693
yeah:0.022340239797673175
wild:0.02669551745821626
administration:0.025164003800590577
it:0.001937036326214531
not:0.006812542469784914
have:0.0028884215432070782
probably:0.013487139632933381
area:0.03625386491140505
money:0.017515365913723897
targets:0.03012565477968465
halcyon.com:0.035856456729121765
alleg.edu:0.03397999438436123
war:0.07992825119939022
has:0.006015674993709328
call:0.030022102802245283
his:0.010420503059351733
heard:0.01526919412101624
which:0.014597653474774212
writes:0.014943782847854517
were:0.008764425409448018
end:0.015278154816810786
of:0.009886809435546033
raised:0.025564861065970713
even:0.009486776541050993
what:0.015600713610112393
never:0.012451634072665878
ok:0.018439825935090012
meyer:0.03568779592036651
yep:0.03202662786794009
they:0.010541464683703318
in:0.007026880865883805
replace:0.024838209213868492
system:0.012628374741483192
world:0.014244354173630942
and:0.002157047539495988
still:0.01153507956061891
for:0.0018381291689947682
subject:0.00015083026492665705
station:0.023367175919616706
i:0.001078523769747994
everybody:0.02303903559172988
we:0.007614372348666497
any:0.005781283990332245
reagan:0.06553727835803935
cost:0.018762754826841133
the:0.008091134005532206
do:0.004058293327155348
peter:0.02080165582387546
arm:0.028287110144460764
put:0.014053442370320787
just:0.013269927270800971
during:0.01654446050735859
people:0.008504368023011962
hold:0.019603280299118758
is:0.004553773337129897
clinton:0.020707097674974195
girls:0.031143316735789277
primary:0.025996346821815765
created:0.021458164341723283
history:0.018762754826841133
article:0.013734455598586458
by:0.011191361297369109
dangerous:0.02375562561122761
s:0.007010579444700772
