out:0.019314378673450164
activity:0.0731672630980422
percentage:0.07386167742327403
ever:0.043334787816882964
gay:0.07286783116398819
to:0.002259342885394805
within:0.05305656092332488
engaged:0.1759266750177976
cco.caltech.edu:0.07378305164846266
like:0.01909244366407661
re:0.006130172176691321
this:0.017212538962997345
allergic:0.09690614376715914
two:0.030570318568087073
on:0.008311620085889999
you:0.03644583537106373
material:0.06922458257055546
kinsey:0.10506742947599815
impressive:0.08619890039099116
intercourse:0.10216692606355424
are:0.01053953084592173
have:0.025143472777753417
between:0.03807976796797386
be:0.009482971428483138
asked:0.1105672425815879
sort:0.05143379192886935
of:0.006375101166089792
years:0.036553695458694975
in:0.008738345994811008
or:0.011054286191853857
and:0.003129487004022868
subject:0.0004376550310166934
the:0.0037069820163396047
can:0.014173212990782186
did:0.026949361367917465
whereas:0.08247403355981336
last:0.03574036970589341
thought:0.04400961319986414
about:0.01614780623478478
homosexual:0.15844147896474678
morning:0.07033017733769534
new:0.056524575897821214
study:0.12148765076835406
amounts:0.08247403355981336
difference:0.05257629257105552
