another:0.012184095221915268
maintaining:0.029420132048290627
your:0.0069227045174794655
with:0.012853348940429613
someone:0.012106912717928681
vehicle:0.02417957523076505
service:0.04002847503822355
name:0.015177101680385996
to:0.005300766000349349
social:0.023856275780089593
motor:0.02768724921861416
us:0.022636004243791166
might:0.011687280966365088
that:0.003812138741038207
think:0.007910703447959095
bit:0.014972990099207143
like:0.006399115733564139
nt:0.011770525577842392
re:0.0020546181471328053
afraid:0.024808924361161826
so:0.005614343941675385
this:0.005769037784301308
bastard:0.032268178510818195
on:0.002785762776040055
utter:0.031062888244475867
you:0.015269203005734117
bill:0.01700831799830614
computers:0.02383389487136632
why:0.009778695495351684
a:0.0030692398370250444
lists:0.02602832378362886
idea:0.015232836787147014
immoral:0.058475954126065856
let:0.01266559199314739
waste:0.02350868129229857
whole:0.016439096016633462
military:0.02127383825676138
volunteer:0.031678917355029194
experts:0.026625758949213835
foreign:0.024251399854761498
forces:0.024203412602185923
it:0.0037676420850546372
not:0.006625384709625988
should:0.009026440341942197
have:0.011236277212036327
whether:0.015700321894955082
money:0.01703417454246775
after:0.021200150413900564
exists:0.041006956736465434
quality:0.02112177934381511
has:0.005850409197178852
armed:0.024397928684883264
list:0.015997959323744943
be:0.006356717111400784
writes:0.0072666196815116746
if:0.003682145163535216
of:0.0032050645972374506
department:0.019055360344466685
what:0.010114748384578365
years:0.02450302662615817
selfish:0.03341703454300808
anderson:0.02666300997660603
find:0.011628828228974672
who:0.007104686122164002
now:0.009076452735594749
one:0.0054028071855803435
president:0.020689330544901092
in:0.0029287862949641287
government:0.029578186138640633
or:0.003705008009357612
registration:0.027171761552583086
and:0.00629336397512291
few:0.012558392862122455
still:0.022436363540984036
for:0.0035752622298030113
subject:0.00014668657632977087
forced:0.024943931288252515
draft:0.02713091002243189
we:0.007405186295131704
any:0.0056224575070813595
yet:0.014450927157616285
than:0.007860446605601435
the:0.004141500054884907
do:0.011840405256700494
start:0.01548111037298084
can:0.004750362595811612
agree:0.03314895801059824
deficit:0.033046478055120544
country:0.05556188090143075
wars:0.026479230119092072
william:0.02237175428236823
needs:0.01840300309158982
an:0.004933506255833719
people:0.016541463077726568
finally:0.019980903713165417
many:0.020364846456902126
army:0.02452309367571744
current:0.017374976504015486
is:0.007381116123369887
time:0.008678626208262163
superior:0.02768724921861416
dave:0.03853049089422629
article:0.004452378463278028
little:0.025772952768114993
axe:0.03247953170217971
bad:0.015058247509595517
selective:0.06335783471005839
by:0.005441953158336078
200:0.045671703804189154
reduce:0.025054377328478268
security:0.02039491161009831
s:0.003408990554153947
