another:0.018028498621045358
scheme:0.03732379654044231
all:0.007756649029644644
your:0.010243351399847665
cut:0.029764353624426032
ca:0.016719907285303426
alot:0.04117054397893906
post:0.020996567515700656
2.1:0.04266650855598735
my:0.007725319197807328
to:0.002240974244050132
corruption:0.04729877001451938
stop:0.027024009061631202
look:0.019277791254275697
ii:0.059697557806668584
next:0.021775447347554273
that:0.005640725616820762
like:0.018937220544856477
nt:0.017416550042010696
cs.utexas.edu:0.04400230572095707
need:0.015619528386156394
re:0.0030401666892534195
so:0.008307403230771709
this:0.004268149905458691
federal:0.03212566008695335
bell:0.036286203650248566
something:0.01618423835092295
on:0.012366068908275364
a:0.002270738416010399
spending:0.03984925186920105
requires:0.03263540475537257
it:0.022299540145689235
have:0.008313018099961836
massive:0.04057780600488956
pgp:0.03694945557701623
be:0.004702937049898141
writes:0.005376117000142784
of:0.0015808177688271436
what:0.007483269130053913
ingres.com:0.048384391092767536
up:0.010922442035385243
now:0.013430198356733694
good:0.013170811799670726
comment:0.031947946316120024
in:0.005778201687625707
government:0.04376609656286663
speed:0.10921837941091972
and:0.0015520220101251621
subject:0.00021704843001640894
i:0.0062080880405006485
we:0.021914535052259678
fell:0.040705841427394765
will:0.00921386459270963
the:0.0024512293007774083
sky:0.037896884977471124
do:0.005839983080540624
see:0.02877050018554758
dictionary:0.040084922900690906
would:0.007582517448003058
country:0.02740450494325311
did:0.013365130434495654
liberal:0.03984925186920105
joe:0.03235340834896696
17:0.03196994925593907
f:0.06042652387653412
ma:0.032611527847459486
is:0.00655299089977229
limit:0.036101000167876054
picture:0.03325632328207643
right:0.015771330030815444
512:0.043174804141201444
02:0.04701347473150093
too:0.01587412900702843
article:0.006588072197695944
already:0.047248558069875636
bad:0.04456261864628267
by:0.008052320933472896
high:0.06822741038150053
garrett:0.05210661136614543
john:0.04360127478994871
s:0.015132592216000447
