large:0.02251153473599681
out:0.008858474429176389
all:0.007173442335686399
take:0.015983076167937618
actions:0.029730995820963547
own:0.017041282974045075
secondly:0.04017511828714863
with:0.013191594965177758
my:0.007144468130303017
to:0.0010362399699931058
experiences:0.03552711721882915
social:0.03264543001485944
december:0.07640490928907183
that:0.005216610908789125
justice:0.03237418146994358
talking:0.024508956243325324
account:0.06127487829665053
re:0.0028115827276554172
behavior:0.15971387304207496
wait:0.027604509812858027
anyone:0.012578306388281136
charges:0.03801209518600742
you:0.01253681930997117
assume:0.026101417708941175
officer:0.037765555164781923
a:0.00630001861284088
how:0.0098899473475874
was:0.006657602512040493
said:0.016477479914762647
also:0.011154113772026814
athena.mit.edu:0.03674641612721633
theory:0.03059059290959868
are:0.009667840324830458
taking:0.02561616567031282
police:0.027635969260396177
have:0.007687979145077486
area:0.02412381236585975
which:0.009713476184342238
neal:0.08980299837012243
of:0.013157633609711637
what:0.0069206173157641444
duty:0.03782643644472643
but:0.005002129490604588
magpie.linknet.com:0.09790820890745607
in:0.0026718752164585032
citizen:0.03669365242301598
minute:0.033627536649574206
or:0.010140021920347147
and:0.0057413145036209
word:0.023074259520025703
for:0.014677392311822886
subject:0.00020072899918810748
i:0.0057413145036209
person:0.021091687511833462
improve:0.03566341334358522
any:0.007693889220216596
will:0.008521092818821687
community:0.06118118581919736
the:0.002833657932289673
when:0.009832138667998013
views:0.030451780407044278
responsibility:0.06522960701637097
meant:0.030613979544293363
agree:0.022680866007251423
william:0.06122795908858673
people:0.022635686316888982
immediate:0.10826335230680721
about:0.00740613669414941
different:0.019001630812114645
violence:0.035393247860682486
lot:0.018635739761393915
their:0.04552431935584102
unless:0.023143318990530008
trouble:0.028682871295416048
first:0.014116953604443917
nothing:0.019209443620307583
article:0.00609272842343309
by:0.0074468832693020005
s:0.004664934442526453
