there:0.00808615846323478
all:0.008405883970451906
take:0.009364533613813673
football:0.04892194679623474
where:0.00813857620367296
suggested:0.0193482905240323
with:0.0025763320563416186
way:0.0076315983239935836
atf:0.01960120200955362
prevent:0.017722543930258468
ground:0.03415818205636424
to:0.0036428171632356763
then:0.007030309910906623
important:0.013843036532921687
most:0.0163576692860532
impact:0.02111561407608589
might:0.009370419100786107
that:0.007641071044812265
vice:0.047478000936277756
think:0.0063425023239143405
quite:0.01170131886391807
like:0.005130568561712217
nt:0.003145720492169333
generally:0.017034138736665635
re:0.006589259960848821
had:0.013519017494996786
he:0.028019968414453488
programs:0.031129357923299707
on:0.0022335190539175768
you:0.0024484536978357794
spirit:0.020200903218031946
state:0.03512396546617554
support:0.012065886826138794
santa:0.023208763982456613
m:0.006030020758220582
why:0.02352056273331286
more:0.005600964871456943
sure:0.019225057446336596
a:0.004921600443511525
same:0.00855547731510402
contrary:0.020364513557016337
was:0.015602839367425299
failed:0.018666512494383416
steve:0.02825686208664658
acts:0.01929193214755693
hendricks:0.026896170855672533
popular:0.03726847838002611
thor.isc-br.com:0.027002327470558262
income:0.02477353611165166
likely:0.029131355109513025
d:0.00802574547302659
care:0.013947211195039196
place:0.02395971469001256
steveh:0.026896170855672533
it:0.001510376342466837
not:0.005311982454413788
should:0.014474115790603346
limiting:0.024341904356760893
texas:0.05244277099122029
have:0.002252205344262788
made:0.02048968768209693
won:0.0190380594037832
whether:0.01258792328141773
safely:0.02504060493022626
money:0.013657355800568855
expect:0.01522564353814268
able:0.01161878954233775
victory:0.02384265904703841
employment:0.024521736931739993
public:0.013056143603791162
his:0.008125238068305096
be:0.01274143738188263
outright:0.02547426163865469
writes:0.005826100361388215
of:0.0034262658249469367
but:0.0029307630936141423
never:0.009708983395867227
ut:0.026307926835300185
they:0.004109778081531911
who:0.00569626816843105
proving:0.050797911529650346
now:0.007277155937789622
david:0.010997556120460328
one:0.004331766113548998
in:0.003913649821464548
government:0.01185733453134933
initiative:0.024521736931739993
become:0.01459128975680682
or:0.005941070111921457
better:0.00985117123921323
p.s:0.01997723658643096
and:0.004204817340206937
for:0.0057330196107854454
subject:0.00011760773961241542
i:0.005045780808248324
felt:0.019890855655204636
pay:0.01468212362113605
will:0.0049925345590453064
yet:0.011586205914917023
ways:0.01571955234043654
than:0.006302208291715688
the:0.0036525476254976137
when:0.005760680364950379
ross:0.023895417597905002
strong:0.015905957647447184
fund:0.02311885705897112
would:0.00821717749871697
can:0.003808660759637504
specific:0.01614606294480367
instead:0.013514248068654809
mr:0.05950582693010421
an:0.003955498407760955
koresh:0.01799206444336455
tax:0.019521825333330366
places:0.016805382741367114
hold:0.01528537714953313
govt:0.021498924106877208
issue:0.013794537477818737
itself:0.014815223967376124
else:0.011130186014705097
eliminate:0.023739000468138878
does:0.005367792133645486
ideal:0.023790524872382014
first:0.00827116664929974
dead:0.015115780329564477
various:0.015702991094075722
concentrate:0.023030748395065085
article:0.007139496742877543
very:0.007679482342658359
already:0.025601641597333493
supported:0.019254756514755764
seem:0.012157324030377701
while:0.009560980202108028
s:0.013665997375683223
