screwed:0.08314549727299989
looks:0.017828674345697345
boy:0.02361892033916577
hand:0.01644395549714934
your:0.006562146990527409
continue:0.020355240660945025
cut:0.019067789040647924
with:0.003045975920778892
c:0.013469258830359165
from:0.004409230491823831
except:0.01679354905731153
harm:0.02506595042254478
my:0.004949032611095319
to:0.004306872375283846
stop:0.017312255805107486
threat:0.024048717337540788
day:0.013246369977931625
legal:0.03936786660243151
that:0.0036135898482758
problems:0.014286839770269651
like:0.006065828455774339
really:0.020327038991572143
me:0.01128738208754734
sarcasm:0.060789241846755854
re:0.003895213570605943
justify:0.024800500195502968
political:0.01877487384104961
hypocrisy:0.030787889426024513
this:0.005468567066368947
he:0.024845831367503676
illegal:0.02140499544595462
on:0.005281341929575936
you:0.005789572806340852
tell:0.012552213820950274
took:0.017580217064670202
dare:0.026202687745565702
them:0.007634683185063754
working:0.016502807347430246
why:0.018538776876604234
more:0.01324394818563256
a:0.0014546917977566614
how:0.006850848943901689
other:0.007183895769957868
test:0.018624478406144118
as:0.008334522502260609
steve:0.05011177885678729
given:0.014519726870735838
idiot:0.027603154272140776
smoke:0.026418832177371707
results:0.01907856119202323
it:0.0017857053632290205
not:0.012560625178665935
should:0.017112626481598746
have:0.007988290830432076
try:0.01268952954345517
acid:0.0272808865444424
doing:0.013961994297736017
war:0.036841928287218925
netcom.com:0.0502974246050178
his:0.009606401257839878
anybody:0.015831224713086952
writes:0.0034440749532164703
get:0.006845697787974595
of:0.0020254227663097776
ryan:0.023150717192725413
seen:0.013502421305324754
who:0.02020395115990388
up:0.02099156828675601
good:0.016875102618328114
in:0.003701660456135218
thomas:0.05756257834420469
5:0.013535796286029599
or:0.0035120388422035693
use:0.00866031004035077
and:0.003977056400945728
still:0.010633901469945558
for:0.003389050655334104
subject:0.00013904665047926196
i:0.0059655846014185915
example:0.014642495540405753
dump:0.0291385685441233
we:0.014038999017853854
pay:0.017358552406238972
any:0.005329621178587538
drug:0.022304264434924507
the:0.003533217234323686
magnus.acs.ohio-state.edu:0.04793076445272282
when:0.0068108043898111245
drugs:0.06777763854044797
got:0.011521634487659239
hits:0.02579557955364208
neighbor:0.02637487973650783
last:0.011355013291976551
friend:0.03617916062180006
an:0.004676552805009045
just:0.012233214202769644
people:0.015679928542428306
immediate:0.02499830877917597
head:0.035967288910996695
is:0.005597346393555498
tuesday:0.026160514775604146
having:0.013629642668856048
issue:0.032618333411092215
somebody:0.019769417830597682
does:0.006346295908007943
himself:0.01949365338802588
life:0.014533225798378697
2:0.010147966417163586
trouble:0.01986886397026216
every:0.012667440244465604
article:0.008440967503297927
pot:0.03143978079557663
takes:0.018624478406144118
answer:0.01581391167775446
mine:0.01700645335833326
wish:0.019458737056139472
s:0.006462877925583524
