some:0.006080921224652886
obvious:0.02003462663490631
correct:0.01704279916761171
there:0.004780098883214309
your:0.019686440971582227
with:0.012183903683115569
way:0.009022775101804912
much:0.009099983695624642
ca:0.010711190604647505
into:0.009327103661366595
from:0.004409230491823831
gain:0.04776671906763803
via:0.017803288430289818
to:0.0007178120625473077
lies:0.023491570881539914
most:0.009669768041494988
us:0.01072852284471352
worse:0.020286799027814516
that:0.0126475644689653
think:0.007498687643377891
quite:0.013834371781819798
like:0.006065828455774339
really:0.010163519495786071
nt:0.003719159123554367
along:0.018197715683027263
re:0.0019476067853029715
michael:0.015649454175383798
political:0.01877487384104961
national:0.033897645051953265
charges:0.026331295102807226
he:0.00828194378916789
best:0.012683208749799136
these:0.008628312359890325
starting:0.02042459366081884
you:0.014473932015852132
used:0.010283664105921174
them:0.007634683185063754
a:0.0014546917977566614
occurred:0.02655295976123845
was:0.004611776740111383
secret:0.0208159459763714
failed:0.022069262167838725
red:0.018815723723659118
challenge:0.02457883553707174
entering:0.027386108978387814
election:0.02928954529867149
evidence:0.033517792026177884
course:0.0127403739578126
mind:0.015779457307344463
are:0.013393987116692197
no:0.005863259042617239
d:0.00948877199154706
not:0.0031401562946664838
sex:0.022529414094043358
probably:0.01243345684911046
kind:0.014351701546682603
friedman:0.03110364266465178
dozens:0.0309962505438042
historical:0.02351679288401798
after:0.010047987956588287
absolutely:0.020846139297643927
netcom.com:0.0335316164033452
call:0.013838313010409935
his:0.009606401257839878
personal:0.0349364111582887
be:0.003012819047590996
writes:0.0068881499064329405
kill:0.01924287555522597
attempts:0.024020790550346074
of:0.013165247981013553
breaking:0.026331295102807226
but:0.00346501678255422
never:0.011478850160738855
ingres.com:0.0309962505438042
phil:0.046160982819437424
present:0.018877605639735957
fact:0.012490974628275205
women:0.03936786660243151
using:0.011481357180442294
must:0.01207010639312238
powers:0.05520630854428155
thousands:0.022284270808324683
now:0.008603720822282522
repeated:0.026977402647963365
in:0.003701660456135218
government:0.014018827805293215
us.oracle.com:0.03289968686408787
office:0.05704277989134626
or:0.0035120388422035693
and:0.0029827923007092957
for:0.00847262663833526
subject:0.00013904665047926196
i:0.001988528200472864
we:0.014038999017853854
power:0.014072162917554906
sad:0.024641211532106716
any:0.010659242357175075
than:0.0074510483448930265
the:0.004318376619728949
relations:0.050200207100778715
level:0.018336120638509108
liar:0.030208589243158765
because:0.009191261973408926
did:0.008562036684598777
wars:0.025100103550389358
instead:0.015977782872836674
reports:0.02059490856347996
immediate:0.02499830877917597
is:0.0041980097951666235
today:0.014787115967699754
having:0.013629642668856048
events:0.021190358630086586
guess:0.015604985744456528
stealing:0.030587544213379742
nixon:0.06023601449973556
article:0.008440967503297927
behaviour:0.027548039119377563
hundreds:0.024456280863060308
stands:0.024898465466114926
by:0.005158518098006073
garrett:0.06676159581287382
s:0.003231438962791762
