tv:0.028921076765279868
report:0.02897502460667752
at:0.00672492375919413
desire:0.037095372372616
stations:0.041880851723904135
all:0.007282960539284665
happen:0.051627972918584966
media:0.06032757543046201
way:0.013224219996538498
much:0.026674761367327195
lincoln:0.0445478413533478
times:0.02145401634727501
to:0.006312362565301515
job:0.026499912635795236
otherwise:0.027125075050473558
then:0.012182292746380177
that:0.010592507646854253
suppose:0.029420908287260836
me:0.008271669316065227
re:0.0028545076547951947
michael:0.022936604592928924
so:0.015600161792136184
national:0.024841022328148957
this:0.004007499529552817
ti:0.028921076765279868
la:0.03326949213000289
something:0.0151958879172788
am:0.012475850051155462
why:0.013585668550793942
more:0.009705488746723098
a:0.00426413473540884
other:0.010529068609403898
same:0.014825140080371087
want:0.02889462546125468
as:0.018323225043137825
across:0.02945926810560185
role:0.033692784531042685
assigned:0.04625122724124253
race:0.033365112433966095
it:0.005234434041831632
not:0.009204732955358242
have:0.0039026764362416247
ames:0.03925664150174516
carlos:0.23891532305591312
amazing:0.037415709770318537
writes:0.01009560902316889
get:0.010033389124359712
conclusion:0.033692784531042685
of:0.0029685585582555516
what:0.007026275595394131
year:0.018891303177172913
least:0.01837910215806475
surprising:0.08318551523432968
they:0.02136457155361245
in:0.009494335215736132
thomas:0.02812217567961145
few:0.017447538174857148
subject:0.00020379356406120838
i:0.0014572420400411827
any:0.007811353177777154
ways:0.02723922428457324
the:0.005178455793817921
when:0.009982247655295694
would:0.007119462947361649
can:0.006599740400287888
did:0.012548939262923399
abraham:0.046978785865703025
come:0.018329722705873346
last:0.016642462229461814
here:0.013743518363537374
is:0.004101872166269678
having:0.019976270171147795
white:0.0259463293574091
carry:0.02971341870178096
man:0.02212251403660457
their:0.011554836783066518
verdict:0.045911900809404105
superior:0.03846625463960134
position:0.02628124394818482
article:0.012371494355978641
comes:0.023085315551492454
mike:0.024392458236318346
favor:0.036348824714019616
s:0.009472309631389592
news:0.023426538291323806
