another:0.01928265504685721
some:0.010152494566376992
week:0.02998120699483116
there:0.00798068683110563
anyway:0.02650881584038725
gay:0.038651632182637216
ohio:0.08821592657487597
from:0.007361497864610223
to:0.002396868104505793
physics:0.039874826352115235
hunt:0.05123353638208352
matthew:0.03727193339844778
that:0.006033123920599597
commander:0.052886089450673655
r:0.02695843275416635
appears:0.0339156611077768
re:0.003251656545897135
apple.com:0.04781995635362912
charges:0.04396181443251294
two:0.01621556028394184
bashing:0.05229964353071251
them:0.012746601491584703
state:0.04622110238157594
vs:0.029709669087507325
a:0.007286108482676843
same:0.016887768265466195
was:0.007699662035664223
question:0.018982487681279168
also:0.012899975058083187
nc:0.09109443854839898
frank:0.06810738046174995
yeah:0.10315362897882135
place:0.047294393344633485
it:0.002981351562956278
not:0.005242695726747521
invited:0.04916039704777919
have:0.008891315011263529
only:0.011595967289298145
interesting:0.028417604886273155
treatment:0.03789829103504677
university:0.04087548002780267
against:0.02246331123615519
party:0.036910247334979635
soldier:0.05175026177748179
sort:0.027282272240530696
writes:0.005750107747978803
down:0.020559700669157896
were:0.01348959389106347
of:0.005072363101714921
department:0.030157178979938578
impression:0.04114010968838686
seems:0.020491192081574593
they:0.008112344560936902
professional:0.041569611908644055
one:0.0085505296328315
in:0.007725204430195238
chief:0.04333293911442923
rather:0.02237811872098142
for:0.005658241094123026
subject:0.0002321474512349417
threatening:0.050589119232920726
i:0.001659988758655608
any:0.008898150141641803
the:0.004588061799933366
do:0.006246242773099971
thing:0.019686369001086577
rule:0.03433650059353202
fight:0.11112010679320002
just:0.010212074464920748
bar:0.08763616274413524
about:0.008565358089755405
is:0.004672567424185459
clinton:0.03187092424756898
else:0.021970019350765712
somebody:0.03300633237804135
verdict:0.05229964353071251
under:0.021107160235701212
article:0.007046372872318269
three:0.0253781565780215
before:0.01848864580193604
while:0.018872543529378456
s:0.00539509809440016
