screwed:0.023237169543545818
at:0.007694017576021232
all:0.0041662350683244155
your:0.00550188743310595
with:0.002553831339692346
though:0.010853904810526985
previous:0.015166809692981684
someone:0.009622087836956419
such:0.008397455036977286
led:0.018408206501442776
from:0.007393644143494983
to:0.003009168471814041
gm:0.042996676652339805
otherwise:0.015516964330183562
then:0.020906729473045456
impact:0.020931198232626617
been:0.006407163262975717
that:0.01211893887980705
justice:0.018802472207434483
talking:0.028468918605784002
nt:0.006236493901506013
believed:0.019086592702399815
could:0.006589996311467499
re:0.0016329279597300022
expert:0.04452548711054832
so:0.004462055010414498
winner:0.02407147188748778
this:0.002292499730879559
two:0.008143185295429307
jury:0.025645451916894806
you:0.007281209468236531
tell:0.010524126871713767
burning:0.020712812116580062
used:0.008622111390117317
etc:0.010141152783660417
trials:0.02443059022040032
ta:0.02016311671968485
state:0.011605735314151162
e.g:0.017726092664590812
a:0.004878617033524524
how:0.005743943219341154
desire.wright.edu:0.026264013126777022
other:0.006023178986165549
was:0.0038666425069929502
said:0.009569890081499704
witnesses:0.18369023314761435
doctors:0.021403746637169117
judges:0.025563826881907243
evidence:0.014051126788266711
emergency:0.024187927114920797
are:0.011229893128405685
it:0.001497185282707301
not:0.007898384391824867
should:0.014347704298982354
have:0.0022325354285923703
trial:0.10239757222758196
kind:0.024065735344655545
accident:0.02122049685944409
always:0.023204856751080413
ruling:0.02475420581932487
facts:0.017685968533348858
doing:0.011706126223429324
has:0.009299340383288654
decided:0.016295340886543032
call:0.011602428375540206
be:0.005052063381113287
writes:0.0028876086943998352
get:0.011479248692498884
were:0.02032275062190785
if:0.00877926314100536
of:0.00509451315892765
even:0.014665148015423804
what:0.004019397829679612
forgot:0.020959280723151903
fire:0.015707395794932185
they:0.00407388482317792
find:0.009242125492023537
who:0.011293038202915705
witness:0.02200471335278505
up:0.01759991751553342
tim:0.03561492838197545
in:0.0007758938947357662
or:0.0029445915183540844
rather:0.011237919881715559
truck:0.04491371211116695
and:0.0025008564267955664
tor:0.024557173350851204
for:0.001420737392629144
subject:0.00011658059778173928
offer:0.015350059470706716
until:0.012494173473208052
becomes:0.018802472207434483
we:0.011770689132873099
room:0.01741497152977557
directly:0.01586244683622873
will:0.0049489316371322456
than:0.006247167171264022
the:0.005266396576342728
do:0.003136759471207409
when:0.01142073749208503
denied:0.02328489474237634
judge:0.038100100254838794
start:0.012303764575906168
would:0.004072705878185048
can:0.007550794693779156
because:0.0077062109122031175
come:0.010485561897246325
note:0.012933140169775098
about:0.008602761400191018
is:0.0011732429121863051
scary:0.025327725478980274
involved:0.0157243543103313
new:0.08281220617344548
keep:0.011569496000549873
denying:0.02475420581932487
boomer:0.026984885399089022
smith:0.017195364866665775
first:0.008198929385987078
dead:0.029967529561669308
interpretations:0.02395804181585782
side:0.01406272523393534
going:0.009510112157422194
realize:0.017089568817166542
data:0.01281373634587691
says:0.011183522901430428
demon:0.024960550294654764
appear:0.017243220822079398
grounds:0.02222493542102475
motion:0.022339356261173327
s:0.00541865747472505
