land:0.033138602879897804
trend:0.02319347618127074
at:0.007341375103786925
cable:0.01799019776412187
boy:0.018895136271332616
lead:0.016100894323416295
your:0.005249717592421928
gld:0.04863139347740468
with:0.002436780736623114
option:0.017460880092718258
from:0.003527384393459065
themselves:0.013485209234678407
cunixb.cc.columbia.edu:0.0440768625910041
to:0.0034454979002270774
look:0.009879868017816294
famous:0.02096215019645256
us:0.017165636551541633
basic:0.015915220039833332
class:0.016534040298620843
that:0.00433630781793096
think:0.005998950114702313
protestants:0.025748078151630778
like:0.004852662764619472
through:0.009872763725103446
nt:0.0029753272988434936
could:0.006287954813858573
12:0.014805770131716816
re:0.0015580854282423772
charles:0.034302105457781965
mean:0.011014258570124419
off:0.009097739366484793
he:0.006625555031334314
bastard:0.04894007074140759
big:0.011565752307781488
recently:0.013788798185782039
western:0.017043865682064167
you:0.009263316490145364
american:0.0134459800724509
tell:0.01004177105676022
dare:0.04192430039290512
them:0.012215493096102007
m:0.011406789267633935
why:0.007415510750641693
more:0.005297579274253024
a:0.0023275068764106585
how:0.005480679155121351
want:0.007885824865467423
gary:0.035372320362688815
idea:0.011551567896919818
part:0.010205092135055322
rich:0.018915814560258155
ultra:0.022310266803287057
promised:0.0222637113841282
plus:0.014899582724915294
others:0.01123470092945165
l:0.027541338156278024
are:0.013393987116692197
no:0.004690607234093791
yeah:0.016475926850783966
hoping:0.019945227488219686
it:0.00428569287174965
not:0.002512125035733187
expense:0.023023384537436343
dscomsa.desy.de:0.023684238829839003
have:0.0042604217762304405
being:0.008107516374688118
against:0.010763669967324361
left:0.012185021597919007
whose:0.015594922710420704
hope:0.012035256406833523
has:0.013309680923581889
25:0.015323677284540052
his:0.007685121006271903
hallam-baker:0.02424061963244118
breaks:0.023023384537436343
writes:0.011021039850292706
were:0.006463763739467913
phill:0.023884277243115506
of:0.004861014639143467
germany:0.01751977388828036
gives:0.015152185315817105
what:0.00767035085830526
but:0.008316040278130129
years:0.018581461858169945
selfish:0.12670625597557228
oh:0.01345715076725614
well:0.0070119496256389365
breath:0.02374985698387292
please:0.007980897320438562
they:0.015548660408462395
good:0.006750041047331247
president:0.015689408996549994
in:0.0029613283649081745
government:0.022430124488469146
world:0.01050521120305282
better:0.009317566130422512
and:0.005567878961324019
gets:0.013905484759970018
for:0.00948934183493549
subject:0.00011123732038340957
i:0.001590822560378291
example:0.011713996432324602
we:0.005615599607141542
paid:0.01723329224071732
socialist:0.02431569673870234
world.std.com:0.038300636086337894
any:0.00426369694287003
will:0.00944421120752737
unfortunately:0.015341221170108152
the:0.005339083820755792
do:0.0029929913287770693
canada:0.015502531637527694
country:0.04213442635025166
once:0.011179296645520443
slick:0.023953149334578882
hallam:0.023493365763041944
fundamentalist:0.025341251195114458
tax:0.01846439312777497
just:0.004893285681107858
here:0.007501670440097484
about:0.0041042340846744645
middle:0.016737917896419093
different:0.010530070408380198
bush:0.01946923503117867
hold:0.014457419220600084
is:0.0022389385574221993
number:0.010426103534990658
clinton:0.03054296907058694
today:0.011829692774159803
win:0.014122814181784757
done:0.022072196261839153
new:0.007183331520348112
right:0.01616561328158583
gave:0.015466141304324551
lot:0.010327305784439128
run:0.011153476784947478
followers:0.019998647023340775
gang:0.02343163623893719
article:0.006752774002638341
very:0.00726351038243103
live:0.012902867808115245
by:0.004126814478404859
while:0.009043093774493843
thats:0.021621416884847956
s:0.0025851511702334098
