health:0.11061097168812614
know:0.021838497799261978
help:0.037877747257376936
where:0.01634917520560851
hand:0.027940172172147552
your:0.011149842674170464
c:0.02288582031353062
service:0.03223532060600303
kids:0.07781173505937564
themselves:0.028641152356839093
my:0.0252269272919549
slightly:0.0383156783748323
80:0.03536868696870185
might:0.018823762264411025
been:0.012984428205499462
nt:0.018957837656347926
grab:0.047384637458308794
me:0.009589280357562343
re:0.00330920798918735
afraid:0.03995773658169426
charles:0.036427014645432174
national:0.028797999336172685
he:0.014071975287789692
you:0.004918575127510813
children:0.029667051929367482
m:0.012113404532000637
coming:0.030766636768049513
are:0.00568948125310819
pocket:0.050442174125039825
care:0.08405354711346628
it:0.006068237694512778
not:0.005335486801557212
money:0.027435573156894957
public:0.02622782830142118
his:0.016322380898276607
free:0.025553166319687924
anybody:0.026899072078873407
writes:0.0058518795665271
if:0.005930534688171764
of:0.003441426293198914
ryan:0.03933573186728566
what:0.016291010672506746
but:0.01177492428761788
sticking:0.05214032463663367
who:0.022885891579360145
one:0.008701866440492234
in:0.004717160227287358
or:0.005967358032770666
and:0.0016893690906672118
for:0.008637580431294
subject:0.00023625625568157783
i:0.0033787381813344237
seperate:0.050030492570748736
any:0.00905563952467971
program:0.049143954555470354
the:0.00133407612387443
do:0.025427182970141474
magnus.acs.ohio-state.edu:0.08143988296391842
got:0.019576582492305965
would:0.008253536691189169
slick:0.050873945489371075
tax:0.07843282036576978
just:0.010392819145715805
excuse:0.03917699115324436
about:0.008716957347981164
hold:0.03070602312339841
nose:0.045116533399626395
is:0.004755267732578122
clinton:0.03243501140239321
issue:0.027711150508538524
days:0.026356217916373208
their:0.040186290758806566
deserve:0.0894797992874157
issues:0.033674597191140666
article:0.007171087436430097
already:0.05142984639464339
especially:0.027657484137144615
s:0.016471759668743848
