optilink.com:0.03432605922650588
believe:0.015193509652659724
hmmm:0.034740580974264905
at:0.006160594492688329
activity:0.031211210132731284
all:0.006671803011512526
story:0.025140262433654574
case:0.0172839937573899
your:0.026432144521285228
with:0.00408970193559124
4:0.01737251401523552
into:0.012523104216660044
my:0.013289709948675543
to:0.0028913269092814635
then:0.011160002445984637
young:0.05250427310593268
important:0.021974610440372185
consent:0.035962377879221095
been:0.010260422288261814
that:0.012129532357848841
really:0.013646124078258224
nt:0.009987112611502636
hot:0.05851214247218758
me:0.007577543219612201
re:0.0026149685508962974
so:0.0071455286530413996
clayton:0.06730996477102934
you:0.02332023731784847
tell:0.016853322053303865
why:0.012445612448629415
more:0.01778208427721295
uunet:0.02641253365326773
immoral:0.11163591242248937
evidence:0.022501454786804733
homosexuality:0.033519191575325145
are:0.013487651362263472
cramer:0.13730423690602353
care:0.022139978610306973
it:0.0023975904177620418
not:0.004216153906125629
sex:0.03024928325913514
only:0.009325428239645361
ve:0.03828951816141471
university:0.01643594476642415
between:0.01624381710521962
love:0.022882639441828313
be:0.004045183616345953
boston:0.029159280666780002
writes:0.004624212524598338
get:0.009191426400637219
dept:0.028694457974418178
making:0.021500749586520304
what:0.006436658062913505
explain:0.025140262433654574
years:0.015592835125737017
fact:0.016771098801600274
nearly:0.030000984738457453
who:0.018084655583690185
now:0.011551848936211499
in:0.0024850307957271396
star:0.06420737027236928
or:0.004715464739182415
astronomy:0.03447863997751735
and:0.002669911989446083
still:0.014277685889717113
for:0.004550333747022014
subject:0.0001866920062378902
i:0.005339823978892166
elaborate:0.03892611387066418
actually:0.01709310578392367
yet:0.018392089109693453
than:0.020008409541530926
the:0.002108400027941407
do:0.010046404460230722
relations:0.03370083833338991
once:0.01876245590856578
cc:0.039534585038423824
pyramid:0.037522822294005775
mutual:0.035962377879221095
people:0.010526385594916905
about:0.006888225037215885
e:0.02175447339897781
maintain:0.031958747160540465
changed:0.026428777579254718
is:0.0056364886760279145
homosexual:0.06758692459335353
having:0.018299939807135394
matter:0.02112519588741638
bu.edu:0.07412315552798643
told:0.021679858508595315
almost:0.02113281769415782
article:0.00566666349871749
opinions:0.019969301786853442
before:0.014868491379179331
by:0.006926122201518644
mine:0.02283383947412578
optilink:0.03854802141422869
s:0.004338715250741387
