optilink.com:0.02348625104971455
since:0.019146618405776854
report:0.036322758119375645
practices:0.02443493757955281
at:0.004215143600260435
out:0.0056372110003849755
activity:0.021355038511868773
all:0.00912983569996451
percentage:0.021557714463252227
decades:0.02578350768549055
gay:0.042535289004816075
much:0.008359793634258044
compared:0.019726261368007758
masters:0.027506008805258046
apparent:0.02315384735203624
from:0.008101169898853355
wisdom:0.023251166415371755
themselves:0.015485407733601997
my:0.0045464797192837384
to:0.0013188508709003166
most:0.00888323188500975
engaged:0.025673509990635533
published:0.03923538004508661
consent:0.02460583749630917
been:0.007020288934073872
male:0.09198368995420868
that:0.006639322974822523
wednesday:0.025061867064750915
nt:0.0034166437881456386
population:0.01888012696116886
behavior:0.020327220205354993
had:0.007341667395608302
clayton:0.04605418642228323
cal:0.025673509990635533
contains:0.020084466530515765
on:0.009703518186397893
american:0.015440359891809644
numbers:0.01687915024401291
kinsey:0.06133122677546303
vs:0.01634742557446575
posted:0.01633196614584639
santa:0.02520760489960598
more:0.024333378484607194
a:0.0020045513768130073
how:0.006293602857555618
uunet:0.018071733552235816
low:0.016247820765453683
was:0.008473312288051536
dramatically:0.05714736259916882
part:0.011718766088101804
median:0.030223635779449146
also:0.0070980724003807
homosexuality:0.022934183709432995
figures:0.02257960011061136
straight:0.019122782906523007
are:0.009228393037338165
exclusively:0.026837291377625708
cramer:0.0939450041988582
it:0.0049213698048799805
not:0.002884736883138588
sex:0.0413937560388165
have:0.0048923503650493095
between:0.011114190650939739
shame:0.025158530736126606
has:0.005094614707591153
shows:0.01848906525176991
johnson:0.022092601573243213
be:0.0027677572111840733
considered:0.01647293280962781
showing:0.020545570897731163
thorough:0.02857368129958441
of:0.004651688649898054
sexual:0.08524456789865133
even:0.008034255730937922
institute:0.01862420023891534
conventional:0.02551311433494824
released:0.02069687801940825
significantly:0.023384082990046757
in:0.002550426342983117
or:0.0032263706110195467
men:0.1176133486525904
and:0.0018267818875157408
for:0.00311338624796243
subject:0.00012773663584697749
table:0.021674135997508354
p:0.01610587578770981
i:0.0009133909437578704
examination:0.02801012610505626
we:0.006448535434038134
promiscuous:0.05889206649193394
survey:0.02418951511836836
ago:0.013689788159639445
alan:0.021055898047843247
than:0.020534946634729108
the:0.005409710598007557
do:0.0034369278416578786
relations:0.02305846833337204
would:0.0044624384981070625
lower:0.018999916808830702
pyramid:0.025673509990635533
10:0.01382952994208691
mutual:0.02460583749630917
people:0.0072022638281010395
about:0.004712996078095079
e:0.014884639694037449
15:0.01598952503340021
general:0.01410732231142369
is:0.0012855149611993488
number:0.023945118166485722
homosexual:0.09248737049616797
partners:0.07751840879469928
new:0.016497603491708583
figure:0.017667452794616043
study:0.053187177250260266
2:0.009322533742083295
1993:0.014495960779952808
1:0.009370927712558414
show:0.014402242438922642
percent:0.06791070738035153
article:0.0038771908149119664
already:0.013903283833958618
opinions:0.013663206485741828
april:0.01627824814300532
by:0.009477851433657092
mine:0.015623153324401846
optilink:0.02637496202026173
four:0.01678490981350705
s:0.005937189290488213
