there:0.010312123433451094
supports:0.04855774701863805
with:0.006571094121230869
organizations:0.05343262996953538
both:0.02523263013829481
to:0.0077426919106226445
ward:0.06223635179007711
w:0.03476787477561072
consent:0.17334674281107695
think:0.016176944129534326
re:0.004201578682900792
this:0.005898679082824932
age:0.13897040312068387
laws:0.08341289692219982
on:0.005696728373475167
you:0.006244932465266538
children:0.03766715582043287
support:0.03077478999475849
a:0.0031382115187559437
other:0.04649352767972733
evidence:0.036154022859697495
organization:0.08610861186779485
are:0.007223723388777814
cramer:0.055153106397644286
it:0.007704616398651055
not:0.006774269759280504
university:0.026408315748299476
gene:0.1208357816599202
netcom.com:0.07233786909485705
writes:0.007429914505815307
get:0.014768246913383397
of:0.010923628402569587
sexual:0.05004526598544418
but:0.00747509238483607
phil:0.09958324383519085
one:0.03314531149805469
in:0.003992802289763831
subject:0.0002999658077754865
i:0.004289858589784155
the:0.005928394460588057
relations:0.05414853799634558
law:0.03378473174431423
contrast:0.06193670856443485
whereas:0.05652714659717545
may:0.0209103991847172
wants:0.07911314972120784
mr:0.037943322227903524
makes:0.03138177395788735
stops:0.060946739266566685
belong:0.055153106397644286
paper:0.0866662561176763
smith:0.044244253420971484
article:0.009104863823782033
removal:0.06404455815875844
while:0.024385870852567666
s:0.006971194166921554
