optilink.com:0.07475065689426917
another:0.011256372235475019
since:0.010156454941135437
health:0.021148967513973355
believe:0.011028791270712388
go:0.0098752906182443
at:0.004471903616519954
help:0.010863414822547192
all:0.019371935647640427
take:0.010790604722516261
your:0.012791190072906218
with:0.008906000661769756
insurance:0.09016087351571073
companies:0.020185950992831145
my:0.004823422646346707
to:0.004197560893677657
obviously:0.01868981259302516
born:0.02181686780731711
enough:0.012345931608819269
consent:0.026104670237201096
make:0.008934418697206617
think:0.014616731243944723
bit:0.013832914710942636
higher:0.018841999558567978
like:0.005911873418825752
really:0.009905562148177288
could:0.00766045256510689
re:0.0018981751410059417
so:0.005186855824288934
bil:0.05679802193372257
this:0.005329770947933188
clayton:0.07328927636236443
child:0.020128754420007073
illegal:0.020861721449864402
starting:0.019906202958767598
on:0.0025736488590826895
you:0.00846394400114805
children:0.05105142438606892
society:0.018864117859933235
leg:0.028399010966861284
philosophy:0.024844368081943475
why:0.009034124772355361
more:0.006453903684369166
a:0.002835541372276944
how:0.006676969529081849
horrible:0.02615102802178624
uunet:0.019172549809224795
part:0.012432599555397345
are:0.0032635095512752563
insure:0.030314210109711377
cramer:0.14950131378853834
care:0.01607115198616191
reason:0.01356452753303821
co:0.02317251646340363
it:0.0017403828920810758
not:0.009181370688974086
should:0.008339147930119185
have:0.002595180777399253
made:0.011804972344761428
money:0.01573715617629
between:0.01179119718805282
alive:0.022360513165471253
greg:0.022229789835002144
be:0.011745406236293833
rates:0.02327718289590483
claims:0.01906764302339455
writes:0.01006998565001364
if:0.00680355756104984
of:0.003948032194228196
kept:0.0202729727034222
what:0.009344589878138387
but:0.0067541443883290374
well:0.008542476701286014
alone:0.019488392565555804
who:0.013127440347551759
good:0.008223400260708117
one:0.009982851855590075
in:0.002705782262352647
government:0.013663019992976129
our:0.01131865696944362
system:0.011346306239809771
murdoch.acc.virginia.edu:0.02953171934916692
or:0.0034229008005232753
and:0.0048451448539440336
for:0.006606068282478659
subject:0.00013551754767521977
costs:0.02089468352758292
until:0.014523683885099715
i:0.0009690289707888067
we:0.034206698114567766
paid:0.020994873795797748
pay:0.05075394003042462
will:0.005752819009661341
than:0.014523870885476763
coverage:0.023493221547776888
cost:0.016857906621070458
the:0.0022956944466671664
do:0.007292567704634483
relations:0.024463045084643434
can:0.004388659860089916
because:0.008957981212662506
arm:0.02541532231253581
homosexuals:0.049545743880823605
an:0.004557858571379374
pyramid:0.02723737861950673
mutual:0.026104670237201096
people:0.007640980406462525
many:0.009407111815117225
about:0.005000082133613561
e:0.01579131825408034
dependent:0.027915202947549993
self:0.02158433209142221
lot:0.012581489280534977
concentrate:0.02653796896284149
article:0.012340094624110676
very:0.008848946658799223
iii:0.0234657085149376
opinions:0.014495483022944376
by:0.010055182485453461
mine:0.016574817486294344
refuse:0.025496542319370537
optilink:0.02798155869154671
while:0.011016967034916357
