know:0.02419362991486866
small:0.05860286078952963
where:0.03622464310262278
leader:0.09184402163346087
hand:0.06190665598926811
your:0.024704553376103187
my:0.018631652182947083
within:0.0634598081631925
80:0.07836591426398645
might:0.0417075516838911
been:0.02876941935728312
that:0.006802051479107388
grab:0.1049894908389979
re:0.007332166721140599
afraid:0.08853380850453826
charles:0.08071083637125168
he:0.03117908250039677
you:0.021796038800342032
brain:0.08645839997974104
m:0.026839504159138668
a:0.0027382433840125392
pocket:0.11176403286528433
it:0.006722655485097489
rights:0.0681019494057413
call:0.052097178392131516
his:0.036165275323632486
free:0.05661779988479874
of:0.01143768150386698
what:0.018047884372482965
in:0.003483915723421382
subject:0.000523469742980751
i:0.0037431119067724496
the:0.0014779470784099078
do:0.02816933015319595
got:0.04337556513001126
effect:0.0679681069533805
slick:0.11272070275095944
collection:0.09436593100252152
just:0.023027226734625213
hold:0.06803491397929451
is:0.005268090723346351
days:0.058397110285297496
speech:0.09312451375910334
words:0.06485998297073284
already:0.056976202378379436
s:0.024330834543373266
