go:0.019357534843722657
ask:0.01450031136495705
choice:0.018767973505067377
at:0.004382910509723537
out:0.005861577607365472
say:0.00944052226003753
circuit:0.023025694750806205
11:0.019224948445870204
all:0.004746606122618364
pass:0.02019539910542933
leader:0.023303706981624397
with:0.005819177878502959
mary:0.023332382129468924
led:0.020972533775275602
florida:0.05081494481717948
feet:0.02185105447241459
my:0.004727434135971648
melbourne:0.028944023441720812
to:0.004799698567480505
grace:0.02523589939331029
amendment:0.02273682011919048
line:0.014048774869681535
within:0.016101742369765262
property:0.02273682011919048
covers:0.026752200417246016
enough:0.012100241427549235
tough:0.02384698704115172
she:0.01649324619352479
that:0.001725893658877994
really:0.009708436533288189
foundation:0.02475405946301219
this:0.01567111756332594
laws:0.018467034393223343
on:0.0025224319663646262
children:0.03335698376137836
am:0.02439307995076665
them:0.007292831699165377
inside:0.018676893169523315
8:0.014689011355093862
a:0.0020843345161886493
as:0.011942002391298782
ridiculous:0.024831194719410025
woman:0.02178740595768867
denial:0.028944023441720812
said:0.02180601819565604
rally:0.03128234995538119
abortion:0.05566771303951914
washington:0.01910056385778355
across:0.019199821501660906
clinic:0.056875283755979514
display:0.01833891252206705
are:0.003198564087568286
51:0.024042114967287444
it:0.003411496813333054
not:0.01799731368883477
have:0.0025435353887942927
only:0.006634508648105903
rights:0.03455919820589857
assembly:0.025630609553690994
ruling:0.02820255289863381
robert:0.015897572283371658
36:0.02605935431110916
his:0.018352527776171707
free:0.014365710418531023
heard:0.013446006763282958
be:0.002877916702176474
constitution:0.0450246806833514
which:0.0064273250374005855
get:0.006539174006423494
were:0.007717926853096016
of:0.0077389287787358665
even:0.00835402710331356
freedom:0.01984093771302789
congress:0.021724561445719014
but:0.003309866777365225
street:0.01984093771302789
order:0.04185547553929093
they:0.004641391166705192
who:0.006433098876785314
loud:0.026926784097899097
called:0.013344549730630517
president:0.018733622682447753
our:0.022186820129158142
pictures:0.02313504254542698
or:0.006709566743314282
total:0.01821400744181294
and:0.0037989792486645755
for:0.004855953177792149
subject:0.0001328206810548174
doug:0.0215006939535263
outside:0.01793420784816679
i:0.0028492344364984316
away:0.013776037742903834
we:0.0067051935607660195
the:0.005250020965097882
judge:0.0868151538145083
arrested:0.057888046883441624
can:0.00430132334546126
joe:0.019798354362800676
may:0.009258833469849905
7:0.01587825138771794
just:0.005842729171472069
religion:0.017669309765983646
patients:0.02449313172484034
is:0.008020078414646683
protest:0.02876943976106773
violence:0.023419412763536172
center:0.01625189469389457
1993:0.015072914442836502
speech:0.07088582390618314
first:0.009341068802940503
dead:0.017071055397070326
33:0.022945232764509684
april:0.016926138616358766
majority:0.02051138619857523
miami:0.03142656655674066
aware:0.020382573193934723
by:0.004927539675707294
father:0.02154065500674652
john:0.01334068855513356
psychological:0.02729548047677334
s:0.0154337383297517
