at:0.010876111264869518
out:0.014545396284943949
there:0.011330604760211697
know:0.015233026242695083
where:0.022808108620169895
hand:0.03897826488213177
your:0.015554718792361266
romulus.rutgers.edu:0.15258120386151572
my:0.011731040263337052
80:0.0493415015736211
most:0.022920931653914046
might:0.026260310319486984
perhaps:0.03566001898321043
been:0.01811407885458567
grab:0.06610449423196164
re:0.004616549417014451
afraid:0.055743509058412986
so:0.012614945646727408
charles:0.05081793401152883
this:0.0064812646712520865
mean:0.03263484020777605
he:0.019631274166916485
on:0.0062593682128307395
you:0.006861715918626195
theodore:0.06711581673156518
kinsey:0.07912485429673934
m:0.016898947063161383
more:0.015696531182971922
a:0.0034481583354231977
how:0.032478098697015415
washington:0.04739769549894437
march:0.05350261809744513
are:0.007937177550632413
likely:0.040819861789255896
pocket:0.07036994661888273
wow:0.06394643590628353
it:0.00423278308320953
not:0.007443333439209443
interesting:0.040345982245943365
his:0.022770728907472303
be:0.007141497001697176
writes:0.00816373322243904
of:0.004801002112734288
what:0.011363482753044829
but:0.008213373114202595
in:0.004387153133197296
5:0.03208485045577386
subject:0.0003295920603952876
i:0.002356774163523394
will:0.013991424011151658
than:0.01766174422493162
the:0.0009305592715914234
do:0.008868122455635761
got:0.027310541007784864
homosexuals:0.12050014252496605
slick:0.07097229432467816
just:0.014498624240319578
many:0.02287902503182831
hold:0.042836797690666915
is:0.0033169460109958504
new:0.021283945245475885
days:0.0367685509203725
study:0.045745349980676524
does:0.015043071781944755
2:0.04810887782951626
1:0.02417930730771245
kaldis:0.14745430596575657
article:0.010004109633538283
very:0.02152151224424009
already:0.035873905201201865
says:0.031617614128735406
s:0.015319414342123909
