taken:0.026149851585386193
some:0.00926616567566154
since:0.01587953669368001
incredible:0.04406857905851303
ask:0.02313144908219339
rating:0.130935594777794
means:0.022496787463799624
ever:0.02097954013357032
way:0.013748990631321772
my:0.015082766052861924
to:0.0032814265716448352
significance:0.04189485881788251
ha:0.224343081765659
100:0.026813588085960884
memory:0.026838351001327896
re:0.0029677817680807184
started:0.05205150596807786
so:0.008109607915753334
this:0.004166527288662055
lowest:0.04498978676686822
he:0.025240209643178337
these:0.013147904548404307
numbers:0.02799795556348173
approval:0.08926337614833216
a:0.0011083366078145991
hard:0.04292433972342078
was:0.0070274693182649645
as:0.006350112382674749
finished:0.03924810002039778
exact:0.03389639976462911
no:0.00893448996970246
49:0.03948861866718611
it:0.0027210748392061264
laughed:0.043645198259264675
reported:0.03277275870644177
being:0.01544288833273927
pitt.edu:0.03918909225462384
has:0.025351773187775022
usually:0.026172624937988994
blue.cis.pitt.edu:0.047396026917564615
his:0.02927665145246439
heard:0.02144958221761805
writes:0.005248114214425097
of:0.0030863585010434706
forgot:0.03809266099683957
oh:0.025632668128106932
latest:0.03306624285914882
loss:0.03377660114381574
good:0.012857221042535706
george:0.03160566808773942
one:0.015608109647232101
president:0.02988458856485713
in:0.005640625456967951
dropped:0.03942780221682445
office:0.057948220842002546
or:0.005351678235738772
opposed:0.035532733234120484
still:0.016204040335155136
for:0.0025821338326355078
subject:0.00021188061025411345
i:0.006060276420488728
top:0.026838351001327896
any:0.00812132751022863
48:0.04074262064451348
the:0.0047857333967558915
when:0.010378368593997904
can:0.006861634860616772
maybe:0.021015183193193048
reports:0.03138271781101708
drop:0.03436247346314326
last:0.034605754794595205
an:0.007126175702870926
during:0.04648205571115032
paul:0.025992241992929026
clinton:0.05817708394397512
refresh:0.04756311746675376
either:0.01986954529455046
having:0.041537958609847006
days:0.0709107767750041
first:0.014901228804690803
guess:0.02377902589631471
percent:0.03754851281082928
article:0.006431213335846039
before:0.01687455767637019
john:0.021281574599855916
thats:0.041183651209234194
s:0.009848194934222513
