believe:0.038797712148756075
there:0.016388910456734775
own:0.040473047063357054
such:0.03433959291906783
romulus.rutgers.edu:0.1103489063641319
my:0.016968111809469666
most:0.03315349042798282
perhaps:0.051579670315000804
that:0.006194725454187085
re:0.006677508978181616
so:0.018246617810445
this:0.009374686399489624
you:0.009924981953727175
theodore:0.19415646983059925
kinsey:0.11444844996492655
more:0.022703911175370104
a:0.009975029470331393
how:0.023488624950520075
as:0.014287752861018185
are:0.02296112077147234
likely:0.05904301437374514
not:0.01076625015314223
only:0.023813147111951545
herein:0.10388836985331934
university:0.041970358957118814
rutgers:0.09521858742864611
but:0.011880057540185897
seriously:0.06923131541780965
subject:0.0004767313730717553
than:0.02554645146820466
the:0.0013459875178375945
do:0.012827105694758869
views:0.07232297846673015
would:0.01665445796614957
major:0.05850764236996057
homosexuals:0.08714742450466295
expressed:0.07338855581470155
many:0.03309287549246595
hold:0.06196036808828607
new:0.03078570651577762
study:0.06616738122204997
2:0.03479302771598944
1:0.034973640927226934
remus.rutgers.edu:0.23253199615520817
kaldis:0.5332053028226019
says:0.04573262043620657
