king:0.0954012160199499
at:0.02002193210123707
out:0.026776752251828635
all:0.02168335978741571
to:0.009396812455164756
most:0.04219535145379632
brought:0.08805438278490153
on:0.011522927846347498
curious:0.09741528047321579
numbers:0.08017596365906132
as:0.018184412732204964
staff:0.10937869275292268
are:0.014611622309118763
whose:0.08506321478411293
get:0.029872135802070963
of:0.008838208434806302
who:0.029387565323496553
bodies:0.10850445909774549
thoughts:0.09759146176422302
subject:0.0006067490202731432
we:0.030630543311681135
house:0.07813345328386799
any:0.023256528779291075
the:0.013704600181619146
see:0.040213312759344914
when:0.029719873700994
press:0.08153069001744696
is:0.006106196065696907
white:0.07724929876864982
bias:0.12169236438156576
count:0.0968947858303366
senator:0.13390583372590012
going:0.09899162200225829
