another:0.007976637879095607
since:0.01439440016837181
wilson:0.017953489707199337
typical:0.016038148704071744
at:0.006337877787441951
out:0.00847609423798892
mark:0.021608805498504968
dan:0.02858851431213855
say:0.006825701346286127
all:0.003431898671389537
media:0.028427742379102602
braves:0.017288301439235265
own:0.008152844012762573
your:0.004532130295616053
with:0.0021036955999624006
c:0.009302509695787626
compared:0.01483017491335835
mentioned:0.012644473448891504
unusual:0.018038800954024214
except:0.011598422370517315
my:0.006836073822520153
to:0.005949061122694234
0:0.013184015426152636
russ:0.06068625212962151
most:0.006678400949521719
thursday:0.018770243126750942
ye:0.020023144904694166
been:0.010555686239003161
bunch:0.014590658349475991
that:0.006239291824361093
quite:0.009554674036364754
pitched:0.020739435102932784
like:0.004189349149311774
nt:0.002568627883893664
attention:0.015268627494685822
re:0.001345109722223635
anyone:0.012035357911089145
ball:0.06415259481628698
had:0.016558364953404337
this:0.007553704149229051
he:0.022879614496694033
comparing:0.01926066198844926
personally:0.014096563327721226
these:0.0059591222053918804
game:0.02138136048856466
on:0.0036475455053186327
disclaimer:0.01350379685997909
went:0.011735472177108216
them:0.005272874717741874
m:0.00492379392847508
more:0.004573449733168079
sure:0.00784907920920577
a:0.0010046792272276224
beer:0.01918072264749706
series:0.0129041379883729
was:0.02229578395219316
said:0.007883110894472778
jack:0.015376819779712
are:0.0023126308690691565
no:0.004049445094181691
likely:0.01189355685226521
play:0.011517691484821733
d:0.006553396483370631
it:0.0073997574764022725
not:0.0043374820760860786
have:0.005517092947636542
being:0.006999294711960965
pit:0.020863486095994543
atlanta:0.017218901428678865
has:0.00766024801357231
heard:0.029165259274315194
be:0.00208079588898371
which:0.00929418944257207
writes:0.007135925082923335
were:0.005580227688749277
if:0.004821226041463377
of:0.005595412534265861
defending:0.01914140944414386
what:0.003310942816534645
dr:0.014096563327721226
year:0.00890201696478292
never:0.0158556779198695
anderson:0.05236691887491688
who:0.004651269331776433
comment:0.014135242434830083
in:0.004473949328278537
threw:0.01887762788628217
according:0.012372396419374886
compare:0.015502557243861558
point:0.007919194105252018
morris:0.017682901861020964
or:0.0024255807831046233
world:0.00906924708177222
ncratl.atlantaga.ncr.com:0.044274970851849615
and:0.00206005799185678
for:0.002340639301525712
subject:9.603221903603705e-05
al:0.013705086981015222
i:0.004806801980999153
employer:0.01625931806972167
back:0.01515364546811178
paid:0.014877662366086897
any:0.014723557788328163
normal:0.013569649908340083
event:0.014937917079845224
coverage:0.016648074262273552
the:0.006236086053866266
do:0.0025838774061384775
see:0.00636469698349344
when:0.004703864902315597
start:0.010135115424037815
got:0.007957387847591993
would:0.01341941936840829
listening:0.01776196267655613
home:0.01053727716496888
radio:0.0129041379883729
liberal:0.017631143812632116
reports:0.014223821741684002
come:0.008637387318235283
last:0.007842311338343518
10:0.010397020711856707
statements:0.015163594564138117
about:0.0035432236702225596
norman:0.020073455127624883
paul:0.023561312885676672
else:0.00908831735733114
evening:0.019102521256718623
runs:0.013495649354112717
told:0.011151869664493275
innings:0.020619519922114107
1993:0.010898042456870998
first:0.013507588700654972
nothing:0.009190129501801831
reflect:0.017018390698433417
bias:0.01926066198844926
him:0.008620558645191755
orioles:0.02163474462601417
describing:0.01895104109358867
article:0.00874459942787699
players:0.013352064435388103
gore:0.08854994170369923
before:0.015296361634695284
past:0.011883145492458143
by:0.0035627175353135474
upon:0.012475092024075311
incident:0.08644150719617633
says:0.009212326418804203
s:0.002231785182935318
news:0.022078248317722437
