at:0.02541245228233936
where:0.017764007675324635
creation:0.0436518797544419
to:0.005300766000349349
job:0.03337969764701131
impact:0.04608888841607208
trip:0.049448269583929005
make:0.01692385080143946
that:0.0033356213984084312
pittsburgh:0.08504933467786052
afternoon:0.05352340657216325
its:0.019882928423405482
he:0.015289742380002263
on:0.009750169716140192
am:0.015714772660590053
charter:0.05436005442783276
state:0.02555493641289054
pennsylvania:0.05804267223798763
jobs:0.09495818507851161
a:0.002685584857396914
air:0.03705902870799201
as:0.0153868107734042
international:0.03812850596866725
washington:0.03691551284052398
travel:0.04918954407508358
early:0.03368020287301232
plan:0.03755350189844814
base:0.037034960148202414
it:0.0032966868244228074
statement:0.03339614826627698
92:0.04214918161900841
public:0.028497544212121095
talk:0.03326532468881757
his:0.01773489462985824
be:0.005562127472475686
of:0.003739242030110359
saturday:0.09583246150306464
available:0.02597176757513683
secretary:0.09820965296397188
up:0.012917888176465237
president:0.10861898536073072
in:0.0017084586720624085
office:0.03510324916390539
force:0.0343654242193728
and:0.0055066934782325465
for:0.0031283544510776347
subject:0.000256701508577099
summer:0.04327659760150214
create:0.03656582395426557
house:0.06611292200942676
will:0.05448583388958098
the:0.004348575057629152
would:0.008967785058695924
return:0.03548430488285509
facilities:0.050857918374235506
immediate:0.046150723900017177
address:0.03070020532628472
many:0.01781924064978936
about:0.009471309426171842
17:0.03781061306231256
press:0.1034812604067596
15:0.03213279549981388
clinton:0.035241887389138776
morning:0.041251354015379
white:0.06536479126578063
time:0.015187595864458786
1993:0.029131305798174398
leave:0.03397290504129343
full:0.029708293114646667
release:0.03820964893641595
april:0.06542603580554063
by:0.009523418027088136
s:0.005965733469769407
