another:0.011371822207120916
1.1:0.028690282874213713
there:0.004706558900395627
know:0.006327564746965651
all:0.004892655541775853
take:0.010901277591465145
where:0.009474137426839804
hand:0.016190971566423965
your:0.006461190882980834
wonder:0.01892496260418938
ron:0.021729735057564283
damage:0.022817809518813698
much:0.008959983946461187
c:0.013262039463738256
compared:0.021142505773916007
ohio:0.05202477721082429
hell:0.01750451756144562
into:0.009183609758884033
companies:0.020392986387629417
1980:0.05515069009093794
my:0.004872893647847699
single:0.016673982925704486
to:0.004240612800279479
hardly:0.02239300949020268
look:0.012159837560389285
80:0.020495700653657994
death:0.017207263507879086
might:0.010908128901940749
been:0.007524309678058663
make:0.009026053760767712
that:0.0017789980791511632
like:0.005972508017993196
nt:0.0036619412908843
could:0.0077390213093643965
grab:0.027458789911737915
re:0.001917643603990618
afraid:0.023154996070417704
charles:0.02110898797401967
this:0.00807665289802183
he:0.00815452926933454
joke:0.02517244343277098
you:0.0028502512277370352
books:0.018721732887416208
went:0.016730570590954275
great:0.012929490711449625
state:0.013629299420208288
m:0.014039125252472534
economy:0.05322194925501035
more:0.006520097568311414
a:0.0035807798098625512
how:0.006745451267841663
other:0.007073374296573901
old:0.013579041447909354
peoples:0.028005506501780263
usa:0.018690367620660127
election:0.028838936909461158
drive:0.028962089731343472
hands:0.02054035874541073
whole:0.01534315628219123
columbus:0.029654653292177507
those:0.009517516175833641
caused:0.020422123995154706
pocket:0.029230593210920516
it:0.010549397838152985
not:0.006183692395650922
japanese:0.02567599228497208
only:0.006838647375739931
kind:0.014130906138272102
university:0.012053026162044378
growth:0.027878877719265536
grew:0.028690282874213713
hm:0.027344825107713758
after:0.009893403526486929
has:0.005460381917366928
his:0.009458610469257726
be:0.0029664679853203656
writes:0.003391089184705448
get:0.006740379360467294
down:0.012124951676682861
were:0.00795540152549897
things:0.011460132964821793
of:0.004985656040147145
germany:0.021562798631729677
ryan:0.02279455231283733
what:0.009440431825606475
central:0.023489283146749473
oh:0.016562647098161402
seems:0.012084549176313221
fact:0.012298805787840202
now:0.008471355886555098
over:0.010286875653945425
in:0.0063782457090329914
gon:0.024515412151251623
better:0.011467773698981554
and:0.006852774106244946
for:0.001668455707241405
subject:0.00013690747124111947
i:0.0039158709178542545
pay:0.017091497753835297
pretty:0.014759077214972443
than:0.014672833663789344
the:0.0027057800358581386
wrong:0.01355601054784544
do:0.0036836816354179317
thing:0.011609909923717725
magnus.acs.ohio-state.edu:0.04719336807652708
got:0.011344378572464483
country:0.03457183700533469
did:0.008430313043297258
na:0.022350274200155788
slick:0.029480799181020163
cars:0.019600395144469263
tax:0.022725406926492272
just:0.00602250545367121
here:0.009232825157043057
people:0.007719349436272397
many:0.019007190026441984
entire:0.019125221654814367
hold:0.01779374673304626
is:0.008266850058174274
clinton:0.018795673274207347
win:0.017381925146812006
days:0.015273090382308577
lot:0.012710530196232772
gone:0.020151781522475706
dollars:0.023515923233298725
cincinnati:0.03168994234046865
under:0.012447812446695586
article:0.004155553232392826
already:0.014901468314345391
dammit:0.029927011370710573
by:0.010158312562227344
s:0.01590862258605175
