another:0.017057733310681375
some:0.008981052885641187
health:0.03204882000194424
1968:0.04626506927716876
correct:0.025170903386011145
returned:0.036533463090109776
all:0.007338983312663779
case:0.019012393133128892
with:0.013496016387451093
to:0.00742107240048909
social:0.03339878609212543
then:0.012276002690583102
that:0.0026684971187267447
control:0.02345872515339249
really:0.015010736486084046
he:0.01223179390400181
programs:0.027178324033034745
starting:0.030165553714440133
american:0.0992933913042528
market:0.030083501654407867
bill:0.023811645197628597
shadow:0.04127510452340636
answers:0.032235470940402945
wife:0.031084477131876696
canadian:0.11198464190174533
fled:0.04372474860893354
assigned:0.04660700591232902
brian:0.028739057805990606
forces:0.03388477764306029
care:0.02435397647133767
administration:0.0342617590208041
place:0.020918673979357122
being:0.014967722537885756
ve:0.014039489992518726
states:0.026560459503505256
between:0.017868198815741584
suspect:0.029862269714598152
public:0.022798035369696875
evil:0.032128259341604626
his:0.01418791570388659
free:0.04442319683268824
be:0.0044497019779805485
writes:0.005086633777058172
of:0.005982787248176574
destroy:0.03798327403140465
america:0.060580593145637886
future:0.026957740956291155
candidate:0.044221198771530246
canadians:0.08870096859408175
who:0.009946560571029602
in:0.006833834688249634
system:0.017194017917250195
office:0.028082599331124315
world:0.01939423606717444
and:0.004405354782586037
for:0.0025026835608621075
subject:0.00020536120686167922
steven:0.06902329427460033
i:0.0014684515941953457
draft:0.03798327403140465
we:0.010367260813184384
pay:0.02563724663075295
institutions:0.044890517056065865
will:0.017435466844665914
yet:0.0202312980206628
ways:0.02744875677906996
the:0.008117340107574417
when:0.010059034175721047
canada:0.028620058407743437
ross:0.041725075344034114
got:0.017016567858696725
an:0.006906908758167206
tax:0.034088110389738406
long:0.01831008650083527
clinton:0.05638701982262204
new:0.013261535114488823
time:0.012150076691567029
their:0.011643720142936262
smith:0.060580593145637886
under:0.01867171867004338
him:0.055304199308384025
image:0.028469715361028283
thus:0.025625808252894657
by:0.007618734421670509
high:0.02151787558185786
begun:0.04360548563557997
