go:0.013056592293920316
out:0.007907228852888993
know:0.049686246670804096
all:0.012806279605990485
till:0.03354975379907679
situation:0.023651894555534216
into:0.012018818140821385
such:0.012906155727971802
my:0.006377276921679874
to:0.004624829396277956
then:0.010710606374334249
day:0.03413829578205197
that:0.004656437925294991
nt:0.004792473501492876
anything:0.03115759933314636
re:0.002509667803880339
wait:0.02464026714839005
so:0.006857789244194094
this:0.007046744139213678
big:0.03725879938077258
on:0.0034027437935522814
you:0.018650972798950397
american:0.06497386343734662
bible:0.04830783223969526
sea:0.06774912559629921
a:0.0018745021823441544
how:0.008827939578718955
said:0.014708086098412296
hands:0.053763355105437484
are:0.004314841487256547
culture:0.03175243365211067
crap:0.03261405222021944
wild:0.03171212476580052
it:0.004602086305234523
ve:0.012249219456559962
mt:0.03745248674818603
manage:0.03381932454891125
party:0.056975549577485345
call:0.017831920120796693
johnson:0.03098895120005256
which:0.008670418339043744
found:0.01794980204870468
writes:0.013314007872836825
of:0.009134792610470944
but:0.0044649880687947
ingres.com:0.07988295442161619
settled:0.03916622293482256
anderson:0.032568240374109374
easy:0.02223947358562958
who:0.008678207209623142
up:0.009016512552700568
david:0.016754666035869087
one:0.0065994020656082045
in:0.00476992488307357
shock:0.039672985032192666
st:0.025749981496102685
or:0.004525580253040841
douglas:0.030271017511782974
and:0.002562398754971744
still:0.013702745518319109
subject:0.00017917420732898185
i:0.0038435981324576158
the:0.005058745033483577
do:0.004820925630244944
start:0.01890981267035243
did:0.01103296002310715
return:0.024767568508838447
needs:0.02247883599106944
just:0.015763604878736723
about:0.033054234238988976
is:0.005409515977664373
right:0.013019285864364426
christianity:0.025816431636926256
keep:0.017781305933731013
history:0.044577283279877596
guess:0.020108438006279553
nothing:0.08573342286915801
every:0.01632314447608991
him:0.01608399532458596
article:0.016315427120468476
little:0.015740528200660832
garrett:0.1290425476114608
