know:0.014347385182073277
case:0.028739664038450647
gay:0.0516853221046893
consideration:0.0583114728513806
your:0.014650374676526308
my:0.011049003038724433
to:0.004807671488688945
hunt:0.0685099614411582
day:0.029573291113521766
civil:0.048525807901633876
been:0.03412186947026603
that:0.008067549428708763
quite:0.030886039326853503
nt:0.008303238973516727
me:0.012599868376797031
re:0.004348145381141518
so:0.023763037148486512
bashing:0.06993556983758067
you:0.019388336839839135
vs:0.03972804587282956
a:0.0016238420067981338
was:0.01029605969885332
evidence:0.07483041940728086
nc:0.12181233061704515
mind:0.03522855584895508
should:0.03820493354031348
have:0.017834323714453006
rights:0.040386039763869834
sufficient:0.05320049120299657
after:0.022432717298429664
careful:0.0535041091565278
uxh.cso.uiuc.edu:0.06873575313717101
feel:0.03542182190983927
regardless:0.052616051263683905
be:0.006726293687645015
which:0.015022003866482765
writes:0.007689097569971655
conclusion:0.051322729925192934
of:0.004521874082924155
but:0.007735851421516398
sat:0.06045011050441466
listened:0.07045245079770665
well:0.019568231513410986
court:0.04647280962166638
they:0.01084790261055516
now:0.019208306952072606
good:0.01883732385301743
in:0.006198129135854319
thomas:0.042837267604989536
and:0.0022197524098301735
for:0.007566252625862186
subject:0.0003104297313025383
i:0.0022197524098301735
everybody:0.04741754999693243
room:0.04637242418975123
sad:0.05501293737400569
the:0.0043822849417968195
do:0.008352533940773217
would:0.01084476332679507
because:0.020520026731331558
come:0.027920856679876843
about:0.0114536765153706
else:0.029378514248116938
verdict:0.06993556983758067
convicted:0.13529648166943914
