optilink.com:0.13635073526084282
mark:0.041716999504058196
all:0.026501884184619198
with:0.00812260245541038
insurance:0.06167254195345491
companies:0.05523100479982967
to:0.0038283310002523076
mail:0.04255993756716466
that:0.009636239595402133
really:0.027102718655429524
re:0.005193618094141257
child:0.055074508621408245
on:0.007041789239434582
why:0.024718369168805644
more:0.017658597580843413
factor:0.06284695012051134
other:0.019157055386554316
uunet:0.052458226561351184
usa:0.05061974563928784
are:0.01785864948892293
those:0.025776606309549446
internet:0.03967408254325842
likely:0.04592234451291289
not:0.016747500238221247
sex:0.06007843758411562
have:0.007100702960384067
being:0.027025054582293723
uucp:0.05880039732411213
university:0.03264361252220352
virginia.edu:0.06675205277926949
determine:0.060589742766375576
greg:0.0608231749652142
writes:0.009184199875243921
of:0.010802254753652147
sexual:0.0618615093431185
department:0.04816771642629078
groups:0.051108133312311
risks:0.07731158727090247
aids:0.07517060560663498
in:0.0024677736374234785
astronomy:0.06847840995534696
and:0.0026513709339638183
subject:0.00037079106794469857
i:0.0026513709339638183
gays:0.08130717161051053
than:0.01986946225304807
the:0.0020937583610807025
correlation:0.08265666811681119
risk:0.05958528913332522
thought:0.03728592229432934
people:0.020906571389904406
is:0.0037315642623703318
homosexual:0.06711757095034412
having:0.036345713783616125
their:0.021023383591412693
virginia:0.1355626603405868
concentrate:0.0726108317455524
article:0.01125462333773057
walsh:0.17714901388114737
va:0.06932041859168632
