optilink.com:0.0798150645429324
go:0.06326608948923991
out:0.009578675602280163
there:0.0074616177689198985
concept:0.03460042068390881
stephen:0.03310292097065868
all:0.007756649029644644
percentage:0.036630587990404195
ah:0.03827074768675424
gay:0.03613770488620553
with:0.009509388240480445
work:0.016464003772278895
to:0.00784340985417546
stop:0.027024009061631202
discrimination:0.09242629787254246
that:0.008461088425231142
nt:0.005805516680670232
me:0.008809664068329632
re:0.0030401666892534195
chances:0.03967687619724493
clayton:0.039127337244947956
game:0.024162675674069007
on:0.004122022969425122
you:0.027112145824815703
etc:0.018880682824863704
a:0.0034061076240155977
same:0.015789376833565957
want:0.01538697534725351
baseball:0.030465657236494376
ending:0.0932069355828898
based:0.024560187088622298
others:0.021921367667222736
are:0.010453843603271961
cramer:0.0798150645429324
it:0.0027874425182111543
not:0.004901707386796463
have:0.004156509049980918
university:0.019108456110558163
against:0.021002282863071927
public:0.024095484537078
greg:0.0712076194714703
writes:0.010752234000285568
of:0.0031616355376542873
standing:0.040205370752602616
even:0.013651702827366064
park:0.03651416478898347
but:0.005408806684962686
associate:0.08053254104551674
equal:0.07249764780051943
women:0.03072613978726362
now:0.013430198356733694
in:0.00433365126571928
yes:0.02168167374393406
murdoch.acc.virginia.edu:0.04729877001451938
or:0.016446620919587446
force:0.029056944055404647
forcing:0.042916684642708924
men:0.02854958172867758
and:0.0031040440202503242
subject:0.00021704843001640894
forced:0.03690890645904031
will:0.00921386459270963
the:0.0018384219755830562
do:0.017519949241621872
when:0.010631499535314927
law:0.024445862806861514
rational:0.04151952808232958
makes:0.022707137254081092
people:0.0367139790261736
is:0.00655299089977229
new:0.014016256625069489
study:0.030124986572640643
their:0.012306370882778164
virginia:0.03967687619724493
created:0.0308788218576018
everyday:0.048220141439779575
article:0.013176144395391888
process:0.029402957180760712
upon:0.02819573644465802
wish:0.030374613941290887
