cleveland.freenet.edu:0.3893107974095914
re:0.03399459116165187
this:0.047725676215583546
bill:0.2814103523356107
race:0.39734815716814165
not:0.054810000779633175
and:0.01735442793139954
subject:0.0024269960810925726
jones:0.4509362254486056
e:0.2828081541867115
violence:0.42793654231552464
