there:0.01529631642628579
all:0.031802261021543037
actions:0.06590370740313586
to:0.0022969986001513845
die:0.1255918123810783
like:0.019410651058477887
re:0.006232341712969509
so:0.017030176623082
this:0.008749707306190317
more:0.021190317097012096
a:0.0023275068764106585
other:0.022988466463865178
ph.d:0.10136500478045783
also:0.02472495219465944
causes:0.14223837664582387
due:0.05525237474830804
murders:0.09020472672796198
mother:0.07099340156232223
war:0.05894708525955029
things:0.037245432135670824
of:0.012962705704382576
what:0.01534070171661052
nature:0.06354025237099617
killing:0.06745071086259435
fact:0.039971118810480655
over:0.03343234587532263
in:0.0029613283649081745
and:0.006363290241513164
few:0.03809379168177144
subject:0.0004449492815336383
murder:0.071309666586639
we:0.022462398428566167
than:0.023843354703657685
the:0.0037687650499452652
here:0.030006681760389935
people:0.10035154267154116
is:0.004477877114844399
time:0.026325166165061892
hear:0.055228026070980124
too:0.032541964464408275
natural:0.13957028639003932
earth:0.058675586043229144
conscious:0.10024098343386563
while:0.03617237509797537
john:0.08938261331939486
s:0.010340604680933639
