some:0.010021775752217632
effective:0.017330323749375726
at:0.00756193143737709
out:0.010113108146613389
there:0.003938965603335396
all:0.0040947117195119795
happen:0.01451344303076101
situations:0.02051719042701316
take:0.009123386825475121
leader:0.02010319786826826
own:0.009727427620377663
your:0.0054074344299625005
with:0.00501997748317208
much:0.00749869901098683
compound:0.018379479706032213
into:0.015371707321737222
from:0.003633357315150968
wire:0.02188055053286602
longer:0.029134858440980047
prevent:0.017266169408449234
themselves:0.013890344276063595
to:0.004732014283573668
remember:0.011942592431421597
then:0.006849271887449799
began:0.01923522848416999
been:0.012594338087737677
that:0.00446658316010056
lance:0.02554197469704037
uxa.cso.uiuc.edu:0.01913564523490105
like:0.0049984509163462365
really:0.008375089026570498
months:0.014574225493475623
its:0.008874783502292576
me:0.00465059519486929
re:0.0016048948617088865
had:0.00658544414455852
this:0.0022531435123236865
off:0.009371062008396354
suicide:0.04438001345973499
best:0.020902798969626043
something:0.008543610803276923
two:0.008003388122975585
you:0.0023854033880202656
children:0.014387883553727577
concerned:0.017278923787801843
them:0.018873723238612545
state:0.011406495222921099
inside:0.032223652592911475
welfare:0.025370277981960114
more:0.016370202049193896
a:0.0011987159878509828
air:0.016541369037043646
as:0.00686793270572548
old:0.011364433829795382
coming:0.029842317208494378
usa:0.015642153158921566
let:0.019786590066547854
hands:0.017190428992940314
course:0.010498505578970039
daily:0.01913564523490105
are:0.0027592763158850882
pressure:0.018887050180254245
play:0.013742138338113483
gas:0.017030771123042927
place:0.011671363164448178
police:0.015775038247350607
it:0.002942965062145682
not:0.007762789809990964
have:0.008776834560474726
probably:0.020491190686945996
picked:0.020490112447642924
opportunity:0.01974829780026348
after:0.008279887071523396
doing:0.01150516268311294
has:0.00456984752741009
bother:0.019680708285378764
convex.com:0.023078078471529827
yourself:0.015048389147530438
be:0.004965332679291599
writes:0.0028380360129509116
get:0.005641090022708679
kill:0.01585679015709608
were:0.0066579540664047174
things:0.02877329521210622
if:0.005752364118140852
of:0.003338035803703668
sit:0.019981607711074156
what:0.00790079058366207
least:0.010333314947238121
easy:0.01422180928866441
they:0.012011840658897988
who:0.005549583151218233
one:0.004220218488307392
in:0.004575442967240098
point:0.018897304388498376
tactics:0.023228684994324972
or:0.005788081182000733
better:0.009597493009877266
and:0.007373769807762037
few:0.009809560089726551
for:0.002792694102249562
subject:0.00011457921412883389
welcome:0.01795544286163696
news.cso.uiuc.edu:0.019680708285378764
bullets:0.024532042993458975
water:0.017596983754126827
lives:0.016705827682117196
will:0.014591914312059456
turned:0.016853640943835183
than:0.006139919666177945
the:0.0051759863346887754
do:0.015414547616019241
thing:0.009716448219420415
start:0.012092541149710354
would:0.016011152722821907
can:0.003710583658530959
last:0.00935692082428969
fbi:0.032745252208500726
an:0.0038536400796641062
solutions:0.020203012727342366
people:0.025841598971212316
excuse:0.019000000001358854
about:0.004227537254600307
press:0.03079270695937911
general:0.012654207566899361
is:0.0057655070148211135
attorney:0.022110525838162618
keep:0.011370878043458888
easier:0.01792563825926438
2:0.008362272755774287
their:0.006496496217088901
mass:0.01807677519613591
first:0.008058175233437945
too:0.008379905012293977
very:0.007481727432546984
commit:0.02239539737869855
going:0.018693696858795558
alter:0.02554197469704037
giving:0.01628054483815054
