optilink.com:0.10120879318330601
go:0.020056002595815744
out:0.012146155660623298
uhura.cc.rochester.edu:0.062462997614461564
andrew:0.038819156280123696
percentage:0.04644909611154346
ah:0.04852888624196671
gay:0.04582410001034309
your:0.01298899198125013
with:0.01808744464297569
miss:0.049750727481506274
to:0.0042624716291469
politics:0.0504571186818852
discrimination:0.058600178548055264
fascist:0.05892748471624682
nt:0.014723269107679144
re:0.007710113459343722
tells:0.04563917526099601
anyone:0.017246543810735992
this:0.005412190086303288
clayton:0.04961507712503709
something:0.020522281620242503
on:0.00522689510555969
you:0.028649432443748547
a:0.0014396949750993763
ending:0.05909511895203837
others:0.027797198175962844
cramer:0.10120879318330601
d:0.018781899199763252
have:0.005270624877810854
made:0.023975046926989704
being:0.02005983432912524
university:0.024230310325759313
against:0.07989528223168599
netcom.com:0.06637185927260081
greg:0.09029419788650356
writes:0.02045141415518234
of:0.004009084238468838
associate:0.15317787446286432
phil:0.09137019279723696
now:0.017030045338950972
in:0.007326998016267648
our:0.02298737549464323
yes:0.02749325639694731
murdoch.acc.virginia.edu:0.05997679084315344
force:0.03684540328675022
for:0.003354111988784268
subject:0.00027522635971152884
we:0.02778853413843237
will:0.03505068077020467
the:0.000777064958751601
do:0.007405339370170069
when:0.013481179823131299
people:0.01551827979456822
about:0.010154805982699706
is:0.00553964179156008
having:0.0269782617775295
new:0.01777319139055203
study:0.03819972524159586
their:0.01560498575857437
virginia:0.050311915177949744
tree:0.05330176874287759
words:0.03410164053100386
article:0.016707894439517545
practiced:0.05828294495355265
live:0.0319246213809037
happy:0.03915561946891774
