screwed:0.07712046123872453
optilink.com:0.07113951404913539
since:0.014498707415968705
go:0.014097335157928458
at:0.006383804438075587
all:0.02074060501404981
your:0.02738983091698397
with:0.004237879541953242
much:0.012660846880869069
arguments:0.030141453878132985
my:0.013771221178700018
to:0.0009986950435440804
then:0.011564350360694226
consent:0.037265362584989976
that:0.005027603267166331
nt:0.00517448225885825
suppose:0.055857086748277815
me:0.007852091886989454
re:0.0027097137882476125
started:0.02376264402890511
so:0.007404424618731305
had:0.0111189020701604
clayton:0.13949746322111878
child:0.028734526237256478
on:0.003673976994487608
you:0.0040275289087588545
8o:0.09600325474859177
why:0.012896540435898598
fun:0.02982791778937562
a:0.0030358785344486846
how:0.019063231843900352
y:0.030893989685034855
uunet:0.05473901902054037
ar:0.04441687199867192
question:0.015818739734399307
sig:0.03419664074723025
are:0.009317556255090224
christians:0.026065171282894713
hey:0.027928543374138907
cramer:0.21341854214740616
it:0.0024844596357968983
not:0.013106739316868801
have:0.00370471458802647
being:0.014100028477718464
completely:0.026065171282894713
between:0.016832361203234822
points:0.026559103539640815
love:0.02371172058102499
willing:0.02591231778246138
be:0.004191748240126604
writes:0.004791756456649003
if:0.00485616246205369
of:0.004226969251429101
presented:0.03307960683543852
but:0.0048208929148580455
huge:0.03114436926117008
again:0.03538940779866693
variety:0.03385953918465856
they:0.006760287134114085
up:0.01947044015003456
one:0.007125441360692916
in:0.0025750681433984127
or:0.004886314910891923
alt.atheism:0.04085802741398599
and:0.00138332396554634
subject:0.00019345620936245142
each:0.018449343459134893
i:0.00829994379327804
promiscuous:0.04459580397396447
any:0.007415125118034835
the:0.0005461978333254008
relations:0.034921883200541716
would:0.00675833076887229
pyramid:0.07776468968178009
mutual:0.037265362584989976
just:0.008510062054100622
here:0.01304638337408258
people:0.01090777637734143
about:0.014275596816259008
e:0.04508535791382358
ma:0.029066796559692146
is:0.001946903093410608
partners:0.0391336894639907
does:0.008829629089402357
lot:0.03592106359804914
man:0.021000357527501443
every:0.017624264687952147
concentrate:0.03788391221507082
article:0.005871977393598558
opinions:0.0413856544278267
by:0.007177068658095406
mine:0.04732230499710125
says:0.03711632962938505
optilink:0.07988937771354641
s:0.004495915078666799
