some:0.008399545864268736
report:0.027307397291185292
at:0.006337877787441951
out:0.01695218847597784
form:0.024556697298430904
all:0.006863797342779074
percentage:0.032414117430357665
gay:0.09593390721589813
way:0.012463113809687362
previous:0.024987046184840333
from:0.006090447873598386
my:0.006836073822520153
to:0.0019830203742314113
denver:0.04238745815783889
obviously:0.026488439430402567
that:0.014974300378466626
think:0.0103578994786227
quite:0.019109348072729508
nt:0.005137255767787328
population:0.028388104567512895
re:0.00269021944444727
had:0.033116729906808674
contact:0.07510947407871729
big:0.01996964427242847
on:0.0036475455053186327
you:0.007997107761276575
used:0.014204773441272415
material:0.030379133358301315
3:0.016845078738400143
how:0.009463043145533269
richard:0.026878255502005604
same:0.013971894608119515
as:0.0115124339599571
dramatically:0.042963304975634116
heterosexual:0.12634783502064947
hands:0.028815611189604986
figures:0.03395062174904874
are:0.01387578521441494
no:0.016197780376726763
it:0.004933171650934849
not:0.0043374820760860786
reported:0.029707680554040748
have:0.0036780619650910278
being:0.01399858942392193
mistake:0.03214260427940193
ve:0.013130458266384419
kind:0.01982393307167669
university:0.01690892159423492
halcyon.com:0.04565894130255074
60:0.029292512801374227
points:0.026368030852305272
be:0.00416159177796742
which:0.00929418944257207
if:0.009642452082926753
of:0.00839311880139879
sexual:0.03204337174607577
even:0.012080283796877884
presented:0.03284162405244975
but:0.00957242046403468
year:0.05341210178869753
reading:0.02364260465009346
must:0.016672377176111492
they:0.013423303949751709
one:0.007074179192630378
in:0.006391356183255053
according:0.024744792838749773
intend:0.03661518137708395
men:0.02526329893976505
for:0.002340639301525712
subject:0.0001920644380720741
i:0.0027467439891423733
any:0.0073617788941640816
the:0.006507220230121321
thank:0.026118664077478523
got:0.015914775695183986
did:0.011826698154265939
criteria:0.039023451760607446
counted:0.04147887020586557
is:0.0038657931926714233
new:0.012402874567507532
time:0.011363381078443983
study:0.07997208665686616
2:0.014017334907161215
percent:0.03403678139686683
article:0.005829732951917993
past:0.04753258196983257
playing:0.028815611189604986
s:0.004463570365870636
