optilink.com:0.10443886105085833
out:0.012533798926387871
percentage:0.04793151407255016
gay:0.04728657128726893
from:0.009006087813086974
to:0.004398507957736694
remember:0.02960238336724715
us:0.021913578576436128
mail:0.03259910111527506
that:0.02214284843198788
nt:0.00759658033747275
re:0.0039780904550869205
so:0.010870325504094894
had:0.016323494528533353
this:0.005584919557142755
clayton:0.15359561109984884
on:0.005393710906800957
you:0.011825510412951528
assume:0.03693072931158698
posted:0.03631256302640314
includes:0.0400824933131101
more:0.013525734317241763
a:0.001485642687070633
uunet:0.04018076928103495
was:0.00941979929895091
as:0.008511852768266152
usa:0.03877257112796516
are:0.013678965565983522
internet:0.03038865896930432
cramer:0.10443886105085833
it:0.0036473981887231058
not:0.006413936261446435
uucp:0.04503860220570291
university:0.025003618102113337
virginia.edu:0.05112923191603621
25:0.0391242824286129
greg:0.04658796380314279
claims:0.039960911442646026
writes:0.007034706287420876
were:0.016503226568854244
making:0.03270858713694046
if:0.00712925978471712
of:0.004137033735441248
department:0.03689442109247804
surprising:0.0579643749771127
well:0.017902850108014307
one:0.010460754338038537
in:0.0018902095946222392
or:0.007173526145777503
astronomy:0.05245154805090405
and:0.0020308373111212227
subject:0.0002840101797023223
we:0.014337701124616702
leads:0.04829569674959529
20:0.03345566328091085
the:0.0008018649042436733
do:0.007641679988366986
homosexuals:0.05191761459852261
forget:0.040842695057601
is:0.005716438870014126
homosexual:0.10281840656222929
partners:0.05745158665990124
new:0.018340420903016456
study:0.07883773081776167
2:0.020727761192504347
virginia:0.10383522919704521
23:0.04606033676974522
first:0.019973987546713205
every:0.025873920499334
show:0.032022007124838645
percent:0.050330985257069034
article:0.008620562556559585
earth:0.037452501729720734
bad:0.029155330284536
conclude:0.05638091085373435
va:0.05309649083618527
