optilink.com:0.0399075322714662
looks:0.013915062903958907
read:0.009215459601211066
believe:0.008831999513537971
large:0.012170870406047056
at:0.0035811585872131345
out:0.004789337801140082
know:0.010031505086652862
all:0.007756649029644644
percentage:0.018315293995202098
ah:0.01913537384337712
gay:0.018068852443102766
your:0.03073005419954299
with:0.011886735300600556
though:0.010103838217929593
response:0.01427479086433879
except:0.013107160239852901
my:0.007725319197807328
to:0.003361461366075197
hole:0.01897134418677725
politics:0.019895693138792137
camp:0.023368926180076962
discrimination:0.023106574468135615
fascist:0.023235634217381878
consent:0.020904959498896817
that:0.011281451233641524
like:0.004734305136214119
its:0.008405790878187684
re:0.0015200833446267097
flat:0.02007246188651465
tells:0.01799593496063664
anyone:0.006800466461956875
this:0.004268149905458691
clayton:0.039127337244947956
contact:0.014146635361709627
something:0.008092119175461475
on:0.004122022969425122
you:0.02937149131021701
assume:0.01411174209467145
them:0.00595877712004976
state:0.010803712955043156
8o:0.05385548437116124
bill:0.012583389738584218
prove:0.015963001381762595
a:0.0017030538120077988
how:0.005347004053776929
y:0.017330774701361018
uunet:0.015353627286249128
as:0.003252496586248043
ar:0.02491678185291352
minority:0.02016381495908399
ending:0.02330173389572245
belief:0.01674599715678314
sig:0.0191834813947877
others:0.021921367667222736
are:0.0026134609008179903
no:0.004576202179603699
cramer:0.0798150645429324
it:0.004181163777316732
not:0.009803414773592926
admit:0.016667061848420938
have:0.004156509049980918
proof:0.017020766632931627
being:0.007909772072866457
only:0.005420879017354824
university:0.009554228055279081
between:0.009442544089619536
against:0.03150342429460789
netcom.com:0.026171017680659672
greg:0.03560380973573515
be:0.011757342624745351
sic:0.024029572234945965
which:0.005251594847632187
writes:0.008064175500214175
if:0.0027241886982252413
of:0.002371226653240715
ethnic:0.02101736409780133
associate:0.08053254104551674
phil:0.03602808415175604
again:0.009926297309382187
must:0.009420570843412591
they:0.0037923561971859505
who:0.005256312496885563
now:0.02014529753510054
good:0.006585405899835363
one:0.003997198812096027
in:0.0036113760547660666
yes:0.01084083687196703
murdoch.acc.virginia.edu:0.02364938500725969
or:0.002741103486597908
force:0.014528472027702324
and:0.0015520220101251621
for:0.001322556353301114
subject:0.00010852421500820447
grief:0.023950636926583762
however:0.009744304488605339
forced:0.03690890645904031
i:0.0031040440202503242
person:0.011403229427129477
face:0.014590534922542928
actually:0.0099362362890288
will:0.013820796889064443
the:0.0006128073251943521
do:0.008759974620810936
when:0.0053157497676574635
relations:0.01959032472225511
would:0.007582517448003058
can:0.003514495904218347
once:0.01090663087367848
homosexuals:0.019838438098622464
instead:0.01247046468123838
may:0.030260577681948474
an:0.007299984866355584
thought:0.010912952866632979
pyramid:0.02181204710586515
mutual:0.020904959498896817
just:0.004773937249861326
people:0.024475986017449065
about:0.008008261628633103
e:0.012645893073389541
ma:0.016305763923729743
is:0.003276495449886145
homosexual:0.058932501322253375
discussed:0.018454453229520155
argument:0.057215307969751585
new:0.007008128312534744
time:0.00642077223538095
type:0.013172815082649173
study:0.015062493286320321
does:0.004953206562347664
their:0.006153185441389082
virginia:0.019838438098622464
guess:0.01217950106884412
under:0.009867168402868453
change:0.012081337837034503
falls:0.020102685376301308
article:0.009882108296543915
practiced:0.02298148642477483
opinions:0.011608171363902612
comes:0.012293399744900456
by:0.004026160466736448
mine:0.013273329450406449
optilink:0.022407996187945946
