at:0.012407957921893396
out:0.016594043649020562
all:0.013437575079525229
percentage:0.06345862426506642
ah:0.06630002768268692
gay:0.06260475635215887
your:0.017745524256074122
with:0.008237005306895032
ca:0.02896547318439889
to:0.003882251155185439
stop:0.046816241050431515
discrimination:0.08005939886142761
us:0.02901234346739431
mail:0.043159373307547266
nt:0.01005744439045688
re:0.0052667676447629656
clayton:0.1355679572148901
on:0.007140969369567464
you:0.015656309560809066
a:0.0019669072195019647
uunet:0.05319707482277867
was:0.012471283578892755
usa:0.05133269980322148
ending:0.08073558504715102
military:0.054532937503247475
volunteer:0.08120511209317344
others:0.03797645384603375
internet:0.04023287243823389
cramer:0.06913558407592031
uucp:0.05962857193431089
university:0.033103381712657094
against:0.03638423650926545
virginia.edu:0.067692222536724
topic:0.06150192747309186
greg:0.06167983940134398
writes:0.009313554803064259
of:0.0027385997967005445
department:0.048846134967506144
but:0.009370186228879017
associate:0.0697570602013983
least:0.03391073778459834
now:0.023266399970116116
yes:0.03756120944371675
force:0.10067617236097948
astronomy:0.06944289460260536
use:0.02341942996827251
subject:0.0003760134773523704
half:0.053262584275957967
i:0.0026887141865548584
will:0.015962047111313864
the:0.002123247915462121
when:0.018417949899207548
an:0.012646452655799108
people:0.021201030141874893
is:0.0037841215055023085
discussion:0.048420731612537904
new:0.02428168401244432
study:0.05218835702020843
their:0.021319487585657944
virginia:0.13747199358482043
under:0.034187653902896326
earth:0.049585002290052804
realize:0.055119876889170964
clue:0.0714424757472587
va:0.0702967625155129
