ultimate:0.03710133397195529
ideas:0.05066188221182353
there:0.006463232292796813
all:0.006718787539762614
viewing:0.038458265970754586
your:0.035491048512148245
with:0.008237005306895032
someone:0.015517310666640985
service:0.02565205090477706
post:0.0181871676368393
my:0.006691649727678178
to:0.004852813943981799
might:0.014979472787876381
think:0.010139070616398276
like:0.008201683545835727
nt:0.01508616658568532
consider:0.04535724054325624
me:0.0076309062000320055
re:0.0026333838223814828
afraid:0.031797353758672195
this:0.003697059425150838
bastard:0.041357806260344444
these:0.023332901029562574
you:0.015656309560809066
them:0.01032295191219888
came:0.0212586389611123
why:0.012533257606718355
a:0.002950360829252947
idea:0.019523776727188424
serving:0.04002969943071381
immoral:0.03747402693994361
are:0.009055089881707402
no:0.015855573749049435
kevin:0.06345862426506642
reason:0.01881839383104597
it:0.002414474857323746
not:0.012737535392449963
have:0.01080106929185182
herein:0.04097006135060481
after:0.013586011884964446
exists:0.026279106077594046
be:0.00407367082491177
which:0.009097833327588154
were:0.010924671108959854
if:0.0047193691532634455
of:0.0027385997967005445
what:0.012963973281642694
but:0.004685093114439509
years:0.01570264382380559
selfish:0.12849085113015782
please:0.013488840541586302
necessarily:0.02737509178208593
they:0.006569856510617913
who:0.009106006156576396
president:0.026517310980084495
in:0.0012512655062992288
fellow:0.033891989303722524
and:0.0026887141865548584
still:0.014378232973447515
for:0.004582378350874282
subject:0.0001880067386761852
i:0.005377428373109717
draft:0.06954683977581132
employer:0.03183162269987764
we:0.009491154265591339
body:0.024997754392074308
any:0.00720624835414653
the:0.003715683852058712
do:0.015175730681123168
importance:0.03487853010069915
would:0.006567955254256169
agree:0.021243346330735487
country:0.04747540997211454
moral:0.028268695668386096
rational:0.07192819653699349
thought:0.01890553806473037
here:0.01267887961706617
people:0.010600515070937446
expressed:0.028941965673403434
current:0.022269336082611394
shared:0.03520361490184818
is:0.007568243011004617
self:0.02994446071838152
man:0.02040879816052957
smith:0.027730553200468046
little:0.016516469731679327
opinions:0.020109930672676354
give:0.016642508953211316
bad:0.038600014742906814
selective:0.04060255604658672
by:0.006974897709980043
200:0.02926848624071277
while:0.015284102154074101
