above:0.014637935645852395
simply:0.016444319031631127
out:0.006334285478927204
correct:0.017592566882695962
say:0.020403709400726274
stephen:0.02189064128704848
final:0.020734668802347287
all:0.015388190816875664
50:0.03710949773256378
percentage:0.024223453348493094
means:0.04571927774901214
gay:0.07169254356456903
i.e:0.01857279030631937
your:0.01354765830302433
equally:0.025770131157373637
wrote:0.013847177283294954
to:0.001481934580742829
then:0.008580001880515071
most:0.009981696042833537
remains:0.024824482412945333
that:0.009325393156840774
quite:0.014280641839297859
higher:0.03991262272083755
population:0.042429532633164437
re:0.006031298431905976
sample:0.025339794019343873
so:0.005493605362284517
had:0.008249507987538362
this:0.011289944911213313
these:0.008906645016660983
on:0.0027258538991359674
distribution:0.07169254356456903
you:0.0029881666097243114
them:0.007880963287807748
size:0.019359554500354127
more:0.006835586160326483
a:0.0007508086698098899
below:0.019956311360418776
invalid:0.03108955587083126
gary:0.022820851846896015
heterosexual:0.06294748769845977
median:0.10188290125653018
course:0.01315135376290333
are:0.027652102434461315
likely:0.017776391424353378
hey:0.02072117734210306
it:0.0018433087620428601
not:0.009724354977031691
zero:0.024911904568169958
have:0.008245977631413756
only:0.007169549668114445
males:0.16287394539254763
between:0.012488526054012935
be:0.0031100067588036096
which:0.020836973105121254
minimum:0.02635192462318134
if:0.010808877738119504
of:0.010453794922889175
sexual:0.02394639071346523
what:0.0049486134569711356
but:0.003576791517475324
result:0.019005386887158617
they:0.005015696905955612
now:0.008881260203646475
distributed:0.026016957508470828
men:0.05663868633269906
and:0.0061580228143675786
still:0.021953861099242446
for:0.0017491874350111507
subject:0.00014353202630117365
half:0.10165708289228537
however:0.012887628517187706
we:0.014491869953913657
assumed:0.026275663144729962
than:0.03845702371557691
the:0.0044576790913331095
greater:0.04536648275627629
lower:0.04269873777468406
human:0.017235711673314925
imply:0.025770131157373637
is:0.010111335420616385
number:0.013453036819342786
homosexual:0.025980995206584822
partners:0.08710401848436639
maximum:0.026313658667434757
1/2:0.025501257928477607
assuming:0.021334245546607542
new:0.009268814864965306
study:0.019921362088359134
does:0.00655101513084691
1:0.02105939668736246
first:0.01009438080317764
33:0.02479565476164756
implication:0.03269838863885737
