optilink.com:0.05221943052542916
form:0.07262512605280629
hours:0.041661429537772576
own:0.024111602505829735
your:0.01340353427852407
from:0.009006087813086974
childhood:0.1294021337622866
that:0.01107142421599394
r:0.03298106134818223
nt:0.00759658033747275
re:0.0039780904550869205
clayton:0.051198537033282955
on:0.005393710906800957
you:0.005912755206475764
suggest:0.07811488947042804
a:0.008913856122423798
as:0.017023705536532305
homosexuality:0.10198392330364885
course:0.026022891488298075
based:0.03213726608404832
are:0.006839482782991761
caused:0.08473008891606738
works:0.06330055305427107
cramer:0.10443886105085833
zero:0.04929376861361289
ve:0.019416315947100363
which:0.027487070904628038
writes:0.007034706287420876
of:0.014479618074044368
sexual:0.1421498512565276
present:0.07711702729424051
please:0.02037675911601335
who:0.01375588164078562
and:0.0020308373111212227
few:0.02431518617985411
subject:0.0002840101797023223
research:0.03284395192060401
the:0.0016037298084873467
do:0.007641679988366986
americans:0.04555764650537772
mental:0.1701779009363037
problem:0.02250601374516579
people:0.016013544043331034
biased:0.05540820653501486
is:0.011432877740028251
number:0.07985951643822632
recent:0.04040526689877682
conclusions:0.10774418956190433
study:0.039418865408880836
unless:0.0327453343163882
abuse:0.1548723770981584
disorder:0.13041549650673884
disease:0.04840208061485682
by:0.021073095208875875
jamie:0.12706168918325833
