my:0.014618680943543098
to:0.0021203064001397397
been:0.04514585806835198
that:0.0053369942374534894
uxa.cso.uiuc.edu:0.06859392830356838
months:0.05224299292276646
anything:0.035711402312606215
re:0.005752930811971855
started:0.05044992116906008
had:0.023606284395109773
disclaimer:0.05775470041652595
state:0.04088789826062487
bill:0.047623290395257194
old:0.040737124343728066
red:0.055578753152962325
usa:0.05607110286198039
whole:0.0460294688465737
are:0.009890944332326547
place:0.041837347958714244
police:0.0565474447943491
not:0.01855107718695277
should:0.025274032957438148
have:0.023596182145276288
doing:0.04124158315638947
apollo.hp.com:0.0918753752555868
writes:0.010173267554116345
what:0.028321295476819424
but:0.010235126496160159
easy:0.05097971637321243
in:0.005467067750599707
better:0.03440332109694467
and:0.0029369031883906913
few:0.035163500013942875
for:0.005005367121724215
subject:0.00041072241372335844
welcome:0.06436335671940634
employer:0.069539852667425
news.cso.uiuc.edu:0.07054776969989618
than:0.02200925049568402
the:0.004638480061471095
do:0.011051044906253795
would:0.014348456093913478
last:0.03354096233937689
fbi:0.05868956741985131
solutions:0.07242003023801187
people:0.02315804830881719
expressed:0.0632270634711275
is:0.004133425029087137
clinton:0.05638701982262204
first:0.028885458913708327
too:0.030038736428684563
article:0.012466659697178478
very:0.026819115258206884
opinions:0.043932463931077574
reno:0.07954263950860195
mine:0.050234446843076715
