optilink.com:0.09261559376208191
out:0.02222975658642377
all:0.01800127982351493
percentage:0.08501060986452293
gay:0.08386674907553358
remember:0.05250234031172136
make:0.03320906572357931
that:0.013090740582433086
r:0.058494712579794904
nt:0.013473180221178084
re:0.007055481184493784
had:0.02895110350343651
clayton:0.18160990494824897
on:0.009566204249797922
includes:0.07108970512136507
more:0.023989038223032562
was:0.01670681385096954
as:0.015096493589000348
median:0.11918377128122398
cramer:0.18523118752416382
not:0.011375660539169148
25:0.06939023676018137
which:0.02437532702863241
writes:0.012476648887123817
of:0.003668690293693182
sexual:0.08403827684348174
surprising:0.10280474052544517
well:0.031752224719874426
or:0.012722857692511044
men:0.06625657646466683
for:0.006138657790793848
subject:0.0005037161677739301
20:0.05933645940387962
the:0.0028443509810907657
do:0.013553168281254654
would:0.01759716313404483
homosexuals:0.09208029758983255
forget:0.07243798746065083
15:0.06305303267888007
number:0.09442508861878332
partners:0.20379053381247986
new:0.032528293677048056
right:0.03660138856208112
study:0.13982540937489807
jamie:0.2253546940231374
