above:0.012842717123247855
believe:0.010248452265709153
ask:0.01374793671866211
at:0.008310990683532369
say:0.008950683840884639
posting:0.01556221017432189
all:0.004500319955878732
means:0.013370732171880909
take:0.010027118539319356
your:0.005943076519722936
with:0.0027586197018374873
ca:0.009700700924963779
into:0.01689437644323006
service:0.017182034096595956
from:0.003993265351085734
post:0.024363941551237552
often:0.014657171642824086
suggests:0.023256818475400853
to:0.0019502818303172135
look:0.011184756246584483
then:0.007527737498942468
ten:0.0189905152950841
t:0.024304462783023038
been:0.006920945222742637
make:0.008302266430894828
that:0.00818171286402068
like:0.010987160976496916
talking:0.015375901794161642
nt:0.003368295055294521
me:0.005111267360398796
anything:0.01094925070905379
re:0.001763870296123446
michael:0.014173090573932496
anyone:0.007891107309629204
comments:0.017377382141646698
this:0.0024763322564689575
mean:0.024937943932357175
ti:0.01787104271816822
something:0.018779823746825686
on:0.0023915510624494805
you:0.020973546770140447
suggest:0.017317923609009987
them:0.0069144300543973625
taxes:0.022460830365738538
intelligent:0.02404796355734803
access.digex.com:0.021096520633930988
m:0.00645667317035883
more:0.0059972595557581405
a:0.0019761850837448987
how:0.0062045424397600205
want:0.008927348904302744
secret:0.018852177488034475
definitely:0.020074772377928225
rich:0.021414129690858288
far:0.011742349396799063
are:0.006065201713219108
spending:0.023120084810904377
presidents:0.031438898925344745
yeah:0.01865199266126487
it:0.011320698151791526
should:0.007749113878459809
have:0.012057797479897474
unfair:0.028169336752892175
ve:0.008609121221827519
money:0.014623678144948726
has:0.005022521103238448
open:0.015589436692232844
feel:0.014369229642670648
access.digex.net:0.02339763433931444
be:0.0027285908355541098
noticed:0.019133033118652477
writes:0.0031191622217809543
spend:0.03868016240293916
things:0.021082320076794808
if:0.006322173771352918
of:0.004585862867116478
republicans:0.028370089651094048
what:0.004341708033002978
but:0.006276256813683116
again:0.02303650130290583
they:0.004400564266545961
who:0.01219861202107404
cares:0.02388668353495049
author:0.019075508245568428
in:0.002514335404167318
our:0.01051780859896412
fear:0.040620435240589586
or:0.003180714423127761
rather:0.012139073834494639
debate:0.021414129690858288
and:0.008104190401927143
few:0.010781261796727766
word:0.014475832623412352
for:0.001534664447698462
subject:0.00012592904194348253
i:0.003601862400856508
top:0.015951095406449598
don:0.02103115726288653
liberals:0.0857393033292845
than:0.020244357767256527
the:0.003910982598999803
do:0.0033882920703136635
see:0.00834615925193951
can:0.0040781414737627985
agree:0.014229033863039807
liberal:0.023120084810904377
maybe:0.012490156048784546
william:0.038411879994254876
carl:0.045844280951063174
last:0.010283785622922158
tax:0.020903086559745248
just:0.011079137391187602
insane:0.05471744466685361
finally:0.017153417338660874
about:0.009292605474734638
different:0.011920834424581356
is:0.003801971135245244
save:0.03417462483416315
else:0.011917699176122908
time:0.007450518725960913
somebody:0.01790437841261677
hear:0.01563057341631513
matter:0.014249542508964822
1993:0.014290829259481778
nothing:0.01205120755424957
cutting:0.02525690581504195
article:0.003822324907153778
opinions:0.013469859224151141
written:0.016903391219132594
mine:0.01540207096603767
defined:0.020617121362497916
s:0.005853172460905833
