optilink.com:0.041076372128789465
statistics:0.019770320460687354
ability:0.016771086466353252
go:0.008139883898720196
out:0.009859222586447362
andrew:0.015755055059297064
stephen:0.017036231294523085
know:0.005162657429532643
all:0.007983831218797414
percentage:0.01885172520008249
pass:0.016984415147243914
take:0.008894347825672399
codes:0.023009602429570494
gay:0.07439226277829757
your:0.015815048813990745
with:0.012234882359613961
height:0.022450893673819354
c:0.010820492449493554
meaning:0.01651023654763302
post:0.010805764872096989
yours:0.01768338621278017
both:0.009396251390411036
my:0.011927375665233907
to:0.005189871314149572
stop:0.013907753617492205
otherwise:0.014867718960719815
then:0.006677323639229301
flawed:0.024733367237643123
that:0.0029029675768575463
nt:0.0029877763670394914
could:0.006314264248226181
me:0.013601531553195122
re:0.0015646046141346045
this:0.006589737720143335
clayton:0.020136663100956475
off:0.009135805221574688
laws:0.015530853192627163
requiring:0.023119716690312642
on:0.008485503351285187
standards:0.017729281741527343
you:0.016278631488958382
orientation:0.02317587995530068
m:0.005727258209690678
a:0.004674490797812201
other:0.00577116312900381
want:0.015837639897173066
rent:0.046239433380625285
was:0.011114574905038312
as:0.0066955159850796515
skin:0.02151723864740007
let:0.009644927793944873
based:0.012639761556069214
step:0.01740385203005168
straight:0.01672243358771259
accomplished:0.023783336063436654
are:0.008070017342274798
lie:0.019079065580682193
works:0.012448225914438242
cramer:0.041076372128789465
d:0.007622779173125671
requires:0.016795626715108057
it:0.005738166188116685
not:0.010090544076585186
have:0.0021391239043834845
domain:0.01867448974468859
opportunity:0.019252524633729666
color:0.030917423486220803
against:0.02161741248667654
b:0.012807147893365027
morals:0.023009602429570494
public:0.01240060501280583
be:0.007261019964068678
writes:0.002766788246935407
get:0.016498418099888564
things:0.009350317690963388
if:0.002803976651729746
of:0.004067794677107503
trying:0.011281708046311279
sexual:0.018636103233073353
what:0.003851222188270423
but:0.002783611808579122
hire:0.04980150714987787
associate:0.06216842603722945
equal:0.018655252467497673
one:0.00411427158065114
rest:0.013667911437124721
in:0.0037171485751985455
system:0.009352394683023117
yes:0.022316701845220825
or:0.008464160556942494
rather:0.010767714028924113
use:0.0069572365177713305
and:0.003993696804296965
for:0.00136129231343964
incredibly:0.022043470393379287
subject:0.0001117027485021686
purpose:0.031471811649745496
until:0.011971404708638677
i:0.003194957443437572
face:0.04505361829638778
will:0.014225590103388506
agenda:0.02217491891318422
community:0.01702321697479759
ways:0.014930286114138469
than:0.005985779423512389
the:0.0018922669706838149
do:0.006011028610096206
when:0.010942882366893187
law:0.012580925210225798
because:0.007383775309182066
reasoning:0.02005541587979705
homosexuals:0.020419480218665794
moral:0.033591253430216114
forward:0.018098943539984622
put:0.010407779496011628
last:0.00912201904627405
an:0.00751379195449152
people:0.03149106987600664
about:0.008242813224450807
eye:0.019208481064746454
weight:0.01859806569457439
homosexual:0.04043903856422407
new:0.007213387300767978
study:0.015503654177551457
life:0.011675227419618033
impose:0.04868408963837559
their:0.006333404261848175
talent:0.022403615199953528
show:0.01259442958048047
article:0.0033905141435841045
by:0.004144081484590653
upon:0.014510776496623164
clue:0.02122349697931116
s:0.0025959677023264364
