effective:0.03337161515375656
at:0.0072807025822680255
out:0.009737000818846776
there:0.007584950294026012
know:0.01019731508808514
help:0.017686716694560307
story:0.029711219239773587
thanks:0.01647426979269556
ever:0.021846463279585625
your:0.010412662993233575
with:0.009666568211397476
such:0.0158927041608909
both:0.018559537870316018
to:0.003417022710969002
recall:0.03232111747994233
legal:0.03123400986639194
been:0.012125953613400325
that:0.002866980375491544
like:0.019250232454688813
anyone:0.027651483465146964
had:0.012681061865141613
laws:0.06135328781880814
on:0.004190155580489999
knowledgeable:0.04918413309430088
used:0.03263576046837795
serious:0.02972722014082207
knowing:0.035487804277899285
education:0.03574915294261426
m:0.01131251828195101
a:0.0034624069235861033
how:0.032612305716424574
dealing:0.038952080062793056
other:0.011399239568858768
are:0.010626634406631827
d:0.015056563821297815
it:0.002833515948264231
have:0.0042252116789062225
japanese:0.04137866525264095
ve:0.015083749578739127
treatment:0.03601903693413536
has:0.026399367121154156
dealt:0.04672269140904634
penalties:0.0446318111242208
heard:0.022335928590246898
were:0.012820688408861976
if:0.005538433221185201
end:0.022349036384921566
of:0.0016069469881466005
what:0.022820878586693336
years:0.018427896057689203
they:0.0077100795413863115
policy:0.031708654900159505
now:0.01365218510643177
david:0.0206317788375578
in:0.0058737091535368754
or:0.005572821964488308
use:0.027483959136319805
and:0.006310701065963469
for:0.0026888335777857353
subject:0.00022063600737205204
relating:0.0469770026376972
i:0.004733025799472602
ago:0.023645997730286316
drug:0.1769594533679961
the:0.0024917454875671174
drugs:0.07169865895187884
problem:0.052452032034188044
people:0.012440273884901798
measures:0.0838415831083532
interested:0.02377748938359438
is:0.0022204349329806934
heavy:0.03703973749431081
time:0.013053801404162922
does:0.01007015549039277
sides:0.03764325100683056
issues:0.03144817754213963
dave:0.028977476622930515
japan:0.2568427095078826
regarded:0.04434515362018865
by:0.008185417147249307
