screwed:0.08943381219280659
optilink.com:0.08249792385529986
at:0.007403067331549841
out:0.009900647891432435
all:0.016034753456240187
percentage:0.037861868258989205
take:0.017863438070047928
gay:0.11205725296646925
your:0.031762997197846955
much:0.014682326634957405
arguments:0.03495395491749875
except:0.027095474109275743
my:0.015969987585383216
to:0.002316301109396354
then:0.013410759241813472
might:0.0178746650073819
consent:0.04321529442629089
civil:0.03506907125664297
that:0.002915164919617452
its:0.017376676941463613
me:0.009105787230290291
re:0.0031423571662031135
flat:0.04149433297548406
clayton:0.08088508371644702
off:0.018348381915599583
on:0.008521156726710754
you:0.014011739228791308
moment:0.035363956297073805
defend:0.038066339693102906
8o:0.11133150550677029
more:0.010684193494291814
prove:0.03299914571355964
a:0.0023470657577250335
how:0.011053470564950624
y:0.03582664350029252
uunet:0.03173943119678391
ar:0.05150864147745147
sig:0.03965660859762835
logic:0.06979396551591549
course:0.02055589747815142
straight:0.03358539182742276
are:0.010805233304222277
cramer:0.16499584771059972
not:0.010132941320604452
statement:0.029186549745317696
laugh:0.042625342672734184
between:0.01951988105921349
shows:0.03247239191277236
be:0.004861018967541776
which:0.010856238088382502
writes:0.005556826815273633
again:0.02051990872359679
oh:0.02714047213564263
up:0.02257916588827537
damaged:0.09527248962395622
in:0.002986213477218327
or:0.005666482837841053
men:0.08852769460405063
and:0.006416763268752771
subject:0.00022434417556317895
i:0.0032083816343763854
back:0.017700476639223004
face:0.03016194614239966
promiscuous:0.051716142423589045
than:0.012021859514449253
when:0.010988860864233074
relations:0.04049764606449375
once:0.02254648062962106
come:0.020178098104784943
mr:0.028377778809104314
pyramid:0.045090450319687614
mutual:0.04321529442629089
people:0.01264935411826149
excuse:0.03720168067492952
e:0.02614193021893972
head:0.029015628029039352
dear:0.040387796639558014
ma:0.033707713657458116
argument:0.02956925579949346
new:0.01448739130154241
study:0.031137591163317633
does:0.010239401801155673
falls:0.041556811786303535
article:0.006809520002660512
behaviour:0.04444725639428985
opinions:0.02399672399596674
by:0.00832298718333753
mine:0.02743898356974778
optilink:0.04632241228768657
