read:0.009104429967461532
out:0.009463269872132207
there:0.003685859379827901
know:0.009910643579584752
technology:0.013524769822558002
tank:0.018630898455599343
search:0.017137153812749863
anyway:0.012243027396162787
ever:0.010616152838674137
allows:0.01659708186805688
storm:0.022526079911340452
with:0.00704611297336804
method:0.03205540500198039
compound:0.0171984689618695
into:0.007191983546114001
such:0.007722960656497182
from:0.003399888572008737
paranoid:0.021370730222779084
execute:0.02336445265777463
to:0.006088430024497647
otherwise:0.014270621813702955
assumes:0.02173607872962939
officers:0.019275804359846528
death:0.013475567807375188
day:0.010214068416718361
legal:0.015177972665997689
perhaps:0.011600247139116646
that:0.0069659563340256385
justice:0.01729223347591364
control:0.012247527188518166
bit:0.010944113245203613
nt:0.0028677853482828855
could:0.006060679338658864
assertion:0.020371147703033606
anything:0.009322253615740576
re:0.003003538174925064
batf:0.07325135218928586
anyone:0.006718533131089924
baby:0.02004445838795749
had:0.012324566150057309
laws:0.014907124148746554
these:0.006653156518469649
on:0.010180900105206624
set:0.021280438426714225
ownership:0.021370730222779084
suggest:0.01474457753056272
ta:0.018543589272320606
state:0.021347095477434665
raid:0.02124186148964053
sure:0.008763228996623306
a:0.006730140365524796
dealing:0.018928520833726745
other:0.005539389509365103
no-knock:0.025138881381786837
was:0.0071121376233043015
old:0.010634189085712144
private:0.014255747484636752
usa:0.014637034883649496
attempted:0.020764142843610948
washington:0.01541852745146383
course:0.009823902810843449
authorized:0.02235515776508023
declare:0.022828182004664098
are:0.005163946840170485
plan:0.015684996776861873
d:0.007316643463361587
reason:0.01073177479521497
place:0.02184279210695924
police:0.04428414351364689
it:0.0027538588734134293
dscomsa.desy.de:0.022828182004664098
have:0.0061596459415379865
being:0.00781447361415722
only:0.005355567221965006
halcyon.com:0.05097664932573937
has:0.00427620270637169
attempt:0.015488547780066645
hallam-baker:0.04672890531554926
be:0.004646275157730693
guns:0.016204650251167022
writes:0.0026556722530825796
down:0.009495444084149228
were:0.0124602674495767
if:0.0026913671476442138
phill:0.04604198022769254
of:0.0039044294290308964
shop:0.019516039280372273
seems:0.009463803571811558
fire:0.014445757578471767
latest:0.016732315663665665
court:0.0160508499094912
they:0.029973321269325094
who:0.01038596686131605
cares:0.040674513328590386
up:0.010790846348211924
accept:0.014345831207480855
net:0.013313825240556153
good:0.006506063660078309
one:0.0039490397902635435
in:0.003567865499889367
government:0.010809698548659829
door:0.033975681093437446
bringing:0.021284359920686863
better:0.008980786631732542
and:0.0038333073744055207
subject:0.00010721669434545499
welcome:0.016801679464905267
we:0.016237878382096026
warrant:0.018904827170565346
any:0.004109587414814487
fired:0.019049132428501342
turned:0.01577067606391003
than:0.005745386675580165
the:0.006356953096293218
when:0.005251704589733878
stupidity:0.041453567673869984
got:0.00888415189409869
serve:0.033631394310852845
would:0.01123674272414911
peter:0.014786719200104242
law:0.012075667169654481
did:0.006602052383305081
hallam:0.022644207964377775
an:0.007212033241459732
broken:0.018037117546365326
violated:0.02193202316404478
obtain:0.01839522174143031
knocking:0.023436816133689
expected:0.016664129573165997
served:0.020303649235899546
beleive:0.022526079911340452
hear:0.0133079580893928
met:0.018952355112922786
first:0.01508076168185575
enforcement:0.018152973587882024
citizens:0.01641509312824948
assault:0.01912327725918301
by:0.011932957527917664
wish:0.015004327368589471
sometimes:0.028148645175243774
four:0.014088538759128407
