out:0.013542265506671952
differences:0.05264839325995572
case:0.028409323072491444
take:0.024433898049835673
with:0.013444307512403386
much:0.0200827226386199
meaning:0.0453557072975206
work:0.023276694988394294
turn:0.03932733488177603
to:0.004752410896864934
stop:0.0382063576388579
civil:0.04796803999471855
re:0.004298166698599662
happened:0.038762079295844035
on:0.00582768764642862
missions:0.0618068078605339
them:0.01684895599462346
enemy:0.06154556359527464
names:0.04709077255150436
a:0.0016051771561452815
military:0.13351167457691623
role:0.050732813489271174
forces:0.05063242636319353
d:0.020940738188241787
police:0.0844961818766136
deleted:0.040383672379291226
try:0.02800447899245279
halcyon.com:0.14589868600125408
get:0.015107746842426693
kill:0.042467035708084896
of:0.008939797037505226
trying:0.03099227842607352
what:0.0105797942873176
they:0.010723214074801651
find:0.024326973996245865
over:0.023056790258843194
surrender:0.05617555568873302
in:0.006126886272223809
or:0.007750706410380291
and:0.004388476028629768
for:0.003739642102437632
subject:0.0003068615734714747
branch:0.05241260544578212
the:0.011262976011330677
can:0.009937540142962222
peter:0.04232061012443628
law:0.03456139224418352
continuing:0.06043830946954552
problem:0.024316842437305565
arrest:0.06351278493085888
is:0.006176382227371584
involved:0.04138939238006745
their:0.017398662282548435
mission:0.05167807898624787
escape:0.04995324341641185
before:0.02443901456577752
sometimes:0.08056336377742183
main:0.04274042542099802
thats:0.05964528795820125
s:0.007131451504092164
