optilink.com:0.04765656766398389
mark:0.05832279542314932
resulting:0.04758697067875464
form:0.03313962062603782
with:0.0056779356969858955
such:0.018670069936580568
from:0.00821914810126384
wrote:0.025005582278571466
several:0.02736360555405239
to:0.002676114873962778
childhood:0.11809515120053339
respect:0.039683089212952626
male:0.04666162912725634
that:0.006736012144358773
r:0.030099221036205142
appears:0.03786700026596439
re:0.0036304903182346653
this:0.010193833754784835
clayton:0.046724878457559196
he:0.015438186480778982
on:0.004922415779022232
suggest:0.03564465830203997
a:0.004067487745183675
same:0.018855275247850606
as:0.023304295928651023
heterosexual:0.05683608112579377
homosexuality:0.13960906005645135
21:0.07876122371173447
course:0.023749046600971057
mind:0.029414134009807153
are:0.0062418580737983054
caused:0.03866324445684628
works:0.028884718383987765
cramer:0.1429697029919517
zero:0.04498654611339428
have:0.004963598185899542
only:0.025893907539209445
has:0.010337616251325737
heard:0.026239294751649263
which:0.012542644005024443
writes:0.0064200232137627405
of:0.009438863376977604
sexual:0.0432429968223741
what:0.00893633109705467
factors:0.04830646555403349
one:0.00954670784248177
in:0.0017250456494610725
female:0.052317991322985674
and:0.0018533855072368438
subject:0.0002591937562331873
mechanism:0.04666162912725634
i:0.0037067710144736876
44:0.08824821429073777
person:0.027234897466736414
mention:0.036647328293950704
the:0.00219539711647297
home:0.02844041797923639
americans:0.04157688127675248
mr:0.03278597745906227
mental:0.05176932908741924
problem:0.020539468854811498
is:0.013042360528673004
number:0.048587666959179765
recent:0.036874709596941946
time:0.015335048251492364
evans:0.11037315182837593
unless:0.0298840915120436
abuse:0.09422655952897663
disorder:0.05950998384288082
concentrate:0.05075708626873566
by:0.009615878396283166
doubt:0.03378710969884046
jamie:0.0579796057438169
