contributions:0.04963711414091835
out:0.010426346009561592
dan:0.03516640256094919
say:0.016792433400597728
tank:0.04105392668534723
all:0.008443078147312311
happen:0.029925948904135535
send:0.025958824078550644
with:0.010350927022823846
compound:0.03789751125226111
generate:0.041502732814365076
my:0.008408975763984966
to:0.0036589358232499932
that:0.009209857312419738
lance:0.052666195614251385
need:0.01700178753537377
anything:0.020541957082472598
re:0.00330920798918735
scott:0.03382369073603103
so:0.00904257165827363
programs:0.03126709844508422
these:0.014660495337158784
on:0.004486803763179557
children:0.059334103858734964
taxes:0.04213890298704929
a:0.0037075330774683055
same:0.01718666681883728
was:0.031343756959341086
as:0.007080656285106357
idea:0.024534303497882798
explanation:0.040814086598818106
official:0.035895601957117926
responsible:0.03460933818648692
are:0.01706844375932457
spending:0.04337573433550202
tear:0.043896446725085504
administration:0.03941618294428789
gas:0.03511654576698232
action:0.06516624921815853
it:0.006068237694512778
not:0.005335486801557212
mothers:0.052666195614251385
complaints:0.09270672949615825
convex.com:0.0475857724235969
writes:0.0117037591330542
get:0.011631628099921435
were:0.013728347765241585
if:0.005930534688171764
of:0.001720713146599457
trying:0.023861311708569876
republican:0.05303498053815022
what:0.008145505336253373
seems:0.02085386804762016
women:0.033445267202065705
they:0.008255925880599502
who:0.011442945789680073
waco:0.03437766114594028
now:0.01461871148564818
in:0.004717160227287358
opposed:0.039620569800877706
and:0.0033787381813344237
few:0.020226792043418464
for:0.002879193477098
subject:0.00023625625568157783
outside:0.031900670597181637
i:0.0016893690906672118
employer:0.04000080020692588
any:0.00905563952467971
the:0.004669266433560505
do:0.006356795742535368
dictionary:0.04363226121048656
would:0.008253536691189169
put:0.02201291415528123
may:0.01646925245521974
an:0.007946001226210059
during:0.025914774423030713
people:0.01332100123958511
about:0.008716957347981164
jerry:0.08637620835860399
govt:0.043188104179301995
is:0.002377633866289061
itself:0.02976155611145469
their:0.013395430252935521
supposed:0.032289336384215585
appear:0.03494422626775383
s:0.00549058655624795
