king:0.04770060800997495
large:0.03402311499872245
out:0.020082564188871475
watch:0.021841840003263353
gay:0.025255327846609544
way:0.009843027383787178
hell:0.019394209798192587
ca:0.011684935205070007
times:0.015968614440301288
both:0.012759682285842261
ground:0.022028145814757618
to:0.002349203113791189
line:0.01604433948185221
80:0.022708304701496075
hunt:0.03347645843147503
cuts:0.030684370147901797
h:0.020074898433491573
day:0.028901170860941728
bunch:0.023046608074740484
that:0.005913147024451309
guy:0.019240515607664033
nt:0.004057264498422946
re:0.002124661947603242
happened:0.019160800561013814
afraid:0.02565468314620143
submit:0.029875755249150347
had:0.01743646006456972
racism:0.03170693480386203
he:0.009034847770001337
best:0.013836227727053603
amount:0.021127369384243342
on:0.008642195884760622
bashing:0.03417306253427237
you:0.009473846410375941
took:0.019178418616003858
them:0.008328745292796823
vs:0.01941256786967808
came:0.017151856434533787
beat:0.024692796461521768
jobs:0.02805582740956025
a:0.0031738730132872617
how:0.007473653393347298
sorry:0.018053503890560367
was:0.010062058342061201
as:0.004546103183051241
bring:0.021553221291415202
said:0.012451731981042229
video:0.039723990828011625
nc:0.059521934278783425
are:0.0036529055772796908
no:0.006396282591946079
yeah:0.022467172978341773
police:0.02088399949791302
it:0.003896084428863318
should:0.009334159899053862
have:0.0029048330292480275
ronald:0.03315776828004865
charge:0.023387799175760428
punishment:0.026950193038050196
his:0.01047971046309805
be:0.003286711688281087
writes:0.00375717267623615
if:0.007615345679129651
cops:0.05529962113750521
of:0.008838208434806302
even:0.009540678680488782
sit:0.02645292384477431
what:0.015689354028351667
oh:0.018350660137167463
fact:0.013626517776300223
york:0.021381631860371834
they:0.021202718738812357
who:0.007346891330874138
up:0.015266595117640735
george:0.022626785108267995
rodney:0.03417306253427237
in:0.003028631282292451
gun:0.020801224407979553
and:0.005423258728562356
still:0.011600619785395155
subject:0.0001516872550682858
car:0.017378655340246532
tape:0.02357595604385417
refused:0.028631132714703276
reagan:0.032954824628900474
lives:0.022116237783711967
the:0.005139225068107179
managed:0.026881321671389145
when:0.014859936850497
putting:0.022841218789988717
start:0.03201775099866491
got:0.01256905580471917
did:0.01868080731185188
once:0.015244495425709695
come:0.013643145877667094
jim:0.019240515607664033
here:0.010229550600132932
people:0.008552688295869986
many:0.010529551293057349
about:0.005596682842737907
bush:0.02654895686069819
is:0.0015265490164242267
new:0.009795452073201972
right:0.022044018111253404
halat:0.07212037319380174
their:0.017200950211155842
verdict:0.03417306253427237
handle:0.023081573220049452
him:0.027233128447310316
article:0.00460416409270796
shown:0.023462315892111726
before:0.024161298491166414
black:0.02005427475138601
s:0.007050412282454754
