health:0.051436377780898164
laser:0.030255913456245235
go:0.012008841060457574
block:0.02708505732816871
remind:0.0325848901916864
own:0.013990682935481452
with:0.010830136607213839
c:0.015963566021166418
4:0.01533499693937456
to:0.0059551815559480345
everyone:0.01887353554020434
look:0.01463684150787599
ten:0.07455535634366349
european:0.027354656485592547
like:0.014378260043316953
through:0.01462631662978288
could:0.01863097722624762
willie:0.1122020512704217
national:0.020087493364120454
balance:0.030955473242090935
programs:0.021809766199348865
on:0.0062593682128307395
focus:0.030857489605323713
8:0.01822525482946831
3:0.014453493485417404
economy:0.03203172871829327
sure:0.013469407531846934
a:0.0034481583354231977
how:0.008119524674253854
mario:0.03386661466562618
lists:0.0292416970902497
truth:0.02219171313588027
budget:0.02913047174764058
course:0.015099702468518635
military:0.02390023804154673
income:0.03471353516879584
democrats:0.037687844347146074
declare:0.03508776122939111
book:0.01919566981903502
care:0.03908662890461601
have:0.003155867982392919
massive:0.030809074929638365
stephanopoulos:0.04874808798435629
charge:0.025408967005764414
war:0.02183225379983344
edward:0.02790179273692978
his:0.03415609336120846
copyright:0.031688704945732706
be:0.003570748500848588
get:0.008113419600562484
soon:0.02220366442616957
of:0.006001252640917859
standing:0.06105260003172989
america:0.02430702811399051
republicans:0.037126290160690974
institute:0.0240275175921809
available:0.01667323350502611
again:0.015073266284617394
court:0.02467075078681055
ed:0.02449487451647532
ministry:0.033192544962138575
transfers:0.03699353580747515
now:0.010197002456038544
over:0.012382350324193566
in:0.006580729699795943
resources:0.027245399836830813
5:0.01604242522788693
england:0.030434848869043088
and:0.003535161245285091
still:0.01260314248289844
for:0.004016652628544123
subject:0.0001647960301976438
draft:0.03048040508692965
6:0.01813796069480984
top:0.06262281900309843
back:0.01300220197572554
house:0.02122143175611229
socialist:0.03602325442770717
improve:0.058558444132059684
pay:0.02057309914813508
gays:0.03613652071578246
ways:0.04405356026270486
the:0.006048635265344252
managed:0.029204398852867217
jr:0.02884331115730173
holding:0.028436163207969652
americans:0.05286936754945068
senate:0.03209079940357815
slick:0.10645844148701725
put:0.015354687034239378
7:0.019700793388464848
an:0.005542581102232942
tax:0.027354656485592547
10:0.01784180097466768
move:0.02183225379983344
seats:0.03444704028073899
9:0.021980454664352014
2:0.012027219457379066
1993:0.01870157903092677
1:0.012089653653856225
first:0.011589844625870623
beam:0.034623419122986256
very:0.010760756122120045
majority:0.025449312505639636
despite:0.026317102324288952
sales:0.029871321583799838
s:0.0076597071710619545
