school:0.028634050990520514
report:0.029887623806887836
week:0.02714833704256365
out:0.009276985032129604
all:0.007512345123199143
percentage:0.0354768686836198
where:0.014546903923100487
gay:0.03499950945671874
c:0.02036297397975559
monthly:0.043199933667964104
wrote:0.02028011791096741
to:0.0021703923780957966
remember:0.021910425484419148
add:0.027056853672848175
look:0.018670616726581973
discrimination:0.044757616686309926
wake:0.043000580849190166
might:0.0167487018573106
that:0.010926129934944151
nt:0.005622665761594004
re:0.00588882681540426
racial:0.045669678225877815
so:0.008045752735314332
had:0.012081956580174292
this:0.004133719987176527
clayton:0.037894980166366915
on:0.003992195474325117
you:0.013129109986032799
includes:0.029667357255372825
more:0.020022346863318517
a:0.003298828643731642
was:0.006972134914184139
as:0.006300111497771798
gary:0.033422664909627225
heterosexual:0.09219080875522455
median:0.049738109274841506
are:0.005062294343316736
no:0.017728279309960786
cramer:0.03865060212118379
it:0.010798596212282581
not:0.014241968706518855
interesting:0.025732476865522932
whether:0.04499934779341456
exists:0.02938293750408153
25:0.028958130301493013
be:0.0045548130483265455
writes:0.005206790480453247
of:0.007655141164005458
lawrence:0.0373482990133609
sexual:0.07014218382211862
looking:0.020424294058320032
what:0.007247575614146702
surprising:0.042902765731091294
seems:0.018555016451819513
fact:0.018883993138809757
well:0.013250928426404289
find:0.01666493494231016
who:0.010181518694754711
up:0.010578428113010902
in:0.0013990527708227596
or:0.015928617111096503
men:0.08295114691245689
for:0.005123604140347622
subject:0.00021021225899227005
each:0.020047318089453665
i:0.001503139427129094
group:0.021237133344934215
limited:0.030567677660612278
sad:0.03725285522964165
promiscuous:0.048458432664622804
20:0.024762459436264723
actually:0.0192465679299298
will:0.008923664133096728
than:0.011264577025350088
the:0.001187012614155989
do:0.005656046605562966
homosexuals:0.07685442161041142
forget:0.030230026263106252
last:0.017166634268185023
about:0.007756032915920248
is:0.004231064990404156
number:0.01970287282202959
homosexual:0.07610181273109884
partners:0.0850464432445782
new:0.013574799723492495
study:0.0583523361958236
girls:0.04340446505696616
life:0.021971490970777243
matter:0.02378663788898065
67:0.04394031909826549
high:0.02202617185544505
especially:0.024608627618089303
news:0.024164382017034792
