some:0.005751413177996818
believe:0.010702817144484436
objective:0.021963573102127803
say:0.009347512188510066
there:0.004521078746685455
environmental:0.02610741684852724
case:0.012175424173924905
means:0.013963523253392871
your:0.012413125341687316
damage:0.043837170996735675
ca:0.010130781261538527
into:0.00882169410336151
my:0.009361716860397057
to:0.0013578316848185524
remember:0.01370750756907011
stop:0.016374153273796245
experiences:0.023276387143370825
ye:0.02742085853943339
legal:0.018617316225780417
thoroughly:0.02921713003494033
she:0.032661502314270764
that:0.010253338682792417
quite:0.013084726020243357
control:0.015022828915965633
signed:0.02436088966783311
nt:0.007035256667216143
months:0.016728051921082857
me:0.005337875272928791
re:0.0036841428845139955
lost:0.01726357795230468
baby:0.024586552406903526
clayton:0.023707696951372405
child:0.019533815865721154
he:0.007833168509951898
these:0.00816076834038888
on:0.0049951608397959596
you:0.024641334505805402
tell:0.011872044599125383
fall:0.01921330555366666
a:0.004127598401516439
beating:0.02605528823113543
rent:0.02721976497036809
was:0.013085632523665796
as:0.01576579626043386
old:0.0130439068095681
woman:0.021572751711800113
morality:0.02128886445644722
logic:0.02045685196156144
california:0.019603296684349437
course:0.012050008866502556
weird:0.024251820082231073
far:0.012262946168085723
others:0.013282405039745794
straight:0.019687988312627136
lose:0.02071303316841028
are:0.012668204563570946
no:0.005545545498436009
proper:0.020229202487890844
pushing:0.026003705473168458
action:0.018137404339044122
reported:0.020341712300550065
have:0.005036951853671457
term:0.03840078614694047
kind:0.013574023137749063
agent:0.02451017710377069
love:0.016119297734883985
netcom.com:0.015857316131631227
his:0.009085857347316536
johnson:0.02274558487097454
disaster:0.027090123057474626
sort:0.015455474421975517
14:0.018393363644121516
writes:0.0032574502020569574
were:0.007641888164888173
if:0.003301233594893642
of:0.0028735061906266794
but:0.0032772572524650753
year:0.012190939488717497
phil:0.043659648775034414
eh:0.024548216739701288
using:0.03257764401938306
well:0.008289989705188891
yep:0.02792469523460786
please:0.018871087260150292
they:0.022978315874574967
up:0.01323606276209246
over:0.009881481539504225
in:0.0008752694674605443
or:0.0033217313187344105
and:0.0037615508816826585
word:0.015117618306223737
still:0.010057680208027326
for:0.00480811127456267
suck:0.0271545175479542
subject:0.0001315121029163463
i:0.0037615508816826585
6:0.014474628731818692
person:0.013818691818097787
back:0.010376141478165209
sick:0.02212434615293087
actually:0.012040956291138348
predicted:0.02748975628315132
yet:0.012956003658552531
em:0.046852256820577816
the:0.0014852276058897596
do:0.00353851191579555
see:0.017432372033607646
when:0.012883492047721537
dictionary:0.024287908949679707
can:0.004258945775555238
her:0.032575456206204216
friends:0.019589321899446975
push:0.04728744123745603
wants:0.017342537746767236
fbi:0.018792226021134655
an:0.004423143539712989
trained:0.026963805665290698
just:0.005785165337270374
people:0.01483027724209968
is:0.001323510477293911
number:0.012326427824619499
1/2:0.023365684604417902
right:0.00955602755561724
food:0.02076590782675072
2:0.009598076611307432
their:0.0074565695496636155
define:0.021057910831329733
told:0.015272018555315911
experience:0.01631636834874457
tree:0.050938636138513564
article:0.0039917875877665075
opinions:0.014067045101083952
before:0.010473863385333224
mike:0.015740945955456668
mine:0.016084921402955598
s:0.009169009076689926
