taken:0.030228268805125327
some:0.010711347478287654
since:0.01835616168260258
gay:0.04077924496333284
with:0.005365388777885755
c:0.023725666930540918
such:0.01764235966484219
work:0.01857864645862664
often:0.028507526497969782
my:0.02615268609165967
to:0.0050576115966636
scientific:0.038740362722971405
heavily:0.05045224752905825
been:0.01346092098368293
that:0.003182611242518136
think:0.013208697500261976
really:0.05370813972085117
talking:0.029905423673048336
nt:0.006551179373600354
need:0.01762570634401134
re:0.006861293628957258
political:0.03307133740808739
had:0.014077142070478305
this:0.004816352645609349
ti:0.03475835831423544
he:0.014588378050644361
you:0.005099073297327724
used:0.018114344113182253
none:0.033234038829553156
kinsey:0.11759840730341077
defend:0.041558664435589414
support:0.025128039537004643
came:0.027694740664935293
a:0.0038435893371919134
series:0.03291147119970336
was:0.016246993286263958
austin:0.0918682292765056
jason:0.12550174331512967
statistic:0.05742735288132957
are:0.01769480866792364
lacking:0.053051902678666184
not:0.005531284482348302
calling:0.03773395063805008
only:0.012234277415314557
able:0.024196928679914395
has:0.009768573154922487
absolutely:0.036719805001354446
yourself:0.03216765753554672
without:0.02061660995231647
be:0.010613968020871034
writes:0.0060666274405280956
of:0.007135434332687657
but:0.00610351580046248
groups:0.03375950090354488
must:0.021261104839261444
who:0.023725740811630244
up:0.012325324498645731
in:0.0016300890082063348
and:0.0017513642866549995
still:0.018731275983757314
seriously:0.03556838223300313
subject:0.0002449262100185165
i:0.0017513642866549995
actually:0.022424900248633806
agenda:0.0486220699105599
the:0.002766066091702947
strong:0.03312525124743587
americans:0.039288245610142256
push:0.044033718216530154
accused:0.050333867668178364
10:0.026517172090790502
statements:0.038674121915875194
about:0.009036845691026345
man:0.05317521722559998
their:0.013887005675061596
article:0.014868493216818367
opinions:0.026198258307523325
by:0.009086563989148312
poster:0.041787462126848605
s:0.017076227913468394
