optilink.com:0.027270147052168566
at:0.004894250069191284
out:0.006545428328224777
roughly:0.02813320505227502
know:0.006854861809212788
all:0.00530037683692384
percentage:0.025030901793442865
story:0.019972541822292245
gay:0.09877639335562845
i.e:0.019191883316530017
much:0.009706649275332952
into:0.019897821144248738
times:0.031227512683255854
surprised:0.02444823717777355
my:0.005278968118501674
to:0.005359663400353231
important:0.03491521436636914
front:0.03907723254851037
enough:0.013511936260763312
consent:0.02857011131515898
that:0.00578174375724128
think:0.007998600152936419
finds:0.029211849576947006
nt:0.007934206130249317
re:0.002077447237656503
effort:0.022568649370715017
so:0.005676725541027334
this:0.0058331382041268785
mean:0.014685678093499226
clayton:0.053474027568095536
ti:0.021048116979175906
something:0.01105922953979735
recently:0.018385064247709384
on:0.014083578478869164
you:0.009263316490145364
them:0.008143662064068006
why:0.009887347667522257
a:0.001551671250940439
how:0.021922716620485404
uunet:0.020983290624540473
want:0.010514433153956565
was:0.044273056705069286
as:0.00889015733574465
running:0.016819224513592787
part:0.013606789513407096
politicians:0.0310023362526651
are:0.010715189693353758
lie:0.025332759298794694
cramer:0.10908058820867426
care:0.03517796601415441
it:0.005714257162332866
not:0.0066990000952884985
sex:0.02403137503364625
between:0.012904810255813364
be:0.0032136736507637296
writes:0.0036736799500975688
if:0.007446115775148992
of:0.005401127376826073
obedience:0.03295042998384937
but:0.003696017901391168
saying:0.016758639883135775
york:0.04181296897139381
they:0.005182886802820799
in:0.0009871094549693915
or:0.003746174765017141
rather:0.014297131405071464
men:0.039017761695859354
subject:0.00029663285435575884
space:0.01698618198618391
i:0.00424219349434211
warrant:0.02615167758594873
survey:0.08426014432898313
actually:0.02715904585667872
the:0.0029312617055129836
do:0.007981310210072185
see:0.009829920896728756
relations:0.026773443787081984
effect:0.019257630303457812
because:0.029412038314908566
page:0.0467193970354143
put:0.01381921833081544
an:0.004988322992009649
thought:0.014914368917731737
pyramid:0.029809797711349038
10:0.016057620877200914
mutual:0.02857011131515898
long:0.013223951361714361
people:0.02508788566788529
many:0.020591122528645485
e:0.017282720533632372
15:0.018565615177670244
new:0.04788887680232074
study:0.020585407491304438
1:0.021761376576941206
although:0.01755410809308199
article:0.009003698670184456
opinions:0.015864500864000236
april:0.01890085478826729
by:0.0055024193045398115
mine:0.01814021691555548
optilink:0.030624261456859456
news:0.01704931397868566
