know:0.006460079191928282
all:0.004995119532179535
chris:0.02008768190010105
with:0.0030619234386887297
much:0.009147627589319012
such:0.010068152897737166
1992:0.02065940594180258
from:0.013296946404662443
to:0.005050991686196762
cases:0.038531786371585254
tough:0.025095520394091603
regulations:0.028724563224248385
that:0.00544876375027974
cold:0.023131677408584454
higher:0.019433894832659122
really:0.010216731639743069
nt:0.007477262321700927
could:0.007901095054063128
performed:0.02597014910960556
re:0.005873411038400584
anyone:0.008758715966708856
this:0.002748599153777063
announced:0.02526607626024141
md:0.026213709400887724
procedures:0.028592009255744247
on:0.007963489401664239
medical:0.02106291870245378
am:0.008556734851839611
them:0.023023966045009017
state:0.041744189323674595
why:0.009317919267822024
jobs:0.02585249017844295
a:0.004386923955538413
want:0.009908889883309851
was:0.009271844336140164
skin:0.02692471223418124
doctors:0.025662083664459313
schmidt:0.03235360605440517
enforce:0.029442893703376577
ill:0.02921686138994617
are:0.010098084527767939
results:0.019178448946955293
spending:0.025662083664459313
flag:0.029000184865533317
care:0.016576004928135588
licensed:0.08597360026262844
it:0.0035901092119368793
not:0.006313193807078166
limiting:0.02892990727217132
have:0.010706819123511055
probably:0.012498553481828318
only:0.006981865121828726
allowed:0.020061954073910322
providing:0.024146553851656788
quality:0.040253024508631934
employment:0.02914363499217266
june:0.024063226860526424
heard:0.014149986174973166
be:0.006057185938612266
common:0.0176237070137767
writes:0.003462106759254253
spend:0.02146647756393482
were:0.008122006793048687
of:0.002036027073986792
trying:0.014116901691457571
prohibiting:0.032091771391710606
georgia:0.025163077487473318
but:0.006966316463355082
secretary:0.02673770656610753
easy:0.01734911813748067
must:0.012133300667431924
they:0.019537583759324476
who:0.02030973100890861
up:0.007033823928546517
over:0.010502307604813393
one:0.005148224648039909
in:0.00465130109671441
government:0.014092224809509411
competing:0.02967912634882406
office:0.019113811063068906
and:0.0019989393428837166
for:0.0034067943760426596
subject:0.00013977464341370836
costs:0.021551061020595997
forced:0.023768562798230145
i:0.003997878685767433
person:0.014686881879967806
cost:0.017387474368329218
the:0.004340985921402923
do:0.007521653601115149
when:0.006846463051537885
would:0.004882982440337047
can:0.0045265235206163
law:0.015742623692376785
lower:0.02079048488505559
here:0.009426182751954953
many:0.009702623181037139
about:0.005157152776554302
doctor:0.0691888129884477
paul:0.017146714613136427
govt:0.025551077341681286
qualified:0.030186193500603736
is:0.0028133259360278943
limit:0.023248288066223845
write:0.017037559816688554
time:0.016539371412604333
does:0.006379522588154583
their:0.007925045123464472
too:0.010222606638034013
nothing:0.013376209431941932
concentrate:0.027371622438113998
passed:0.022626384736433438
diagnosed:0.02967912634882406
shots:0.025662083664459313
by:0.020742104184652693
giving:0.019860559933450657
s:0.009745072474178298
driven:0.024645560028642783
