with:0.008728766817754438
ca:0.03069475516555703
previous:0.05183879730884785
to:0.004114027343554719
job:0.051813262019241434
civil:0.06228685790358975
cleveland.freenet.edu:0.06391669808217172
nt:0.021315777663356374
re:0.005581201534002545
so:0.015250904438580896
you:0.00829550730460779
used:0.02946960460204277
enemy:0.07991737362371483
why:0.026563023584388154
a:0.006253003548565948
air:0.057524462472107005
military:0.05778863526463538
broward:0.09112583260056215
enforce:0.0839342193633571
d:0.027191704811597543
have:0.015261212332765757
strike:0.07863267797041269
halcyon.com:0.1894505325687926
call:0.03965606116415981
explained:0.07070380490478287
be:0.008633750106529423
certainly:0.04590682503366628
kill:0.055143762785125165
of:0.00290209829202595
they:0.04177252050034673
surrender:0.07294437828238466
in:0.005303871698342999
yes:0.039803669709013265
or:0.010064350114971423
better:0.033376356288080646
still:0.03047326988402309
subject:0.0003984620431644522
the:0.0033750134775629237
would:0.013920143971707105
can:0.012903970036383782
peter:0.054953628072029206
law:0.04487822574990994
continuing:0.07847959587836509
an:0.013401464754652787
koresh:0.06095818848722018
just:0.017528187514416208
is:0.004010039207323342
done:0.03953229181224923
mission:0.06710437122094873
escape:0.06486465936160941
article:0.012094520601740313
before:0.031734242794367824
says:0.03822427976757564
sometimes:0.10461212908411492
s:0.009260242997851019
