tv:0.020590549218759035
since:0.01087403056197653
simply:0.01662306162980103
at:0.009575706657113381
mark:0.016324043284196687
say:0.010312744425367084
there:0.004987929269441018
know:0.006705843074229901
sub:0.032455974954419244
saw:0.01846402490834486
with:0.003178409656464931
ignoring:0.029039623544515045
c:0.014054878779505215
from:0.004600936165381389
themselves:0.017589403349580528
to:0.0022470638479741806
building:0.02065471504803615
within:0.017589403349580528
began:0.02435765346093265
that:0.007541404900749496
nt:0.0038808616941436876
re:0.004064570682371419
started:0.017821983021678832
batf:0.19825637712100194
wait:0.019953259810381076
had:0.0083391765526203
this:0.00570633085186325
federal:0.021475305384213376
two:0.010134725177463649
on:0.002755482745865706
you:0.012082586726276563
machine:0.017678257360458405
assume:0.01886678562657161
state:0.01444409449424248
raid:0.02874577995065485
a:0.004553817801673027
how:0.007148711941462632
no-knock:0.10205839343584114
was:0.009624577544580277
usa:0.019807726554503937
also:0.00806248441130199
official:0.02204458163670829
are:0.003494083595658834
no:0.006118183348817988
police:0.01997599951974289
it:0.0018633447268476737
not:0.0032766848292172003
couple:0.017152129318774557
shooting:0.051825288992252236
ve:0.009919204886018664
safely:0.030892485430224787
ring:0.027083086946518266
second:0.014943998786153621
after:0.010484856998179084
facts:0.022011341272483092
throwing:0.027660381583775373
shows:0.021001166508803865
attempt:0.02096004563715541
mitchell:0.029286701664497417
claims:0.02041481345439525
guns:0.021929119089894505
writes:0.007187634684973503
get:0.007143336822234361
were:0.016861992363829337
things:0.012145249609457879
if:0.007284243693080536
of:0.0021134846257145506
sealed:0.0304054628286504
seen:0.014089483101208439
what:0.005002402733677343
version:0.016959079389486872
fire:0.019548878462171033
windows:0.029860947624168493
they:0.010140430701171127
bd:0.02648525599426648
who:0.007027461273010045
in:0.004828252768872024
threw:0.028521633436882843
p.s:0.0246458299191295
and:0.00207498594831951
subject:0.00014509215702183858
welcome:0.02273705536283376
until:0.015549813724807848
i:0.00207498594831951
we:0.007324695139749837
warrant:0.10233265142327763
body:0.019291745237361692
grenades:0.061956148653581525
the:0.0077833191248869605
do:0.0039039017331874816
see:0.009616226964191173
when:0.007106926319802912
start:0.01531283743414409
serve:0.022756024954897716
can:0.004698728219770181
major:0.01780667376477061
did:0.02680289744743965
claim:0.017745864373912967
rid:0.02509431374352082
long:0.01293647415819883
here:0.009784787530561934
statements:0.02291021352625215
different:0.013734874445713302
is:0.002920354640115912
bandwidth:0.029039623544515045
davidians:0.0525995010497345
agents:0.04950905838941846
article:0.008807966090397837
initial:0.025036187172234152
conducted:0.029161758630667535
before:0.023110807252420047
going:0.011835954804617839
todd:0.027660381583775373
everything:0.016791643934365507
s:0.006743872618000199
