above:0.03165879104800634
some:0.006788005087984617
out:0.006849866855118953
say:0.022064476444971434
there:0.005335924334750857
resulting:0.028496848720417026
search:0.02480901918241114
allows:0.02402717084387304
with:0.006800318334762178
supporting:0.02858050417071993
compound:0.024897783555264567
into:0.010411650598734805
from:0.004921931711803346
harm:0.027980595820515104
to:0.007211507233033418
matthew:0.049840376056063895
us:0.011976025501075557
legal:0.04394552550969098
t:0.029956663430237698
been:0.008530467367566507
make:0.01023302606598665
that:0.006050662071531572
control:0.017730431801982693
nt:0.004151619486758363
re:0.004348145381141518
batf:0.10604410869262894
had:0.008920979567919391
this:0.003052223478903599
laws:0.021580662285104024
something:0.011573612309090249
set:0.030807146327045593
you:0.0032313894733065223
ownership:0.03093785945041856
disclaimer:0.021825904227175504
them:0.008522437043792097
state:0.03090364403419321
a:0.0032476840135962676
no-knock:0.03639291548874955
was:0.00514802984942666
as:0.004651826512889642
private:0.02063768095159623
following:0.01591461786651024
usa:0.021189660965283283
surrounding:0.03167820492935229
attempted:0.03005971841894841
responsible:0.02273753032019199
declare:0.03304777511140326
are:0.003737856869774567
no:0.006545033349898313
seizures:0.035780354351204045
reason:0.031072231674517763
police:0.04273934780968246
it:0.001993345521744023
not:0.014021162990138718
dscomsa.desy.de:0.03304777511140326
have:0.0059447745714843354
made:0.013520811348360473
being:0.011312813546076442
only:0.007753117664356317
expect:0.020094308623013882
has:0.01857164780034682
throwing:0.0295901756477597
public:0.017231073244538334
armed:0.025816412910748567
be:0.0033631468438225075
guns:0.023459057631049936
writes:0.0038445487849858274
were:0.009019205217862205
of:0.0022609370414620775
even:0.009762554928872243
what:0.005351407575561809
shop:0.028252870818678468
never:0.01281360017942942
smoking:0.03484274884192427
they:0.027119756526387897
up:0.007810816106699911
good:0.01883732385301743
in:0.0030990645679271596
government:0.01564892406172266
force:0.020779093714039368
men:0.020416270654810127
use:0.009667322835740396
and:0.00665925722949052
for:0.0018915631564655464
subject:0.00015521486565126915
murder:0.02487546508836244
welcome:0.02432336155093844
branch:0.026511027173157235
warrant:0.0547360693659392
eng.umd.edu:0.03403556020905092
any:0.005949344571446554
grenades:0.033139335326334306
the:0.005696970424335865
when:0.007602758388626372
serve:0.024343654602913836
wam.umd.edu:0.03212565284293443
hallam:0.03278144059959341
an:0.005220338014893818
just:0.006827840485266779
here:0.010467447125717419
claimed:0.024743324093725486
is:0.0015620501563410692
readers:0.02645229987091012
violated:0.03175042888283227
obtain:0.026630291939628764
beleive:0.032610429639091706
met:0.027436839669289385
davidians:0.02813461684055566
agents:0.02648158937108429
article:0.004711237676259308
by:0.005758345783820733
four:0.020395617157110312
news:0.017842305326531503
