optilink.com:0.057522966438168066
statistics:0.018457447617594835
at:0.0034412695799001213
out:0.009204508586566093
uhura.cc.rochester.edu:0.023667620189854577
andrew:0.014708820934265619
all:0.00745365492692415
percentage:0.017599852823514513
pass:0.01585654382887225
codes:0.021481621018231832
gay:0.01736303789454406
your:0.009843220485791114
with:0.006853445821752508
much:0.006824987771718482
c:0.010101944122769374
compared:0.016104643069975083
masters:0.022456077501167702
apparent:0.018902945689748336
from:0.0033069228688678734
post:0.010088194548559299
yours:0.01650909884708774
my:0.014847097833285958
to:0.004306872375283846
stop:0.012984191853830615
otherwise:0.013880409498484516
then:0.006233907616311731
consent:0.02008835951847116
flawed:0.023090917069518387
male:0.03754802968833909
that:0.004065288579310275
nt:0.005578738685331551
population:0.015413853651891766
me:0.012698304848490757
re:0.0014607050889772287
this:0.004101425299776711
clayton:0.056398388450725756
laws:0.014499507472804266
contains:0.01639708400342889
requiring:0.02158442300384657
on:0.007922012894363905
you:0.006513269407133459
possibly:0.015144350247645863
numbers:0.013780243753901165
vs:0.013346140410403681
posted:0.013333519236257405
m:0.005346932469203407
more:0.014899441708836631
a:0.005455094241587481
how:0.005138136707926267
uunet:0.01475387622038002
rent:0.02158442300384657
was:0.01383533022033415
dramatically:0.04665546399697767
median:0.024674765148065905
also:0.005794910670623306
straight:0.01561195948227855
accomplished:0.022203973902974065
are:0.012556862921898936
likely:0.01291565939425675
cramer:0.11504593287633613
d:0.007116578993660295
it:0.004017837067265296
not:0.004710234441999726
couple:0.012328092947869213
have:0.003994145415216038
between:0.009073694711118772
against:0.010090940594366589
shame:0.020539581733790863
b:0.011956673228571257
morals:0.021481621018231832
johnson:0.01803653800315559
be:0.004519228571386495
writes:0.005166112429824706
showing:0.016773532490725832
get:0.020537093363923786
if:0.0026177750772008175
of:0.005316734761563166
trying:0.010532532121360922
sexual:0.03479709900550416
even:0.006559216592836038
what:0.0035954769648305906
hire:0.02324718790785315
associate:0.01934668466523156
together:0.013902211880664964
rest:0.012760276693253159
in:0.003470306677626767
requirement:0.020829066000016338
system:0.008731337223603614
yes:0.020834733363311632
or:0.005268058263305354
men:0.08230309107720332
and:0.002237094225531972
for:0.003812681987250867
incredibly:0.020579646187568947
subject:0.00010428498785944647
table:0.017694900091715805
purpose:0.029381886657379584
until:0.011176428614705641
i:0.002237094225531972
we:0.005264624631695195
married:0.020661029339533173
face:0.04206177645639328
promiscuous:0.04807985115943044
will:0.00885394800705691
agenda:0.020702365704105583
community:0.01589276897256494
than:0.00558828625866977
the:0.0026499129257427645
do:0.0028059293707285026
when:0.005108103292358343
less:0.010737756080454209
relations:0.01882507766279202
would:0.003643162680095219
because:0.006893446480056695
reasoning:0.01872361091902928
homosexuals:0.01906349911039502
moral:0.015680292128557913
an:0.003507414603756784
pyramid:0.02096001401579229
mutual:0.02008835951847116
people:0.005879973203410615
about:0.0038477194543823107
e:0.012151912875210261
general:0.011517306105810747
is:0.0020990048975833117
number:0.019548944128107485
homosexual:0.07550726731913714
partners:0.06328651343004746
new:0.006734373300326355
marriage:0.020124033282390194
study:0.014474114642323432
life:0.010899919348784023
impose:0.045451161810827215
their:0.00591282663508482
tree:0.020196373312730963
show:0.02351616148230338
article:0.006330725627473445
already:0.011350727817567779
opinions:0.011154727170000165
by:0.00773777714700911
mine:0.012754840018749946
clue:0.01981412413302878
optilink:0.021532683836854305
s:0.0024235792220938216
