above:0.03424724566199428
mode:0.024084183940114662
partner:0.037429434618933374
simply:0.01923675056530434
at:0.011081320911376492
out:0.007409918862141257
fewer:0.03458676088470031
confuse:0.036051739234891335
50:0.04341111055507461
percentage:0.028336869954840978
means:0.03565528579168243
matters:0.029908830611878295
take:0.013369491385759142
ever:0.016625295954904785
gay:0.027955583025177862
with:0.0036781596024499834
6.0:0.0670722125283545
to:0.0008667919245854282
5.0:0.03190198602550546
hardly:0.027463124846474982
most:0.011676701031239233
that:0.006545370291216543
tie:0.03333211081918887
along:0.02197460007007066
me:0.006815023147198395
re:0.004703654122995856
sample:0.02964277790942113
rahul.net:0.04010921069007111
michael:0.037794908197153324
had:0.019300735668957677
mean:0.016625295954904785
93:0.02302525469059372
apr:0.023441561490805025
on:0.006377469499865282
enterprise:0.038865023625103065
arithmetic:0.038705792128346524
set:0.03332596961164681
numbers:0.022187059125777977
more:0.015992692148688377
a:0.0017566089633287989
below:0.023345118949923853
as:0.005032164529666783
gary:0.02669609083976515
following:0.017215813037985923
standard:0.01914493421674363
question:0.013729472222308834
median:0.19863961880203998
are:0.004043467808812739
likely:0.020795023930375647
d:0.022916279526755165
it:0.006468970372452301
not:0.0037918868463897165
zero:0.029142227985406364
have:0.006430825322611986
between:0.014609219157524564
adams:0.05828445597081273
which:0.008125109009544138
minimum:0.030826779747872506
if:0.004214782514235279
of:0.009783174116515152
sexual:0.112051035791309
what:0.0057889440440039705
but:0.004184171209122078
least:0.030285061417691602
gmt:0.02664967507059771
who:0.008132408014049361
up:0.008449436291524432
observed:0.03206395140979738
or:0.008481905128340697
men:0.08834210195288911
and:0.003601862400856508
for:0.0020462192635979496
subject:0.00016790538925797672
half:0.04756784256091844
i:0.0012006208002855027
20:0.01977881980129321
actually:0.015373044824535125
the:0.006636818955878454
people:0.009467126667126525
imply:0.030146191165229538
is:0.015207884540980977
number:0.03147502953959444
partners:0.13586035587498657
maximum:0.03078201579964066
new:0.010842764559016019
average:0.02439950351511061
study:0.023304234895816345
does:0.007663451662500159
first:0.011808520939566297
data:0.018455003919533412
strange:0.027650081955061155
defined:0.027489495149997222
s:0.0039021149739372225
