previous:0.04961713456704008
post:0.03689396863473115
my:0.027148978895151464
to:0.005906567828960704
next:0.03826257176784536
been:0.020960576960306274
that:0.004955780363349669
cleveland.freenet.edu:0.12235482204301444
re:0.005342007182545293
this:0.007499749119591699
mean:0.03776317224042658
on:0.007242983217704142
you:0.007939985562981741
went:0.046606589503372625
m:0.01955449588737246
a:0.003990011788132557
was:0.012649444772876937
wi:0.08416938119913721
broward:0.08722043977482377
it:0.004897934710571028
not:0.008613000122513783
invited:0.08076350943563725
have:0.007303580187823612
between:0.03318379780066293
real:0.036537055057117816
b:0.0437272620930606
knew:0.05545850089853942
writes:0.009446605585965176
converted:0.07246308254364811
ingres.com:0.08501828720586295
in:0.007614844366906735
office:0.0521533987578023
and:0.0027271243892199276
subject:0.0003813850984574042
i:0.008181373167659782
usenet.ins.cwru.edu:0.07440530591844853
house:0.049112456349859876
the:0.003230370042810227
when:0.018681063469196228
got:0.03160219745186534
apps:0.07556033587029275
bye:0.08722043977482377
friend:0.04961713456704008
bush:0.06675166296404116
is:0.0038381803841523415
white:0.04855670208315131
time:0.022564428141481623
does:0.017406983061964646
friday:0.07118982854513373
savings:0.08903117842681155
leave:0.05047403034706452
article:0.023152368009045743
difference:0.04581648352620552
already:0.041511233161390736
says:0.03658609634896526
garrett:0.18311751994388248
s:0.00886337544080026
