optilink.com:0.04402355577928557
obvious:0.0172495440085292
preference:0.025705051741469604
go:0.017447822886045985
correct:0.014673620807988558
mark:0.02693833151831561
there:0.012346802496553554
know:0.005533072312369066
true:0.01158421879891411
situation:0.015803283806164116
valuable:0.02331259866986395
where:0.024853678900005765
gay:0.05979736817493202
with:0.010490177162144346
much:0.007834963540627495
miss:0.021640450967291967
both:0.010070421893758914
except:0.014459019816160597
to:0.004944212233509707
attached:0.022109621151502154
then:0.007156414124555171
make:0.00789273759349643
that:0.0015556261230245596
like:0.0052225966973483105
through:0.010625395937331061
me:0.004859142064594371
anything:0.010409153140445757
re:0.0016768632411577153
this:0.0023541813379884258
child:0.017781904128885175
big:0.01244744642989936
on:0.0022735821759609413
you:0.0049847442996297925
pool:0.023671534578713887
concerned:0.018053763419541832
why:0.00798081874508523
more:0.005701430609061551
bottle:0.05454619091325085
prove:0.0176094095960251
a:0.005009880272094691
same:0.008708938791608127
uunet:0.016937185257476617
constantly:0.023399675288057226
as:0.010763867626237917
unlimited:0.027597403356085633
straight:0.01792224945050811
are:0.005766021359652247
fuck:0.0508404765257883
it:0.0015374682947980804
not:0.0054072646509055146
flame:0.018823558317837646
sex:0.11638513469209844
have:0.004585207292804061
due:0.014866109797751043
being:0.034902312644397276
uucp:0.018984881647246966
between:0.010416438771508545
able:0.011827198323366228
neck:0.05201837788956487
willing:0.016035425354168926
status:0.0394680062062712
free:0.012948465444505541
be:0.0025939966687778984
virtually:0.02234658295138727
writes:0.005930604403744954
get:0.005894053700857051
were:0.006956517029023763
if:0.01202063533207909
of:0.003487723507905626
sexual:0.019973222747553955
presented:0.04094157617300911
suffer:0.022044155683245865
available:0.012112393846700584
what:0.004127543062765162
huge:0.0192731971212622
variety:0.02095343680485597
women:0.06779040706427668
well:0.007546492870642802
please:0.00858930653320742
who:0.005798443382214566
in:0.0015935399273048472
point:0.019744717141345836
or:0.003023818195977961
rather:0.011540285439071136
men:0.07873539355666685
and:0.0025681440436600214
for:0.004376890532449426
known:0.014605061648728062
subject:0.00011971729547990268
however:0.010749322440344902
i:0.0025681440436600214
promiscuous:0.027597403356085633
any:0.0045887321358242476
gays:0.05250328570364806
than:0.019245757159903065
the:0.0027040466726064682
constant:0.022243490941411037
do:0.006442313174049297
less:0.024653502749742397
would:0.020911427042699014
can:0.003876977544563737
convince:0.021188818789705282
because:0.01582710581968174
imagine:0.017658020423616423
many:0.008310318509318805
about:0.0044171129162415765
dates:0.025087915517810196
is:0.00963847988845431
partners:0.04843452148906472
itself:0.015080967895042062
somebody:0.01702120279585092
lot:0.02222917837009319
man:0.01299573694526995
their:0.013575637834813577
experience:0.0148530169273325
almost:0.013551537803876986
concentrate:0.023443855989595395
article:0.007267559464722879
difference:0.014381855815400836
walsh:0.14299023541976022
going:0.009765989614572567
needed:0.014958846144107718
optilink:0.04943826961645473
