simply:0.020949611917009517
out:0.008069706158085341
there:0.0062861574354599135
know:0.008451199490810286
all:0.0065347111688102135
50:0.023638241706359114
became:0.0296277226442214
modify:0.036597881727334025
compound:0.029331635421270583
to:0.0028319160823784195
crime:0.027474095378339152
janet:0.10440259865184814
80:0.0273743947086528
day:0.017419883806595014
began:0.030697316690490462
been:0.010049591693297529
that:0.0023760590783183343
justice:0.029491548873304768
think:0.009861287859784624
weapons:0.02739421907869639
crimes:0.03377017477249987
nt:0.009781897968800527
so:0.00699870272181452
had:0.02101929432441281
child:0.05432006329782731
he:0.010891323339179693
you:0.007613684786420847
why:0.012189880685986344
a:0.0038260387009490275
how:0.009009335597459756
desire.wright.edu:0.04119492469884889
want:0.012962999778850558
was:0.018194406865096963
as:0.0164407019222675
intellectual:0.036597881727334025
wife:0.027677959090027193
responsible:0.026786679555294672
frank:0.026823112168154944
place:0.018626216556961818
it:0.0046966497224653694
conviction:0.038319213427888174
not:0.008259041213369381
have:0.003501716528408581
proof:0.028678825970556026
only:0.018267619702318993
states:0.023649724215449884
charge:0.028193511335163256
after:0.02642758476253358
minds:0.03367018299564266
feel:0.020864908796206696
alive:0.030171377353409846
his:0.012633075626748333
be:0.003962063405051173
dept:0.028104845824258897
if:0.004590071368242529
of:0.005327139330568182
well:0.01152649253529688
david:0.017098939995510234
over:0.013739320222735326
one:0.00673500621764125
in:0.004867937038205219
installed:0.027434040790103375
few:0.03130996576583954
for:0.006685250607782342
subject:0.000182855869123413
outside:0.02469024505124332
branch:0.031232168998514002
any:0.007008816892389091
necessary:0.02469024505124332
yet:0.018014169470453176
the:0.0046464226643160795
do:0.009839971491869817
interest:0.02501907531964305
arrested:0.07969518783268333
would:0.006388011274687507
law:0.020594802227698397
her:0.04529327130040723
because:0.012087139033524067
did:0.0112596646811162
come:0.016446532016913755
an:0.006149987250422854
koresh:0.08392188962966612
during:0.02005732540960596
people:0.020620180001001607
many:0.012693157723137626
morning:0.029384526147941202
white:0.023280610587812275
sean:0.03510001048784889
questions:0.04142707311295221
boomer:0.04232560792048895
nothing:0.017499013708910334
davidians:0.033144891072435435
leaves:0.03413210957643398
although:0.021642051073662724
initial:0.031552455066377286
brett:0.035876234359814664
enforcement:0.030959523447826195
deaths:0.03337867878729474
reno:0.07082563791861816
by:0.006783804622035384
demon:0.03915045217449275
s:0.004249563567506974
