some:0.010962787559937598
read:0.010643206863370525
believe:0.020400674932679254
large:0.028112996430869255
out:0.005531347883006854
there:0.004308821528531208
know:0.011585681931063867
hours:0.018385795195073343
all:0.004479191693175076
bloody:0.02775246370796576
percentage:0.021152874755022137
environmental:0.02488171652700014
gay:0.020868252117386292
your:0.035491048512148245
with:0.013728342178158387
ca:0.019310315456265926
except:0.015137847037576589
my:0.004461099818452119
to:0.0032352092959878655
hole:0.021910566525573726
camp:0.026989464038962123
perhaps:0.013560852289389885
that:0.011400621493151821
think:0.006759380410932185
quite:0.01247041963431644
like:0.005467789030557151
nt:0.01005744439045688
its:0.009708096507202677
12:0.01668255789489219
re:0.0017555892149209884
flat:0.02318227992527044
anyone:0.00785405985747132
this:0.002464706283433892
contact:0.016338367600847736
these:0.0077776336765208575
on:0.00476064624637831
you:0.04175015882882418
assume:0.01629806833469097
them:0.00688196794146592
state:0.012477527638218855
bill:0.014532928993857828
prove:0.01843614244090891
a:0.003278178699169941
how:0.0061754131325311
rent:0.02594184173232264
was:0.0041570945262975854
as:0.0037564045080611193
minority:0.02328778629077306
belief:0.019340447420510106
weird:0.023113236979778913
others:0.012658817948677917
are:0.01207345317560987
no:0.005285191249683145
it:0.003219299809764995
not:0.008491690261633308
should:0.007712733062129012
have:0.004800475240823032
proof:0.0196577868154985
only:0.0062607335130013455
kind:0.0129367450561646
against:0.03638423650926545
after:0.009057341256642964
love:0.015362523193340135
netcom.com:0.015112841195873894
disaster:0.025818286294212907
be:0.01086312219976472
sic:0.02775246370796576
writes:0.0031045182676880862
of:0.0036514663956007257
freedom:0.01872313840525167
ethnic:0.02427357543689731
but:0.003123395409626339
associate:0.0930094136018644
phil:0.041609900006253454
again:0.011464174357314639
eh:0.023395718301217658
they:0.004379904340411942
who:0.006070670771050931
now:0.015510933313410745
one:0.004616483135096819
in:0.004170885020997429
and:0.0026887141865548584
complain:0.023894414138097037
still:0.00958548864896501
for:0.0015274594502914273
subject:0.00012533782578412345
however:0.011253985465713207
forced:0.06394078161214024
i:0.003584952248739811
group:0.012662516125852794
person:0.013169926944008689
face:0.016851040333077747
actually:0.011475653178878331
will:0.02128272948175182
locked:0.026541998406077967
em:0.04465262035012816
the:0.0003538746525770202
do:0.010117153787415446
would:0.008757273672341559
can:0.008117990539321253
homosexuals:0.022911998930803406
may:0.017474418098026582
an:0.004215484218599703
people:0.028268040189166524
is:0.0025227476703348723
homosexual:0.06806288885105319
argument:0.049559738593517214
new:0.008093894670814774
type:0.015213673757425805
study:0.017396119006736144
guess:0.014066466023172082
nice:0.014834457543449569
under:0.011395884634298775
change:0.013953094403335623
falls:0.023217185927559253
article:0.0038043797197962487
opinions:0.013406620448450902
comes:0.014198010972983623
mine:0.015329760773708855
