there:0.018730183379125458
know:0.025181125013434728
clintons:0.15194296183107472
francis:0.11276759773438208
to:0.0028126513471241443
like:0.023768144153238226
re:0.0076314388322075615
so:0.020853277497651427
he:0.032451698112657856
etc:0.04739436709098439
a:0.005700016840189367
desire.wright.edu:0.12274406134759057
as:0.03265772082518442
intellectual:0.10904674963654627
frank:0.0799219260520535
conviction:0.11417561551983006
not:0.012304285889305405
writes:0.013495150837093108
what:0.018784532714216963
in:0.007252232730387366
and:0.0038958919845998963
subject:0.0005448358549391489
i:0.0038958919845998963
background:0.09034693878197168
the:0.0030765428979145017
interest:0.07454663258505888
would:0.01903366624702808
liar:0.11836834968747924
an:0.01832445180738238
is:0.01096622966900669
clinton:0.074799107927968
1/2:0.2904020800834797
white:0.06936671726164473
sean:0.10458370471889669
boomer:0.12611303584472217
nothing:0.05213991839797773
article:0.016537405720746957
brett:0.1068965350312845
by:0.020212968873819716
demon:0.11665236770359064
s:0.025323929830857888
