basically:0.027635257382027368
at:0.006203978960946698
there:0.012926464585593626
all:0.006718787539762614
became:0.030462306380678345
situation:0.07445349905861827
blindly:0.04266838569438572
with:0.004118502653447516
into:0.012611295091425256
response:0.024729567272023537
such:0.013542374672308441
surprise:0.03427018774718633
to:0.002911688366389079
janet:0.1073435169237312
death:0.023629692845326917
she:0.11673036918656629
that:0.009771961279844418
hostage:0.13408294734622295
anything:0.016346768664221155
trigger:0.08219390446885298
he:0.022396242359439933
children:0.09443315121178945
them:0.01032295191219888
a:0.006884175268256877
was:0.012471283578892755
immediately:0.029737320681717486
responsible:0.055082467817929893
no:0.007927786874524717
innocent:0.03120742500469009
causes:0.03005036126320223
tear:0.03493167943615959
hoping:0.03371024364206144
gas:0.02794485684273945
it:0.002414474857323746
should:0.023138199186387036
signs:0.035371963640253495
have:0.003600356430617274
kind:0.0194051175842469
against:0.03638423650926545
understood:0.033755242220221804
were:0.010924671108959854
if:0.0047193691532634455
of:0.004107899695050816
killing:0.02850030036447649
who:0.01821201231315279
waco:0.08207061358080107
david:0.0175806002770739
in:0.005005062025196915
gun:0.05156359853245636
threw:0.036957609523848196
pull:0.06366324539975528
and:0.004033071279832287
for:0.004582378350874282
subject:0.0001880067386761852
doug:0.06086816175575755
person:0.03950978083202607
similar:0.022287030196244374
the:0.007962179682982955
do:0.005058576893707723
would:0.01970386576276851
holding:0.032441256617542845
an:0.006323226327899554
koresh:0.0575239243470951
warning:0.030212259278869127
head:0.0243159136299696
is:0.0037841215055023085
ignored:0.03615190282541337
their:0.010659743792828972
him:0.01687686833354442
killed:0.05144767600940684
release:0.02798453161540323
deaths:0.034318923260176284
reno:0.10923108946603788
s:0.008738539166986173
