correct:0.11898972509750722
know:0.022434093193787304
thanks:0.03624339354393023
where:0.03359012360425021
access:0.06095230669124591
from:0.015392222807821373
post:0.04695596008056691
my:0.034553245866556406
me:0.01970161237099172
anyone:0.060833263623323315
this:0.009545135243116709
jobs:0.08977864771059278
legislation:0.19553426486787087
copy:0.06212021718296986
not:0.010962000155926634
if:0.01218455308660744
of:0.0035352833739225207
brooks:0.3246152784223858
please:0.034825733761913724
in:0.0032305400344452813
or:0.012260208321874277
and:0.003470885586279908
i:0.006941771172559816
directly:0.06604546046357054
information:0.044342205172432085
the:0.002740920036323829
can:0.03143876336137139
proposed:0.08025008679211985
an:0.016325420701122487
note:0.05384889270688177
address:0.11610259468849493
interested:0.05231047664390763
is:0.014654870557672575
else:0.045937313187964665
does:0.022154342078864093
header:0.0956024167972811
e-mail:0.09998893733280968
stimulus:0.23808231041878922
mike:0.058098400526503696
online:0.09207230744380915
news:0.055797754839334884
