some:0.03706466270264616
believe:0.034486855243338735
true:0.041004457018378515
with:0.009282974234754719
c:0.041049169768713645
alot:0.08038058586364291
from:0.013437654832225008
my:0.030165532105723848
global:0.08120178704458242
that:0.011012845251888151
re:0.005935563536161437
this:0.00833305457732411
includes:0.05980562494337061
sure:0.0346356193676064
a:0.0044333464312583965
price:0.04968482860069782
are:0.010204942565098817
it:0.005442149678412253
not:0.019140000272252853
should:0.026076383210055232
have:0.00811508909758179
ring:0.07909980949459303
dealt:0.0897372327062636
scientist:0.07826103994896795
without:0.03567000769527769
be:0.009181924716467798
making:0.048803288744006405
of:0.009259075503130411
concluded:0.08708558056875304
up:0.021324767783371182
in:0.005640625456967951
and:0.003030138210244364
word:0.048712325653387595
green:0.06679858411669497
costs:0.0653373437291085
employer:0.07174746703781944
house:0.054569395944288744
source:0.04951218986825118
the:0.003589300047566919
do:0.011401871728674549
cellar.org:0.1996111854295752
effect:0.05502180086702231
william:0.06462951237128599
scientists:0.07947330945348499
occur:0.07221897742534192
their:0.02402672410447165
article:0.012862426671692078
opinions:0.045327145325714954
by:0.01572119801297089
says:0.04065121816551695
doubt:0.05523924284096139
s:0.009848194934222513
