since:0.03175907338736002
at:0.0069917858131304045
mark:0.023838285430890397
help:0.016984862857474577
with:0.004641487117377359
c:0.020524584884356822
ca:0.01632181425470096
from:0.006718827416112504
options:0.03591254292600648
my:0.015082766052861924
to:0.00437523542885978
respect:0.032439350705826354
nt:0.0056672900930352255
re:0.0029677817680807184
this:0.004166527288662055
inc:0.029055678538130167
3:0.03716612610535904
a:0.0033250098234437974
democracy:0.04406857905851303
sorry:0.025217592736020828
was:0.0070274693182649645
altogether:0.04440162825771169
as:0.006350112382674749
said:0.017392895465582793
whole:0.023745360912915
course:0.019413903173809675
those:0.02945897863948508
it:0.013605374196030633
have:0.00811508909758179
between:0.018435443222590518
centuries:0.04249574629197534
be:0.004590962358233899
constitution:0.25138780048204534
which:0.02050622750027806
get:0.020863078972874958
if:0.0053186541251064225
of:0.010802254753652147
totally:0.03269456587752899
even:0.013326662283857345
but:0.005280025573415954
parts:0.02895789691600286
impression:0.03754851281082928
reading:0.026081921002880877
minorities:0.04406857905851303
in:0.004230469092725964
gun:0.029055678538130167
purely:0.03954990474729651
fear:0.03417274710716267
point:0.0174725076290481
world:0.02000992610105299
men:0.02786982978275668
and:0.003030138210244364
subject:0.00021188061025411345
i:0.003030138210244364
we:0.02139276040815825
ago:0.022707664487020985
any:0.00812132751022863
research:0.02450263079791093
will:0.01798897372862356
the:0.006580383420539351
because:0.01400573253090884
newsgroup:0.030509236829955155
different:0.020057276968343234
paul:0.025992241992929026
is:0.006396967306920569
right:0.015395822172938884
lot:0.01967105863702691
2:0.015463567873773084
1:0.01554384041210086
nothing:0.020276634932546892
amounts:0.03992790513610012
mouth:0.03835289768591092
opinions:0.022663572662857477
three:0.023162603225972005
majority:0.06544108930021621
by:0.01572119801297089
s:0.009848194934222513
