go:0.009398223438618972
at:0.004255869625383725
out:0.0056916768071519795
say:0.00916688393365963
played:0.019595183677074034
all:0.009218046672911026
happen:0.01633638756602568
cults:0.02884975551503933
situation:0.03404958733115554
situations:0.023094228838135583
with:0.005650506055937655
way:0.008368950819065427
damage:0.04299007590501131
though:0.012007459911162702
hell:0.01648976292020239
ca:0.009935017372426672
times:0.013577179427502544
my:0.004590407059566673
to:0.002663186782784214
80:0.019307544094025644
heavily:0.026566642418682843
might:0.010275773603277517
perhaps:0.01395392047169104
been:0.0070881178126639575
that:0.00335173551144422
feds:0.023999531784154014
like:0.0056262756691240244
through:0.011446682579830081
nt:0.0103489645177165
could:0.007290382392879504
its:0.009989490608860724
re:0.0018064758588317417
avoid:0.018679949242623665
lost:0.016929982243081402
chances:0.023576114841841182
had:0.014825202760213865
this:0.005072294090545111
big:0.013409567893079986
you:0.0026850192725059027
brain:0.021301344922544894
used:0.009538471054767466
etc:0.02243791292230179
biological:0.027536066068258456
card:0.01478699684306397
a:0.00269855869728772
how:0.0063544106146334505
same:0.03752837392325821
was:0.008555180039626914
as:0.007730571596299695
failed:0.020470040271618528
operation:0.02080080258696858
stuff:0.014122785278616531
learn:0.018405865607353775
those:0.008965776107669372
early:0.016921454583542418
it:0.0033126128477291975
not:0.011650434948327824
couple:0.01524633717224405
dscomsa.desy.de:0.05491997409817739
have:0.00740942917605294
made:0.011234683825690827
mistake:0.02158368113447762
try:0.011769998417117839
university:0.011354300007722964
able:0.012741377903916275
19:0.019791773970922123
after:0.009319872887270295
west:0.01970004492626178
armed:0.021451318940332142
hallam-baker:0.02810506624051151
be:0.005588997653502138
writes:0.0031945043044326682
get:0.012699265461749973
were:0.022482656485105786
if:0.00971232492410738
phill:0.027691915644191892
of:0.002817979500952734
what:0.004446580207713194
years:0.010771861946765186
again:0.011796469266222308
mistakes:0.025304010707888604
they:0.018027432357637558
who:0.006246632242675595
waco:0.01876654932121377
over:0.0096905350363254
difficult:0.01800583708714009
1969:0.029611247999114614
in:0.0034334241911978835
resources:0.021322486828824115
point:0.010635439426377104
tactics:0.02614629760230782
and:0.00276664793109268
for:0.003143467274512792
subject:0.00012897080624163428
i:0.00553329586218536
sciences:0.024587005852244773
we:0.019532520372666232
information:0.011781745335670361
the:0.004369582666603206
wrong:0.01277015486391237
do:0.010410404621833284
thing:0.010936871667270321
start:0.013611411052572523
rule:0.019075833663073343
would:0.01351666153774458
can:0.004176647306462384
because:0.017050456994149893
hallam:0.027238684942657326
just:0.011346749405467496
many:0.008952661968976296
about:0.0047585322720863354
prepared:0.023003362500176667
press:0.01733019497955394
govt:0.047152229683682365
is:0.002595870791214144
deal:0.01592422701333579
move:0.017086111669434866
division:0.019142837759035424
guys:0.01876654932121377
survivors:0.022684086597621157
chicago:0.040799029341100315
dave:0.06775409992994381
every:0.011749509791968097
article:0.003914651595732372
very:0.008421461312963513
april:0.01643552590284112
murdered:0.025352563055006973
black:0.017050977566395835
god:0.012817286143841665
four:0.016947082855183447
thats:0.025068309431707774
s:0.0029972767191111995
