some:0.015162816560173431
looks:0.04445591525160897
at:0.011441104057849755
out:0.01530100128675922
there:0.01191920760489802
setting:0.05586801113457931
members:0.047899250759800206
to:0.005369607117237003
russ:0.07303367139408995
that:0.018021019503089705
like:0.015125182642969782
talking:0.04233365169301648
re:0.004856370165950267
authorities:0.06046382593091271
this:0.006817953745083364
these:0.021514752897388866
starting:0.050928856920483344
assume:0.045084266951807485
a:0.0036272834437568705
as:0.010391092989831409
cult:0.06152149257948639
witnesses:0.0682874405694865
are:0.00834949846235358
no:0.014620074495876751
it:0.004452667918700935
have:0.013279236705133842
trial:0.060906607896405895
writes:0.008587823259968343
were:0.020146796071068823
of:0.007575607229833973
seen:0.0673367504057754
result:0.04590911637677276
saying:0.03917604128525246
anderson:0.06302165994470516
fire:0.09342840615686937
ed:0.20613868424254558
waco:0.050450333889496775
in:0.002307528596032344
and:0.0024792039901999343
davidian:0.06764118719858958
subject:0.0003467137258703675
leaders:0.05743591432790581
i:0.0024792039901999343
branch:0.05921943732185773
dispute:0.0689675442775036
any:0.013289445016737757
will:0.029436502465020376
the:0.00489450006486398
claim:0.0848114037610386
come:0.031184333434667644
fbi:0.04954314132844591
about:0.012792417926258072
events:0.05283829684385227
survivors:0.06098189513905948
article:0.010523803640475338
occurs:0.06200254805585457
says:0.033260087589968415
