believe:0.009052799501376418
at:0.0036706875518934625
out:0.009818142492337166
there:0.0038240791065714476
uiuc.edu:0.023884277243115506
11:0.016100894323416295
percentage:0.018773176345082146
truly:0.018159597787626575
ever:0.011014258570124419
gay:0.01852057375418033
with:0.004873561473246228
much:0.007279986956499714
though:0.010356434173377832
1.0:0.02285996489929767
alot:0.021099903789206266
romulus.rutgers.edu:0.051496156303261556
to:0.0022969986001513845
1987:0.02120629254756112
bet:0.017973630479206706
look:0.009879868017816294
most:0.007735814433195991
us:0.008582818275770817
day:0.0105970959823453
next:0.011159916765621563
perhaps:0.012035256406833523
been:0.006113501613422664
that:0.00289087187862064
guy:0.01410971144562029
quite:0.01106749742545584
like:0.004852662764619472
really:0.016261631193257714
nt:0.008925981896530481
its:0.008615935650142376
re:0.0015580854282423772
submit:0.02190888718271025
national:0.013559058020781306
had:0.0063933686903422295
this:0.008749707306190317
largest:0.022357348283511776
off:0.009097739366484793
d.c:0.023953149334578882
shot:0.016569301439948902
goal:0.017475525684832613
big:0.011565752307781488
starting:0.01633967492865507
on:0.008450147087321499
set:0.011039227433858004
you:0.004631658245072682
pulled:0.020861743731539813
theodore:0.02265158814690325
working:0.013202245877944196
crisis:0.023684238829839003
more:0.005297579274253024
a:0.0023275068764106585
how:0.010961358310242702
million:0.01630629691304641
was:0.011068264176267321
as:0.010001427002712731
coming:0.014485958144956646
participated:0.024094405799894227
stuff:0.012180902302806757
washington:0.03199344446178745
military:0.016132660678044045
march:0.018057133607887733
are:0.016072784540030638
no:0.004690607234093791
play:0.013341325969918506
it:0.0014285642905832166
not:0.002512125035733187
ones:0.014135958251570236
deleted:0.01463908123749307
have:0.0021302108881152203
being:0.008107516374688118
rights:0.02894332849744005
always:0.011070650408327947
has:0.008873120615721259
be:0.004820510476145594
writes:0.0027552599625731765
were:0.006463763739467913
if:0.002792293415680872
of:0.0024305073195717334
america:0.016407243976943594
tremendous:0.025060245858466407
short:0.014429074440088615
saturday:0.020763699992330673
but:0.002772013426043376
years:0.009290730929084973
equal:0.0185775222488831
together:0.014829026006042629
they:0.007774330204231197
find:0.008818528073639125
who:0.005387720309307701
up:0.011195503086269872
now:0.0068829766578260175
one:0.004097128782398427
aids:0.04510236336398099
email:0.011432911079033086
in:0.005922656729816349
5:0.010828637028823678
or:0.0028096310737628556
message:0.013530499535665506
and:0.006363290241513164
for:0.004066860786400925
subject:0.00011123732038340957
i:0.003181645120756582
we:0.03369359764284925
face:0.014955298295606498
will:0.023610528018818425
event:0.01730308728415405
than:0.005960838675914421
the:0.005025020066593686
wrong:0.011014258570124419
when:0.0054486435118489
wind:0.021099903789206266
around:0.009863310138140149
would:0.0038860401921015668
can:0.0036023583018238055
oct:0.025642587285029567
did:0.006849629347679022
whereas:0.02096215019645256
homosexuals:0.020334399051088022
last:0.027252031900743726
long:0.00991796352128577
people:0.006271971416971322
relatively:0.0185775222488831
about:0.008208468169348929
middle:0.016737917896419093
worry:0.018318179295228013
issue:0.013047333364436888
new:0.007183331520348112
days:0.012409385935625718
time:0.019743874623796422
study:0.015439055618478328
their:0.006307015077423808
nation:0.01867420098671503
too:0.008135491116102069
kaldis:0.04976582826344285
committee:0.020052760338035824
show:0.012541952790561802
article:0.0033763870013191707
politically:0.023619638052605814
planning:0.019306726040331717
bad:0.011419171028109933
going:0.027222696050621033
by:0.004126814478404859
while:0.009043093774493843
todd:0.04241258509512224
millions:0.019840400156402375
s:0.0025851511702334098
