another:0.009943970091428604
kills:0.02496158871526896
week:0.015461160557872571
at:0.003950515750916731
out:0.005283305377042421
played:0.01818925121593868
ultimately:0.02416481213572881
take:0.009532507310922436
actions:0.017731939211606065
monday:0.022670890850847475
enter:0.02124284721354463
own:0.010163635136986525
your:0.005649920278839742
with:0.0026225442905360866
way:0.0077684879800293425
though:0.022291876247629412
decision:0.018855362032229987
hell:0.015306640916959173
previous:0.015574885290102269
work:0.009081042439418402
christ:0.016645174497927767
to:0.0030901326459435666
everyone:0.013710819540417503
janet:0.022784423622077474
worse:0.017466661046369448
that:0.0015556261230245596
cleveland.freenet.edu:0.019203671621100923
hour:0.020877643931301697
nt:0.006404291943699
huh:0.022416651641535612
me:0.004859142064594371
re:0.0016768632411577153
so:0.01832844120869812
had:0.006880755541175494
this:0.014125088027930556
he:0.014261284372378792
starting:0.017585300371646715
on:0.0022735821759609413
children:0.015033080125643613
am:0.007328862586104779
them:0.006573359513597493
m:0.006138182565542924
why:0.00798081874508523
more:0.028507153045307754
a:0.0018787051020355092
was:0.011912033194189044
ridiculous:0.022381480442158812
listen:0.01915222587597878
let:0.010336940550461098
hands:0.017961300248229114
frankly:0.025351774262307655
broward:0.027378613382231676
responsible:0.017537467332166018
step:0.01865255890216301
role:0.019792622302989202
no:0.030289122946614615
pressure:0.0197340031031356
fuck:0.02542023826289415
it:0.006149873179192322
not:0.0027036323254527573
have:0.004585207292804061
engines:0.0669358648259926
being:0.008725578161099319
kind:0.012356621959475605
minor:0.01948848509967637
his:0.01654196449780499
be:0.005187993337555797
considered:0.015438757655660143
watched:0.02234658295138727
of:0.001743861753952813
even:0.015059725988932965
safe:0.01862215671837207
what:0.008255086125530324
fire:0.03226003261918808
ed:0.07117793133038569
they:0.004183496074025756
who:0.005798443382214566
up:0.006024485965705761
waco:0.017420070446149107
now:0.022223063648586245
pick:0.018027150255775847
over:0.008995250011297569
in:0.0023903098909572713
yes:0.02391790018389138
or:0.006047636391955922
and:0.0025681440436600214
for:0.0014589635108164752
subject:0.00011971729547990268
until:0.012830339575626206
i:0.0025681440436600214
6:0.013176455751386523
bullshit:0.09887653923290946
person:0.012579347260420856
we:0.03626216786674359
back:0.01889109165979854
sick:0.020140099861188192
allow:0.01572320480437037
blah:0.08458859651612044
than:0.0064152523866343545
the:0.003380058340758085
responsibility:0.03890375665101946
would:0.008364570817079605
can:0.003876977544563737
nobody:0.017974393118647656
did:0.03685899200544765
come:0.010767684638876271
fbi:0.03421364916852318
an:0.004026449051846353
just:0.005266316428098143
here:0.016147093323976645
busy:0.022900905623885817
hold:0.031119108636269238
is:0.006024049930283944
clinton:0.032871356847268454
morning:0.019238299630490653
new:0.007730939752841017
does:0.01092815080123341
hear:0.014859558584120212
matter:0.013546650277580908
notice:0.018107468312128
protect:0.018517343484357233
too:0.008755685506118818
words:0.014833449020212441
sessions:0.025217904472398772
article:0.0036337797323614395
killed:0.016380201778779756
takes:0.016035425354168926
reno:0.046370148592458534
bad:0.01228969079258468
before:0.019069006880920576
claiming:0.02068157751419931
says:0.011484424862903892
s:0.002782225474690665
