screwed:0.02939951284791156
boy:0.025054324337678607
take:0.011744470333346427
i.e:0.0190858508120188
your:0.013921903007527762
cut:0.02022660494919559
c:0.014287832571430717
my:0.005249802548786195
to:0.002284308000150548
social:0.023988078408708872
day:0.014051397987640176
legal:0.04176038888213729
might:0.011751851579438928
perhaps:0.01595835103668533
that:0.0038332002810439426
really:0.021562383902662165
me:0.005986677792290302
anything:0.012824536742096153
re:0.002065969628608677
justify:0.052615425829133367
churches:0.028938840975320117
political:0.01991588827337859
hypocrisy:0.03265897662871109
this:0.0029004554606155745
he:0.026355799019672405
on:0.005602307461207623
demonstrates:0.06576000115370614
you:0.0030707126486669714
bars:0.030831052626959767
serious:0.019872893022317515
took:0.01864862804650099
dare:0.027795116282589034
m:0.007562512221635757
more:0.014048829014593655
a:0.003857746203995566
how:0.007267198879718918
sorry:0.01755478831347306
want:0.010456342363050727
test:0.01975635278441807
as:0.004420520222193472
steve:0.017719082026709316
doctors:0.027079878342053748
smoke:0.02802439656384181
town:0.024607893219362055
are:0.00710399316686437
results:0.0202380317617042
taking:0.01882292836547848
it:0.0037884577871820104
not:0.009992983567557429
have:0.005649178045830418
try:0.013460716421786699
only:0.007367603526349649
acid:0.028938840975320117
war:0.0781618810071385
edward:0.024972875267307317
has:0.005882731899925696
netcom.com:0.03556944944443247
be:0.003195918547720836
writes:0.003653383375787637
were:0.0085707364501232
if:0.011107465520940486
of:0.0021485147576324713
failure:0.026239503876874425
ryan:0.024557666856371712
seen:0.014323010445427364
what:0.005085315486169233
but:0.003675597912985692
they:0.010308504138207112
who:0.007143938531678719
up:0.00742243298537229
now:0.009126598883305217
good:0.00895033067049447
in:0.004908279057858853
thomas:0.020353618862039225
5:0.0143584137398767
or:0.0037254776668678743
and:0.0021093779806120984
still:0.011280160675301364
for:0.0017975075299009613
subject:0.000147496999403416
i:0.004218755961224197
dump:0.030909420776086594
employer:0.024972875267307317
we:0.014892197853193038
any:0.005653520808225454
drug:0.02365977221826246
will:0.006261355496703229
than:0.007903874487400337
the:0.003747943143591976
magnus.acs.ohio-state.edu:0.05084368383935238
when:0.007224720678694673
drugs:0.09586229539422474
hits:0.027363266708835796
neighbor:0.027977772980163
last:0.012045096972704407
friend:0.057566841210378
problem:0.011688206033401018
just:0.0129766692095678
people:0.016632852376498534
about:0.005442078344319732
head:0.019076573124064546
is:0.004453137462276197
tuesday:0.027750380314453017
having:0.02891592698807029
cook:0.05929020539273841
does:0.006731982399654835
dale:0.05332398415144871
trouble:0.021076363990554334
nothing:0.014115226527629329
every:0.013437284679212133
under:0.01341062666909193
position:0.019021231807802276
article:0.008953954478636474
opinions:0.015776851687956034
pot:0.033350485705805046
takes:0.01975635278441807
regulated:0.03458332300588355
mine:0.03607998944530371
wish:0.020641312236346843
s:0.0034278247561105985
