library:0.0230060911631933
folks:0.04069467967356899
there:0.005042741678995316
know:0.013559067314926395
depression:0.035040464284183004
means:0.015574699013399742
where:0.010150861528756933
with:0.0032133372351074033
hell:0.01875484024440602
my:0.0052209574798368205
creation:0.024943931288252515
to:0.006815270571877734
job:0.019074112941149322
ha:0.12425155297790347
impact:0.026336507666326902
trip:0.028256154047959434
make:0.009670771886536833
that:0.003812138741038207
pittsburgh:0.0485996198159203
kinds:0.025054377328478268
really:0.010721954632917176
nt:0.003923508525947464
its:0.011361673384803133
happens:0.020527898432850432
re:0.004109236294265611
this:0.008653556676451962
he:0.008736995645715579
something:0.010937699544854521
two:0.010246095783809405
on:0.013928813880200272
state:0.014602820807366024
specified:0.028779836354576604
pennsylvania:0.033167241278850075
beat:0.023878748226526546
jobs:0.08139273006729567
a:0.0023019298777687833
how:0.00722726921554464
j:0.03356185340141608
as:0.01758492659817623
coming:0.01910236238895382
africa:0.030898860974422675
let:0.01266559199314739
travel:0.028108310900047763
computer:0.014729136841567668
those:0.02039467751964352
plan:0.021459143941970366
it:0.009419105212636593
not:0.003312692354812994
statement:0.019083513295015418
cry:0.031678917355029194
systems:0.01648580835320116
laugh:0.027870416362941585
pitt.edu:0.05426182004486378
whether:0.015700321894955082
92:0.024085246639433375
hope:0.01587066778923102
facts:0.022253224143609283
doing:0.014729136841567668
talk:0.019008756965038613
his:0.010134225502776137
without:0.012347310356057666
be:0.006356717111400784
sic:0.03247953170217971
writes:0.0036333098407558373
of:0.0032050645972374506
saturday:0.0273807032865899
what:0.005057374192289183
secretary:0.02805990084684911
street:0.02191224439735498
alone:0.021094578766013703
they:0.005125932002789801
who:0.014209372244328004
up:0.014763300773103128
professional:0.02626651301919817
over:0.011021652486370099
one:0.0054028071855803435
president:0.041378661089802184
in:0.0039050483932855052
according:0.018898495629594607
or:0.003705008009357612
and:0.004195575983415274
for:0.0017876311149015057
subject:0.00014668657632977087
summer:0.024729484343715507
create:0.020894756545294612
i:0.0010488939958538184
we:0.007405186295131704
face:0.03944254495544571
column:0.03177284281304733
will:0.01868085733357062
the:0.004141500054884907
do:0.003946801752233498
units:0.026700515279190644
would:0.005124448604969099
can:0.004750362595811612
complicated:0.027296170765493854
county:0.030360507082333642
come:0.013193371837744003
here:0.019784625336520836
many:0.010182423228451063
about:0.005412176814955339
17:0.021606064607035746
press:0.01971071626795421
is:0.0014762232246739776
number:0.013748707958229441
clinton:0.04027644273044432
new:0.009472525081777731
time:0.008678626208262163
matter:0.016598368197255728
article:0.004452378463278028
u:0.020778260898862727
full:0.01697616749408381
april:0.018693153087297323
by:0.005441953158336078
especially:0.01717195443679858
s:0.017044952770769735
