optilink.com:0.0892477539889153
at:0.016017545680989655
all:0.017346687829932567
from:0.015392222807821373
my:0.017276622933278203
to:0.010023266618842406
remember:0.05059316430038603
consent:0.09350218248597485
me:0.01970161237099172
clayton:0.17500590840467628
children:0.06095230669124591
them:0.026651984936949834
uunet:0.0686725874984961
was:0.01609929334729792
explanation:0.0838543961030263
official:0.07374914583916956
caused:0.07240571234645758
cramer:0.3569910159556612
it:0.006233735086181308
not:0.010962000155926634
between:0.04223392447357101
war:0.06430591119223668
be:0.010517477402499477
version:0.056735829230283356
order:0.050987579293318035
in:0.0032305400344452813
or:0.012260208321874277
subject:0.00048539921621851447
necessary:0.06554137777239136
the:0.005481840072647658
relations:0.08762217966681375
liberal:0.08911741781657688
vietnam:0.21641018561492384
an:0.016325420701122487
pyramid:0.09755933796441502
mutual:0.09350218248597485
people:0.02736860254678395
e:0.0565616308373423
is:0.004884956852557526
save:0.06586382240765988
opinions:0.05192018464581895
by:0.018007917723948472
mine:0.059367982632727016
optilink:0.10022485567699457
