wilson:0.10619298167237054
go:0.020696087785043907
mark:0.03195344642864032
all:0.020299315545665768
coffee:0.06063793272478192
someone:0.023441043773010848
to:0.0029323386384911294
then:0.01697745052952982
legal:0.04020548078546197
enough:0.025873920499334
ai:0.05162412569938614
calls:0.0426413794197705
make:0.01872426046116706
think:0.030632936755926706
nt:0.030386321349891
re:0.007956180910173841
so:0.010870325504094894
political:0.03834867848384601
hypocrisy:0.06288590180634794
merely:0.04341541510362613
you:0.011825510412951528
them:0.015594246505662136
m:0.01456185863953268
a:0.001485642687070633
test:0.03804148780829437
related:0.041001478570544356
alcohol:0.0572041732326218
definitely:0.045275018554476416
theory:0.043282434648687494
far:0.026482745448100017
are:0.006839482782991761
it:0.010942194566169317
ones:0.03609180830188145
should:0.01747672491737744
money:0.03298106134818223
be:0.006153843161036929
writes:0.007034706287420876
if:0.01425851956943424
of:0.004137033735441248
using:0.023451282751541708
good:0.017234147354888287
in:0.0018902095946222392
government:0.028634201474641463
ncratl.atlantaga.ncr.com:0.06547043562135209
use:0.03537828782441166
and:0.004061674622242445
subject:0.0002840101797023223
outside:0.03834867848384601
i:0.006092511933363668
we:0.014337701124616702
back:0.02240805021348444
don:0.047431971699276
any:0.010886034747753268
cost:0.03532986813139235
the:0.00240559471273102
do:0.007641679988366986
drugs:0.09229295460826957
rule:0.042007420938895555
would:0.009921804745791234
because:0.018773641477601213
charity:0.0647010668811433
neighbor:0.053872094780952166
lower:0.04224449588346401
myself:0.03545576661699876
about:0.010478895535339058
is:0.002858219435007063
itself:0.035777189793557235
else:0.026878215163170818
mob:0.12843484920746198
relativity:0.06573977400416368
safer:0.06115697702445672
s:0.013200771933106772
