since:0.010260623709762468
cite:0.02686118059760483
believe:0.02228381415723426
go:0.009976575650226293
there:0.004706558900395627
hand:0.016190971566423965
pollution:0.03031422958870106
way:0.008883963177161761
much:0.008959983946461187
arguments:0.021330875052217188
from:0.004341396176565003
christ:0.019035250836091755
to:0.004947381600326059
threat:0.02367873707080939
perhaps:0.01481262326994895
that:0.0053369942374534894
memory:0.01734170372393495
trivial:0.029149832405955697
nt:0.0036619412908843
rob:0.022567603548714045
re:0.001917643603990618
so:0.01572016303669108
creative:0.029149832405955697
had:0.007868761465036591
this:0.005384435265347887
on:0.005200090515274768
you:0.0057005024554740704
great:0.012929490711449625
them:0.007517226520678159
support:0.014045929792479518
sea:0.025883640291919446
more:0.026080390273245657
a:0.004296935771835062
how:0.006745451267841663
was:0.0045408263287250545
as:0.004103149539574453
therefore:0.017604746259255722
also:0.015215355196713501
persistent:0.03143347864521397
reason:0.013703650892351425
it:0.005274698919076492
not:0.012367384791301844
have:0.007865394048425428
only:0.006838647375739931
able:0.013525462698003431
mother:0.02184412355763761
earlier:0.020235623255816883
has:0.010920763834733857
lebanon:0.027941801271018432
heard:0.013859730048307048
environment:0.02152642823014254
be:0.011865871941281463
which:0.006625088884705219
credit:0.02478187235089629
writes:0.006782178369410896
certainly:0.01577311424233662
were:0.00795540152549897
if:0.003436668819299535
of:0.007977049664235432
but:0.010235126496160159
humans:0.023130162098746992
nature:0.05865254065015031
sense:0.01685293357109226
they:0.004784203202603814
find:0.010853573013709693
in:0.0036447118337331378
purely:0.025555323067483905
our:0.011434745758873812
point:0.01128992800646185
clearly:0.01863851475089438
murdoch.acc.virginia.edu:0.029834608778389147
or:0.0034580074754004377
and:0.004894838647317819
subject:0.00013690747124111947
fatal:0.028690282874213713
i:0.0039158709178542545
bullshit:0.028268549037101038
we:0.020734521626368768
possible:0.013215239092126062
mention:0.019357306739881657
any:0.005247627006609268
the:0.0038654000512259126
wrong:0.01355601054784544
do:0.0036836816354179317
scores:0.026610974627505175
invented:0.028617541156306246
cellar.org:0.0644897676003243
jr:0.023962135422989132
would:0.0047828186979711595
william:0.02088030399687701
may:0.01908744130707519
mr:0.017317721427094427
long:0.024413448667780356
btw:0.019239951386888898
many:0.009503595013220992
general:0.015120155708141288
is:0.00964465840120332
discussion:0.017630112535847134
done:0.027165780014571265
match:0.02454797229319346
heavy:0.04596726396729854
time:0.008100051127711352
man:0.04458537444300306
life:0.014309637709172872
dead:0.017596318640057108
natural:0.021472351752313743
although:0.016203792085921837
article:0.008311106464785651
already:0.014901468314345391
earth:0.018054026474839738
by:0.010158312562227344
while:0.011129961568607807
s:0.0031817245172103504
