above:0.01930961723495422
some:0.0165608067394802
sentence:0.03512589556240624
out:0.016711731901850494
uhura.cc.rochester.edu:0.042970998358884904
percentage:0.03195434271503344
take:0.015076234966919882
gay:0.03152438085817929
your:0.008935689519016046
with:0.004147711892124449
to:0.001954892425660753
then:0.01131830035301988
trust:0.02942814371431442
might:0.015085710183535076
she:0.07053494648720175
that:0.0024603164924430977
considering:0.028406879115993565
indeed:0.026157746868827058
nt:0.0050643868916484995
re:0.0026520603033912803
rahul.net:0.045229535459016354
michael:0.042619790094662255
so:0.007246883669396596
political:0.05113157131179468
had:0.010882329685688901
this:0.003723279704761837
93:0.025964648906414194
apr:0.026434101255588642
on:0.010787421813601913
enterprise:0.04382651600277579
you:0.015767347217268704
tell:0.017092376266825905
am:0.011591037990789827
theodore:0.03855589471813319
classified:0.036870280165813195
why:0.012622145958539051
a:0.003961713832188355
how:0.018657631166370557
y:0.03023667075556603
as:0.011349137024354871
listen:0.03029039978966857
washington:0.027228463371734
homosexuality:0.033994641101216284
21:0.028767397313151245
experts:0.034368000913169626
march:0.030735546566617415
are:0.013678965565983522
d:0.038762643029298625
it:0.0024315987924820705
not:0.008551915015261913
have:0.003625890873387609
term:0.027643119105776295
only:0.00945770381751267
always:0.01884366026949438
robert:0.022662496659274493
towards:0.02957288748474851
adams:0.06572502481815053
heard:0.01916771176893528
be:0.008205124214715904
sort:0.02225149863589383
writes:0.004689804191613917
if:0.009505679712956159
of:0.0055160449805883305
sexual:0.06317771166956783
what:0.013055916354562144
associate:0.03512589556240624
minorities:0.03938043235016058
gmt:0.030051761249822947
lazarus:0.04545470353216941
women:0.026803653856974644
they:0.006616451237643572
who:0.009170587760523747
observed:0.03615722180253747
in:0.0012601397297481594
door:0.029999803518673495
use:0.01179276260813722
and:0.004061674622242445
still:0.014480206256947143
for:0.002307438744057262
subject:0.0001893401198015482
i:0.005415566162989927
sad:0.033553990171379354
any:0.007257356498502179
offense:0.035287701787698224
the:0.002138306411316462
do:0.015283359976733971
got:0.01568903419596152
because:0.012515760985067475
long:0.016881640036231098
many:0.013143269699135414
about:0.006985930356892706
done:0.0187848478824163
assuming:0.028143047316801433
new:0.012226947268677638
right:0.013757968750285812
study:0.026279243605920558
girls:0.07818960371964116
hear:0.023501287689778775
kaldis:0.042353896394419444
s:0.004400257311035591
