408:0.021770204231477894
optilink.com:0.06085074135607862
above:0.022501289505194588
since:0.008267857947949096
at:0.0072807025822680255
boy:0.018738978120329867
there:0.003792475147013006
know:0.00509865754404257
all:0.007884858104514803
guilty:0.019427424983546996
anyway:0.01259716455225014
case:0.020426538076915336
with:0.007249926158548107
boys:0.02241429667241502
hell:0.014104879853230974
ca:0.00849813469459637
kids:0.018166789383697205
turn:0.014138339399646756
my:0.007853010424217367
to:0.003417022710969002
signature:0.02065666659529935
recall:0.016160558739971166
threat:0.019079974085982776
us:0.00851188589332643
consent:0.02125049601953974
make:0.01454611969710499
13:0.03254329383856581
like:0.004812558113672203
12:0.014683408395091059
re:0.003090417378331988
so:0.008444715680867108
had:0.012681061865141613
this:0.002169348918890161
clayton:0.11932221027591565
he:0.01971239513454837
these:0.00684560319462373
on:0.0020950777902449995
you:0.009186760155516064
tell:0.00995878121331592
am:0.006753456019427131
great:0.010418391275754864
state:0.01098228672289511
santa:0.021770204231477894
fun:0.01700930849146213
more:0.005253797627358371
a:0.0034624069235861033
richard:0.030876673675857676
uunet:0.03121481249931641
was:0.021953581837224435
as:0.006612513720801805
old:0.032825368789367655
40:0.03160749742169255
abortion:0.023118203142444935
california:0.016444087714557586
are:0.005313317203315913
cramer:0.16226864361620966
it:0.0070837898706605775
not:0.004982727343603016
sex:0.01787457647130713
statement:0.014352063717738868
admit:0.016942550474014672
have:0.0042252116789062225
between:0.009598619198538867
always:0.010979157429746726
free:0.01193185038894519
without:0.009285993738853285
be:0.002390335773295336
found:0.011051737625028915
sort:0.012964716147359629
14:0.015429143883292015
writes:0.008197467657242509
were:0.006410344204430988
if:0.0027692166105926005
of:0.004017367470366501
even:0.006938675403991842
safe:0.017160086562797407
breaking:0.020890944874954492
what:0.0038034797644488894
year:0.03067885185383866
victim:0.02207971376938334
street:0.016479456530242173
oh:0.013345934645212701
women:0.01561700493319597
using:0.009109175944813723
well:0.00695399962873283
please:0.007914939491344029
testimony:0.023001794559937925
they:0.0038550397706931558
who:0.005343193695181192
one:0.0040632682139488535
in:0.0029368545767684377
or:0.002786410982244154
and:0.004733025799472602
for:0.0013444167888928677
subject:0.00011031800368602602
however:0.009905367372714517
steven:0.03707862915577703
i:0.005521863432718035
we:0.0055691896930329336
face:0.02966340157806248
predicted:0.023059588948263297
gays:0.04838112690873354
jerk:0.025430665076062384
the:0.0028032136735130072
see:0.007311511410789984
when:0.005403613400180727
relations:0.019914131742457673
putting:0.016611795483628157
would:0.0038539241574560997
law:0.012424963327454405
did:0.0067930208406734105
pyramid:0.04434515362018865
mutual:0.02125049601953974
just:0.004852845303578041
people:0.018660410827352696
address:0.013193476669147152
about:0.004070314794718478
e:0.025709832198791957
maple:0.0232992057154135
district:0.02336134570452317
attorney:0.021288233554925165
time:0.006526900702081461
lot:0.020483912299713972
their:0.006254890985874851
amazed:0.023967145184654887
1:0.008093073933573176
16:0.028818121833265636
under:0.010030262095477848
article:0.010045448929544641
opinions:0.023600083929917703
before:0.008785926724060514
past:0.013650886144228776
by:0.0040927085736246534
mine:0.026985446651239555
says:0.010582755142262678
optilink:0.04555675258045208
sometimes:0.01448143109222252
everything:0.012767200346790302
s:0.0025637862845290012
