screwed:0.039127292834352886
optilink.com:0.07218568337338738
simply:0.022490024557966098
believe:0.015975528531840737
join:0.033717684047744494
at:0.00647768391510611
out:0.008663066905003382
bbs:0.02975766655702692
all:0.007015204637105082
percentage:0.03312913472661555
gay:0.1307334617942141
your:0.027792622548116087
much:0.01284703580558773
c:0.01901542423109529
into:0.013167675757223428
except:0.023708539845616276
to:0.0030401452060827153
sound:0.02537634771417964
day:0.018700757615903472
might:0.01564033188145916
enough:0.017883445051010267
potential:0.03151670838839334
make:0.012941768259924291
that:0.005101538609330541
think:0.010586382555357024
church:0.055106997648364825
like:0.008563522525799068
nt:0.015751732758583204
reform:0.0797685263930064
re:0.0027495625204277245
larger:0.03129302753029988
so:0.007513313216065589
clayton:0.035387224125945575
child:0.029157092799569073
starting:0.02883472046233248
on:0.0037280060679359553
you:0.016347029100256524
numbers:0.025939282360284546
more:0.018697338615010675
a:0.003080523807014107
how:0.009671786744331796
sorry:0.023363357976019298
kick:0.04072820080380046
dogs:0.038225805171909266
heterosexual:0.0430449732055644
ice:0.034399370798511165
irrational:0.041136802650527014
straight:0.029387217848994916
are:0.01418186871179174
cramer:0.07218568337338738
it:0.005041991613823117
proof:0.03078756317427338
due:0.024376047683077075
expect:0.02541339031734109
shows:0.028413342923675818
evil:0.03071083613535736
call:0.01953644189704932
be:0.004253391596599054
which:0.00949920832733469
writes:0.009724446926728858
if:0.004927576615907421
of:0.002859420375966745
lawrence:0.03487672040218261
who:0.009507741722307709
up:0.009878385076120474
accept:0.02626552919604951
one:0.007230227263056047
damaged:0.04168171421048085
in:0.0026129367925660364
heart:0.029198401566511892
cats:0.0434652556602699
men:0.12910288796424052
and:0.004211000895119006
subject:0.0001963011536177816
i:0.0014036669650396686
group:0.019831734814754743
promiscuous:0.09050324924128082
any:0.007524171075652995
water:0.030147773637584932
will:0.008333127536053562
ways:0.02623778221528746
repent:0.044719855050201984
than:0.021038254150286193
the:0.001108460308807431
can:0.006357102885571422
wants:0.025886287960248153
thought:0.019739605920527297
10:0.021252733513942385
people:0.011068184853478805
hold:0.02551309274223544
partners:0.03970918489728468
new:0.012676467388849609
insist:0.03889134934500362
study:0.02724539226790293
does:0.01791895315202243
eating:0.036756715559282664
article:0.011916660004655896
little:0.017245137513959296
by:0.007282613785420338
