take:0.029940128596277513
stand:0.05546110640093609
with:0.008237005306895032
decision:0.11844354177992357
from:0.011923552879298248
to:0.009705627887963598
w:0.043582265563793715
janet:0.0715623446158208
enough:0.03425561305545628
make:0.024789865962671884
she:0.09338429534925304
that:0.014657941919766625
quite:0.037411258902949315
cleveland.freenet.edu:0.06031575734514796
12:0.050047673684676566
yup:0.08194012270120962
re:0.0052667676447629656
you:0.007828154780404533
children:0.04721657560589473
a:0.0039338144390039295
was:0.02494256715778551
rejected:0.07391521904769639
broward:0.08599198287658683
balls:0.07255989465199844
it:0.004828949714647492
disagree:0.11967293022307589
has:0.014996823575866916
willing:0.05036478667577001
writes:0.009313554803064259
of:0.0027385997967005445
ignore:0.06339107254304538
fact:0.03377841026237802
waco:0.054713742387200726
tim:0.11487068449961095
president:0.15910386588050698
or:0.009497344474691343
and:0.005377428373109717
subject:0.0003760134773523704
offer:0.09901869348709404
i:0.0026887141865548584
the:0.008492991661848484
responsibility:0.0610953361491362
did:0.02315367666821078
smith:0.05546110640093609
killed:0.05144767600940684
reno:0.07282072631069192
by:0.013949795419960087
aside:0.06359470751734439
