land:0.03682066986655311
king:0.15546864832880722
wilson:0.046213612394457544
out:0.010909047213707961
mark:0.027811333002705465
strikes:0.051413342234931866
saw:0.06291445524324915
gay:0.04115683056484518
with:0.005415068303606919
miller:0.04408977812533861
from:0.007838631985464589
ground:0.03589771910553093
to:0.0038283310002523076
near:0.0333775534951993
then:0.02955333981066302
officers:0.044441437829646165
appears:0.03611389840179937
surrounded:0.053704158654504466
charges:0.04681119129387951
this:0.004860948503439064
blow:0.04512302873097252
on:0.0046945261596230544
bashing:0.05568943524103646
you:0.010292573877939293
officer:0.04650758182329626
sorry:0.029420524858690966
beating:0.09794858353556467
want:0.017524055256594274
was:0.008198714204642459
starts:0.04141168865179046
video:0.03236769623023169
it:0.0031745873124071474
not:0.005582500079407082
charge:0.038113450508646625
his:0.01707804668060423
writes:0.012245599833658562
get:0.012170129400843725
were:0.014363919421039806
if:0.006205096479290826
cops:0.09011790111297144
of:0.005401127376826073
trying:0.02496600206544811
what:0.017045224129567244
who:0.011972711798461558
up:0.012439447873633191
rodney:0.05568943524103646
one:0.009104730627552059
in:0.0032903648498979715
lying:0.045383870184367854
ncratl.atlantaga.ncr.com:0.11396705460013141
and:0.003535161245285091
gets:0.030901077244377816
subject:0.0002471940452964657
each:0.023574161086672363
i:0.005302741867927637
away:0.025638736910404355
we:0.024958220476184626
back:0.01950330296358831
the:0.006979194536935675
see:0.06553280597819171
when:0.012108096692997554
start:0.026088537850764003
did:0.015221398550397827
falling:0.05068196805605566
people:0.01393771425993627
is:0.0074631285247406635
guess:0.027742196879033825
him:0.08875982605049287
article:0.007503082225153713
by:0.009170698840899686
while:0.02009576394331965
