perspective:0.09974027234530147
to:0.005625302694248289
80:0.08156452300945528
like:0.04753628830647645
nt:0.014573031667804865
me:0.022114054702133564
re:0.0076314388322075615
state:0.05423904871307379
why:0.03632086898273482
a:0.0028500084200946837
other:0.028149142608814504
was:0.018070635389824195
usa:0.07438003440874948
worth:0.07173803303656812
explanation:0.09412228134013155
tear:0.10123058122315635
gas:0.08098305452385718
police:0.07501191656393248
robert:0.0652124903868919
iq:0.12412041401688714
points:0.074799107927968
has:0.02173009130380716
netcom.com:0.13138919080494443
heard:0.05515606855958927
anybody:0.062032553977810094
of:0.003968175215627319
using:0.044988175074386134
explanations:0.12145469600837563
good:0.03306142553794896
35:0.0921474333414582
in:0.003626116365193683
tactics:0.11045476742199425
or:0.013761458320471128
subject:0.0005448358549391489
welcome:0.08537996299513084
any:0.02088341359773076
the:0.0015382714489572508
wind:0.10334646753896945
fbi:0.07785350780184357
an:0.01832445180738238
mph:0.11170719489906146
is:0.005483114834503345
somebody:0.07746384129540317
does:0.02486711865994949
lewis:0.10154216228704999
seem:0.05632066438562729
