optilink.com:0.027119483256300227
believe:0.01200371204602398
at:0.004867210013560393
out:0.0065092657407760214
say:0.010483673890980903
there:0.0050706021302604825
roughly:0.027977772980163
all:0.005271092986996084
percentage:0.024892609518340967
gay:0.12278833428185855
i.e:0.0190858508120188
own:0.012522047710209918
with:0.006462180959000523
times:0.03105498498887322
surprised:0.02431316404419469
my:0.01049960509757239
to:0.003045744000200731
russ:0.062139145827015754
front:0.01943066811804383
consent:0.028412265396290697
that:0.0038332002810439426
think:0.01590881798374094
finds:0.029050458142820226
population:0.021800809584996087
re:0.002065969628608677
anyone:0.00924262292619553
this:0.0029004554606155745
clayton:0.05317859095169721
something:0.01099812882410786
recently:0.018283489307114303
on:0.011204614922415247
society:0.02053166419009308
disclaimer:0.0207406382711281
more:0.0070244145072968275
a:0.0007715492407991132
uunet:0.02086736084208445
was:0.019568201858594158
40:0.021129873966987837
homosexuality:0.026482013233544176
far:0.01375347001172045
are:0.02131197950059311
no:0.0062195897026658
cramer:0.10847793302520091
yeah:0.02184653284081852
it:0.0037884577871820104
not:0.006661989045038286
between:0.0256670259231647
after:0.010658639158369896
poor:0.02183124967234951
be:0.003195918547720836
assumptions:0.02990211935733546
writes:0.007306766751575274
of:0.006445544272897413
years:0.012319201231935875
saying:0.016666050712510712
anderson:0.053620638847981184
york:0.020790979046549408
they:0.005154252069103556
now:0.009126598883305217
one:0.010865313898073176
in:0.0029449674347153116
or:0.0037254776668678743
rather:0.014218141728800348
men:0.07760438790336667
and:0.0021093779806120984
subject:0.000294993998806832
i:0.0031640669709181476
we:0.007446098926596519
survey:0.13965769778284495
ago:0.01580754544400356
any:0.005653520808225454
than:0.007903874487400337
the:0.003747943143591976
do:0.003968607286776224
see:0.02932683582449463
when:0.014449441357389346
relations:0.026625524208147826
effect:0.019151234555924893
page:0.023230639409874514
ny:0.023211012881673588
an:0.004960763196473684
pyramid:0.029645102696369205
mutual:0.028412265396290697
people:0.008316426188249267
statements:0.02328994082226738
about:0.005442078344319732
e:0.01718723588980015
15:0.018463042718125103
is:0.0029687583081841316
done:0.014633500284092256
new:0.038099437897978934
else:0.01395885207369092
right:0.01071753366734972
study:0.020471675958203307
does:0.01346396479930967
1:0.043282295954137205
reflect:0.026138743724665688
show:0.016630213644943825
supposed:0.020158535974676026
article:0.013430931717954711
very:0.019262347975507705
difference:0.017719082026709316
opinions:0.015776851687956034
april:0.018796430176177416
by:0.005472019197884895
mine:0.018039994722651855
optilink:0.030455066642180673
