optilink.com:0.0743731283240961
studies:0.0319627492146492
correct:0.024789526061980673
true:0.03914061806299768
faith:0.028371410002687822
gay:0.06734754092429213
with:0.004430510430223844
someone:0.01669286450502288
achieved:0.040912493530535735
to:0.004176361091184336
besides:0.030682475713158252
young:0.08531944379714061
respect:0.030964834764652432
us:0.015605124137765122
that:0.007884196032601746
nt:0.016229057993691783
hot:0.09508223151730481
me:0.008209005154579884
re:0.002832882596804322
this:0.007954279369263925
clayton:0.03645956425097423
child:0.06008128213244537
something:0.030161535108538223
on:0.0038409759487824996
you:0.012631795213834588
3:0.017738378368466815
m:0.010369808425121758
why:0.013482746819348534
more:0.009631962316823681
prove:0.029749229847830287
a:0.0010579576710957538
other:0.010449302938120537
homosexuality:0.036312457539935575
are:0.019482163078825016
brian:0.02830361753620287
likely:0.02504855155249794
cramer:0.0743731283240961
it:0.005194779238484424
not:0.009135000129938863
ones:0.025701742275582248
admit:0.06212268507138713
only:0.010102547259615808
university:0.01780560683029283
absolute:0.035186389176175815
shows:0.029274353315302357
personal:0.02540829902420997
regardless:0.034280154611188
be:0.004382282251041449
boston:0.06317844144469001
writes:0.010019127136629733
dept:0.031085662805619693
if:0.005076897119419767
of:0.004419104217403151
presented:0.034583225327958454
what:0.013946092469645928
but:0.005040024410987957
in:0.0040381750430566014
star:0.10433697669260007
or:0.005108420134114283
astronomy:0.037351859975643796
men:0.026603019338085922
and:0.0014462023276166282
irrelevant:0.03718656416204805
subject:0.00020224967342438103
showed:0.03238451438454497
i:0.0014462023276166282
the:0.0017130750227023932
wrong:0.02002592467295349
when:0.019813249133996
can:0.006549742366952375
salvation:0.039757428427170026
just:0.008896883056559743
about:0.007462243790317209
ma:0.0303880145851327
general:0.022336593659754177
is:0.004070797377131272
either:0.01896638414479817
does:0.018461951732386746
bu.edu:0.08030008515531863
show:0.06841065158488256
concentrate:0.03960590822484677
article:0.01841665637083184
thus:0.025237538430881102
going:0.01649860366704305
by:0.007503299051645198
data:0.044459782169785036
