land:0.04518900392713337
some:0.013267464490151752
believe:0.02468945318557205
own:0.02575557540395449
way:0.019686054767574356
such:0.021852468221224986
romulus.rutgers.edu:0.1404440626452588
my:0.010797889333298878
that:0.007884196032601746
appears:0.0443216025840265
supreme:0.05918603879876588
need:0.021831840812468594
re:0.004249323895206484
this:0.005965709526947943
clayton:0.05468934637646134
appeared:0.05403981894646192
you:0.006315897606917294
society:0.042229900209168725
theodore:0.12355411716492681
a:0.007934682533218154
as:0.009092206366102482
are:0.0073058111545593815
it:0.003896084428863318
not:0.006851250097454147
only:0.030307641778847424
herein:0.06611078081574867
university:0.026708410245439247
has:0.024199419861057978
writes:0.0075143453524723
of:0.004419104217403151
even:0.019081357360977564
rutgers:0.060593646545502075
again:0.02774851293304566
in:0.006057262564584902
and:0.004338606982849885
for:0.0036971461694553865
seriously:0.044056291629515236
subject:0.0003033745101365716
power:0.030702900911028886
remaining:0.056986212104758315
the:0.005995762579458376
do:0.008162703623937463
views:0.09204742713947475
would:0.010598291433004274
can:0.009824613550428562
major:0.037232136053611274
once:0.03048899085141939
joe:0.09044248243006672
appointed:0.06695291686295006
expressed:0.04670180824571917
maintain:0.05193296413587826
hold:0.03942932514709114
is:0.0030530980328484533
homosexual:0.054914376232099736
man:0.032932378849945446
himself:0.04253160739205646
remus.rutgers.edu:0.1479749066442234
kaldis:0.3393124654325648
civilized:0.0685958853721672
article:0.00920832818541592
by:0.011254948577467797
strange:0.04995867080516731
