go:0.01736993081959042
content:0.04229602614839689
rating:0.04910084804167276
folks:0.0330644272347748
posting:0.02945704068710929
all:0.008518462773627599
means:0.025308885896774578
your:0.011249394840904129
with:0.01044334601409906
c:0.023090157994901425
ca:0.01836204103653858
from:0.007558680843126568
wrote:0.02299620513118626
0:0.032724609718486
ten:0.07189266504567551
that:0.0030973627270935427
think:0.012854893102933529
through:0.02115592226807881
nt:0.006375701354664629
could:0.026948377773679595
willie:0.10819483515362091
re:0.003338754489090808
this:0.014062029599234437
he:0.014197617924287814
these:0.014791392616954844
you:0.004962490976863587
inc:0.03268763835539644
m:0.012221559929607786
approval:0.05021064908343684
sure:0.0194825358942786
a:0.004987514735165697
lists:0.04229602614839689
responsible:0.034918350134580556
are:0.005740280192868085
no:0.010051301215915265
permission:0.04463315460770037
reason:0.023859035035790427
not:0.005383125076571115
deleted:0.031369459794628005
novell:0.05132817714552618
edward:0.04035795020877343
humor:0.04957715144082716
his:0.06587246576804488
copyright:0.04583544822507766
without:0.04012875865718741
which:0.011534752968906409
if:0.005983485890744726
of:0.0052082299705108566
standing:0.08830822504589501
sense:0.029342161128240986
using:0.019682326595043934
ed:0.07086017270837504
good:0.01446437367285267
author:0.03610721203625452
in:0.0031728518195444726
for:0.005809801123429892
subject:0.00023836568653587764
i:0.003408905486524909
we:0.012033427729589017
top:0.06038628975298777
improve:0.0847006066910149
walker:0.08702298398116129
ways:0.06372032823712669
the:0.0020189812767563917
quote:0.03602640993339812
jr:0.04171978935252572
would:0.008327228983074786
can:0.007719339218193869
law:0.026846795761106837
did:0.014677777173597905
americans:0.07647176377688403
slick:0.10265635429105235
people:0.013439938750652834
expressed:0.036694277907350775
is:0.0023988627400952133
mel:0.11279892639115842
items:0.041371555800710814
1993:0.027050498241161937
guess:0.026751404133354046
article:0.007235115002826795
very:0.01556466510520935
opinions:0.02549651924571466
roof:0.05132817714552618
