health:0.04989636647009284
laser:0.02935004778390257
go:0.011649294920922917
block:0.026274127468043904
remind:0.03160929467696525
with:0.01750980170028585
way:0.010373489937404452
4:0.01487586529448311
to:0.004951613748829332
everyone:0.018308459625826966
ten:0.04821544003063268
a.k.a:0.03575987659648588
european:0.026535654794407143
like:0.013947773215672733
through:0.014188402958232496
could:0.027109745305258514
willie:0.10884270841801386
re:0.0022391646872944346
national:0.01948607140711086
balance:0.03002866266598043
programs:0.021156779187392314
roll:0.03226798267226063
on:0.006071961978913652
focus:0.02993361267103259
8:0.017679588517208782
3:0.014020754159506705
m:0.008196495282132168
economy:0.031072694924332393
a:0.0025086900464306497
how:0.007876425133108529
mario:0.03285264416665534
truth:0.021527290586901823
budget:0.028258301934836975
course:0.014647615568263588
military:0.023184662052278867
income:0.03367420776853249
democrats:0.03655946577387823
declare:0.034037229456056056
care:0.03791637055417841
it:0.0020530265253890538
have:0.0030613809170518137
massive:0.029886647536535423
stephanopoulos:0.0472885643920103
charge:0.02464821949062177
war:0.021178593506425255
his:0.04417794111389837
writes:0.003959655036033308
get:0.01574100569210925
of:0.00465725953450871
standing:0.08883701681263691
america:0.023579272781236303
republicans:0.03601472458701759
institute:0.02330813083792399
dr:0.02346613535991917
again:0.01462197088687436
court:0.02393210555367251
ed:0.023761495039934147
ministry:0.032198756190817066
transfers:0.03588594491503578
over:0.012011621272571006
one:0.0058880892681175
in:0.006383701864472712
resources:0.026429669302793966
5:0.015562113095315468
england:0.029523625849011862
and:0.005715530157047752
still:0.01222580288760208
for:0.0019481967839046347
subject:0.00015986201731747483
draft:0.029567818108279065
vela.acs.oakland.edu:0.03462669096990787
6:0.017594907979396376
top:0.04049858953493791
back:0.012612914491422381
house:0.020586059547845457
socialist:0.034944713875979416
improve:0.08520779595263774
pay:0.019957138095795707
gays:0.03505458895782491
ways:0.042734591392564004
the:0.006318887508890264
managed:0.02833001565367958
holding:0.027584781075994515
americans:0.07692967853003901
senate:0.031129997026225514
slick:0.103271062999382
put:0.014894965865549578
7:0.019110949275037762
an:0.010753271120499841
tax:0.026535654794407143
10:0.0173076153167435
number:0.014983621846693163
move:0.021178593506425255
seats:0.03341569176933963
9:0.021322357219311538
keep:0.015864757988777973
himself:0.022411864973059695
2:0.011667123066439574
1:0.011727687975597059
beam:0.03358678980792679
article:0.004852292696506593
majority:0.024687357041398933
despite:0.02552916512895096
sales:0.028976970638177092
john:0.032113513767447255
s:0.00371518731051508
