optilink.com:0.06060032678259681
wilson:0.06161814985927673
go:0.012008841060457574
out:0.0072726981424719745
mark:0.01854088866847031
all:0.005889307596582044
percentage:0.027812113103825403
pass:0.02505725444562528
existing:0.026726368249111423
codes:0.03394626531276141
gay:0.027437887043230122
stand:0.02430702811399051
your:0.03110943758472253
with:0.0036100455357379463
someone:0.013601593300389011
from:0.0052257546569763925
post:0.015941838298957903
my:0.011731040263337052
to:0.005104441333669743
stop:0.020518229102349614
add:0.021211237138590855
otherwise:0.021934474269210098
discrimination:0.07017552245878222
enough:0.015013262511959235
ai:0.029954739603347512
calls:0.024742528799126095
that:0.004282773153512059
nt:0.008815784589165907
me:0.020066457044528606
re:0.004616549417014451
so:0.006307472823363704
this:0.0032406323356260433
clayton:0.029707793093386406
laws:0.068738405796998
merely:0.025191660615684296
requiring:0.03410871783323902
on:0.012518736425661479
you:0.020585147755878587
why:0.010985941852802508
a:0.0017240791677115988
rent:0.03410871783323902
as:0.004938976297635916
related:0.023790981392784995
immediately:0.026066046523480754
theory:0.025114499117139658
based:0.018647549456176186
far:0.015366531309391368
are:0.015874355101264826
cramer:0.06060032678259681
it:0.002116391541604765
not:0.007443333439209443
try:0.015039442421872794
money:0.019137159053883517
against:0.01594617772936942
morals:0.03394626531276141
anybody:0.01876293299328824
be:0.003570748500848588
writes:0.00816373322243904
if:0.008273461972387769
of:0.0036007515845507157
trying:0.03328800275393081
hire:0.03673629694080498
associate:0.030572538730242464
using:0.013607534436079757
they:0.005758763114245331
over:0.012382350324193566
rest:0.020164387860943263
in:0.0032903648498979715
government:0.016614907028495662
yes:0.0329240230926406
or:0.0041624164055746
ncratl.atlantaga.ncr.com:0.0379890182000438
and:0.001178387081761697
subject:0.0001647960301976438
until:0.017661516823238542
i:0.001178387081761697
group:0.016648863795102747
we:0.008319406825394875
back:0.01300220197572554
face:0.04431199494994518
any:0.006316588063511156
will:0.013991424011151658
community:0.025114499117139658
the:0.0023263981789785585
do:0.0044340612278178804
when:0.008072064461998369
rule:0.02437467634726038
because:0.010893347524040208
charity:0.03754259436313253
homosexuals:0.030125035631241512
instead:0.018936631552991613
moral:0.02477873324019028
about:0.006080346792110318
is:0.0033169460109958504
homosexual:0.05966006306697255
argument:0.021720626173701987
itself:0.020759603954286294
new:0.010641972622737942
else:0.015596001390975658
eliminate:0.03326390806337978
mob:0.07452392484877424
study:0.022872674990338262
impose:0.07182405817019609
their:0.009343726040627864
relativity:0.03814530096537893
premise:0.036251904252894505
falls:0.030526300015864944
article:0.005002054816769142
by:0.006113799227266457
s:0.0076597071710619545
