some:0.0064150377754579905
join:0.02519563203567721
at:0.0048404671013979736
out:0.006473500544398132
uhura.cc.rochester.edu:0.03329071850880644
bbs:0.022236498086569568
there:0.005042741678995316
all:0.005242130937616985
percentage:0.024755836938569867
true:0.02838770101272359
tried:0.017021231060641052
where:0.020301723057513866
gay:0.024422734620897144
inevitable:0.0309802625446707
your:0.013845409034958931
c:0.014209327996862418
ca:0.01129971756094682
into:0.009839581884518608
romulus.rutgers.edu:0.06790701930100426
to:0.0015145045715283857
otherwise:0.019524092481384814
us:0.011318002121895583
been:0.008061760369348569
that:0.003812138741038207
quite:0.043783506298506615
church:0.0411788553855913
nt:0.011770525577842392
reform:0.05960725049147731
anything:0.01275407225450222
re:0.0020546181471328053
behavior:0.023342796829226343
so:0.005614343941675385
had:0.008430815855396347
this:0.002884518892150654
generation:0.05097905181806854
on:0.008357288328120164
you:0.0030538406011468237
numbers:0.019383200005487353
assume:0.019074112941149322
evolution:0.02960853355092047
theodore:0.029870226127784505
a:0.0015346199185125222
other:0.007578615317757752
as:0.004396231649544058
failed:0.0465637179804949
part:0.013457264353919106
homosexuality:0.026336507666326902
irrational:0.03073958879380041
are:0.0035324801186880526
religious:0.020172526401703944
race:0.02401554796071186
place:0.014941909985255087
it:0.01130292625516391
not:0.006625384709625988
have:0.0056181386060181636
made:0.012777909625923085
always:0.014598659879113778
after:0.021200150413900564
has:0.02340163678871541
decided:0.020503478368232717
evil:0.022948756672574733
call:0.014598659879113778
be:0.006356717111400784
which:0.007098309519327021
writes:0.0072666196815116746
things:0.012278713890880493
of:0.007478484060220718
lawrence:0.026061725135696896
but:0.0036554023200571994
humans:0.024782316534371778
years:0.02450302662615817
nature:0.06284200783944675
oh:0.017745693319458647
order:0.01540833440182688
they:0.005125932002789801
accept:0.01962698884979524
in:0.0019525241966427526
heart:0.02181858578596493
and:0.005244469979269091
few:0.012558392862122455
for:0.0035752622298030113
subject:0.00014668657632977087
animals:0.02697047510654034
i:0.0010488939958538184
will:0.006226952444523541
ways:0.019606254842192826
repent:0.03341703454300808
practically:0.03149575021070177
2000:0.047534587978640935
the:0.002484900032930944
wrong:0.014524297015548686
do:0.015787207008933993
would:0.005124448604969099
can:0.004750362595811612
quickly:0.023322409030344278
rid:0.025370075433010064
10:0.01588116350492398
human:0.01761451852327789
here:0.019784625336520836
arrogant:0.030434259941301448
changed:0.02076546809798585
is:0.002952446449347955
foolish:0.032268178510818195
homosexual:0.02655200609024603
throughout:0.025429476070945315
itself:0.018478328794474617
new:0.009472525081777731
study:0.020359194222169225
man:0.03184669603071647
eating:0.027466556681661772
belong:0.02697047510654034
gone:0.02159119448836683
history:0.018247294529400444
kaldis:0.06562526803970485
every:0.013363453444710969
count:0.04685022611576715
change:0.01632972037313455
natural:0.0230060911631933
existed:0.027824048952799472
article:0.008904756926556056
very:0.0095782554493596
before:0.011682386083640904
