go:0.007876243934389179
choice:0.030545446757235167
at:0.0035666599694511377
tank:0.01878175593297262
all:0.007725245592277661
where:0.014959164358168112
your:0.005100940170774343
with:0.004735444346474067
much:0.007073671536679884
ca:0.00832610767648713
from:0.0034274180341302657
except:0.013054094813780621
to:0.0016739261053734787
recall:0.01583342192337256
december:0.020570552500903956
that:0.0028089443355018367
jeff:0.03413343553708823
problems:0.022211119318961726
civilians:0.04067059786976515
like:0.009430275817883993
nt:0.011564025129108316
re:0.001513929161045225
so:0.004136885009655547
this:0.0021254349731636398
bitnet:0.019758120535470144
he:0.00643778626526411
something:0.008059357559366489
these:0.006707028231169808
treated:0.019902213430622786
recently:0.013398022528695097
on:0.002052667308661093
you:0.002250198337687133
went:0.013208345203384955
concerned:0.016299551589302953
them:0.005934652516324862
officer:0.020335298934882576
state:0.021519946452960455
bill:0.012532444840857155
more:0.005147445448666906
paint:0.019758120535470144
a:0.00452309028614217
how:0.005325356264085523
member:0.01615748146860955
other:0.005584242865716238
jeffrey:0.022264352148450805
as:0.019435971503247412
whole:0.012113018117519393
military:0.047026379304419885
athena.mit.edu:0.019786531760808794
far:0.010078453733285028
moves:0.020894612046140945
are:0.002602880087454354
forces:0.01783409349634752
internet:0.011564914749451847
soldiers:0.01896374535751621
it:0.013880786629148663
not:0.009763724835238298
have:0.004139681078118647
being:0.007877748704150398
calling:0.01665182437063748
domestic:0.04392113194108854
after:0.015621163462874099
u.s.a:0.02078368502513643
status:0.017816529117405826
personal:0.01357852417488144
armed:0.017977421136229774
knew:0.015716984060314815
be:0.0023419484094634466
writes:0.00535435134427176
get:0.005321352126684706
po:0.021126022628488915
were:0.012561160303419427
things:0.009047473393280363
if:0.010852638376735373
whatever:0.013380407201430619
of:0.004723253090665716
but:0.010773817364379113
never:0.008922830894177572
oh:0.013075774024864265
using:0.017849559341254418
they:0.003777002528371432
who:0.005235031879489265
up:0.010878221622286516
pick:0.03255104863998392
box:0.012828093160755494
president:0.04573430962557083
in:0.0043161061188945055
point:0.008913101057733038
rather:0.010418962157541957
habit:0.023274315142910656
and:0.0023186077803084406
still:0.008266028672994119
for:0.003951605622413854
i:0.005410084820719694
branch:0.01846112013677346
any:0.004142863426270475
limits:0.02002129798611385
will:0.004588280748596293
than:0.01158381605036001
mere:0.02150000368165092
the:0.005492936914899981
wrong:0.010702113590404294
do:0.005816339424344103
can:0.0035002671758611876
planet:0.019154302081637608
agree:0.012212774003904612
country:0.013646777765263693
did:0.006655510297339941
william:0.016484450523850273
countries:0.017066717768544116
fight:0.017245360703398115
wants:0.01425317879592611
thought:0.021737541742443016
just:0.004754609568687797
about:0.003987919758388144
head:0.027958378424742372
current:0.012802614266116672
changed:0.015300871230094838
is:0.006526460572242848
living:0.02983000011359595
time:0.00639477720608791
lot:0.010034629102289031
himself:0.015152961338060603
unless:0.012461787148746928
1:0.023787739578032898
civilian:0.06411439932453276
first:0.015202873112478065
too:0.007904930639127516
nothing:0.010343546564781007
davidians:0.01959171699018451
him:0.009702491106734039
supposed:0.01477204458063304
article:0.009842099760930376
killed:0.014788603225376055
earth:0.01425317879592611
s:0.0025118877767450133
