out:0.016594043649020562
tomorrow:0.03560287788548583
43:0.03615190282541337
take:0.014970064298138757
ah:0.03315001384134346
much:0.01230420330676008
previous:0.024459150842907083
turn:0.024094916441651515
2-3:0.04097006135060481
my:0.006691649727678178
to:0.002911688366389079
line:0.01988594189299992
next:0.018861831153163207
been:0.010332678783249572
make:0.012394932981335942
that:0.0024429903199611044
cleveland.freenet.edu:0.03015787867257398
nt:0.01005744439045688
rise:0.03493167943615959
funds:0.10511759053659402
re:0.0026333838223814828
wait:0.02585492820500083
charles:0.02898769475305518
national:0.02291671778160221
this:0.003697059425150838
child:0.027925102962967564
uncle:0.042355345112900976
on:0.007140969369567464
you:0.0039140773902022665
tell:0.01697200741987643
used:0.013904672593921589
sam:0.03472144730130268
great:0.017755286540370965
state:0.018716291457328282
3:0.016489196793222673
sure:0.015366507184219743
a:0.0019669072195019647
other:0.009713436534027542
was:0.018706925368339133
usa:0.02566634990161074
let:0.016233364385583274
turns:0.031082780095539383
broward:0.04299599143829341
hey:0.027141823842473024
it:0.007243424571971239
rush:0.035964098268496746
couple:0.02222529432855295
have:0.007200712861234548
made:0.016377320788154938
employee:0.041357806260344444
states:0.0243159136299696
money:0.021832533568515
has:0.007498411787933458
jan:0.03739789372794209
love:0.0230437847900102
his:0.01298893691200885
sun:0.02555276270492142
be:0.00814734164982354
thinking:0.024531876998934193
predictions:0.07363351951661654
were:0.010924671108959854
if:0.0047193691532634455
of:0.0013692998983502722
what:0.006481986640821347
years:0.01570264382380559
well:0.011851182465868625
easy:0.02333578566379442
they:0.013139713021235826
now:0.011633199985058058
one:0.013849449405290457
in:0.0025025310125984575
gon:0.03366553077108497
and:0.004033071279832287
for:0.006873567526311422
subject:0.0001880067386761852
until:0.020149054403976366
i:0.005377428373109717
20:0.022146706678912817
will:0.03192409422262773
the:0.004777307809789772
see:0.01246046310852941
got:0.01557854803965193
na:0.030692277950918157
needs:0.02358694762443202
tax:0.03120742500469009
just:0.008270341996238634
people:0.010600515070937446
clinton:0.07743287933388238
planned:0.03477341988790566
either:0.017630723289530692
does:0.00858090714322201
2:0.013721194028840908
their:0.010659743792828972
1:0.013792421774117667
hook:0.03621563406146913
show:0.02119766668827347
article:0.005706569579694373
bad:0.019300007371453407
past:0.023264186245798336
movie:0.03572123787362935
says:0.018035399608644847
sales:0.034078549975884324
s:0.008738539166986173
