above:0.030591640787961182
some:0.013118391855430945
posting:0.03706953434782293
from:0.009512047802586241
to:0.003097076764249058
everyone:0.03435407592711352
make:0.019776185206176446
that:0.0038978047801626605
re:0.004201578682900792
batf:0.051234794087449936
michael:0.06752124048704919
so:0.01148101794814517
something:0.022366981091724976
on:0.005696728373475167
you:0.018734797395799613
state:0.02986194816787209
more:0.01428560703169355
a:0.0015691057593779719
same:0.021821273601445083
usa:0.04095080546099691
california:0.044713137381156585
science:0.03799586770974511
computer:0.030120257361408036
are:0.028894893555111257
reason:0.030024853078747502
police:0.04129869563632237
it:0.007704616398651055
deleted:0.03947617412357682
dscomsa.desy.de:0.06386761032765574
have:0.00574438891177138
only:0.014983553238980747
guns:0.04533660575888302
writes:0.007429914505815307
if:0.0075297799973416775
phill:0.06440703975671597
whatever:0.03713438852531868
of:0.006554177041541752
trying:0.030295822731105572
but:0.00747509238483607
san:0.04537039813038814
again:0.027436731888854135
fact:0.053893643339973915
net:0.03724879196515149
over:0.045077320281333884
in:0.007985604579527662
government:0.030242864478834803
wash:0.06598661223560574
and:0.0021449292948920776
for:0.003655605201259258
subject:0.0002999658077754865
murder:0.04807393253031842
welcome:0.047006945918667546
branch:0.051234794087449936
will:0.012733767920261622
the:0.004234567471848612
convince:0.05309108528207054
hallam:0.06335289643966367
may:0.0209103991847172
an:0.020177486259814307
here:0.020229223658689843
save:0.04070236216203701
engineering:0.04344662351936066
davidians:0.054372517939051394
agents:0.05117790305423031
article:0.009104863823782033
by:0.011128488481091754
619:0.07131003192196127
four:0.03941624888789858
diego:0.05830494440857875
