another:0.03519849730775522
some:0.01853233135132308
with:0.018565948469509437
previous:0.05513014951893343
to:0.0065628531432896705
social:0.06891813003136993
been:0.02328952995589586
that:0.005506422625944076
cleveland.freenet.edu:0.06797490113500802
really:0.03097453560620517
talking:0.05174112984702013
re:0.005935563536161437
he:0.025240209643178337
programs:0.056082255941182796
american:0.10244556245676875
shadow:0.08517085060385438
a:0.0044333464312583965
broward:0.09691159974980419
fled:0.09022567173272
hey:0.06117680929573285
administration:0.07069886782070686
place:0.043165517735181354
being:0.03088577666547854
ve:0.02897037617503864
suspect:0.061620556553932684
has:0.016901182125183347
free:0.04583345704959897
of:0.0030863585010434706
candidate:0.09125009270315765
canadians:0.09151687235897323
who:0.02052464879736267
in:0.005640625456967951
for:0.0051642676652710155
subject:0.0004237612205082269
steven:0.07121450996585747
i:0.003030138210244364
draft:0.07837818450924768
pay:0.05290225495234735
yet:0.04174712289978037
the:0.0047857333967558915
canada:0.05905726338105788
an:0.014252351405741851
tax:0.07034054524866655
long:0.03778271817632674
clinton:0.05817708394397512
new:0.027365072458468996
lot:0.03934211727405382
their:0.02402672410447165
smith:0.12500757315766547
article:0.012862426671692078
by:0.01572119801297089
says:0.04065121816551695
begun:0.08997957353373644
