screwed:0.06211648045298046
looks:0.01331947655398401
boy:0.017645263444046023
all:0.0037123261892851797
hand:0.01228497842588589
your:0.004902460008487403
continue:0.015207028042418075
cut:0.01424519648172919
with:0.002275592905795904
much:0.006798431399065881
c:0.010062636947194396
from:0.0032940554647088545
except:0.012546153381337796
harm:0.018726313156142406
my:0.003697331756149032
to:0.00429011411701426
stop:0.012933669706539445
threat:0.01796635692143125
day:0.009896120761723238
legal:0.04411651977237461
that:0.005399293781081351
problems:0.01067343671553219
like:0.004531669507815849
really:0.015185959090979969
could:0.011744040119268929
me:0.008432596734665718
sarcasm:0.04541453087384095
re:0.0029100428231764244
justify:0.018528000146056694
political:0.014026364892924222
hypocrisy:0.023001069143177847
this:0.004085466446470187
he:0.01856186623564477
illegal:0.01599128064444859
on:0.003945593970733774
you:0.004325283964270209
tell:0.009377529391527055
took:0.013133858663099919
dare:0.019575548821589944
them:0.01711119655485106
working:0.01232894556695178
why:0.013849981168513669
more:0.009894311484986193
a:0.001086773638790969
how:0.010236287916179957
other:0.0053669571510969296
test:0.01391400721392868
as:0.0062265693402102605
steve:0.024958395695209235
given:0.010847422409265685
idiot:0.02062181175194953
smoke:0.019737026373756295
also:0.005772362380076134
inform:0.022500612420134684
responsible:0.015217335467210203
results:0.014253244159021248
it:0.0013340678199998909
not:0.014075720044575055
should:0.012784530289754705
have:0.007957207986733897
try:0.009480115456589076
only:0.010377713916492502
acid:0.020381051426198216
doing:0.010430750603756091
selling:0.016224813756223894
war:0.027523930860490407
netcom.com:0.05010171478165197
his:0.007176766698464034
anybody:0.011827218462695311
be:0.004501644024416119
writes:0.005146010825039396
get:0.005114295623700865
were:0.006036199601059529
if:0.002607589181958791
of:0.005296047077666033
safe:0.01615852509026059
ryan:0.017295477435810426
seen:0.01008741202576791
but:0.0077659520107051785
who:0.01509400242296321
up:0.015682416774541456
eliminated:0.022851394898711717
good:0.012607080555326841
in:0.00414816424656398
thomas:0.028669299720070818
5:0.01011234586349293
or:0.002623779991062589
use:0.01940987775580562
and:0.00519957568372671
still:0.007944393316068277
for:0.003797846648779074
subject:0.00010387920969656924
cause:0.012270432425455512
i:0.004456779157480037
example:0.01093914063719029
dump:0.021768891674987058
we:0.015732419132847897
pay:0.012968257050575421
any:0.003981662514742441
drug:0.033326216120665414
ways:0.013884585141163792
the:0.004692625743122509
magnus.acs.ohio-state.edu:0.035808197567792924
when:0.00508822740406123
drugs:0.10127086848066934
got:0.008607602418796009
would:0.003628986949822475
hits:0.019271405736573072
neighbor:0.019704190308986395
instead:0.011936709383597827
last:0.008483122770659525
friend:0.027028789258309774
an:0.003493767076115707
just:0.009139210610629462
people:0.011714187860491186
immediate:0.01867577932140773
relatively:0.017348658909462817
head:0.026870503777865238
is:0.00418167512670294
tuesday:0.019544042166988313
having:0.010182456779845764
issue:0.024368560369376287
suffering:0.01829352858372908
somebody:0.014769370519357025
does:0.00474120161220827
himself:0.014563351947474587
life:0.010857507211240116
2:0.007581360124884859
trouble:0.014843664911635544
dave:0.027286184213031847
every:0.009463612945281696
show:0.011712329454221139
article:0.009459138680738534
pot:0.023488085263621453
takes:0.01391400721392868
answer:0.01181428421061812
mine:0.01270521029105053
wish:0.014537266594469956
s:0.004828297905494306
