ask:0.027238902657536142
mark:0.056142504005461495
your:0.011775067497021145
beautiful:0.04797729160008129
missing:0.04035184545223597
4:0.023217472001669896
from:0.007911890228319398
to:0.0012880365982157296
amendment:0.0427112228407223
most:0.017351359476327457
relevant:0.04201862497012677
that:0.006484198606251903
protection:0.03953245136572862
responses:0.041457276925802936
asking:0.033508717893816764
me:0.02025399402625317
re:0.006989542108003187
michael:0.05616252713408765
so:0.009549631751260935
had:0.014340266221328364
he:0.02972211602841561
federal:0.03692949710930151
you:0.01038876615717237
asshole:0.055619440228134635
3:0.021882859295678687
a:0.001305144042847098
was:0.008275337701882109
as:0.029910809727739004
shit:0.04503943814649305
far:0.023265215627302816
should:0.015353384506854948
have:0.004778043113529465
due:0.03098264004578021
try:0.022769996937788715
whether:0.0267052204194563
bag:0.04953089364720588
machines:0.03687800499891861
friedman:0.055812143846851785
be:0.005406179973247395
claims:0.03510584743559557
were:0.014498161658619616
if:0.006263088035172048
of:0.005451605202777719
totally:0.03850014299596871
ingres.com:0.055619440228134635
phil:0.082830922442355
equal:0.04166920878254153
they:0.008718874995399473
called:0.025067799026698444
one:0.009189821567996472
in:0.001660557961630752
government:0.02515527980015231
or:0.00630197624021575
and:0.007136400270855885
still:0.03816278658372985
subject:0.0002495042700188626
i:0.0017841000677139712
any:0.009563432395222497
the:0.005635536523282639
around:0.02212331245937977
thinks:0.04233546190167519
o.k:0.057060100787267885
an:0.008391571388427445
insane:0.05420606667931292
about:0.00920575869459693
is:0.0025109591298192887
methods:0.04158385846886608
guys:0.03630538046253506
recent:0.03549621578023384
2:0.01820943506631223
gone:0.03672520931666133
ignorant:0.09343763207593349
told:0.028974016511487195
1:0.018303961606772976
dumb:0.0961237390042732
process:0.033799661058257637
garrett:0.059898254187251275
apply:0.037379027901772645
panix.com:0.0968160992225975
s:0.005798469914542227
