king:0.02469207944045762
wilson:0.05871847221884018
go:0.011443719128200748
week:0.02028140473179755
at:0.005182147132084889
out:0.006930453524002705
mark:0.017668376260542296
know:0.007258088974460599
all:0.011224327419368131
media:0.023243859945266246
saw:0.019984591665502673
gay:0.026146692358842823
someone:0.012961518321547176
several:0.01657912571804351
my:0.005589495654884125
to:0.002432116164866172
hunt:0.03465798049376238
day:0.014960606092722777
enough:0.014306756040808213
ai:0.0285451047984841
civil:0.02454834987965008
calls:0.02357817450269663
been:0.017261651614369874
bunch:0.02386001777149603
that:0.008162461774928865
quite:0.015624702247702361
like:0.006850818020639254
through:0.013938019376616628
nt:0.012601386206866561
me:0.012748102122406409
re:0.004399300032684359
so:0.006010650572852471
had:0.009025932268718442
this:0.003088131990420112
merely:0.02400617070435798
two:0.010969349603843008
bashing:0.03537917062371728
you:0.01307762328020522
vs:0.020097717323902014
seconds:0.027224497911247335
more:0.00747893544600427
a:0.004928838091222571
was:0.015625784719436216
related:0.022671405797830408
evidence:0.07571077728266062
video:0.020563007016853076
nc:0.061622708429799306
theory:0.023932640335156616
far:0.014643400424243539
mind:0.01782150472358904
are:0.007563663312955595
it:0.0020167966455292468
should:0.019327201673335053
reported:0.024290397629480372
have:0.00601471309585474
trial:0.08276133190629271
rights:0.020430584821722386
money:0.01823658686311253
decided:0.021950782723637378
feel:0.01791927461321281
knew:0.02283585331116329
regardless:0.026617531815745978
be:0.003402713277279243
which:0.007599366661867751
writes:0.003889778770691543
if:0.007884122585451873
of:0.008006377052706886
presented:0.02685285731347362
what:0.010828730623489779
but:0.00391343071912006
sat:0.030580644137527414
using:0.012967179874381887
they:0.010975524994208749
who:0.015212386755692333
now:0.009717143516930848
sounds:0.02095708566800493
rodney:0.03537917062371728
in:0.0031355241510792435
government:0.0158330290506841
thomas:0.021670617729582942
minute:0.02630860220231394
5:0.015287487570104017
or:0.003966537986488737
ncratl.atlantaga.ncr.com:0.03620129969651233
for:0.0019138168406592588
subject:0.00015704092289422526
i:0.001122933572031735
everybody:0.02398770176315405
we:0.007927905327729235
back:0.012390333647456103
sad:0.027830074200967586
any:0.006019336860522396
than:0.008415301660114477
the:0.003547072988183779
do:0.004225399522979392
rule:0.02322763275444813
would:0.005486174388849271
because:0.020761438810523693
charity:0.03577588404016159
10:0.01700218681115391
long:0.01400183085357991
people:0.017709095765566087
about:0.0057942128254227735
15:0.019657710188121433
is:0.0015804272170039052
itself:0.019782681415261058
else:0.02972414382750655
mob:0.07101691662059663
lot:0.014579725813325827
relativity:0.03635022797877286
verdict:0.03537917062371728
first:0.011044440172888477
convicted:0.034222051245799315
aware:0.024099395364593407
s:0.00729925036301198
