optilink.com:0.1887933257457824
from:0.016280235662118763
to:0.007951149000524025
remember:0.05351200070233139
young:0.07219337552065744
hot:0.08045419589925792
me:0.02083824385393355
re:0.007191163514964819
this:0.01009581612252729
clayton:0.09255120156016534
you:0.010688442104013882
children:0.06446878592343319
them:0.028189599452543096
a:0.002685584857396914
was:0.017028098732718953
explanation:0.08869214972435474
official:0.0780039042529678
caused:0.07658296498183015
cramer:0.1887933257457824
it:0.006593373648845615
war:0.06801586760717342
call:0.05109530957689822
writes:0.01271658444264543
of:0.003739242030110359
version:0.06000905014741509
order:0.053929170406394084
in:0.006833834688249634
star:0.08828513412450777
and:0.003671128985488364
for:0.0062567089021552695
subject:0.000513403017154198
necessary:0.06932261110541395
yet:0.050578245051657
the:0.005798100076838869
liberal:0.09425880730599479
vietnam:0.22889538863116948
an:0.017267271895418015
is:0.0051667812863589214
save:0.06966365831579412
disregard:0.11120494984566566
life:0.053661141409398275
article:0.015583324621473098
incident:0.09242591923283469
