king:0.03960050476299807
out:0.011114878293211885
there:0.017316584633531085
story:0.03391563705672268
episode:0.05759840362488362
with:0.005517239403674975
way:0.01634313980704286
several:0.02658916388742827
to:0.0026003757737562846
ap:0.05333439302353403
that:0.006545370291216543
journalists:0.057825739017138916
nt:0.006736590110589042
re:0.003527740592246892
so:0.009639722616838868
had:0.014475551751718255
getting:0.025586807285138548
shot:0.03751539948667675
used:0.01862701422959307
a:0.006587283612482996
desire.wright.edu:0.056740179302188096
exposed:0.05251353097646205
was:0.00835340692548477
as:0.015096493589000348
austin:0.04723413675065618
woman:0.04131385469335304
intellectual:0.05040840313387517
jail:0.05188014132705046
also:0.013995255959241192
jason:0.08603578629779329
frank:0.036945041288213416
no:0.01062024279417462
police:0.06935063984212625
it:0.006468970372452301
conviction:0.0527792939667139
not:0.005687830269584574
after:0.03640025825782927
writes:0.0062383244435619085
get:0.04959901793551405
of:0.001834345146846591
they:0.035204514132367686
waco:0.036647884051804254
good:0.015283111805278294
rodney:0.056740179302188096
in:0.00838111801389106
indication:0.04941443600502775
and:0.003601862400856508
for:0.003069328895396924
subject:0.00025185808388696507
tape:0.07828996723996855
back:0.059613869435873705
cameras:0.053624691690201516
the:0.003555438726363458
interest:0.03446023581762156
arrested:0.10976884361860158
would:0.008798581567022415
her:0.06238507179112694
an:0.008470737156242799
here:0.0169849142039943
film:0.1468624543121748
white:0.03206574665868483
sean:0.04834529746439564
their:0.028560068275126676
boomer:0.05829753543765459
nothing:0.02410241510849914
article:0.007644649814307556
brett:0.04941443600502775
by:0.009343730894501566
demon:0.05392420771203718
while:0.020474929300740775
s:0.005853172460905833
