taken:0.012433514338711926
statistics:0.07132236362421551
report:0.014323502730093416
believe:0.008198761812567323
there:0.0034633169267062167
29:0.017226361295435907
50:0.01302333316652238
means:0.010696585737504727
take:0.008021694831455485
among:0.012998133841455943
with:0.00220689576146999
much:0.006593195734188421
4:0.009374601902561053
into:0.006757750577292024
1992:0.02978072856516447
from:0.025556898246948696
post:0.00974557662049502
organizations:0.017945298367126977
to:0.004680676392761312
social:0.016384310158401152
us:0.007773118438433947
100:0.012749102259739893
that:0.013090740582433086
wednesday:0.019765774402011098
choices:0.01937196302342905
think:0.005433011424636058
like:0.004394864390598767
nt:0.005389272088471234
could:0.022779006118129167
account:0.015376526063121737
re:0.0028221924737975137
error:0.014209276072347165
this:0.007924263220700663
mean:0.01995035514588574
these:0.006251456502260161
on:0.005739722549878754
you:0.006292064031042134
used:0.007450805691837229
support:0.01033568418691889
winning:0.035351283798539655
8:0.011141476537259873
73:0.020607825539045853
magazine:0.0159347152332222
how:0.004963633951808016
was:0.006682725540387816
40:0.014432102596319994
usa:0.027506578762480943
alcohol:0.020291291637231885
120:0.019141191615303275
learn:0.014377412002725402
anywhere:0.07974206235574455
are:0.0024260806852876436
no:0.004248097117669849
27:0.016672265603923132
month:0.014995484865612297
place:0.010261991008741228
18:0.014591507521596601
it:0.0012937940744904603
not:0.011375660539169148
due:0.01250997164112635
being:0.007342656339340182
won:0.01630807352701429
only:0.0050322122198841
similarly:0.018689627450185962
university:0.008869207930560957
per:0.013346509870086858
crack:0.039456451967394515
war:0.04003952961026057
has:0.008036033765181517
attempt:0.014553390178251302
follows:0.01620386534953137
public:0.01118394187947394
be:0.008731490673773152
which:0.004875065405726482
virtually:0.018804860370412683
550:0.022863814221142535
14:0.014090010640591198
writes:0.0024953297774247636
down:0.008922134252653426
if:0.002528869508541167
of:0.0051361664111704555
even:0.0063364507462868895
institute:0.01468852018842757
presented:0.017226361295435907
but:0.002510502725473246
impression:0.017853255147790525
present:0.013677359557846429
excellent:0.014698360050341083
up:0.005069661774914659
michigan:0.01944057554827128
one:0.0037106071991532923
rest:0.012326908805557769
in:0.002681957764445139
tactics:0.020423711711991394
u.s:0.013312235475466786
66:0.01930457578795733
use:0.02509855890939393
and:0.0014407449603426033
0.5:0.04507093880462748
for:0.0024554631163175395
subject:0.00010074323355478603
p:0.012702369960873018
i:0.0014407449603426033
example:0.010608902429275112
we:0.015257478177893998
drug:0.03232014167173967
research:0.011650307473723687
unfortunately:0.013893936154060213
source:0.01177082249698047
the:0.006257572158399685
see:0.006676927401551608
quote:0.015226256273738073
drugs:0.06547575647681012
can:0.0065250263580204785
increase:0.031733930061790844
last:0.008227028498337728
an:0.0033882948624971198
here:0.013587931363195442
actual:0.015329648629164918
people:0.0056802760002759144
is:0.005069294846993659
either:0.0094474064419372
today:0.021427368043761153
argument:0.013278269585432913
issue:0.011816452858357937
31:0.0175898749140715
time:0.005960414980768731
estimated:0.021058190662187615
provided:0.030475210819656935
does:0.013794212992500285
their:0.005712013655025335
gone:0.014828669422199105
1993:0.022865326815170846
16:0.013158463176698647
first:0.007085112563739778
change:0.011215128709096179
april:0.01283831645995514
67:0.021058190662187615
give:0.008917872722098139
est:0.0460787228999069
by:0.007474984715601253
mike:0.01205815859984039
kennedy:0.02182134864896081
students:0.018039642903751194
included:0.01412370358679611
s:0.0023412689843623335
1991:0.032768620316802305
james:0.0130550708212718
