simply:0.027805848544394447
read:0.02060911874452656
out:0.010710700900731453
say:0.017250408856977668
stopped:0.040959657480179226
know:0.011217046596893652
all:0.008673343914966283
happen:0.03074211114697559
percentage:0.040959657480179226
gay:0.04040852455457527
someone:0.020031437406027454
such:0.017481974576979985
post:0.023477980040283456
mom:0.10857998893842075
perhaps:0.026258741251273136
that:0.012614713652162792
nt:0.01947486959243014
me:0.00985080618549586
re:0.0033994591161651865
rahul.net:0.05797604090655733
michael:0.027315410924306265
so:0.009289187248953818
clayton:0.04375147710116907
93:0.03328195905276728
child:0.036048769279467215
he:0.014455756432002137
posts:0.036572886110624286
apr:0.03388371160943635
something:0.018096921065122933
on:0.013827513415616997
you:0.01010543617106767
american:0.029336683794438323
tell:0.021909318669295023
children:0.030476153345622956
etc:0.02111203624962032
why:0.01617929618321824
sure:0.019836763819629122
a:0.0012695492053149044
granted:0.042793654231552465
are:0.005844648923647504
cramer:0.0892477539889153
d:0.016562220203427593
yeah:0.035947476765346834
missed:0.039508474338434824
it:0.003116867543090654
being:0.017689126635683165
only:0.012123056711538968
ve:0.01659212453661304
adams:0.042123765906178286
his:0.01676753674095688
list:0.026469350881105268
addressed:0.04888356621696772
be:0.005258738701249739
writes:0.0060114762819778395
things:0.02031569025582045
of:0.0017676416869612604
but:0.006048029293185548
reading:0.029875654966936276
never:0.020035811189653276
lynn:0.05428999446921037
gmt:0.03852089396568214
women:0.03435741085303114
observed:0.0463469843105253
in:0.0016152700172226407
stories:0.08414844808930995
men:0.031923623205703106
and:0.001735442793139954
subject:0.00024269960810925723
i:0.0052063283794198615
ago:0.026010597503314945
any:0.00930261151171643
do:0.00653016289914997
when:0.011887949480397599
would:0.008478633146403418
can:0.007859690840342848
because:0.03208585997990025
homosexuals:0.04436596156601023
mr:0.03069959707530376
apple:0.03448515406626432
long:0.04327838627470154
many:0.01684728206889176
about:0.0179093850967613
homosexual:0.043931500985679786
new:0.015672723317123154
right:0.017635214489002723
addresses:0.043811089833406876
study:0.033685212258498166
does:0.022154342078864093
hear:0.030124377856898248
23:0.03936065142141864
too:0.017750162435131785
very:0.03169531803242631
