believe:0.018729930002847762
wilson:0.08605293342416233
go:0.016770967687880407
mark:0.02589331003700164
insight:0.09855113823234382
all:0.008224722677985269
your:0.021722969347952804
though:0.021427105186298964
ca:0.017728867207692425
response:0.030272401315752945
someone:0.018995328574681204
from:0.007298036676122203
wrote:0.022203232540455697
to:0.002376205448432467
remember:0.02398813824587269
published:0.03534566564406509
enough:0.020966797646012034
ai:0.04183334323915773
calls:0.03455422125395196
that:0.0059811142316289105
really:0.0168223770964735
nt:0.030779247919070628
funds:0.042892809931598705
re:0.0064472500478994915
so:0.008808712046421724
merely:0.035181457066731515
on:0.008741531469642929
you:0.023956852991755255
bill:0.026685464445618253
magazine:0.07280516442765315
a:0.0012038828671089613
related:0.03322533608302732
part:0.021113983727700666
theory:0.03507369704290193
far:0.021460155794150015
march:0.03735958677494013
are:0.005542339496562289
it:0.005911300512758138
deleted:0.03028775428446842
have:0.004407332871962525
sufficient:0.039441743478083664
money:0.026726032471802844
targets:0.04596759393107054
facts:0.034914541328766285
writes:0.005700537853599676
if:0.011554317582127747
of:0.0016762119445322297
opinion:0.028528547970583528
what:0.0158696914309764
using:0.019003625677973455
removed:0.039804773524205445
paranoia:0.04941574602023898
comment:0.06775167925659936
in:0.0030634431361119046
government:0.023203577057037048
ncratl.atlantaga.ncr.com:0.05305362886557842
for:0.002804731576828224
subject:0.000230146180103606
i:0.004937035532208489
we:0.011618481945810086
back:0.018158247586789116
any:0.01764288390153116
addition:0.034184177765012015
the:0.0025991483103070794
do:0.018577187557926637
rule:0.034040496278070535
can:0.007453155107221667
because:0.015213123266332016
charity:0.052430174886443706
15:0.02880871320672969
is:0.009264573341057375
itself:0.028991860694779138
else:0.021780622632224626
mob:0.10407651573708127
excerpts:0.0501530061360852
relativity:0.05327188583096023
1993:0.02611772243974256
article:0.013971256557182775
by:0.00853823685187212
mike:0.027546655422049166
s:0.010697177256138246
