some:0.00926616567566154
read:0.017992087792840648
ask:0.02313144908219339
small:0.023720205557666754
your:0.00999946208080367
with:0.004641487117377359
worldwide:0.04790823740278344
post:0.020496649241517305
to:0.0032814265716448352
that:0.005506422625944076
think:0.011426571647052025
like:0.009243167170703755
prefer:0.032591492897157466
this:0.004166527288662055
two:0.029599832264338276
on:0.01609551826156476
you:0.013233309271636235
american:0.025611390614192188
them:0.011633802948668578
consists:0.043145882184577614
posted:0.02709032479747536
economy:0.16473460483693678
a:0.0033250098234437974
quick:0.03221647000151822
as:0.006350112382674749
given:0.022125298088740326
also:0.011773786759361637
others:0.021399430341812666
are:0.005102471282549408
results:0.05814418648997556
participation:0.0480865934016093
d:0.014459081129976471
it:0.0027210748392061264
only:0.01058362093864513
ve:0.01448518808751932
b:0.024292923385033662
be:0.004590962358233899
of:0.0015431792505217353
what:0.007305096055528819
year:0.019640958065155967
please:0.015201709181787735
one:0.015608109647232101
email:0.021776973483872544
in:0.0028203127284839756
economic:0.03639369071820041
our:0.035393260682228464
or:0.005351678235738772
and:0.004545207315366545
for:0.0025821338326355078
subject:0.00021188061025411345
however:0.019024594477753277
conduct:0.041259599233171906
relating:0.04511283586636
i:0.00757534552561091
survey:0.16049551300758688
commentary:0.04790823740278344
will:0.00899448686431178
the:0.0023928666983779458
views:0.0642870919704268
thank:0.028813446879123128
would:0.0074019813182886985
because:0.01400573253090884
did:0.013046913043198136
americans:0.06797490113500802
an:0.007126175702870926
just:0.009320544154491158
newsgroup:0.030509236829955155
here:0.014288896076376158
interested:0.022833938217578727
economics:0.04723238178103497
questions:0.048002799003897006
2:0.015463567873773084
1:0.01554384041210086
dave:0.055655153513882415
japan:0.12332526924783252
percent:0.1501940512433171
three:0.023162603225972005
respond:0.06419059917556359
by:0.03930299503242722
while:0.017224940522845414
s:0.009848194934222513
