there:0.014119676701186884
creating:0.07529754634065947
from:0.013024188529695009
to:0.0021203064001397397
line:0.04344313459701521
so:0.01572016303669108
off:0.03359165304548232
he:0.02446358780800362
on:0.007800135772912153
benefits:0.0792577310814137
bill:0.09524658079051439
jobs:0.3038661922512372
a:0.004296935771835062
desire.wright.edu:0.09253013855433752
as:0.024618897237446723
intellectual:0.0822044728029349
ie:0.06436335671940634
frank:0.06024883656231727
no:0.017319165172038613
spending:0.07540704584479582
it:0.005274698919076492
conviction:0.08607084862264114
not:0.009275538593476384
money:0.09539137743781939
has:0.016381145752100784
down:0.036374855030048586
up:0.02066862108234438
one:0.015127860119624963
in:0.005467067750599707
for:0.01001073424344843
subject:0.00041072241372335844
summer:0.06924255616240342
the:0.004638480061471095
interest:0.05619669225642901
holding:0.07087166830293976
an:0.013813817516334412
is:0.004133425029087137
billion:0.07335271672749548
clinton:0.05638701982262204
core:0.07585300795053818
white:0.052291833012624495
sean:0.07884002355732213
time:0.024300153383134057
boomer:0.09506982702140596
16:0.05364604218192526
nothing:0.03930547694616783
brett:0.08058354179281449
full:0.047533268983434664
backed:0.08290389394257731
by:0.015237468843341017
demon:0.08793793873039911
s:0.019090347103262104
