taken:0.018407158099210393
some:0.006522552375046672
since:0.0111777744324228
at:0.004921592248348777
round:0.024584819508375638
situation:0.039375779762844676
scenario:0.03158349531002574
take:0.01187569346556259
with:0.0032671920491036165
compound:0.023924127215114558
such:0.010743112868535187
from:0.014188361806092328
to:0.0023098309945656383
everyone:0.017081076857615105
janet:0.028385064065493168
death:0.018745342927577777
might:0.01188315718367847
die:0.021048907102974017
honest:0.02620004920683382
that:0.005814044001695142
hostage:0.14182330371071625
re:0.0020890530881462043
this:0.005865725568395743
on:0.008497354612948992
children:0.03745672478232989
terrorists:0.05776839740848186
a:0.0046810194162448995
richard:0.04174388284669026
hard:0.015107449176399494
other:0.007705631216938049
was:0.009893420492752911
coming:0.01942251371390835
nine:0.028197261770526772
let:0.012877864484652652
straight:0.022327718589180496
are:0.003591683696096232
place:0.030384666115267325
police:0.04106797666628706
it:0.0019153934622344803
not:0.0033682123384132117
have:0.00285614867680253
due:0.018520349077645153
being:0.010870413016341611
mistake:0.024959899412496468
only:0.007449923118822831
ve:0.020392555296395914
pitt.edu:0.027585618011634658
hope:0.01613665663486059
second:0.015361428919845065
b:0.017100046628571182
has:0.005948460747969559
negotiating:0.03348018324475405
talk:0.01932733948400574
heard:0.015098588600111032
be:0.006463254269692418
considered:0.038467519074996785
writes:0.0036942033017740915
outcome:0.030170106961065455
get:0.007342871370341466
down:0.013208746239961777
of:0.0054313012727859955
trying:0.015063286162393275
failure:0.053065365382282355
seen:0.014483044081689123
result:0.03949722861465366
double:0.024682404385696258
must:0.012946706298768141
they:0.0052118414776968925
find:0.011823724791471453
policy:0.02143434213921397
waco:0.021702098935705315
now:0.009228572055185721
in:0.002977872098790343
occasions:0.031843383665527934
or:0.0037671031156596944
force:0.019966503457065764
stories:0.051711336814659746
dies:0.03372311683100957
and:0.00746531257384226
for:0.003635182825833229
subject:0.00014914501056993463
however:0.013391613989926889
i:0.0031994196745038254
acceptable:0.025855668407329873
we:0.007529295562647877
back:0.011767355978030936
joseph:0.04563350423065645
the:0.007158548139560838
landing:0.031175533661897865
when:0.007305443814769475
risk:0.023967267137426904
country:0.01883102853642532
fbi:0.021311854091007457
an:0.010032381436443987
during:0.016359606200013803
people:0.016818694302492932
circumstances:0.027109876065599427
including:0.017765182718045978
is:0.0015009643960372287
save:0.020237487331962536
multiple:0.023988962668300633
time:0.008824078044154825
questions:0.016894839872879954
their:0.008456333064702313
first:0.010489133125089615
article:0.004526999331377659
numerous:0.026923016098741658
killed:0.02040662009311668
reno:0.05776839740848186
by:0.005533159077190872
twenty:0.03250138945131779
blame:0.025011868086587605
s:0.003466124474055968
news:0.017144561542812395
