another:0.022627605412128354
out:0.012022215296739386
percentage:0.045975125743058315
ever:0.026973694457447555
gay:0.04535650715309469
compared:0.04206927169299613
masters:0.05866077388060134
apparent:0.04937912343444463
from:0.008638492392144648
to:0.007031628367810362
mail:0.03126852555954955
male:0.09808464898178373
that:0.010619529350035004
think:0.014691306403352603
nt:0.007286515833902433
population:0.04026476056004379
consider:0.032860857944604006
re:0.0038157194161037807
clayton:0.04910880082784283
on:0.005173559441217244
you:0.011342836518545342
posted:0.03483041759675403
more:0.025947327057565833
a:0.0028500084200946837
member:0.08144689638258282
uunet:0.03854073788180903
dramatically:0.06093774889401164
minority:0.10123058122315635
usa:0.03719001720437474
homosexuality:0.048910657094607096
are:0.019680960661262004
those:0.01893791483966898
internet:0.029148305541985775
cramer:0.050088025197860625
it:0.00349852479326502
admit:0.0836754533614602
have:0.00521684299130258
being:0.039710284284186693
uucp:0.04320029191159258
university:0.02398306226121075
virginia.edu:0.04904232449089187
willing:0.07297754804040144
greg:0.04468641426015737
johnson:0.04711585437559011
writes:0.006747575418546554
showing:0.04381657466965115
of:0.003968175215627319
sexual:0.09089854434090881
department:0.035388526354009554
who:0.01319441708401886
highly:0.04261911953478164
astronomy:0.05031066853862225
men:0.03583263829211573
and:0.0019479459922999481
subject:0.00027241792746957445
table:0.0462234124844821
i:0.0038958919845998963
promiscuous:0.06279817294292955
than:0.014597972267545521
the:0.0023074071734358764
effect:0.035371157700228625
did:0.050323807452335674
general:0.030086024113138276
is:0.0027415574172516724
homosexual:0.0986217369066281
partners:0.05510662393908894
new:0.01759183229473007
study:0.037809932126885694
selection:0.054079649186234986
virginia:0.09959705657675764
already:0.029650880829564807
va:0.05092928712858587
