train:0.02393379724729587
screwed:0.045873377805793036
kills:0.023993251222004214
school:0.015674674464638383
some:0.005032486530747216
looks:0.014754764975749528
there:0.01186783171004932
all:0.0041123613389926345
hand:0.013608790756261523
your:0.005430742336988201
continue:0.016845716409057954
with:0.007562422975726905
into:0.00771898234044132
from:0.0036490183380611016
kids:0.03789968130047175
iastate.edu:0.020716154310807772
except:0.01389810956467161
harm:0.0414884696649017
my:0.0040957511264237126
to:0.006534564983189284
stop:0.014327384114571712
threat:0.019902386762102722
legal:0.03258030339511573
beach:0.022890090126585244
that:0.0059811142316289105
problems:0.023647183068032526
think:0.012411620926970304
r:0.013363016235901422
like:0.005019995963399453
really:0.00841118854823675
nt:0.0030779247919070626
me:0.009341281727625385
re:0.0016118125119748729
political:0.015537826627075538
hypocrisy:0.02547963262843408
this:0.006788566013423521
off:0.009411454517053235
bus:0.017444149361015782
he:0.034270112231039554
illegal:0.017714478989755547
on:0.006556148602232197
you:0.004791370598351051
tell:0.01038803902423471
them:0.012636716995967594
working:0.013657495735804341
why:0.0153424360358104
welfare:0.02547963262843408
a:0.0012038828671089613
other:0.005945293050999615
want:0.00815774986082837
test:0.015413361439567546
as:0.0034487679319699068
steve:0.013823938994975804
given:0.012016325686126211
idiot:0.04568797948492267
no:0.009704704622263015
administration:0.019198399451312638
pain:0.01908189655308885
it:0.004433475384568603
not:0.010395000147861464
should:0.014162173639943789
have:0.004407332871962525
drives:0.034888298722031565
doing:0.011554753901574635
selling:0.01797317730754112
has:0.00458954514606272
netcom.com:0.02775030323035465
his:0.023850375536705905
anybody:0.026203406421661163
sending:0.019568084027853264
writes:0.002850268926799838
get:0.00566540506591001
of:0.0033524238890644594
even:0.0072377562403708
what:0.0039674228577441
but:0.002867600095906941
associated:0.01961118783532992
who:0.01672051130474804
up:0.017372332375246352
now:0.014240641361019346
good:0.013965602166892233
rest:0.01408030531669314
in:0.0030634431361119046
thomas:0.015879331957021982
our:0.009611100961122386
5:0.011202038305679668
or:0.002906514903892609
use:0.007167153136842018
and:0.004937035532208489
gets:0.014384984234451743
for:0.007011828942070561
subject:0.000115073090051803
i:0.0024685177661042446
example:0.012117927343784071
house:0.01481841355383703
pay:0.04309709562928297
any:0.00441072097538279
lives:0.016777835560057353
the:0.0038987224654606187
do:0.0030961979263211064
when:0.016909583312634514
hello:0.016677977545912808
drugs:0.05609183879209487
got:0.009535145782890405
neighbor:0.02182748667848924
friend:0.014970687153848302
an:0.00774050119449773
problem:0.018237631827979175
people:0.012976492586837219
immediate:0.02068825554138701
about:0.008491518795878204
head:0.014883016101102082
is:0.00579035833816086
number:0.010785624346542061
issue:0.02699448282297287
white:0.014650729076812898
somebody:0.016360897514977393
does:0.005252106958351402
himself:0.0322653573319049
life:0.024054994424902672
2:0.008398317034894003
article:0.003492814139295694
full:0.013317510706565746
feels:0.022050485275037467
going:0.009387136569179666
chair:0.0247791200012885
s:0.01337147157017281
