another:0.015188392673894375
some:0.007996827911872288
report:0.025998138516950375
believe:0.014881314248837946
at:0.00603400693461939
concept:0.029149669480279337
marc:0.0328304410635034
all:0.0065347111688102135
50:0.023638241706359114
case:0.0169288432007312
into:0.02453156031482721
1992:0.027027031060851314
from:0.005798440098836819
my:0.00650831685842672
to:0.0028319160823784195
most:0.025432814574890928
ii:0.025146574007603544
family:0.026989500473422374
began:0.030697316690490462
that:0.0047521181566366685
along:0.02393124254206325
its:0.02832636378129
attention:0.029073140024127794
re:0.002561236320398428
federal:0.0811943052882588
on:0.010417989559711436
you:0.0038068423932104234
society:0.025453638482238684
taxes:0.03261435642148335
temporary:0.03608485906861404
state:0.01820351634890833
a:0.005739058051423541
how:0.009009335597459756
was:0.012129604576731309
as:0.005480233974089167
quotes:0.033284203978169155
median:0.04326534162948542
income:0.2696243074069485
no:0.007710587234126779
month:0.02721783211909081
it:0.0023483248612326847
only:0.02740142955347849
against:0.017693704055875663
register:0.03547713224937648
war:0.024224829558719296
has:0.00729297584853802
nazi:0.0345142421766286
free:0.01977745064468997
which:0.008848577619982999
63:0.04022471567786925
of:0.007990708995852273
converted:0.03474257382229704
year:0.016950415864449668
years:0.015272434403975297
1948:0.039971008337592887
one:0.00673500621764125
in:0.0024339685191026093
government:0.05530715627293762
37:0.035607599338216854
our:0.015272434403975297
or:0.004618571628103324
world:0.017268840333785458
and:0.005230101568366984
for:0.0022284168692607805
subject:0.000182855869123413
paid:0.028328699573781896
ago:0.03919405103239238
alan:0.03014166227396739
lives:0.026660670205022646
the:0.0051626918492400885
managed:0.032404880918934856
got:0.030303477008638
would:0.006388011274687507
because:0.012087139033524067
americans:0.058663270842541165
flexible:0.040096687369566834
county:0.037846659513593985
last:0.0149326202195856
tax:0.15176213529678056
during:0.02005732540960596
long:0.016303501678825924
people:0.020620180001001607
17:0.026933587386852777
five:0.02719851104825765
revenue:0.03949015725078982
definition:0.0279094479912826
9:0.024389271613870042
communist:0.04022471567786925
somehow:0.02912406453431627
every:0.016658551554365728
percent:0.06480976183786971
although:0.021642051073662724
editorial:0.039726363936208785
