optilink.com:0.12426902454152763
sent:0.0465529436492356
out:0.01491363416557544
mark:0.07604111302005545
knows:0.044227359634699176
percentage:0.05703243446607235
chris:0.04856642079644684
gay:0.056265034189914936
with:0.00740287818720946
into:0.04533680767044016
someone:0.02789187486915215
wrote:0.03260221486952989
to:0.001744555898849153
re:0.004733424085799627
clayton:0.06091977824213415
certain:0.04172550622481657
on:0.006417833230877088
you:0.007035430245680024
a:0.0035354534831554306
as:0.01012802734451922
usa:0.09226890344376519
21:0.10268868407985633
others:0.034130737000865774
are:0.008138118754445893
forces:0.05575976067845364
cramer:0.12426902454152763
it:0.00433994214860724
against:0.03269975686275755
has:0.013478157897298114
decided:0.04723586155719436
armed:0.056207886337326
writes:0.008370410012880535
were:0.019636750600915177
if:0.01696583341173188
associate:0.06269305410505417
they:0.023618218341968193
one:0.01244697351614712
in:0.004498220301126341
yes:0.03375754266460619
or:0.008535588072190953
force:0.045240558466009766
for:0.004118340036861696
subject:0.00033793616319010504
forced:0.057465765752683
44:0.11505779837906319
will:0.014345637277256764
the:0.002862353202490075
when:0.016552841048654884
home:0.03708054496027023
maybe:0.03351788711825727
wants:0.04456373623536391
cc:0.0715626032974001
people:0.03810818076134474
army:0.056496241126336375
south:0.05470429727416185
east:0.05153999087836731
recent:0.04807715301879773
new:0.02182277930232338
study:0.0469034601067696
evans:0.14390423592813573
their:0.019160552133945748
article:0.01025737823185571
past:0.041816638568397006
asia:0.07641060649051536
