optilink.com:0.04249893047091205
partner:0.025763117335109983
read:0.009813866068822173
out:0.005100333762253073
say:0.008214480408084604
there:0.0039730692016326724
posting:0.01428220154526511
all:0.004130163769031563
true:0.0223660674645701
faith:0.016212234287250184
discussing:0.02106652233809722
defense:0.016987907135272234
i.e:0.014954714272620791
your:0.01090850408814946
with:0.005063440491684393
further:0.015358590480871804
previous:0.01503549532334548
into:0.007752397848408599
achieved:0.023378567731734703
from:0.003664814954243184
posters:0.0236410119820223
item:0.02106652233809722
my:0.00822696330156105
to:0.004176361091184336
then:0.006908572942752394
young:0.032502645256053564
consent:0.022262424401422582
that:0.006007006501029901
really:0.016895201239748275
nt:0.009273747424966734
hot:0.03622180248278278
12:0.030765236637333646
assertion:0.02195850986171155
me:0.009381720176662724
anything:0.010048662988395686
re:0.0016187900553167555
complete:0.01603123744716354
justify:0.02061340275989857
so:0.004423422499501818
file:0.013153618538780993
had:0.01328492195395788
cease:0.025589934068384012
this:0.009090604993444485
clayton:0.04166807342968483
child:0.051498241827810314
age:0.017847569809149876
overwhelming:0.05006629776601398
laws:0.016068718238259273
on:0.0021948433993042855
you:0.028872674774479058
children:0.02902490794821234
support:0.023713907441848536
why:0.007704426753913448
more:0.005503978466756389
a:0.0018136417218784352
responded:0.022675022582393685
immoral:0.023035981928450185
idiot:0.02294288147294818
act:0.01615425568406214
are:0.005566332308235718
no:0.004873358165292251
brian:0.016173495734973068
those:0.00803426690167775
play:0.013861117890824422
cramer:0.04249893047091205
d:0.007886771525441712
it:0.0029684452791339565
not:0.002610000037125389
ones:0.014686709871761284
choose:0.01720261250816995
sex:0.01872574677946461
have:0.006639618352566921
university:0.010174632474453046
postings:0.05982673298300109
absolute:0.020106508100671893
stated:0.016805606332890733
morals:0.02380647177778073
bogus:0.025675659727674834
personal:0.014519028013834269
without:0.009728183916893918
be:0.0025041612863093998
boston:0.03610196653982286
found:0.011578010845268386
sort:0.027164167165896366
writes:0.005725215506645561
were:0.006715598690356274
dept:0.017763235888925536
of:0.005050404819889316
defending:0.023035981928450185
short:0.01499124617152064
but:0.002880013949135975
never:0.009540862471263465
they:0.008077226186214231
thousands:0.018521991321204932
one:0.008513514353035692
in:0.006153409589419584
star:0.03974741969241907
point:0.01906091741350702
clearly:0.0157338111533524
or:0.008757291658481627
astronomy:0.021343919986082167
and:0.0024792039901999343
usenet:0.017680513543912348
still:0.008838567455539166
for:0.004225309907949013
subject:0.00011557124195678917
i:0.0008264013300666447
any:0.008859630011158505
the:0.0013052000172970614
do:0.009328804141642815
thank:0.0157164255704308
liar:0.025108437812495596
claim:0.0282704679203462
once:0.011614853657683576
put:0.010768222075960083
an:0.0077740098576773746
salvation:0.022718530529811442
relationship:0.019761843044547686
just:0.01016786635035399
dozen:0.022301958962302554
finally:0.015742530198251538
prepared:0.02061340275989857
claimed:0.018423600623899496
paul:0.014177586541597651
ma:0.017364579762932972
is:0.004652339859578596
number:0.010832315361029255
adults:0.02380647177778073
having:0.01132853416632191
right:0.008397721185239392
does:0.005274843352110498
desires:0.026131765856063693
bu.edu:0.02294288147294818
told:0.013420864791035195
1:0.00847845840660047
article:0.007015869093650225
majority:0.017847569809149876
supported:0.018921340817530555
by:0.0042875994580829704
upon:0.015013314210791932
s:0.002685871345697049
aside:0.019546425254248708
