looks:0.031991639947419534
block:0.04100728305760123
there:0.008577373696982686
all:0.008916521781741038
cut:0.03421509809162992
creating:0.04574150011348471
from:0.007911890228319398
to:0.0038641097946471893
line:0.026390689241177462
like:0.01088447722905302
need:0.01795515879903959
re:0.0034947710540015934
so:0.009549631751260935
off:0.020406144373423835
he:0.014861058014207805
on:0.009476800471762428
benefits:0.04814721981581205
bill:0.057860072442835836
jobs:0.2307395151440469
a:0.003915432128541295
desire.wright.edu:0.1686296917579048
as:0.014955404863869502
intellectual:0.04993729656253054
ie:0.039099235390293564
frank:0.03659976052851048
no:0.010520988188621587
spending:0.04580801850384793
pressure:0.04112787562616111
it:0.0032042563527100183
conviction:0.052286029537118445
not:0.011269345954690932
money:0.05794803302297439
has:0.009951163307350944
writes:0.006180022345958526
down:0.022096874550964093
were:0.014498161658619616
keeping:0.0390667282465896
seems:0.02202324382599138
well:0.015727737478068642
up:0.025111408791633354
one:0.009189821567996472
in:0.006642231846523008
2.5:0.04548006224392951
our:0.02083902264467657
for:0.009121930735852542
subject:0.0002495042700188626
summer:0.08412647010385461
we:0.012595737436579157
community:0.03802382109323948
the:0.0035222103270516492
interest:0.0341381775389522
holding:0.04305288261393536
radio:0.03352663888567912
grants:0.05684018959651841
reports:0.03695534994568366
wants:0.03290219778124999
an:0.008391571388427445
is:0.005021918259638577
billion:0.08912012312686365
clinton:0.06850759417701742
core:0.04607893006341103
white:0.03176606678337002
sean:0.04789347225444802
time:0.014761775419660873
keep:0.024760883963793653
boomer:0.11550539731572684
16:0.03258871721331908
nothing:0.023877158892531856
article:0.007573204488940196
brett:0.048952618846102254
full:0.028875350317039746
backed:0.05036217856324789
by:0.009256406306702486
demon:0.10684048630796152
s:0.011596939829084454
