some:0.006450479973112454
wilson:0.055149946282888565
go:0.010748244485050426
block:0.02424187451471454
mark:0.016594607537525913
say:0.010483673890980903
all:0.005271092986996084
with:0.0032310904795002614
someone:0.012173801738469723
mentioned:0.019420793473988056
from:0.009354389551714647
to:0.003045744000200731
enough:0.013437284679212133
ai:0.026810319423990592
calls:0.02214524677048855
bunch:0.022409961442841575
that:0.011499600843131827
nt:0.011835556105896771
could:0.008337619642685399
re:0.002065969628608677
funded:0.06197783312622954
wed:0.031853938997874656
this:0.008701366381846723
merely:0.022547232153264398
certain:0.018211685037350878
on:0.008403461191811434
you:0.009212137946000915
none:0.020013868687410463
support:0.015132355301290087
bill:0.08551143303015793
a:0.00231464772239734
how:0.007267198879718918
same:0.010729797516732665
was:0.009784100929297079
related:0.02129358555597331
part:0.013531613880736338
theory:0.022478170480533837
far:0.01375347001172045
seeking:0.029222229342102165
are:0.01420798633372874
pressure:0.02431316404419469
taking:0.01882292836547848
releases:0.03157992274848586
outlets:0.03489911534754073
it:0.0037884577871820104
not:0.003330994522519143
have:0.002824589022915209
being:0.010750297955387558
states:0.019076573124064546
money:0.017128286004028343
public:0.016374279547296096
heard:0.014931753366960633
list:0.04825903751803723
be:0.006391837095441672
were:0.0085707364501232
if:0.011107465520940486
end:0.01494051603632878
of:0.004297029515264943
what:0.005085315486169233
senators:0.032044470357383885
order:0.03098692664234798
using:0.02435823843806542
they:0.005154252069103556
now:0.009126598883305217
in:0.006871590681002394
government:0.014870800765835898
rather:0.014218141728800348
ncratl.atlantaga.ncr.com:0.03400122070943147
and:0.0021093779806120984
for:0.0017975075299009613
subject:0.000147496999403416
i:0.0021093779806120984
we:0.007446098926596519
back:0.011637329945124515
house:0.018993767649117078
any:0.005653520808225454
actually:0.013504497939784997
community:0.022478170480533837
projects:0.05765886838935648
the:0.004164381270657751
do:0.003968607286776224
thing:0.01250791400621523
start:0.015566641369516644
rule:0.021816008664398794
home:0.016184326253377616
because:0.009749846955218308
charity:0.03360165904324569
grants:0.03360165904324569
may:0.020563817982760562
development:0.021476591342851944
just:0.0064883346047839
warning:0.02370243545635036
about:0.005442078344319732
is:0.007421895770460329
billion:0.026342135841365775
clinton:0.04049896451348544
guys:0.021462296737520724
white:0.018778835059782277
itself:0.01858041900880873
else:0.01395885207369092
items:0.025600078727511667
mob:0.06670097141161009
mount:0.02899436769274278
relativity:0.03414109810160987
senator:0.032551694386406656
passed:0.023876461241208763
stimulus:0.03617272672108676
going:0.024064261702206435
wish:0.04128262447269369
s:0.010283474268331795
news:0.03391023774766208
