batf/fbi:0.08212508343284187
bs:0.08098161618036279
with:0.02506403043383774
to:0.003937711885973802
stop:0.0474850444940091
that:0.009911560726699338
civilians:0.07175455481308565
feds:0.07097004399028402
like:0.01663770090726676
nt:0.010201122167463408
so:0.014597294248356001
this:0.014999498239183399
state:0.03796733409915166
size:0.051441101958083824
richard:0.05337253592541112
cover:0.11212018709279674
responsible:0.11173872043065777
are:0.009184448308588935
it:0.009795869421142056
gloves:0.08791744212010137
calling:0.05875715170782083
completely:0.05138562338627815
be:0.016527464489642037
kid:0.07234252727727862
of:0.0027777226509391236
republicans:0.0859208429433134
but:0.009504046032148718
please:0.027363076527217926
investigation:0.28431805440374
they:0.013327423207253481
up:0.038384582010068134
waco:0.05549536727844644
paranoia:0.0818889505478246
in:0.005076562911271156
and:0.005454248778439855
for:0.004647840898743914
subject:0.0003813850984574042
i:0.0027271243892199276
impossible:0.05880360935619765
will:0.016190076355761206
the:0.005383950071350378
would:0.013323566372919657
can:0.01235094274911019
an:0.012827116265167667
people:0.021503902001044534
handled:0.075262706057395
is:0.007676360768304683
involved:0.051441101958083824
show:0.04300098099621189
going:0.03111165262928118
