out:0.015709027987739467
help:0.028534569600557294
percentage:0.06007416430426287
gay:0.059265836013377066
own:0.030219875140639937
your:0.016799096295750167
to:0.003675197760242216
childhood:0.08109200382436628
stop:0.044319374861075164
young:0.05005407369432249
most:0.024754606186227174
that:0.013876185017379073
like:0.01552852084678231
hot:0.055781575823485495
need:0.025616026553296485
re:0.004985873370375608
so:0.013624141298465602
this:0.006999765844952254
clayton:0.1283376661634293
he:0.021201776100269805
on:0.020280353009571598
you:0.014821306384232584
a:0.0018620055011285268
as:0.01066818880289358
let:0.030735169903371
wife:0.10775952072383921
homosexuality:0.06390992527028662
whole:0.0398922063336972
learn:0.05080018907629642
based:0.04027870682534057
are:0.008572151754683007
early:0.046703214650577085
cramer:0.19634505877561367
admit:0.054667962862820677
his:0.02459238722007009
personal:0.04471860628260955
writes:0.008816831880234166
in:0.00473812538385308
star:0.06121102632632538
fear:0.05741021514003329
lying:0.06535277306548971
and:0.005090632193210532
for:0.004337984838827654
subject:0.00035595942522691063
however:0.03196131872262551
the:0.0020100080266374745
thing:0.03018576580166609
when:0.01743565923791648
mr:0.04502607571044552
people:0.020070308534308235
paul:0.043666966548120766
is:0.010746905075626556
issue:0.041751466766198043
new:0.02298666086511396
study:0.049404977979130654
him:0.03195353737817744
article:0.010804438404221347
going:0.029037542453995768
hatred:0.06957503452315683
s:0.00827248374474691
