at:0.006776653941957162
out:0.009062900762157385
there:0.014119676701186884
all:0.007338983312663779
stand:0.030290296572818943
faces:0.041818316578898306
ca:0.01581960458532555
to:0.004240612800279479
job:0.02670375811760905
crime:0.03085552250182705
then:0.012276002690583102
next:0.02060292325960904
tough:0.03687111073285766
make:0.013539080641151568
that:0.010673988474906979
vice:0.04145194697128866
think:0.022149969654285468
like:0.008958762026989794
really:0.015010736486084046
nt:0.0109858238726529
me:0.008335297541573422
re:0.0028764654059859275
exactly:0.04948281005033859
political:0.02772904444216558
hypocrisy:0.045471344383051594
this:0.004038326449010915
parties:0.03764877317032973
he:0.01223179390400181
student:0.061892576494902644
on:0.01170020365936823
you:0.008550753683211105
state:0.020443949130312434
a:0.002148467885917531
want:0.01455844590547832
test:0.027506921953689777
as:0.006154724309361681
running:0.023288157018820782
listen:0.06570686723605029
worst:0.03315162241379625
are:0.01483641649848982
it:0.005274698919076492
have:0.015730788096850856
party:0.03265137264248199
listing:0.04303542431132057
writes:0.005086633777058172
things:0.05157059834169807
of:0.002991393624088287
available:0.020777414060109464
what:0.007080323869204856
year:0.0190366208939204
sense:0.02527940035663839
well:0.02589027554082069
they:0.014352609607811442
good:0.024923228482453836
president:0.11586025105144611
in:0.0013667669376499268
and:0.007342257970976728
for:0.0025026835608621075
subject:0.00020536120686167922
i:0.004405354782586037
we:0.010367260813184384
don:0.03429696415178419
ol:0.04360548563557997
body:0.05461047882576234
sick:0.03454801745419205
established:0.03564318653599702
the:0.0028990500384194345
fund:0.04036908117220341
country:0.025928877754001017
neighbor:0.03895366853391926
makes:0.02148444524809211
here:0.013849237735564585
people:0.011579024154408596
many:0.014255392519831489
is:0.0020667125145435684
either:0.019258174670102757
2:0.0149877657853493
their:0.023287440285872523
run:0.020591034064518423
campaign:0.03969976288766779
article:0.006233329848589239
u:0.029089565258407814
bad:0.021081546513433722
by:0.007618734421670509
s:0.014317760327446577
