believe:0.026823109633707903
there:0.011330604760211697
know:0.015233026242695083
percentage:0.055624226207650805
own:0.027981365870962904
your:0.015554718792361266
such:0.02374095312923208
from:0.010451509313952785
romulus.rutgers.edu:0.07629060193075786
my:0.023462080526674103
to:0.0017014804445565812
most:0.022920931653914046
perhaps:0.03566001898321043
that:0.008565546307024118
like:0.028756520086633906
really:0.02409130547149291
re:0.004616549417014451
so:0.012614945646727408
this:0.0064812646712520865
you:0.006861715918626195
theodore:0.13423163346313036
kinsey:0.07912485429673934
more:0.015696531182971922
a:0.006896316670846395
how:0.016239049348507707
as:0.009877952595271832
are:0.015874355101264826
likely:0.040819861789255896
not:0.007443333439209443
only:0.016463410349003536
herein:0.07182405817019609
university:0.029016544464180907
classes:0.06406345743658654
writes:0.00816373322243904
rutgers:0.06583013451857016
but:0.008213373114202595
understanding:0.04955746648038056
1-2:0.07273897140666179
world:0.031126551712749095
seriously:0.047863625474041244
subject:0.0003295920603952876
i:0.002356774163523394
source:0.03850948100863981
than:0.01766174422493162
the:0.00279167781477427
do:0.008868122455635761
views:0.10000214306510836
would:0.02302838632356484
major:0.040449728058244344
homosexuals:0.060250071262483024
expressed:0.05073776698300354
many:0.02287902503182831
hold:0.042836797690666915
is:0.006633892021991701
new:0.021283945245475885
figure:0.04558639054413276
study:0.045745349980676524
2:0.02405443891475813
1:0.02417930730771245
remus.rutgers.edu:0.16076286153940317
kaldis:0.36863576491439143
wide:0.05310909700447662
says:0.031617614128735406
