statistics:0.017697028427356844
since:0.00749371394533214
report:0.014216210574811818
at:0.003299494428668281
out:0.004412648311162771
say:0.0071069100159833086
know:0.004621255152278284
all:0.01429315102091822
default:0.017976311931092833
50:0.012925780109095246
percentage:0.03374953050801285
pass:0.015203277978244554
gay:0.04994312023599191
with:0.004380729414153912
much:0.0065438085002244625
funny:0.016856802062008323
c:0.009685759158909962
compared:0.015441155902298206
someone:0.024757956344528313
times:0.0105261278707604
masters:0.021530920750183265
apparent:0.018124172646350464
from:0.0031706826008620808
my:0.007117709822698886
to:0.0025808973035408816
look:0.008880780240733747
then:0.005977079961707128
most:0.013907082127093916
flawed:0.022139605879388416
male:0.054001660675364084
that:0.009094877820379542
like:0.004361944058084918
talking:0.012208581199858683
nt:0.010697806018313686
population:0.014778825973349409
re:0.0014005262276335975
larger:0.03187903928180362
so:0.007654011965430113
chances:0.018278111506595977
had:0.005746848260981779
mean:0.019800914283369744
criminals:0.01745811555141928
contains:0.015721548707407475
on:0.00949454728912528
you:0.002081644155088846
numbers:0.013212518355800368
used:0.007394994413246688
am:0.00612110995019238
orientation:0.02074545059669237
size:0.013486431224965796
vs:0.012796299419712893
imho:0.01621599871294401
posted:0.012784198219033318
sexuality:0.023341507452722128
more:0.019047476042258066
prove:0.014707484419152051
a:0.0031382115187559437
how:0.009852906346285575
same:0.007273757867148361
was:0.0066326676711714275
as:0.002996682248003814
dramatically:0.0447333287761284
said:0.016415766506842188
heterosexual:0.04385105884611804
median:0.023658201789905887
also:0.005556169032507739
homosexuality:0.017952226199518712
scale:0.018124172646350464
straight:0.014968770140312018
are:0.012039538981296359
no:0.004216276165477565
it:0.005136410932434037
sex:0.03240185397795
have:0.009573981519618968
only:0.0049945177463269165
shame:0.019693381737267642
whose:0.014017908054310744
morals:0.020596610414484455
has:0.003987919377852251
uses:0.012790243931971673
virgin:0.021062144933876127
johnson:0.017293459658456297
common:0.012607221122214794
showing:0.016082488080995553
were:0.005810124709634079
of:0.004369451361027835
sexual:0.03336351065696279
even:0.006288986695752905
ryan:0.016647706745330636
opinion:0.012394425335534417
years:0.00835121881266065
seems:0.008825794342251229
well:0.01260575213598011
alone:0.0143790761626011
they:0.01048224297199712
who:0.004842894660051866
chance:0.013464634936376793
in:0.003327335241469859
or:0.0025255110775396455
world:0.009442886474654221
men:0.11836849053800029
comprehensive:0.02074545059669237
and:0.0028599057265227706
for:0.002437070134172839
subject:9.998860259182883e-05
table:0.016965896717150736
i:0.0028599057265227706
group:0.010101557808264588
we:0.010095459967894906
promiscuous:0.06914854998210221
survey:0.01893486389415351
information:0.009134162114171404
48:0.0192268546861749
actually:0.009154734558431028
source:0.011682651541946908
than:0.005358057236777008
the:0.0033876539774788895
do:0.008070987852881985
magnus.acs.ohio-state.edu:0.01723353328637225
would:0.0069861396711938285
nobody:0.015012320844413587
because:0.013218893624678008
just:0.00879691807839615
about:0.007378398354470948
general:0.011042810348642514
is:0.006037587121138515
number:0.028115335375255707
logical:0.017630344439965435
homosexual:0.054297360768817714
partners:0.060679203887985575
new:0.0064569272093016735
study:0.013877802803126586
does:0.009127257036236144
man:0.01085411737376479
life:0.01045085900108131
nothing:0.028706247207875377
show:0.011273665429718473
article:0.0030349546079273446
very:0.006528998096567218
already:0.010883094836319667
three:0.010930666690908138
before:0.007963274409073575
by:0.003709496160363918
high:0.010476868260829669
seem:0.01033600207826119
prisoners:0.023444125333576493
s:0.0023237313889738513
