some:0.015464064571302704
believe:0.014388555498876427
there:0.006078006527000976
know:0.016342716896136446
all:0.006318330004280074
50:0.022855518471049212
percentage:0.05967632215655252
own:0.015009871758595994
your:0.008343922001200415
c:0.017126474804165296
such:0.012735213267998665
from:0.005606438771060766
romulus.rutgers.edu:0.04092409772444627
my:0.018878429033052344
to:0.0009127146755568416
most:0.02459066839691441
perhaps:0.01912888435523209
that:0.0045947632507877725
like:0.015425682960379777
really:0.012923150617158449
nt:0.004728997031274427
re:0.002476427170716361
so:0.00676695759857563
this:0.010430114669630841
merely:0.02702681470027057
on:0.0033576743393330458
you:0.007361576018658568
theodore:0.07200504841399709
kinsey:0.042444458265138325
sexuality:0.041272731721038465
more:0.025259980645444886
a:0.004624185847173494
how:0.008711013226682942
low:0.022488705562780265
as:0.005298769272960387
idea:0.01836010791563415
evidence:0.02130932473187468
exact:0.028284413048630917
theory:0.02694403216540811
are:0.008515382537764576
likely:0.021896747052514754
not:0.007985563027496223
calling:0.02723841469898979
only:0.00883136581635289
herein:0.038528137164144924
university:0.015565166235752673
classes:0.034365165909692116
shows:0.0255908254147014
which:0.008555578361043164
writes:0.008758442265133276
get:0.008704463412523988
were:0.010273531771339729
of:0.002575371994248194
ryan:0.029436673516578013
what:0.006095643066202855
rutgers:0.035312853615921735
but:0.008811698307952453
years:0.014766724655499294
understanding:0.02658380652258825
they:0.00617827565899168
one:0.006511992766725976
in:0.003530060302539546
government:0.017825264494147664
1-2:0.039018918436686124
u.s:0.023362532456945022
world:0.016697024428693225
comprehensive:0.03668235304183353
and:0.0012642298493072512
for:0.002154628231205788
seriously:0.02567518982382345
subject:0.00017680103901998871
i:0.0025284596986145024
group:0.01786169493249434
survey:0.06696170410250314
source:0.020657403719866387
than:0.009474180676950075
the:0.004492567609206276
do:0.0095141446212781
magnus.acs.ohio-state.edu:0.030472538989810533
quote:0.026721575579739
views:0.05364353369717734
would:0.012352975445091074
major:0.021698198494819815
did:0.010886828102271293
homosexuals:0.03231957465073593
an:0.005946345288488323
10:0.019141534820504402
expressed:0.02721694785180985
many:0.012272854487272142
hold:0.022978679555920662
is:0.005337866759417164
morning:0.028411528593373616
new:0.011417215661480443
figure:0.024453626715726845
study:0.024538896347250323
2:0.012903374517188138
1:0.012970356900163633
remus.rutgers.edu:0.08623703168669972
kaldis:0.19774501296732258
article:0.00536644291600398
conducted:0.035534858198959116
wide:0.028488985810348387
past:0.021877579118565322
by:0.006559175329915007
says:0.016960442016076608
news:0.020323685537506082
