there:0.01092594030448985
story:0.08559660780982391
to:0.0032814265716448352
russ:0.06694753211124911
crime:0.04775259434806567
most:0.022102326951988546
death:0.07989086628658147
that:0.004129816969458057
guy:0.040313461273200825
problems:0.032655633760616344
justice:0.051259120660744006
v:0.045793432308357286
nt:0.00850093513955284
re:0.004451672652121078
he:0.01893015723238375
certain:0.03924184514000606
on:0.006035819348086785
state:0.03163944508262638
a:0.006650019646887595
was:0.021082407954794893
evidence:0.07661209605983516
introduce:0.0699143867734394
athena.mit.edu:0.05818182553475919
caused:0.04740850213160913
book:0.07404044073056365
row:0.06578109867838955
not:0.007177500102094819
texas:0.09448023027783338
being:0.023164332499108906
trial:0.05583105723837207
able:0.03139839554893654
adams:0.11032414880189552
his:0.021957488589348293
writes:0.007872171321637646
of:0.011573844378913014
courts:0.06712390218011983
anderson:0.057769854949313054
who:0.015393486598022003
in:0.006345703639088945
recommend:0.05223546770432537
and:0.004545207315366545
for:0.0038732007489532616
subject:0.0003178209153811702
i:0.0022726036576832726
the:0.006281275083242108
denied:0.06347905828576407
did:0.019570369564797206
long:0.028337038632245057
f:0.04424084783817676
is:0.0031984836534602844
new:0.0410476086877035
man:0.034500587366609506
article:0.009646820003769058
commit:0.06212056653853287
process:0.04305433015754247
by:0.011790898509728167
john:0.06384472379956775
s:0.007386146200666885
