another:0.022627605412128354
out:0.012022215296739386
percentage:0.045975125743058315
ever:0.026973694457447555
gay:0.04535650715309469
c:0.02638875199417306
compared:0.04206927169299613
masters:0.05866077388060134
apparent:0.04937912343444463
from:0.008638492392144648
to:0.008437954041372434
male:0.09808464898178373
that:0.007079686233356669
population:0.04026476056004379
consider:0.032860857944604006
re:0.0038157194161037807
had:0.01565722944573607
clayton:0.04910880082784283
on:0.005173559441217244
you:0.005671418259272671
posted:0.03483041759675403
more:0.025947327057565833
a:0.0028500084200946837
how:0.013422071400297185
member:0.08144689638258282
dramatically:0.06093774889401164
woman:0.04468641426015737
minority:0.10123058122315635
homosexuality:0.048910657094607096
are:0.019680960661262004
those:0.01893791483966898
cramer:0.050088025197860625
yeah:0.040349208614164814
it:0.00349852479326502
admit:0.0836754533614602
have:0.00521684299130258
being:0.039710284284186693
ve:0.018623813255381982
willing:0.07297754804040144
greg:0.04468641426015737
johnson:0.04711585437559011
writes:0.013495150837093108
showing:0.04381657466965115
of:0.0019840876078136595
sexual:0.09089854434090881
ryan:0.04535650715309469
oh:0.032956287593280335
they:0.009519588005181058
who:0.01319441708401886
highly:0.04261911953478164
in:0.0018130581825968415
murdoch.acc.virginia.edu:0.05936478277332534
men:0.07166527658423145
and:0.0038958919845998963
subject:0.00027241792746957445
table:0.0462234124844821
i:0.0019479459922999481
promiscuous:0.06279817294292955
than:0.014597972267545521
the:0.0023074071734358764
magnus.acs.ohio-state.edu:0.04695258558634072
effect:0.035371157700228625
did:0.01677460248411189
just:0.01198355677006006
many:0.018910214567123402
about:0.010051185513488485
general:0.030086024113138276
is:0.0027415574172516724
homosexual:0.0986217369066281
partners:0.05510662393908894
new:0.01759183229473007
study:0.037809932126885694
selection:0.054079649186234986
article:0.008268702860373478
already:0.029650880829564807
