king:0.04240054045331107
out:0.011900778778590505
surely:0.045318324523727485
tank:0.046859532479234724
much:0.017648453227878096
previous:0.035082822421139456
mentioned:0.035506703220119576
from:0.008551234893234097
knocked:0.055289419697515274
to:0.001392120363728112
building:0.038388561301400524
hole:0.047140915858052565
day:0.025689929654170426
that:0.010512261376802327
cleveland.freenet.edu:0.043256755267732386
re:0.0037771767957390967
started:0.03312368561604955
batf:0.0460595623614449
this:0.005302852912842617
on:0.005121301265043333
burning:0.04791145428986702
inside:0.03791975279872916
a:0.007053051140638359
how:0.013286494921506306
as:0.008081961214313317
broward:0.06167101802260268
it:0.0069263723179792324
made:0.023490702544626277
spread:0.047084008608373216
states:0.034877371065208926
larry:0.04590689935326259
lamp:0.06075211117203978
were:0.06267892110999189
attempts:0.04658577561279239
making:0.031056638291640442
if:0.006769196159226357
of:0.005892138956537535
what:0.009297394979763953
but:0.006720032547983943
parts:0.03685550516582183
fire:0.0726665381220095
waco:0.07847829716143942
david:0.025216618579237314
sounds:0.03598691478344281
over:0.02026202780322584
in:0.007178977854322848
massacre:0.0519456569366527
and:0.0019282697701555045
subject:0.0002696662312325081
warrant:0.04754850470172496
pretty:0.029070909665854818
addition:0.04005418808829691
remaining:0.05065441075978517
the:0.006852300090809573
when:0.013208832755997333
violation:0.05203790424537263
put:0.02512585151057353
reports:0.03994164085038538
quickly:0.04287553983356221
koresh:0.04125453160246215
people:0.015204779192657752
lawyers:0.056087282438107504
is:0.005427729836175029
told:0.03131535117908212
survivors:0.04743036288593515
too:0.019722402705701986
wall:0.045318324523727485
article:0.008185180609258597
live:0.031279679534824835
by:0.02000879747105386
says:0.02586895701441988
s:0.006267033139959782
