optilink.com:0.027270147052168566
go:0.010807956954411817
studies:0.02343934942407608
join:0.025475583502740286
at:0.004894250069191284
validity:0.032732537132997806
behind:0.019598568894437212
form:0.018963227358232755
know:0.013709723618425576
all:0.00530037683692384
where:0.02052729775815291
your:0.00699962345656257
wonder:0.02050204282120516
with:0.006498081964328304
into:0.009948910572124369
masters:0.03193753244610518
from:0.004703179191278753
my:0.010557936237003348
to:0.0015313324001009231
childhood:0.03378833492681928
signature:0.05554348128958269
us:0.011443757701027756
day:0.014129461309793735
been:0.008151335484563552
that:0.0038544958381608535
like:0.006470217019492629
nt:0.003967103065124659
could:0.00838393975181143
me:0.012039874226717163
sarcasm:0.032420928984936453
re:0.002077447237656503
articles:0.04679876245221852
greatly:0.021682939721114455
this:0.0029165691020634392
clayton:0.026737013784047768
hi:0.01750564811119114
these:0.009203533183883015
you:0.006175544326763576
am:0.009079646426118698
suggest:0.0203966655839451
them:0.008143662064068006
phd:0.03680124765362685
seeing:0.022268275919213487
m:0.015209052356845247
sure:0.012122466778662242
a:0.003879178127351097
other:0.007662822154621727
was:0.004919228522785476
as:0.00889015733574465
copy:0.018981177472574124
question:0.01212770046303947
wondered:0.031242181651916258
homosexuality:0.02662913552928609
course:0.013589732221666774
stars:0.027684933323107563
pat:0.022517445731243223
are:0.007143459795569173
no:0.006254142978791721
fuck:0.06298570147361551
caused:0.022123967661417596
works:0.016528477741948558
cramer:0.05454029410433713
it:0.0019047523874442887
not:0.0033495000476442493
sex:0.0480627500672925
have:0.008520843552460881
bed:0.03166647597849723
always:0.014760867211103932
doing:0.02978558783517017
bother:0.025475583502740286
degree:0.024619190837033293
yourself:0.019479303729858847
writes:0.0036736799500975688
of:0.003240676426095644
sexual:0.024744603737247402
looking:0.014410474141148023
what:0.005113567238870174
particular:0.018839174711576707
oh:0.017942867689674853
please:0.010641196427251415
they:0.010365773605641598
up:0.0074636687241799145
in:0.004935547274846957
lying:0.027230322110620715
quoting:0.029937517257041805
yes:0.014815810391688273
and:0.003181645120756582
subject:0.00014831642717787942
each:0.01414449665200342
i:0.007423838615098692
applicable:0.03203090532564063
information:0.013549007136020917
yet:0.014611493014923132
exist:0.02020291375442281
the:0.004187516722161405
do:0.003990655105036093
interest:0.020293249981488255
correlation:0.03306266724672448
would:0.00518138692280209
ralph:0.030772418385093685
americans:0.023791215397252808
mental:0.02962356053335657
problem:0.011753140511364358
people:0.008362628555961763
about:0.005472312112899286
is:0.01044837993463693
number:0.013901471379987545
critical:0.027151518582887623
night:0.01859908248102236
recent:0.021100528269361228
time:0.008775055388353966
their:0.02522806030969523
unless:0.01710034125411384
nothing:0.014193644452782827
nice:0.01755410809308199
abuse:0.026959265643012764
under:0.013485130150586885
disorder:0.03405293519898181
virus:0.030624261456859456
give:0.013129090396422259
roof:0.03193753244610518
answer:0.033736344912542855
by:0.0055024193045398115
s:0.0034468682269778797
