screwed:0.057527695410508034
optilink.com:0.05306623210151721
since:0.010815252018398279
partner:0.03216908164546166
simply:0.016533207242612917
okay:0.02327441154325674
out:0.006368524859894378
mark:0.03247161042478044
say:0.010256999860905641
there:0.009921934979212406
percentage:0.024354390934160624
gay:0.09610676110277362
i.e:0.018673183767434612
with:0.003161229063727283
much:0.037777229612106625
into:0.009680021097202089
wrote:0.013922026890231682
often:0.016796326423128144
except:0.01742898064326386
my:0.01027258660897623
to:0.00223491755690405
us:0.01113446695235133
might:0.011497757491234844
direct:0.02158797633823878
that:0.01312612096238561
like:0.006295346289236072
communication:0.026014391789884315
could:0.01631469357109251
me:0.011714472220589673
wanting:0.029868174535052555
re:0.0020213000150171383
this:0.0028377429101157786
clayton:0.026014391789884315
relationships:0.033002328563446835
on:0.0027405882445367025
standards:0.02290431533094614
you:0.006008637723337534
why:0.009620122054886522
more:0.05498028219765301
a:0.0022646012851563163
how:0.0071100702552925645
factor:0.024459353560415224
want:0.010230259284930711
heterosexual:0.03164387219436086
let:0.012460204014880134
also:0.016037806828968288
21:0.043850843471938655
mind:0.01637651785410885
straight:0.04320715272933307
are:0.031276769915735296
culture:0.02557358169818643
likely:0.01787248002664718
cramer:0.05306623210151721
it:0.0037065451863780756
sex:0.09352751364446109
morgan:0.03144729033397775
have:0.005527033655650301
being:0.010517859080676477
indicate:0.025672163252509574
earlier:0.021329440729104282
strongly:0.025226760378092992
shows:0.02088764668983736
be:0.006253635212296988
which:0.006983201797391988
writes:0.0035743913027976343
if:0.0036224347014238343
of:0.002102060384494472
women:0.0817149231099119
double:0.023881893973187192
they:0.010085617562245878
who:0.00698947499585864
up:0.014523895895701456
now:0.008929267015558077
damaged:0.030641692608785923
in:0.0048021541052565
definite:0.030559165732403283
men:0.1708345241818707
and:0.004127539616116648
for:0.0017586425022274271
subject:0.0001443078750919908
i:0.001031884904029162
44:0.04913278957808644
promiscuous:0.1330642367223156
alan:0.0237874740108067
than:0.030931919615555917
do:0.003882799561656739
would:0.010082698876804066
home:0.01583439487492621
agree:0.01630570367007805
homosexuals:0.02637976093114122
relationship:0.024675598612381167
btw:0.020279948759153163
people:0.008136611567962797
interested:0.015551763326567136
is:0.0014522844696792643
homosexual:0.02612143301851231
new:0.009318916566938092
study:0.02002904512667459
does:0.006586426023446082
evans:0.06145099804498769
their:0.008182073613955211
experience:0.017903906890784582
observation:0.02836746244533213
article:0.004380177731441086
occurs:0.025806465947571904
s:0.003353709626248748
