know:0.05875595836468103
send:0.06984159811610054
to:0.0065628531432896705
us:0.049044675861547524
potential:0.10205410335289274
like:0.027729501512111263
so:0.02432882374726
on:0.01207163869617357
them:0.03490140884600573
m:0.032590826478954095
sure:0.0519534290514096
richard:0.08895422654235187
question:0.05197585912731201
d:0.04337724338992941
have:0.012172633646372687
be:0.013772887074701697
if:0.01595596237531927
of:0.009259075503130411
investigation:0.11846585600155833
who:0.06157394639208801
waco:0.09249227879741073
and:0.004545207315366545
subject:0.0006356418307623404
i:0.004545207315366545
we:0.09626742183671214
will:0.02698346059293534
yet:0.06262068434967057
the:0.003589300047566919
do:0.03420561518602365
holding:0.10968234380216865
many:0.044123833989954606
is:0.006396967306920569
questions:0.07200419850584551
committee:0.11458720193163327
