believe:0.011315999376720523
batf/fbi:0.029941436668223603
know:0.006426432946136988
all:0.0049691032846161
bs:0.029524547565757266
own:0.011804638726812474
with:0.012183903683115569
c:0.013469258830359165
compound:0.022304264434924507
from:0.004409230491823831
my:0.009898065222190638
to:0.0028712482501892307
stop:0.017312255805107486
0:0.019089355669116834
russ:0.05857909059734298
that:0.0072271796965516
civilians:0.026160514775604146
feds:0.025874495204791046
pitched:0.03002897374278809
like:0.006065828455774339
nt:0.003719159123554367
could:0.007859943517323215
re:0.0019476067853029715
so:0.01064386038942625
anyone:0.008713097654382246
this:0.005468567066368947
mean:0.013767823212655524
burned:0.025345659688023218
you:0.005789572806340852
children:0.017460296187596487
disclaimer:0.01955237253684472
state:0.013842257223649042
size:0.01875456842221806
inside:0.01955237253684472
why:0.009269388438302117
a:0.0007273458988783307
how:0.006850848943901689
richard:0.019458737056139472
hard:0.014084548971747443
other:0.007183895769957868
series:0.018684116462331594
was:0.009223553480222767
evidence:0.033517792026177884
jack:0.022264353639374665
cover:0.04087715154424881
video:0.018206829129505324
responsible:0.040738075157010646
theory:0.021190358630086586
are:0.0066969935583460986
place:0.014163685506856382
magic:0.02683204437652026
it:0.003571410726458041
not:0.0031401562946664838
gloves:0.03205323410628696
statement:0.01808958031090003
calling:0.021421878226809677
completely:0.018734341859580575
stated:0.020219245119259162
quit:0.026202687745565702
be:0.00903845714277299
kid:0.02637487973650783
writes:0.0034440749532164703
were:0.01615940934866978
of:0.0010127113831548888
republicans:0.03132530732308301
sealed:0.0291385685441233
but:0.00346501678255422
anderson:0.050548623080648926
well:0.00876493703204867
please:0.009976121650548201
investigation:0.10365762400136354
they:0.019435825510577993
up:0.02099156828675601
waco:0.020232685986933598
bodies:0.024865605209900006
paranoia:0.029855346553894383
in:0.003701660456135218
point:0.011466333131562815
morris:0.02560336831960327
or:0.007024077684407139
world:0.013131514003816024
destroyed:0.02579557955364208
and:0.003977056400945728
for:0.001694525327667052
subject:0.00013904665047926196
i:0.0029827923007092957
branch:0.023749461842620022
employer:0.023542137621784504
any:0.005329621178587538
impossible:0.021438815911113726
will:0.005902632004704606
contradictory:0.029770656341020527
later:0.016642770984154703
the:0.005888695390539477
do:0.007482478321942673
original:0.01607379173579937
devices:0.02210770022668051
would:0.009715100480253917
can:0.004502947877279757
listening:0.025717841792096893
did:0.008562036684598777
injection:0.063598237335809
come:0.012506217054528168
an:0.004676552805009045
10:0.015054019572375857
people:0.007839964271214153
statements:0.04391124259198329
handled:0.027439528250091928
is:0.002798673196777749
involved:0.01875456842221806
else:0.013159126173635712
tapes:0.027177747860608132
their:0.02365130654033928
runs:0.019540575627309036
unless:0.016031569925731723
innings:0.029855346553894383
1993:0.015779457307344463
first:0.00977893140307834
reflect:0.024641211532106716
davidians:0.025203927586331113
show:0.01567744098820225
article:0.004220483751648963
killed:0.03804984371529047
release:0.02069689317389197
going:0.011342790021092095
by:0.005158518098006073
upon:0.018062893659859042
bullet:0.028991845226588424
identify:0.025954624990413337
