at:0.006247978811733553
know:0.008750887416016324
all:0.006766438515221923
case:0.017529156789409615
media:0.05604902398149307
your:0.008935689519016046
wonder:0.026172820622815098
much:0.024782934319999027
weekend:0.0357965238079737
to:0.001954892425660753
hole:0.03309894092161137
us:0.029218104768581502
next:0.018995603005313298
perhaps:0.020485542820142165
die:0.026721662208740064
that:0.0049206329848861955
control:0.021628611843553358
like:0.016519703028491817
nt:0.010128773783296999
me:0.007685026102159891
anything:0.03292540638750927
re:0.0026520603033912803
scott:0.10842771782046827
this:0.01116983911428551
nm:0.045927692003791196
getting:0.01923547214343749
he:0.02255508095773383
on:0.003595807271200638
you:0.003941836804317176
tell:0.017092376266825905
numbers:0.025019449652473037
mainstream:0.040538766081389656
a:0.002971285374141266
how:0.009328815583185279
same:0.013773711705876683
basis:0.026434101255588642
was:0.031399330996503036
as:0.0056745685121774355
said:0.015542587437329307
local:0.02167647838238264
nine:0.0357965238079737
also:0.01052125625304657
international:0.028123153338591445
course:0.01734859432553205
owen:0.0445939882342668
soul:0.02989701623283969
straight:0.028345117925271692
march:0.030735546566617415
d:0.025841762019532418
it:0.004863197584964141
made:0.01649347199941845
labor:0.03938043235016058
has:0.007551592013379794
netcom.com:0.045660073400299844
his:0.013081057031952175
be:0.004102562107357952
which:0.009162356968209346
writes:0.004689804191613917
things:0.015849120057732265
if:0.0047528398564780795
inch:0.037291722864187665
of:0.0027580224902941652
america:0.027927223790542285
even:0.011908932253659757
what:0.006527958177281072
but:0.004718320725180214
happening:0.03219713116639686
ignore:0.031920327308909376
again:0.017318220837645518
they:0.006616451237643572
who:0.009170587760523747
called:0.019023081530898822
in:0.005040558918992638
rather:0.018251657112857186
subject:0.0001893401198015482
i:0.006769457703737409
person:0.019894996021800358
we:0.009558467416411134
will:0.016075253119195523
than:0.010146108384535186
coverage:0.03282386272987267
the:0.002672883014145578
thing:0.016056258405141535
when:0.009274286828678978
would:0.006614536497194156
did:0.011658943570517484
come:0.017029742372123464
last:0.015462145759287218
friend:0.02463261999782132
thought:0.019039619894976684
just:0.01665799380802675
about:0.013971860713785412
head:0.024488366918125413
is:0.0038109592466760837
ignored:0.03640829929935247
time:0.011202198368111444
guess:0.021249342290323783
him:0.016996562435200764
article:0.005747041704373057
give:0.016760540931602882
black:0.025032286214496012
strange:0.031179879651451938
