optilink.com:0.06333711573406893
believe:0.0140172379376151
large:0.019316349160565002
out:0.007601142574712645
say:0.012242225640435764
played:0.026169051749382746
percentage:0.029068144018191713
gay:0.11470806970331045
own:0.014622520229341905
much:0.011272237868128589
into:0.0115535735676283
such:0.012406562603018055
romulus.rutgers.edu:0.03986799197671863
my:0.012260829178455501
to:0.002667482245337092
obviously:0.04750829781710912
social:0.056023770219049106
might:0.013723129908893199
speak:0.023131824610570284
potential:0.027653369940783837
been:0.009466067014331865
that:0.002238094357641786
nt:0.004606958398209281
population:0.02545771957989866
me:0.006990894712287385
re:0.0024125193727623905
had:0.009899409585046034
error:0.02429327844627096
this:0.006773966946727987
clayton:0.031049435362119987
these:0.021375948039986357
on:0.006542049357926322
you:0.014343199726676694
fall:0.025163232434802143
theodore:0.07014685361621652
influence:0.03311980774973354
more:0.00820270339239178
a:0.004504852018859339
accurately:0.0370887473567673
demonstrated:0.03335659076167179
as:0.020648107360439184
part:0.015801432983311464
heterosexual:0.03776849261907586
are:0.004147815365169197
no:0.007262875717306515
those:0.011973649382500388
cramer:0.09500567360110339
not:0.0038897419908126766
choose:0.02563744186701457
have:0.013193564210262009
only:0.008603459601737333
herein:0.03753386265668312
university:0.015163484526442927
be:0.003732008110564331
writes:0.004266208974306854
certainly:0.019843595337133167
were:0.010008408370789026
if:0.008647102190495604
of:0.0050178215629868034
sexual:0.02873566885615827
what:0.005938336148365362
rutgers:0.03440155416776892
but:0.012876449462911168
well:0.010857212323569966
who:0.008342276607960311
in:0.0034389619721514287
or:0.004350396501310228
force:0.04611618217825511
and:0.0036948136886205472
for:0.0020990249220133807
seriously:0.025012604279982843
subject:0.00017223843156140837
forced:0.029289003190077146
i:0.0012316045628735157
we:0.008695121972348193
than:0.00922968569173846
the:0.0009725845290181329
do:0.009268618308470925
less:0.017734616494169533
views:0.026129592220237995
would:0.018051283472987924
can:0.005577845112501377
major:0.021138244985276076
put:0.016048124513205028
10:0.01864755972836235
people:0.0194228792267499
expressed:0.02651457500402121
religion:0.045826209844680166
about:0.006354943098850784
hold:0.022385681373832386
is:0.00173337178639138
chose:0.03235346235624988
new:0.011122577837958367
study:0.02390563450603096
category:0.033665339285398464
remus.rutgers.edu:0.0840115599012365
kaldis:0.2696986822018838
article:0.005227954066558716
neither:0.02414697710000625
feelings:0.03440155416776892
by:0.006389906289143007
identify:0.03215024514941523
aside:0.02913047892729969
