report:0.05581953269815816
believe:0.015975528531840737
out:0.008663066905003382
there:0.006748374893949614
own:0.016665372320205846
with:0.004300201299923142
response:0.0258205775928481
such:0.014139832378439696
followed:0.03268336544855353
romulus.rutgers.edu:0.04543778497346608
my:0.006986869568605157
to:0.001013381735360905
activists:0.09378477205472509
been:0.021577064517962343
that:0.0025507693046652705
willie:0.04455081447502038
this:0.015440659952100559
he:0.023384311875297575
on:0.007456012135871911
you:0.004086757275064131
theodore:0.07994678169495265
state:0.019542010198092766
more:0.009348669307505338
a:0.00924157142104232
as:0.0058831923545369005
coming:0.02556345554992349
said:0.016114006093113472
rally:0.04623347309582073
let:0.01694954222612371
colorado:0.06931178952349941
washington:0.02822950981922422
town:0.0327502108287098
democrats:0.04489287341351224
pat:0.029802501703116026
are:0.0047272895705972465
month:0.029219143304318077
d:0.013395913399831143
yeah:0.029075165030795234
it:0.0025209958069115587
not:0.004433161827764448
ken:0.03033876986113832
have:0.011277587054727638
only:0.00980541351668593
herein:0.04277756405724914
university:0.017281912511754805
between:0.017079895926811806
against:0.01899471170704299
call:0.01953644189704932
be:0.008506783193198107
of:0.002859420375966745
seen:0.01906224184281142
rutgers:0.03920765364708958
but:0.0048917883989000755
year:0.03639353994425958
laughter:0.04438557288787289
in:0.006532341981415091
better:0.01644276375956914
and:0.004211000895119006
for:0.0023922710508240733
seriously:0.0285070122308628
subject:0.0001963011536177816
will:0.016666255072107124
later:0.04699135336702505
the:0.002771150772018577
do:0.00528174940372424
views:0.02978004995688889
would:0.0068577179860615884
major:0.024091382152336707
homosexuals:0.0717684672391342
senate:0.038225805171909266
instead:0.02255686993812236
slick:0.04227026353160979
meeting:0.03563153035850675
snow:0.040154954175346695
record:0.056715417606420515
expressed:0.03021881710017123
about:0.007242766031778467
hold:0.02551309274223544
clinton:0.026949678591694358
mountains:0.04072820080380046
homosexual:0.07106566335918789
remus.rutgers.edu:0.09574846900508571
kaldis:0.2195551246916596
despite:0.031348313062755956
by:0.043695682712522034
says:0.01883107900314388
god:0.019508663468935476
news:0.022565268501201607
