22:0.0718335620733233
408:0.09083430041409742
health:0.0718335620733233
case:0.042613984608737165
o:0.06036170661723934
options:0.07801690359787614
my:0.01638300450569485
to:0.004752410896864934
thursday:0.08996771705580624
software:0.048548032560021666
t:0.08883700189656696
enough:0.04193359529202407
reform:0.09352172059869715
professionals:0.20972069954577482
re:0.0064472500478994915
tools:0.07671504924428743
on:0.008741531469642929
communications:0.07274280855747749
as:0.013795071727879627
proposal:0.08126209806203379
it:0.005911300512758138
not:0.010395000147861464
list:0.05020049305037206
writes:0.011401075707199351
of:0.0033524238890644594
opinion:0.057057095941167056
bob:0.06351732782808793
in:0.006126886272223809
system:0.038538316021422846
office:0.06294375712148553
and:0.0032913570214723265
for:0.005609463153656448
subject:0.000460292360207212
doug:0.22353307679269582
house:0.11854730843069625
review:0.14902205119513057
the:0.0038987224654606187
development:0.06702177643200348
immediate:0.08275302216554804
many:0.03195174185479471
clinton:0.1263846996024287
white:0.11720583261450318
1993:0.05223544487948512
too:0.03366410117007752
article:0.013971256557182775
april:0.05865782520496745
