large:0.014821951088552355
at:0.004361212932942728
all:0.009446216145012783
wang:0.05933616634466311
knowledge:0.018300847251743246
with:0.00868555510083486
way:0.008576103067062095
remove:0.02187203160910708
continues:0.02451857066484792
times:0.013913248225213002
equally:0.02372893264985889
from:0.01676380701841932
my:0.00470403099668466
to:0.004093660871556923
remember:0.013775366517431841
sources:0.01905514344165576
civilians:0.02486543978671285
through:0.023460032614107198
nt:0.0035350423352595965
re:0.0018511906078127255
michael:0.029749457442313755
so:0.005058468303885743
invasion:0.02656318607941993
this:0.005197845924469495
illegal:0.020345342206055876
something:0.009854758995859024
on:0.010039778717609702
you:0.002751480145587732
american:0.015975421868258493
regular:0.02003486461265179
state:0.013156996965052556
3:0.023182831135025936
more:0.00629415359317191
a:0.0027653547046463268
bigger:0.023075826001133407
basis:0.018451526123950488
want:0.009369296869862286
was:0.008766941921795897
also:0.007344045206334487
died:0.02008021297601151
soldiers:0.023188342095576752
book:0.015394547082592443
administration:0.02204964689457689
it:0.003394608215247247
not:0.008954109038256905
have:0.005061887258887652
only:0.0066016645458875575
ve:0.009035315341719972
whether:0.014145834578622894
money:0.015347622607569951
completely:0.017806899193264704
has:0.010542321523629218
be:0.002863669589789462
writes:0.003273576193156249
get:0.006506801857876843
down:0.011704780083926525
cops:0.02409092405990326
of:0.005775462937596197
america:0.019493755220131
industry:0.02254868005854702
flow:0.05109870470689914
department:0.017168691003430377
what:0.004556644074240748
but:0.0032934812982693576
never:0.010910590251791388
killing:0.02003486461265179
oh:0.015988693980898385
fact:0.011872609547667522
york:0.018629540630819025
well:0.008331029258184875
adobe.com:0.026343127848871252
waco:0.038462135737537144
now:0.008177794048902199
good:0.008019850749304452
in:0.004398012423130953
u.s:0.017464071292072763
or:0.0033381755331835907
and:0.0028351293155256673
few:0.011314987628248943
still:0.01010747070410667
for:0.0032212758704165743
subject:0.00013216315293078365
i:0.0028351293155256673
branch:0.022573745909817054
criminal:0.02310371618785744
power:0.01337552118896308
any:0.010131557091968389
drug:0.04240018585649016
than:0.014164369130885755
the:0.005224030762300368
do:0.0035560293015173103
drugs:0.04294820659988782
arrested:0.02880073619695982
major:0.01621994045899897
effect:0.017160264626843592
because:0.008736249004428287
agree:0.014933441480021976
did:0.03255269392956367
mr:0.01671760236773967
fbi:0.01888525684302146
btw:0.018573220398234332
here:0.008912875770412852
people:0.00745184722808474
bush:0.02313176439347961
current:0.015654681800647614
trade:0.04177309798350193
affected:0.025027765642272215
arrest:0.05470903256420517
is:0.0026601250187194446
new:0.008534651311304688
lot:0.012270066278541538
2:0.019291183684112957
hear:0.01640436417949905
1:0.019391325662620876
too:0.009665930038933152
davidians:0.02395620839888898
him:0.01186393714536291
amounts:0.024905524985884234
article:0.008023097824916841
removal:0.02821765186202723
killed:0.018083094042910326
before:0.010525714194171507
going:0.010781265762622191
answer:0.015031044763014142
by:0.004903145914936466
kennedy:0.028627016791953536
main:0.018408005008053605
vincent:0.02880073619695982
s:0.009214400210732944
james:0.017126701819985282
