some:0.010241551536257491
at:0.007727763267144132
there:0.00805069285593989
help:0.018772743158261374
all:0.0083690160583008
thanks:0.01748584776242248
from:0.0074260724072822415
to:0.0036268398949758705
representation:0.052204211442196544
class:0.034808505891833354
that:0.006086046060253978
like:0.010216132136040992
its:0.01813881189503658
me:0.00950516386319776
anyone:0.014674690786327993
this:0.009210218217042439
student:0.10586888084654399
on:0.004447445835432368
why:0.031223203160596603
a:0.006125018095817522
other:0.012099192875718515
vote:0.07990935740046487
was:0.007767202930713909
rpi.edu:0.05185328745435708
usa:0.03197036566691864
question:0.05744700219334485
others:0.023652001956740314
are:0.011279147045635535
reasonable:0.03279216815882498
should:0.04323189847982841
systems:0.02631944842353167
area:0.028144447760169708
university:0.020617018435075907
directed:0.045602714941926845
feel:0.026721725300405067
public:0.02599775963211047
topic:0.038303832022715104
whatever:0.02899088226976634
of:0.0017056191716292863
raised:0.039692810602428207
reasons:0.03189933750698338
but:0.005835817739038686
who:0.022685138144453477
programmer:0.04472077433471739
good:0.014210612731223676
one:0.00862553427873353
email:0.024069286482174917
in:0.006234375505069841
government:0.07083197206884993
our:0.01955943353491573
office:0.032024016781106675
or:0.017745038360607507
debate:0.039822767495280326
and:0.0016745500635560958
for:0.002853937393965561
subject:0.0002341838323861254
i:0.006698200254224383
preferred:0.04479738556251348
any:0.008976204090252696
the:0.0013223737017351805
would:0.008181137246529614
ny:0.036852573084060695
jim:0.05940931134998016
here:0.015792990400205226
people:0.03961245105455572
many:0.016256149364720116
about:0.017280985619681957
different:0.022168569280800417
is:0.0023567774288654727
argument:0.03086615298368177
followups:0.05119094050253124
elected:0.0488283709079384
their:0.013277926478786964
senator:0.05168295336789127
95:0.04696898274376222
by:0.017376060961704666
represent:0.12647757368703694
implication:0.05335000251603044
