some:0.006991238773253618
at:0.005275239595535515
out:0.007054952689104551
all:0.0057129810218340795
tried:0.018550084149920185
take:0.012729036708597027
with:0.0035019603400571696
establish:0.03047610905038724
much:0.010462256703951685
ca:0.012314662252049828
from:0.005069294936707639
atf:0.026643550036938152
themselves:0.019379941415106693
reasonably:0.029523625849011862
ground:0.02321529139758887
to:0.002475806874414666
remember:0.01666241938036666
russ:0.03367420776853249
everyone:0.018308459625826966
look:0.014198612720215035
most:0.011117338107587055
threat:0.02764882472340019
bunch:0.024288640845235483
honest:0.02808268747319314
that:0.008309092824777889
considering:0.023984251229671214
lance:0.03563640781084076
control:0.018261283053539065
nt:0.012827758414175541
re:0.0022391646872944346
wait:0.02198442997071927
charges:0.030273105746940046
this:0.006287214830795438
ti:0.022686593151207562
these:0.009919975886820016
big:0.016621440442320702
you:0.006656275322260143
more:0.007613287579764826
a:0.004181150077384416
how:0.007876425133108529
following:0.016391103431375818
complex:0.05384422600962353
innocent:0.026535654794407143
reason:0.01600126900603909
place:0.01628399770848159
not:0.003610239572311167
have:0.0030613809170518137
trial:0.02808268747319314
peace:0.02306368775696438
mt:0.03341569176933963
convex.com:0.032198756190817066
mitchell:0.09680394801678188
his:0.03313345583542377
found:0.016015092845850284
writes:0.011878965108099921
were:0.03715696520891735
of:0.008150204185390243
what:0.005511629359261265
anderson:0.029057891112229325
fact:0.02872176201950706
investigation:0.029793808096200303
they:0.011172690113865194
bd:0.02918135989787445
who:0.007742831582238613
waco:0.023261531194558392
now:0.009891702981306852
one:0.0058880892681175
in:0.003191850932236356
gun:0.04384449695574134
leaving:0.027713560747976332
battle:0.05763667642070178
or:0.0040377931598987145
and:0.004572424125638202
few:0.013686392220995729
word:0.01837650608481089
for:0.0019481967839046347
subject:0.00015986201731747483
i:0.002286212062819101
dispute:0.03179940664292082
person:0.016797571491460186
ago:0.01713272889439907
fired:0.02840259865087925
will:0.006786259550319068
than:0.008566474743829109
the:0.005416189293334512
did:0.00984377870325129
koresh:0.07336883764030692
just:0.007032266847101114
people:0.009013611617204296
about:0.005898300480969291
loving:0.031246272989441687
is:0.006435272500375184
involved:0.021562138545304598
captured:0.03333194181739508
mount:0.03142503324782302
followers:0.05748114114493157
history:0.019886273079945394
first:0.011242843289766715
guess:0.01794106145470451
dead:0.041093199219295044
leave:0.021156779187392314
article:0.009704585393013186
citizens:0.02447519873613246
todd:0.09142832715116171
s:0.011145561931545239
