at:0.005540660455688246
till:0.03143970639032982
situation:0.022164354017450306
your:0.023772306078891744
urge:0.11307458114737688
into:0.02252583525764008
my:0.005976190322832084
to:0.0034671676983417127
look:0.014913008328779313
then:0.01003698333192329
mail:0.019272424558716077
been:0.018455853927313703
considering:0.025191006008522598
through:0.014902284868080673
nt:0.008982120147452057
months:0.042714396729305916
consider:0.020253862129378575
anything:0.014599000945405055
wait:0.023090564812013322
math:0.030693432529944185
this:0.00660355268391722
ti:0.07148417087267288
you:0.027964729026853933
a:0.0008783044816643994
other:0.008674893005232144
was:0.00556893795032318
said:0.013783049236876933
wi:0.0370557024147145
broward:0.03839893574992242
computer:0.016859766699152928
l:0.020785915589643794
are:0.004043467808812739
culture:0.029755425246317545
begin:0.026246663393336565
telephone:0.028158015015718123
it:0.0021563234574841004
should:0.010332151837946413
application:0.02320985979759075
have:0.003215412661305993
systems:0.018870547926305728
ve:0.011478828295770028
networks:0.03184891137993399
bank:0.029947773820984718
able:0.016587831610758927
strength:0.03269628618477774
strongly:0.08805567301787176
has:0.013393389608635863
johnson:0.029039960558539822
wiretapping:0.15678446515413355
be:0.003638121114072147
found:0.01682088368086162
writes:0.004158882962374606
get:0.008266502989252342
soon:0.02262260149081428
of:0.001222896764564394
future:0.02204092027872862
congress:0.027463124846474982
what:0.0057889440440039705
ingres.com:0.07485886923786675
least:0.015142530708845801
settled:0.03670293847351297
find:0.013310985771530757
who:0.008132408014049361
up:0.008449436291524432
now:0.01038939872879399
president:0.023682126787245274
in:0.004469929607408565
shock:0.03717782874085979
initiative:0.14003608260389883
our:0.014023744798618827
moving:0.02667284013610901
douglas:0.028367179932425556
and:0.0024012416005710054
still:0.025681875248170408
for:0.006138657790793848
subject:0.00016790538925797672
table:0.028489902034460668
i:0.003601862400856508
6:0.036960372736593645
fell:0.03148942450043746
any:0.006435768970369857
the:0.002370292484242305
sky:0.02931645819011917
start:0.017720516275990646
proposed:0.02775946398469555
protected:0.02956878519508411
fbi:0.023992590454656196
just:0.0073860915941250695
newsgroup:0.024177131072794653
about:0.0061950703164897584
bush:0.058775049150728065
is:0.0033795298979957724
clinton:0.06915389223529117
guess:0.01884375637066449
savings:0.03919611628853339
words:0.020804145481178458
accounts:0.03134143395068781
article:0.005096433209538371
already:0.0182753856685368
before:0.013372290988821664
past:0.02077682042077587
garrett:0.12092666411388465
while:0.013649952867160519
s:0.01951057486968611
