tv:0.01932990334822277
another:0.011313802706064177
at:0.008989438902596235
out:0.006011107648369693
agate.berkeley.edu:0.02996330861718832
own:0.01156372773238773
your:0.0064282256233737884
much:0.017828539485305422
such:0.019622624525181615
possibility:0.021637661130823122
to:0.0028126513471241443
recall:0.01995334293404603
us:0.01050957339890304
day:0.012976035896749347
t:0.013144250280614498
next:0.013665204202801914
that:0.005309764675017502
view:0.01737422833053383
nt:0.01092977375085365
its:0.010550125285888622
me:0.005528513675533391
anything:0.011843067093466345
re:0.0019078597080518904
started:0.03346168240805005
mormons:0.027094392394733553
this:0.002678481828425607
anecdotal:0.030686015336897642
these:0.01690444870509125
game:0.015163311775053506
on:0.005173559441217244
you:0.011342836518545342
largely:0.02667336676367231
suggest:0.01873163165872509
united:0.02000776521876131
seeing:0.02045045747682871
why:0.01816043449136741
more:0.006486831764391458
a:0.0028500084200946837
want:0.019312224160328382
kuo:0.09498236085910175
was:0.004517658847456049
standard:0.015530839492154268
let:0.011760906850779717
evidence:0.03283375545421507
are:0.003280160110210334
literally:0.02667336676367231
no:0.005743600694808723
reasonable:0.01907299576584718
reason:0.027267468612331914
it:0.00349852479326502
not:0.0030760714723263513
have:0.01043368598260516
ve:0.009311906627690991
states:0.017616631303345322
whose:0.01909582372704576
publicly:0.026426843410249826
writes:0.006747575418546554
if:0.0034191347947112715
of:0.0049602190195341496
seen:0.013226861686848739
but:0.006788604308677655
nature:0.01945109766459066
least:0.024567983497004918
isaac:0.06332157390606782
fire:0.036704016704484387
please:0.009772527331149259
they:0.004759794002590529
who:0.00659720854200943
now:0.008428134683052266
in:0.0054391745477905245
government:0.04119818783596374
u.s:0.03599737143876222
massacre:0.05247571466049608
and:0.0019479459922999481
for:0.0016599431781228263
subject:0.00013620896373478723
jews:0.01885016380920095
i:0.0009739729961499741
suggestion:0.02361308492302065
we:0.006876244416908009
cameras:0.02900110877123143
don:0.04549597285440759
any:0.00522085339943269
contradictory:0.02916309192589766
the:0.004614814346871753
do:0.014659549365438706
thing:0.011550675689413042
around:0.012077522618130793
got:0.011286499089951907
would:0.014275249685271062
claim:0.03331876576326516
crying:0.030686015336897642
mr:0.03445873141105524
fbi:0.05839013085138267
an:0.004581112951845595
just:0.00599177838503003
newsgroup:0.019613080819256886
people:0.015359930000746095
disclaimers:0.02786262126452628
is:0.005483114834503345
clinton:0.018699776981992
right:0.00989731425403214
carry:0.019859478826190335
life:0.014236629353513825
their:0.007722875605008744
whatsoever:0.026524028078467654
agents:0.023238945774624986
article:0.008268702860373478
full:0.01576358410164925
give:0.012057327915081666
before:0.01084792993480941
citizens:0.041707736621776736
by:0.005053242218454929
clue:0.02587967233701718
kennedy:0.029503354040686804
especially:0.015945386262741536
hatred:0.026623099945085518
s:0.00949647368657171
james:0.017650988610392996
