wilson:0.04664551531403192
mark:0.028071252002730748
search:0.03987991868574501
take:0.019866814302202836
much:0.016328942706167582
ca:0.019220080337311412
previous:0.03245980766068043
from:0.007911890228319398
atf:0.08316771693773216
ground:0.03623321180745178
to:0.005152146392862918
lies:0.042153099151922085
everyone:0.02857488558423461
threat:0.043152838586989074
day:0.023769187250120297
honest:0.04382998886003041
that:0.0032420993031259514
considering:0.037433364068739185
lance:0.055619440228134635
cleveland.freenet.edu:0.04002260534117295
nt:0.006673631324508771
re:0.0034947710540015934
batf:0.04261585676432752
wait:0.03431214771130951
ti:0.035408047254688435
illegal:0.03840896379087184
these:0.015482579187840585
raid:0.049431995429163475
more:0.011882420802062858
a:0.005220576171388392
how:0.012293112123636676
no-knock:0.05850076134640115
was:0.016550675403764217
operation:0.04024080500469623
broward:0.057060100787267885
are:0.006008517585058182
no:0.031562964565864764
place:0.025415211376789024
texas:0.037085697866065435
have:0.004778043113529465
convex.com:0.050254133494078965
mitchell:0.05036217856324789
writes:0.012360044691917052
were:0.014498161658619616
of:0.0036344034685184792
investigation:0.04650061637444346
authority:0.11859735409718587
waco:0.03630538046253506
now:0.015438452316619104
one:0.009189821567996472
in:0.0049816738848922565
lying:0.04580801850384793
ncratl.atlantaga.ncr.com:0.05751608362997286
use:0.015539995586423813
and:0.0035682001354279424
word:0.028681088936106713
for:0.009121930735852542
subject:0.0002495042700188626
i:0.0017841000677139712
warrant:0.04399347631281094
drug:0.04002260534117295
will:0.010591638737413872
the:0.005635536523282639
just:0.010975594051083046
people:0.014067973271711377
about:0.00920575869459693
lab:0.040277672091528154
entire:0.03485437591297945
is:0.005021918259638577
clinton:0.03425379708850871
yesterday:0.04108750496125909
guess:0.02800146974706218
dead:0.032068057334683514
article:0.015146408977880391
reno:0.04832029502858996
citizens:0.038199609242374956
says:0.02393482938717353
todd:0.04756551599452961
s:0.005798469914542227
