at:0.004977203460194525
objective:0.025189860676451663
situation:0.01991035191398078
ammunition:0.03339703259772151
defense:0.022170658464677324
ultimately:0.030444932803771328
whom:0.023775767227976176
with:0.006608218946774546
further:0.020044262153002184
compound:0.024194456336189298
gerald:0.028610039036211884
themselves:0.01828502947075038
investigate:0.03194037096324637
to:0.0031145743730866234
line:0.01595369349607903
q:0.02398123414419581
w:0.017482151723329682
janet:0.02870579925267388
then:0.00901627316257516
t:0.08733129000001498
that:0.0019599131380478915
its:0.011682624610362543
re:0.002112658207786274
effort:0.022951168851574593
batf:0.02576212810046918
had:0.01733794899075859
this:0.005932004953349368
federal:0.04464922249373177
on:0.005728913279539999
edt:0.032768639179019676
children:0.01893998230518941
february:0.029054350489992185
bill:0.017488778958710267
a:0.001577970763668243
dealing:0.02662825812202237
was:0.005002605277408958
failed:0.023939538622740314
bring:0.021431451679599298
operation:0.024326362347471733
question:0.012333254708175732
irrational:0.03160793875972697
enforce:0.03177171015449111
are:0.003632267692662291
innocent:0.02503646525799996
reasonable:0.021120379492124565
have:0.0028884215432070782
made:0.013138867524960459
probably:0.013487139632933381
session:0.02722723096991388
against:0.014594806735355065
placed:0.025733521874725978
without:0.0126961044339124
which:0.007298826737387106
writes:0.003735945711963629
were:0.026293276228344053
end:0.015278154816810786
of:0.006591206290364022
trying:0.015233492785697153
bureau:0.06354342030898222
duty:0.028423254503664494
advantage:0.024086839415450905
secretary:0.02885255341314428
loss:0.024044360136275613
investigation:0.02811054210206469
they:0.010541464683703318
waco:0.02194732039260594
david:0.014104210391776803
president:0.06382132473172879
in:0.005019200618488431
golchowy:0.030853524112130798
office:0.020625637926814468
and:0.007549666388235958
davidian:0.029425827199386426
for:0.0018381291689947682
subject:0.00015083026492665705
branch:0.02576212810046918
house:0.03884601067220555
20:0.017767414397771863
the:0.008091134005532206
risk:0.024238083715250935
essentially:0.025428057347775267
law:0.016987802967480033
because:0.019940364959260045
olchowy:0.030645535563414886
moral:0.02267884059271653
p.m:0.03552402452560237
individual:0.02181743610885058
an:0.0050728708393318455
koresh:0.023074568523411026
decisions:0.02811054210206469
insane:0.032768639179019676
immediate:0.027116809523173933
remarks:0.06337846212343247
efforts:0.027416202348826538
press:0.040535032325058375
clinton:0.062121293024922586
white:0.03840643102622138
life:0.015764855103326047
alchemy.chem.utoronto.ca:0.030577873467105755
1993:0.017116699452034673
every:0.013740952129589808
agents:0.025733521874725978
article:0.004578151866195486
affair:0.03339703259772151
killed:0.020637203371005004
release:0.022450867171679427
reno:0.05842114766168505
meet:0.024238083715250935
april:0.01922120825925487
answer:0.017154073684343824
by:0.011191361297369109
dangerous:0.02375562561122761
four:0.019819469779790815
s:0.007010579444700772
