since:0.040016432468073626
report:0.0759145644694951
read:0.04534006123795844
much:0.03494393739119863
o:0.07001957967599763
from:0.016931445088603513
to:0.0027563983201816617
most:0.037131909279340757
reliable:0.09278187430888474
he:0.031802664150404704
federal:0.07902912381390524
am:0.03268672713402731
taxes:0.19046784150146281
a:0.0027930082516927903
how:0.026307259944582488
income:0.33741556184069554
seeking:0.10578447021840985
ve:0.03650267398054868
gordon:0.08973028255698041
references:0.08258735194023327
his:0.07377716166021027
heard:0.05405294718839749
anybody:0.060791902898253904
of:0.007777623422629546
in:0.007107188075779619
and:0.0038179741449078986
gets:0.06674632684785609
subject:0.000533939137840366
i:0.007635948289815797
pay:0.06665684123995766
any:0.020465745325776146
the:0.001507506019978106
interest:0.07305569993335771
7:0.12766114115725224
pays:0.11635497423571767
tax:0.08862908701331985
press:0.07174700721535332
figure:0.07384995268149507
does:0.024369776286750505
percent:0.0946222522832898
somewhere:0.07759042117805173
igc.apc.org:0.10599611240502059
