some:0.011559771040924299
ask:0.028857055290657102
media:0.03912332862074516
scenario:0.05597470950984759
compound:0.04240018585649016
atf:0.04405418669473932
my:0.01881612398673864
to:0.0013645536238523078
slightly:0.04286803620154506
think:0.01425493096562926
cleveland.freenet.edu:0.08480037171298031
like:0.023062159673439074
nt:0.007070084670519193
suppose:0.03815979193694227
re:0.003702381215625451
so:0.010116936607771486
charles:0.04075497678152312
had:0.015192163224575596
this:0.005197845924469495
muscle:0.05597470950984759
he:0.015743893143764707
these:0.016402336367316264
you:0.005502960291175464
children:0.03319185017840124
concerned:0.039861279629285436
inside:0.03716886660469492
terrorists:0.05119080760454581
burns:0.04576974829151196
welfare:0.05852747296828423
more:0.01258830718634382
a:0.00414803205696949
richard:0.07398173296591641
was:0.008766941921795897
said:0.02169806761052903
question:0.021613723597496085
responsible:0.03872133876309923
are:0.00636545922377451
those:0.018375402517698616
51:0.04784618919232452
being:0.019265385444803447
yourself:0.034715590805689034
his:0.018261673678269866
be:0.005727339179578924
sort:0.031063973343178515
were:0.03071887717766929
of:0.005775462937596197
seems:0.023331555340406714
well:0.01666205851636975
they:0.009236827965423204
up:0.013301587825271135
waco:0.038462135737537144
one:0.009735751562134876
in:0.003518409938504762
force:0.03538617939420566
use:0.01646316364106285
and:0.0037801724207008895
for:0.006442551740833149
subject:0.0002643263058615673
we:0.013343999066474951
judging:0.05643530372405446
the:0.005224030762300368
do:0.007112058603034621
would:0.009234154911924516
reasoning:0.04745786529971778
fbi:0.03777051368604292
just:0.011627609539266198
about:0.009752635448731402
different:0.02502194948525988
interested:0.02848590312292
clinton:0.07257735224693926
days:0.02948764974802151
does:0.01206424568651015
their:0.014986966520611029
show:0.02980266009638448
very:0.01725982665132126
reno:0.05119080760454581
before:0.021051428388343014
assault:0.04714550532214426
by:0.019612583659745865
seem:0.027323886682136016
s:0.006142933473821964
