some:0.007162802914928553
out:0.007228080362456809
there:0.005630545923786181
depression:0.03912493558111231
with:0.0035878980171137873
ca:0.012616862552713626
service:0.022347185450787378
from:0.010387389624910131
my:0.011659070691169341
to:0.003382083828443757
amendment:0.0280374284905355
important:0.019278339220694617
us:0.03791183532855821
t:0.03161071233129377
bunch:0.02488468111137623
that:0.0063847477073830095
nt:0.0043808500105671075
need:0.011786515285259118
re:0.0022941135139765063
description:0.026840737799913507
so:0.00626877667107313
generation:0.02846069764076219
on:0.0031104835904250915
you:0.006819619501947508
1989:0.029025230761745336
suggest:0.02252392518472465
them:0.017986002104690074
more:0.007800116722826539
a:0.0034270039898071044
render:0.033738006016364105
was:0.016296830688982557
advantages:0.033658844023505774
services:0.024519396487504962
immediately:0.025906132127631182
washington:0.023553456045487694
promised:0.06556184947473336
military:0.047507221628595955
cbnews.cb.att.com:0.07379704301879679
todays:0.045142292961552345
march:0.026587190588300957
forces:0.027024669285876303
square:0.03111911520279367
early:0.021489209195050804
not:0.007397668816883005
should:0.0100786020995919
larry:0.05576420903034351
second:0.01686929924326544
decided:0.022893454374345732
call:0.016300344159501275
armed:0.027241859022384993
be:0.00709768413665609
which:0.01585143966279163
neal:0.03663741958044872
writes:0.008113648969540643
september:0.03335203162734221
were:0.009517198144001836
of:0.007157322168064
even:0.010301591704086047
what:0.005646884067463995
saying:0.01850647349057938
they:0.011446866558377223
who:0.007932839719226063
up:0.016484176323342144
now:0.02026888831752447
called:0.01645554905433579
in:0.005450297604125475
government:0.04953892525060671
force:0.021926405636900438
douglas:0.027671052817519408
and:0.004684630852647728
for:0.005988015881817313
seriously:0.02378499179998369
subject:0.0001637850116074742
i:0.001171157713161932
employer:0.02773061609437193
we:0.008268367519717608
pay:0.04089376763187587
actually:0.014995792190804201
the:0.003699401276019892
jr:0.028666358328115833
would:0.011443553939930995
because:0.010826517171131988
did:0.010085343824803469
liberal:0.03007029435528668
forget:0.023553456045487694
fight:0.026132540452388553
just:0.014409675625348294
army:0.027381613797426832
about:0.006043044051054427
e:0.01908521285922593
is:0.003296596648965201
dc:0.05493404156440713
their:0.009286402567985975
protect:0.025333543539948856
wanted:0.018681963126049708
position:0.021121735933817252
article:0.004971367363905528
era:0.030965091146774797
demanding:0.03663741958044872
opinions:0.017519080708711915
aware:0.025134338723809078
by:0.006076291256547031
included:0.022961849389576496
john:0.03290157545499197
dangerous:0.025795986093173538
s:0.0038063575512639163
