optilink.com:0.04305812692447668
taken:0.014451233770871316
since:0.017551066871962114
report:0.049943792414141513
practices:0.02239869278125674
out:0.00516744341701956
say:0.008322565676612033
activity:0.01957545196921304
50:0.015136768811966801
percentage:0.019761238257981206
media:0.017330948204803777
decades:0.023634882045033
gay:0.038990681587748065
much:0.007663144164736541
c:0.011342533751881403
times:0.012326649743390468
from:0.0074260724072822415
wisdom:0.021313569214090774
themselves:0.028389914178270328
to:0.0018134199474879353
russ:0.02466488025151283
look:0.010399861071385573
most:0.008142962561258937
engaged:0.04706810164949848
published:0.03596576504132939
enough:0.010667318100602613
been:0.0064352648562343824
male:0.04215919122901231
that:0.012172092120507957
wednesday:0.02297337814268834
re:0.0016400899244656602
behavior:0.018633285188242078
had:0.00672986177930761
this:0.0023025545542606097
clayton:0.021108168776879814
cal:0.02353405082474924
on:0.006671168753148551
american:0.01415366323415884
kinsey:0.08433043681626166
santa:0.02310697115797215
more:0.01115279847211163
a:0.0006125018095817522
low:0.014893835701665876
was:0.0038836014653569543
bring:0.016637574330215243
said:0.019223726567223088
part:0.010742202247426653
therefore:0.015056690879626604
homosexuality:0.06306900520094073
course:0.010728735964473768
figures:0.020697966768060412
are:0.0028197867614088838
exclusively:0.049201700858980464
cramer:0.04305812692447668
it:0.004511255654473315
not:0.002644342142877039
sex:0.05691641455337269
clip:0.025757931969161887
have:0.0022423272506476
being:0.008534227762829596
interesting:0.014333441061058827
has:0.004670063481958557
shows:0.033896619628244834
regarding:0.03471049448307787
be:0.0025371107769187337
considered:0.03020037681765098
writes:0.00580054728962774
thorough:0.026192541191285706
of:0.004264047929073216
sexual:0.03907042695354852
ryan:0.019495340793874032
institute:0.01707218355233906
what:0.012111080302587252
conventional:0.023387021473702554
years:0.009779716767457865
released:0.018972138184457563
significantly:0.02143540940754286
anderson:0.021283630770799547
they:0.016367010956276205
up:0.005892370045405195
in:0.005455078566936111
point:0.019311718958421584
yes:0.01169669241449074
or:0.0029575063934345848
men:0.04620524411351765
and:0.0033491001271121917
subject:0.0001170919161930627
p:0.014763719472067324
examination:0.025675948929634904
mention:0.016555591290688256
survey:0.04434744438367533
stupid:0.016937220137134
ago:0.02509794495933898
alan:0.019301239877189645
actually:0.021441351992114777
than:0.012549134054556677
the:0.0049589013815069275
do:0.0031505171881863886
see:0.007760463865838492
magnus.acs.ohio-state.edu:0.020181374506409607
would:0.008181137246529614
did:0.007210136155451602
liberal:0.021497622718911088
maybe:0.011613653869922472
may:0.008162392664209784
lower:0.01741659040809481
10:0.012677069113579667
people:0.006602075175759286
about:0.004320246404920489
different:0.011084284640400208
newspaper:0.021624761038530615
15:0.014657064613950192
is:0.003535166143298209
homosexual:0.08478008962148731
argument:0.015433076491840884
new:0.015122803200732867
figure:0.016195165061731374
study:0.06500654997254032
2:0.01709131186048604
1993:0.013287964048290074
1:0.017180034139690426
bias:0.02348449137188111
every:0.010667318100602613
percent:0.10375246960887037
article:0.007108183160671938
difference:0.014066464240501694
april:0.014921727464421544
smart:0.021755695087432726
realize:0.01716452306636464
by:0.0043440152404261665
apply:0.01754191221705997
four:0.01538616732904813
s:0.002721211758140431
conservative:0.02310697115797215
