optilink.com:0.07165878057504148
some:0.008522166971776306
report:0.02770604542682303
hide:0.07274872990013666
out:0.017199665680006714
say:0.027701386485657568
all:0.006963998763841541
involvement:0.0812618143577369
percentage:0.09866194867488429
true:0.037712128352669294
faith:0.027335957082881696
gay:0.09733440221175066
achieved:0.039419336832340994
to:0.0040239391535498705
young:0.0548037303222509
most:0.013551791707788597
that:0.002532150550616619
nt:0.005212252202353566
hot:0.06107471805491112
re:0.008188478163025632
clayton:0.03512892321991677
child:0.028944267304681706
recently:0.02415555886560357
on:0.0037007943448123352
you:0.00405692692999067
came:0.02203450169691932
3:0.01709099229662496
a:0.0020386921545202845
as:0.005840249344649769
politicians:0.0407329965363483
also:0.01082844621663917
evidence:0.023486919959949466
homosexuality:0.03498718536694523
are:0.004692783807308215
no:0.01643424432383226
brian:0.027270638794005684
lie:0.06656783465376707
exclusively:0.04094156129871367
likely:0.024134370838903123
cramer:0.07165878057504148
not:0.004400802982306313
ones:0.0247637224845026
have:0.003731756300347831
university:0.017155767164953675
between:0.016955225153623396
absolute:0.033902214388724136
personal:0.02448098884084464
which:0.009429871040273851
boston:0.06087265891021226
scared:0.041490637366141316
writes:0.00482673278115009
dept:0.02995114956453868
if:0.00489160890338255
of:0.0028385486943903453
gives:0.05308794855176796
but:0.004856081914236571
they:0.020428896887030885
one:0.007177451881573886
in:0.005187728522466875
1-2:0.043006253167442374
star:0.06701937189013728
5:0.018969875086990384
or:0.0049219814430882134
astronomy:0.03598865340718964
men:0.02563210622355724
and:0.001393421220769306
still:0.014902986001675526
subject:0.00019486829848188537
i:0.001393421220769306
any:0.007469250118896403
the:0.0033011080729447575
homosexuals:0.07124460981403102
7:0.023295828678330698
lower:0.028985274547778227
salvation:0.03830642738968207
10:0.04219520814446955
about:0.014379798252874037
ma:0.029278962957938075
is:0.005883342194686071
number:0.01826470692261137
limit:0.032411846866049296
new:0.012583938429806912
9:0.025991486537408952
keep:0.019338792584860737
presumably:0.03598865340718964
study:0.02704652079149488
2:0.01422196753354313
their:0.011048785537092803
bu.edu:0.03868471255657686
1:0.014295794831567215
article:0.005914838542456942
shown:0.03014136932125302
thus:0.024316460385958433
going:0.031792929694155946
by:0.0072294560205632555
doubt:0.025401987583799763
