take:0.02084067774838925
stand:0.03860527994574963
your:0.012352276688051594
with:0.005733601733230856
decision:0.08244599476837818
previous:0.03405097470287065
from:0.016599455969219128
to:0.006755878235739366
w:0.030336675049307392
janet:0.04981300458552232
day:0.024934343487871293
enough:0.023844593401347022
make:0.017255691013232387
she:0.06500279382153887
that:0.010203077218661082
quite:0.02604117041283727
cleveland.freenet.edu:0.08396899551971579
86:0.046867699700922215
12:0.03483710619227486
yup:0.057036752076332194
re:0.0036660833605702994
batf:0.044704869350814164
illegal:0.04029175613356164
you:0.005449009700085508
children:0.032866439882534564
a:0.004107365076018809
was:0.03472396604319159
rejected:0.051450789729278856
operation:0.04221339348531859
broward:0.1197143291026993
balls:0.050507377649920485
are:0.006303052760796329
it:0.006722655485097489
disagree:0.08330174554743518
has:0.010438965430260305
willing:0.035057841705683046
writes:0.006482964617819238
showing:0.04209827762378248
of:0.0019062802506444965
ignore:0.04412515833878649
fact:0.023512422829694502
waco:0.038085055975404424
one:0.009640303017408064
tim:0.03997950293859009
president:0.11074876938741171
in:0.001741957861710691
or:0.006610896644147895
and:0.007486223813544899
subject:0.0002617348714903755
offer:0.06892477683905565
i:0.0018715559533862248
warrant:0.04615001926932128
the:0.007389735392049539
responsibility:0.042527145750869313
did:0.016116774935715346
people:0.014757579804638406
entire:0.036562923751850995
is:0.0026340453616731756
clinton:0.03593290478892581
ignorance:0.047311966330452045
smith:0.03860527994574963
article:0.00794444000310393
killed:0.035811617614391035
reno:0.10137787388351228
supported:0.042851271851466255
by:0.009710151713893785
says:0.025108105337525177
aside:0.04426690425226913
