all:0.018347458281659446
cut:0.07040414415008464
with:0.01124668032287591
into:0.034438536595815125
to:0.0026503830001746746
building:0.07308591478535868
matthew:0.08242831424656721
t:0.04954371259616235
enough:0.04677208705648839
that:0.020013728390450587
tanks:0.09539035538335888
hot:0.08045419589925792
re:0.007191163514964819
cs:0.09837908815016716
off:0.041989566306852896
burning:0.09121603797493913
dry:0.09942829938575244
them:0.028189599452543096
a:0.005371169714793828
as:0.0153868107734042
idea:0.15994478626504363
gas:0.0763109552244039
place:0.052296684948392805
be:0.011124254944951372
writes:0.01271658444264543
get:0.025276422601752353
sense:0.12639700178319194
fire:0.06917295455845136
waco:0.07470530210560099
over:0.03857578370229534
and:0.003671128985488364
subject:0.000513403017154198
cause:0.060644252564270515
eng.umd.edu:0.11257916069147614
the:0.007247625096048586
electricity:0.10901371408894991
would:0.035871140234783695
can:0.016626269085340643
makes:0.10742222624046055
does:0.023432477198798565
