22:0.03822336330507112
health:0.15289345322028447
where:0.01694914493792442
4:0.0227914633410888
insurance:0.12221347763253451
times:0.025784184784339696
gerald:0.04645850375605049
56:0.04922718888112685
to:0.0037932086974976995
covers:0.04933203930152706
most:0.017032985907954476
areas:0.03776378582508106
us:0.018897948497110056
that:0.006365222485036272
population:0.03620134435673663
re:0.003430646814478629
off:0.020031719706021564
97:0.05498121835606399
these:0.015198495166045345
you:0.005099073297327724
american:0.029605827682460697
includes:0.034566553866351823
a:0.0012811964457306378
desire.wright.edu:0.1103570459822374
as:0.00734049688272494
private:0.09769764560572161
services:0.036666620435443206
waste:0.03925302747888385
cover:0.036001894938054
figures:0.04329482956988784
spending:0.0899350088057198
care:0.08713808095249258
not:0.005531284482348302
only:0.012234277415314557
42:0.08929113137799007
money:0.028442383181001195
real:0.02346416379814906
edition:0.0447090559903214
writes:0.0060666274405280956
of:0.017838585831719142
industry:0.041787462126848605
in:0.0032601780164126697
government:0.024693715033177042
1990:0.03918299422333274
golchowy:0.05010159420043258
system:0.020506626873784635
total:0.13434919250658356
41:0.0459341146382528
and:0.003502728573309999
for:0.0029848519533217798
subject:0.0002449262100185165
20:0.02885167292115248
source:0.057234274526602284
milk:0.056931323328391265
the:0.005532132183405894
supplies:0.05081683770015471
olchowy:0.04976385132774711
page:0.038575648928323734
simple:0.030267784926204046
people:0.01380984532177172
58:0.05094166019607929
many:0.01700184428970728
is:0.004929772970470898
figure:0.03387612508325462
boomer:0.05669301611368245
trouble:0.03499836589257188
alchemy.chem.utoronto.ca:0.04965397801539192
article:0.0074342466084091835
going:0.01997996040412553
understand:0.027487681311336273
demon:0.0524400552062013
