believe:0.027854767696542826
out:0.015104834603595638
activity:0.1144411038200147
stephen:0.05220075999219253
percentage:0.05776361952332968
gay:0.17095914234628
own:0.029057572250615324
such:0.024654066711125622
from:0.010853490441412508
romulus.rutgers.edu:0.07922485585117163
my:0.012182234119619247
male:0.061617279488556456
that:0.004447495197877908
re:0.00958821801995309
this:0.013461088163369718
cal:0.06879184087234393
on:0.00650011314409346
you:0.007125628069342587
theodore:0.1393943885963277
santa:0.06754345415407244
a:0.0071615596197251025
low:0.08707165487127744
test:0.04584486992281629
as:0.010257873848936134
following:0.03509377273127899
median:0.08098384458852399
are:0.008242453610272121
sex:0.05545701930841442
only:0.01709661843934983
herein:0.07458652194597286
university:0.03013256540511094
b:0.03924241469890053
writes:0.00847772296176362
rutgers:0.06836206276928439
please:0.02455660713981096
title:0.053861452969011785
in:0.002277944896083211
seriously:0.04970453414611976
subject:0.00034226867810279864
p:0.04315548768758141
survey:0.06481549563767933
contradictory:0.14656323121733184
the:0.0028990500384194345
do:0.009209204088544828
views:0.051924189668421654
would:0.011957046744927898
major:0.042005486829715284
note:0.03797037306254484
expressed:0.052689219559272915
15:0.042843727333085176
hold:0.04448436683261564
new:0.022102558524148035
study:0.047504786518394855
define:0.05480456280461456
1993:0.03884174106423253
remus.rutgers.edu:0.1669460485216879
kaldis:0.38281406356494496
words:0.042408450403940694
article:0.010388883080982065
april:0.043617357203693745
