another:0.02132216663835172
out:0.02265725190539346
british:0.042871205189730234
tank:0.04460667034080997
such:0.018490550033344218
service:0.03502491565844561
knocked:0.05263127451975012
to:0.003975574500262012
london:0.04885506218964689
building:0.03654295739267934
hole:0.04487452567256927
that:0.016678106992042155
through:0.022783300904084876
anything:0.022319626445378882
started:0.031531200730662554
anyone:0.01608571874655184
on:0.004875084858070096
burning:0.045608018987469565
inside:0.03609668776032872
a:0.005371169714793828
how:0.012647721127203118
as:0.0076934053867021
listen:0.041066792022531426
also:0.014264395496918908
died:0.0390019521264839
are:0.006181840207704092
those:0.01784534282968808
it:0.006593373648845615
made:0.0223613418453654
spread:0.044820354348355275
interesting:0.0314233130953982
states:0.03320057437938157
lamp:0.05783133659646095
has:0.01023821609506299
heard:0.025986993840575717
were:0.029832755720621138
attempts:0.04434607486217737
making:0.02956353068146542
of:0.009348105075275897
reporting:0.05352340657216325
seen:0.024927547025214932
but:0.006396954060100099
fire:0.06917295455845136
waco:0.07470530210560099
david:0.024004281147543213
over:0.01928789185114767
in:0.003416917344124817
government:0.025880912871310554
u.s:0.10176180002880861
massacre:0.049448269583929005
or:0.00648376401637582
world:0.02424279508396805
and:0.001835564492744182
subject:0.000256701508577099
similar:0.030430368152564436
20:0.030238772580823272
information:0.02345020465849774
eyes:0.04155422581402679
the:0.005798100076838869
when:0.012573792719651308
country:0.03241109719250127
put:0.023917877880257492
reports:0.038021369655655314
quickly:0.04081421580310248
people:0.014473780193010745
about:0.009471309426171842
is:0.007750171929538382
too:0.018774210267927853
wall:0.0431395589216252
by:0.009523418027088136
sometimes:0.03369717619536394
news:0.08852528412009862
