optilink.com:0.02348625104971455
since:0.019146618405776854
read:0.0108469046023824
at:0.004215143600260435
out:0.0056372110003849755
say:0.009079162556304036
there:0.004391287012330849
entirely:0.019885765771201974
all:0.004564917849982255
percentage:0.021557714463252227
case:0.011825890465582562
gay:0.021267644502408038
with:0.0027982171138255852
ca:0.009839945435848426
someone:0.010542861792646028
romulus.rutgers.edu:0.059134342166424755
post:0.012356831600149188
my:0.0045464797192837384
to:0.002637701741800633
obviously:0.017616713305387353
everyone:0.014629247643603365
besides:0.019378405713573632
then:0.007635791147252646
most:0.00888323188500975
animal:0.024229554590476092
speak:0.01715518093128418
consent:0.02460583749630917
male:0.04599184497710434
that:0.008299153718528154
like:0.011144871421135629
really:0.009336821737755626
nt:0.0034166437881456386
believed:0.0209130609035864
me:0.005184634834471505
re:0.001789189008507993
clayton:0.04605418642228323
off:0.020894329645515314
he:0.015216585717896988
two:0.008922437476810102
these:0.007926487909564319
on:0.00727763863979842
you:0.0026593253081757025
tell:0.011531220352260538
am:0.007819791180389309
theodore:0.05202278617470602
8o:0.0316948544385303
why:0.008515419043799074
a:0.003340918961355012
y:0.020398902280070862
uunet:0.018071733552235816
nor:0.01652889472237035
price:0.014976766515999822
was:0.004236656144025768
related:0.018440856390579758
straight:0.019122782906523007
are:0.0030761310124460548
cramer:0.1644037573480019
learned:0.02172150954288018
not:0.005769473766277176
sex:0.02069687801940825
have:0.0024461751825246548
probably:0.011422123038417265
only:0.006380556163967878
ve:0.017465394249066356
males:0.028990003677525224
herein:0.02783611823820997
between:0.022228381301879478
addressed:0.025728192745772486
be:0.0027677572111840733
virtually:0.02384348324478163
writes:0.009491804655754483
get:0.006288870695172834
were:0.007422503815656933
of:0.005582026379877664
what:0.004404029200940819
but:0.00954951993660876
never:0.01054516378402804
lynn:0.02857368129958441
groups:0.017606629657829626
now:0.007903896640565762
in:0.0034005684573108225
or:0.006452741222039093
men:0.016801906950370055
and:0.0018267818875157408
gets:0.015968020776999062
for:0.001556693123981215
subject:0.00012773663584697749
i:0.008220518493820834
any:0.0048961113219560155
than:0.006844982211576369
the:0.0028851789856040306
do:0.0034369278416578786
when:0.012513631031997473
relations:0.02305846833337204
views:0.019378405713573632
can:0.008273358779308262
hate:0.019263106423721667
homosexuals:0.046701012174747605
pair:0.02443493757955281
xx:0.030665613387731515
mr:0.04847304801363752
an:0.012888490027201964
thought:0.012844911029625419
pyramid:0.025673509990635533
mutual:0.02460583749630917
just:0.005619084035721942
here:0.008614358400111943
people:0.0072022638281010395
expressed:0.01966391926135544
about:0.004712996078095079
e:0.014884639694037449
different:0.012091946880436591
is:0.007713089767196093
homosexual:0.06936552787212598
new:0.008248801745854292
else:0.012088766628411754
addresses:0.02305846833337204
study:0.01772905908342009
does:0.011660180041507418
nothing:0.01222419139474119
kaldis:0.08572104389875324
article:0.0116315724447359
very:0.008340873166427978
practiced:0.0270499792368163
opinions:0.013663206485741828
majority:0.019726261368007758
by:0.009477851433657092
mine:0.015623153324401846
optilink:0.02637496202026173
s:0.0029685946452441066
