effective:0.020814254812394555
confused:0.024909613960952457
out:0.006073077830311649
vehicles:0.025767594412693
say:0.009781159661172904
there:0.004730819513284265
andrew:0.038819156280123696
roughly:0.0261029737598428
help:0.011031405773411324
50:0.01778960458313624
inevitable:0.029063957645000343
text:0.0186420810991421
with:0.003014574107162615
much:0.009006169430721295
compound:0.02207432356446137
from:0.008727549014744079
violent:0.024875363740753137
to:0.0035520596909557494
sound:0.01778960458313624
within:0.016682733073828955
h:0.018212278991208846
might:0.010964356370507453
enough:0.012536848076996888
make:0.018145159622161892
that:0.003576336344685328
think:0.007421381585198738
quite:0.013691749392316502
r:0.015980514261490362
smaller:0.02315073334559261
re:0.0019275283648359305
exactly:0.0331585840543506
so:0.005267064934973815
had:0.007909322091145027
he:0.008196562925362038
path:0.02286561150031399
saints:0.0303703952780392
two:0.009612316663161398
big:0.028616294369768633
on:0.002613447552779845
you:0.008594829733124565
used:0.02035529390038006
m:0.01411149187748528
why:0.009173827732752611
a:0.004319084925298129
how:0.013560443270403344
other:0.007109834988824283
uunet:0.019469032538233427
was:0.009128465300014285
as:0.004124299794933084
definitely:0.021937380124333935
stuff:0.01506915748800836
are:0.0066279523876415
no:0.005802813073105721
those:0.009566575537564743
crap:0.025048937014498437
not:0.0031077835493606436
3000:0.02705144614632187
deleted:0.01811020359277493
dscomsa.desy.de:0.058600178548055264
have:0.005270624877810854
being:0.01002991716456262
ve:0.009407905665089868
tom:0.058696828198063225
19:0.02111802686588082
has:0.005488528215910057
suffered:0.02721006294357318
diameter:0.031350001478492116
hallam-baker:0.02998839542157672
be:0.002981759057409646
guns:0.020798752126497882
writes:0.013634276103454893
get:0.006775123583974857
down:0.012187451427593598
were:0.015992817499714422
phill:0.029547559476019183
of:0.003006813178851629
trying:0.013898599087981422
aircraft:0.05797518244685491
what:0.009489093845326094
but:0.010287884880160983
phil:0.04568509639861848
they:0.0048088640438543485
who:0.006665221001205404
waco:0.020024101595315726
sounds:0.018364456513200195
in:0.005495248512200737
gun:0.037742427791797956
firing:0.028214703866257792
and:0.0019680279097463393
subject:0.00013761317985576442
i:0.0039360558194926785
impossible:0.021217797190380593
will:0.0058417801283674456
shoot:0.024027406454788392
mile:0.027373716027668953
the:0.0034967923143822046
wrong:0.02725177378175114
see:0.009120545161913279
thank:0.0187138881792243
got:0.011402854750673062
rounds:0.030676701569125806
would:0.004807472402599876
fan:0.020616267966441615
because:0.009096506695332546
reasoning:0.02470744533645101
maybe:0.013649036506919196
hallam:0.029063957645000343
needs:0.01726467300345024
fbi:0.0196640303210842
peaceful:0.02971939669389337
just:0.006053549296215907
note:0.015266438654012874
about:0.005077402991349853
paul:0.016881559232520913
is:0.00276982089578004
right:0.009999348421599483
think.com:0.031231498807230782
type:0.01670367273366854
2:0.010043348206677365
survivors:0.024204154256224637
meters:0.030175857504931746
article:0.016707894439517545
vms.ocom.okstate.edu:0.06270000295698423
april:0.017536875576742845
give:0.012181630264721684
somewhere:0.019997531231456634
clue:0.02614647308275963
tx:0.024418324374332227
range:0.04123253593288323
revolution:0.05463717134279412
s:0.003198125159051641
