optilink.com:0.05707705196965514
at:0.010243779214586407
all:0.0110938119842592
work:0.023547354232445392
my:0.011049003038724433
to:0.0032051143257926296
consent:0.05979790740382112
that:0.004033774714354382
considering:0.04657406924831503
me:0.012599868376797031
re:0.004348145381141518
anyone:0.019452497088853386
this:0.012208893915614395
clayton:0.11192238328206042
he:0.018489921017677154
why:0.020694448606441936
a:0.0016238420067981338
uunet:0.043918515260666105
was:0.01029605969885332
part:0.028479326888526477
cramer:0.22830820787862055
not:0.007010581495069359
between:0.027010067977283784
jokes:0.0721571423580773
be:0.006726293687645015
writes:0.007689097569971655
making:0.03575124640549306
of:0.004521874082924155
america:0.045787657610075146
what:0.010702815151123618
seems:0.02740101266722184
they:0.01084790261055516
who:0.030070997075205774
waco:0.04517064778478199
in:0.004132086090569546
government:0.03129784812344532
or:0.007840830903524248
and:0.004439504819660347
for:0.003783126312931093
subject:0.0003104297313025383
boss:0.06684599814301083
the:0.0043822849417968195
relations:0.056037440484590195
got:0.025722718856169464
conference:0.10135589462861345
did:0.01911524469119727
fbi:0.04435839398012017
pyramid:0.06239259986096309
mutual:0.05979790740382112
just:0.013655680970533558
people:0.03500635209472366
e:0.03617313600062589
press:0.08342675257599223
is:0.0031241003126821383
number:0.029096102888346024
clinton:0.08523619275512634
1:0.022773533627031495
notice:0.04695308643726214
wanted:0.03540883708774538
article:0.009422475352518616
very:0.020270261532365667
opinions:0.033204769250233045
killed:0.04247424414730099
reno:0.06011943683789682
before:0.024723189153751678
by:0.011516691567641466
mine:0.03796789586976728
optilink:0.06409729142133375
