at:0.004078541724326069
there:0.004248976785079386
tank:0.06443185715894774
small:0.013836786575305607
true:0.011959633297027067
tower:0.07637909695371317
saw:0.015728613810812288
where:0.00855304073256371
cnn:0.07220429865805084
with:0.0027075341518034597
from:0.011757947978196882
to:0.0019141655001261538
building:0.017594757263141903
near:0.01668877674759965
then:0.007388334952665755
front:0.016282180228545988
that:0.009636239595402133
appears:0.018056949200899685
nt:0.003305919220937215
location:0.021253828585529645
need:0.008894453664339056
re:0.001731206031380419
started:0.03036337848137875
had:0.007103742989269144
this:0.004860948503439064
shot:0.018410334933276554
merely:0.01889374546176322
two:0.02589985323129599
big:0.025701671795069974
on:0.007041789239434582
you:0.012865717347424116
pulled:0.023179715257266458
tell:0.011157523396400243
burning:0.02195941654952238
a:0.0051722375031347965
richard:0.017296655161012864
was:0.008198714204642459
as:0.007408464446453874
red:0.01672508775436366
also:0.006868042276294288
video:0.016183848115115845
third:0.03382208330248042
are:0.00595288316297431
no:0.005211785815659767
flag:0.02564368198757807
it:0.004761880968610722
not:0.005582500079407082
should:0.007605611769599442
dscomsa.desy.de:0.026315820922043334
have:0.004733801973589378
ve:0.01689938610210587
halcyon.com:0.029382374264141444
left:0.013538912886576673
barely:0.026538085825683896
site:0.018081315728882438
apollo.hp.com:0.027647682368579358
shows:0.01788988258157366
switches:0.024841498092790862
sites:0.021087191536233785
attacking:0.0245361371307918
network:0.0170068966205073
heard:0.01251225629361053
hallam-baker:0.026934021813823532
be:0.002678061375636441
which:0.0179429490627433
towers:0.028050512817605424
writes:0.009184199875243921
were:0.007181959710519903
if:0.003102548239645413
end:0.012519599085997727
phill:0.05307617165136779
of:0.0027005636884130367
seen:0.024004304542799563
what:0.004261306032391811
saying:0.013965533235946476
fact:0.011103088558466848
fire:0.033305496639254355
visible:0.02195941654952238
waco:0.017984609766163197
now:0.007647751842028908
good:0.007500045608145829
clear:0.015267364547160246
one:0.01365709594132809
tim:0.018879209721000875
in:0.00575813848732145
point:0.010192296116944725
pictures:0.021528442368661214
clearly:0.03365287385578152
yes:0.012346508659740225
or:0.0031218123041809502
and:0.003535161245285091
subject:0.00012359702264823285
i:0.0017675806226425455
tape:0.07684015303182098
we:0.012479110238092313
back:0.009751651481794155
flames:0.02070584432589523
the:0.007328154263782459
see:0.016383201494547927
can:0.0040026203353597835
did:0.007610699275198913
hallam:0.02610373973671327
come:0.011116637381802815
places:0.01766121241801081
note:0.01371152360591897
long:0.0110199594680953
film:0.024023796538719947
different:0.011700078231533554
is:0.004975419016493776
picture:0.01893762853562685
either:0.011590568088487768
right:0.017961792535095365
sides:0.021087191536233785
survivors:0.021738916322720275
slow:0.019011704190008524
show:0.013935503100624224
article:0.007503082225153713
little:0.021716099091652445
three:0.01351151854848367
by:0.004585349420449843
motion:0.02368385455466987
