optilink.com:0.02610971526271458
believe:0.011556765320906066
at:0.014057952326400494
there:0.0048818031147720604
all:0.005074828886416442
wounds:0.06267932642488941
with:0.003110783919093337
from:0.004503043906543487
my:0.005054331177288837
to:0.0029323386384911294
lies:0.023991391538593955
sound:0.01835735792089591
consent:0.02735436189749264
next:0.014246702253984975
class:0.021107285487601074
been:0.00780447014479489
that:0.01107142421599394
weapons:0.021274233965370603
like:0.006194888635684432
nt:0.00759658033747275
reform:0.028852445716619334
its:0.010999066787415798
anything:0.012347027395315976
had:0.02448524179280003
this:0.005584919557142755
clayton:0.051198537033282955
suicide:0.0275014445109528
shot:0.021152299710573065
medical:0.021399029107280167
machine:0.017302124225129504
them:0.015594246505662136
dying:0.02707186282667377
why:0.00946660946890429
a:0.002971285374141266
uunet:0.020090384640517475
was:0.00941979929895091
as:0.017023705536532305
quotes:0.05169674234907124
evidence:0.017115468268686578
cover:0.020873439086424927
are:0.0034197413914958804
no:0.0119760184700267
cramer:0.10443886105085833
action:0.019584537663967855
it:0.0036473981887231058
not:0.0032069681307232176
should:0.00873836245868872
reported:0.021964721260700336
have:0.0027194181550407068
between:0.01235566939386386
recovered:0.03199180322357414
expect:0.018384154697651
be:0.0030769215805184643
which:0.0068717677261570095
claims:0.019980455721323013
found:0.014226172900303178
sort:0.01668862397692037
were:0.016503226568854244
if:0.00356462989235856
of:0.007239809037022184
trying:0.01434217139929998
saying:0.04813651881326232
least:0.012806714801630224
fire:0.019132944877869523
using:0.011725641375770854
beyond:0.020774277645950034
they:0.019849353712930715
beginning:0.02154301486243026
indicating:0.03154828402708982
bodies:0.07618398191969364
over:0.010669897619783817
in:0.0009451047973111196
government:0.057268402949282926
gun:0.019473486679810647
our:0.011860507569044646
lying:0.05214316999906094
system:0.011889480474694281
or:0.0035867630728887516
and:0.0010154186555606114
subject:0.00014200508985116116
i:0.0020308373111212227
license:0.0497693024318885
we:0.007168850562308351
any:0.005443017373876634
the:0.004410256973340204
see:0.009411626390484979
when:0.0069557151215092336
relations:0.02563414830678062
would:0.004960902372895617
can:0.0045987552789240075
tries:0.027451963698919217
did:0.008744207677888114
reports:0.021033098107383786
fbi:0.040583211513726965
koresh:0.021724460790658255
pyramid:0.02854129568107886
mutual:0.02735436189749264
people:0.008006772021665517
about:0.005239447767669529
e:0.01654728561730759
is:0.004287329152510594
number:0.013309919406371053
today:0.04530520636912265
yesterday:0.023384909738588953
else:0.013439107581585409
does:0.006481323480518751
paper:0.06154226165803077
escape:0.02311666051716931
shoulder:0.029391554728642137
iii:0.024589066901291
opinions:0.015189415720851288
three:0.015523872374853578
by:0.005268273802218969
mine:0.017368292791489288
optilink:0.029321101394865434
while:0.023088750062537473
s:0.013200771933106772
