week:0.01706850893270091
at:0.004361212932942728
batf/fbi:0.028459187328212534
bs:0.02806293630012572
story:0.0177973144951119
actions:0.019575358634594812
your:0.006237288228620112
with:0.00868555510083486
from:0.00419095175460483
atf:0.02202709334736966
ground:0.019192839917808617
to:0.0047759376834830775
stop:0.016455213438518006
reporters:0.02907330935133124
100:0.0167253074199558
she:0.016411596459893478
that:0.008586748154318733
civilians:0.02486543978671285
lance:0.02946178269510102
feds:0.02459357960059347
like:0.0057655399183597685
nt:0.0035350423352595965
television:0.025881088542969177
re:0.0018511906078127255
so:0.005058468303885743
political:0.01784542464099765
this:0.01039569184893899
off:0.010809195286912626
bomb:0.02628960846221672
burned:0.02409092405990326
on:0.007529834038207276
dont:0.02409092405990326
tell:0.023861634194281712
them:0.007256728571941787
state:0.013156996965052556
size:0.017826124440920136
burn:0.024125183677945704
a:0.002074016028484745
richard:0.018495433241479103
same:0.009614323517468378
want:0.009369296869862286
was:0.008766941921795897
said:0.010849033805264516
operation:0.02131567393813117
whole:0.014811462747659852
cover:0.03885353018067214
responsible:0.03872133876309923
neighborhood:0.02907330935133124
pat:0.02006505065160287
are:0.003182729611887255
no:0.005572998693972821
taking:0.016866089277978245
reason:0.013228771901032317
place:0.013462512957012007
police:0.01819595995857768
it:0.003394608215247247
gloves:0.03046644033864899
texas:0.01964440431519308
have:0.005061887258887652
being:0.009632692722401724
calling:0.020361389205680487
area:0.015883500221085877
completely:0.017806899193264704
real:0.012661355712862612
site:0.019334476224943595
has:0.005271160761814609
convex.com:0.026619763781517078
be:0.005727339179578924
kid:0.025069192620839127
writes:0.003273576193156249
get:0.006506801857876843
down:0.011704780083926525
cops:0.02409092405990326
of:0.004812885781330165
republicans:0.029774549534811574
what:0.004556644074240748
but:0.0032934812982693576
saying:0.014933441480021976
fact:0.011872609547667522
please:0.009482254242105222
investigation:0.09852605845674159
they:0.004618413982711602
up:0.013301587825271135
waco:0.038462135737537144
paranoia:0.028377359100731296
in:0.004398012423130953
pictures:0.023020512631835757
dropped:0.02459357960059347
men:0.017384151250630406
and:0.008505387946577
for:0.004831913805624861
subject:0.00013216315293078365
i:0.0009450431051752224
valid:0.021257546126860462
rangers:0.02310371618785744
decide:0.020265878300063263
impossible:0.02037748839076156
will:0.00561042249952121
cost:0.01644063170470733
the:0.007836046143450551
managed:0.02342134957507173
thing:0.011207586312499785
judge:0.021596343956331893
arrested:0.02880073619695982
would:0.004617077455962258
can:0.00856005933106647
fbi:0.05665577052906438
an:0.008890080579819175
people:0.01490369445616948
many:0.00917426251276284
company:0.0166640001961948
handled:0.026081135762463615
entire:0.018462466448954464
is:0.005320250037438889
move:0.017509035225608996
involved:0.017826124440920136
their:0.0074934832603055146
dead:0.016986545221837308
show:0.01490133004819224
terms:0.01905514344165576
already:0.01438508079850174
release:0.019672294501917122
going:0.021562531525244382
s:0.003071466736910982
