mode:0.028157244459398757
at:0.00647768391510611
bbs:0.02975766655702692
there:0.006748374893949614
hours:0.028795399827578103
take:0.015630508311291938
graphics:0.025873098824556778
where:0.013584241163483541
download:0.04227026353160979
mechanical:0.03889134934500362
to:0.0030401452060827153
colors:0.03352865201311062
256:0.035935833418527734
that:0.0025507693046652705
memory:0.024864942839465554
like:0.008563522525799068
nt:0.0052505775861944005
australia:0.03411098320179586
re:0.0027495625204277245
so:0.007513313216065589
anyone:0.01230084374736317
this:0.0038601649880251397
1024x768:0.04062950212488766
these:0.012181146861021636
you:0.016347029100256524
2mb:0.04562878119701946
am:0.024034358186784788
support:0.040278769257845674
card:0.06752003705546122
8:0.0434189894466745
modem:0.031348313062755956
more:0.009348669307505338
a:0.0020536825380094046
how:0.009671786744331796
hurts:0.04318241536006552
driver:0.027057247047694057
416:0.04438557288787289
video:0.051407517542132686
far:0.018304250530304423
are:0.01418186871179174
daniel:0.0629202940470344
it:0.0075629874207346764
ftp:0.05578480804836876
have:0.003759195684909212
calling:0.030242651614319545
university:0.017281912511754805
site:0.05743476760939127
has:0.007829224072695228
anybody:0.02234996430082864
writes:0.004862223463364429
of:0.004289130563950118
cheers:0.03201590203209078
even:0.012346760645338423
department:0.02550055575509512
looking:0.019072686363284148
but:0.0048917883989000755
distance:0.03469953252292481
ph:0.040341114528172364
version:0.022944636821070473
latest:0.030634901472446702
using:0.04862692452893208
windows:0.04040010560916914
they:0.006859703121380468
wong:0.09014012258554008
good:0.011911837142349259
in:0.0026129367925660364
and:0.0028073339300793373
still:0.015012566781099612
for:0.011961355254120367
subject:0.0001963011536177816
i:0.0028073339300793373
any:0.007524171075652995
will:0.008333127536053562
currently:0.026462746337186004
than:0.010519127075143096
the:0.003325380926422293
do:0.00528174940372424
when:0.00961525325620394
drivers:0.1734839893447282
listening:0.03630754135354856
collection:0.035387224125945575
an:0.006602192195306888
long:0.01750228856697489
btw:0.027586695003259814
south:0.03177676091660872
is:0.005926602063764645
does:0.008959476576011215
61:0.07422514495476899
engineering:0.028431981567816907
accelerator:0.03896915897243404
e-mail:0.020218351298913723
