another:0.04479808748259755
some:0.01179330176902378
manager:0.03966563979710705
ask:0.029440026104609773
at:0.017797272978877395
know:0.012463385107659616
help:0.021617098182240377
posting:0.03332513693895193
dos:0.03565204400246402
my:0.019196247703642453
to:0.004176361091184336
appreciate:0.03877993268095449
that:0.0070081742512015524
configure:0.05932129786837284
really:0.019711068113039656
through:0.04786794533383489
responses:0.04480735990970621
so:0.010321319165504245
anyone:0.016898128784256478
prefer:0.04148008186910951
this:0.005302852912842617
big:0.02803818741280361
on:0.005121301265043333
you:0.005614131206148706
a:0.004231830684383015
how:0.026572989843012613
nor:0.034894333302781855
swear:0.05894714360897538
as:0.016163922428626635
running:0.030580408206532343
sake:0.050336242405650114
d:0.01840246689269733
it:0.010389558476968848
not:0.006090000086625909
only:0.013470063012821078
atlas:0.06268196204843078
app:0.05503688129139994
love:0.03305270141597423
be:0.005843043001388599
if:0.006769196159226357
of:0.005892138956537535
instance:0.04317935251272663
never:0.022262012432948088
least:0.024319822047540227
well:0.016998665759124697
one:0.009932433411874976
email:0.05543229614076649
in:0.001794744463580712
or:0.006811226845485711
and:0.0019282697701555045
for:0.00657270430125402
subject:0.0002696662312325081
i:0.007713079080622018
will:0.011447528736396814
program:0.028046802347313892
the:0.0007613666767566193
do:0.007255736554611078
thank:0.03667165966433853
would:0.0094207034960038
can:0.008732989822603166
problem:0.021369346384298833
e:0.0628462564859359
deal:0.033296111027883935
time:0.015954646160643574
lee:0.08620507675504478
does:0.012307967821591164
man:0.0585464512887919
life:0.028185650033219295
live:0.06255935906964967
by:0.01000439873552693
mine:0.032982212573737235
john:0.027085640399816625
s:0.006267033139959782
james:0.06989078318458641
