from:0.031354527941858355
re:0.013849648251043352
package:0.28794540985601497
a:0.0051722375031347965
wondering:0.13329383340212209
was:0.032794856818569834
steve:0.11878347580868098
not:0.02233000031762833
ftp:0.1404950721218176
sites:0.16869753228987028
available:0.10003940103015667
windows:0.10174841412679635
in:0.006580729699795943
yes:0.0987720692779218
for:0.01204995788563237
subject:0.0009887761811858628
i:0.007070322490570182
the:0.00837503344432281
actual:0.15045766247143344
is:0.019901676065975104
article:0.03001232890061485
usual:0.15889410435553392
by:0.036682795363598746
