infinite:0.05681617107757282
know:0.013559067314926395
with:0.006426674470214807
former:0.043856021129083066
turn:0.03759866082103863
my:0.010441914959673641
to:0.0045435137145851566
esp:0.058475954126065856
need:0.021112109796672926
so:0.01122868788335077
anyone:0.018383678567487818
off:0.023994037889630226
two:0.02049219156761881
society:0.04083770569677855
m:0.01504191991336343
sure:0.023978505716035204
how:0.02890907686217856
ms:0.09187120708538654
driver:0.08087440875794269
are:0.007064960237376105
manual:0.04318238897673366
play:0.03518591464593892
einstein:0.06179772194884535
it:0.01130292625516391
not:0.013250769419251976
have:0.0056181386060181636
only:0.014654244376585569
carlos:0.1375732189904379
per:0.038866210061241954
mouse:0.09551499290610618
g:0.0776923507914616
things:0.024557427781760986
3.1:0.043093648163485904
but:0.007310804640114399
particular:0.037264301627294584
windows:0.0905672697172583
up:0.014763300773103128
planetary:0.0619605250893414
universe:0.04869730055676916
in:0.0019525241966427526
speed:0.03690621062511847
and:0.00629336397512291
sensitivity:0.05859605380224377
for:0.0035752622298030113
subject:0.00029337315265954173
space:0.033599041291352785
outside:0.03961292063166511
i:0.010488939958538182
games:0.03659198122646952
the:0.004969800065861888
when:0.014370048822458638
stupidity:0.056713946982382565
greater:0.04636354831135928
got:0.04861876531056207
can:0.009500725191623224
come:0.026386743675488007
human:0.03522903704655578
about:0.010824353629910678
is:0.002952446449347955
ad:0.04757880941050605
does:0.026779973941484073
various:0.03917119756434273
documentation:0.09839833818679519
needed:0.03665739219929694
