mode:0.039889429650814906
some:0.012161842449305772
there:0.009560197766428618
send:0.030555699175793986
where:0.01924434164826835
access:0.10476177712557892
enter:0.049345363839796375
your:0.013124293981054818
user:0.03939211962076058
someone:0.022952688694406455
gain:0.04776671906763803
via:0.035606576860579636
to:0.01004936887566231
mail:0.031919953175373494
sometime:0.05425386889886872
me:0.01128738208754734
anything:0.02417959531582712
re:0.003895213570605943
articles:0.04387383979895486
contains:0.04372555734247703
compuserve.com:0.05769828447205065
on:0.010562683859151873
compuserve:0.21742198288486506
m:0.014258486584542417
a:0.007273458988783308
other:0.014367791539915737
as:0.008334522502260609
are:0.0066969935583460986
those:0.019332454732162083
internet:0.08926668572233144
it:0.003571410726458041
discussions:0.04999661755835194
tom:0.039538835661195364
site:0.04068296038998548
follows:0.044729419975268886
which:0.013457211797057476
writes:0.013776299812865881
if:0.00698073353920218
but:0.00693003356510844
please:0.039904486602192805
in:0.001850830228067609
or:0.007024077684407139
message:0.03382624883916376
and:0.001988528200472864
subject:0.0002780933009585239
i:0.003977056400945728
period:0.03948970034996475
eng.umd.edu:0.0609803787078829
howard:0.054666464087358785
ago:0.029803809639215043
than:0.014902096689786053
the:0.003925796927026318
users:0.041132266336001894
can:0.018011791509119027
address:0.03325855577014178
is:0.002798673196777749
number:0.07819577651242994
refresh:0.12485318335022863
receiver:0.11351356766351237
thru:0.05376009557705014
change:0.030958428207400912
e-mail:0.028642664340127775
article:0.008440967503297927
telnet:0.059210597074597505
seem:0.028747005780163933
s:0.006462877925583524
