another:0.008662130196830386
some:0.00912138183697933
out:0.009204508586566093
all:0.003726827463462075
means:0.022145275159677756
chris:0.014987293917653516
thanks:0.007786666581703762
allows:0.0161432554107272
where:0.014433256236201264
access:0.02619044428139473
with:0.0022844819405841692
microsoft:0.016639078491169274
into:0.006995327746024947
o:0.05470279662187315
from:0.0033069228688678734
wrote:0.010060839744893989
mirrors:0.044050060805703645
name:0.010789970725899418
throw:0.016653791314589102
added:0.016342258542036765
located:0.01909091150359286
to:0.0037685133283733656
look:0.009262376266702775
then:0.006233907616311731
archive:0.018955733655243348
appreciate:0.014996927091462867
graphical:0.02324718790785315
direct:0.015600686025680367
centre:0.019557884748318575
that:0.00271019238620685
really:0.007622639621839554
nt:0.005578738685331551
australia:0.0362429196519081
need:0.007504695279286079
re:0.0014607050889772287
managers:0.08764052965505896
zip:0.09502969198167922
this:0.004101425299776711
tools:0.017380753344408872
2.0:0.03663913131268167
these:0.006471234269917745
directory:0.049400147915981206
on:0.005941509670772929
you:0.0021710898023778197
bars:0.021798517677655147
used:0.007712748079440881
3:0.018292702692481403
m:0.010693864938406813
more:0.014899441708836631
sure:0.017047218907493777
stable:0.01962038608170311
a:0.0016365282724762442
ms-windows:0.021481621018231832
other:0.0053879218274684015
running:0.011826017236119929
mac:0.013403445839106
given:0.01088979515305188
also:0.005794910670623306
whole:0.011687169824325352
button:0.018576187762846284
science:0.013209500883466075
are:0.005022745168759574
those:0.007249670524560782
internet:0.01115833571529143
works:0.011621585912307579
it:0.008035674134530593
not:0.004710234441999726
application:0.014415498858659878
deleted:0.04117241598044926
have:0.005991218122824057
due:0.012949775331634697
ve:0.007129428511825915
university:0.00918101602186974
shareware:0.019376165937244772
site:0.015256110146244556
cica:0.06817674271624083
love:0.012782099375708783
sites:0.017792317858697258
free:0.011279327320799748
copyright:0.020053008598471478
be:0.004519228571386495
which:0.010092908847793108
recommended:0.019174322146056022
found:0.03134203717098044
writes:0.002583056214912353
applications:0.015235550888259109
get:0.0051342733409809466
soon:0.014050756394685431
spend:0.016016004744966995
were:0.006059778505751168
of:0.0022786006120985
3.1:0.03063689049122826
but:0.007796287760746996
ok:0.012749410900433328
version:0.02437867662238738
oh:0.01261607884430263
using:0.008611017885331721
well:0.006573702774036503
windows:0.053656390262177764
must:0.009052579794841786
virtual:0.05786514403221801
archie:0.02324718790785315
who:0.01010197557995194
author:0.015796905265861354
email:0.010718354136593519
in:0.0020821840065760604
u.s:0.013780243753901165
or:0.002634029131652677
and:0.0052198865262412675
for:0.007625363974501734
subject:0.00010428498785944647
however:0.009363667594519192
locations:0.045043460614182136
i:0.008202678826950563
any:0.0039972158839406535
information:0.009526645642514707
water:0.016016004744966995
review:0.050644212710845155
research:0.012059888595846786
later:0.01248207823811603
than:0.00558828625866977
the:0.0020610433866888166
clone:0.020915875128081615
do:0.005611858741457005
complicated:0.019405871403593285
here:0.007032816037591391
people:0.01175994640682123
about:0.0038477194543823107
paul:0.02558611321178951
is:0.0041980097951666235
ver:0.023667620189854577
desktop:0.0782315389932743
win:0.013240138295423209
write:0.012711616894482474
applied:0.01729296875123677
2:0.0076109748128726906
1:0.007650483952830893
almost:0.011804659883845969
article:0.0031653628137367227
little:0.009161479304290876
already:0.011350727817567779
three:0.011400343775283097
resort:0.02226549092238086
high:0.010927046193912193
jamie:0.04665546399697767
s:0.004847158444187643
