reference:0.03083994266957318
louray:0.15971660382294736
stored:0.040567160904052414
pixel:0.04062683237490767
there:0.007584950294026012
andrew:0.062238977837553694
true:0.02134942803436237
thanks:0.01647426979269556
where:0.015268238001931916
user:0.031253251930520795
height:0.04434515362018865
c:0.04274541645337124
meaning:0.03261112838747349
look:0.01959643243203232
then:0.013189093799800027
been:0.012125953613400325
width:0.04672269140904634
format:0.06644718193451263
make:0.01454611969710499
bit:0.02252135700872479
like:0.009625116227344407
nt:0.00590147563406974
could:0.012471976490297996
me:0.008955278350450784
anything:0.019183811159664495
re:0.003090417378331988
exactly:0.02658167482042982
michael:0.04966438349873867
file:0.02511145357403644
this:0.008677395675560645
mean:0.04369292655917125
th:0.04808056786599904
map:0.0409942023135096
directory:0.03483867180851567
material:0.034898343279370934
a:0.0034624069235861033
how:0.021741537144283046
ms-windows:0.04544871884849049
other:0.011399239568858768
y:0.0704689351493357
uunet:0.03121481249931641
l:0.02731372379135011
no:0.009303683770103387
manual:0.03247601154448564
it:0.005667031896528462
only:0.011020960646853609
ve:0.015083749578739127
always:0.02195831485949345
holds:0.040567160904052414
seas.gwu.edu:0.1545169212366151
which:0.010676796136508411
writes:0.005464978438161672
if:0.005538433221185201
of:0.003213893976293201
what:0.015213919057795558
but:0.005498208448350498
never:0.018214373808775705
hd:0.03684797801431359
well:0.02781599851493132
windows:0.02270419158201241
find:0.01749129535267265
in:0.0058737091535368754
bitmap:0.08795556736317343
bmp:0.04623640628488987
subject:0.00022063600737205204
i:0.006310701065963469
any:0.008456919556105846
information:0.02015554780565095
the:0.0031146818594588966
wrong:0.021846463279585625
do:0.005936511726499972
colour:0.04371259099934292
would:0.007707848314912199
colours:0.05086133015212477
is:0.006661304798942081
number:0.02067987478014676
right:0.01603201317182066
does:0.02014031098078554
goes:0.026636588396617162
x:0.05033322296770417
guess:0.024761630272195485
reflect:0.039100104249293305
article:0.00669696595302976
give:0.01953087827566948
roberts:0.04600358911987585
by:0.008185417147249307
data:0.0485015805488564
