at:0.02380986520147111
send:0.0792796519155736
where:0.0499312648171287
from:0.02288033120081556
receive:0.11574104787852718
keywords:0.15537177946753872
mail:0.08281933796853665
character:0.12337799306190583
tt:0.3251058922179426
not:0.0162948650966477
japanese:0.27063883759835433
keith:0.10649910997620722
but:0.017980627628389468
in:0.0048021541052565
and:0.005159424520145809
subject:0.000721539375459954
i:0.015478273560437428
the:0.004074340594535422
can:0.07009994533278757
stuart:0.1677166011566121
note:0.08004565132104048
address:0.08629246902523273
obtain:0.12379487063827427
fonts:0.4015744276458875
header:0.14211170064460707
truetype:0.3447224053903409
newsgroups:0.11584519840058095
