say:0.0790643739278143
thanks:0.08305777687150678
archive:0.2021944923225957
months:0.14149143916582582
this:0.02187426826547579
more:0.05297579274253024
anywhere:0.17609705436893588
tom:0.15815534264478145
g:0.14729174837547926
beyond:0.16273184155994191
thomas:0.15350020891787916
or:0.028096310737628555
for:0.013556202621336416
subject:0.0011123732038340957
6:0.12243123468996643
world.std.com:0.19150318043168946
normal:0.15718177810493927
the:0.006281275083242108
last:0.09084010633581241
newsgroup:0.3203469867145291
dates:0.2331085483529864
is:0.011194692787110995
