large:0.02320956682083392
at:0.006829186143057605
mark:0.04656781339987892
corrupted:0.046456998455899026
fast:0.026990681588744476
hung:0.04243141511669776
small:0.023168572870279156
dos:0.1094434839145407
where:0.014321370528943889
sector:0.04133520074421847
with:0.009067091113016238
4:0.019257903133168056
from:0.01312515123147559
my:0.029464008103265157
to:0.0021367428838617534
within:0.025088761366843546
boot:0.03805136797977009
been:0.011373956490088676
that:0.0026891831429029208
reboot:0.047328920808043906
problems:0.021264133611564134
directories:0.04406370014853768
like:0.009028209794640878
generally:0.02997480227304728
had:0.01189463942389252
this:0.008139262610409597
two:0.01445573203607218
directory:0.03267813402194106
on:0.0039303009708472085
machine:0.02521549887073137
am:0.012669274082956322
great:0.01954457898242385
none:0.02808147466993251
working:0.024562317912454317
m:0.02122193352117941
why:0.01379629907096129
a:0.002165122675730845
other:0.010692309983193107
anymore:0.03435235930748831
was:0.013728079598471095
as:0.012404870701039045
running:0.023468685367803888
finished:0.03833535350829551
worked:0.029799719694374803
fine:0.02510974091411287
also:0.01149997776495788
no:0.008726711133197751
improvements:0.04613395429775509
month:0.03080467821230433
not:0.009347441993425812
should:0.01273497784677116
ve:0.02829664649654937
noticed:0.03144343427251415
found:0.020732717095015483
were:0.03607682087144882
of:0.0015072913609747182
3.1:0.030399395216102458
using:0.017088531617402487
windows:0.042592359401914755
commands:0.03751282245407422
transfers:0.046456998455899026
now:0.012805537968048404
errors:0.03328701021415359
5:0.020146301448974287
p.s:0.035153741900153704
and:0.0029596698797735646
for:0.007566252625862186
subject:0.00020695315420169222
twice:0.06992839704272347
until:0.02217957926639259
i:0.01331851445898104
6:0.045555808256731695
research:0.0239328021747037
program:0.02152429017351996
impressed:0.04015241324348036
the:0.0017529139767187279
when:0.010137011184835162
can:0.006702061956881499
returning:0.0446942865008939
did:0.01274349646079818
i/o:0.04000751298757219
about:0.0152715686871608
morning:0.03325690556278617
new:0.013364337712275557
multiple:0.03328701021415359
disk:0.027139371967440942
paper:0.02989649920338446
slow:0.031833551201874734
nice:0.024494104315928356
afford:0.03662873325662231
bad:0.021244969354623132
data:0.022746865296169087
while:0.01682436051068622
