reference:0.05111826113723773
stored:0.06724145848479919
there:0.012572314870919827
andrew:0.103163237237589
formats:0.0690284843532572
thanks:0.02730666636871456
user:0.05180333539168514
height:0.0735036107951072
wrote:0.035281848968395355
look:0.03248175786679329
most:0.025432814574890928
width:0.07744446110266584
format:0.1101384796448771
like:0.015953959774091413
nt:0.009781897968800527
could:0.02067272815515147
me:0.014843680553486912
anything:0.03179782397697813
re:0.005122472640796856
exactly:0.04406003634619189
file:0.041623094280252175
this:0.007191540251663273
mean:0.07242252210492768
multimedia:0.08299877765209276
material:0.05784519913429976
how:0.01801867119491951
other:0.018894629970300145
l:0.0452734325856625
no:0.015421174468253558
manual:0.05383010132716113
it:0.0046966497224653694
try:0.033375200991005376
kelly:0.07969518783268333
has:0.01458595169707604
which:0.017697155239965998
of:0.005327139330568182
kit:0.07069820788214812
what:0.025217591862921402
windows:0.07526595017598633
find:0.02899242106401904
in:0.0024339685191026093
bitmap:0.14578936508142445
bmp:0.07663842685577635
subject:0.000365711738246826
i:0.005230101568366984
info:0.040347883005375305
any:0.014017633784778182
information:0.03340851074635294
the:0.0051626918492400885
would:0.012776022549375014
colours:0.08430439655352187
development:0.053250178535016464
paul:0.04486332179601448
is:0.007360893887415449
does:0.03338325518732946
give:0.03237309960761653
roberts:0.07625252443157503
data:0.08039303077276197
