sells:0.04367668553839996
cable:0.03754476055121086
mark:0.0522369385094294
there:0.00798068683110563
know:0.021458697837535685
thanks:0.017333796912314462
with:0.02034182180137556
work:0.01760932577382873
outputs:0.05157458606167727
my:0.008262732707220012
to:0.005992170261264482
connector:0.04581208194797957
that:0.006033123920599597
like:0.02025459240884649
re:0.003251656545897135
uk:0.03757947377964162
math:0.042437006715314134
recently:0.028776622300762514
set:0.023038387688051488
you:0.004833034690510625
sam:0.1286203178291734
card:0.05323318863503029
a:0.0036430542413384216
uunet:0.03284341141232422
j:0.026557640517642284
as:0.006957514436669725
vga:0.07844141929140284
video:0.06079497726721778
display:0.032053229712482416
are:0.01118106750610827
works:0.025870660813484696
d:0.015842123672843787
not:0.005242695726747521
have:0.004445657505631764
try:0.02118599715081211
quality:0.03342751165716826
highest:0.0410359688966763
rates:0.039874826352115235
writes:0.005750107747978803
get:0.011429338915574978
dept:0.03568093469862434
if:0.011654789908928858
of:0.0016907877005716404
trying:0.023446332374507793
rutgers:0.046367312139166804
but:0.005785071497829654
nec:0.04716747647586465
order:0.024385364009847758
good:0.02817408437146955
in:0.0015450408860390476
use:0.014458952415194331
opposed:0.038931516413036354
and:0.003319977517311216
for:0.002829120547061513
subject:0.0002321474512349417
i:0.006639955034622432
sciences:0.0442566105340406
possible:0.022408448895344192
ms.uky.edu:0.10838578243264015
world.std.com:0.039965881133569976
any:0.026694450424925405
information:0.021207141604206652
the:0.0026217495999619235
do:0.006246242773099971
hello:0.033646006875232795
level:0.03061334923994564
home:0.025472722190098683
bought:0.03185290216407357
just:0.010212074464920748
cards:0.10265262950483743
refresh:0.05211263305053022
connectors:0.09969089631909081
9:0.06192754183695698
type:0.028178369655058228
accelerator:0.04608526626305243
e-mail:0.023910398057845797
usual:0.03730557232695144
mike:0.08335857466846183
