sent:0.016566137604908167
mode:0.06899793236897714
king:0.01890834912107115
go:0.008763208341414986
at:0.003968310866911851
dir:0.05257447943503209
there:0.0041341395746718355
all:0.008595205681498118
sub:0.026900447709969105
delete:0.024119207354904925
enhanced:0.04990121900285462
with:0.005268715106212138
much:0.00787025616918888
into:0.016133368495336815
added:0.018845126967393745
to:0.0012416208649466945
lock:0.022773011980806248
martin:0.020921636807455887
death:0.01511448821638028
been:0.006609190933429906
consistently:0.024379655872422155
cleveland.freenet.edu:0.03858034929284239
really:0.00879007091527444
communication:0.021678659824903593
mainly:0.021678659824903593
me:0.004881030091912364
so:0.009205500877341623
comments:0.01659461718031126
had:0.0069117499355051135
this:0.009459143033719261
bus:0.01822992185475523
consistent:0.020996922757788056
slower:0.044029489593871825
on:0.0022838235371139184
great:0.011356985084381427
etc:0.010460918862424484
working:0.014272698246426158
8:0.01329951028096336
why:0.0160335367581442
board:0.016176560897996146
a:0.0018871677376302637
other:0.01863929713286366
same:0.01749633649124876
load:0.0405044402865186
was:0.007977127334246718
old:0.011927536406947405
worked:0.017316053335920494
ram:0.017521878685735355
standard:0.05484764937769796
driver:0.016575610803992755
question:0.009833270645707678
fine:0.01459079539603856
plus:0.016107656999908425
computer:0.012075238311555474
no:0.005070926739560855
forces:0.019842437358548817
month:0.017900015717960623
it:0.007721969138287656
not:0.005431621698882567
should:0.007400054694745403
have:0.004605861379708584
follow:0.017013478884762546
only:0.006006919992203994
university:0.01058711757476871
mother:0.019187405827654658
command:0.018541678625828086
mouse:0.0587288132057815
has:0.004796281413903383
get:0.011841206984604705
prior:0.020703046533155616
things:0.010066333009640764
of:0.0017517169870787266
arizona:0.025331498636688855
3.1:0.017664513436383863
but:0.0059935425427964885
years:0.010044033436848619
megs:0.02459943138669888
windows:0.09899845698823428
virtual:0.022242457766137855
up:0.012103246579751212
now:0.014882111692596794
newer:0.022143453681819046
one:0.004429328413403705
in:0.00240107705262825
logo:0.025534743840654933
or:0.0060748779973250925
thoughts:0.019342451881197355
use:0.007489997872735802
and:0.004299520433454841
still:0.018393775515581506
for:0.0029310708370457114
subject:0.000120256562576659
each:0.034405532396765075
i:0.007739136780218714
any:0.004609402100400033
than:0.006444149919907482
the:0.0030557554459015664
thing:0.02039578770382844
less:0.012382277281965214
would:0.016804498128006776
can:0.003894441407377087
apps:0.02382533113027249
because:0.007949199544569883
did:0.0074050047001935375
problem:0.019059146775185443
just:0.010580077148341315
about:0.004437009821269692
is:0.006051185290330267
either:0.011277309491501613
win:0.015267907223551088
new:0.015531527611563485
motherboard:0.04067769579938245
gave:0.016720152761431947
time:0.04268945864604631
does:0.01097737670574347
run:0.01205781274048376
first:0.01691490837289226
dead:0.015456225832482594
every:0.03286687198564049
very:0.007852443656682195
replaced:0.038969797351858786
by:0.004461421057734983
seem:0.012431137634665485
sometimes:0.015786064523954278
everything:0.01391739857623087
s:0.0055895160437479125
