24:0.1056658773712056
at:0.02541245228233936
bbs:0.03891387165149675
know:0.011864183900560595
tried:0.029787154356121837
take:0.02043989548399715
where:0.017764007675324635
with:0.005623340161437955
from:0.008140117831059382
work:0.019471850615291383
download:0.05527649846441281
to:0.0013251915000873373
ward:0.10651990979455506
vram:0.052877836352570665
nt:0.0068661399204080625
me:0.010419121926966776
re:0.0035955817574824093
anyone:0.01608571874655184
file:0.029216210408253937
contact:0.03346223364404392
stealth:0.20425003497568373
recently:0.031820303505650856
on:0.004875084858070096
you:0.005344221052006941
purchased:0.04602744804973774
them:0.014094799726271548
card:0.05886362204835081
a:0.00402837728609537
same:0.01867397452431358
video:0.10083782287110643
are:0.006181840207704092
meg:0.04476648650654114
it:0.0032966868244228074
ftp:0.03647468218547188
have:0.0049158712802658934
received:0.03720471914088242
baud:0.05215634418004265
cica:0.055939891459479654
be:0.005562127472475686
writes:0.006358292221322715
but:0.006396954060100099
windows:0.02641545366753367
please:0.01841745535485822
they:0.008970381004882151
in:0.0017084586720624085
and:0.0055066934782325465
for:0.0031283544510776347
doug:0.16621690325610716
i:0.007342257970976728
appreciated:0.032545789607463876
any:0.009839300637392379
information:0.02345020465849774
the:0.005798100076838869
wrong:0.0254175197772102
do:0.006906903066408622
thank:0.034908599103553026
would:0.017935570117391848
can:0.008313134542670322
drivers:0.18905306531156277
problem:0.020341973961976772
is:0.0025833906431794607
right:0.01865263070952211
does:0.011716238599399282
1:0.018831960499276046
almost:0.029057624329467003
diamond:0.14442745660296794
article:0.007791662310736549
2400:0.05352340657216325
while:0.02086867794113964
