know:0.04045492215273121
thanks:0.03267846958878956
where:0.06057235404045121
acquire:0.09508277269977841
to:0.002259342885394805
anyone:0.054849663922668566
charles:0.13495910344045361
card:0.05017882535269249
access.digex.com:0.1466381106358482
board:0.05887207408778925
video:0.11461348173327944
business:0.05928793005300931
ftp:0.06218634339818157
have:0.008381157592584473
only:0.021861249807693224
employee:0.09627554899949034
iq:0.09970328339061427
ati:0.2524706656332147
svga:0.08506786971087721
get:0.021547114349034793
if:0.010986072455137857
of:0.006375101166089792
latest:0.0683007639385697
windows:0.045036183302024614
ed:0.06505196183063938
in:0.002912781998270336
floppy:0.07221346055078423
or:0.011054286191853857
still:0.03347064069228766
for:0.010667175833182755
subject:0.0004376550310166934
i:0.006258974008045736
the:0.0024713213442264033
calgary:0.08892229171679401
can:0.014173212990782186
drivers:0.06446399604066402
an:0.014719641615766176
is:0.008808938586579145
3.0:0.07578269799086407
else:0.041418888939968146
average:0.06359870588364896
does:0.03995045292909919
somehow:0.06970677741000289
fonts:0.0811926438409718
adapter:0.08194939862397446
u:0.12398831093747593
