out:0.009818142492337166
there:0.01529631642628579
knows:0.029116345092843623
your:0.010499435184843855
though:0.020712868346755665
someone:0.018362150955525167
from:0.01410953757383626
wrote:0.021463124789107176
longer:0.11314036694580584
to:0.0011484993000756923
format:0.033500454225316785
that:0.00578174375724128
could:0.012575909627717145
me:0.009029905670037872
need:0.032020033191620605
re:0.006232341712969509
this:0.004374853653095158
93:0.03050846246503668
sender:0.04627200801143869
path:0.03696607192550762
programs:0.02944318436912097
26:0.036636358590456025
apr:0.031060068975316657
something:0.016588844309696024
unix:0.03302139513433611
distribution:0.03704114750836066
you:0.013894974735218047
names:0.03414081009984066
more:0.010595158548506048
a:0.0034912603146159877
richard:0.06226795857964631
uunet:0.03147493593681071
want:0.015771649730934846
mon:0.045003742883589305
standard:0.025367037837185306
mac:0.0285940177900928
let:0.038418962379213745
organization:0.03193194356764059
files:0.027577596371564077
those:0.015465963785729668
it:0.002857128581166433
only:0.011112801985577387
date:0.02981499324819436
buy:0.02505700937703305
larry:0.037873191966441636
references:0.03441139664176386
mitchell:0.04490627588556271
heard:0.022522061328498953
be:0.004820510476145594
which:0.010765769437645982
utility:0.03952694978914029
writes:0.011021039850292706
if:0.005584586831361744
of:0.003240676426095644
vms:0.04894007074140759
seen:0.021603874088519607
lines:0.02944318436912097
yep:0.09447855221042326
windows:0.02289339317852918
called:0.022352120798806115
in:0.004441992547362262
message-id:0.047112047170788394
or:0.016857786442577134
world:0.02101042240610564
use:0.02771299212912247
usenet:0.034034988572031265
for:0.005422481048534567
subject:0.0004449492815336383
i:0.003181645120756582
howard:0.04373317126988703
any:0.00852739388574006
research:0.02572776233780648
zealand:0.04540542706540495
will:0.00944421120752737
than:0.023843354703657685
the:0.0006281275083242108
can:0.007204716603647611
industrial:0.045613771250450096
maybe:0.0441318847057054
documents:0.04043889846451914
10:0.02408643131580137
long:0.03967185408514308
ltd:0.04490627588556271
about:0.008208468169348929
paul:0.027291854092575476
is:0.0022389385574221993
new:0.014366663040696224
type:0.027004270919430803
article:0.013505548005276683
s:0.0051703023404668196
newsgroups:0.035718936173512454
