pc:0.04443789415997178
out:0.047127083963218394
tel:0.05420597439064503
thanks:0.026578488598882174
access:0.08939671648049402
with:0.007797698357193965
to:0.003675197760242216
t:0.06870061480001179
hall:0.061072136181548636
that:0.004625395005793024
v:0.10257728837072033
r:0.041336263556388406
like:0.03105704169356462
sa:0.08634406096712745
programs:0.09421818998118711
hi:0.04201355546685873
etc:0.030964319832776477
them:0.019544788953763215
reader:0.06869003360389186
a:0.007448022004514107
ms:0.0557351989651345
avenue:0.07095082433962657
science:0.045088429682230875
computer:0.03574270540220421
couple:0.04207989059539358
university:0.031337868021315385
cs.cornell.edu:0.1488112140127925
screen:0.1495322868042419
heard:0.03603529812559833
were:0.020684043966297323
of:0.005185082281753031
department:0.04624100776923915
windows:0.07325885817129338
find:0.05643857967129041
now:0.02202552530504326
office:0.04867650550728215
use:0.022170393703297975
and:0.002545316096605266
for:0.008675969677655307
subject:0.00035595942522691063
i:0.010181264386421064
platform:0.06970639847573032
program:0.03702177909845434
the:0.0010050040133187373
ibm:0.05253956092159556
would:0.02487065722945003
beta:0.07281431690462868
ny:0.11203182217554453
about:0.013133549070958287
speech:0.06332466935619029
under:0.03236431236140853
testing:0.06564159302257211
