thanks:0.08305777687150678
ink:0.25539701399236353
pointers:0.2208252341771262
m:0.05703394633816967
a:0.005818767191026646
driver:0.30664879987386595
advance:0.1318125506948604
are:0.026787974233384394
color:0.15394300444180775
looking:0.10807855605861016
in:0.007403320912270436
for:0.027112405242672832
subject:0.0011123732038340957
welcome:0.17431742444839216
i:0.007954112801891455
any:0.0426369694287003
hello:0.16122044961049048
ibm:0.1641861278799861
an:0.03741242244007236
jet:0.21206292547561117
printer:0.18108050738449294
wanted:0.1268816662310876
