report:0.05581953269815816
read:0.01666914016101413
at:0.00647768391510611
thanx:0.035681380998105125
help:0.01573597588266027
all:0.021045613911315247
document:0.06698284370333085
way:0.01273803543784223
ca:0.015121680853620008
from:0.006224795988457174
several:0.020723907147554385
except:0.023708539845616276
my:0.006986869568605157
to:0.005066908676804525
0:0.026949678591694358
hardly:0.032107623901393545
h:0.025979280325694975
day:0.018700757615903472
amongst:0.04082824236303413
make:0.012941768259924291
that:0.0025507693046652705
appears:0.028678684024958323
nt:0.010501155172388801
me:0.01593512765300801
sucks:0.042647420107988845
so:0.007513313216065589
file:0.02234180795925301
this:0.0038601649880251397
th:0.04277756405724914
getting:0.019942658619299163
roll:0.03962318460490827
something:0.014637215567378844
on:0.007456012135871911
you:0.004086757275064131
am:0.024034358186784788
working:0.023298080961077994
answers:0.03081331781067928
a:0.004107365076018809
as:0.011766384709073801
finished:0.0363622103130156
immediately:0.03104926130002855
fine:0.023817327778827647
advance:0.02326103835791654
course:0.017986410293382493
solution:0.028601890207597416
files:0.024333173269027127
are:0.0047272895705972465
it:0.005041991613823117
have:0.015036782739636849
be:0.012760174789797163
if:0.004927576615907421
of:0.0014297101879833724
what:0.006767956639681111
but:0.009783576797800151
please:0.02816787289566551
must:0.03408030040411025
find:0.015562108365245516
one:0.007230227263056047
in:0.003919405188849055
distributed:0.035582015415996864
or:0.004958172483110921
use:0.012226320056965794
and:0.004211000895119006
word:0.022565268501201607
for:0.0023922710508240733
subject:0.0001963011536177816
welcome:0.030761898432069203
i:0.008422001790238012
stupid:0.02839475140637171
any:0.01504834215130599
pretty:0.02116191218323255
will:0.008333127536053562
than:0.010519127075143096
the:0.002216920617614862
when:0.00961525325620394
putting:0.02955922431645599
rock:0.03583299340400759
start:0.02071736829325377
just:0.008635210025484456
bj:0.047874234502542856
is:0.003951068042509763
field:0.02862101360245078
else:0.018577589892191593
time:0.011614043896350835
does:0.008959476576011215
lot:0.018224657266657285
created:0.027927169768272215
1:0.028801821940069243
first:0.013805550216110596
e-mail:0.040436702597827445
by:0.007282613785420338
seem:0.02029200408011572
everything:0.022718106499435686
s:0.004562031476882488
news:0.022565268501201607
