manager:0.024390672918717996
click:0.03520939833928817
24:0.02275207297433826
laser:0.030443838384544893
go:0.012083430135367248
help:0.013292501366719235
dos:0.02192268544250893
where:0.011474886945551314
your:0.007825665976281133
ca:0.025547187529097154
into:0.0222460112171725
from:0.010516425520871746
work:0.01257808983844909
name:0.017156723638697212
to:0.009416267553415614
then:0.00991230030916648
young:0.023317115074994947
that:0.002154687114499856
control:0.01894182776360884
nt:0.00887054101518557
me:0.006730364474562389
re:0.0023226118184979535
file:0.13210808184601777
ti:0.047064112500020655
apr:0.023150361969180116
on:0.0031491231381322355
you:0.01726083818039509
tell:0.014969099711940699
am:0.010151157495039536
a:0.0026021816009560157
how:0.008169956504528722
other:0.008567130359204414
want:0.03526580064059966
as:0.004969653169049804
capture:0.10199352577740395
lucky:0.029575751785941427
perry:0.06045175975280072
output:0.05077463588738038
panel:0.03062388519742224
section:0.02552645419641793
setup:0.027414625922773862
it:0.0021295368306830553
choose:0.024682009250852534
application:0.02292153855786912
pd:0.033842554334463315
try:0.015132855107722935
shareware:0.030809307328786718
be:0.01077878118889698
which:0.01604835195673935
printers:0.035114569319842276
of:0.003623116501224944
3.1:0.0487145587935058
but:0.008264387854042363
print:0.10922641070446516
port:0.02589923686552509
easy:0.02058187306993048
windows:0.05119019592714599
they:0.0057945318292406435
find:0.013145631911014845
good:0.010062172989810552
postscript:0.03124792575868705
in:0.002207201265770068
or:0.008376539847243295
and:0.001185706256182577
for:0.0060624011722746705
subject:0.00016581960802495836
i:0.001185706256182577
any:0.019067464589232433
pretty:0.017875900974656064
will:0.007039163632939654
program:0.017246170387478728
connect:0.05709411590509996
the:0.004213526142795948
when:0.008122201508346185
hello:0.02403286205373771
prompt:0.03613508516637194
can:0.026849875541543892
an:0.005577007071812029
jet:0.031611864667171856
just:0.007294338903514819
foolish:0.036477071360055346
select:0.029423322538015228
printer:0.13496683780210655
1993:0.01881773790689526
iii:0.02871269923877458
luck:0.02560738276964982
by:0.006151773135510348
hp:0.08060212744204333
s:0.011560924488000342
