mode:0.05245733214353741
pc:0.04565537071229977
characters:0.13873909340847954
at:0.01206801386923878
all:0.013069422337620427
text:0.04954196894840503
with:0.01602266785724787
such:0.026342701417367102
drawing:0.12995161574511874
to:0.0018879440549189463
line:0.07736448626865722
that:0.0047521181566366685
could:0.02067272815515147
me:0.014843680553486912
need:0.02631783549996214
font:0.1367416476329155
anyone:0.022916640406046452
contains:0.05750210280654514
set:0.07258670093495674
you:0.007613684786420847
etc:0.03181265736244158
m:0.018750886467343453
a:0.005739058051423541
other:0.018894629970300145
running:0.041472060444475364
character:0.12506810255590453
ie:0.05730983817481385
are:0.008807005227414047
those:0.02542350211352822
d:0.02495677016954843
it:0.0046966497224653694
not:0.008259041213369381
application:0.050552982298862036
only:0.018267619702318993
cm:0.08500704442184448
be:0.007924126810102346
get:0.018005122949193455
if:0.009180142736485057
of:0.002663569665284091
windows:0.03763297508799317
title:0.05755059358332766
one:0.0134700124352825
in:0.004867937038205219
point:0.030158026866576173
and:0.002615050784183492
subject:0.000365711738246826
i:0.005230101568366984
similar:0.04335285325844796
the:0.0030976151095440533
thing:0.031012773083903513
when:0.01791334853210597
regards:0.056566679411118675
wanted:0.04171452040474113
fonts:0.06784590786711342
truetype:0.26208347259128656
grateful:0.07381853570229485
says:0.0350825581428434
included:0.05127097877398587
