prism.gatech.edu:0.05558948929534444
replacement:0.058092066165677685
there:0.021594799660638764
dos:0.04152414536757574
fax:0.03598403929274576
from:0.019919347163062956
work:0.02382438192929769
to:0.004864232329732344
require:0.045641424222383375
russ:0.26463965634564357
that:0.008162461774928865
re:0.008798600065368718
93:0.043070770538875314
programs:0.041566848521111956
apr:0.04384950914162351
these:0.01948983497763462
used:0.023228982451021948
am:0.01922748654942783
28:0.05203018121469114
sharp:0.12652217138509292
a:0.0016429460304075237
are:0.007563663312955595
27:0.1039564796479913
it:0.01210077987317548
not:0.014186117848846233
have:0.00601471309585474
only:0.03137732325339498
date:0.04209175517392145
call:0.06251661407055782
writes:0.007779557541383086
of:0.004575072601546792
but:0.00782686143824012
ph:0.06454578324507577
version:0.03671141891371276
gmt:0.049850568661471
order:0.03299196307214696
using:0.025934359748763774
windows:0.12928033794934124
who:0.015212386755692333
commands:0.056931224665594984
one:0.011568363620889676
in:0.004180698868105659
and:0.00449173428812694
subject:0.000628163691576901
i:0.00449173428812694
we:0.01585581065545847
the:0.002660304741137834
10:0.03400437362230782
people:0.017709095765566087
many:0.02180236503033051
interested:0.03384795547546964
is:0.006321708868015621
ux1.cso.uiuc.edu:0.07397355695331316
does:0.028670325043235887
hear:0.03898448899128009
article:0.009533328003724717
full:0.0363489703990971
