out:0.012668570957854407
there:0.019737182485530053
knows:0.037569477539153066
among:0.03703769320414866
your:0.01354765830302433
though:0.026726281737749245
someone:0.023693098007129248
from:0.009102927466991135
longer:0.10949067768948953
to:0.001481934580742829
format:0.04322639254879586
that:0.00746031452547262
could:0.016226980164796317
me:0.011651491187145643
need:0.02065808593007781
re:0.0040208656212706514
lotus:0.06617441880007631
this:0.011289944911213313
programs:0.03799120563757545
something:0.021404960399607775
unix:0.04260825178624014
you:0.017928999658345865
names:0.044052658193342795
more:0.013671172320652967
a:0.004504852018859339
other:0.014831268686364633
want:0.020350515781851417
standard:0.032731661725400395
mac:0.0368955068259262
let:0.04957285468285645
files:0.035583995318147196
those:0.019956082304167316
it:0.0036866175240857202
only:0.01433909933622889
buy:0.03233162500262329
tom:0.04081428197284683
heard:0.029060724294837362
be:0.006220013517607219
which:0.013891315403414171
utility:0.05100251585695521
notes:0.0503044562214787
things:0.024029311055271504
if:0.01441183698415934
of:0.00418151796915567
vms:0.0631484783760098
gives:0.039102413718237694
seen:0.027875966565831755
yep:0.12190780930377196
windows:0.029539862165844106
called:0.028841446192007892
thomas:0.039612957140097854
or:0.021751982506551137
use:0.03575869952144835
for:0.006996749740044603
subject:0.0002870640526023473
i:0.0061580228143675786
any:0.011003088884825886
will:0.012186078977454672
than:0.030765618972461533
the:0.0008104871075151108
do:0.007723848590392437
can:0.009296408520835629
correctly:0.04686347816161698
maybe:0.05694436736220052
documents:0.05217922382518599
long:0.051189489142120105
about:0.010591571831417974
is:0.002888952977318967
type:0.03484422054120104
u:0.04066283315691415
s:0.006671357858666864
