some:0.008399545864268736
dos:0.0761773889836821
swap:0.03828281888828772
gs:0.044643987358234875
your:0.009064260591232106
lan:0.045032960173128946
such:0.013834656140056106
from:0.006090447873598386
config.sys:0.042115945006883156
line:0.020315134883496323
then:0.011481153595509375
matthew:0.09250947498175889
fails:0.06887560571471546
boot:0.03531385949201685
might:0.01530277076171544
that:0.0024957167297444374
re:0.00269021944444727
file:0.02185961066516841
wed:0.04147887020586557
this:0.011330556223843576
reset:0.04004628980938833
la:0.03135470121604589
apr:0.0268144480362446
on:0.0072950910106372654
you:0.011995661641914861
used:0.014204773441272415
am:0.011757815515837163
28:0.03181701728955933
card:0.022020923356217567
temp:0.04266962156181933
why:0.012803759569453285
a:0.002009358454455245
as:0.0230248679199142
blessed:0.039378795324129585
drive:0.020315134883496323
fine:0.02330328473324144
button:0.03421225947689675
others:0.01939804477027623
computer:0.03857126482252252
are:0.009250523476276626
meg:0.03349434961640488
it:0.0073997574764022725
have:0.0036780619650910278
systems:0.021585734678292164
area:0.023082496724167966
date:0.025739562516426787
university:0.01690892159423492
after:0.013879235163057203
shall:0.028487611611746434
be:0.00416159177796742
writes:0.004757283388615557
get:0.009455927879792247
if:0.009642452082926753
boots:0.041726972191989085
3.1:0.028212388366023147
but:0.00478621023201734
never:0.0158556779198695
gmt:0.030484160692266442
using:0.01585914085356058
well:0.012106963382398165
windows:0.059292241325687084
they:0.013423303949751709
who:0.009302538663552866
up:0.02899554756156226
in:0.005113084946604043
logo:0.0407821088678086
5:0.037393854488024215
use:0.02392488529132875
and:0.00412011598371356
for:0.002340639301525712
known:0.023431142069542145
subject:0.0003841288761441482
retain:0.0425271566172425
i:0.006866859972855932
6:0.04227841197926899
any:0.0073617788941640816
circles:0.04014691025524977
the:0.00271134176255055
when:0.018815459609262387
around:0.01703017577808371
wheels:0.03975260639557354
an:0.006459698838573646
problem:0.015219894187378305
press:0.0258082759767458
is:0.0038657931926714233
cards:0.02830947816080649
run:0.038515603286149565
1993:0.021796084913741996
x:0.021907625824072678
engineering:0.027818341677864025
article:0.005829732951917993
comes:0.021756664296730302
sometimes:0.07563682714355073
