at:0.019151413314226762
06:0.13548222804080018
50:0.07502572367670501
c:0.05621951511802086
programmers:0.12497295304997677
possibility:0.09219525177481157
several:0.06127068200146514
name:0.06004853273544024
to:0.002996085130632241
colors:0.09912818856050097
voice:0.0788368326399167
8:0.06418459309508405
a:0.006071757068897369
same:0.042219420663665484
let:0.05011169005984402
question:0.04745621920319792
it:0.007453378907390695
have:0.022228287528158818
45:0.09805177411425355
beware:0.12608802466709745
university:0.051094350034753336
univ:0.10096963850554798
47:0.1156806918580868
dept:0.08920233674656085
of:0.012680907754287303
windows:0.05972189524833699
who:0.02810984509204018
boxes:0.21436719638195567
in:0.003862602215097619
subject:0.0005803686280873543
i:0.00414997189663902
the:0.004915780499928606
7:0.06938105497676751
about:0.021413395224388513
different:0.05493949778285321
is:0.005840709280231824
time:0.03433717325877638
carry:0.08461864891159361
e-mail:0.059775995144614485
