since:0.009136171796363841
eisa:0.025481372262464462
configuration:0.02165860262418646
out:0.005379804105390227
ideas:0.016424628479632285
there:0.004190771623639942
final:0.017610266654048377
help:0.019544225753806363
all:0.004356474112540142
dos:0.016116677425771404
means:0.012943357170953209
essential:0.02316171588153136
graphics:0.016067312512053525
with:0.008011333928623935
microsoft:0.019450247003375953
continues:0.022615302622371138
achieved:0.024659585141692766
from:0.007731253465115758
several:0.012869640968344276
my:0.004338877905617814
io:0.05643414389398527
to:0.0037758881098378925
then:0.007287124884821018
boot:0.04482763898986613
make:0.008036897184245223
that:0.0047521181566366685
memory:0.015441243041859886
nt:0.016303163281334212
michael:0.02744013882807022
greatly:0.01782159429132695
error:0.034387745745863
this:0.004794360167775516
93:0.016716965734266672
hi:0.014388203927006413
on:0.002315108791046986
rev:0.024200025663246708
took:0.015412793042998535
am:0.007462723089960573
etc:0.01060421912081386
card:0.027953500881408598
os:0.021686530601435026
a:0.0012753462336496757
hard:0.012348097728655293
controller:0.05769710439314612
running:0.013824020148158455
adding:0.021575829178558343
copy:0.015600967785677362
drive:0.025788162089552407
scsi:0.019314941991474713
fine:0.014790669305573333
stuff:0.013348934030473159
plus:0.01632830983552361
486:0.021771354279850254
starts:0.020422202622800773
third:0.0166793835464287
step:0.018993244909508454
cd:0.04075984519616962
march:0.019788639570287925
display:0.01683160464354099
setup:0.08061652554459528
bios:0.022035710345689994
manual:0.035886734218107424
it:0.0046966497224653694
not:0.024777123640108145
a7:0.03228544146247147
able:0.012043220210550999
loading:0.02602724053027169
univ:0.021208234571941584
anybody:0.013879429885446095
be:0.002641375603367449
get:0.006001707649731152
tech:0.020706998653515194
recognize:0.04088698070775507
comp:0.0268164771185795
of:0.007102852440757576
trying:0.01231200101857715
institute:0.017773780136681763
3.1:0.017906493072498707
what:0.008405863954307135
but:0.015189114663251374
hd:0.04071785698385337
seems:0.010760215020004921
latest:0.019024413699784252
windows:0.025088650058662114
up:0.01226904447810397
toshiba:0.027988713862176825
system:0.020412989308150914
and:0.002615050784183492
damned:0.026565062610894443
still:0.009322872521596106
for:0.004456833738521561
subject:0.000121903912748942
until:0.013064683677464127
i:0.002615050784183492
everybody:0.018620590409754285
appreciated:0.015455534790759099
away:0.012643760668144613
cd-rom:0.02352398411092187
socket:0.025170625854952975
any:0.014017633784778182
the:0.003441794566160059
do:0.006559980994579878
when:0.0059711161773686565
automatic:0.021034970044251523
got:0.020202318005758665
would:0.004258674183125004
can:0.0039477899198069105
effect:0.01582818929051327
tries:0.023566069294049374
did:0.007506443120744133
beta:0.04987281979769088
rid:0.021083806980857676
just:0.005362504856008611
cache:0.02215830052850364
spectrum:0.02482365824318164
is:0.0049072625916103
ethernet:0.023827066617519457
cards:0.017968116275580374
itself:0.015356419363444656
disk:0.06394482162191564
does:0.02225550345821964
16:0.015922341286872792
ami:0.02717479499730779
under:0.011083668616920726
explaining:0.025481372262464462
rom:0.02300949478441907
69:0.025110935984782413
release:0.03629044282545441
takes:0.01632830983552361
needed:0.015232067078246671
everything:0.014108047871795676
include:0.015349421339016445
