mode:0.1838104918309551
some:0.009340295001066833
looks:0.027384843794991124
there:0.007342231884617179
help:0.017120741760334377
thanks:0.015947093159329306
switch:0.03401690737608141
enhanced:0.22156141237267452
with:0.004678619014316379
my:0.01520342818128482
to:0.004410237312290659
remember:0.022260992292169858
that:0.011100948013903258
control:0.024397074159528187
like:0.009317112508069386
nt:0.017137885241338524
asking:0.028683462517107152
me:0.017337418886472715
telling:0.034352194541006506
recently:0.026474492516701514
on:0.00405607060191432
set:0.02119531667300737
you:0.004446391915269775
m:0.010950517696928577
a:0.001117203300677116
how:0.02104580795566599
want:0.015140783741697453
running:0.04843936659914723
standard:0.024352356323697893
panel:0.039443564134279845
setup:0.03531003818853274
are:0.005143291052809805
it:0.0027428434379197755
not:0.009646560137215439
should:0.013142497137867836
have:0.004090004905181223
systems:0.024003336962260886
ve:0.014601069592219474
whether:0.022859668679054597
without:0.01797768387841996
be:0.0046276900570997705
which:0.010335138660140143
get:0.010514991802328979
3.1:0.06274435172603547
ingres.com:0.04761024083528325
windows:0.10988828725694007
up:0.010747682962819078
now:0.013215315183025954
david:0.019971561914755954
in:0.0042643128454677715
system:0.0178817786339402
or:0.0053944916616246825
lb:0.049233767587256776
and:0.0015271896579631594
for:0.002602790903296592
subject:0.00021357565513614637
victor:0.05077274272843642
cause:0.025228009066736532
until:0.02288932580291715
i:0.013744706921668433
386:0.11325927415482659
any:0.008186298130310458
program:0.022213067459072602
the:0.0012060048159824848
do:0.011493086702503947
vlb:0.043994359845338796
got:0.017697230573044592
can:0.006916527939501707
did:0.013151288347543724
last:0.017441300416475982
bought:0.029304669990947683
just:0.009395108507727087
about:0.007880129442574973
is:0.0021493810151253113
involved:0.028807017096526943
night:0.026782678772672194
vesa:0.042230017688425575
issues:0.030441835860791164
notice:0.03230372346883635
wanted:0.02436127991636882
icon:0.08974390236678037
little:0.018762709615187712
give:0.018905890170848053
