another:0.012457895114542577
looks:0.01923092963131399
click:0.0318467029922775
help:0.012022992809223578
vertical:0.030339601943992787
your:0.014156541822261377
with:0.006571094121230869
much:0.009815712750336693
microsoft:0.023930360077187268
ca:0.011553643798271467
my:0.016014847101072493
to:0.0046456151463735865
stop:0.018673893902138413
then:0.026896859827682074
h:0.019849337776935486
dirty:0.030018487259498697
think:0.008088472064767163
bit:0.030618923573659546
like:0.0065429160871273775
really:0.010962897433656887
smooth:0.03089491562172668
nt:0.008023354513735264
re:0.002100789341450396
so:0.017221526922217754
anyone:0.009398397469895455
had:0.008620272391472669
this:0.005898679082824932
something:0.011183490545862488
these:0.009306943669095184
on:0.005696728373475167
you:0.003122466232633269
am:0.00918166492528857
8:0.016587029676257675
m:0.007689970292786921
why:0.00999844146153936
more:0.007142803515846775
a:0.004707317278133916
ms:0.023483932148230826
was:0.009949001506757142
course:0.013742425842134939
uniform:0.031272102716320097
computer:0.015060128680704018
it:0.0038523081993255275
have:0.01148877782354276
hint:0.030750857022775347
left:0.01642924260393574
mouse:0.26856884241295587
list:0.016357464027649322
anybody:0.017076377218610647
be:0.00649956468693788
writes:0.0037149572529076537
if:0.0037648899986708387
jump:0.11146738157156542
inch:0.029540072605901465
of:0.0010923628402569588
but:0.011212638577254104
never:0.012381681072257643
again:0.013718365944427068
using:0.02476877054657214
parameter:0.03486243956626206
5:0.014600409477065633
yes:0.014982280171370162
moving:0.02382573922270411
use:0.009341458021052516
better:0.01256301051292923
and:0.005362323237230194
for:0.005483407801888887
subject:0.00014998290388774325
i:0.005362323237230194
horizontal:0.03040608766111078
any:0.011497609733582104
will:0.006366883960130811
the:0.0029641972302940287
do:0.004035493926440993
see:0.009940369446130203
around:0.013298845130076604
can:0.014571336951197417
because:0.009914170218508505
maybe:0.029751832385868808
solutions:0.02644551665994815
problem:0.011885198269919012
here:0.010114611829344922
finally:0.020429912785371377
relatively:0.025048344605235643
about:0.005533798765853211
crazy:0.027496295012038565
stops:0.030473369633283343
is:0.009056380681707771
move:0.03973960804014626
switched:0.030610400268812326
right:0.021796332514497748
sean:0.02878989624284235
time:0.008873651516312997
type:0.018205126462537618
trouble:0.021431583608372665
serial:0.023254595100364227
x:0.034215280781416876
nice:0.01775134526266718
changing:0.024058532424188234
bad:0.015396635094080808
before:0.011944911613610361
sometimes:0.01968823777706657
appear:0.022183694203686415
motion:0.08621987500801166
