know:0.02804261649223413
help:0.048638470910040844
c:0.058774947623385455
to:0.012529083273553008
configure:0.13347292020383889
terminal:0.21700891819549098
me:0.024627015463739653
anyone:0.038020789764577075
samuel:0.12650987007965858
am:0.037144008106849216
inside:0.08531944379714061
modem:0.0968947858303366
a:0.0031738730132872617
how:0.05978922714677838
setup:0.20062521698029964
com:0.1318192985156019
it:0.015584337715453271
have:0.01161933211699211
try:0.05537249255325893
get:0.029872135802070963
but:0.01512007323296387
windows:0.12487305370106826
in:0.0040381750430566014
and:0.004338606982849885
subject:0.0006067490202731432
i:0.01735442793139954
program:0.06310530528145625
the:0.0034261500454047865
when:0.029719873700994
can:0.019649227100857123
new:0.03918180829280789
wanted:0.06920818158059323
