prism.gatech.edu:0.029167324630273318
some:0.007207017747736753
know:0.015233026242695083
help:0.013210448889146895
all:0.005889307596582044
startup:0.03340915804739333
chris:0.023683624956291977
thanks:0.01230485583281582
with:0.0036100455357379463
much:0.010785165861481058
c:0.015963566021166418
ca:0.012694744420322968
from:0.0052257546569763925
download:0.03548614716233908
my:0.005865520131668526
to:0.004253701111391453
compressed:0.03348308515261997
ftp.cica.indiana.edu:0.03661158887094374
terminal:0.029470346915437047
nt:0.017631569178331814
re:0.0023082747085072255
file:0.09378042847093855
brad:0.08852787721285307
two:0.011511045880575995
directory:0.026021477091545654
on:0.0031296841064153698
you:0.010292573877939293
used:0.024376092695516858
m:0.008449473531580692
a:0.0034481583354231977
load:0.02775304241854052
sorry:0.01961368323912731
as:0.009877952595271832
files:0.040855698328243074
it:0.010581957708023825
have:0.006311735964785838
try:0.015039442421872794
ve:0.011266257401403915
between:0.014338678062014849
shareware:0.030619126419349763
algorithm:0.025191660615684296
atlanta:0.029548485167732865
details:0.02354828322401441
love:0.020198873087539804
screen:0.0230759701858398
writes:0.00408186661121952
tech:0.02799279447604832
whatever:0.020400991226872608
of:0.002400501056367144
looking:0.016011637934608913
what:0.017045224129567244
but:0.012320059671303892
fairly:0.0242234972114067
windows:0.016958069021132723
ga:0.06805391434857656
good:0.010000060810861106
called:0.01655712651763416
in:0.0032903648498979715
logo:0.06998411274846167
or:0.012487249216723801
bitmap:0.032847603860938226
bmp:0.13813839902399194
use:0.010264071158934247
and:0.003535161245285091
subject:0.0001647960301976438
i:0.00824870957233188
specifics:0.036251904252894505
program:0.01713971254558071
currently:0.022215638900353683
the:0.004652796357957117
do:0.0221703061390894
start:0.017392358567176
would:0.00575709658089121
can:0.010673654227626091
compression:0.03003930037099048
rle:0.08038143076970158
an:0.005542581102232942
just:0.007249312120159789
is:0.008292365027489626
save:0.022361174274205517
select:0.0292416970902497
compress:0.037687844347146074
created:0.023445031410401364
procedure:0.03120746086258634
index:0.03174456812795442
changing:0.02643468377472534
article:0.005002054816769142
convert:0.05282197524936221
luck:0.025449312505639636
dumb:0.03174456812795442
origin:0.029912889683684673
by:0.006113799227266457
s:0.0038298535855309773
