go:0.015816522372309978
there:0.014923235537839797
help:0.017399127805217865
thanks:0.016206395487123278
with:0.009509388240480445
c:0.042050369031365206
microsoft:0.0346309275913767
such:0.015634286207055276
to:0.003361461366075197
gui:0.04687449559849849
visual:0.041663427083137715
enough:0.01977356525965363
like:0.009468610272428239
finding:0.03624882390025971
anything:0.01887187927088946
package:0.03160376449639189
so:0.008307403230771709
comments:0.059902520553318704
tools:0.036174576066411966
best:0.03959635902376316
productive:0.047901273853167524
borland:0.049076730997973286
these:0.026937170294291754
on:0.012366068908275364
set:0.021539955968503426
you:0.004518690970802617
m:0.022257149790505238
why:0.01446928926954477
a:0.002270738416010399
ms-windows:0.044709715289978455
other:0.011213886079934236
wondering:0.02925962196631949
as:0.006504993172496086
idea:0.022539644676916718
peoples:0.04439897372233457
operation:0.03500622874392274
are:0.010453843603271961
no:0.009152404359207398
d:0.014811741645341754
purchase:0.03546716649739059
application:0.030002989494446578
have:0.008313018099961836
plug:0.0385628778430637
reliability:0.044709715289978455
heard:0.021972742759511176
be:0.004702937049898141
which:0.03150956908579312
summarize:0.0466034677914449
things:0.01816850348081504
if:0.005448377396450483
of:0.006323271075308575
kit:0.08391819797393194
available:0.02195986851881488
what:0.007483269130053913
fairly:0.0319041182784381
they:0.007584712394371901
find:0.03441376809225025
programmer:0.04144852255412832
net:0.026952377926003926
good:0.013170811799670726
in:0.0028891008438128537
or:0.016446620919587446
world:0.020497973079127457
and:0.009312132060750973
subject:0.00021704843001640894
i:0.010864154070876134
toolkits:0.05210661136614543
will:0.00921386459270963
the:0.0012256146503887041
interest:0.029697438997299885
would:0.007582517448003058
may:0.015130288840974237
development:0.06320752899278378
about:0.008008261628633103
interested:0.0233908635399587
is:0.004368660599848194
new:0.014016256625069489
else:0.020541075002748432
type:0.026345630165298346
terms:0.03129381280662166
useful:0.06234613361103152
cbnewsj.cb.att.com:0.045601576405884345
while:0.017645061023402624
s:0.005044197405333483
