some:0.04490526442820593
from:0.032560471324237526
software:0.1082994572492791
format:0.07730874051996181
that:0.0066712427968168625
re:0.007191163514964819
mean:0.0508350395544204
la:0.1676270565011684
possibly:0.07455680121917964
fi:0.23482426093221787
a:0.002685584857396914
was:0.017028098732718953
responded:0.1007294272410181
ie:0.16090839179851585
oj:0.12984726825312917
daniel:0.082280384523045
book:0.059801894436224495
not:0.011594423241845479
have:0.009831742560531787
asked:0.06485194036035444
kit:0.29774822165750847
what:0.01770080967301214
saying:0.05801067651854691
en:0.10901371408894991
ne:0.1102351257374562
bitmap:0.20466583944123048
bmp:0.10758856077830142
and:0.003671128985488364
subject:0.000513403017154198
the:0.005798100076838869
int:0.1040823769938023
development:0.22426517498401166
about:0.037885237704687366
el:0.23391924180105655
does:0.04686495439759713
