mode:0.06838187940139698
at:0.01573151807954341
out:0.010519438384646963
help:0.0573239121439767
all:0.017036925547255197
with:0.01044334601409906
4:0.022180977715881064
work:0.018081004142770567
my:0.016968111809469666
to:0.0036916048931004393
lock:0.09027872606676762
that:0.0030973627270935427
so:0.0091233089052225
reset:0.04970030610272301
on:0.004526864511065088
you:0.004962490976863587
am:0.02918457779823867
card:0.05465907761632574
a:0.0037406360513742723
other:0.012315249891356345
million:0.034942064813670876
ram:0.034730866680654005
driver:0.03285522855791421
fine:0.028921040874290715
modes:0.04435627749392751
setup:0.03940852476398743
bios:0.04308768362237597
are:0.005740280192868085
it:0.006122418388213785
not:0.005383125076571115
have:0.0045647376173897575
try:0.02175347921735172
color:0.03298778666610166
usually:0.029444203055237615
800x600:0.052956048188329344
be:0.005164832653013137
svga:0.04633160761038847
which:0.011534752968906409
14:0.03333797160497024
if:0.005983485890744726
of:0.003472153313673904
monitor:0.03345782000079293
3.1:0.03501358913283229
version:0.027861344711299862
megs:0.048759587212920986
seems:0.02104006329804534
windows:0.12264317774212061
please:0.0171019228295112
up:0.02399036375629258
in:0.0031728518195444726
system:0.019957342225379687
and:0.005113358229787364
for:0.005809801123429892
subject:0.00023836568653587764
i:0.008522263716312274
any:0.009136493449007207
will:0.010118797722350753
the:0.0033649687945939864
would:0.008327228983074786
can:0.007719339218193869
drivers:0.07021970997286617
24x:0.054512774859264854
problem:0.018888975821835574
paul:0.05848254448409031
is:0.0047977254801904266
win:0.030263173246681617
touch:0.04262675178840001
break:0.03503755846649898
run:0.04780061479263205
16:0.06226772753259181
whenever:0.04235030334550745
ami:0.05313642950366434
diamond:0.04470373656758531
full:0.027586272177886187
