know:0.021646932029093013
thanks:0.03497169552484496
with:0.01026012941736048
iastate.edu:0.16863676491604923
to:0.002417893263317247
sound:0.12109415049573441
jeff:0.07395577699702449
nt:0.01252769388986734
could:0.02647559921624662
me:0.01901032772639552
re:0.006560359697862641
error:0.06606066945915787
recently:0.05805809762434542
starting:0.06879863127854767
on:0.008894891670864736
you:0.00975085946331091
a:0.002450007238327009
worked:0.06744147088726929
tate:0.10933653491011944
requires:0.07042376815633027
it:0.006015007539297753
has:0.037360507855668454
be:0.010148443107674935
of:0.0034112383432585726
future:0.06148256709329561
3.1:0.06879863127854767
forgotten:0.09316668262048731
what:0.016148107070116335
version:0.05474509838009797
windows:0.09639323443591233
pro:0.15792161931776216
newer:0.08624292486603206
and:0.0033491001271121917
for:0.005707874787931122
subject:0.0004683676647722508
the:0.005289494806940722
do:0.012602068752745554
when:0.022941656891995364
drivers:0.0689877852365001
correctly:0.076461464368954
road:0.06334477870123702
problem:0.03711518056220323
long:0.08351969281082754
is:0.004713554857730945
time:0.02771070122638094
trouble:0.06692669968930412
past:0.057956393805322165
giving:0.06655029732086097
