basically:0.08349375634569971
manager:0.08355102850879995
true:0.054963421109741416
printing:0.20678696939628496
saw:0.07228469325820117
your:0.02680706855704814
with:0.012443135676373347
microsoft:0.09062987433487944
bunch:0.08630219193945372
that:0.007380949477329294
like:0.02477955454273773
anyone:0.03559393084343385
this:0.02233967822857102
something:0.04235449610986219
you:0.011825510412951528
more:0.027051468634483527
a:0.002971285374141266
j:0.06498146084103963
worth:0.07479071529344336
closely:0.10586310536309468
lets:0.09858753722722578
it:0.014589592754892423
have:0.010877672620162827
of:0.004137033735441248
monitor:0.07972927319337889
print:0.09353963895435581
good:0.034468294709776574
system:0.047557921898777125
or:0.014347052291555007
and:0.00812334924448489
for:0.0069223162321717865
subject:0.0005680203594046446
i:0.004061674622242445
peter:0.07833815065587142
an:0.03820843142815901
is:0.005716438870014126
ad:0.09212067353949044
type:0.06894707468790844
fonts:0.10537768668721871
advanced:0.098356267605164
bad:0.058310660569072
comes:0.06434417738820238
