some:0.005837684375666771
manager:0.019634491699567987
go:0.009727161258970636
fast:0.017408989624740186
emm386:0.03273631768258352
help:0.032101390800626954
take:0.010628745651678517
thanks:0.009966933224580815
ever:0.013217110284149304
graphics:0.03518741440139722
where:0.00923728399116881
with:0.0029241368839477365
funny:0.02250383075278111
c:0.0129304884771448
times:0.014052380707465133
config.sys:0.029270581779783793
several:0.014092256860336983
my:0.02850642783990904
to:0.0034454979002270774
player:0.01943631516528101
most:0.018565954639670378
worse:0.019475327066701936
mail:0.01532157752417928
that:0.005203569381517152
problems:0.013715366179458866
think:0.007198740137642776
memory:0.016908161130836576
appears:0.01950150513697166
really:0.01951395743190926
through:0.011847316470124134
nt:0.007140785517224385
me:0.010835886804045448
this:0.002624912191857095
installing:0.026393761055265984
reply:0.01795598259677572
bc:0.05782657391974614
programs:0.01766591062147258
borland:0.03018218956375357
slower:0.02443636672459886
on:0.0025350441261964497
you:0.0055579898940872185
fix:0.04350038959180484
machine:0.016263996771621735
etc:0.011611619937291177
card:0.015304541732571208
3:0.011707329723188099
seconds:0.023140823224560236
a:0.0013965041258463952
other:0.013793079878319108
crashes:0.029088743558929417
anymore:0.022157271753329964
as:0.008001141602170185
old:0.01323956541171162
running:0.06054920824893403
related:0.01927069492815585
ram:0.01944928534116624
486:0.02383963293643603
computer:0.013403514525826577
fixes:0.029000245673432415
are:0.009643670724018382
causes:0.02133575649687358
it:0.0085713857434993
not:0.009043650128639473
have:0.005112506131476529
ve:0.00912566849513717
completely:0.01798496818519735
after:0.009646068438324757
poor:0.01975728095347631
cure:0.02790210262739859
be:0.005784612571374713
dialog:0.028117963486724632
applications:0.03900301027394332
things:0.011173629640701248
if:0.0033507520988170464
of:0.003888811711314773
boots:0.029000245673432415
seen:0.012962324453111764
but:0.0033264161112520514
windows:0.06868017953558754
please:0.01915415356905255
up:0.006717301851761923
boxes:0.024652227583924904
in:0.0008883985094724524
installed:0.040053699553550925
system:0.011176111646212626
or:0.0033715572885154267
for:0.00162674431456037
subject:0.0001334847844600915
i:0.004772467681134873
faster:0.01950150513697166
limited:0.0194104753144888
any:0.0051164363314440365
driving:0.0209355429585059
actually:0.012221570635505424
will:0.011333053449032845
than:0.014306012822194611
the:0.002638135534961686
do:0.01077476878359745
when:0.01307674442843736
nuts:0.02804496948961887
can:0.004322829962188567
10:0.014451858789480822
problem:0.06346695876136753
note:0.014808445494392489
insane:0.029000245673432415
makes:0.013964889411259871
15:0.01670905365990322
is:0.002686726268906639
3.0:0.02311372288721354
time:0.007897549849518569
somebody:0.018978641117373775
does:0.006092444071687626
2:0.009742047760477044
run:0.053536688567747896
runs:0.018758952602216675
1:0.009792619459623543
slow:0.08213056210083682
easily:0.018494573841976936
before:0.021261942672226444
appear:0.03948697568256182
trident:0.03102757121397324
s:0.009306544212840275
