kills:0.0213273344195593
some:0.008946642721328384
manager:0.030091175018495
at:0.006750689750608667
out:0.004514088502223984
all:0.003655432301326786
dos:0.013523189104382903
tried:0.011869210931174984
knowledge:0.028327748236414832
access:0.012844355816162932
enter:0.018150018883603264
with:0.00896287167493559
4:0.019036547924740833
ca:0.007879496536752188
times:0.021536215643624724
from:0.009730715568162938
copying:0.02183894895068774
6.0:0.020430041747142462
often:0.011905442100684697
my:0.01820333833966094
hayes:0.0426546688391186
to:0.004752410896864934
5.0:0.019434543210940108
brains:0.021546332173735347
physics:0.017569367932924334
then:0.006114484098757866
important:0.012039729091851427
day:0.009744456075719816
consistently:0.020736718788037237
that:0.0053165459836701425
guy:0.012974447306317506
quite:0.010177009126855943
memory:0.012956445310985882
bit:0.010440935624734481
really:0.00747661204287711
nt:0.005471866296723666
need:0.0073609271704874945
re:0.0014327222328665537
norton:0.02030576865996563
sucks:0.022222410477725985
michael:0.01151224215200647
wait:0.014066665919962137
so:0.003914983131742988
barry:0.020146103156515174
file:0.011641708361909612
had:0.005878959715257223
this:0.006034280900820908
off:0.008365737348491763
installing:0.0202251042569088
on:0.0038851250976190796
you:0.002129498043711578
used:0.007564994284815577
etc:0.008897793055395538
8:0.011312227135532054
access.digex.com:0.017135871166258122
m:0.005244500812705256
sure:0.008360321916318787
a:0.003210354312290563
same:0.014881941383361014
load:0.01722602632874929
peoples:0.020923654282939276
copy:0.013090467222464913
drive:0.0540958572568197
motto:0.048868693484454453
solution:0.014903666928096736
college:0.015783583527082957
files:0.03803806396077804
fixes:0.022222410477725985
annoying:0.019955446031767805
no:0.004313202054339118
caused:0.015257908732012134
it:0.0039408670085054245
not:0.002310000032858103
have:0.003917629219522244
ve:0.006992849421561051
against:0.009897627556160332
32:0.016407734756726074
after:0.0073916233243867865
maxtor:0.022359261368921694
quit:0.019275540410531092
access.digex.net:0.019004975018906748
be:0.004432653311398247
found:0.010247205000984664
scratch:0.021603094954521326
writes:0.0025335723793776335
get:0.010071831228284462
tech:0.01737483795065068
if:0.0025676261293617214
of:0.0022349492593763064
3.1:0.060099953760570375
but:0.002548977863028392
finals:0.021380921553562134
windows:0.010525698013116863
up:0.005147357740813734
good:0.006206934296396548
over:0.015371193505895461
one:0.003767474742435335
in:0.000680765141358201
system:0.01712814045396571
speed:0.012867682631746287
or:0.0025835688034600967
66:0.01960043135558886
weeks:0.013948524464877817
message:0.012441838653485523
and:0.005119888700068063
few:0.0087571934900624
for:0.0024930947349584213
subject:0.00010228719115715822
i:0.010239777400136126
suggestion:0.01773243158970133
group:0.04133511011197923
top:0.025912890621971763
similar:0.012125510681481613
any:0.003920640867006924
pretty:0.011026896769806997
will:0.008684332144852754
program:0.010638442269670785
turned:0.0150455875092475
the:0.004331913850511799
when:0.020040987629789054
thank:0.013909939872680131
jr:0.017902744856256248
did:0.006298509744992204
beta:0.020923654282939276
bought:0.014034803635511342
an:0.0034402227531101022
problem:0.04052807072884261
people:0.005767330038594319
head:0.013229347645424073
is:0.003088191113685792
either:0.009592194280127808
win:0.025972991598684606
3.0:0.01771166504767321
disk:0.05365485032643496
2:0.007465170697683558
run:0.030768211820544768
goes:0.012348763203029411
attempting:0.01915292458261472
smith:0.015087120898338935
engineering:0.014815132157942909
article:0.00310472367937395
going:0.008344121394826369
by:0.003794771934165387
mike:0.012242957965355185
says:0.009812363005469608
clue:0.019434543210940108
while:0.0083154885282702
especially:0.011974313055545369
s:0.0023771505013640546
driven:0.018035639714447396
james:0.013255148535007767
