help:0.05219738341565359
thanks:0.04861918646136983
with:0.014264082360720668
most:0.045282816194317996
appreciate:0.09363934964425595
really:0.04759501812660795
could:0.07361508074761255
me:0.05285798440997779
so:0.024922209692315126
this:0.012804449716376074
you:0.013556072912407851
tell:0.058781098868840316
advance:0.0771585662604061
date:0.08726339487276398
kind:0.06720796821861122
anybody:0.07413646694909012
be:0.014108811149694422
if:0.016345132189351446
of:0.00474245330648143
3.1:0.09564687763115164
canon:0.27221563538925453
in:0.00433365126571928
and:0.013968198091126456
for:0.007935338119806684
subject:0.0006511452900492268
i:0.004656066030375486
possible:0.06285296641377029
the:0.0036768439511661124
hello:0.09437294611345784
would:0.022747552344009173
drivers:0.09590984776781722
win:0.08267013179581321
recent:0.0926364655728054
printer:0.10599834578604467
needed:0.08136152902770784
