mode:0.0232083954332014
manager:0.04759876775652846
large:0.018145661332651972
say:0.011500272571318445
all:0.005782229276644189
dos:0.1925210376133057
scenario:0.017131653516650323
fax:0.009268616181464816
own:0.006868153441054531
into:0.00542667849388602
divided:0.017272623260998488
1.0:0.016625429017671035
from:0.002565370467970229
copying:0.034545246521996975
both:0.013610327771565078
my:0.0028794371555463673
via:0.020716553809791788
to:0.0008352722182368671
corruption:0.035259083101732626
5.0:0.015370956903198086
dx:0.01816046303276053
within:0.009807424897947932
80:0.03633328752239372
mhz:0.01431850481849781
t:0.007806888045455885
100:0.010237915451003247
so:0.006192791499302546
anyone:0.005069438635276943
file:0.04603766488573347
phone:0.008901051897604755
supposedly:0.014057859743770416
this:0.006363423495411139
2.0:0.014211541842494709
amount:0.011267930338263116
two:0.011301754137292796
on:0.0015363903795129997
assume:0.01051966228875508
detected:0.017972961809372384
working:0.009601633365777597
8:0.02684082983976242
why:0.005393098727739414
a:0.0021159153421915077
other:0.008359442350496429
same:0.005885131365238219
ms:0.012667090673894203
as:0.0024245883642939952
running:0.03669648984783881
austin:0.015172177259301683
ram:0.011787445661312875
3.5:0.014544470562429655
copy:0.04141347812197991
driver:0.011150865449958762
drive:0.01711396211397569
shell:0.14603696611135628
are:0.0019482163078825016
no:0.00682270143140915
internet:0.008656163463983655
works:0.009015533313790122
it:0.003116867543090654
not:0.0036540000519755447
texas:0.01202475658081516
have:0.0030984885645312294
uucp:0.0128291775979881
copies:0.013682497677974097
app:0.01651106438741998
always:0.008051382115147599
allowed:0.011611615842778398
after:0.005846102083833186
west:0.012357300908291482
doing:0.008123342136864591
b:0.009275479837921945
mouse:0.013169491446144942
has:0.009679767944423191
open:0.020030064113656744
shows:0.011709741326120942
screen:0.011328203545775902
be:0.0035058258008331595
writes:0.0020038254273259466
applications:0.011819094022407066
get:0.007965902880552257
if:0.004061517695535814
of:0.004713711165230028
wayne:0.028318887318078065
3.1:0.011883399948112779
available:0.02455512570740209
but:0.0020160097643951826
instance:0.012953805753817988
equal:0.013510925271914982
windows:0.10822331320759247
must:0.0070226073559984765
observed:0.0154489947701751
now:0.005005801205691649
errors:0.026024389803792805
one:0.008939190070687476
in:0.0016152700172226407
cpu:0.06776458143020257
floppy:0.04004564630543488
5:0.007875372384599039
or:0.0061301041609371386
total:0.022187972701844857
and:0.003470885586279908
risc:0.018096664823070124
gets:0.02022615965086548
for:0.0029577169355643087
subject:8.089986936975242e-05
tasks:0.035046408436209785
i:0.003470885586279908
example:0.008519270132599711
top:0.010247370382325198
386:0.014300413403387195
program:0.0252421221125825
background:0.01341515151611095
the:0.005481840072647658
do:0.0021767209663833232
when:0.0079252996535984
copied:0.05338916808153555
greater:0.012785099685859681
essentially:0.013638685304715825
would:0.0028262110488011397
major:0.00992856961429634
apps:0.080139750165462
whereas:0.030490400285749182
william:0.012338361452700052
an:0.002720903450187081
during:0.008873846999401426
long:0.014426128758233847
cache:0.01470505398709787
here:0.005455760320070897
many:0.005615760689630586
is:0.002442478426278763
either:0.007586553657919267
motherboard:0.027364995355948194
time:0.033504756937351506
does:0.0036923903464773492
512:0.01609242699808417
72:0.015812507846172004
2:0.011808542739972174
their:0.004586920056308224
unless:0.009327458865880276
observation:0.015902971370868012
under:0.05148867875678629
sessions:0.017041189991954322
95:0.032451297168417534
33:0.013975732683837717
full:0.018725227175292444
thus:0.02019003074470488
task:0.015220663142169685
by:0.003001319620658079
data:0.008891956433957007
while:0.006576795472359159
s:0.0037602198839758686
share:0.012366815211335928
