thu:0.04238745815783889
some:0.016799091728537472
replacement:0.07104785070622452
manager:0.14125533596811501
ability:0.02883661629826207
bbs:0.029115414760832098
29:0.03284162405244975
know:0.00887679946516764
all:0.006863797342779074
dos:0.025392462994560706
enter:0.03408025128503923
your:0.018128521182464212
ca:0.01479531364095195
such:0.013834656140056106
from:0.006090447873598386
wrote:0.018529316364696843
to:0.002974530561347117
ds:0.047102615370623775
most:0.013356801899043438
ye:0.04004628980938833
mail:0.022045435286588894
been:0.010555686239003161
les:0.0425271566172425
nt:0.005137255767787328
its:0.029752871309844175
me:0.007795602017298883
file:0.04371922133033682
zip:0.04375467832249979
hi:0.02266918460442018
apr:0.0268144480362446
on:0.0036475455053186327
you:0.007997107761276575
used:0.014204773441272415
m:0.00984758785695016
a:0.0010046792272276224
other:0.009923079049150439
as:0.0115124339599571
ram:0.02798458322469963
launcher:0.044643987358234875
let:0.016583724768005934
stuff:0.021031773760241887
california:0.028629275013834072
plus:0.025725898230069575
course:0.01759821438776992
features:0.031119766230621043
anywhere:0.030405246797514114
d:0.013106792966741262
it:0.014799514952804545
neat:0.03768295119807872
ve:0.013130458266384419
date:0.025739562516426787
tom:0.027307397291185292
app:0.039198929840637366
shareware:0.03568560057506951
hope:0.020780298831942774
messages:0.031475109794143176
liked:0.03655342782534732
manage:0.0362523694804876
status:0.03165958771222474
which:0.00929418944257207
g:0.05086333756851082
listed:0.03266039924073351
if:0.004821226041463377
of:0.005595412534265861
even:0.012080283796877884
menu:0.0370629677718841
gives:0.02616204658846119
version:0.02244942883212651
gmt:0.030484160692266442
using:0.01585914085356058
groups:0.02647327768695246
find:0.015226235522830147
who:0.009302538663552866
commands:0.03481405824874514
up:0.009665182520520753
es:0.045032960173128946
in:0.0012782712366510107
resources:0.03175363146450786
message-id:0.04067227093881012
or:0.004851161566209247
better:0.016087883966197144
and:0.010986975956569493
for:0.009362557206102849
subject:0.0003841288761441482
cursor:0.040457501419747674
i:0.0027467439891423733
program:0.07990312035637627
the:0.0010845367050202202
constant:0.03568560057506951
home:0.02107455432993776
an:0.006459698838573646
here:0.012952524500887743
fly:0.03563130413164949
v.32bis:0.04266962156181933
1993:0.021796084913741996
hst:0.03852132397689852
change:0.02138136048856466
needed:0.02399872438946778
s:0.008927140731741272
icons:0.04198393681502563
