22:0.021476013403364698
some:0.006018231315120382
24:0.01888187499416732
pc:0.017179598257721047
computing:0.022486914841129083
mp:0.028621860625632177
all:0.009835750831405064
50:0.01778960458313624
dos:0.03638713769323647
case:0.012740263439725544
much:0.009006169430721295
4:0.012805512908137522
someone:0.011358031518881546
1992:0.020339930592187073
corporate:0.02760033006592213
from:0.004363774507372039
to:0.0035520596909557494
us:0.010617919516417504
corporations:0.031471292702256
100:0.017415010818716863
been:0.007563094779491955
make:0.009072579811080946
that:0.001788168172342664
think:0.007421381585198738
like:0.006003294141797284
servers:0.054313293031109794
this:0.005412190086303288
off:0.011254935298744074
he:0.008196562925362038
contact:0.017938517005054472
these:0.008539360686077024
unix:0.10212802618866837
on:0.002613447552779845
you:0.002864943244374855
market:0.040318095000752806
them:0.007555975110990932
28:0.045593457765451
8:0.01521902722873127
3:0.012069412085760926
a:0.0035992374377484407
how:0.013560443270403344
factor:0.023324641281839257
other:0.007109834988824283
million:0.06051821534738874
broad:0.02841426320739537
also:0.007646892431337971
computer:0.013818056212192346
are:0.00331397619382075
os/2:0.024387178423528295
internet:0.01472440176863199
18:0.03986339683735154
it:0.0035345920591749688
not:0.0031077835493606436
have:0.007905937316716282
being:0.01002991716456262
interesting:0.0336909748651692
able:0.013595181577890046
robert:0.016471196025555173
has:0.021954112863640227
jan:0.027373716027668953
heard:0.013931171955772549
disaster:0.02834688134364613
sun:0.03740713715565816
be:0.002981759057409646
sending:0.02340100770341215
which:0.006659238827409885
greatest:0.025687051536903923
14:0.038493328038728535
applications:0.020104644471104802
of:0.008018168476937676
totally:0.021234614951384807
piece:0.022215004710275838
4.0:0.029141472476776325
but:0.003429294960053661
macintosh:0.024204154256224637
never:0.01136051149928794
windows:0.014160861759914956
they:0.014426592131563047
35:0.023274351720265214
email:0.014143807520453303
in:0.000915874752033456
according:0.01772951651848566
world:0.03898841271236098
total:0.018871213895898978
message:0.01673876231216351
incredibly:0.027156646515554897
subject:0.00013761317985576442
300:0.021440828016403873
i:0.0009840139548731696
info:0.015182450821610296
column:0.029807512329766053
survey:0.05211967690452564
silly:0.024085651584963303
preferred:0.026324236876940913
platform:0.0269483499261844
research:0.015914079796581326
source:0.01607870083350425
the:0.002331194876254803
interest:0.018828788642617965
see:0.009120545161913279
ibm:0.0406233718465945
around:0.0244040663211715
1000:0.024085651584963303
page:0.02167394707828498
named:0.024027406454788392
may:0.01918583017979207
development:0.02003743831472269
thought:0.013838074253565529
here:0.009280417039295856
nicely:0.027837366732117095
statements:0.021729274684692764
17:0.020269607002476833
is:0.00415473134367006
billion:0.04915388234316707
hardware:0.01829732537976573
2:0.010043348206677365
1993:0.0624671299589719
1:0.010095483978993344
workstations:0.027960102034662034
sold:0.021167670644545573
category:0.05379512978594599
difference:0.016531720859971063
earth:0.018147088466978087
before:0.01095976426403425
by:0.030632024994345343
seem:0.014225322447916173
sales:0.02494409328131739
s:0.006396250318103282
1991:0.02238062985554797
share:0.021036335153303384
