some:0.014968421476068642
say:0.02432749967009671
know:0.015818911867414125
thanks:0.025556239037386703
your:0.016152977207452082
fred:0.05940531089332835
to:0.0017669220001164498
add:0.04405410790322716
that:0.004447495197877908
nt:0.0183097064544215
could:0.019347553273410992
re:0.004794109009976545
server:0.051313573655738895
so:0.013100135863909231
bitnet:0.06256738169565546
acsu.buffalo.edu:0.1390835844801137
mksol.dseg.ti.com:0.14917304389194572
you:0.007125628069342587
am:0.04190606042824014
sure:0.027974923335374404
a:0.0017903899049312756
j:0.03915549563498542
buffalo:0.06570001963110177
no:0.01443263764336551
mccall:0.15366545643105062
it:0.01318674729769123
not:0.023188846483690958
area:0.04113419288024804
whether:0.0732681688431237
anybody:0.03896916852452173
writes:0.01695544592352724
applications:0.050003859325568355
of:0.0024928280200735725
electrical:0.060732755495133996
but:0.008529272080133465
instance:0.05480456280461456
windows:0.10566181467013468
in:0.006833834688249634
for:0.004171139268103512
subject:0.00034226867810279864
i:0.004894838647317819
information:0.0625338790893273
source:0.03999061489358749
the:0.0009663500128064781
can:0.011084179390227093
here:0.04616412578521528
right:0.024870174279362812
window:0.04470503515160438
does:0.04686495439759713
run:0.034318390107530704
x:0.07808102537297698
non:0.06359357025557258
engineering:0.04957371145157819
article:0.010388883080982065
remotely:0.07797308060035218
x-windows:0.07435960429085234
include:0.04309645222108464
