dan:0.032046802333768214
know:0.009950605852083079
default:0.03870705875485311
50:0.027832123299422827
vertical:0.04355200924218319
princeton.edu:0.04943168012755424
with:0.00943269962563786
from:0.013654391200486702
turn:0.027592565602536413
both:0.01811051679280837
my:0.007663018236534687
to:0.005557254677785608
add:0.027711454971384827
h:0.028493404228181585
keyboard:0.03665147609655642
100:0.0272460653131538
v:0.031021357370177517
esp:0.04291380504412897
need:0.015493564447558356
re:0.003015649215952988
so:0.008240408043426775
anyone:0.013491247980978961
this:0.004233729341704992
off:0.0176085278060996
you:0.004482249914586466
a:0.0011262130047148347
how:0.02121553221337297
ms:0.06742161165137237
following:0.022075115105159367
driver:0.059351380620748254
manual:0.031690301587764216
play:0.025821921232100337
it:0.01105985257225716
not:0.0048621774885158455
have:0.004122988815706878
follow:0.030459615422720042
carlos:0.05048049567794293
hope:0.023294044658387462
command:0.03319558592688577
mouse:0.10514352041680236
g:0.02850808033073792
writes:0.005332761217883567
3.1:0.03162517728126788
but:0.005365187276212986
particular:0.027347189097450056
anderson:0.03913441786888949
using:0.017777585311652584
windows:0.06646468987314923
parameter:0.10008893939991366
commands:0.03902543626270624
up:0.010834357825422457
in:0.002865801643459524
speed:0.027084396507143393
or:0.010875991253275569
and:0.0015395057035918946
sensitivity:0.17200777083884458
for:0.0026237811525167258
subject:0.00021529803945176046
outside:0.029070772399044556
i:0.0061580228143675786
horizontal:0.043647448416755795
games:0.026853792674263917
the:0.007294383967635996
do:0.005792886442794328
when:0.01054576163583658
greater:0.034024862067207215
got:0.035679900348880224
can:0.01394461278125344
come:0.019364465116688778
changed:0.030478348337366328
is:0.006500144198967675
number:0.020179555229014177
right:0.01564414188540564
type:0.026133165405900775
does:0.01965304539254073
1:0.031589095031043686
various:0.028746604664154744
article:0.006534942583198395
documentation:0.07221168366934162
needed:0.02690179588819372
s:0.005003518394000148
