some:0.01556715833511139
manager:0.10471728906436262
looks:0.04564140632498521
read:0.03022670749197229
pc:0.04443789415997178
at:0.011746200166059081
there:0.012237053141028633
help:0.028534569600557294
thanks:0.026578488598882174
way:0.02309830426062058
copying:0.07599954234839335
to:0.003675197760242216
that:0.004625395005793024
memory:0.1352652890466926
like:0.01552852084678231
advise:0.07990603734414634
me:0.014447849072060598
file:0.08102629019889092
this:0.006999765844952254
yang:0.1745936943071121
98:0.07459473547295566
on:0.0067601176698572
more:0.03390450735521936
a:0.0037240110022570536
how:0.017538173296388324
ram:0.05186476090977665
copy:0.0911096518683558
whole:0.0398922063336972
advance:0.04218001622235533
it:0.004571405729866293
should:0.021904161896446395
only:0.017780483176923823
extended:0.06374007159325422
has:0.014196992985154014
be:0.007712816761832952
of:0.005185082281753031
3.1:0.052286959771696236
but:0.008870442963338804
windows:0.03662942908564669
please:0.025538871425403398
find:0.028219289835645204
one:0.013110812103674967
in:0.00473812538385308
use:0.022170393703297975
for:0.008675969677655307
subject:0.00035595942522691063
however:0.03196131872262551
i:0.005090632193210532
4mb:0.07733398846248644
the:0.0020100080266374745
when:0.01743565923791648
can:0.01152754656583618
problem:0.028207537227274457
disk:0.2333985989199921
time:0.021060132932049516
matter:0.04027870682534057
s:0.00827248374474691
