since:0.018699267508445618
read:0.021186944503718892
pc:0.03114805665418582
out:0.011011000925985606
emm386:0.367136273075703
help:0.020000866542446698
dos:0.03298647061910222
case:0.023099169227165938
thanks:0.018629781728188438
your:0.011775067497021145
with:0.0054656764185939
option:0.07832918172434358
remove:0.04129112509382832
from:0.007911890228319398
config.sys:0.10942273562535997
my:0.03552202846094584
to:0.0038641097946471893
that:0.009726297909377854
memory:0.09481211849067239
indeed:0.03446955428508986
me:0.010126997013126585
on:0.004738400235881214
used:0.018452929984456686
a:0.001305144042847098
was:0.008275337701882109
following:0.025582376383549172
based:0.02823273842897703
no:0.021041976377243175
exclusively:0.05242050371891377
manual:0.03672520931666133
thread:0.03890586722900902
it:0.012817025410840073
should:0.030706769013709896
application:0.034489417830064754
have:0.01911217245411786
only:0.012462955497843799
extended:0.04467762027564547
device:0.03751546527954042
get:0.012283868927954413
comp:0.05488606064456925
of:0.0036344034685184792
seems:0.02202324382599138
windows:0.051349666942495355
one:0.009189821567996472
in:0.006642231846523008
us.oracle.com:0.059034952129952065
useless:0.04485677837011015
or:0.00630197624021575
use:0.015539995586423813
and:0.0017841000677139712
for:0.0030406435786175137
subject:0.0002495042700188626
i:0.012488700473997798
necessary:0.03368949324749088
the:0.00422665239246198
eric:0.0372712942085851
is:0.0075328773894578665
expanded:0.10654141450709347
run:0.025017144190536397
loaded:0.08723272280275146
almost:0.028242924581911848
says:0.02393482938717353
newsgroups:0.04005862000767752
