22:0.031092138807856353
some:0.008712961754726523
since:0.014931504652266277
24:0.02733644588707806
correct:0.02441953313568245
computing:0.03255568268044061
all:0.007119909183927546
dos:0.05267988591408862
much:0.013038782608656204
1992:0.029447362200629046
corporate:0.039958686811857415
from:0.006317703391269967
wrote:0.019220708766364634
to:0.005142534179443398
corporations:0.04556291630028107
been:0.010949555128518203
make:0.013134928980221668
nt:0.010657888831678187
its:0.015431526537568433
re:0.0027906007670012727
this:0.003917779390831485
mean:0.019727030274849705
unix:0.08871419588329103
you:0.004147753652303895
market:0.05837097335929884
28:0.06600843885445891
8:0.022033517032640792
os:0.03544291195309157
more:0.009488201685229297
a:0.0010421672580943247
how:0.009816141770366599
other:0.010293343192775454
want:0.014123865430687922
broad:0.04113706762861718
mac:0.02560658309560549
computer:0.02000524556093519
are:0.0047978461313524295
os/2:0.035306810553466336
results:0.02733644588707806
18:0.05771267900332984
it:0.007675867829999372
not:0.004499328422208693
interesting:0.024388242999413525
able:0.019682576314258723
has:0.00794607816333247
jan:0.039630603801252065
call:0.019828030582079905
greatest:0.037188716404174336
14:0.05572914656353235
writes:0.004934793962817629
applications:0.02910672408503233
whatever:0.024663884916069873
of:0.0043531474380389245
4.0:0.04218989298876572
tend:0.031788090251786076
macintosh:0.035041835266474475
windows:0.02050154613002613
35:0.03369570323680188
in:0.0013259679245857497
according:0.02566810600437476
or:0.005032175057485711
world:0.056445910941776346
subject:0.0001992310215822261
i:0.0014246172182492158
info:0.02198056312979401
survey:0.11318526850161911
preferred:0.038111208612884605
platform:0.03901477526626697
research:0.023039787168184906
source:0.02327811911716287
the:0.0033750134775629237
wrong:0.019727030274849705
see:0.013204371353814746
ibm:0.05881294133014428
because:0.013169569394735178
1000:0.03487027169763344
page:0.03137869950139766
carl:0.03626487896128878
may:0.013888250204774856
development:0.029009425619822404
just:0.008764093757208104
here:0.01343582765390594
nicely:0.04030185929873669
17:0.02934555043642168
is:0.006015058810985012
does:0.018186400213992912
their:0.011296146407326223
1993:0.06782811499276425
first:0.014011603204410755
category:0.03894125066594598
difference:0.0239339839315999
by:0.02217392854068282
data:0.021898101665715018
appear:0.02946789230041927
doubt:0.025970688798362444
s:0.009260242997851019
99:0.07942256455928347
1991:0.03240180740280825
share:0.030455589699558628
