infinite:0.11239720800128536
former:0.0867586504944904
ii:0.0798130392415243
this:0.0114126617037265
two:0.040538900709854594
am:0.03552905123263838
m:0.029756841567740697
sure:0.04743573956867834
a:0.006071757068897369
same:0.042219420663665484
as:0.017393786091674312
driver:0.15999067819506052
are:0.013976334382635337
not:0.013106739316868801
only:0.02898991822324536
things:0.048580998437831514
looking:0.05638881185666617
universe:0.09633596414491288
albert:0.11159935220018909
and:0.00829994379327804
for:0.014145602735307565
subject:0.0005803686280873543
i:0.00829994379327804
actually:0.05313726363263227
the:0.006554373999904809
stupidity:0.11219498207384376
jim:0.14723177160647258
apple:0.08246449885411034
human:0.06969222546166469
about:0.021413395224388513
is:0.005840709280231824
printer:0.28343035938442374
wanted:0.06619913020752397
little:0.10197124790862887
