some:0.009649065083746728
at:0.0072807025822680255
say:0.0156821898699797
there:0.03792475147013006
know:0.01019731508808514
your:0.010412662993233575
with:0.004833284105698738
microsoft:0.03520333961768045
from:0.006996464912646079
to:0.003417022710969002
add:0.028398515838443956
newsletter:0.04808056786599904
like:0.009625116227344407
nt:0.02360590253627896
could:0.012471976490297996
re:0.003090417378331988
server:0.06615634289500222
93:0.030256326411606624
announced:0.03988281459261247
acsu.buffalo.edu:0.08965718668966008
you:0.004593380077758032
communications:0.03486845368870822
a:0.0034624069235861033
other:0.011399239568858768
price:0.025868960345817878
course:0.02021613057768611
march:0.03581580219746327
no:0.03721473508041355
it:0.008500547844792693
not:0.009965454687206032
christopher:0.03999300906260805
whether:0.023615360205634914
manuals:0.04039068880098985
anybody:0.025120621032336324
be:0.009561343093181345
if:0.005538433221185201
of:0.003213893976293201
even:0.013877350807983684
kit:0.0426526378131968
but:0.005498208448350498
instance:0.03532856114677633
port:0.034460968060740005
order:0.023176172406053654
windows:0.09081676632804964
must:0.019152565516359483
they:0.0077100795413863115
now:0.01365218510643177
one:0.008126536427897707
comment:0.03247601154448564
in:0.0014684272883842189
according:0.028425836401538992
or:0.005572821964488308
and:0.0015776752664908673
for:0.008066500733357207
subject:0.00022063600737205204
vendors:0.04534207913910282
i:0.0015776752664908673
info:0.024342111234647912
cd-rom:0.04257646710985033
information:0.0403110956113019
will:0.018732319750467512
source:0.051558148127269825
the:0.001868809115675338
reads:0.04288545497821082
supplies:0.04577715131666829
would:0.007707848314912199
beta:0.045132841056588026
here:0.029758692654932167
ltd:0.044535149638574585
is:0.008881739731922774
recent:0.031389215607314225
does:0.030210466471178313
their:0.012509781971749703
x:0.05033322296770417
guess:0.024761630272195485
psuvm.psu.edu:0.0413133331905987
article:0.00669696595302976
says:0.021165510284525357
x-windows:0.047934290369309775
announcement:0.037769428462456914
doubt:0.028760928090748494
include:0.027781184076401667
s:0.0051275725690580025
