above:0.01455965791512591
typical:0.02384280930337938
at:0.004711042847349898
out:0.012600824589095826
there:0.014723727041344612
know:0.00659826270405509
all:0.010203934017607393
swap:0.11382485188175384
thanks:0.010659821630567716
where:0.00987944811889712
access:0.017927149026837032
with:0.0031274191272168306
post:0.013810576494284387
added:0.0223722897687776
my:0.020325438745033182
to:0.005896039187554356
then:0.008534119517517664
track:0.09732183054110247
might:0.01137478682287939
enough:0.013006141855280193
make:0.009412195098126757
ran:0.04855396250761451
13:0.021057425424954344
nt:0.003818601880868655
could:0.008070102434898701
responses:0.023721543481609167
so:0.005464227793502246
file:0.06499435042691784
this:0.0028073927185637377
off:0.011676243037199734
ide:0.04844806870031279
best:0.013022331978403391
these:0.017718031797849653
slower:0.02613515157711108
recently:0.017696853286565183
on:0.005422554280634116
performance:0.040545574690872895
m:0.007319864770674182
why:0.009517233048951905
a:0.0029871746007409518
load:0.024042742629965586
wondering:0.019245633699771638
controller:0.022523468559891267
test:0.01912245911219075
following:0.01463804424085434
driver:0.03935599570573681
drive:0.045301664419347416
scsi:0.09048069082637353
also:0.00793313974160196
advance:0.016917118805757483
486:0.025496933621856715
are:0.010314086335848538
results:0.039177366298058396
no:0.006020030674772779
meg:0.04979373900192811
reason:0.014289903336943998
it:0.0036669029918713577
not:0.0032241176929195983
should:0.017570183339395504
have:0.0027339604981157905
400:0.024549876868847076
able:0.01410409211823887
32-bit:0.029693267173115732
25:0.019666751595131617
be:0.0030933757066174935
which:0.020725545441457507
seek:0.05197319551671333
get:0.014057475671562805
if:0.003583692084296306
what:0.00984430056680889
but:0.0035576642901091454
using:0.01178834534034717
find:0.01131789699290583
now:0.008833766833573498
seagate:0.030742009841170755
good:0.008663154285344915
in:0.0019003176673207537
us.oracle.com:0.03377935763585493
system:0.011953060584184626
speed:0.017959706774790272
or:0.00360594362408067
use:0.00889186913233876
and:0.0030625461055410956
subject:0.0001427644753583866
values:0.04567857080581036
i:0.014291881825858443
faster:0.020857224745424233
any:0.005472124418656723
will:0.006060456389857136
program:0.014848307125048529
currently:0.019245633699771638
quantum:0.027698723574379497
the:0.0024184588555798492
do:0.003841272293617629
got:0.02365939916182432
would:0.004987431262590246
eric:0.021326355509725163
put:0.02660384277590138
an:0.004801594323859555
finally:0.019446654950781312
adaptec:0.03264936248255435
is:0.007183760077290479
move:0.018913503291834315
tests:0.025172737783266154
yesterday:0.02350996273184344
first:0.010040400157171342
loaded:0.02495695545426312
non:0.02652566032050621
whatsoever:0.027800585579570377
difference:0.017150555330665167
summary:0.023004475173062065
