mode:0.13358320627249642
manager:0.045661608603646486
ideas:0.0418255074074357
thanks:0.023178914475769336
where:0.021482055793415833
enhanced:0.06440738731763794
much:0.020316242669301526
into:0.02082330119746961
from:0.009843863423606693
to:0.004807671488688945
1988:0.05314070748787542
lock:0.05878614720626729
keyboard:0.05284631437177902
software:0.03274169637768903
memory:0.0393213049554339
norton:0.06162564674710499
anyone:0.019452497088853386
file:0.03533123119137685
this:0.012208893915614395
reset:0.06472598004075555
ti:0.0440541983285077
hi:0.03663972860481866
machine:0.037823248306097054
a:0.004871526020394402
controller:0.048975449077903105
as:0.009303653025779283
old:0.03078968700398051
running:0.03520302805170583
standard:0.03539586674956089
copy:0.03972804587282956
fine:0.037664611371169304
button:0.05529655892196103
files:0.03848036703008941
works:0.03459448829710163
it:0.003986691043488046
only:0.015506235328712634
ve:0.021222484872412028
has:0.012381098533564547
uses:0.07941849139154504
trying:0.06270530751321851
3.1:0.04559909282415369
but:0.007735851421516398
up:0.015621632213399822
david:0.0580568660312673
in:0.010330215226423864
floppy:0.0512211755069516
required:0.04352071454070894
rather:0.029924228522242597
install:0.05137384168650733
and:0.004439504819660347
subject:0.0003104297313025383
cause:0.036668617829558915
appreciated:0.03935769906018887
developed:0.04927091088633762
386:0.10974735867715754
world.std.com:0.05344274802744822
any:0.011898689142893108
than:0.01663489863045885
the:0.0008764569883593639
when:0.030411033554505487
older:0.05137384168650733
got:0.025722718856169464
an:0.010440676029787635
problem:0.0245995964191347
desktop:0.05821881971592506
win:0.03941250469335281
motherboard:0.05250260736897037
run:0.031125981725434824
occurs:0.05551390930582328
