mirror:0.06893836261367242
go:0.02494143912556573
dos:0.09050134246779327
way:0.0222099079429044
then:0.04092000896861034
stacker:0.07858369661303494
horror:0.07553662415307186
nt:0.00915485322721075
re:0.004794109009976545
charles:0.05277246993504917
protecting:0.06741196056218539
on:0.01300022628818692
m:0.017548906565590668
why:0.022816956155820595
a:0.0017903899049312756
hard:0.034669659007378326
wondering:0.04614017310073457
anymore:0.056813517316230674
was:0.011352065821812635
as:0.020515747697872268
vital:0.076562812712989
drive:0.03620261216417934
daily:0.05716160691964031
works:0.0381426409429582
it:0.01318674729769123
not:0.007729615494563652
should:0.021061694131198457
drives:0.051885162201995655
against:0.033118984514844185
shame:0.06741196056218539
allen:0.057102931701340155
command:0.05277246993504917
regarding:0.05073072270603689
yourself:0.044952239376597335
if:0.02577501614474651
of:0.0024928280200735725
failure:0.060889105150182955
killing:0.051885162201995655
using:0.05652360458063899
well:0.021575229617350575
toward:0.057339261210171404
stories:0.05933544416553906
and:0.004894838647317819
subject:0.00034226867810279864
table:0.1161511390635704
i:0.004894838647317819
6:0.07534229827074858
info:0.07552296049724096
normal:0.04836362403228901
the:0.005798100076838869
long:0.030516810834725447
about:0.012628412568229122
discussed:0.05820250633925586
type:0.04154503218373969
partition:0.07797308060035218
does:0.015621651465865707
2:0.02497960964224883
fat:0.06985450317754607
records:0.06321083995878181
