computing:0.06609790119968245
there:0.006952871102857178
concept:0.03224130109182412
gnu:0.04540115758190132
keeps:0.036168153032581835
anyway:0.023094801679125258
employees:0.04216995669321953
leader:0.03548519017656442
with:0.004430510430223844
way:0.013124036511716237
much:0.013236339920908571
microsoft:0.12907891193149498
response:0.026603019338085922
led:0.03193544915780603
to:0.007308631909572588
usable:0.043939766171867296
software:0.04266342255274631
next:0.02029075775567557
been:0.011115457478950298
make:0.013333943055679573
that:0.005256130688401164
think:0.01090718202673148
really:0.014783301084779743
me:0.008209005154579884
brought:0.029351460928300512
re:0.002832882596804322
anyone:0.025347193176384716
this:0.007954279369263925
largest:0.040649724151839595
reply:0.02720603423753897
getting:0.020546981607762773
best:0.018448303636071472
productive:0.04463527790863337
on:0.0038409759487824996
you:0.0042105984046115295
market:0.029627691023280472
none:0.027443259336524955
posted:0.025858946397590118
a:0.0021159153421915077
ms:0.03166772668473551
challenge:0.07150206701693598
question:0.016537773358690184
technological:0.04493240452343096
others:0.020426728962639366
no:0.008528376789261438
it:0.005194779238484424
not:0.004567500064969431
have:0.0038731107056640367
suspect:0.029409811082558784
hope:0.02188228437606095
doing:0.02030835534216148
has:0.008066473287019326
be:0.004382282251041449
which:0.00978706312513271
get:0.009957378600690322
down:0.017911860431463318
of:0.0029460694782687674
future:0.02654929033574129
even:0.012720904907318377
what:0.020919138704468893
but:0.005040024410987957
they:0.014135145825874905
who:0.01959171021566437
cares:0.03836346143492048
up:0.010177730078427157
now:0.012514503014229123
supporters:0.03799080806983888
one:0.007449325058906231
and:0.004338606982849885
subject:0.00020224967342438103
i:0.011569618620933026
pretty:0.021803182249391113
yet:0.01992476320216791
masses:0.04166132561111628
the:0.0034261500454047865
do:0.0054418024159583085
when:0.009906624566998
got:0.016758741072958896
can:0.01309948473390475
planet:0.03584176222851886
come:0.03638172234044559
just:0.008896883056559743
company:0.025500969997207197
is:0.006106196065696907
done:0.020065632965308323
else:0.019140547161651946
time:0.01196598462048268
guess:0.02269816108284586
dave:0.053125373808705946
before:0.032215064654888555
