fast:0.12895547870177915
with:0.021660273214427678
both:0.027724741756891824
reasonably:0.060869697738086176
to:0.0034029608891131624
been:0.01811407885458567
that:0.008565546307024118
problems:0.03386510167767621
anyone:0.020653268514091248
had:0.01894331463805105
this:0.0064812646712520865
bell:0.055101272209636704
something:0.024576065643994106
card:0.07557798386454917
graphic:0.06504184474095864
more:0.015696531182971922
a:0.0017240791677115988
compatible:0.11124845241530161
ultra:0.06610449423196164
display:0.09101534362803648
are:0.007937177550632413
ken:0.1528175074486967
have:0.03155867982392919
500:0.051478730066043706
ati:0.12675481978293082
heard:0.03336601678296141
available:0.03334646701005222
what:0.011363482753044829
but:0.008213373114202595
san:0.04985142510622893
pacific:0.06624399491410897
windows:0.0678322760845309
they:0.011517526228490662
good:0.02000012162172221
and:0.01178387081761697
for:0.004016652628544123
subject:0.0003295920603952876
i:0.004713548327046788
faster:0.04815186453573249
we:0.01663881365078975
currently:0.04443127780070737
cost:0.04100009388087507
the:0.0018611185431828467
compatibility:0.07036994661888273
drivers:0.048546959981240805
friend:0.04287900518139266
ready:0.05204295418309131
is:0.009950838032987552
new:0.021283945245475885
does:0.015043071781944755
experience:0.04089163919500182
non:0.061238252838699526
under:0.029966955890193075
change:0.03669147046803071
orchid:0.08038143076970158
very:0.02152151224424009
