replacement:0.06672737329841356
manager:0.21226477513046477
at:0.011904932600735555
there:0.012402418724015507
thanks:0.026937657363731934
fax:0.04133301810653229
your:0.0170261111105576
response:0.09490806898992817
someone:0.02977646100895973
post:0.03489970005988082
located:0.06604423439080774
think:0.019456054426061558
could:0.020393366963865643
re:0.005053250037542845
file:0.08212124006644349
phone:0.0396938800839131
this:0.0070943572752894465
hi:0.042581306216410875
you:0.007510797154171917
suggest:0.04961351087986646
as:0.010812353516446195
austin:0.06765970939958858
drive:0.038159510118999845
advance:0.04275001644157635
are:0.008687991643259806
internet:0.03860181004208928
texas:0.05362391448201355
ftp:0.05126171550390643
uucp:0.057211197396433426
shareware:0.0670310605396576
site:0.05277789455998117
west:0.05510688242886742
be:0.007817044015371234
which:0.01745800449347997
writes:0.008935978256994086
of:0.00262757548061809
wayne:0.12628692993196977
well:0.022741458245315472
please:0.051767982619060945
they:0.012607021952807348
one:0.02657597048042223
in:0.0048021541052565
better:0.03021913339596491
and:0.007739136780218714
risc:0.08070134312990732
for:0.013189818766705703
subject:0.000360769687729977
i:0.0025797122600729047
program:0.07504414682119122
the:0.0010185851486338555
thank:0.04906073387526371
would:0.012603373596005083
william:0.05502242269447321
long:0.06433273635428607
many:0.025043257129433696
interested:0.03887940831641784
512:0.07176352580226726
e-mail:0.03715805103584144
s:0.00838427406562187
