there:0.021343697339003428
thanks:0.04635782895153867
your:0.029300749353052616
with:0.013600636669524355
my:0.022098006077448867
to:0.0032051143257926296
t:0.11982665372095079
appreciate:0.08928403105615101
me:0.025199736753594063
anyone:0.03890499417770677
bus:0.09411727097106189
hi:0.07327945720963731
on:0.011790902912541626
card:0.07118391503521493
board:0.08351619812453824
a:0.0032476840135962676
local:0.07107868492827796
1280x1024:0.14759518235010588
503:0.13840186289326525
video:0.24388682740918763
no:0.026180133399593252
plan:0.09082707435903736
have:0.011889549142968671
if:0.015584893482869983
of:0.004521874082924155
monitor:0.08714594976950717
email:0.06381159672018467
system:0.051981914633547094
and:0.004439504819660347
subject:0.0006208594626050766
i:0.01331851445898104
would:0.02168952665359014
can:0.020106185870644496
isa:0.11222838524897927
drop:0.10069003851990815
an:0.02088135205957527
upgrading:0.1301070967551552
experience:0.07702843662314297
