at:0.007936621733823703
default:0.04324031788830438
dos:0.06359553795034122
fax:0.02755534540435486
way:0.015606962338257147
unusual:0.0451782582452138
to:0.006208104324733472
then:0.01437730044843066
she:0.11946459405039576
its:0.018629050054361895
happens:0.033658355988998
font:0.134893787529768
anyone:0.015071304050823344
voice:0.03267111983275827
this:0.004729571516859631
machine:0.029304498687606727
state:0.023943363846311856
m:0.012331664073117766
why:0.0320670735162884
a:0.005032447300347369
jeffrey:0.04954319802403017
idea:0.024976363020367175
cohen:0.05438232353829472
washington:0.0345875075262567
are:0.00579199442883987
annoying:0.046922264993616195
works:0.026802936878835497
it:0.006177575310630125
not:0.005431621698882567
have:0.009211722759417168
university:0.04234847029907484
has:0.019185125655613533
ave:0.04709891788900697
dec:0.04468737369310506
if:0.012074782338079446
of:0.0035034339741574533
but:0.0059935425427964885
york:0.03390240727410309
windows:0.04949922849411714
one:0.00885865682680741
our:0.040176133747394475
office:0.03288953074816361
and:0.0034396163467638723
for:0.0029310708370457114
subject:0.000240513125153318
back:0.07590474666910045
any:0.009218804200800066
research:0.02781379712195295
program:0.05002943121412748
the:0.0027162270630236144
users:0.03557385196627191
when:0.011780850836430053
major:0.02951736912358371
her:0.029787466711078632
ny:0.03784858857281909
an:0.016178344838950212
problem:0.038118293550370885
changed:0.0680957692582599
is:0.007261422348396322
desktop:0.09021294586611811
having:0.023575598129913167
ad:0.03900605095816262
new:0.015531527611563485
does:0.02195475341148694
goes:0.08710884313488315
fonts:0.08923876169908611
e-mail:0.02477203402389429
changing:0.03858034929284239
by:0.008922842115469965
everything:0.02783479715246174
s:0.0055895160437479125
