at:0.021752222529739036
il:0.06348913625590884
where:0.022808108620169895
fax:0.03776102888744925
with:0.007220091071475893
both:0.027724741756891824
to:0.0034029608891131624
colors:0.1125900413279764
256:0.06033670796197249
ms-dos:0.06394643590628353
director:0.06105260003172989
hall:0.05654827424217466
that:0.004282773153512059
r:0.07654863621553407
higher:0.04582560386466533
me:0.013377638029685735
need:0.02371854310490415
michael:0.11128500746939589
anyone:0.020653268514091248
phone:0.036263544768019365
management:0.055924622512089454
tell:0.029753395723733984
support:0.03381427542633958
a:0.0034481583354231977
resolutions:0.07097229432467816
gary:0.1572103127230614
standard:0.03758079679583008
driver:0.09085890366633066
drive:0.03486177467661714
486:0.05886329120107661
video:0.04315692830697559
display:0.04550767181401824
model:0.04517224088374753
18:0.047737648064482704
university:0.029016544464180907
west:0.05034455925600233
highest:0.05826094349528116
minimum:0.06051182691249047
of:0.004801002112734288
3.1:0.04841385164045947
associate:0.06114507746048493
windows:0.03391613804226545
find:0.026128972070041855
david:0.030820311596845604
office:0.045070838432668646
use:0.020528142317868495
and:0.004713548327046788
for:0.008033305257088246
subject:0.0003295920603952876
i:0.002356774163523394
gregory:0.06596655224926874
information:0.030108904746713145
will:0.013991424011151658
the:0.0009305592715914234
ibm:0.09729548318813992
can:0.010673654227626091
64k:0.07425258032138195
vesa:0.1303395607667456
illinois:0.05949654174907107
x:0.0751891355443482
under:0.029966955890193075
resolution:0.05515829623255392
e-mail:0.03394686144015144
95:0.06610449423196164
needed:0.041182996174518774
