know:0.02419362991486866
philip:0.11372645362130358
thanks:0.03908601264541496
someone:0.04320506107182392
such:0.03770621967583919
to:0.005404702588591493
rd:0.10156198643939149
ms-dos:0.10156198643939149
suppose:0.0755713526594347
me:0.021246836870677348
this:0.010293773301400373
you:0.021796038800342032
a:0.008214730152037619
how:0.051582862636436244
uunet:0.07405867279249578
want:0.037109764072787876
million:0.07673551488492428
as:0.015688512945431735
let:0.04519877926966323
mt:0.10942001030352387
particular:0.06649120486438836
windows:0.10773361495778437
one:0.019280606034816128
in:0.010451747170264146
st:0.07523033809645686
or:0.01322179328829579
for:0.012758778937728392
subject:0.000523469742980751
vernon:0.12273689145225339
program:0.10888758558368922
the:0.0029558941568198155
do:0.014084665076597974
would:0.0182872479628309
can:0.01695227436152379
an:0.0176058458541517
icon:0.21996054501661857
change:0.11654937678080343
s:0.012165417271686633
