at:0.007972534049361367
out:0.005331118095386697
computing:0.039479289404335226
ideas:0.016275989307870907
there:0.008305692177168755
concept:0.019257247710953773
gnu:0.02711743348783247
damn:0.019465325146437135
dos:0.015970825141375284
anyway:0.013794180188436807
employees:0.025187485445723884
leader:0.021194774223106356
with:0.002646277723029626
way:0.007838791038672143
much:0.007905868188053989
microsoft:0.09637113334251887
response:0.01588958621098345
led:0.0190745669177846
from:0.003830643685204415
to:0.004365336706170052
everyone:0.013834899355262912
look:0.010729268435637604
then:0.007221178053284178
software:0.012741112617562248
next:0.012119366623299438
been:0.006639096774757644
make:0.023892495249091
that:0.004709112562458961
guy:0.03064552712170923
think:0.01302939391428557
nt:0.0032311246684273236
perfect:0.03665236917770941
could:0.006828548214145057
me:0.004903116200925542
brought:0.017531189332740577
re:0.001692038474109369
so:0.00462357736373267
anyone:0.015139499996754673
this:0.004750972292954019
largest:0.024279473249062565
93:0.016565680976490506
30:0.015489165042415796
reply:0.016249758006131876
he:0.007195172884706947
apr:0.016865195823701353
on:0.006882472740804841
you:0.005029855107771239
medical:0.018203698969089015
products:0.018326184588854703
market:0.017696177443769334
none:0.01639144901548097
posted:0.015445162554216723
m:0.012387463458064001
a:0.0018957069581625272
how:0.011903737531485289
air:0.017439542921408008
challenge:0.06406067542693812
question:0.009877765083018573
stuff:0.0132281291976182
technological:0.02683745428548818
nc:0.023701041703768966
others:0.024401160389759244
no:0.005093872109423122
kurt:0.08106650757845894
d:0.008243639015280704
it:0.0031027640700449955
not:0.0054561991726331666
choose:0.03596202252839148
admit:0.018552476084667653
have:0.0023133511907133617
made:0.010522984397819011
date:0.016189136605354405
money:0.04208443122256738
university:0.010635023084156805
suspect:0.01756604100858715
has:0.004817984044735525
his:0.008345832766992113
be:0.002617471751753264
which:0.005845666662975194
writes:0.002992137515916572
get:0.0059473935533534954
were:0.014038943868527595
if:0.006064709681116827
of:0.0017596433082872277
future:0.01585749468017127
even:0.015196013101954984
what:0.00832979278729983
but:0.009030993967200139
gmt:0.01917329563902731
they:0.021106778835016826
who:0.00585091798295859
news.duke.edu:0.02624456622030083
up:0.006079006200689524
now:0.0074747257822545
good:0.0073303613183687754
supporters:0.0453826847531107
one:0.008898741246838213
in:0.0024119416546763413
useless:0.04343597543531029
thomas:0.016669705945833033
world:0.011408374157161436
use:0.007523889265825105
and:0.0025913851662270806
still:0.009238502634522838
for:0.0014721668005071222
subject:0.00024160141983726967
i:0.010365540664908322
pretty:0.01302271518968157
yet:0.011900763541566352
the:0.0034106471040228643
wrong:0.011961185777510682
invented:0.02525077160850551
got:0.010009745799233367
would:0.004220134145268671
can:0.011736189942593395
planet:0.021407749385359682
come:0.010865129748730357
many:0.008385525011665581
company:0.01523134859561697
is:0.004862852975396632
done:0.01198490294760497
else:0.011432363010579443
time:0.021441311808647695
center:0.014781134993089633
marketing:0.022410639250222984
guess:0.013557272682966758
him:0.021687921297405502
almost:0.02734835231008659
article:0.0036666646168171993
already:0.013148354395010642
before:0.01924157707893796
smart:0.022444789501966798
s:0.002807403985773839
