know:0.018145222436151496
help:0.03147195176532054
where:0.027168482326967083
your:0.01852841503207739
to:0.00810705388288724
direct:0.058731994449620205
format:0.2955922431645599
that:0.005101538609330541
view:0.05007865812918576
me:0.03187025530601602
need:0.02825297046319465
greatly:0.05739601690883238
file:0.2234180795925301
hi:0.04633848029432948
tell:0.03544154490621254
am:0.024034358186784788
a:0.0020536825380094046
doc:0.24496945417820482
it:0.010083983227646235
develop:0.0662582694532311
netcom.com:0.047338752569428516
anybody:0.04469992860165728
utility:0.06975344080436521
get:0.01932902904839886
of:0.008578261127900236
trying:0.039651885633358766
what:0.013535913279362223
but:0.009783576797800151
required:0.05504090368383778
or:0.019832689932443685
word:0.13539161100720964
for:0.01435362630494444
subject:0.0003926023072355632
i:0.008422001790238012
the:0.003325380926422293
do:0.01056349880744848
can:0.012714205771142843
is:0.01185320412752929
window:0.10255861005368064
