wilson:0.1584466710667116
there:0.029135840811972933
help:0.033969725714949155
way:0.05499596252528709
into:0.028425458777498195
to:0.00437523542885978
that:0.011012845251888151
toronto:0.0637634967482632
font:0.1584466710667116
package:0.06170258782628892
this:0.01666610915464822
programs:0.056082255941182796
m:0.021727217652636063
onto:0.06911369327562454
a:0.006650019646887595
416:0.09581647480556688
are:0.010204942565098817
tt:0.09546760327034821
it:0.005442149678412253
domain:0.07084449284096148
shareware:0.07873489650689938
easiest:0.09479205383512923
public:0.04704356504858085
free:0.04583345704959897
get:0.020863078972874958
looking:0.04117278326042292
our:0.035393260682228464
logo:0.08997957353373644
and:0.003030138210244364
for:0.0051642676652710155
subject:0.0004237612205082269
i:0.003030138210244364
appreciated:0.05372638284406735
any:0.048727965061371774
will:0.01798897372862356
creator:0.09151687235897323
the:0.0011964333491889729
do:0.022803743457349097
can:0.013723269721233545
put:0.03948348094518697
documents:0.07702647326575074
company:0.05343060380367222
paul:0.15595345195757415
is:0.012793934613841138
figure:0.05861107355674212
wanted:0.04833587284993813
sales:0.07681196978691386
