above:0.03424724566199428
some:0.014685998429350366
go:0.012235422967258661
at:0.005540660455688246
correct:0.020579983900512255
there:0.005772194877843695
swap:0.06693473994304394
thanks:0.012537022924001025
switch:0.026742851710755824
your:0.0158482040525945
with:0.0036781596024499834
ron:0.02664967507059771
setting:0.02705557771926168
work:0.012736304804970464
config.sys:0.11045502558408977
to:0.007801127321268854
h:0.022221271221978093
might:0.026755787872684855
bunch:0.025510710824869973
make:0.01106968857452644
that:0.006545370291216543
reboot:0.03839893574992242
cleveland.freenet.edu:0.053866902786232775
higher:0.023345118949923853
its:0.01300518588700736
re:0.002351827061497928
file:0.019109974103512006
hooked:0.03626140225544223
he:0.010000837783146133
set:0.049988954417470206
you:0.017477955641783706
onto:0.02738467092053048
sure:0.013723547296598766
a:0.002634913444993198
want:0.011903131872403659
as:0.010064329059333566
running:0.019040631524822025
dos6:0.07565357240291747
drive:0.1420781760405529
are:0.008086935617625478
mapped:0.07485886923786675
log:0.03466897523418052
place:0.01710331834790205
couple:0.01984900499782716
have:0.003215412661305993
drives:0.10181239375485941
networks:0.03184891137993399
novell:0.18077848554399156
determine:0.027436864648924794
network:0.02310370861653822
which:0.008125109009544138
writes:0.004158882962374606
were:0.009756624512404397
if:0.008429565028470557
whatever:0.020785915589643794
of:0.003668690293693182
using:0.04159284110650793
please:0.012046637464812923
they:0.005867419022061281
up:0.008449436291524432
one:0.01236869066384431
in:0.004469929607408565
required:0.023539505977993515
installed:0.025191006008522598
or:0.0042409525641703485
and:0.003601862400856508
subject:0.00016790538925797672
space:0.019229639984359143
i:0.0012006208002855027
usenet.ins.cwru.edu:0.03275705292007168
386:0.029680103290048897
will:0.00712770657171877
program:0.017463103348327517
the:0.00521464346533307
originally:0.02861506652702227
bat:0.0324589256314265
last:0.013711714163896214
friend:0.021844021507501924
lower:0.024974733415381242
problem:0.013305442088337009
shared:0.03143970639032982
is:0.010138589693987317
having:0.01645843643031674
first:0.011808520939566297
e-mail:0.017293684129888468
article:0.005096433209538371
give:0.014863121203496898
mine:0.02053609462138356
s:0.0039021149739372225
