22:0.049599364288723226
some:0.01389924851349231
statistics:0.056251268929812824
simply:0.03641242071289749
24:0.04360813986748167
there:0.01092594030448985
dos:0.04201848043147545
tony:0.055032673540984615
compared:0.04908081697516216
1992:0.04697555398671776
often:0.036991909384270306
to:0.0065628531432896705
usable:0.06904820398436289
corporations:0.07268369981235315
enough:0.028954149130207094
that:0.008259633938916114
like:0.013864750756055632
re:0.004451672652121078
mean:0.03146931020035548
unix:0.14152026486144045
on:0.006035819348086785
market:0.09311560035888147
28:0.05264958813391365
as:0.009525168574012123
are:0.015307413847648227
base:0.04585280780253632
18:0.0920654641243595
not:0.014355000204189639
have:0.006086316823186343
open:0.03934476879468289
netcom.com:0.038321847318108795
be:0.013772887074701697
writes:0.007872171321637646
applications:0.04643215508802776
certainly:0.036616158062567156
of:0.0046295377515652054
what:0.010957644083293227
but:0.007920038360123931
they:0.022212372012089133
35:0.05375266944918395
according:0.040946740530788305
installed:0.0476829756589892
and:0.0022726036576832726
for:0.0038732007489532616
subject:0.0003178209153811702
info:0.0350642316594333
developed:0.0504440278122028
survey:0.12037163475569017
preferred:0.060796451834839726
platform:0.06223785578190206
research:0.036753946196866394
the:0.003589300047566919
apps:0.18890083967573185
because:0.02100859879636326
1000:0.05562638580336763
maybe:0.03152277478978957
may:0.022155065802855128
development:0.09255388173943338
an:0.010689263554306388
nicely:0.06429106126227042
is:0.0031984836534602844
1993:0.036067330988215913
sold:0.0488872393457362
by:0.011790898509728167
