vax.clarku.edu:0.0378935471815228
another:0.013044149002285758
above:0.0160156237066385
since:0.011769538961198126
louray:0.0378935471815228
at:0.005182147132084889
out:0.006930453524002705
k:0.022286241507362723
know:0.014516177948921198
help:0.012588780706128217
all:0.005612163709684066
bs:0.1333814854735387
startup:0.06367392474914964
monday:0.029738874469052864
own:0.013332297856164677
your:0.03705683006415478
with:0.0034401610399385136
c:0.015212339384876233
previous:0.020430584821722386
into:0.010534140605778742
from:0.009959673581531478
work:0.011912190964648845
wrote:0.03030088205521013
my:0.016768486964652374
to:0.003242821553154896
that:0.0020406154437322163
view:0.020031463251674302
think:0.008469106044285619
terminal:0.02808350706059295
nt:0.012601386206866561
rob:0.05177273755293222
re:0.0021996500163421794
michael:0.017674677656904055
file:0.05362033910220722
brad:0.05624123964110666
this:0.009264395971260336
30:0.020135914555140532
26:0.025860959005027783
you:0.003269405820051305
great:0.014830886404309863
size:0.021181630218034514
support:0.01611150770313827
more:0.00747893544600427
a:0.0016429460304075237
how:0.007737429395465437
richard:0.021976926557522227
want:0.011132929221836362
said:0.012891204874490778
copy:0.020097717323902014
also:0.008726453715762155
plus:0.042069410046819654
files:0.019466538615221702
setup:0.02596326337392113
are:0.007563663312955595
those:0.010917150907573883
book:0.018292344180492196
com:0.034117936086391076
not:0.003546529462211558
should:0.009663600836667527
vax:0.034888690571134626
probably:0.014042492441348284
between:0.013663916741449443
b:0.01800534321478966
has:0.0062633792581561825
seas.gwu.edu:0.03665989699927534
be:0.010208139831837729
writes:0.003889778770691543
of:0.002287536300773396
what:0.005414365311744889
but:0.00782686143824012
least:0.014162719898273425
windows:0.048480126731002965
must:0.0136321201616441
they:0.005487762497104374
now:0.009717143516930848
in:0.0020903494340528293
purely:0.029313458812702125
logo:0.06669074273676935
or:0.007933075972977474
total:0.021535385269437657
and:0.001122933572031735
for:0.0019138168406592588
subject:0.00015704092289422526
i:0.0033688007160952048
limited:0.02283585331116329
any:0.006019336860522396
than:0.02524590498034343
the:0.002216920617614862
do:0.008450799045958784
thing:0.013317249618382097
less:0.032339594783485616
hello:0.02276053406265748
views:0.04764807993102222
around:0.013924673136197857
can:0.005085682308457138
64:0.029788099467114727
maybe:0.015575959307896023
rle:0.07659877520406858
put:0.01463211352674576
may:0.021894417969880363
about:0.011588425650845547
is:0.0031608544340078104
window:0.020511722010736127
does:0.007167581260808972
1993:0.01782150472358904
1:0.011520728776027698
faq:0.04567170662232658
changing:0.025190698655914737
article:0.009533328003724717
wont:0.03512881995066554
april:0.020012669775812425
thus:0.03919241262207418
by:0.005826091028336271
mine:0.019207288498823447
says:0.015064863202515107
s:0.00364962518150599
