reference:0.02805739145126582
positions:0.036384617267485514
at:0.013247594172247083
bbs:0.030428892118463616
where:0.01389065261829896
your:0.009473174602866636
with:0.004397198321725919
from:0.006365204920527636
brothers:0.03853083858064615
both:0.01688499310006194
my:0.007144468130303017
to:0.004144959879972423
colors:0.06856987479372999
256:0.03674641612721633
ms-dos:0.03894482186773659
speak:0.02695814146344657
been:0.011031882610687513
make:0.013233687844734613
that:0.0026083054543945623
r:0.023309923058113757
higher:0.027908826413818737
me:0.016294566622624733
need:0.014445127755618316
re:0.0028115827276554172
michael:0.022591693245666834
anyone:0.012578306388281136
on:0.011436289291111802
you:0.00835787953998078
tell:0.01812048912498085
etc:0.017461082612467937
support:0.020593656462657938
a:0.004200012408560587
fl:0.044901499185061214
resolutions:0.043223728122548356
gary:0.031914875515207955
standard:0.02288755293580629
driver:0.08300268267262538
also:0.011154113772026814
486:0.03584907208486621
video:0.02628354280349641
official:0.030497767076348308
display:0.027715198623575018
model:0.027510913620928945
dick:0.03794969817236309
d:0.013698076859977709
bang:0.04429967431533537
it:0.0025778603739847515
not:0.004533157959217781
only:0.010026588257663808
suit:0.03992857826592313
has:0.008005823111928954
highest:0.035482228745246425
svga:0.0390160906192745
minimum:0.036853067518133296
writes:0.004971897676823777
get:0.009882511092414453
were:0.011663934567460895
if:0.005038724960627137
of:0.004385877869903879
3.1:0.02948512769080614
available:0.020308750585069396
wear:0.036853067518133296
version:0.02346218502004199
windows:0.020655693093409786
they:0.007014433266975516
find:0.015913133365965337
in:0.0026718752164585032
rep:0.041348082561408636
or:0.005070010960173573
blues:0.041545957060035506
use:0.02500420342477215
and:0.00287065725181045
for:0.004892464103940962
subject:0.00020072899918810748
i:0.00287065725181045
vnet.ibm.com:0.08231056466246633
unnecessary:0.04401591245080269
will:0.008521092818821687
later:0.02402565435306544
the:0.003967121105205542
ibm:0.2073930036378772
can:0.01300099236748441
64k:0.04522149628595442
development:0.02922754160192633
is:0.002020094939027548
violence:0.035393247860682486
vesa:0.11906959874556083
x:0.04579187954204665
under:0.018250552083501046
resolution:0.033592646577720806
95:0.0402591280660819
opinions:0.02147075304902287
needed:0.02508137361004527
sales:0.036384617267485514
s:0.004664934442526453
