some:0.03155505067927984
thanks:0.05387531472746387
tcp/ip:0.16197169731921554
to:0.007449725189680167
basic:0.10323385971783784
that:0.018751601374836585
terminal:0.258064659475719
unix:0.1070964166519009
great:0.06814191050628857
m:0.036994992219353304
a:0.007548670950521055
be:0.01563408803074247
host:0.12937444857223582
looking:0.0701050093353147
using:0.059578934557970836
windows:0.14849768548235145
good:0.043784050036743224
for:0.017586425022274272
subject:0.000721539375459954
i:0.005159424520145809
any:0.027656412602400197
will:0.030629874186575257
program:0.07504414682119122
connect:0.2484365583978674
suggestions:0.10694584786678048
would:0.025206747192010166
peter:0.19902124761221388
is:0.007261422348396322
telnet:0.15362749511246923
