school:0.03367152292403801
some:0.010810526621605131
pc:0.03085964872220262
at:0.008157083448652139
tel:0.037643037771281265
take:0.01968286231792318
fax:0.028320771665586938
versions:0.04111502796896994
with:0.005415068303606919
ohio:0.04696681275977192
tcp/ip:0.055490303711212725
from:0.007838631985464589
to:0.005104441333669743
look:0.021955262261813983
basic:0.03536715564407407
ftp.cica.indiana.edu:0.054917383306415615
direct:0.03697940391272383
mail:0.028373291711443108
client:0.09271886102906583
that:0.009636239595402133
quite:0.024594438723235197
terminal:0.1326165611194667
re:0.003462412062760838
package:0.03599317623200187
complete:0.03428903565087757
cleveland:0.049895862095069674
student:0.03725016177933955
recently:0.030641773746182304
unix:0.03669043903815123
you:0.005146286938969647
great:0.02334491378456182
m:0.012674210297371038
a:0.006465296878918495
low:0.03144254203685018
was:0.008198714204642459
as:0.014816928892907748
40:0.03541210359282221
driver:0.034072088874874
also:0.013736084552588576
are:0.00595288316297431
it:0.01269834924962859
ftp:0.0702475360609088
be:0.005356122751272882
writes:0.006122799916829281
of:0.0036007515845507157
host:0.044322727751599296
department:0.03211181095086052
looking:0.02401745690191337
version:0.05778649273454786
latest:0.038577283335673625
using:0.020411301654119633
well:0.015582110279197637
windows:0.05087420706339817
good:0.015000091216291658
in:0.0032903648498979715
registration:0.09157890004759484
and:0.003535161245285091
for:0.006024978942816185
subject:0.0002471940452964657
i:0.0017675806226425455
medicine:0.04103198472838882
20:0.029118818040792777
any:0.009474882095266734
will:0.010493568008363744
program:0.025709568818371064
connect:0.08511252463630642
suggestions:0.036638855287693305
the:0.0006979194536935675
would:0.008635644871336815
can:0.008005240670719567
peter:0.034091602600240335
leland.stanford.edu:0.04673435052707677
priced:0.05338484220940105
is:0.009950838032987552
nice:0.029256846821803312
article:0.007503082225153713
comes:0.05600326550454651
packet:0.05180189963399698
telnet:0.05263164184408667
