at:0.007865759039771705
all:0.008518462773627599
take:0.018979902949425923
ron:0.0378330208591521
c:0.023090157994901425
microsoft:0.11409653822516072
previous:0.031010709104400052
such:0.017169796459533915
from:0.015117361686253135
my:0.008484055904734833
to:0.0036916048931004393
like:0.010398563067041724
nt:0.006375701354664629
generally:0.06904909809326963
anything:0.020725367413566103
re:0.006677508978181616
wait:0.032780355402768906
this:0.004687343199744812
on:0.004526864511065088
you:0.009924981953727175
products:0.036161489233365075
them:0.01308802831725215
bugs:0.09057885317956013
includes:0.03364066403064597
a:0.0012468786837914242
ms:0.03732267787843827
as:0.007143876430509092
challenge:0.04213514663498013
lets:0.041371555800710814
andrew.cmu.edu:0.03638195898863625
based:0.026972348320540556
third:0.032614151755963265
are:0.01148056038573617
care:0.028268008404231222
releases:0.0510354108703209
it:0.006122418388213785
fifth:0.04470373656758531
have:0.009129475234779515
buy:0.053693591522213674
left:0.026110760566969298
always:0.023722822303559887
second:0.02455085514868095
usually:0.029444203055237615
personal:0.029945495278533175
writes:0.005904128491228235
if:0.011966971781489451
of:0.0052082299705108566
even:0.014992495069339515
what:0.008218233062469922
but:0.005940028770092949
never:0.019678028846980895
version:0.055722689422599725
least:0.021496985559879306
san:0.03605326280004057
oh:0.028836751644120296
up:0.01199518187814629
supporters:0.044774880939452956
in:0.0015864259097722363
francisco:0.044563126237512636
or:0.012041276030412237
and:0.003408905486524909
for:0.002904900561714946
subject:0.00023836568653587764
away:0.024723067735032772
the:0.005383950071350378
do:0.006413552847379434
see:0.015798087155456927
upgrade:0.07897438220087048
nuts:0.05008030266003369
major:0.08776146355494086
upgrades:0.05210506444007644
is:0.0047977254801904266
number:0.02234165043212284
their:0.013515032308765303
experience:0.029573417632099534
advice:0.034730866680654005
first:0.016763882405277153
release:0.07096077659620104
takes:0.031927677267675626
going:0.019444782893300736
plenty:0.04161890046632989
