expensive:0.019660615505518876
believe:0.021093901750780002
week:0.016737081574784384
computing:0.06353099241522876
there:0.004455237794063822
concept:0.02065947448602322
gnu:0.029092003887431914
keeps:0.023175709710198063
anyway:0.014798610784682203
employees:0.027021525648082415
leader:0.022738083025759727
with:0.0028389678484929477
way:0.008409576793915258
much:0.016963076403494478
microsoft:0.08271075910173463
response:0.017046594915666707
led:0.020463491693351436
to:0.005352229747925556
usable:0.028155578323720787
software:0.027337727072633558
t:0.012506179878642922
next:0.013001844775481433
been:0.007122526151560384
make:0.008544080016260697
that:0.006736012144358773
think:0.020967204284396437
protection:0.020533846097732827
really:0.009472794869858863
nt:0.0034664007365166915
me:0.0052601392252647795
brought:0.018807732245318773
re:0.0018152451591173326
anyone:0.016241890773217388
this:0.005096916877392417
largest:0.02604739605846032
th:0.028241498600902346
reply:0.01743299281240361
getting:0.013166027049634398
best:0.011821243106608903
productive:0.02860124603854177
on:0.002461207889511116
you:0.013490266733221404
market:0.018984734053752533
none:0.017585001128258705
helmet:0.025675842286021804
posted:0.01656981031301891
a:0.0020337438725918375
air:0.018709412551607615
ms:0.02029194137080139
crash:0.024790786185080276
challenge:0.04581685847687159
let:0.01118998904248944
question:0.010597019822073322
technological:0.028791637849965468
college:0.019997647090139088
others:0.013088971956642699
l:0.016043497955113412
no:0.0054647851270995616
d:0.008843903992121531
it:0.006657386985242174
not:0.005853495228892862
should:0.007974816224434366
catch:0.023523728780373385
have:0.002481799092949771
bag:0.025727211748791404
suspect:0.01884512166455223
hope:0.014021657949708957
doing:0.013013120898860753
has:0.0051688081256628686
yourself:0.017020750831915496
be:0.0028080643550362685
which:0.0062713220025122215
writes:0.0032100116068813703
get:0.006380456190733603
down:0.011477502800743484
if:0.006506314754984556
of:0.005663318026186563
future:0.017012166622902183
even:0.008151259455174881
what:0.013404496645582008
but:0.0032295302050990788
version:0.015147915571192157
wearing:0.024382615713184445
windows:0.04000787157412866
must:0.011249807900385907
they:0.009057472082599452
who:0.012553911400328624
cares:0.02458241218159953
up:0.006521652283264003
now:0.008019001931447787
supporters:0.024343624588440443
one:0.004773353921240885
email:0.013319896402756994
in:0.002587568474191609
cats:0.028695508591246147
use:0.008071745280326932
and:0.002780078260855266
subject:0.00012959687811659365
i:0.008340234782565799
pretty:0.013970971150095273
yet:0.012767323993622154
masses:0.02669560670226868
the:0.002927196155297293
wrong:0.012832145906941069
do:0.010460940566599465
when:0.0063479341885618245
got:0.010738610784614437
can:0.012590766880160875
planet:0.022966566088177133
friends:0.03860808102512365
come:0.023312559946304934
an:0.008717457655939191
just:0.005700915356630514
company:0.01634042737685121
is:0.007825416317203803
done:0.012857590055440283
else:0.012264816627854643
time:0.007667524125746182
guess:0.014544452732697345
dave:0.03404150166383099
article:0.003933654758818451
u:0.018357492638801046
brett:0.07628053713397488
before:0.02064266278856936
while:0.010535643232420011
s:0.003011826606097176
