week:0.0249843391623593
out:0.00853751521072797
there:0.0066505723592546915
andrew:0.027285928689652163
help:0.015507918261172442
all:0.013827070009366539
startup:0.07843889280692347
where:0.0133873681031432
specifically:0.029326396027214936
with:0.012713638625859724
way:0.01255342622859814
user:0.054806427298449506
c:0.018739838372673623
though:0.018011189866744055
ca:0.014902526058640009
such:0.013934907271505786
mentioned:0.05094440027234548
beast:0.039219446403461734
work:0.014674438144857273
to:0.001997390087088161
remember:0.020163942293632116
software:0.02040424556870476
been:0.010632176718995936
format:0.029130829761145033
that:0.005027603267166331
like:0.008439413503686037
really:0.014140548863702362
nt:0.01552344677657475
me:0.007852091886989454
re:0.0027097137882476125
anyone:0.012122570649575299
file:0.022018013641002965
path:0.03214441037000663
directory:0.030546951368336205
on:0.003673976994487608
you:0.0040275289087588545
great:0.018269932527048383
a:0.007083716580380265
running:0.0219381189307732
copy:0.02475805757292277
avenue:0.038560230619362264
files:0.04796103716793752
are:0.004658778127545112
no:0.008157577798423984
d:0.013201769727369823
it:0.0049689192715937965
not:0.004368913105622934
ones:0.02458427522012215
couple:0.022869505758366077
have:0.00370471458802647
ve:0.013225606514691552
real:0.0370665775941775
cica:0.042157599360767274
has:0.00771575705714892
provides:0.032015582500287174
found:0.019380583371427517
of:0.002817979500952734
even:0.012167822085261055
vms:0.0425565832533979
seen:0.03757195493655584
what:0.006669870311569791
seems:0.01707599340131216
well:0.02438939000222239
windows:0.01990729841611233
direction:0.032015582500287174
called:0.019436626781570536
over:0.0145358025544881
one:0.007125441360692916
in:0.0025750681433984127
point:0.015953159139565656
logo:0.0821552627916724
or:0.004886314910891923
weeks:0.026380904966181958
and:0.00138332396554634
few:0.016562518122509324
for:0.009430401823538376
subject:0.00019345620936245142
create:0.027556852835098688
i:0.00414997189663902
example:0.020372167708390614
mention:0.02735271604548495
any:0.01483025023606967
will:0.00821235757176293
program:0.020120532118725182
the:0.0038233848332778052
do:0.005205202310916642
can:0.006264970959693575
did:0.011912398865528735
rle:0.09436081003399752
myself:0.02415102943476727
long:0.017248632210931775
here:0.01304638337408258
is:0.003893806186821216
discussion:0.024912115539783994
methods:0.032242556928758485
changing:0.06206404016674646
readme:0.04190331443459865
comes:0.021914321284387767
while:0.01572711960781538
