some:0.011446439952287786
out:0.011550755873337842
form:0.03346451886746957
with:0.017200805199692568
way:0.033968094500912614
from:0.016599455969219128
to:0.00405352694144362
then:0.015645885782115718
bit:0.026716511745644114
communication:0.04718296550126076
its:0.020272789765040884
server:0.03923979161909445
so:0.010017750954754118
anyone:0.016401124996484228
this:0.010293773301400373
stealth:0.05206373440556644
on:0.00994134951449588
set:0.025974652785548245
you:0.005449009700085508
machine:0.03189018974827791
etc:0.022767882229982703
a:0.0054764867680250785
other:0.0270452546633708
same:0.019040130887535416
ram:0.03813585361012989
driver:0.036076329396925406
also:0.01454408952627026
vga:0.04421942754172219
video:0.03427167836142179
it:0.02016796645529247
have:0.005012260913212283
has:0.010438965430260305
network:0.10804381382439932
cure:0.054710005151761935
if:0.013140204309086457
of:0.003812560501288993
what:0.009023942186241482
again:0.02393989351086292
variety:0.04580996477924393
windows:0.026933403739446093
up:0.013171180101493967
observed:0.049982041903507676
one:0.009640303017408064
in:0.001741957861710691
rather:0.025230231891302583
use:0.016301760075954394
and:0.0018715559533862248
subject:0.0002617348714903755
until:0.05610128873264008
i:0.0018715559533862248
any:0.01003222810087066
later:0.03132756891135004
than:0.014025502766857462
the:0.004433841235229724
when:0.012820337674938587
can:0.008476137180761895
including:0.03117615398559049
is:0.005268090723346351
done:0.025967289719810768
itself:0.03297113569210176
else:0.02477011985625546
time:0.015485391861801114
goes:0.1263932233721834
workstations:0.053179017595337594
16:0.03418620335122688
diamond:0.09817291167783442
workstation:0.10433944755827436
behaviour:0.051855132460004824
share:0.040010284507263294
