manager:0.06437538262153439
at:0.019256065845998493
there:0.01003037142707265
know:0.013484974050910403
dos:0.019287171345595287
situation:0.019257553490571577
produces:0.02878901324599809
text:0.0197626433510031
way:0.009466518139598597
option:0.022899514875696077
ca:0.011237970470449842
from:0.004626077893061069
work:0.04426387899432358
often:0.016979892832124078
several:0.015401373617854626
my:0.01038485531508526
to:0.006024914361052812
then:0.008720657649048105
memorial:0.03159922072117276
that:0.0018956536908987804
configure:0.03209184966649678
through:0.012947886852594683
nt:0.003902068588647205
me:0.005921249619696966
michael:0.03283819892539551
so:0.005583664466584263
anyone:0.009141610653778094
file:0.13282998393260806
this:0.005737512987665782
slowly:0.028845640497558455
machine:0.017774859859695884
seconds:0.025290517185311733
passing:0.026706411720873072
a:0.004578702051955394
how:0.02156332782342827
other:0.007537202119300059
ms:0.04568458931568401
as:0.004372208525776057
bring:0.02072878113272719
copy:0.018670010628761433
question:0.011928885701350297
no:0.0061516160447131684
it:0.003747053876939584
not:0.006589180421595245
have:0.005587438395056315
university:0.012843388533325976
open:0.018059893872969197
be:0.0031609904761610453
which:0.02117856282815603
applications:0.021313120368275037
if:0.007324048303425238
of:0.005312584305074826
com1:0.03502247649199938
gives:0.019871718446973254
but:0.014541709775965252
print:0.16816689189061784
seems:0.012876978630497695
well:0.009195999509034672
windows:0.030024122201349743
find:0.011565282719526723
postscript:0.19243941163956452
in:0.0009709273327567785
ought:0.027273607314761833
rather:0.014062752201709635
use:0.018172453855162272
and:0.004172649338697157
word:0.0335396340564308
for:0.005333587916591377
subject:0.0001458850103388978
i:0.010431623346742892
example:0.015362618271901118
mention:0.020626638329382094
any:0.005591733695567253
later:0.017461267917801657
the:0.0037069820163396047
do:0.01570093811817479
can:0.004724404330260729
home:0.03201489674165408
10:0.015794381190689422
here:0.009838256314881945
is:0.0014681564310965241
select:0.02588609250612269
window:0.01905460514658547
printer:0.07124478979062018
does:0.006658408821516531
run:0.014627510537636038
pages:0.02456826705903587
nice:0.017266335829260973
very:0.009525915255647253
documentation:0.024465160587427218
s:0.006780724380940091
