since:0.015390935564643703
read:0.017438485091522477
pc:0.02563724663075295
emm386:0.30218139399307864
dos:0.10860161096135193
with:0.0044986721291503644
option:0.032235470940402945
remove:0.03398577219261254
from:0.0065120942648475046
config.sys:0.04503166427659045
my:0.014618680943543098
to:0.00318045960020961
mail:0.023571657729506586
that:0.008005491356180235
memory:0.052025111171804854
indeed:0.028371094680804735
nt:0.00549291193632645
could:0.011608531964046596
re:0.0028764654059859275
charles:0.031663481961029506
upper:0.04021522988984441
he:0.02446358780800362
on:0.007800135772912153
you:0.004275376841605553
etc:0.01786403067275566
a:0.005371169714793828
load:0.034584560552335115
was:0.006811239493087582
following:0.0210562636387674
based:0.023237715476158022
no:0.017319165172038613
exclusively:0.04314610690710595
thread:0.032022521488492044
place:0.020918673979357122
it:0.010549397838152985
not:0.004637769296738192
application:0.02838744390628407
have:0.011798091072638144
only:0.020515942127219796
between:0.017868198815741584
suspect:0.029862269714598152
allen:0.0342617590208041
device:0.030878113730083277
recommended:0.037758665149156476
down:0.018187427515024293
comp:0.04517544991514547
of:0.0014956968120441434
286:0.04250470991526709
windows:0.06339708880208081
good:0.012461614241226918
one:0.007563930059812481
in:0.006833834688249634
1024:0.04836732570024323
system:0.017194017917250195
or:0.005187011213100657
use:0.012790611751902678
message:0.024979383758151705
and:0.004405354782586037
for:0.0025026835608621075
subject:0.00020536120686167922
i:0.008810709565172074
necessary:0.02772904444216558
will:0.008717733422332957
the:0.0034788600461033215
do:0.005525522453126898
drivers:0.030248490449850046
frequently:0.03589962053805541
is:0.004133425029087137
expanded:0.043845889816380774
else:0.019435017117985055
ux1.cso.uiuc.edu:0.09673465140048645
keep:0.02038011218558401
run:0.020591034064518423
runs:0.028859927080333348
slow:0.031588677731091086
loaded:0.07179924107611083
almost:0.023246099463573602
article:0.006233329848589239
by:0.007618734421670509
high:0.02151787558185786
s:0.004772586775815526
newsgroups:0.03297132569862689
