louray:0.03127137388766445
manager:0.019062613300551444
out:0.011438612612431648
there:0.01782095117625529
resulting:0.02379348533937732
entirely:0.020175364301850546
know:0.011979370152022347
take:0.01031917053561021
swap:0.025831610803262097
your:0.006116175835831371
with:0.01419483924246474
way:0.008409576793915258
post:0.012536785458403787
my:0.004612690588982045
to:0.002676114873962778
job:0.016851886190724155
then:0.007746991989202927
that:0.011788021252627852
memory:0.049247071254863814
could:0.007325772598670181
me:0.0052601392252647795
re:0.0018152451591173326
michael:0.014585899037250917
anyone:0.016241890773217388
file:0.014749931468244703
this:0.005096916877392417
upper:0.02537854313436783
getting:0.013166027049634398
something:0.00966340445225011
on:0.002461207889511116
am:0.015867343268945296
them:0.007115821221030295
2.2:0.0241907184376668
8:0.014332481953271194
why:0.008639430000747603
a:0.004067487745183675
same:0.009427637623925303
low:0.016484439514465144
was:0.008596710039819277
as:0.003884049321441837
running:0.014696409769158744
also:0.014402884773588023
shell:0.07018281381079743
files:0.016064619245571305
are:0.0031209290368991527
daniel:0.020769805801933685
meg:0.045201112589128914
it:0.00998608047786326
not:0.008780242843339295
application:0.07165762539450346
ve:0.008859872325375894
peace:0.018697261434043936
left:0.014196141667478453
after:0.01873022997732962
has:0.0051688081256628686
open:0.016043497955113412
explained:0.022995897711749765
free:0.014017028126819103
seas.gwu.edu:0.06050662611530881
be:0.0028080643550362685
which:0.0062713220025122215
utility:0.023025407644159387
noticed:0.019690305927933617
writes:0.009630034820644113
applications:0.018933500132982194
if:0.009759472132476835
of:0.0009438863376977604
3.1:0.03807302895997298
seems:0.011439257715442125
using:0.010701070770120974
windows:0.04000787157412866
up:0.01956495684979201
clear:0.016008498748478702
in:0.002587568474191609
resources:0.1285559642786386
system:0.021701187662548783
or:0.003273356590791676
clean:0.04215380768909034
and:0.002780078260855266
for:0.0031587268243890676
subject:0.00012959687811659365
cause:0.015308257928844982
i:0.002780078260855266
example:0.013647374484261671
6:0.014263833167763078
back:0.020450065243374147
similar:0.015362904310032528
any:0.004967413914023336
will:0.00550148225681206
program:0.026957606139651213
the:0.0032930956747094548
do:0.003486980188866488
see:0.00858925126898629
when:0.025391736754247298
apps:0.05135168457204361
an:0.008717457655939191
ted:0.021779194795383594
about:0.004781631943310056
is:0.011738124475805705
win:0.01645376409528321
done:0.025715180110880566
itself:0.03265102757858621
blocks:0.026102875164400238
does:0.011829988488713836
article:0.007867309517636902
close:0.01686851075810942
data:0.014244396229154428
upon:0.01683531836258707
while:0.010535643232420011
giving:0.018414402656743083
s:0.003011826606097176
