to:0.0030626648002018463
class:0.08818154825931117
lotus:0.1367604655201577
phone:0.06527438058243487
pennsylvania:0.13414306472779364
a:0.006206685003761756
book:0.06910441134852607
not:0.013398000190576997
should:0.07301387298815465
have:0.034083374209843524
university:0.052229780035525634
list:0.06470285770936844
of:0.008641803802921719
looking:0.17292568969377625
but:0.014784071605564672
windows:0.06104904847607781
please:0.08512957141801132
email:0.12195105150968627
better:0.04969368602892007
for:0.02891989892551769
subject:0.0005932657087115177
steven:0.19940062790440094
any:0.022739717028640163
program:0.06170296516409056
currently:0.07997630004127326
suggestions:0.08793325269046394
do:0.01596262042014437
address:0.14190317128593827
engineering:0.08592776651606887
nice:0.07021643237232796
bad:0.06090224548325298
