expensive:0.021094202052796295
computing:0.06816346061217253
there:0.004780098883214309
concept:0.02216589450062908
gnu:0.031213295837557158
keeps:0.024865605209900006
anyway:0.015877676154398612
employees:0.028991845226588424
where:0.009622170824134175
leader:0.024396068246388042
with:0.003045975920778892
way:0.009022775101804912
much:0.018199967391249284
microsoft:0.08874175195290279
response:0.018289575794934072
led:0.021955621295991646
to:0.005024684437831155
usable:0.030208589243158765
software:0.029331103005013088
next:0.013949895957026955
been:0.007641877016778329
make:0.009167085850779706
that:0.0054203847724137
think:0.014997375286755783
protection:0.022031105709025847
really:0.010163519495786071
me:0.00564369104377367
brought:0.0201791293882066
re:0.0019476067853029715
anyone:0.01742619530876449
this:0.008202850599553422
largest:0.027946685354389718
reply:0.01870414853830804
getting:0.014126049855336907
best:0.012683208749799136
productive:0.03068675356218544
on:0.002640670964787968
you:0.011579145612681705
market:0.020369037578505323
none:0.018867240793860904
helmet:0.027548039119377563
posted:0.017778025648343205
a:0.003636729494391654
air:0.02007364055016234
ms:0.02177156209575566
crash:0.02659844767774238
challenge:0.04915767107414348
question:0.011369719184099502
technological:0.030891028109858783
others:0.014043376161814562
l:0.017213336347673764
no:0.005863259042617239
it:0.007142821452916082
not:0.0062803125893329675
have:0.002662763610144025
bag:0.027603154272140776
suspect:0.020219245119259162
hope:0.015044070508541903
doing:0.013961994297736017
has:0.0055457003848257864
be:0.003012819047590996
which:0.006728605898528738
writes:0.0068881499064329405
get:0.006845697787974595
down:0.01231440404663103
if:0.00349036676960109
of:0.005063556915774444
future:0.018252637105822134
even:0.008745622123781382
what:0.014381907859322363
but:0.00346501678255422
version:0.016252451081591585
wearing:0.026160514775604146
windows:0.028616741473161473
please:0.009976121650548201
must:0.01207010639312238
they:0.009717912755288997
who:0.013469300773269252
cares:0.02637487973650783
up:0.00699718942891867
ottawa:0.026977402647963365
now:0.008603720822282522
supporters:0.026118680548014226
one:0.005121410977998033
in:0.0027762453421014137
use:0.00866031004035077
and:0.0029827923007092957
subject:0.00013904665047926196
i:0.007954112801891455
survey:0.05266259020561445
pretty:0.014989687796456388
yet:0.013698274701490435
masses:0.028642161357642443
the:0.0027480578489184225
do:0.0037412391609713365
when:0.0068108043898111245
canada:0.038756329093819236
got:0.011521634487659239
can:0.009005895754559514
planet:0.024641211532106716
come:0.025012434109056337
an:0.004676552805009045
just:0.006116607101384822
belongs:0.02857495612412209
company:0.017531916873079947
is:0.008396019590333247
grant:0.02356760629519175
discussion:0.017905583044219745
done:0.01379512266364947
else:0.013159126173635712
time:0.008226614426581841
keep:0.013799034292322505
guess:0.015604985744456528
dave:0.03652369449348533
article:0.008440967503297927
brett:0.0545617730888848
before:0.022147856950235877
while:0.011303867218117304
john:0.04189809999346634
