taken:0.025943947242194176
expensive:0.03189044719792826
read:0.017850417810219857
configuration:0.0373482990133609
out:0.009276985032129604
computing:0.03435009038723655
know:0.00971555217053781
leader:0.03688224490792523
with:0.0046049399747208454
much:0.013757455665826231
funny:0.03543910354768679
microsoft:0.10062056914344883
4:0.019561177198257316
such:0.015141867743840933
my:0.0074820020577189075
to:0.0032555885671436947
that:0.005463064967472076
think:0.011336598641957128
protection:0.06661373694697578
nt:0.005622665761594004
months:0.02673853968488047
me:0.008532194333894053
re:0.00294441340770213
had:0.012081956580174292
on:0.003992195474325117
you:0.017505479981377067
machine:0.025612593341136587
helmet:0.0416474292198464
a:0.005498047739552737
how:0.010357188954560033
air:0.030347551067961963
crash:0.12063547923133552
steve:0.02525317989633375
challenge:0.03715855451273838
stuff:0.023019027973808046
os/2:0.03725285522964165
it:0.013498245265353226
not:0.009494645804345904
deleted:0.027664405488175878
have:0.004025595379115377
only:0.010500285340703044
ve:0.014371131488404994
bag:0.041730752915362435
university:0.018506614973217744
larry:0.07157138639327552
always:0.020920914157470136
heard:0.02128068786944783
writes:0.005206790480453247
get:0.010349401380245057
certainly:0.024218561238233394
if:0.005276774958767002
of:0.00918616939680655
what:0.007247575614146702
but:0.005238450568900868
never:0.01735385221151071
version:0.024570634706028226
wearing:0.039549754621385796
using:0.017357642351534808
windows:0.06489465782890161
must:0.036495439802826726
they:0.007345823815021604
now:0.013007199983293262
supporters:0.03948650917495064
in:0.0013990527708227596
use:0.013092752186986993
better:0.017607998986625222
and:0.001503139427129094
subject:0.00021021225899227005
twice:0.03551481582091073
i:0.004509418281387282
the:0.0017805189212339834
wrong:0.02081434690417213
once:0.021126229881298475
an:0.007070064083163281
apple:0.02986903108101634
many:0.014592134075418059
about:0.007756032915920248
is:0.012693194971212468
new:0.013574799723492495
right:0.015274595226695272
run:0.021077436443995234
marketing:0.03899804152991559
build:0.02938293750408153
too:0.015374156439877926
brett:0.08248709002414081
while:0.017089311069909626
s:0.009770650092220761
