another:0.01979915473561231
since:0.01786447878039001
acting:0.04608008192318583
correct:0.02921622714447722
help:0.0191079707146589
dos:0.12605544129442633
thanks:0.01779809504389431
where:0.016495149984230014
with:0.00522167300704953
from:0.007558680843126568
sue:0.04945567240461485
my:0.008484055904734833
to:0.0036916048931004393
changes:0.14563961784772103
w:0.02762804334847637
look:0.021171145752463486
been:0.013100360600191421
that:0.0030973627270935427
mi:0.047609293714323056
think:0.012854893102933529
appears:0.034824116316020816
nt:0.006375701354664629
need:0.01715358920979675
font:0.08912625247502527
so:0.018246617810445
anyone:0.01493673883608385
this:0.004687343199744812
bitnet:0.043573712252331476
two:0.016649905648690278
these:0.014791392616954844
orientation:0.0989113448092297
a:0.0012468786837914242
how:0.011744312475260038
as:0.007143876430509092
immediately:0.03770267443574895
accepted:0.037606148399104165
advance:0.028245546577470085
far:0.02222658992965537
are:0.01148056038573617
internet:0.025504767349237553
recognized:0.04463315460770037
it:0.0030612091941068925
not:0.01076625015314223
application:0.06589942335387372
have:0.009129475234779515
pleasant:0.05370052683957087
being:0.01737324937433168
ve:0.016295836598459235
whether:0.025513023079302005
university:0.020985179478559407
mt:0.04982518326321176
loading:0.05089255067972768
applications:0.034824116316020816
of:0.001736076656836952
but:0.005940028770092949
windows:0.09811454219369647
please:0.0171019228295112
accept:0.03189385688091726
michigan:0.04599779035974901
in:0.0031728518195444726
or:0.012041276030412237
and:0.008522263716312274
still:0.018229545377049527
for:0.002904900561714946
subject:0.00023836568653587764
i:0.005113358229787364
any:0.009136493449007207
suggestions:0.03533032474170426
the:0.0020189812767563917
do:0.006413552847379434
prompt:0.05194418492665967
apps:0.04722520991893296
page:0.07508474523548726
problem:0.03777795164367115
is:0.0023988627400952133
printed:0.04344970232232551
printer:0.03880296586810563
does:0.021758728827455807
ordered:0.04182183127952235
e-mail:0.02455085514868095
needed:0.029784131161928757
