since:0.01887567569248756
help:0.020189553962658462
thanks:0.01880553438600154
with:0.005517239403674975
setting:0.04058336657889251
beast:0.05105927927997848
my:0.008964285484248125
to:0.003900563660634427
w:0.029191894858767487
enough:0.045889594847875394
that:0.006545370291216543
memory:0.06380438162579839
nt:0.013473180221178084
its:0.01950777883051104
me:0.020445069441595184
need:0.018124547089596568
tells:0.04176415094638314
anyone:0.015782214619258408
this:0.014857993538813745
ti:0.03574208543633644
getting:0.025586807285138548
stealth:0.050099065182714876
on:0.009566204249797922
you:0.005243386692535112
tell:0.02273608541153257
m:0.038740039022152985
a:0.002634913444993198
running:0.028560947287233036
ram:0.03669676479465329
computer:0.02528965004872939
are:0.006065201713219108
internet:0.026948433425609493
it:0.006468970372452301
have:0.014469356975876969
try:0.02298480822965465
free:0.027240639567214484
deny:0.045279955524545154
if:0.006322173771352918
of:0.001834345146846591
trying:0.025437058708192413
what:0.008683416066005955
hd:0.04206231452577306
using:0.020796420553253966
windows:0.07775114664406137
virtual:0.04658326060455286
errors:0.04050966337382842
in:0.001676223602778212
or:0.006361428846255522
use:0.015686599318371207
install:0.04168066400980783
and:0.001800931200428254
still:0.019261406436127802
for:0.009207986686190774
subject:0.00025185808388696507
space:0.02884445997653871
i:0.012606518402997778
any:0.009653653455554785
caught:0.042596455035202374
will:0.021383119715156308
mtu.edu:0.12284709230841186
the:0.0007110877452726914
do:0.013553168281254654
when:0.012336551347582414
responsibility:0.04092234779800632
can:0.008156282947525597
10:0.027267658093360042
address:0.030120956169185007
wordperfect:0.1181053106427344
assuming:0.03743556294027361
disk:0.0330281036207536
keep:0.024994477208735103
run:0.05050630996957348
dave:0.033078062937496155
e-mail:0.0259405261948327
takes:0.03373490428282708
