laser:0.39211663839293825
out:0.047127083963218394
with:0.023393095071581892
from:0.033862890177207026
4l:0.576323445832462
to:0.0055127966403633235
had:0.06137633942728541
a:0.005586016503385581
how:0.052614519889164976
daniel:0.17114319980793358
has:0.04259097895546204
anybody:0.12158380579650781
windows:0.21977657451388014
find:0.08465786950693562
chance:0.14380230112050416
and:0.007635948289815797
the:0.003015012039956212
jet:0.4071608169131735
new:0.06895998259534188
hp:0.346051800484506
