another:0.012599462104480562
above:0.01546963653482128
some:0.006633732245075876
statistics:0.026847196534683395
simply:0.034757310680493064
24:0.020812975845843525
believe:0.012344726592786025
pc:0.01893660262498797
week:0.019589993206849905
out:0.006694188062957159
marc:0.02723434315495168
all:0.005420839946853927
dos:0.08021709900554404
tony:0.05253118838003077
with:0.0033228828226678827
microsoft:0.07260688796146592
1992:0.022420150766388026
surprised:0.02500387893181386
myth:0.03220859734446248
work:0.023012187090798907
to:0.003132270818388252
everyone:0.017372231576778998
might:0.012085710999309352
enough:0.013819025721235206
make:0.01000045729175968
that:0.011826294048902617
like:0.006617267406299279
nt:0.004057264498422946
its:0.023498006318570117
re:0.004249323895206484
recently:0.03760581323395101
unix:0.0225145875915928
on:0.005761463923173749
you:0.009473846410375941
tell:0.01369332416830939
mainstream:0.03247707964474967
market:0.04444153653492071
them:0.008328745292796823
apparently:0.021526483274157175
28:0.02512821251845879
imho:0.02460040713838665
fun:0.023387799175760428
stable:0.02853874339156816
a:0.0031738730132872617
sorry:0.018053503890560367
test:0.020317612806702676
was:0.010062058342061201
rumor:0.03147179153020945
others:0.030640093443959047
are:0.0073058111545593815
os/2:0.026881321671389145
works:0.016904124963356477
18:0.043940335150262494
it:0.001948042214431659
not:0.01027687514618122
have:0.0029048330292480275
novell:0.032663385456243935
doing:0.01523126650662111
open:0.0187781851065532
netcom.com:0.036579945167285674
nonsense:0.029875755249150347
sun:0.020616433546016145
be:0.006573423376562174
writes:0.011271518028708448
applications:0.02216080129201325
certainly:0.017475893620770688
if:0.0038076728395648254
of:0.0022095521087015756
even:0.009540678680488782
piece:0.024486993828372234
what:0.005229784676117223
but:0.007560036616481935
windows:0.09365479027580118
find:0.012025265554962444
who:0.014693782661748277
or:0.007662630201171424
and:0.004338606982849885
for:0.007394292338910773
subject:0.0001516872550682858
i:0.0021693034914249424
group:0.030649044713711878
info:0.01673520147382044
preferred:0.029016488375718963
actually:0.013888148449437981
platform:0.029704431168635078
the:0.0021413437783779914
apps:0.09015721893614476
agree:0.01713951806229795
did:0.00934040365592594
maybe:0.015044960695126841
development:0.15460705245109896
an:0.010203387938201554
nicely:0.030684370147901797
about:0.005596682842737907
trade:0.023972061910986903
is:0.0030530980328484533
printed:0.027649810568752604
time:0.00897448846536201
does:0.01384646379929006
their:0.008600475105577921
1993:0.017213953426193963
sold:0.0233325460513741
nice:0.01795306509519749
under:0.041374831143846116
article:0.00460416409270796
s:0.003525206141227377
