prism.gatech.edu:0.02177468474702432
pc:0.015358719179713747
king:0.01934402536810044
there:0.004229396246899297
dos:0.032530436463077766
document:0.02099001553837096
own:0.01044465730667279
your:0.005806139272724712
with:0.0026950570358965312
user:0.017426928495820348
much:0.008051598477234707
funny:0.020740857836664617
microsoft:0.019629511952715825
4:0.011448246563035388
arguments:0.03833659571596638
work:0.00933213117046223
efficiency:0.027716400949455936
to:0.0038106889219101316
sound:0.015904070456813045
that:0.00479591648066097
think:0.019904350610993854
memory:0.03116711729186466
like:0.010734000585333393
nt:0.003290684570149486
re:0.0017232281234017075
flat:0.02275495679300739
so:0.004708804596243872
brad:0.044059957322525954
mean:0.012181668464653735
he:0.007327802799632421
something:0.009173554456974759
these:0.007634267157137984
big:0.012791615455610863
you:0.007683856996433943
am:0.00753150394793256
etc:0.010701953859254541
vs:0.03148951101440869
3:0.010790165643491334
more:0.011718147703416828
sure:0.010055502397047021
a:0.0038613017304508623
how:0.006061580632392278
other:0.006356258008441985
want:0.008721649620793463
was:0.004080466055766754
as:0.007374324057299709
challenge:0.021747172456763938
therefore:0.015819933274446387
addressing:0.0496659272467053
irrational:0.025781590601251955
are:0.0029627252608351406
annoying:0.0240017115865963
os/2:0.08720944910902284
model:0.016861527703149998
works:0.013710258034796037
care:0.014589939821538696
it:0.01263983151115104
not:0.002778387136294769
being:0.008966838386751835
interesting:0.01506002102267932
neutral:0.02437430189364282
able:0.012154217631846402
larry:0.020943700626603667
referring:0.02188640645951277
atlanta:0.022059237774989512
32-bit:0.025588207195265632
uses:0.03147460949158006
writing:0.01844451034630246
personal:0.015455739498597769
be:0.002665720078974522
writes:0.009141876373514688
get:0.006057022927608858
tech:0.02089784656737248
things:0.01029827616654493
if:0.009264752346959575
of:0.0008960395648190721
even:0.007738061971272007
what:0.004241668677403831
but:0.0030658213006931347
megs:0.05033247712301522
windows:0.037979822784656704
they:0.004299168776533381
ga:0.05080522638004334
programmer:0.023493863014551995
supporters:0.023109615968749914
comment:0.018108743764436695
in:0.002456401408679592
atheism:0.022208386551496574
5:0.023952745501545466
or:0.012429704289457794
use:0.015325156937763576
better:0.010305142264061765
and:0.00439858772454827
for:0.00449791054717153
subject:0.0001230274511152917
i:0.005278305269457924
sees:0.04884613474885741
similar:0.014584139575422586
assumed:0.02252199698119711
than:0.006592632636956042
the:0.0010420548525194283
wrong:0.012181668464653735
do:0.0033102208244539014
when:0.012052299012384663
would:0.004297924636425696
agree:0.013901175939928291
wam.umd.edu:0.05092730220262417
just:0.021647715455592367
cache:0.02236252449650828
here:0.008296778366928093
people:0.013873485161964216
many:0.008540096901281536
about:0.01815698028243081
current:0.014572560938851696
desktop:0.02307289629294726
done:0.012205822817606906
issue:0.014430230449146788
itself:0.01549795318246258
christianity:0.017726489925815724
their:0.006975500546459511
six:0.019526720443433343
16:0.03213818195230545
somehow:0.01959499272815749
too:0.008997778192923947
nothing:0.011773529960833681
count:0.03929373803257889
article:0.011202758714054392
very:0.016066751076345136
brett:0.024137927265128763
while:0.01000157836810379
doubt:0.016037199534472663
s:0.02001407357600059
