root:0.03788781472020884
ability:0.015068758140821155
pc:0.050117925744329064
studies:0.031722427791982664
at:0.0033118985430617707
all:0.0035867211678431996
programming:0.06598164341598994
corner:0.018426533759066648
where:0.00694532630914948
your:0.009473174602866636
user:0.028433409651075305
motorola:0.01832062820656027
into:0.0067323454999337826
scheduled:0.019232002194769518
both:0.00844249655003097
single:0.012223408535760807
to:0.004144959879972423
w:0.02326572071450642
most:0.006979682195364803
next:0.020138195667287032
been:0.005515941305343756
wednesday:0.019691466979447146
bit:0.010244677436299622
like:0.008756684688035136
hot:0.015727887920155684
me:0.004073641655656183
jon:0.015599128810971178
contact:0.013082978567596118
unix:0.014896869985414785
on:0.011436289291111802
you:0.002089469884995195
identical:0.018373208063608166
seeing:0.015068758140821155
vs:0.05137762323403522
computers:0.016307401754092742
includes:0.014164490118166725
more:0.004779770773762127
magazine:0.0317496205774728
a:0.004200012408560587
demonstrated:0.019437111158117016
demonstration:0.021611864061274178
486:0.017924536042433103
based:0.011356778240227603
college:0.030973799252395882
computer:0.010077830470546298
are:0.0024169600812076145
pa:0.019472410933868294
only:0.005013294128831904
philadelphia:0.05594321593911272
area:0.02412381236585975
university:0.01767173008720792
32:0.016099318689870322
binary:0.020172043564070773
has:0.004002911555964477
open:0.01242466382989986
public:0.0222837939703804
25:0.013825874241690272
environment:0.015780652273976674
without:0.016896319434605223
be:0.006523999140648173
which:0.014570214276513357
5th:0.022222837480438747
thrown:0.036906965935265726
things:0.016802450587520674
if:0.0025193624803135687
of:0.010233715029775717
3.1:0.02948512769080614
available:0.010154375292534698
what:0.0034603086578820722
intel:0.057018142779011134
version:0.02346218502004199
san:0.015180321178964451
fact:0.009016041836950523
windows:0.020655693093409786
brief:0.019198879526791494
now:0.01242040900660334
david:0.009385132478738699
called:0.010083663518258398
one:0.0036966575480286558
in:0.004007812824687755
processors:0.043223728122548356
francisco:0.01876342157368953
system:0.008403091463317762
offers:0.01699282114053618
66:0.019232002194769518
and:0.0043059858777156745
for:0.008561812181896684
subject:0.00010036449959405374
until:0.010756262125430993
group:0.020279067178997332
info:0.02214583052174735
room:0.014992588271874456
information:0.009168501069487838
will:0.021302732047054216
yet:0.009887476476263772
program:0.010438471550316072
the:0.005667315864579346
see:0.006651826170718707
when:0.004916069333999007
around:0.0088992271923069
holding:0.017318264810868737
operating:0.034556964889928925
page:0.01580731478641837
may:0.027985346277290688
come:0.027081131666948213
7:0.01199822755237333
an:0.003375556911886228
jonathan:0.07188729878938445
interested:0.01081607599780045
is:0.006060284817082644
having:0.03935175026196032
issue:0.023544060206502654
hardware:0.013344665878475758
9:0.013386592690319648
run:0.020126574649529282
labs:0.01965405972060065
experience:0.049807861275115
68040:0.024094410518931905
easily:0.013905694618027771
pm:0.03908804137879444
advanced:0.01737873901294251
release:0.029878221724716228
side:0.024213263748655588
going:0.03274910803082229
by:0.0037234416346510002
summary:0.01617231901264138
compile:0.019617021012168275
s:0.0023324672212632265
