at:0.012860803101524541
out:0.008599832840003357
confusing:0.03808852254917344
help:0.046863344234491906
all:0.006963998763841541
thanks:0.014550267481139875
where:0.01348508611849461
i.e:0.02521561311660878
with:0.004268812969266769
masters:0.041961721462036
from:0.0061793595213881424
oliver:0.042465319064130536
my:0.020807611561977402
to:0.007041893518712274
then:0.011648761677195644
mail:0.02236726645865588
make:0.012847302798173019
that:0.002532150550616619
could:0.011015395294350784
me:0.007909406426310545
australia:0.03386199792295064
need:0.04207011660212926
so:0.00745847151375854
anyone:0.012211056566725482
this:0.007663977202502467
off:0.015937645605520804
he:0.02321362346744869
extremely:0.03224927288350095
western:0.02985786688828759
subjects:0.039333964279325
am:0.0238589249153484
3:0.01709099229662496
a:0.0020386921545202845
other:0.010067941517021246
sorry:0.023192822516340323
assistance:0.03801730959336786
advance:0.023091249756763865
processing:0.03462214580070682
results:0.053475675165962924
not:0.004400802982306313
session:0.03517678745747997
university:0.017155767164953675
left:0.021346023237230376
able:0.01925157099350853
naturally:0.03747131533728977
be:0.00844468988521856
get:0.009593970622562936
down:0.017258142897468305
if:0.00489160890338255
of:0.004257823041585518
sit:0.03398331822394363
but:0.004856081914236571
windows:0.08021042865470077
they:0.006809632295676961
who:0.009438342147692323
in:0.007781592783700313
useless:0.03503412617227581
recording:0.04184106962297607
or:0.0049219814430882134
and:0.005573684883077224
word:0.02240055851214174
for:0.0071244276550089195
subject:0.00019486829848188537
i:0.012540790986923754
any:0.007469250118896403
research:0.04507053256258069
the:0.002200738715296505
do:0.010486392976737178
would:0.006807661650396905
can:0.03155350337363917
apps:0.03860747088263133
needs:0.024447785128973335
just:0.00857217929537143
record:0.028150718228004343
many:0.013527014799840097
about:0.014379798252874037
is:0.005883342194686071
2:0.01422196753354313
sessions:0.04104812187843011
grateful:0.039333964279325
thesis:0.04510612230942618
john:0.03914567006688826
