24:0.04162595169168705
at:0.010010966050618535
bbs:0.06898368156401695
there:0.005214653327142884
know:0.014021308246117066
take:0.012078120058725588
where:0.010496913626328193
your:0.007158705807848083
with:0.009968648468003646
someone:0.01251964837876716
work:0.011506093545399453
download:0.032663385456243935
dennis:0.030819657924570653
my:0.005398944666649439
to:0.003915338522985315
ward:0.0629435830604189
most:0.01054883786344908
bunch:0.023046608074740484
that:0.0019710490081504364
hour:0.02645292384477431
re:0.002124661947603242
so:0.011611484061192274
anyone:0.009505197441144269
file:0.017264124332150053
had:0.00871823003228486
this:0.0029828547634739716
stealth:0.1206932024856313
borland:0.0342979426860836
recently:0.018802906616975507
on:0.0028807319615868745
brown:0.02638979188213186
you:0.012631795213834588
etc:0.013195022656012701
purchased:0.027198037483935934
them:0.024986235878390467
card:0.052174574088310936
came:0.017151856434533787
a:0.0015869365066436309
low:0.01929428715897625
want:0.010753397543819213
quick:0.023064063751086907
old:0.015044960695126841
also:0.008428960975452083
nyx.cs.du.edu:0.026712709352377118
video:0.039723990828011625
locking:0.07145173114808659
are:0.0036529055772796908
manual:0.02232725793683388
proper:0.0233325460513741
yeah:0.022467172978341773
it:0.003896084428863318
not:0.0034256250487270734
ftp:0.021553221291415202
have:0.0029048330292480275
received:0.021984606765066885
ve:0.01037007783538315
date:0.020328404487405246
hope:0.01641171328204571
cica:0.033055390407874335
has:0.0060498549652644945
rates:0.026054574036893475
writes:0.0075143453524723
get:0.014936067901035481
if:0.007615345679129651
of:0.0011047760543507878
but:0.0037800183082409675
using:0.012525116924118868
please:0.010883041800598039
they:0.005300679684703089
find:0.012025265554962444
up:0.0228998926764611
net:0.018836036846014106
now:0.009385877260671843
david:0.01418434795082099
according:0.019542762526058056
system:0.012700126870696165
use:0.009447610953109932
better:0.0127057719960307
and:0.0032539552371374132
gets:0.01896202467268639
for:0.0018485730847276932
subject:0.0001516872550682858
doug:0.07366430939759294
costs:0.023387799175760428
i:0.009761865711412241
any:0.005814132194822769
than:0.00812841637624694
the:0.005139225068107179
wrong:0.015019443504715117
do:0.012244055435906192
when:0.0074299684252485
thank:0.02062780856119042
got:0.02513811160943834
can:0.009824613550428562
drivers:0.13405580994819905
maybe:0.015044960695126841
may:0.010574008678635402
an:0.005101693969100777
e:0.01767550963666947
is:0.0030530980328484533
number:0.0142174139113509
right:0.011022009055626702
gave:0.0210901926877153
does:0.01384646379929006
trouble:0.021675124331195086
dave:0.01992201517826473
diamond:0.05689566472238131
respond:0.022977316750343788
s:0.003525206141227377
