since:0.012583783794991707
at:0.005540660455688246
filename:0.04010921069007111
out:0.007409918862141257
say:0.011934245121179519
delete:0.033675874420055936
ever:0.016625295954904785
your:0.00792410202629725
user:0.04756784256091844
from:0.005324353801447646
reach:0.027410713641700495
batch:0.03693590244634535
subsequent:0.034836700058596626
name:0.017372531483209126
my:0.011952380645664168
to:0.005200751547512569
dod:0.021996629193034196
bet:0.027130008270500692
within:0.020355032807061746
w:0.03892252647835665
front:0.022119188235005874
mail:0.0770896982348643
next:0.016845157382070285
that:0.0021817900970721813
problems:0.01725203293013694
like:0.0073247739843312785
really:0.012272929202458654
file:0.03821994820702401
this:0.00330177634195861
2.0:0.029495652880649398
management:0.028489902034460668
directory:0.026512448357423876
on:0.003188734749932641
set:0.016662984805823403
you:0.0034955911283567416
specified:0.03294295733668517
backup:0.03139037823019758
m:0.00860889756047844
a:0.008783044816643994
how:0.008272723253013361
other:0.008674893005232144
load:0.028276684728324307
beer:0.0670722125283545
as:0.015096493589000348
question:0.013729472222308834
variable:0.033399376788476584
jack:0.026885257224905257
course:0.01538460251509446
drinking:0.03389152897023601
files:0.02081328028042572
d:0.011458139763377582
it:0.006468970372452301
ve:0.011478828295770028
date:0.02250188169675046
points:0.02305129741176373
writing:0.02517269651036248
his:0.011600182650976457
if:0.004214782514235279
end:0.017007757248902574
of:0.007337380587386364
what:0.0057889440440039705
but:0.004184171209122078
ok:0.020527353399439823
using:0.02772856073767196
windows:0.017278032587569193
up:0.025348308874573296
one:0.006184345331922155
in:0.004469929607408565
system:0.02811600414141541
total:0.02302525469059372
and:0.004802483201142011
gets:0.041978821916890625
word:0.019301110164549804
for:0.004092438527195899
subject:0.00016790538925797672
create:0.02391726849838754
i:0.004802483201142011
world.std.com:0.05781228088503833
will:0.00712770657171877
shoot:0.02931645819011917
the:0.003318409477939227
do:0.004517722760418218
original:0.01940986171870113
would:0.005865721044681611
may:0.02340912613131863
an:0.011294316208323734
variables:0.037429434618933374
makes:0.017565898630515563
current:0.019888337885099486
nose:0.03206395140979738
is:0.005069294846993659
move:0.02224418311681143
new:0.010842764559016019
time:0.009934024967947885
1:0.012317760326570495
words:0.020804145481178458
remote:0.028336869954840978
packet:0.03518619597780927
while:0.013649952867160519
main:0.02338627051337628
include:0.021141655806569824
va:0.03139037823019758
