with:0.013924461352132078
from:0.010078241124168757
mechanical:0.12593389311715458
my:0.022624149079292888
to:0.0016407132858224176
everyone:0.036398961398965514
been:0.017467147466921896
that:0.004129816969458057
dirty:0.063610603954652
think:0.017139857470578036
its:0.024616959000406786
font:0.059417501650016843
re:0.004451672652121078
so:0.01216441187363
this:0.006249790932993083
on:0.01207163869617357
card:0.03643938507755049
m:0.032590826478954095
why:0.02118717357326198
a:0.008312524558609494
ms:0.04976357050458437
as:0.019050337148024246
running:0.03604119538627026
compatible:0.0536376467002347
therefore:0.040868160958986495
486:0.056761030801038156
video:0.041615609438869314
meg:0.05542517377000331
it:0.0040816122588091894
not:0.007177500102094819
have:0.006086316823186343
systems:0.03571925143193584
only:0.015875431407967697
left:0.03481434742262573
mouse:0.31042372694484505
screen:0.04450365678697676
be:0.006886443537350849
nature:0.04538589455071154
seems:0.02805341773072712
well:0.020034141787539816
windows:0.06540969479579765
errors:0.05111933711459301
in:0.002115234546362982
66:0.06090134028343681
and:0.011363018288416364
i:0.004545207315366545
similar:0.07535138780635002
when:0.015567552890996855
can:0.010292452290925158
problem:0.05037060219156153
e:0.03703440114349794
is:0.006396967306920569
having:0.031153468957385255
man:0.034500587366609506
1:0.023315760618151292
cunyvm.bitnet:0.07240357484318416
occurs:0.056835669051200015
strange:0.05233765512922289
trident:0.07387516955707914
s:0.007386146200666885
