manager:0.053793127944021885
printing:0.06656840795633831
tony:0.12665053636829335
with:0.008011333928623935
though:0.03404855070699561
such:0.026342701417367102
to:0.009439720274594731
need:0.05263567099992428
re:0.005122472640796856
file:0.12486928284075653
this:0.007191540251663273
drag:0.14296239970511676
you:0.02284105435926254
am:0.02238816926988172
a:0.005739058051423541
as:0.02192093589635667
let:0.03157722935277842
it:0.023483248612326844
have:0.007003433056817162
stay:0.05409174751035866
which:0.017697155239965998
utility:0.12995161574511874
writes:0.009058388918048799
things:0.030612683947126705
3.1:0.053719479217496126
looking:0.03553267596447457
associate:0.06784590786711342
print:0.1204483022151979
one:0.0134700124352825
in:0.004867937038205219
or:0.009237143256206648
and:0.007845152352550476
for:0.008913667477043122
subject:0.000365711738246826
i:0.002615050784183492
will:0.015524730752099786
the:0.0030976151095440533
do:0.009839971491869817
an:0.012299974500845709
issue:0.04289534256801168
window:0.047767023860618374
printer:0.1190666349925433
extensions:0.07921448482157005
icon:0.07683553284827087
article:0.011100450415295903
s:0.008499127135013948
