some:0.01490472606553218
since:0.00851413456767524
at:0.007497574574080264
out:0.005013519570555148
ideas:0.015306355902295619
there:0.007810884983635297
know:0.005250532449609795
thanks:0.008482496361345375
with:0.0024886271352746697
much:0.007434880295999708
into:0.00762044214035058
post:0.010989692784813534
kansas:0.02675639294056008
to:0.004691741821585807
sound:0.13217297703045056
software:0.011982067610558539
enough:0.010349568199733601
that:0.0014761898954658587
think:0.006126587351185341
really:0.016607623346305753
packages:0.02104366213859626
nt:0.0091158964049673
suppose:0.01640059142821774
could:0.0064217410864938615
supreme:0.022163282614005946
responses:0.01887629204706772
me:0.013833046983887804
need:0.008175327623392495
140:0.02446279080978269
package:0.016541544821515753
complete:0.01575836532040331
greatly:0.016608209148087666
so:0.008696260403275915
anyone:0.007118786168686771
this:0.0044679356457142045
multimedia:0.025782599015330945
these:0.007049514779144437
on:0.006472453088161147
you:0.0023651020825903057
etc:0.009882229733864833
material:0.017968934199165457
support:0.011655133232057472
board:0.06112674926561948
a:0.0017827712244847596
want:0.024160825119729976
looked:0.031702154931742
as:0.006809482214612922
speakers:0.07217164672971839
concise:0.025324596188980454
120:0.02158474799172497
those:0.007897513422500255
taking:0.014497659719794066
d:0.015505057211719452
it:0.0014589592754892424
not:0.002565574504578574
have:0.006526603572097695
boards:0.07963088389102159
ve:0.015533052757680292
buy:0.02559013723611886
money:0.026384849078545786
bother:0.019513212895715965
glad:0.019740824321039307
be:0.004923074528829543
which:0.01649224254277682
summarize:0.02439245335467116
spend:0.01744722219026192
if:0.005703407827773696
of:0.004137033735441248
kept:0.016994789883294358
3.1:0.016687327586711563
never:0.00937846481217813
well:0.007161140043205723
court:0.017007070755163018
windows:0.011690243325206389
please:0.00815070364640534
administrator:0.02345688111589235
up:0.011433705279594763
direction:0.0376012798726777
pro:0.019152196385345627
now:0.028117691878778626
good:0.01378731788391063
in:0.0030243353513955827
point:0.01873647626604307
or:0.0028694104583110013
use:0.021226972694646996
and:0.009748019093381868
for:0.0013844632464343574
subject:0.00011360407188092892
relating:0.02418815880494196
costs:0.0175159687443993
until:0.012175173299424018
i:0.011372688942278848
appreciated:0.014403243060324438
info:0.025067195399084235
cd-rom:0.08768940460071302
games:0.01416966081535628
any:0.013063241697303923
capabilities:0.021806815026493353
the:0.0016037298084873467
do:0.009170015986040383
would:0.007937443796632988
can:0.003679004223139206
because:0.007509456591040485
come:0.010217845423274079
thought:0.01142377193698601
watson:0.05064919237796091
about:0.008383116428271248
including:0.013531777474596723
interested:0.012242877512403914
is:0.003429863322008475
either:0.01065345832814195
else:0.010751286065268328
right:0.02476434375051446
type:0.013789414937581686
lot:0.010547035694746344
bandwidth:0.022737407371024546
soundblaster:0.0264064435863602
faq:0.016519553459139403
brett:0.06686719425361201
give:0.010056324558961731
s:0.0052803087732427095
