help:0.013210448889146895
differences:0.02827413712108733
with:0.010830136607213839
mechanical:0.06529905569037645
my:0.017596560395005578
to:0.0017014804445565812
remember:0.017176691583464396
everyone:0.01887353554020434
been:0.009057039427292834
that:0.006424159730268089
dirty:0.03298327612463437
think:0.008887333503262686
its:0.03829304733396611
font:0.030809074929638365
re:0.0023082747085072255
so:0.006307472823363704
this:0.0064812646712520865
bus:0.04996348952784767
on:0.0062593682128307395
card:0.018894495966137292
mice:0.07873289505828772
m:0.016898947063161383
why:0.010985941852802508
more:0.007848265591485961
stable:0.03100505454886417
a:0.006896316670846395
how:0.008119524674253854
ms:0.025803332854228932
as:0.02469488148817958
running:0.01868802723732532
compatible:0.027812113103825403
therefore:0.021190898275030037
486:0.029431645600538306
video:0.021578464153487794
computer:0.01654754879731676
are:0.007937177550632413
meg:0.028738978991853566
it:0.00423278308320953
not:0.0037216667196047215
application:0.022780047579116842
have:0.003155867982392919
received:0.023884511053405996
systems:0.018521093335077843
only:0.008231705174501768
left:0.018051883848768897
connection:0.026578803305570966
mouse:0.18778719284317788
screen:0.0230759701858398
be:0.003570748500848588
g:0.02182099975933026
writes:0.00408186661121952
if:0.004136730986193884
of:0.002400501056367144
associated:0.028085157887632967
nature:0.023533426804072652
understanding:0.02477873324019028
seems:0.014546216601117766
fact:0.014804118077955798
well:0.02077614703893018
windows:0.03391613804226545
errors:0.026506322948307487
over:0.012382350324193566
in:0.004387153133197296
thomas:0.022740771691537653
accurate:0.027607792434526972
or:0.0083248328111492
66:0.031578472739559826
opposed:0.02763657029320482
and:0.007070322490570182
subject:0.0001647960301976438
i:0.003535161245285091
group:0.016648863795102747
similar:0.03907108997366297
world.std.com:0.028370841545435472
than:0.00883087211246581
the:0.0023263981789785585
when:0.008072064461998369
can:0.0053368271138130455
specific:0.0226244215337681
because:0.010893347524040208
correctly:0.026903107833520852
bps:0.035912029085098045
problem:0.039177135037881186
just:0.007249312120159789
e:0.01920302281514708
handled:0.03252092237047932
general:0.03640037485293273
is:0.008292365027489626
having:0.01615365057049606
man:0.01788919344935308
1:0.012089653653856225
serial:0.051102690467467064
cunyvm.bitnet:0.07508518872626506
article:0.005002054816769142
occurs:0.029470346915437047
data:0.0181132445876902
9600:0.036251904252894505
strange:0.027138043400337795
trident:0.03830564347404103
s:0.0038298535855309773
