large:0.02515995058729055
there:0.007712428450228129
small:0.02511551176694127
graphics:0.02956925579949346
your:0.010587665732615652
with:0.004914515771340734
setting:0.03614988955766896
from:0.007114052558236769
upgraded:0.04677675868491578
my:0.007984993792691608
to:0.002316301109396354
make:0.029581184594112665
that:0.011660659678469808
quite:0.022321003211003373
smaller:0.03774153167264677
helps:0.0355459856817896
could:0.012681589540555104
re:0.0031423571662031135
larger:0.03576346003462843
so:0.00858664367550353
this:0.008823234258343176
these:0.013921310698310442
you:0.004670579742930435
performance:0.03185723725711442
bars:0.09378858026016332
am:0.013733918963877021
card:0.02572191887827094
sure:0.018336504371085742
a:0.0023470657577250335
was:0.007440849866398198
old:0.02225137043985146
driver:0.061845136109014986
question:0.018344420868463062
ultra:0.08999099214771249
chip:0.05432612366055922
explanation:0.03875623349299535
far:0.020919143463205055
files:0.027809340878888145
setup:0.037090376248458755
are:0.005402616652111138
not:0.010132941320604452
have:0.012888670919688728
only:0.011206186876212491
ati:0.08627849077661677
800x600:0.049840986530192324
list:0.024467467201021675
noticed:0.034085739673565756
writes:0.005556826815273633
were:0.013036162163632766
but:0.005590615313028657
significantly:0.04106952390688884
using:0.037049085355376814
windows:0.046171549267621875
they:0.007839660710149106
find:0.035570533406275466
pleased:0.04750794672684543
one:0.008263116872064054
in:0.005972426954436654
use:0.013972937207960907
and:0.0032083816343763854
for:0.0027340240580846554
subject:0.00022434417556317895
i:0.01122933572031735
than:0.012021859514449253
the:0.005067247125976827
when:0.021977721728466147
would:0.007837391984070387
can:0.007265260440653053
an:0.007545362508922157
problem:0.017777859597021717
just:0.00986881145769652
is:0.002257753167148436
fonts:0.08323951721511394
change:0.024974866453029307
faq:0.03262264758737613
article:0.006809520002660512
mike:0.053704403848028624
check:0.027809340878888145
trident:0.10429435702175878
s:0.0052137502592942715
