above:0.013152927681780412
selected:0.023890147838503
some:0.005640274759098329
since:0.009665804943979136
report:0.018336851321134082
read:0.04380682245213375
large:0.01446393294631679
at:0.00851173925076745
there:0.013301144718509383
k:0.018302710416674698
help:0.01033861217411496
default:0.023186837128511044
specifically:0.019550930684809956
own:0.010949230123420266
text:0.017471322382770858
with:0.0028252530279688276
way:0.04184475409532713
user:0.018268809099483165
from:0.012269163107683704
work:0.009782958763238182
approach:0.01988527852625041
my:0.009180814119133346
to:0.005326373565568428
visual:0.09902611654542876
then:0.007709566907129484
basic:0.05535728709507246
that:0.00335173551144422
so:0.004936283079154203
file:0.10275073032468049
this:0.0025361470452725556
he:0.007681802934880363
these:0.008003072333811317
on:0.004898635992650144
am:0.031581378873456335
working:0.045920855227631986
size:0.01739554172495588
input:0.02061425748490201
more:0.006142120897684665
a:0.0040478380459315795
load:0.02171977232755345
as:0.007730571596299695
following:0.02644748089893489
question:0.010545826489599537
across:0.018643304936395374
section:0.039707817638872336
it:0.0033126128477291975
not:0.002912608737081956
application:0.017827863322787095
have:0.0024698097253509797
being:0.009400018985145643
kind:0.013311723173734588
formatted:0.028463075767824177
open:0.04789797940222265
list:0.014065838632471399
be:0.005588997653502138
which:0.01872307728286258
get:0.006349632730874986
jump:0.023962794589056334
of:0.0037573060012703117
trying:0.013025740208059883
using:0.031948124328187257
beyond:0.01886745989100776
windows:0.013271532277408219
up:0.006490146716678186
box:0.030613903485087992
one:0.004750294240461944
code:0.015654649808365683
in:0.006008492334596296
or:0.0032575432739279484
rather:0.01243228817832301
and:0.0036888639081235734
word:0.014825490416248399
for:0.001571733637256396
subject:0.00012897080624163428
create:0.018371235223399125
i:0.00553329586218536
appreciated:0.016351507822107453
any:0.004943416745356557
will:0.021899620191367812
yet:0.012705646099933158
than:0.006911117305408025
the:0.006554373999904809
magnus.acs.ohio-state.edu:0.022228760325900435
when:0.018951803519474435
around:0.011435721899292926
can:0.008353294612924767
64k:0.0290553575170625
increase:0.020312781319745347
reports:0.03820504776993384
come:0.0115999694418812
an:0.004337672166964911
problem:0.010220122183795094
is:0.00648967697803536
limit:0.021451318940332142
time:0.015260965892789503
2:0.009412606531861878
appropriate:0.01953626931430196
created:0.018348285451618457
1:0.018922936153861918
first:0.018140626370927934
function:0.03973913642074839
mine:0.015774101665700417
defined:0.021115119463041343
