mode:0.09573463116195578
manager:0.04908622924891998
stephen:0.10179148198477544
thanks:0.024917333061452038
supports:0.05402049355823483
graphics:0.043984268001746527
fax:0.03823304174854237
c:0.064652442385724
to:0.0017227489501135387
t:0.06440682637501105
memorial:0.07228321739968267
that:0.00867261563586192
like:0.014557988293858416
could:0.018863864441575718
voice:0.045331178767952104
on:0.012675220630982248
used:0.02468079385421082
am:0.020429204458767072
board:0.1346698694758179
a:0.005236890471923981
driver:0.13799195994323968
drive:0.03529754686007486
video:0.08739277982162558
based:0.07552257529751356
pa:0.06474576635511207
hoping:0.05983568246465906
it:0.00428569287174965
made:0.029069744398975018
systems:0.037505214003532635
only:0.016669202978366084
chipset:0.15580456224692021
university:0.02937925126998317
barely:0.07165283172934653
19:0.05121121514976099
west:0.05097386624670236
technologies:0.12344564060206509
be:0.007230765714218392
dept:0.05129134362927249
but:0.008316040278130129
windows:0.03434008976779377
find:0.02645558422091738
in:0.002220996273681131
and:0.0023862338405674366
for:0.00813372157280185
subject:0.00033371196115022873
i:0.004772467681134873
any:0.012791090828610092
flash:0.06874118725834187
the:0.004710956312431581
would:0.011658120576304701
actual:0.050779461084108794
is:0.010075223508399896
chips:0.10381852370492431
needed:0.04169778362670026
by:0.012380443435214578
