large:0.11515515845721445
at:0.016941634854892907
thanx:0.0933205349181211
know:0.02372836780112119
help:0.041155629231573024
all:0.018347458281659446
text:0.20864790768655198
to:0.005300766000349349
that:0.013342485593633725
like:0.022396905067474486
anyone:0.03217143749310368
this:0.01009581612252729
you:0.021376884208027764
a:0.002685584857396914
as:0.0153868107734042
responsible:0.07520875413601966
files:0.12728121402260342
not:0.011594423241845479
evil:0.08032064835401156
of:0.003739242030110359
reading:0.06319850089159597
happening:0.0873037595088838
title:0.08079217945351769
and:0.003671128985488364
for:0.012513417804310539
subject:0.000513403017154198
editor:0.17759052803107045
any:0.05903580382435427
the:0.0028990500384194345
writer:0.09804169757995737
can:0.016626269085340643
agree:0.05801067651854691
may:0.03578895245076598
hold:0.06672655024892346
does:0.023432477198798565
handle:0.15624449564341167
by:0.019046836054176272
says:0.049250514315914776
james:0.06653064937763514
