at:0.004215143600260435
there:0.004391287012330849
all:0.00912983569996451
small:0.02860043923699532
rick:0.04605418642228323
take:0.010171048470505758
where:0.008839506211644792
your:0.0060283838381878585
text:0.017304132694897452
way:0.008288865165294465
microsoft:0.06114264249386604
such:0.018402078502084196
suggests:0.023590648405669764
my:0.0045464797192837384
single:0.015557065409150118
to:0.004615978048151108
within:0.015485407733601997
design:0.018005584724523647
look:0.011345302986966078
global:0.048954187404867865
speak:0.03431036186256836
that:0.006639322974822523
memory:0.016180058498408208
control:0.029183103061636587
really:0.009336821737755626
nt:0.013666575152582554
me:0.015553904503414517
re:0.003578378017015986
so:0.009778091841004019
on:0.0024258795465994733
you:0.013296626540878513
tell:0.011531220352260538
fall:0.01866172740380063
why:0.008515419043799074
more:0.0060833446211517985
a:0.0026727351690840097
other:0.019798679251175753
uunet:0.018071733552235816
as:0.003828297417306308
challenge:0.02257960011061136
question:0.010444909489699063
course:0.011704075597607746
far:0.011910899866609577
are:0.009228393037338165
reasonable:0.053659911532622694
d:0.017433916003607993
place:0.013011615393858495
it:0.0049213698048799805
not:0.008654210649415763
have:0.0048923503650493095
probably:0.02284424607683453
systems:0.04306818832941547
try:0.011657366853317667
uucp:0.020256596207349632
whether:0.01367205064536758
allowed:0.018334130278071153
yourself:0.016776433834328194
be:0.0027677572111840733
which:0.006181303026399606
writes:0.0031639348852514943
if:0.0032064613385809054
of:0.003721350919918443
trying:0.012901091976403808
offered:0.022144328444555248
even:0.008034255730937922
available:0.01292375037231689
what:0.004404029200940819
extent:0.023417897187286433
seems:0.011275057843928602
windows:0.0131445319685335
please:0.00916466677945098
they:0.008927460521605202
find:0.010126539414705217
limitations:0.027506008805258046
good:0.007751243307940187
over:0.00959780264363329
supporters:0.02399419457042455
in:0.0034005684573108225
resources:0.021118443892663118
point:0.010533664886411774
or:0.0032263706110195467
and:0.0018267818875157408
still:0.009768942977174866
for:0.004670079371943646
subject:0.00012773663584697749
i:0.0009133909437578704
any:0.0048961113219560155
limits:0.11830766991794549
impossible:0.019694988779587728
necessary:0.034495461985469135
program:0.013285327427675001
ways:0.017073389384110498
than:0.013689964423152737
the:0.003606473732005038
do:0.006873855683315757
less:0.013152466777972618
64k:0.0863319474550039
operating:0.021990795839045677
handles:0.05313532020452289
may:0.008904428360956129
an:0.008592326684801308
microsoft.com:0.026700576676936448
many:0.00886699056257461
hit:0.03425552287013788
is:0.0038565448835980467
number:0.023945118166485722
limit:0.08498417264399528
argument:0.016836083445644603
edit:0.05071584325599071
time:0.007557463970831165
does:0.005830090020753709
unless:0.014727566630337278
category:0.024967117651850532
abuse:0.02321850629541769
under:0.011613987689500666
wall:0.02146657477439723
article:0.0038771908149119664
before:0.01017317831207007
stands:0.02287323143298596
while:0.010384413903724988
appear:0.018893289800268814
s:0.00890578393573232
