at:0.011294423236595269
out:0.015104834603595638
say:0.02432749967009671
preferably:0.06754345415407244
there:0.01176639725098907
know:0.015818911867414125
thanks:0.025556239037386703
ever:0.03389002636961359
super:0.0644989236813925
to:0.0017669220001164498
manufacturer:0.06429213673357348
that:0.004447495197877908
like:0.01493127004498299
so:0.013100135863909231
this:0.006730544081684859
on:0.00650011314409346
set:0.033966853642640016
card:0.03924241469890053
m:0.017548906565590668
a:0.0035807798098625512
old:0.033947603619773385
driver:0.1415302153263997
vga:0.05782540524686748
advance:0.04055770790611089
logic:0.05324026856662785
chip:0.08288216302059677
video:0.04481681016493619
based:0.038729525793596696
d:0.023356977209961993
it:0.008791164865127486
only:0.01709661843934983
ve:0.046798299975062414
were:0.019888503813747425
if:0.008591672048248837
of:0.0024928280200735725
3.1:0.10055184571480044
looking:0.03325494032572621
manufactured:0.0737019979525504
windows:0.10566181467013468
they:0.011960508006509534
in:0.002277944896083211
and:0.004894838647317819
for:0.012513417804310539
subject:0.00034226867810279864
i:0.009789677294635637
zealand:0.06985450317754607
the:0.0028990500384194345
ross:0.06954179224005685
got:0.028360946431161205
an:0.011511514596945343
here:0.02308206289260764
is:0.003444520857572614
new:0.022102558524148035
2:0.02497960964224883
e-mail:0.03525250995708034
written:0.04594255049302705
by:0.038093672108352544
s:0.01590862258605175
