24:0.19279388151939264
mark:0.07904273590242605
k:0.0997016067434648
with:0.015390194126040719
to:0.010880519684927611
bit:0.3585637102704868
need:0.050557947144664106
these:0.04359568350260375
am:0.0430088514921412
working:0.08338260554491071
how:0.0346148157165559
files:0.08708714643651813
bmp:0.14722645159135983
and:0.015070950572004862
subject:0.0007025514971583761
i:0.005023650190668287
images:0.33598829558848287
do:0.01890310312911833
rgb:0.4254278768105941
15:0.26382716305110343
16:0.1835259337802706
convert:0.11259421039995629
