thanks:0.08305777687150678
keyboard:0.3787319196644163
that:0.0289087187862064
you:0.04631658245072682
ms:0.3483449935320906
let:0.19209481189606872
utility:0.39526949789140287
for:0.013556202621336416
subject:0.0011123732038340957
any:0.1279109082861009
the:0.006281275083242108
win:0.2824562836356951
under:0.20227695225880327
