out:0.011900778778590505
there:0.009270494803809572
know:0.012463385107659616
tried:0.03129155609127951
way:0.017498715348954984
creating:0.04943778295093803
ca:0.04154643628469336
from:0.017102469786468195
to:0.004176361091184336
might:0.021485708443216626
normally:0.04298840145576549
that:0.0035040871256007762
nt:0.014425829327726031
me:0.010945340206106513
exactly:0.03248871366941423
anyone:0.016898128784256478
had:0.030998151225901723
this:0.005302852912842617
appeared:0.048035394619077264
getting:0.027395975477017033
something:0.020107690072358818
on:0.005121301265043333
curious:0.043295680210318134
assume:0.03506554096251693
inc:0.036979954503074765
m:0.01382641123349568
successfully:0.05280787763312903
a:0.001410610228127672
was:0.008944051859609956
as:0.008081961214313317
finished:0.049952127298688094
setup:0.0445833815511777
no:0.011371169052348586
it:0.0069263723179792324
only:0.013470063012821078
ve:0.018435693929570045
left:0.029539446297985474
installation:0.05010402504984507
be:0.005843043001388599
perfectly:0.045129515099362305
3.1:0.03961133316037593
kit:0.05213100177168498
what:0.018594789959527906
but:0.020160097643951828
utilities:0.052224965333930576
windows:0.02774956748912628
now:0.016686004018972165
david:0.05043323715847463
over:0.02026202780322584
in:0.001794744463580712
installed:0.04045828237732417
and:0.0019282697701555045
subject:0.0002696662312325081
i:0.01349788839108853
group:0.05448719060215445
any:0.010336235013018256
program:0.056093604694627784
the:0.003806833383783096
when:0.013208832755997333
can:0.008732989822603166
did:0.016605162054979448
last:0.0440436879203939
myself:0.03366507133331195
tax:0.044762165158242356
is:0.0027138649180875143
night:0.03381651360185883
done:0.026754177287077765
disk:0.03536342407878668
time:0.015954646160643574
figure:0.03729795589974499
run:0.027038731599872676
created:0.03836459685338405
resource:0.05010402504984507
before:0.021476709769925703
going:0.02199813822272407
