mode:0.07815071931588226
at:0.00599295926839749
corrupted:0.04076838640007466
uni:0.041865448628619704
dos:0.0240105602465574
swap:0.03619940017327886
thanks:0.013560453366776618
with:0.011935252587541781
post:0.017568556492729117
6.0:0.036273747591865184
my:0.019392127782251044
via:0.02325327468446017
to:0.0018751008980827629
slightly:0.02945354868269422
software:0.01915500604409018
badly:0.03556448901822975
problems:0.018660362148923627
smaller:0.030552668496904533
permanent:0.03474082961990842
so:0.013902184998434286
file:0.020669971989512988
oak:0.04021275353603202
this:0.007142618209134952
reply:0.024429908294932953
he:0.010817232704219287
student:0.027367465797065792
these:0.011269632470060834
on:0.006898079254956325
card:0.04164501151720056
a:0.0028500084200946837
how:0.008948047600198124
richard:0.05083098659562964
bigger:0.03170963845053706
as:0.00544295347086407
ram:0.026461612709069715
fine:0.022035078761364353
ph.d:0.04137347133896238
also:0.010091817222309975
sig:0.03210296886474676
exact:0.029054056941110667
video:0.047560696501564935
display:0.07522696769256076
files:0.022512323568623736
no:0.022974402779234893
supplied:0.037499095661460556
it:0.00466469972435336
not:0.004101428629768468
have:0.01043368598260516
always:0.01807453127890277
has:0.02173009130380716
which:0.008788383214404883
of:0.002645450143751546
3.1:0.026677020291681747
ph:0.03732239167232273
seems:0.016030524417558353
using:0.029992116716257424
windows:0.03737696845474152
please:0.013030036441532345
who:0.008796278056012572
depending:0.030617456806504913
rest:0.022221978458998697
in:0.004834821820258244
our:0.015168540292383629
system:0.015205594076479761
bitmap:0.07239880034655773
use:0.011311425358825497
and:0.0012986306615332987
for:0.006639772712491305
subject:0.00018161195164638296
i:0.005194522646133195
1mb:0.04034746528634617
possible:0.035060838407681386
4mb:0.03945611656249308
corrupt:0.03945611656249308
than:0.019463963023394027
the:0.004614814346871753
pluto:0.04221438260404522
less:0.01869976569113114
can:0.005881401309100091
drivers:0.026750365703949015
friend:0.023627206936685755
an:0.006108150602460794
problem:0.05756640250464175
address:0.04343974631202192
about:0.006700790342325656
is:0.009138524724172242
desktop:0.06811997953155857
header:0.03576961172687388
e-mail:0.01870541344661406
dimensions:0.04008065771387486
fault:0.03011564626065723
sometimes:0.023840179076992176
