some:0.004125571996937647
practices:0.018045589943910027
go:0.006874318910933311
ask:0.010298807718573737
insight:0.02019775977906693
know:0.00871996555235549
knows:0.012346153396258781
anyway:0.010772133645387046
your:0.013356171966585824
much:0.006173840528480323
microsoft:0.030103209143034163
into:0.01265585797160697
francis:0.0195251317631969
companies:0.04215511320411028
generate:0.01657176257252033
from:0.0029914213937462034
gain:0.016203551344499124
wrote:0.009100971642024244
my:0.003357647566538167
to:0.002921977017860419
competition:0.018438613389529193
front:0.012427388442989164
software:0.009949773457530942
t:0.018206876713784043
make:0.006219365665546656
that:0.009806491178359768
sources:0.027202395584554513
think:0.010174897721049861
nt:0.007569737297411009
me:0.003828935266447154
anything:0.008202265548831815
re:0.00264268906557011
lotus:0.021746363775290094
so:0.010831914459910814
this:0.001855061619686993
paying:0.01657176257252033
ti:0.026774989796831537
getting:0.00958375113860313
he:0.02247538102502099
borland:0.021330169303006054
on:0.0035831012384402116
employed:0.019923702413887162
you:0.02160349428797152
tell:0.008515989588771918
them:0.020718857548158883
why:0.006288772368035358
more:0.00898529346869771
a:0.0014803930662682634
how:0.013943777355785772
was:0.00625767585937375
challenge:0.01667539372126422
advance:0.011178449528892754
business:0.025558754298470442
are:0.006815314999306278
os/2:0.03343542483508473
plan:0.013800580202963273
d:0.012875224186410145
thread:0.014709992203194223
reason:0.009442444961160876
it:0.006057516426501272
not:0.0021304240585723142
should:0.0058049899018850866
have:0.0036130785381459567
only:0.009424284369394251
interesting:0.011547789971453755
stay:0.027905989881669133
app:0.019253184621373123
expect:0.012212795346849428
allowed:0.013540046742462442
selling:0.014734194824556679
netcom.com:0.011374682596187772
writing:0.028285927527545118
his:0.006517417107792426
without:0.007940673091174895
be:0.002044032710733114
asked:0.011916257592715303
writes:0.0046732324453537975
applications:0.013781982428955236
get:0.004644431008095838
if:0.014208136108058149
even:0.005933425610480656
gives:0.012849909808466804
what:0.0032524455936276723
but:0.007052472320675728
fact:0.04237221075315971
they:0.006593071551291475
up:0.004747209789231041
accept:0.012622303783260541
now:0.011674306698786179
supporters:0.017720094223387745
email:0.009695754978685304
in:0.003139217347959196
point:0.007779279015053218
lying:0.017319639504988438
or:0.0023827259989508314
and:0.002023661207548356
word:0.03253225988865815
for:0.011496426251310036
subject:9.43355367209127e-05
i:0.004721876150946164
dispute:0.018765020881158223
paid:0.04384441842161297
don:0.01575478918633196
pay:0.011776827074197466
will:0.004004612526160015
source:0.011022148274557683
the:0.002130750558272941
do:0.015229355171162475
ibm:0.055695647620065965
would:0.013182327153418744
can:0.0030550035068470436
apps:0.09344917863817125
because:0.006235767840616657
claim:0.01153794715477027
once:0.009480675600441364
maybe:0.009356583329831534
pray:0.017527556466200217
may:0.006576061934416363
development:0.013735911777583753
an:0.006345569883828528
jim:0.011965833028087878
microsoft.com:0.039437600886782456
just:0.004149782909773449
people:0.005318986360682393
satisfied:0.01916699574107574
many:0.026193654100043724
wordperfect:0.02211866241719054
about:0.0069612450906139335
stops:0.01916699574107574
revenue:0.04074602797607995
write:0.022997695582950624
right:0.0068546770098597155
gave:0.01311616223688301
provided:0.014268429094008989
does:0.0043056141849382515
every:0.008594164406139209
article:0.005726734136513081
brett:0.03701717467514446
give:0.016701316405342802
answer:0.010728872940384653
by:0.00699954399164075
mike:0.01129120858288941
says:0.009049564467941936
sales:0.017099484440196374
appear:0.013952994940834566
s:0.002192354349314552
