confused:0.050868053772892385
acting:0.05432599131996645
there:0.009660831427127868
dos:0.03715318269730461
access:0.035288177558089745
your:0.02652488888802658
way:0.018235503363647824
january:0.054723257930312214
wonderful:0.050591029474814773
into:0.018850567399814593
both:0.023638990340086714
to:0.010155151705932437
clients:0.05624516560200808
software:0.029639851457697437
enough:0.025601563441446276
client:0.052703352584942686
that:0.0036516276361523874
like:0.012259358563249192
talking:0.03431253874065546
server:0.042131144685764566
fingers:0.059833866517488
2.0:0.049366408505507935
you:0.005850515677986546
inc:0.0385370052189937
a:0.007350021714981026
how:0.013845926286622361
as:0.008422254318073879
running:0.06373600868308846
corners:0.05967066455395153
os/2:0.19920474164903113
d:0.019177307603968793
tom:0.07991006786262642
feel:0.03206607036048608
network:0.03866831231610081
talk:0.10925032950432718
be:0.012178131729209922
stick:0.044487676893204854
get:0.02767103105876047
of:0.004093486011910287
but:0.0070029812868464235
utilities:0.05442391124272765
windows:0.057835940661547396
ga:0.05802491644457581
up:0.01414168810897247
net:0.03489623668314192
now:0.017388572609244677
box:0.033353042217964285
in:0.0018703126515209523
pull:0.047579899193501314
system:0.023528656097289737
or:0.007098015344243003
pcs:0.05844885222497518
and:0.002009460076267315
for:0.006849449745517347
subject:0.0002810205988633505
car:0.03219624568298304
i:0.00401892015253463
actually:0.02572962239053773
will:0.011929529946350362
the:0.0007934242210411084
would:0.019634729391671074
can:0.018201389314478175
makes:0.02939976718159973
is:0.0028281329146385673
run:0.028177204509340997
mouth:0.050868053772892385
index:0.054132842491880176
s:0.01306181643907407
