there:0.015555576026731313
true:0.0437844202060652
with:0.02973698526048546
such:0.03259351192318303
my:0.016105326463225447
she:0.056188855676245465
brought:0.0656676752972147
1024x768:0.09365444557601224
on:0.008593369919309998
2mb:0.21035641500998806
card:0.20751920993316894
a:0.004733912291004729
ram:0.06592978081751269
driver:0.24947698972789098
no:0.01908043620648322
ftp:0.06429435503879789
have:0.01733052925924247
university:0.03983627290845176
color:0.06262088316276926
800x600:0.10052673554394723
dept:0.06954758458206439
of:0.006591206290364022
available:0.04578074284430898
what:0.015600713610112393
version:0.05288933233331499
in:0.003011520371093059
and:0.003235571309243982
for:0.016543162520952916
subject:0.0004524907947799711
any:0.017343851970996735
cites:0.10231250699577481
the:0.003832642423673151
interest:0.06191161011301501
come:0.040698197872362854
friend:0.05886778677445434
dear:0.08146013220521023
is:0.01366132001138969
netters:0.08369195973021362
new:0.02922033160819571
e-mail:0.04660501316359774
very:0.029546482911583852
