dos:0.10084435303554107
microsoft:0.12170297410683811
cleveland.freenet.edu:0.12235482204301444
need:0.0548914854713496
a:0.003990011788132557
ms:0.23886513842200496
as:0.045720809155258196
driver:0.10513673138532548
freeware:0.1822104142777516
it:0.009795869421142056
have:0.014607160375647224
mouse:0.24833898155587605
be:0.016527464489642037
but:0.03801618412859487
version:0.08915630307615956
windows:0.07849163375495719
must:0.06621315507084277
newer:0.2809055267065044
in:0.005076562911271156
for:0.009295681797487828
subject:0.0007627701969148084
i:0.01090849755687971
hello:0.11055116544719347
is:0.007676360768304683
window:0.0996283640521469
under:0.06935209791730397
going:0.06222330525856236
mike:0.09129748654164867
tx:0.13534728367487006
