where:0.1319611998738401
to:0.009844279714934505
re:0.026710035912726464
speedstar:0.43610219887411883
version:0.2228907576903989
find:0.15117476697667073
subject:0.0019069254922870211
don:0.31847180998085317
the:0.005383950071350378
drivers:0.28087883989146467
24x:0.43610219887411883
current:0.22587469455220127
is:0.019190901920761706
diamond:0.3576298925406825
