go:0.022887438256401497
there:0.010797399830319382
emm386:0.07702662984137298
with:0.006880322079877027
alexander:0.05987659072252551
config.sys:0.06887195712890304
to:0.004864232329732344
otherwise:0.041804527430729835
that:0.012243692662393299
memory:0.07956781708628977
kirk:0.14151668249486912
need:0.06780712911166716
anything:0.027308719415522396
re:0.004399300032684359
age:0.09700679119796755
on:0.005964809708697528
you:0.01307762328020522
used:0.023228982451021948
why:0.020937912707694194
load:0.10578806757184858
low:0.03995052399976259
running:0.03561718132290237
let:0.027119267561797937
based:0.035540035434124026
straight:0.04701954855839187
are:0.007563663312955595
no:0.013244067484500115
it:0.0040335932910584935
only:0.01568866162669749
extended:0.05624123964110666
free:0.03397067993087924
writes:0.007779557541383086
applications:0.045885894439933315
msdos:0.0686560849092772
if:0.007884122585451873
of:0.004575072601546792
industry:0.05358627496266468
3.1:0.046135552739731966
what:0.010828730623489779
rutgers:0.06273224583534333
never:0.025928696833668944
windows:0.09696025346200593
good:0.019058939427758815
in:0.0020903494340528293
thomas:0.08668247091833177
our:0.02623265203506345
or:0.007933075972977474
pcs:0.06532518778085461
and:0.00449173428812694
still:0.024020106849759377
for:0.0038276336813185177
subject:0.0003140818457884505
i:0.00449173428812694
the:0.0017735364940918894
thought:0.031583369472843674
just:0.013816336040775128
many:0.02180236503033051
is:0.006321708868015621
stuck:0.0559471066739841
else:0.02972414382750655
useful:0.04510926137739339
lots:0.04292582366372189
before:0.025014050202619344
s:0.021897751089035942
