keys:0.2449277878191563
there:0.019120395532857236
know:0.025705731784547953
way:0.03609110040721965
such:0.04006285840557913
to:0.0057424965003784615
most:0.038679072165979954
dirty:0.11131855692064099
like:0.024263313823097356
nt:0.014876636494217468
this:0.010937134132737895
why:0.03707755375320847
a:0.005818767191026646
other:0.028735583079831473
it:0.007142821452916082
should:0.03422525296319749
only:0.02778200496394347
settle:0.1159673809063537
anybody:0.06332489885234781
be:0.012051276190363985
of:0.004050845532619555
but:0.01386006713021688
seems:0.04909348102877246
one:0.020485643911992132
in:0.007403320912270436
or:0.014048155368814277
and:0.003977056400945728
for:0.006778101310668208
subject:0.0005561866019170479
cause:0.06569794027795972
i:0.007954112801891455
plain:0.09478740787076126
do:0.02992991328777069
see:0.03686220336273283
would:0.019430200960507835
can:0.018011791509119027
people:0.03135985708485661
2:0.040591865668654345
too:0.04067745558051034
function:0.08568751290723871
especially:0.06511032723952795
