bnr.ca:0.058336883374340044
technology:0.04209584607271179
keeps:0.059677452503760026
ec:0.07724423445489234
your:0.015749152777265782
way:0.021654660244331794
microsoft:0.05324505117174168
though:0.0310693025201335
such:0.024037715043347483
to:0.005168246850340615
death:0.04194270480045528
die:0.047096929642904364
that:0.00433630781793096
nt:0.017851963793060963
quiet:0.06298849197234721
re:0.0046742562847271315
anyone:0.04182286874103478
this:0.019686841438928213
off:0.027293218099454383
on:0.006337610315491124
you:0.02084246210282707
a:0.005236890471923981
idea:0.03465470369075945
challenge:0.05898920528897218
let:0.028814221784410312
brian:0.046700968934734736
not:0.007536375107199561
should:0.020535151777918495
have:0.012781265328691322
probably:0.029840296437865108
has:0.013309680923581889
netcom.com:0.04023793968401424
be:0.007230765714218392
thinking:0.04354408167310819
writes:0.008265779887719529
get:0.01642967469113903
kill:0.046182901332542325
if:0.016753760494085234
of:0.0024305073195717334
converted:0.0634051972256921
believing:0.061722820301032544
pete:0.1299677375844915
up:0.01679325462940481
net:0.041439281061231036
supporters:0.06268483331523415
subject:0.0006674239223004575
half:0.047270543544912696
i:0.0023862338405674366
offense:0.06219457440081813
will:0.014166316811291055
yet:0.03287585928357705
the:0.0018843825249726326
start:0.035219526098531406
maybe:0.03309891352927905
just:0.014679857043323575
long:0.029753890563857313
people:0.01881591425091397
is:0.0033584078361332988
capital:0.06383627442658173
self:0.0531514177751272
life:0.034879741916108875
gone:0.04911996746103454
too:0.024406473348306208
convert:0.05348224993997924
bad:0.0342575130843298
