library:0.036095763721561896
out:0.010156699130003964
all:0.008224722677985269
own:0.019538712375413752
with:0.00504161531715127
into:0.01543796468088264
from:0.029192146704488813
my:0.008191502252847425
to:0.002376205448432467
class:0.23945851466968118
derived:0.09083430041409742
that:0.0059811142316289105
so:0.008808712046421724
anyone:0.01442167887621889
error:0.03246084619975861
this:0.004525710675615681
am:0.014089106523287634
them:0.012636716995967594
os:0.08188534830541846
a:0.0036116486013268835
wise:0.08438518124384249
science:0.029152001949718235
far:0.04292031158830003
computer:0.02310950780314927
are:0.005542339496562289
internet:0.02462529261305695
not:0.005197500073930732
have:0.00881466574392505
left:0.025210389512935874
has:0.00917909029212544
abstract:0.04822935483165236
attempt:0.033246968941694786
get:0.01133081013182002
dept:0.03537334043398103
of:0.005028635833596689
trying:0.023244208819555138
what:0.0079348457154882
but:0.005735200191813882
instance:0.03685134395482703
virtual:0.2979722359360192
in:0.0015317215680559523
still:0.01760094036404782
subject:0.000230146180103606
create:0.03278315251072085
i:0.011519749575153143
the:0.0025991483103070794
when:0.011273055541756343
can:0.007453155107221667
int:0.04665761727308378
isa:0.04160190142850094
return:0.1272540588902389
may:0.016043323512412333
ny:0.0362171838929562
an:0.00774050119449773
pure:0.043511291870036994
note:0.02553180257653877
here:0.015520697462270656
is:0.0046322866705286875
object:0.25525694890457534
provided:0.03481004684141848
define:0.03685134395482703
insert:0.04473396596865094
before:0.01832926092433314
by:0.00853823685187212
functions:0.08075939833287075
void:0.09481543070116119
defined:0.11303869988404029
