408:0.055456730779133157
since:0.02106128024635454
join:0.09653905327354213
at:0.009273315920572959
there:0.009660831427127868
dos:0.11145954809191383
versions:0.046741294954197404
with:0.012312155300832576
way:0.018235503363647824
c:0.027222081004515366
setting:0.045282493235395856
work:0.021316552252529514
my:0.010002255382424224
415:0.05534876761947853
to:0.0014507359579903482
5.0:0.053393850295319664
ms-dos:0.05452275061483122
that:0.007303255272304775
problems:0.02887445511465024
like:0.024518717126498384
nt:0.015033232667840811
ide:0.04768309919451838
unix:0.041711235959161395
on:0.005336935002518841
tell:0.025368684774973185
am:0.01720354059685648
m:0.014408575917011284
a:0.0029400086859924105
how:0.013845926286622361
wondering:0.03788351054586628
was:0.009320643516856691
drive:0.029724249987431457
scsi:0.04452602416982066
crap:0.05115256611381786
d:0.019177307603968793
it:0.010827013570735957
have:0.010763170803108481
points:0.038580592510215075
command:0.08665795063018601
sets:0.05005793755040683
heard:0.028448919572840785
stick:0.044487676893204854
were:0.016329508394445254
things:0.023523430822528942
of:0.006140229017865431
least:0.025343814554805076
using:0.023204427143630742
please:0.020162266914792153
up:0.02828337621794494
box:0.033353042217964285
external:0.045200255975008555
or:0.007098015344243003
use:0.017502942397340505
and:0.00401892015253463
for:0.0034247248727586736
subject:0.0002810205988633505
i:0.014066220533871203
the:0.0031736968841644337
do:0.007561241251647333
older:0.046506846158311896
would:0.009817364695835537
just:0.012361984878588273
here:0.018951588480246275
about:0.020737182743618347
e:0.03274620732688239
questions:0.03183343512890012
mount:0.05524190055143625
under:0.025550772916901464
live:0.03259671867313325
