looks:0.04174518871187671
at:0.005371737880819702
uiuc.edu:0.03495260084358367
know:0.007523628814989645
help:0.013049345853913397
tel:0.02478931755669742
happen:0.02061970869614217
dos:0.0215216607088045
with:0.003566020590180167
much:0.010653639448536168
c:0.1261511070940956
microsoft:0.025973195693532524
config.sys:0.035695831438760726
several:0.01718567909797193
to:0.0008403653415187993
reserved:0.10426766480724696
regional:0.03322348321858899
that:0.0021152721063077856
problems:0.016726056316413253
like:0.014202915408642356
urban:0.03580980785956653
anyone:0.010200699692935312
file:0.037054705883639134
this:0.016005562145470092
lh:0.14833903138603588
off:0.013313764926563113
recently:0.02017872905236396
starting:0.04782343881557582
on:0.012366068908275364
western:0.024942242461557317
set:0.03230993395275514
machine:0.05950242721325024
am:0.009965465589642473
a:0.002554580718011698
other:0.008410414559950676
ms:0.0254886580633237
wondering:0.021944716474739615
related:0.02350084747336079
are:0.00784038270245397
digital:0.025179070713485754
not:0.003676280540097347
whether:0.03484705591319298
machines:0.024060649602953003
rights:0.06353413572608792
university:0.01433134208291862
messages:0.05335414952909636
after:0.011763498095517995
public:0.0180716134028085
screen:0.02279455591528078
copyright:0.12520902929777314
be:0.0035272027874236056
g:0.0215548900061677
of:0.0035568399798610725
department:0.021146802333493517
what:0.005612451847540435
echo:0.03592595538987564
windows:0.050253789904088436
george:0.02428240353082419
over:0.012231346051947305
feature:0.02881162554941633
our:0.013596191603538985
logo:0.03456532397942314
5:0.01584678589583953
system:0.027258808893201526
or:0.004111655229896862
and:0.003492049522781614
subject:0.0001627863225123067
p:0.04105034194672378
i:0.0011640165075938716
appreciated:0.020638793409611236
we:0.008217950644597379
any:0.01247911300352204
flash:0.03353228646748384
2000:0.05275179885434543
the:0.003217238457270348
when:0.01594724930297239
prompt:0.03547407751088953
would:0.005686888086002293
apps:0.03225136287146642
gateway:0.05885147031348913
statements:0.025704142005063393
f:0.11329973226850146
n:0.02232326521831952
is:0.00655299089977229
acquired:0.035695831438760726
win:0.020667532948953304
having:0.015956654831831472
right:0.011828497523111584
ux1.cso.uiuc.edu:0.03833995329897329
does:0.014859619687042991
illinois:0.029385487083382664
e-mail:0.01676643766251382
planning:0.028253745424875683
takes:0.021804267402315065
three:0.017795658576051664
corporation:0.08687835734843177
before:0.012964599190381978
going:0.01327936392713221
appear:0.024077424196684037
strange:0.02680709165155319
