laser:0.18153548073747142
ii:0.13597777055963398
quite:0.09837775489294079
re:0.013849648251043352
chemistry:0.19831348269588495
state:0.09843382914594874
deskjet:0.23395332881129152
a:0.0051722375031347965
works:0.11018985161299037
it:0.01269834924962859
university:0.08704963339254272
dept:0.1519743514941407
using:0.08164520661647853
well:0.06232844111679055
cheaper:0.1633103110728442
thomas:0.27288926029845184
and:0.007070322490570182
subject:0.0009887761811858628
than:0.05298523267479485
is:0.009950838032987552
paper:0.2856776590545626
smith:0.29168433736788607
hp:0.16020916689097497
yfn.ysu.edu:0.20616423272240658
