expensive:0.057043475973759
at:0.012407957921893396
small:0.04209501267980298
anyway:0.04293681438935963
i.e:0.04865547883063948
microsoft:0.05999442385548358
someone:0.03103462133328197
companies:0.05600890627588361
my:0.013383299455356356
to:0.009705627887963598
remember:0.039191887838327215
that:0.009771961279844418
sources:0.054213225003020615
nt:0.03017233317137064
re:0.010533535289525931
this:0.007394118850301676
you:0.007828154780404533
machine:0.04581407541301897
how:0.018526239397593302
same:0.027353427472233977
ms:0.05887521017443784
challenge:0.06646671018475739
os/2:0.06663538893189422
received:0.05449705338946157
app:0.07674156687110696
develop:0.06345862426506642
netcom.com:0.09067704717524336
free:0.04066912386091177
without:0.03165085189862669
writes:0.009313554803064259
applications:0.05493381728724411
who:0.01821201231315279
supporters:0.07063079810167228
in:0.0025025310125984575
and:0.0026887141865548584
word:0.04322361290371012
for:0.009164756701748563
subject:0.0003760134773523704
i:0.005377428373109717
paid:0.05825338222214305
the:0.002123247915462121
do:0.010117153787415446
ibm:0.055499536184784044
development:0.05475018356417186
an:0.012646452655799108
just:0.016540683992477268
satisfied:0.07639802527780894
ted:0.06319033982885945
about:0.013873467328477064
entire:0.05252701722096904
write:0.04583343556320442
does:0.01716181428644402
run:0.03770189335756894
article:0.011413139159388746
give:0.03328501790642263
mike:0.09001160644951278
seem:0.03886919091402448
s:0.008738539166986173
