say:0.010781505535611042
know:0.007010654123058533
all:0.005420839946853927
anyway:0.017321101259343944
i.e:0.01962806248281479
microsoft:0.048404591974310615
francis:0.031395524369231376
companies:0.04518900392713337
from:0.009620139254888358
post:0.014673737525177161
my:0.005398944666649439
to:0.005481473932179441
offset:0.0351110156613147
that:0.011826294048902617
sources:0.021870107813718544
like:0.006617267406299279
really:0.011087475813584807
nt:0.008114528996845892
suppose:0.043797033927626926
could:0.008574483837079871
re:0.004249323895206484
this:0.005965709526947943
mean:0.030038887009430235
26:0.024979335402583656
borland:0.0342979426860836
you:0.018947692820751882
posted:0.019394209798192587
a:0.0007934682533218154
how:0.014947306786694595
y:0.02422369645758415
ms:0.02375079501355163
want:0.021506795087638426
million:0.0667075782806444
payment:0.03455625162970154
as:0.004546103183051241
challenge:0.02681327513135099
question:0.012403330019017639
exact:0.024266740740586754
figures:0.05362655026270198
product:0.02267555637924181
are:0.0036529055772796908
os/2:0.05376264334277829
no:0.006396282591946079
d:0.010351387627142248
not:0.006851250097454147
application:0.020967998339868916
have:0.0029048330292480275
ve:0.01037007783538315
netcom.com:0.054869917750928504
heard:0.015355950905794741
without:0.012768241390923267
writes:0.0075143453524723
applications:0.0443216025840265
if:0.0038076728395648254
whatever:0.0187781851065532
of:0.003314328163052363
helped:0.02674603389472029
what:0.005229784676117223
port:0.023691915541758753
well:0.00956174948950764
they:0.010601359369406179
supporters:0.028493106052379157
in:0.0040381750430566014
or:0.003831315100585712
rather:0.014622066209732179
use:0.009447610953109932
and:0.0021693034914249424
word:0.017436798387292153
for:0.007394292338910773
subject:0.0001516872550682858
however:0.01361988013748246
costs:0.023387799175760428
i:0.010846517457124711
we:0.007657635827920284
paid:0.09399977585845812
developed:0.024075558728551338
will:0.006439234914223207
cost:0.018869361388357278
the:0.002997881289729188
do:0.012244055435906192
ibm:0.044778034876359854
would:0.005299145716502137
development:0.022086721778728422
jim:0.019240515607664033
just:0.0066726622924198065
satisfied:0.030819657924570653
ted:0.05098311508919342
about:0.005596682842737907
company:0.0191257274979054
entire:0.021189876265277283
query:0.03275888044667792
write:0.01848962457379269
figure:0.020980100193606556
dollars:0.05210914807378695
x:0.03460409079029662
first:0.010667925166994552
article:0.00920832818541592
give:0.02685495762904553
somewhere:0.022042733289219244
by:0.005627474288733898
mike:0.036311500329064814
range:0.02272474991755496
s:0.003525206141227377
producing:0.031395524369231376
