another:0.020919861607439423
manager:0.03704621075390186
at:0.008310990683532369
out:0.011114878293211885
there:0.017316584633531085
help:0.020189553962658462
all:0.009000639911757464
employees:0.05251353097646205
chris:0.03619572870678585
thanks:0.01880553438600154
way:0.01634313980704286
such:0.01814167173082829
devils:0.04769442131829233
from:0.015973061404342934
added:0.03946809610152275
my:0.008964285484248125
to:0.0026003757737562846
software:0.02656401781586091
that:0.009818055436824815
cleveland.freenet.edu:0.040400177089674576
nt:0.006736590110589042
need:0.018124547089596568
so:0.019279445233677736
a:0.005269826889986396
as:0.015096493589000348
let:0.021746582478800233
also:0.013995255959241192
terribly:0.05423354566319747
computer:0.05057930009745878
are:0.006065201713219108
reason:0.02520954645291064
not:0.011375660539169148
christopher:0.045652397137505414
allowed:0.036149370076574254
secure:0.040327885837357885
walk:0.043309688438437764
cica:0.05488442180930079
screen:0.14106819509834143
be:0.010914363342216439
utility:0.04474749032732862
if:0.012644347542705835
3.1:0.03699549040450205
easy:0.03126114683263026
windows:0.025917048881353787
one:0.01855303599576646
in:0.003352447205556424
star:0.043309688438437764
heart:0.037462100123071856
leaving:0.0436619306123778
system:0.021087003106061555
or:0.006361428846255522
and:0.001800931200428254
still:0.019261406436127802
for:0.009207986686190774
subject:0.00025185808388696507
create:0.03587590274758131
until:0.02699212948457211
i:0.001800931200428254
away:0.026122486663430852
any:0.01930730691110957
information:0.02300774796682797
program:0.026194655022491273
the:0.004977614216908841
dad:0.05439210338316333
can:0.008156282947525597
an:0.008470737156242799
about:0.009292605474734638
company:0.03175592490218255
different:0.023841668849162712
is:0.015207884540980977
blue:0.03770435497606895
while:0.020474929300740775
s:0.005853172460905833
