some:0.020483103072514983
out:0.02066977366807824
there:0.01610138571187978
help:0.03754548631652275
thanks:0.03497169552484496
my:0.016670425637373705
to:0.007253679789951741
software:0.04939975242949573
next:0.046989123223669736
make:0.03087860497104743
that:0.018258138180761937
really:0.0342350130384373
anyone:0.029349381572655986
something:0.03492388275725478
am:0.028672567661427464
support:0.04805186507953519
a:0.002450007238327009
driver:0.06455764207870862
advance:0.055500021345204376
step:0.07297404623126932
com:0.20351049595391166
have:0.0089693090025904
network:0.06444718719350134
trying:0.04730400391348063
but:0.011671635478077372
port:0.14630796966138737
windows:0.048196617217956164
find:0.037130644520585794
in:0.0031171877525349207
or:0.011830025573738339
for:0.017123624363793367
subject:0.0004683676647722508
i:0.006698200254224383
suggestion:0.08119587096336925
allow:0.06151359072587004
will:0.019882549910583934
suggestions:0.06942098896615574
the:0.002644747403470361
would:0.03272454898611846
can:0.015167824428731812
hate:0.07063139022031278
is:0.004713554857730945
write:0.057090770613816025
serial:0.07261961276955846
under:0.04258462152816911
needed:0.058523205090105626
