correct:0.03942430650821022
ideas:0.04333727273541531
help:0.025784249639057795
all:0.022989586280633523
case:0.02977844707598501
chris:0.046225870396618074
enter:0.057074155766511474
secondly:0.06437699677338275
c:0.03115780355938506
into:0.021575950638342004
from:0.010199665716026212
my:0.01144836459434098
to:0.004981442747316256
boot:0.05914007794446195
make:0.021205788956020526
that:0.012538721401246148
quite:0.032002402194089175
like:0.01403179594588763
need:0.023147011945749835
file:0.03660826364407722
this:0.012650179237865518
off:0.02630671624043796
getting:0.03267712737620104
something:0.023983871291126783
starting:0.04724725280574961
on:0.006108540063123976
you:0.020089120099110427
am:0.019690799478329708
them:0.05298286162164726
a:0.001682535091381199
load:0.05416858881691042
as:0.009639929641168898
are:0.007745920260255729
it:0.004130788310120145
have:0.0061596459415379865
only:0.01606670166589502
thinking:0.04197019920299585
applications:0.04699157864330521
get:0.015835831027603883
prior:0.05537441361880177
if:0.016148202885865284
of:0.002342657657418538
ignore:0.05422609819947256
understanding:0.04836331066157622
windows:0.13239552681559044
in:0.00642215789980086
and:0.0022999844246433124
i:0.004599968849286625
any:0.012328762244443462
the:0.0018162723132266337
do:0.008654432757909598
when:0.015755113769201638
hello:0.04661796133315388
can:0.010416457740213415
maybe:0.03190256725713644
makes:0.03365033593074668
is:0.006474039202184673
slow:0.04947624222941977
first:0.02262114252278363
fonts:0.11934340419998264
loaded:0.056228321324665105
origin:0.058384194322372504
hundreds:0.05657356536997084
