prism.gatech.edu:0.15492152754440255
there:0.015045557140608975
know:0.020227461076365603
thanks:0.03267846958878956
way:0.028399554418795794
into:0.029357441032498138
someone:0.0361222641748036
from:0.04163470103754962
prevent:0.13190221220225154
to:0.006778028656184413
within:0.05305656092332488
like:0.01909244366407661
could:0.0247394943496075
me:0.0177637488590909
anyone:0.027424831961334283
a:0.004578702051955394
how:0.02156332782342827
sig:0.0773628921822586
advance:0.051860675683223764
stolen:0.08046928638344823
are:0.01053953084592173
internet:0.04682842529696076
it:0.005620580815409376
not:0.009883770632392867
completely:0.05896710880392575
follows:0.07039384127255431
be:0.009482971428483138
using:0.03613804227286756
windows:0.13510854990607385
must:0.03799115454884422
who:0.04239517620438847
direction:0.07242869483671525
in:0.005825563996540672
our:0.036553695458694975
point:0.03609075346327969
subject:0.0004376550310166934
i:0.006258974008045736
the:0.0012356606721132017
users:0.06473274702059316
do:0.011775703588631094
would:0.015289338460727477
people:0.024676608853657665
is:0.008808938586579145
right:0.031801206455578684
by:0.016236647128150265
mike:0.15715141126021492
