versions:0.058426618692746755
your:0.01657805555501661
with:0.015390194126040719
much:0.022989432494209622
microsoft:0.05604742228604387
previous:0.04569999236437902
work:0.07993707094698567
wrote:0.03388914440385343
to:0.0036268398949758705
make:0.06947686118485671
that:0.004564534545190484
me:0.01425774579479664
re:0.004920269773396981
so:0.013444876281380526
ps:0.05928371477394362
2.0:0.12341602126376983
you:0.014626289194966363
more:0.016729197708167446
a:0.0018375054287452564
was:0.011650804396070863
challenge:0.062093900304181236
compatible:0.05928371477394362
shell:0.06341078791677311
os/2:0.1867544452959667
not:0.007933026428631116
couple:0.041526207824401556
made:0.03059973094628949
laugh:0.06674231286914957
has:0.01401019044587567
common:0.04429115841620197
were:0.020411885493056565
things:0.02940428852816118
of:0.012792143787219648
what:0.012111080302587252
lines:0.046489238477559425
windows:0.07229492582693425
thousands:0.056297105199978145
supporters:0.06598403506866751
rest:0.042981984650958004
code:0.042638322504364425
in:0.00233789081440119
yes:0.03509007724347222
subject:0.00035127574857918807
however:0.03154077505522254
than:0.018823701081835013
the:0.001983560552602771
ibm:0.1555447527284079
many:0.024384224047080176
is:0.003535166143298209
implementation:0.06487428311559185
guys:0.0511141540722533
does:0.0160327475570727
lot:0.03261254458243935
successful:0.06306900520094073
written:0.04715156497968565
by:0.013032045721278501
mike:0.08408979023572903
