large:0.01663352288826431
out:0.006545428328224777
correct:0.018178985778785826
default:0.026664862697787704
replied:0.03092463490836099
your:0.02099887036968771
with:0.006498081964328304
c:0.04310162825714933
from:0.004703179191278753
config.sys:0.032522868644204214
to:0.004593997200302769
important:0.01745760718318457
compressed:0.1205391065494319
enough:0.013511936260763312
stacker:0.13621174079592724
that:0.0019272479190804268
think:0.007998600152936419
need:0.010673344397206868
re:0.004154894475313006
file:0.01688047712476894
stack:0.03378833492681928
this:0.0029165691020634392
mean:0.014685678093499226
reply:0.019951091774195247
acsu.buffalo.edu:0.1205391065494319
best:0.013528755999785745
on:0.002816715695773833
you:0.03396549379719967
performance:0.0210611735199812
roger:0.0735625795594432
why:0.009887347667522257
a:0.003103342501880878
load:0.02497773817668647
as:0.004445078667872325
drive:0.07843899302238856
answered:0.02699718767118165
section:0.022831995142351597
are:0.007143459795569173
d:0.05060678395491765
it:0.007619009549777155
not:0.010048500142932747
should:0.018253468247038662
have:0.005680562368307254
being:0.02162004366583498
drives:0.02248357028753145
probably:0.013262353972384492
only:0.014817069314103185
b:0.017005046369523567
attempt:0.021425824429092195
yourself:0.019479303729858847
which:0.007177179625097322
writes:0.0073473599001951375
if:0.007446115775148992
3.1:0.043572466476413524
impression:0.026283958967580498
seems:0.01309159494100599
fact:0.013323706270160218
using:0.024493561984943565
windows:0.030524524238038905
up:0.0074636687241799145
good:0.009000054729774996
clear:0.018320837456592295
in:0.003948437819877566
quoting:0.029937517257041805
use:0.02771299212912247
and:0.005302741867927637
for:0.009037468414224276
subject:0.00014831642717787942
however:0.013317216134427295
i:0.003181645120756582
will:0.006296140805018247
the:0.0033500133777291247
do:0.011971965315108277
can:0.004803144402431741
just:0.013048761816287622
cache:0.08087779692903828
is:0.0029852514098962658
win:0.018830418909046343
applies:0.026453866875203166
disk:0.058349649729998024
gave:0.0206215217390994
automatically:0.026184453819988667
first:0.010430860163283562
under:0.02697026030117377
article:0.009003698670184456
de:0.022449900150799836
thus:0.01850752818264614
smart:0.02755721377741479
understand:0.016645318127420296
check:0.018385064247709384
