technology:0.07321016708297702
ec:0.13433779905198667
where:0.040162104309429604
missing:0.09386190137802715
microsoft:0.09260008899433335
wrote:0.05599076031941002
to:0.002996085130632241
competition:0.11343755628775569
software:0.06121273670611427
that:0.007541404900749496
grand:0.10901710141779851
re:0.016258282729485676
had:0.0333567062104812
on:0.011021930983462824
you:0.012082586726276563
concerned:0.08752150527299628
challenge:0.10258992224169075
mind:0.06586208267413342
are:0.013976334382635337
place:0.05911799168079186
netcom.com:0.06997902553741607
writes:0.014375269369947007
of:0.008453938502858202
pete:0.22603084797302872
they:0.020280861402342254
supporters:0.10901710141779851
in:0.007725204430195238
point:0.09571895483739394
yes:0.05797491022834541
subject:0.0005803686280873543
the:0.004915780499928606
when:0.028427705279211648
is:0.005840709280231824
fischer:0.12100944094576038
their:0.032906165621341604
first:0.04081640933458785
mike:0.06946547889038486
main:0.16167030485334036
