read:0.03383586659549137
there:0.01369819381458429
alot:0.07558174491655975
via:0.051018378785308134
to:0.012342082030664156
bit:0.04067289847844328
like:0.03476534517936338
nt:0.021315777663356374
wanting:0.0824718252087272
re:0.005581201534002545
this:0.00783555878166297
appeal:0.08078035229369729
a:0.004168669032377299
question:0.03258188184100156
are:0.009595692262704859
d:0.027191704811597543
not:0.008998656844417386
probably:0.03563020470192848
of:0.0058041965840519
but:0.009929600332095676
windows:0.04100309226005226
please:0.028588288909033654
net:0.04947973858057436
good:0.024179251512828345
sounds:0.05317469497851997
in:0.005303871698342999
and:0.0028492344364984316
for:0.004855953177792149
subject:0.0003984620431644522
i:0.0028492344364984316
gregory:0.07975060794314578
psilink.com:0.18603529820527787
the:0.0033750134775629237
nathan:0.09185404400607607
specific:0.05470382520105123
myself:0.04974391137310273
upgrading:0.08350156955927872
people:0.022466763284673393
replies:0.06689266025091951
including:0.047462204575078056
general:0.044006423329664944
is:0.004010039207323342
hardware:0.05298031527872465
advice:0.0580575681825858
him:0.07153777024965098
e-mail:0.04104023547242189
article:0.012094520601740313
respond:0.060358324597918005
mike:0.09538543370022995
says:0.03822427976757564
s:0.009260242997851019
news:0.0458041271069167
