some:0.007942427721995606
believe:0.014780080818573745
at:0.01198591853679498
there:0.006243394459708486
happen:0.023004300858281056
i.e:0.023500265285546957
your:0.008570967497831717
with:0.003978417529180594
ignoring:0.036348916545515426
microsoft:0.028976898596866217
approach:0.028001718741046497
to:0.005625302694248289
job:0.02361556840332773
look:0.032260793527563406
attacks:0.03126582537660236
make:0.011973336621426555
that:0.007079686233356669
me:0.007371351567377855
need:0.013069401302702286
re:0.0025438129440691873
this:0.010713927313702428
set:0.018023228463441638
you:0.015123782024727125
numbers:0.047996495251682966
society:0.025280484478958146
narrow:0.03732239167232273
am:0.011117934399329017
great:0.01715136522947399
a:0.0009500028066982279
other:0.009383047536271501
ms:0.02843632600261964
price:0.06388049391518291
as:0.00544295347086407
challenge:0.03210296886474676
part:0.016661374914376033
business:0.024602474375738554
l:0.02248272502553308
are:0.004373546813613779
not:0.008202857259536936
have:0.0034778953275350533
japanese:0.034059989765779286
only:0.009071675090267255
money:0.021089930385912448
doing:0.018236074184798064
attack:0.02686188821942981
convex.com:0.03657953934603027
willing:0.02432584934680048
usually:0.06730103555482883
be:0.0039351105927719135
greatest:0.03389991835482559
considered:0.02342070038919872
writes:0.004498383612364369
things:0.01520221719823299
if:0.009117692785896725
end:0.018396145595751763
of:0.003968175215627319
result:0.024047632387833348
selfish:0.04137347133896238
ignore:0.030617456806504913
fact:0.016314742371624755
up:0.009139186192873365
supporters:0.03411419500148797
in:0.002417410910129122
or:0.0045871527734903765
debate:0.030882962547360254
and:0.00909041463073309
gets:0.02270283226117554
for:0.002213257570830435
subject:0.00018161195164638296
purpose:0.025584227837718278
i:0.0025972613230665974
imo:0.03598111231918702
the:0.007178600095133838
just:0.015978075693413415
competitive:0.040625165929341095
is:0.012793934613841138
number:0.017022209853045974
done:0.018018119397419718
right:0.013196419005376187
keep:0.018023228463441638
lee:0.02902824013180079
life:0.01898217247135177
matter:0.020550360625173757
whoever:0.03427945141352229
stock:0.10138577712897716
dave:0.047704417297613495
article:0.005512468573582319
very:0.011858792461111886
past:0.02247288739390043
sales:0.09875824686888926
while:0.014764234733867499
