graphics:0.033834052309035786
carter:0.2403323709645405
with:0.005623340161437955
to:0.003975574500262012
scientific:0.040602880161575795
puts:0.04747909253925581
technical:0.03689180041268558
like:0.011198452533737243
package:0.037377529164001944
recently:0.031820303505650856
on:0.004875084858070096
you:0.010688442104013882
disclaimer:0.03609668776032872
identical:0.04699301293192089
chemistry:0.051485231084508594
largely:0.050269037362305515
state:0.02555493641289054
working:0.0914001637703829
a:0.002685584857396914
as:0.0153868107734042
ascii:0.05065759061555433
also:0.014264395496918908
files:0.031820303505650856
model:0.10554667821875625
it:0.016483434122114036
analysis:0.04140159745675478
try:0.023426823772532624
only:0.012822463829512371
ve:0.017549362490648406
date:0.03440191528637811
tom:0.07299477352836067
university:0.02259942405383321
cica:0.11187978291895931
has:0.01023821609506299
sets:0.045726000647006236
of:0.005608863045165538
produced:0.04414256706225388
but:0.012793908120200198
saving:0.05075723279858844
version:0.09001357522112263
windows:0.02641545366753367
michigan:0.04953608192588356
in:0.0017084586720624085
message:0.03122422969768963
and:0.0055066934782325465
for:0.0031283544510776347
subject:0.000256701508577099
i:0.003671128985488364
currently:0.03460512982555093
the:0.0028990500384194345
do:0.006906903066408622
disabled:0.055939891459479654
can:0.008313134542670322
may:0.01789447622538299
an:0.008633635947709007
2d:0.05783133659646095
current:0.030406208882027098
is:0.007750171929538382
save:0.03483182915789706
new:0.01657691889311103
1993:0.029131305798174398
1:0.018831960499276046
full:0.029708293114646667
origin:0.18638031264449684
data:0.0564297235231887
says:0.024625257157957388
include:0.03232233916581348
s:0.005965733469769407
