out:0.0280518356923919
help:0.050954588572423735
dos:0.0840369608629509
thanks:0.04746158678371817
fax:0.07282484142579498
c:0.49259003722456374
my:0.06787244723787866
5.0:0.12077180423941351
me:0.02579973048582249
this:0.012499581865986166
set:0.06308129962204574
you:0.013233309271636235
independent:0.09887478448088029
why:0.04237434714652396
also:0.03532136027808491
computer:0.12765251929358643
l:0.07868953758936578
setup:0.10508939937063314
have:0.012172633646372687
mouse:0.20694915129656336
3.1:0.09336957102088612
seen:0.061725354538627444
windows:0.06540969479579765
please:0.04560512754536321
and:0.004545207315366545
subject:0.0006356418307623404
problem:0.05037060219156153
window:0.08302363671012242
does:0.029011638436607742
2:0.04639070362131925
before:0.050623673029110576
