believe:0.022398679178663304
know:0.01272036212018868
microsoft:0.04391344426535396
work:0.041754071422480485
wrote:0.026552319326730526
to:0.0028416477527645994
mc:0.058440341573457684
that:0.007152672689370656
technical:0.039554095287827835
re:0.003855056729671861
anyone:0.017246543810735992
this:0.016236570258909868
two:0.03844926665264559
on:0.00522689510555969
used:0.02035529390038006
working:0.03266535062584131
card:0.03155575614963136
a:0.005758779900397505
member:0.04114327755408823
vision:0.04915388234316707
drive:0.029111378853669986
vga:0.04649877947686251
dual:0.057243721251264354
staff:0.04961507712503709
d:0.037563798399526505
it:0.0035345920591749688
not:0.006215567098721287
have:0.015811874633432563
whether:0.029458335926616747
has:0.010977056431820113
heard:0.027862343911545098
anybody:0.03133603242178036
be:0.005963518114819292
550:0.062462997614461564
writes:0.0068171380517274465
of:0.002004542119234419
monitor:0.03863170969163719
3.1:0.04042806167914657
but:0.006858589920107322
reading:0.033879608725391655
nec:0.05592020406932407
never:0.02272102299857588
using:0.0454519706937097
windows:0.056643447039659824
one:0.04054890341342773
in:0.005495248512200737
system:0.06913058750234614
or:0.006951664512402941
and:0.0039360558194926785
for:0.003354111988784268
subject:0.00027522635971152884
i:0.005904083729239018
possible:0.026566717762521463
monitors:0.09520316966614085
55:0.05067883213777142
will:0.011683560256734891
the:0.001554129917503202
when:0.013481179823131299
may:0.03837166035958414
jim:0.03491062625720484
about:0.010154805982699706
ma:0.041352762115850684
is:0.00553964179156008
done:0.02730580980846081
2:0.04017339282670946
exception:0.051294494351190205
james:0.07133183026055726
