out:0.015502330251058682
there:0.024152078567819667
thanx:0.06385089231239864
way:0.02279437920455978
ca:0.02705984994858317
wrote:0.03388914440385343
post:0.03398128690041027
to:0.009067099737439676
add:0.04521342653225945
matthew:0.11279664054793406
day:0.03346451362845884
mail:0.040319940853103364
nt:0.009395770417400506
me:0.02851549158959328
re:0.004920269773396981
hi:0.041460745526505326
you:0.021939433792449545
m:0.018010719896264106
a:0.00551251628623577
how:0.01730740785827795
adding:0.06217245513295102
primitive:0.07438744290124483
science:0.044495160870622566
computer:0.035272406646912044
race:0.0575109174848626
it:0.013533766963419945
have:0.0067269817519428005
university:0.03092552765261386
shareware:0.06526708526229817
shall:0.05210234228990466
anybody:0.039994672959377565
be:0.007611332330756201
which:0.016998583322598917
get:0.017294394411725294
if:0.00881776868109749
of:0.0025584287574439294
who:0.01701385360834011
called:0.03529282231390439
one:0.012938301418100295
floppy:0.05796080386312944
use:0.02187867799667563
and:0.007535475286002431
for:0.004280906090948342
subject:0.00035127574857918807
i:0.005023650190668287
program:0.03653465042610625
the:0.0009917802763013855
can:0.01137586832154886
is:0.010605498429894627
write:0.042818077960362015
too:0.025691024577164427
nice:0.041575519167825765
every:0.03200195430180784
grateful:0.070904646135099
clue:0.06674231286914957
s:0.008163635274421294
icons:0.15357282150759372
