some:0.011014498822012775
24:0.06911478771449925
fast:0.03284715023535884
there:0.017316584633531085
all:0.009000639911757464
ever:0.024937943932357175
graphics:0.03319567396358228
with:0.01103447880734995
to:0.0013001878868781423
positive:0.04176415094638314
appreciate:0.036218993730325416
problems:0.025878049395205407
technical:0.03619572870678585
location:0.043309688438437764
its:0.01950777883051104
re:0.003527740592246892
anyone:0.015782214619258408
had:0.014475551751718255
this:0.004952664512937915
stealth:0.10019813036542975
extremely:0.04168066400980783
recently:0.031219920420638574
you:0.005243386692535112
great:0.02378538385596865
purchased:0.045159005633704945
support:0.025839210467297223
card:0.05775298767008003
a:0.006587283612482996
steve:0.030256168366362135
based:0.028499085017929644
are:0.006065201713219108
works:0.028067226354252264
it:0.012937940744904602
have:0.014469356975876969
pointer:0.053773261095561325
g:0.033349075103882096
writes:0.0062383244435619085
if:0.006322173771352918
of:0.005503035440539773
fire:0.03393390223622142
latest:0.03930515660615803
windows:0.05183409776270757
find:0.03993295731459227
up:0.012674154437286648
newer:0.04637591242796064
in:0.001676223602778212
occasions:0.053773261095561325
for:0.003069328895396924
subject:0.00025185808388696507
feedback:0.05225505008789493
i:0.012606518402997778
appreciated:0.031931718105436255
any:0.01930730691110957
review:0.040770183817535714
suggestions:0.03733015444406488
the:0.0014221754905453829
magnus.acs.ohio-state.edu:0.043408994221333874
when:0.012336551347582414
would:0.008798581567022415
drivers:0.11129161580605205
isa:0.04552660911043499
paul:0.030896438595368465
else:0.023835398352245817
does:0.011495177493750237
lot:0.023382579134579157
experience:0.031247384667878752
accelerator:0.049998166228783295
although:0.029808862799573187
diamond:0.14170241025196856
article:0.007644649814307556
despite:0.04022047713712085
by:0.009343730894501566
upon:0.032717694176348455
gibson:0.05633867350578435
vincent:0.05488442180930079
s:0.005853172460905833
