preferably:0.07863267797041269
thanks:0.029752039476360643
to:0.004114027343554719
aka:0.07730837773744725
basic:0.057009743426268654
like:0.01738267258968169
nt:0.010657888831678187
re:0.005581201534002545
this:0.00783555878166297
best:0.036345911641215436
programs:0.05273406155663457
hi:0.04703009940320007
something:0.029711362942739145
m:0.020430070330090627
a:0.004168669032377299
other:0.020586686385550907
gary:0.0633534096048158
assist:0.0841553400467174
layout:0.17111123995067826
advance:0.04721643606980074
seeking:0.07894363449135063
it:0.010234490439999163
not:0.008998656844417386
ve:0.027240801478021406
shareware:0.14806861134133317
always:0.03965606116415981
cad:0.09301764910263893
writes:0.009869587925635259
get:0.019617522019270483
of:0.00290209829202595
seen:0.03869350583018437
phil:0.13228221942286544
windows:0.04100309226005226
please:0.028588288909033654
in:0.007955807547514498
subject:0.0003984620431644522
however:0.035777595585028556
i:0.008547703309495294
house:0.051311521559555096
program:0.08288458007116642
exist:0.054276484713374706
than:0.021352257943574048
the:0.0033750134775629237
do:0.01072116296875368
william:0.06077103402076145
is:0.004010039207323342
does:0.018186400213992912
runs:0.055996873439452755
under:0.03622870786724835
e-mail:0.04104023547242189
article:0.012094520601740313
before:0.031734242794367824
s:0.009260242997851019
news:0.0458041271069167
