simply:0.025920706270198216
choice:0.031969175207784264
configuration:0.04019689809065114
at:0.007465805190291788
happen:0.028657900221756908
delete:0.04537681383719401
your:0.05338695856700265
with:0.004956164210080909
ron:0.07181861586822094
c:0.0438321643293044
setting:0.036456244553920394
wrote:0.02182690656519374
batch:0.049769563465838225
config.sys:0.04961115555895558
name:0.023408750049408907
my:0.008052663231612724
to:0.0058398269495374185
hudson:0.04741190813959045
then:0.013524409743862738
provide:0.028618268460028927
could:0.025578121276712835
re:0.0031689873116794113
sections:0.04638688601740688
this:0.004449003715012025
path:0.11277784655239613
on:0.004296684959654999
you:0.01884064370877023
machine:0.027566096223087685
e.g:0.03440063745924827
temp:0.05026336777197361
a:0.004733912291004729
other:0.011689050744338228
running:0.051312888346554265
copy:0.028954338517485953
stuff:0.02477471654808154
solution:0.032964890408756345
files:0.028045013259217703
setup:0.07480940294180664
are:0.005448401538993437
deleted:0.029774402516935056
personal:0.02842284297623488
environment:0.03557333478709996
be:0.004902214043537892
get:0.011138762502467139
msdos:0.049455654383801374
if:0.005679240845452621
of:0.003295603145182011
menu:0.1309767589904718
intel:0.042844141184228704
version:0.026444666166657495
order:0.023765397128241456
using:0.018681530327499328
easy:0.028082047154735657
windows:0.046562833583449176
must:0.019639495148131333
up:0.022770514751735332
in:0.0015057601855465294
system:0.018942562112224788
or:0.005714503878839706
use:0.04227405579018682
and:0.004853356963865973
for:0.0027571937534921526
subject:0.00022624539738998556
each:0.02157635082508996
6:0.024901268072535548
person:0.023772834229439415
power:0.022897078645513068
will:0.009604282583926139
the:0.003193868686394292
do:0.006087439990733023
views:0.03432276944183804
specific:0.062121293024922586
peter:0.03120248373581319
fancy:0.045282124849074304
variables:0.05043457715602039
finally:0.030818004032170384
select:0.04014538075102078
new:0.014610165804097856
run:0.022685037528706736
change:0.0251865178636482
fraser.sfu.ca:0.04900557111842893
thus:0.028231822651494112
include:0.028487485366479676
