mode:0.02519332398998836
read:0.0149144938282758
desire:0.03197035382113616
all:0.0062767620437255995
dos:0.023220739185815378
where:0.01215432104101159
i.e:0.02272723024325923
suggested:0.02889514440102192
with:0.0038475485315101797
establish:0.033483619811938606
my:0.006251409614015139
via:0.022488364332997664
to:0.008160389763695708
require:0.025523164861201226
most:0.012214443841888406
appreciate:0.025257982469832196
that:0.004564534545190484
like:0.0076620991020307444
really:0.012838129889413985
larger:0.027999024632373574
so:0.006722438140690263
anyone:0.011006018089745995
best:0.01602089526290417
something:0.013096456033970545
two:0.01226835153061389
products:0.02664530785616374
2.2:0.06556957892314949
os:0.06249145002255619
a:0.003675010857490513
wondering:0.023677194091166424
test:0.04705131386815356
was:0.005825402198035431
hearing:0.029834425691577814
as:0.010527817897592348
copy:0.02247771016489041
os/2:0.1867544452959667
no:0.0074062219485691435
play:0.021065251531450273
it:0.0022556278272366577
not:0.003966513214315558
ftp:0.024956361495322862
couple:0.020763103912200778
have:0.013453963503885601
systems:0.019739586317648754
after:0.012692195313585205
decided:0.024550217519857594
knew:0.025540099098011575
heard:0.017780574733025488
be:0.0038056661653781006
which:0.033997166645197835
if:0.004408884340548745
of:0.0025584287574439294
available:0.01777015676193572
what:0.006055540151293626
but:0.004376863304279014
robbie:0.040825751597333204
version:0.02052941189253674
windows:0.07229492582693425
over:0.013196978634995775
in:0.00233789081440119
fellow:0.03166225316531972
or:0.004436259590151877
debate:0.029867075621460244
use:0.010939338998337815
better:0.014711946521719756
and:0.006279562738335359
for:0.006421359136422513
subject:0.00017563787428959404
however:0.01577038752761127
i:0.007535475286002431
386:0.031046950152090618
any:0.006732153067689521
information:0.016044876871603716
will:0.007455956216468976
the:0.0009917802763013855
do:0.004725775782279583
would:0.012271705869794421
apps:0.1043925692944834
operating:0.03023734427868781
once:0.0176515210192428
beta:0.0718562337874625
needs:0.022035174754403596
put:0.01636486381280776
myself:0.021926592513143967
finally:0.023924503130237532
many:0.012192112023540088
different:0.016626426960600314
head:0.04543236494020635
is:0.008837915358245522
win:0.022299180287028562
having:0.01721639073960764
obtain:0.030134277721158863
run:0.03522150563667625
whatsoever:0.03420203620644514
supposed:0.048009144887057376
wont:0.039288811786928564
says:0.016848860160707683
