some:0.022892879904575572
manager:0.2309940199949175
there:0.03599133276773127
technology:0.06603269972190083
fax:0.05997339882124293
way:0.033968094500912614
to:0.005404702588591493
within:0.0634598081631925
communication:0.09436593100252152
how:0.025791431318218122
uunet:0.07405867279249578
sweden:0.10433944755827436
46:0.20349568832798076
systems:0.0588317082408355
dept:0.08045700961454508
of:0.007625121002577986
institute:0.07632270293986874
3.1:0.07689258789955328
one:0.05784181810444838
email:0.053801934489567466
in:0.003483915723421382
or:0.01322179328829579
for:0.012758778937728392
subject:0.000523469742980751
program:0.21777517116737843
the:0.005911788313639631
regards:0.08096799209826791
may:0.03649069661646727
about:0.019314042751409247
is:0.010536181446692702
win:0.06646030203192826
itself:0.06594227138420353
items:0.0908551813662669
switching:0.1039177572598241
already:0.056976202378379436
