some:0.006112758508551593
characters:0.026512968112091643
there:0.014415376736813833
all:0.004995119532179535
means:0.014840812672454204
document:0.02384729514045287
take:0.022259153197232498
where:0.009672548681852156
fax:0.03202767895165853
with:0.0030619234386887297
into:0.018751873329658497
such:0.030204458693211495
work:0.010602473633457088
store:0.023367555230264785
to:0.002164710722655755
then:0.008355394501443996
software:0.05896933797866506
t:0.053953362408386225
been:0.007681886844091305
format:0.06314221738803164
that:0.01089752750055948
bit:0.014267456534323035
like:0.006097586719940698
me:0.0056732391644217
re:0.0019578036794668614
package:0.04070432495346809
michael:0.015731388490438165
so:0.010699587407171939
file:0.015908303049520466
this:0.002748599153777063
map:0.02597014910960556
programs:0.018498335729290664
on:0.005308992934442826
you:0.008729827058775735
tell:0.012617932217918602
optical:0.030847417193401075
them:0.0076746553483363405
3:0.012258984003338323
a:0.0021934619777692066
as:0.008378158745727941
ascii:0.11033276280665237
character:0.02390044891775139
also:0.007767000689421814
ie:0.021903760140112104
files:0.05197871567415218
are:0.010098084527767939
works:0.015576575882464609
z:0.02613125727016448
it:0.008975273029842197
not:0.006313193807078166
have:0.0053534095617555275
received:0.020258066966763202
domain:0.023367555230264785
recognition:0.05952060020064252
whether:0.014960516151213743
raster:0.031489314167706485
has:0.011149470930749226
public:0.015516987424401016
which:0.0067638342016623975
found:0.014002725158413599
writes:0.003462106759254253
if:0.0035086409411696825
of:0.003054040610980188
looking:0.013580551546631644
what:0.01445720580622981
hd:0.02334348345409395
version:0.03267508489702183
again:0.012784655173340409
using:0.011541468998140948
well:0.017621653509459108
pattern:0.027268960284248155
find:0.011080872972111992
professional:0.025028823924052705
good:0.008481726970468582
translate:0.03137671623461243
one:0.010296449296079818
code:0.016966034085506263
in:0.005581561316057292
our:0.011674216874242898
or:0.003530426480120866
pcs:0.029071418645930065
and:0.0019989393428837166
for:0.0017033971880213298
subject:0.00013977464341370836
however:0.012550256042915776
space:0.016007920196403683
i:0.0029984090143255746
we:0.007056250815256388
translation:0.02483368573139704
any:0.005357524954391662
pretty:0.015068167837275532
currently:0.018842583779357575
the:0.0023678105025834125
do:0.011282480401672722
would:0.004882982440337047
can:0.0181060940824652
once:0.014047283743062336
regards:0.021619725638804523
an:0.0047010373746687786
problem:0.011076258073537092
is:0.008439977808083683
ver:0.03172204590891504
3.0:0.04840570238159904
edit:0.027747673404455653
does:0.006379522588154583
2:0.010201097131389576
told:0.016231517103293874
1:0.01025405179018172
convert:0.02240094238323738
luck:0.021585280763945662
comes:0.015833383964636186
lots:0.019103115243017596
letter:0.021366748794454746
by:0.005185526046163173
built:0.019332448345941118
