at:0.013148731529170612
boy:0.06768407022566908
all:0.028479636735710183
microsoft:0.06357618050357215
2.1:0.07832806794606632
to:0.004114027343554719
look:0.03539057200411807
impact:0.07154096112345516
t:0.03845183664179764
that:0.0051776809766339825
quarter:0.08267216879577408
its:0.030863053075136867
re:0.01116240306800509
you:0.01659101460921558
a:0.0020843345161886493
challenge:0.07043487198683245
jack:0.12760465369432644
college:0.061485302993561974
are:0.019191384525409718
base:0.05748710231959778
d:0.027191704811597543
catch:0.07232668848890922
couple:0.04710435514409729
employee:0.0876538580443121
left:0.04364783855970987
suspect:0.05794171735668298
after:0.028794234144253004
writes:0.009869587925635259
if:0.01000224507109566
of:0.014510491460129749
supporters:0.07484756216744376
email:0.04095371132787971
in:0.005303871698342999
cats:0.08822798163875682
weeks:0.054336789333330006
still:0.03047326988402309
subject:0.0003984620431644522
i:0.0028492344364984316
we:0.02011558068229806
silly:0.06974054339526688
the:0.004500017970083898
see:0.026408742707629492
ibm:0.05881294133014428
about:0.0147017340346548
1st:0.0671756141874063
article:0.012094520601740313
u:0.0564424400536271
brett:0.15635612586665495
94:0.08132315295296409
going:0.03250471170223407
s:0.018520485995702038
