bbs:0.20754064880798262
dos:0.09050134246779327
tried:0.07943241161632489
thanks:0.051112478074773406
microsoft:0.2184412355763761
eugene:0.16122441900081075
that:0.01778998079151163
me:0.027784325138578068
anyone:0.0428952499908049
hi:0.08079529897472833
on:0.01300022628818692
tell:0.06179551419544751
y:0.10931719427012333
kuo:0.15911574981524737
given:0.07148173228669952
answered:0.12460240463622299
manual:0.10075890761237853
call:0.0681270794358643
what:0.023601079564016185
but:0.01705854416026693
never:0.05651126232979129
please:0.04911321427962192
one:0.025213100199374935
subject:0.0006845373562055973
i:0.004894838647317819
6:0.07534229827074858
the:0.005798100076838869
upgrade:0.11339911290381402
can:0.022168358780454187
is:0.013778083430290456
number:0.19248191141521218
