prism.gatech.edu:0.02100047373379679
some:0.005189052778370463
go:0.008646365563529454
out:0.0052363426625798215
technology:0.01496741193696419
help:0.01902304640037153
all:0.004240301469539072
dos:0.03137379872216833
tried:0.013768284680162982
where:0.008210919103261164
your:0.011199397530500112
4:0.011041197796349685
ca:0.009140215982632538
from:0.011287630059069008
single:0.014450785202277222
to:0.0042877307202825845
w:0.04125787806705805
most:0.008251535395409057
might:0.009453711715015316
100:0.015015609328138096
enough:0.01080954900861065
been:0.013042136775301682
problems:0.03657430981189031
helps:0.018799876871702058
communication:0.04277922205447642
nt:0.0063473649041994535
its:0.009190331360151868
me:0.00963189938137373
re:0.0016619577901252024
exactly:0.01429503401454226
file:0.013504381699815151
this:0.004666510563301502
installing:0.02346112093801421
personally:0.017417087133806672
something:0.00884738363183788
these:0.007362826547106412
big:0.012336802461633588
on:0.004506745113238133
you:0.0024702177307054304
tell:0.010711222460544234
am:0.007263717140894958
them:0.013029859302508807
vs:0.015184941978059299
modem:0.018948313673488044
3:0.010406515309500531
m:0.006083620942738098
why:0.007909878134017806
a:0.0012413370007523512
ms:0.01857839965504483
running:0.01345537961087423
fine:0.014396251457424711
stuff:0.012992962456327209
setup:0.039233375765036375
bios:0.02144809140313826
are:0.002857383918227669
internet:0.012695706413842694
com:0.10311198461664858
it:0.004571405729866293
admit:0.01822265428760689
have:0.011361124736614507
calling:0.01828000275354426
ve:0.008111705329010819
machines:0.0175375401550413
buy:0.013363738334417627
friedman:0.026541775073836184
able:0.011722067671602974
hope:0.012837606833955757
always:0.011808693768883145
after:0.008574283056288672
connection:0.019136738380011096
points:0.016289583504313032
mouse:0.019315254121012582
has:0.004732330995051338
manage:0.022395908256834563
anybody:0.013509311755167534
comm:0.027945565960140528
writes:0.0029389439600780547
get:0.005841662112404988
if:0.002978446310059597
of:0.004320901901460859
georgia:0.02136065688936624
institute:0.01729981266637025
3.1:0.052286959771696236
what:0.0040908537910961384
but:0.0029568143211129343
never:0.009795285470497158
version:0.013868758256291486
port:0.03706468564755147
windows:0.04883923878086225
commands:0.021507351540335885
one:0.0043702707012249885
in:0.00236906269192654
5:0.011550546164078591
and:0.005090632193210532
still:0.018148525175373752
for:0.007229974731379422
subject:0.00011865314174230354
victor:0.028207079293575788
i:0.0059390708920789535
pay:0.014812631386657258
established:0.020593841109687164
actually:0.010863618342671487
will:0.005036912644014597
program:0.012340593032818111
the:0.004020016053274949
waiting:0.01944462338393734
thing:0.010061921933888695
rule:0.017549766970027476
can:0.0038425155219453926
friends:0.017673921535945495
just:0.0052195047265150485
finally:0.016162331003538245
is:0.003582301691875519
critical:0.0217212148663101
win:0.030128670254474146
addresses:0.021418755029665584
does:0.010831011683000224
2:0.008659598009312928
their:0.006727482749252062
run:0.03569112571183193
warn:0.025777996154162146
exception:0.022113626453624222
thru:0.022937640779541392
1:0.008704550630776483
somehow:0.018898281875600782
various:0.015842573237134172
advanced:0.020545531455300924
under:0.03236431236140853
although:0.014043286474465592
article:0.0036014794680737823
neither:0.016634584224448752
u:0.050421913114573544
opinions:0.012691600691200188
ports:0.04376106201504807
respond:0.017973367769157807
by:0.004401935443631849
especially:0.01389020314443263
check:0.044124154194502524
s:0.0027574945815823037
share:0.018137995643292694
