at:0.014931610380583576
boy:0.07686157127321742
all:0.03234128239478953
microsoft:0.07219667955490397
2.1:0.08894882292180413
to:0.004671861559629935
look:0.040189293631795096
impact:0.08124143042833044
that:0.005879739414143674
quarter:0.09388195439520107
its:0.03504787383108763
re:0.012675949246717645
you:0.009420321854385115
a:0.0023669561455023644
challenge:0.07998536310369109
jack:0.2898139592379617
are:0.021793606155973748
base:0.06528196365106866
couple:0.05349138635007658
employee:0.09953912693167645
left:0.049566189550856975
suspect:0.06579822140504678
after:0.03269853707906697
writes:0.022415674271781774
of:0.009886809435546033
supporters:0.08499638415624969
in:0.009034561113279178
weeks:0.06170448958191712
still:0.034605238681856734
subject:0.0004524907947799711
i:0.003235571309243982
we:0.022843117045999492
silly:0.07919688826242172
the:0.003832642423673151
see:0.02998958917646061
ibm:0.06678757744270622
about:0.016695189496980872
1st:0.0762841720433258
article:0.027468911197172916
brett:0.08877847824632104
94:0.09235002114997617
going:0.03691213023813021
s:0.021031738334102316
