there:0.02781148441142871
your:0.03817976430852311
my:0.028794371555463678
to:0.004176361091184336
enough:0.07370147051325443
nt:0.021638743991589045
so:0.03096395749651273
this:0.01590855873852785
on:0.015363903795129998
os:0.28783940616450127
richard:0.22642894028962296
ms:0.12667090673894205
was:0.026832155578829866
challenge:0.14300413403387197
wasted:0.1737038344953855
let:0.06985265887129773
no:0.03411350715704575
have:0.015492442822656147
neil:0.16910365228726418
please:0.05804288960318954
supporters:0.15196323227935551
better:0.06776411731216374
subject:0.0008089986936975241
we:0.04084072441557485
silly:0.14159443659039034
flames:0.13552916286040514
than:0.04335155400665034
is:0.008141594754262543
discussion:0.10417793771182399
bandwidth:0.1619179009754778
already:0.08805413094840459
