fast:0.020974686294867696
music:0.055501908911940775
know:0.007432982684688566
all:0.005747396570158381
ml:0.037073620171127086
pressing:0.03649946246146248
graphics:0.021197237591203146
text:0.04357305702691045
with:0.01056916946005206
frames:0.0352657611804624
both:0.013528337845230349
creation:0.027348165629288903
to:0.004981442747316256
visual:0.030871093561602038
tool:0.028321908710954056
basic:0.023009956684096385
make:0.021205788956020526
that:0.004179573800415383
choices:0.06185024338805661
like:0.007015897972943815
really:0.01175539604331883
and/or:0.024343265223758858
could:0.009091019007988298
me:0.0065276426530394265
need:0.011573505972874917
re:0.004505307262387597
mean:0.015924229258011208
these:0.009979734777704474
you:0.020089120099110427
m:0.008245871759735374
answers:0.025244645917183027
a:0.007571407911215395
screens:0.06906297034153883
want:0.011401192576579408
as:0.004819964820584449
copy:0.02058199966905628
question:0.013150518574380148
demonstration:0.10389317783672768
lets:0.027913338853491638
play:0.019288664052894228
it:0.012392364930360432
should:0.019792917376306986
contain:0.028251860289296712
ve:0.010994781319442376
friedman:0.035975297539838205
able:0.01588834473560644
screen:0.022519922711482218
heard:0.016281008189276355
be:0.006969412736596041
which:0.007782483930828421
writes:0.00398350837962387
if:0.008074101442932642
of:0.0035139864861278066
looking:0.03125163066754993
what:0.011089663891525678
but:0.004007730254520544
pro:0.02711304909973628
good:0.009759095490117465
one:0.011847119370790632
email:0.016529509993782776
in:0.00107035964996681
or:0.008124234430157655
bitmap:0.03205609533416863
and:0.004599968849286625
few:0.01376884036690534
for:0.0019599329091088795
subject:0.00016082504151818252
each:0.015337406008196478
victor:0.07646497398860908
create:0.04581741796679059
i:0.00919993769857325
buttons:0.06926211855781846
possible:0.03104785087909135
any:0.006164381122221731
will:0.006827140631947497
program:0.033453414848000906
the:0.0013622042349199753
do:0.004327216378954799
can:0.010416457740213415
did:0.009903078574957622
collection:0.028991942657401192
just:0.0070746299003969036
toolkit:0.03305055166163519
film:0.06251975966703023
interested:0.017331784430210363
is:0.006474039202184673
lot:0.014931044507622837
run:0.016125508604743342
wanted:0.018344337286422305
guess:0.018049140138166588
change:0.017903669324761975
resolution:0.02691459033034258
show:0.03626588758716666
article:0.0048815233754012114
very:0.01050146079387619
advertising:0.03246236811004533
give:0.014236363080457871
by:0.005966478763958832
include:0.020250140200268687
s:0.0037375679569639658
