read:0.04534006123795844
know:0.012338751256583019
dos:0.035295523562439375
tried:0.03097864053036671
though:0.0497108840322136
alot:0.05063976909409504
work:0.020250724639903038
my:0.009502142613303012
to:0.0055127966403633235
design:0.03763167207425443
ftp.cica.indiana.edu:0.05931077397092887
that:0.0069380925086895365
nt:0.007140785517224385
me:0.010835886804045448
re:0.0037394050277817052
scott:0.03822077053171507
anyone:0.016729147496413913
file:0.030384858824584093
charles:0.04116252654933836
on:0.015210264757178698
am:0.016343363567013654
graphic:0.052683894240176506
a:0.0013965041258463952
want:0.018925979677121816
mac:0.10293846404433407
college:0.041195153005686526
it:0.0034285542973997198
probably:0.023872237150292085
only:0.013335362382692867
ve:0.01825133699027434
session:0.04819219881674757
disks:0.17238843655174052
macs:0.052892235109204926
exchange:0.04845888128756918
callison:0.1225905667163345
writes:0.013225247820351248
of:0.005833217566972159
macintosh:0.0469560592570758
never:0.022039392308618604
lynn:0.05971899391613142
well:0.016828679101533447
windows:0.054944143628470034
good:0.016200098513594993
in:0.005330391056834714
and:0.005726961217361847
subject:0.000266969568920183
scan:0.05237930216532941
i:0.009544935362269746
program:0.027766334323840753
images:0.04255851744120784
remaining:0.05014786665218732
the:0.002261259029967159
do:0.014366358378129933
older:0.044181503850396306
can:0.017291319848754268
instead:0.06135468623169283
apple:0.03793366947289076
during:0.029283695098024705
is:0.005373452537813278
write:0.032541739249875135
does:0.012184888143375252
leaves:0.049832879981593615
every:0.02432148526937396
transfer:0.04544783035972996
supposed:0.036486950114163606
article:0.00810332880316601
luck:0.04122788625913621
james:0.03459593767637027
