above:0.09388469069408777
at:0.030378103877739
know:0.04254741812614834
thanks:0.06873747051435045
to:0.004752410896864934
that:0.011962228463257821
memory:0.34982402339661883
anyone:0.05768671550487556
reply:0.12383436273638429
how:0.04535734473203877
ie:0.1442626960952211
mapped:0.20521655532449676
absolute:0.16015873693983473
windows:0.09473128211805178
please:0.06604880541052603
email:0.09461719513682554
in:0.006126886272223809
and:0.006582714042944653
subject:0.000920584720414424
locations:0.19881251581432116
is:0.009264573341057375
hardware:0.12240279736808798
addresses:0.1661799959198192
does:0.042016855666811216
very:0.06011181006149818
by:0.03415294740748848
high:0.09645944226350074
