library:0.04812768496208253
reference:0.04289233405768224
with:0.013444307512403386
user:0.04346716647808064
c:0.029725260866999538
microsoft:0.19584386637881995
acquire:0.06666723143317796
6.0:0.061290125241427386
to:0.0015841369656216446
software:0.03236535504001444
normally:0.04891783613931935
that:0.003987409487752607
need:0.022082781511462486
this:0.006034280900820908
tools:0.05114336616285829
borland:0.06938434382472085
contains:0.04824889086066431
on:0.00582768764642862
books:0.04196250474765702
posted:0.0392342634997919
why:0.020456581381080533
a:0.0016051771561452815
as:0.018393428970506172
copy:0.03927140166739474
driver:0.042296386189498755
separately:0.06480928486356398
also:0.01705169116873065
are:0.007389785995416385
brian:0.042943419710100905
application:0.04241801963007964
have:0.005876443829283366
states:0.03968804293627222
device:0.0922794203427776
which:0.029698674310747533
if:0.007702878388085164
of:0.006704847778128919
kit:0.11864296954935202
using:0.025338167570631273
well:0.019343309312107412
windows:0.09473128211805178
must:0.026637476177925255
virtual:0.056756616368765556
programmer:0.05859963533514693
and:0.002194238014314884
for:0.003739642102437632
subject:0.0003068615734714747
steven:0.10313825581262116
we:0.046473927783240346
necessary:0.0414342043388681
the:0.006931062160818878
behalf:0.06707778410676508
do:0.00825652780352295
drivers:0.09039778755127599
development:0.08936236857600464
press:0.04123391219273179
is:0.006176382227371584
build:0.04289233405768224
comes:0.03476064755454611
documentation:0.05146119985631242
murray:0.12335088708144427
s:0.007131451504092164
