louray:0.06441903020858877
out:0.011781770990804599
tried:0.03097864053036671
take:0.021257491303357034
fax:0.030586433398833896
c:0.0517219539085792
to:0.0027563983201816617
software:0.028157858884812564
been:0.014672403872214393
that:0.0034690462543447683
nt:0.007140785517224385
me:0.010835886804045448
australia:0.04639093715444237
re:0.0037394050277817052
michael:0.03004695201673689
fall:0.03900301027394332
them:0.01465859171532241
a:0.0027930082516927903
how:0.013153629972291244
same:0.019420933505286123
timothy:0.05089510211414669
as:0.008001141602170185
running:0.030274604124467017
question:0.04365972166694209
enable:0.05566434283504978
fox:0.11337426265250791
setup:0.04413754773566592
no:0.011257457361825098
it:0.0034285542973997198
not:0.012058200171519299
should:0.016428121422334796
have:0.010225012262953057
try:0.024363896723433927
19:0.040968972119808794
has:0.01064774473886551
shows:0.03864214637619911
screen:0.07476614340212095
seas.gwu.edu:0.062321824898768086
dialog:0.056235926973449264
writes:0.006612623910175624
if:0.013403008395268185
but:0.013305664445008206
ph:0.05486391575831442
street:0.039880284803186054
well:0.016828679101533447
box:0.03168539010706607
one:0.01966621815551245
tim:0.16311637198944756
in:0.0035535940378898095
or:0.006743114577030853
rather:0.025734836529128634
and:0.005726961217361847
for:0.00976046588736222
subject:0.000266969568920183
victoria:0.06058910768602772
i:0.0019089870724539493
sees:0.10599611240502059
the:0.004522518059934318
can:0.008645659924377134
effect:0.03466373454622406
did:0.016439110434429655
ltd:0.05388753106267525
many:0.018532010275780934
is:0.005373452537813278
save:0.036225102324212936
east:0.04071659279391018
tree:0.15510814704177378
changing:0.042824187715055057
falls:0.09890521205140243
s:0.012408725617120366
