another:0.04718096447635274
at:0.00937196821760033
all:0.010149657772832884
nick:0.21172621072618936
saw:0.03614234662910058
with:0.006221567838186674
creating:0.05206745225683899
microsoft:0.04531493716743972
someone:0.023441043773010848
from:0.018012175626173948
post:0.027474231962033833
batch:0.062476686052860754
melbourne:0.06189094374240301
make:0.01872426046116706
that:0.01107142421599394
like:0.012389777271368864
nt:0.0151931606749455
could:0.016054352716234652
australia:0.04935206080259827
need:0.020438319058481237
re:0.0039780904550869205
vi:0.12196226677335578
scott:0.0406603941826756
file:0.032324317898493715
this:0.005584919557142755
something:0.021177248054931094
on:0.010787421813601913
3:0.024909212176995953
a:0.004456928061211899
was:0.02825939789685273
said:0.02331388115599396
part:0.02605555438737529
third:0.038859414858168996
product:0.08491272176056508
it:0.0072947963774462115
systems:0.03191933106683628
sites:0.048455674168367
party:0.045156153654496364
list:0.03097477230767638
which:0.013743535452314019
writes:0.007034706287420876
if:0.00712925978471712
of:0.002068516867720624
available:0.05746944314498362
what:0.019583874531843216
separate:0.04492233549791364
windows:0.08767682493904791
good:0.017234147354888287
one:0.010460754338038537
in:0.0037804191892444783
or:0.007173526145777503
and:0.004061674622242445
for:0.0034611581160858933
subject:0.0005680203594046446
i:0.00812334924448489
the:0.0016037298084873467
do:0.007641679988366986
would:0.009921804745791234
imagine:0.04189083568581343
toolkit:0.11673173565598811
is:0.008574658305021188
61:0.05369478571196055
too:0.020771466679409538
count:0.04535500613334904
