anyone:0.2389878213773416
wise:1.3983830034693898
nyx.cs.du.edu:0.6716338351454818
heard:0.3860924799171249
of:0.027777226509391233
subject:0.0038138509845740422
