read:0.12144659260167437
say:0.03388473168334899
there:0.016388910456734775
tried:0.11063800189416681
though:0.04438471788590499
ca:0.03672408207307716
to:0.0024610699287336262
ftp.cica.indiana.edu:0.10591209637665869
that:0.01238945090837417
nt:0.025502805418658517
me:0.019349797864366868
re:0.006677508978181616
on:0.009053729022130176
a:0.0024937573675828484
mac:0.12254579052896913
let:0.04116317397772901
works:0.053127249884834644
it:0.030612091941068925
only:0.023813147111951545
ve:0.03259167319691847
disks:0.30783649384239375
if:0.011966971781489451
but:0.011880057540185897
never:0.03935605769396179
windows:0.04905727109684824
please:0.0342038456590224
good:0.02892874734570534
in:0.0031728518195444726
and:0.003408905486524909
subject:0.0004767313730717553
cause:0.05631252023825119
i:0.010226716459574728
program:0.049582739864001336
reads:0.09266321522077695
just:0.020971224347605105
is:0.0047977254801904266
write:0.05811024866049131
does:0.043517457654911613
supposed:0.06515526806100644
luck:0.07362122546274323
