some:0.022452632214102965
manager:0.22655182730270756
there:0.03529919175296721
startup:0.1040823769938023
your:0.024229465811178127
with:0.01124668032287591
way:0.033314861914356605
from:0.016280235662118763
to:0.005300766000349349
within:0.062239427236977264
re:0.007191163514964819
how:0.025295442254406237
petri:0.12388275040113227
it:0.006593373648845615
should:0.031592541196797684
3.1:0.07541388428610034
one:0.05672947544859361
in:0.006833834688249634
or:0.01296752803275164
for:0.012513417804310539
subject:0.000513403017154198
group:0.05186761413089702
program:0.21358718710646732
the:0.007247625096048586
do:0.013813806132817245
put:0.047835755760514985
may:0.03578895245076598
about:0.018942618852343683
is:0.010333562572717843
win:0.06518221930054503
itself:0.06467415078066116
items:0.08910796633999254
switching:0.10191933885098134
article:0.015583324621473098
already:0.055880506178795225
by:0.019046836054176272
