at:0.004921592248348777
differences:0.025588883874950546
versions:0.024806832517590804
with:0.0032671920491036165
much:0.0195217527325132
microsoft:0.023796670914744883
previous:0.019403348713367633
francis:0.030869342396562693
work:0.011313253988772648
bits:0.02463339887690946
themselves:0.018080727465490602
415:0.029375044267321012
to:0.0023098309945656383
most:0.010372041698139876
been:0.016393747343256306
that:0.005814044001695142
considering:0.02237636846567091
memory:0.03778360029237224
13:0.021998539410427165
really:0.010901652196597353
nt:0.011967796956241986
could:0.008430777404056186
re:0.0020890530881462043
so:0.011416878183071733
had:0.008572114445151593
2.0:0.05240009841366764
on:0.0028324515376496645
you:0.006210044574399127
working:0.017701335255344175
more:0.02841159834236259
stable:0.028060440429698304
a:0.0023405097081224497
ms:0.0700582109896942
was:0.014840130739129367
as:0.004469911509592282
red:0.020182228798561738
challenge:0.026363890631942874
technically:0.06204068113265522
copy:0.01908721757018627
shell:0.026923016098741658
product:0.022295519121489155
are:0.003591683696096232
os/2:0.317169560726111
it:0.0095769673111724
have:0.00571229735360506
made:0.012992064535854757
tom:0.04241037121200844
money:0.017319663501280058
per:0.01975879952834088
between:0.012976904167857014
selling:0.02329484433156168
has:0.005948460747969559
be:0.003231627134846209
common:0.01880518457894609
writes:0.007388406603548183
were:0.017332997737120662
things:0.012484502391844971
of:0.004345041018228797
even:0.009380779037799027
what:0.005142134653612465
but:0.007433332092183355
years:0.012456845938437952
oh:0.018043107173974712
requirements:0.02718640592234893
windows:0.01534752615320392
supporters:0.02801556796211582
one:0.0054933570266794554
in:0.001985248065860229
accurate:0.02498582332063335
yes:0.01489858028214463
and:0.0031994196745038254
for:0.005452774238749843
subject:0.00014914501056993463
half:0.04225299981668174
however:0.013391613989926889
i:0.002132946449669217
we:0.015058591125295754
than:0.015984371868373867
the:0.0029476374692309335
managed:0.02643079672717592
do:0.012038847802902179
thing:0.012647667235334953
ibm:0.08805513003619367
apps:0.029548734697879848
did:0.009183860577893662
forget:0.021448119192259744
may:0.01039679065608844
jim:0.018918048865636142
microsoft.com:0.06235106732379573
note:0.016545749155745797
makes:0.01560322839246913
1.2:0.029913206887088793
many:0.010353078366358064
about:0.005502883688949003
is:0.0015009643960372287
win:0.0189356167800466
guys:0.021702098935705315
right:0.010837282646873182
lot:0.013846666973549668
2:0.01088496956477882
superior:0.028151281328423334
sold:0.022941497793529837
successful:0.026777901649561432
written:0.04003931774811296
past:0.03691077594305434
by:0.016599477231572617
mike:0.03570292769785144
s:0.003466124474055968
