help:0.05219738341565359
thanks:0.04861918646136983
with:0.014264082360720668
my:0.023175957593421982
this:0.012804449716376074
hi:0.07685406487840012
card:0.1493126022689874
a:0.0034061076240155977
copy:0.08333199866008152
compatible:0.21978352794242514
it:0.008362327554633463
not:0.014705122160389389
received:0.09437294611345784
only:0.03252527410412894
of:0.00474245330648143
what:0.02244980739016174
version:0.07610903921135573
latest:0.10161820976226223
or:0.016446620919587446
and:0.004656066030375486
for:0.015870676239613368
subject:0.0006511452900492268
i:0.009312132060750973
unfortunately:0.08980227026404773
the:0.0036768439511661124
got:0.053954971259282294
did:0.04009539130348696
problem:0.05159915346452645
just:0.02864362349916795
f:0.09063978581480117
is:0.01310598179954458
number:0.06103084996092093
ethernet:0.12727140461553077
e-mail:0.06706575065005528
33:0.11248760452844991
