read:0.07885228041384076
pc:0.028981235321720724
correct:0.05690812939445997
say:0.016500391080587335
there:0.00798068683110563
know:0.010729348918767843
tried:0.0538758965745508
way:0.030128222948635538
though:0.021613427840092868
ca:0.01788303127036801
to:0.002396868104505793
ftp.cica.indiana.edu:0.05157458606167727
software:0.02448509468244571
enough:0.021149117625542575
that:0.012066247841199194
think:0.012519548065465697
helps:0.036782367792460545
nt:0.0124187574212598
me:0.01884502052877469
re:0.003251656545897135
this:0.013695194044471799
on:0.00440877239338513
set:0.023038387688051488
m:0.02380547325419256
sure:0.018974295827471337
a:0.004857405655117896
y:0.03707278762204183
3.5:0.04173630683131988
mac:0.08951170786463833
let:0.020044676023937606
are:0.01118106750610827
works:0.025870660813484696
it:0.017888109377737667
not:0.010485391453495042
due:0.02882732595563898
only:0.011595967289298145
ve:0.015870727817629864
hope:0.025117056849043872
disks:0.14990298830586132
which:0.011233846369717545
writes:0.011500215495957606
if:0.011654789908928858
but:0.005785071497829654
never:0.01916468896401618
windows:0.023888758099334797
please:0.016655785712219606
up:0.011682264090020737
good:0.014087042185734776
in:0.003090081772078095
and:0.003319977517311216
subject:0.0002321474512349417
cause:0.027421748985583187
i:0.009959932551933648
possible:0.022408448895344192
program:0.024144638542470218
the:0.0032771869999524044
reads:0.04512295697707399
can:0.007517965151632291
problem:0.018396219930831167
just:0.010212074464920748
different:0.021975799113141285
is:0.007008851136278188
write:0.028297164565108814
hardware:0.03086679237977871
disk:0.030443295511303318
does:0.021191109814565658
supposed:0.031727782707968354
article:0.007046372872318269
luck:0.03585033587750975
