24:0.03757008973198421
inexpensive:0.02807001307720006
there:0.004706558900395627
formats:0.025841432604039878
help:0.010974834461752805
matters:0.02438720034506999
thanks:0.010222495614954683
your:0.006461190882980834
password:0.028764071271403967
bits:0.022612196917778427
my:0.004872893647847699
to:0.0035338440002328996
look:0.012159837560389285
aka:0.026562365684148544
areas:0.02110898797401967
ftp.cica.indiana.edu:0.030415781523553266
software:0.014439927633237213
that:0.0035579961583023264
bit:0.013974790759259998
like:0.005972508017993196
pcx:0.0315601074277287
asking:0.018386834946863558
need:0.009852317905114032
re:0.001917643603990618
package:0.019934682220801036
so:0.005240054345563692
file:0.031163957768804196
tiff:0.0838254038130553
this:0.0026922176326739434
something:0.010208519575197552
on:0.002600045257637384
detect:0.02628000785244071
you:0.0057005024554740704
am:0.00838121208564803
assume:0.017802505411739365
them:0.015034453041356317
a:0.005013091733807572
other:0.007073374296573901
as:0.008206299079148906
budget:0.024200699605732175
standard:0.015610484822883266
advance:0.016223083162444356
product:0.020466143193572095
brian:0.038318743741320806
internet:0.01464889201597234
d:0.009342790883984797
log:0.028268549037101038
displaying:0.028764071271403967
it:0.007032931892101989
ftp:0.03890632766450334
have:0.0026217980161418095
try:0.012494306012017398
domain:0.02288822076400294
only:0.006838647375739931
between:0.011912132543827721
shareware:0.025437428102229036
register:0.026562365684148544
has:0.005460381917366928
public:0.015198690246464582
be:0.0029664679853203656
writes:0.003391089184705448
if:0.003436668819299535
end:0.013867863602951329
whatever:0.016948515788478783
of:0.004985656040147145
3.1:0.020110369142960088
available:0.013851609373406308
version:0.04800724011793207
huge:0.022040630554058825
again:0.012522405836451374
using:0.011304720916127798
well:0.00863009184694023
windows:0.05635296782407183
please:0.009822642855924383
up:0.02066862108234438
pro:0.023080852054134474
called:0.013755151260803762
in:0.004555889792166422
or:0.006916014950800875
bmp:0.028690282874213713
use:0.008527074501268451
message:0.01665292250543447
and:0.0039158709178542545
for:0.008342278536207025
subject:0.00013690747124111947
p:0.017262195075032565
locations:0.029566989531360582
i:0.005873806376781383
top:0.01734170372393495
limited:0.0199081798097321
any:0.005247627006609268
unfortunately:0.01888150297859465
program:0.04271743742129346
images:0.04364976147816188
the:0.0034788600461033215
do:0.0036836816354179317
when:0.00670602278381403
hello:0.01984251687513729
start:0.014449036348115448
would:0.0047828186979711595
can:0.008867343512181675
major:0.016802194731886114
once:0.013759134332948236
anonymous:0.02330657967165639
an:0.004604605838778137
many:0.009503595013220992
gif:0.024020744119520532
is:0.006889041715145228
viewer:0.05503347269787514
aerospace:0.03168994234046865
converting:0.02813534141452021
run:0.02745471208602456
handle:0.020832599419121554
under:0.012447812446695586
article:0.004155553232392826
very:0.01787941017213792
difference:0.016446942804278906
full:0.015844422994478222
corporation:0.024355642060073183
registered:0.026514213169533982
needed:0.01710678302633857
john:0.027502342559813802
everything:0.015844422994478222
s:0.0031817245172103504
