your:0.02099887036968771
with:0.009747122946492456
microsoft:0.07099340156232223
work:0.06750241546634346
415:0.087635548730841
to:0.009187994400605538
then:0.02659800582959672
make:0.08800402416748519
think:0.023995800458809252
nt:0.011901309195373974
suppose:0.06423564976051949
me:0.018059811340075744
anything:0.038687352505323395
re:0.006232341712969509
hobgoblin:0.1256752551587831
you:0.009263316490145364
etc:0.03870539979097059
ms:0.06966899870641811
following:0.045621904550662694
challenge:0.07865227371862957
compatible:0.07509270538032858
it:0.005714257162332866
not:0.010048500142932747
couple:0.05259986324424197
laugh:0.08454026296758947
tom:0.12652427411582517
has:0.017746241231442517
of:0.009722029278286934
but:0.011088053704173505
lines:0.05888636873824194
windows:0.09157357271411672
thousands:0.071309666586639
supporters:0.08357977775364553
rest:0.05444384722454681
code:0.054008541838861605
subject:0.0004449492815336383
i:0.006363290241513164
the:0.002512510033296843
do:0.011971965315108277
when:0.0217945740473956
ibm:0.13134890230398888
about:0.016416936338697858
is:0.008955754229688797
implementation:0.08217409194641634
does:0.02030814690562542
comes:0.05040293895409186
