at:0.008082247820682854
there:0.01683998138673665
know:0.011319955281268824
thanks:0.01828795087079049
your:0.011559011212672134
post:0.02369337435257964
name:0.025341582622295883
to:0.0025288057983318
sound:0.03166223201035258
software:0.02583289805946107
that:0.003182611242518136
like:0.010684762050538288
updated:0.09436000067391957
anyone:0.015347841739829279
file:0.027876017270260636
best:0.06702319486132388
programs:0.06482902980356911
sam:0.09046689021623819
m:0.012557933138679561
a:0.0038435893371919134
was:0.008123496643131979
as:0.00734049688272494
old:0.02429278057194793
also:0.013610065428252903
exact:0.03918299422333274
are:0.011796539111949092
month:0.0364569127466721
it:0.012581850632659522
ftp:0.06960306325301056
made:0.021335592219431206
being:0.01785141220114815
try:0.022352198828838467
domain:0.08189363392624906
shareware:0.04550732550398772
site:0.07166172839336893
cica:0.05337384139253105
public:0.027190317413399945
list:0.1068487558503332
be:0.010613968020871034
if:0.006148168988655132
of:0.0017838585831719143
what:0.008444422963271846
but:0.00610351580046248
year:0.022704226754216992
windows:0.025203735609389922
please:0.01757261795325922
david:0.022903167333435726
good:0.02972495140109173
author:0.03710098851431658
in:0.004890267024619004
and:0.005254092859964999
still:0.018731275983757314
for:0.0029848519533217798
subject:0.0002449262100185165
i:0.003502728573309999
similar:0.029034479705199095
possible:0.02364194149508791
any:0.009387956571456949
will:0.010397296742231967
unfortunately:0.03377883560390786
suggestions:0.036302719000650255
the:0.00414909913755442
leland.stanford.edu:0.04630559501765406
individual:0.03542831368134452
just:0.010774207004274184
about:0.009036845691026345
interested:0.026395194636834127
is:0.007394659455706346
else:0.023179378214110615
does:0.01117879646181216
category:0.04787273017648405
every:0.04462657847591553
going:0.01997996040412553
compile:0.04787273017648405
include:0.030839663057289926
