some:0.009492169716531336
characters:0.04117054397893906
know:0.020063010173305723
default:0.03902175028944542
displayed:0.043174804141201444
tried:0.025185886610054237
thanks:0.016206395487123278
way:0.01408433186623206
ca:0.016719907285303426
from:0.0068827012555298835
both:0.018257756766733645
my:0.015450638395614657
to:0.004481948488100264
q:0.06901916168329526
t:0.041890618780495
problems:0.044602816843768676
nt:0.005805516680670232
along:0.028406190334481586
could:0.012269180124602094
me:0.008809664068329632
australia:0.07543241813730468
font:0.08115561200977912
anyone:0.01360093292391375
had:0.012474865737253133
error:0.03061348096887804
this:0.004268149905458691
installing:0.042916684642708924
la:0.07086672307366469
2.0:0.038128526894498
these:0.026937170294291754
on:0.004122022969425122
fix:0.035366170399841336
them:0.01191755424009952
a:0.0034061076240155977
let:0.01874095725815305
avail:0.04774641047942205
jason:0.1112169920434889
sci:0.09294253686952751
are:0.0052269218016359805
no:0.009152404359207398
it:0.0027874425182111543
not:0.004901707386796463
couple:0.02565846987523999
have:0.008313018099961836
university:0.038216912221116325
messages:0.03556943301939758
mt:0.04536927256487576
has:0.017313406079456115
be:0.004702937049898141
found:0.021744069148430877
get:0.010685967278789614
comp:0.0954928209588441
if:0.005448377396450483
of:0.00474245330648143
trying:0.021921367667222736
but:0.005408806684962686
lines:0.028725057921093634
again:0.019852594618764374
windows:0.044670035470300844
they:0.007584712394371901
find:0.017206884046125127
email:0.0446162383572023
in:0.0028891008438128537
required:0.030429117483747718
system:0.01817253926213435
or:0.010964413946391633
use:0.0270370654918268
unable:0.037197091410225244
and:0.0015520220101251621
word:0.04990043115712876
for:0.010580450826408912
editor:0.07507892241963954
i:0.0062080880405006485
similar:0.05145948435555612
the:0.0018384219755830562
equation:0.09966712741165408
extra:0.03158272934545733
solutions:0.03827074768675424
is:0.002184330299924097
new:0.014016256625069489
printer:0.07066556385736311
fonts:0.04026627052275837
