versions:0.053499072537936794
with:0.00704611297336804
much:0.02105056469349315
c:0.03115780355938506
microsoft:0.051320531249871494
previous:0.041845776140877186
work:0.024398463421569927
wrote:0.031031023791480258
to:0.0016604809157720853
t:0.03103943439759569
that:0.008359147600830766
re:0.009010614524775194
so:0.012310971052830364
this:0.006325089618932759
2.0:0.11300744115718685
you:0.013392746732740286
more:0.015318301515912361
a:0.003365070182762398
was:0.021336412869912908
challenge:0.056857065338768366
college:0.049632714464682565
shell:0.05806289014065972
os/2:0.17100407039148757
d:0.021949930390084766
it:0.004130788310120145
catch:0.058384194322372504
made:0.02801903074600002
has:0.012828608119115074
common:0.040555759513630725
writes:0.00796701675924774
certainly:0.03705731659344146
were:0.01869040117436505
things:0.02692440877277409
if:0.008074101442932642
of:0.01171328828709269
what:0.011089663891525678
windows:0.06619776340779522
supporters:0.06041911644841846
code:0.03904231940158671
email:0.03305901998756555
in:0.00428143859986724
point:0.02652452965373567
cats:0.07122017794935792
yes:0.06426134627720215
better:0.02694235989519763
subject:0.00032165008303636504
however:0.028880709689119436
than:0.03447232005348099
the:0.0036325446264532674
ibm:0.09495101371372691
microsoft.com:0.1344679644693908
many:0.022327723223832453
guys:0.04680332180109941
lot:0.029862089015245674
successful:0.05774993247315056
article:0.009763046750802423
u:0.04556196968184357
brett:0.1262151859405528
written:0.04317492696935073
by:0.011932957527917664
garrett:0.0772182313016372
