bnr.ca:0.039218072856699183
know:0.010368698534943712
true:0.021708241950906274
with:0.004914515771340734
much:0.014682326634957405
microsoft:0.0715899847687283
o:0.029419991460503205
wrote:0.02164348718229295
to:0.0057907527734908865
changes:0.03426814537593436
competition:0.0438498116742585
most:0.03120328510868971
make:0.014790592297056333
that:0.008745494758852357
indeed:0.0309936328445766
nt:0.006000660098507886
its:0.017376676941463613
re:0.0031423571662031135
so:0.00858664367550353
prefer:0.03450863953816673
this:0.013234851387514766
productive:0.04951140070537483
you:0.004670579742930435
none:0.030441262457321795
them:0.01231814429859026
more:0.010684193494291814
a:0.0023470657577250335
other:0.011590823427158914
ms:0.10538167871559043
perception:0.04967457789745132
challenge:0.03965660859762835
computer:0.06758074550836929
product:0.03353695733400469
brian:0.03139560936788889
kurt:0.050184028500950766
care:0.026605184380452916
49:0.04181147858878529
it:0.002881138065041781
not:0.010132941320604452
made:0.019542685310235303
p.o:0.038711415459588935
heck:0.04161975860755697
quality:0.06460779563990503
has:0.017895369309017663
writes:0.005556826815273633
certainly:0.025846699808870933
things:0.018779209480170166
of:0.004901863501657277
germany:0.03533399775787636
what:0.007734807588206985
but:0.005590615313028657
fact:0.020153505282595286
windows:0.046171549267621875
they:0.007839660710149106
news.duke.edu:0.04873990869484439
box:0.026626378241231992
supporters:0.04214106441360278
one:0.008263116872064054
in:0.0044793202158274915
world:0.04237396115517104
better:0.03758346002187232
and:0.0032083816343763854
subject:0.00022434417556317895
i:0.0016041908171881927
will:0.009523574326918355
than:0.036065578543347764
the:0.00190021767224131
users:0.06636466501270895
do:0.006036285032827703
inferior:0.05001075717991938
may:0.015638869978485972
about:0.008277446893461105
is:0.009031012668593744
done:0.022257676902694944
easier:0.07019619688081681
lot:0.02082817973332261
life:0.04689713198804554
their:0.038160091224749094
objectively:0.049351331840074876
change:0.024974866453029307
include:0.028248094733147912
