some:0.005667654733657058
since:0.009712726327202336
mirror:0.026102875164400238
cleaning:0.026273221377076304
at:0.004276529186671995
out:0.005719306306215824
there:0.013365713382191467
delete:0.02599254384848977
dos:0.017133749302155037
anyway:0.014798610784682203
scenario:0.02744391097327479
ever:0.012832145906941069
way:0.016819153587830517
from:0.01643829620252768
my:0.01845076235592818
to:0.004683201029434862
archive:0.023556639882244157
began:0.021756350664134016
been:0.007122526151560384
make:0.008544080016260697
stacker:0.02975499192144041
that:0.00505200910826908
think:0.013978136189597623
really:0.009472794869858863
nt:0.006932801473033383
norton:0.025727211748791404
cs:0.024833556232081028
exactly:0.015613508025592273
so:0.004960245618373398
file:0.014749931468244703
had:0.0074485848819521114
error:0.01827892310277669
this:0.005096916877392417
mean:0.012832145906941069
student:0.019529211029945006
machine:0.01579028812778809
am:0.015867343268945296
state:0.012901521295828233
working:0.015381257333527219
backup:0.09691398327381388
m:0.013289463224427884
sure:0.010592446699801958
a:0.0033895731209863957
hard:0.05250938645777688
crashes:0.05648299720180469
wondering:0.01747055097988979
was:0.008596710039819277
crash:0.04958157237016055
possibilities:0.0269545677736536
drive:0.027415570376757167
whole:0.014523861529258688
logic:0.04031787328346575
prevented:0.02604739605846032
are:0.0062418580737983054
early:0.017003597566957674
yeah:0.01919525458343763
learned:0.022037842206126004
it:0.003328693492621087
not:0.002926747614446431
have:0.007445397278849314
properly:0.020901777356808232
tom:0.01842586516249881
able:0.012803229252964411
after:0.00936511498866481
open:0.016043497955113412
restore:0.02744391097327479
be:0.0028080643550362685
scratch:0.054741823137185106
get:0.012760912381467206
if:0.009759472132476835
of:0.0037755453507910416
backing:0.02729899367643168
what:0.00893633109705467
but:0.0064590604101981575
least:0.011687681469448942
again:0.011853733680136008
fact:0.01164207343994582
using:0.021402141540241948
easy:0.016085832836207802
windows:0.02667191438275244
up:0.01956495684979201
thomas:0.017883519485578155
message:0.015763688779416123
and:0.0018533855072368438
subject:0.00012959687811659365
i:0.015753776811513173
actually:0.011865602558743128
program:0.040436409209476824
the:0.0036589951941216163
wrong:0.012832145906941069
start:0.013677485863507342
would:0.009054850933052194
can:0.008393844586773915
complicated:0.02411603436563049
did:0.015960301392650148
an:0.004358728827969596
problem:0.010269734427405749
note:0.014377131547953871
about:0.004781631943310056
is:0.002608472105734601
right:0.018833724211556303
disk:0.05098513083203711
gave:0.018018805403096562
grad:0.028695508591246147
figure:0.017924745796479385
2:0.018916597593159307
illinois:0.023394271270265807
run:0.012994341885375701
1:0.009507397533615089
easily:0.017955896933958188
too:0.009478242077012118
needed:0.016193314029786507
by:0.009615878396283166
everything:0.014998361572442975
s:0.003011826606097176
