another:0.014783368869257192
there:0.006118526570514316
bnr.ca:0.03111300446631469
know:0.008225834171055347
i.e:0.023030259979836022
with:0.0038988491785969825
microsoft:0.028397360624928897
wrote:0.01717049983128574
to:0.004593997200302769
encountered:0.03720280350319812
most:0.024754606186227174
make:0.011733869888998025
that:0.004625395005793024
me:0.007223924536030299
re:0.002492936685187804
so:0.006812070649232801
this:0.003499882922476127
off:0.01455638298637567
he:0.010600888050134902
productive:0.07855808911919474
empty:0.06786013615219559
on:0.0033800588349286
you:0.007410653192116292
tell:0.016066833690816355
brings:0.03459426701575673
them:0.009772394476881607
working:0.021123593404710716
more:0.00847612683880484
a:0.0027930082516927903
how:0.008769086648194162
other:0.009195386585546073
ms:0.08360279844770174
running:0.020183069416311344
perception:0.03940849846531138
challenge:0.03146090948745183
netherlands:0.03878499141190589
computer:0.05361405810330631
product:0.026605986151643727
are:0.004286075877341504
brian:0.024907183431858524
those:0.012372771028583735
care:0.021106779608492648
it:0.0022857028649331465
not:0.0080388001143462
made:0.015503863679453344
heck:0.03301834182866187
quality:0.05125551787432467
has:0.02129548947773102
screen:0.024922047800706986
talk:0.023063958450913517
his:0.012296193610035045
list:0.01941085731281053
sudden:0.03632434165232396
without:0.014981403232016634
things:0.014898172854268331
of:0.006481352852191288
leo:0.15330015574130487
what:0.0061362806866442085
but:0.004435221481669402
again:0.016279127587386786
they:0.006219464163384958
who:0.008620352494892323
up:0.008956402469015898
supporters:0.03343191110145821
one:0.013110812103674967
in:0.0035535940378898095
or:0.004495409718020569
world:0.033616675849769025
better:0.014908105808676022
and:0.005090632193210532
enjoy:0.030818297182951388
subject:0.00017797971261345532
tasks:0.03855104927983076
any:0.006821915108592049
will:0.007555368966021896
yet:0.01753379161790776
than:0.01907468376292615
em:0.03170336044859099
the:0.002512510033296843
users:0.052649300910082436
do:0.004788786126043311
when:0.00871782961895824
may:0.012406836849598873
come:0.016007957829796058
an:0.011971975180823158
jim:0.022575538312992464
people:0.010035154267154118
excuse:0.02951333333544409
about:0.006566774535479144
is:0.003582301691875519
win:0.04519300538171122
done:0.035315514018942645
easier:0.05568898285878135
lot:0.016523689255102607
life:0.055807587065774204
their:0.03027367237163428
him:0.01597676868908872
change:0.019813394052736584
cutting:0.03569642688525929
mine:0.021768260298666575
while:0.01446895003919015
s:0.004136241872373455
