read:0.1133501530948961
pc:0.16664210309989416
technology:0.08419169214542357
with:0.014620684419738683
work:0.0506268115997576
cant:0.14058981743362317
re:0.009348512569454263
so:0.025545264934623002
on:0.012675220630982248
them:0.03664647928830602
m:0.0342203678029018
more:0.031785475645518146
a:0.0034912603146159877
mac:0.0857820533702784
only:0.03333840595673217
disks:0.4309710913793513
uses:0.08537487824591093
without:0.05618026212006238
of:0.004861014639143467
andy:0.1120452059202902
windows:0.06868017953558754
alike:0.14133614151236518
in:0.004441992547362262
subject:0.0006674239223004575
special:0.08739277982162558
we:0.03369359764284925
the:0.0018843825249726326
ibm:0.19702335345598335
can:0.021614149810942836
because:0.04411805747236285
apple:0.0948341736822269
hardware:0.0887420280918638
their:0.03784209046454285
s:0.015510907021400459
