another:0.036056997242090716
choice:0.03066961523998816
there:0.0074616177689198985
know:0.010031505086652862
i.e:0.02808568290223905
your:0.010243351399847665
microsoft:0.0346309275913767
to:0.004481948488100264
encountered:0.04536927256487576
worse:0.03166719848244218
nt:0.005805516680670232
me:0.008809664068329632
re:0.0030401666892534195
bitnet:0.03967687619724493
he:0.012927912256262077
productive:0.047901273853167524
empty:0.08275626360023852
something:0.01618423835092295
you:0.004518690970802617
tell:0.019593699622946773
ala:0.09815346199594657
brings:0.0421881305070204
working:0.02576047976184234
a:0.0034061076240155977
how:0.010694008107553858
running:0.02461349928818457
challenge:0.0383669627895754
silver.ucs.indiana.edu:0.08800461144191414
mac:0.02789660272204176
given:0.022664939505538873
are:0.010453843603271961
those:0.015088745156809434
internet:0.02322385319605371
thread:0.03384494141060135
it:0.008362327554633463
flame:0.03412726426729915
choose:0.032307345442172834
admit:0.033334123696841876
only:0.010841758034709648
between:0.018885088179239073
doing:0.02179433256231964
has:0.008656703039728058
screen:0.030392741220374376
talk:0.02812677859867502
his:0.014995358061018349
list:0.023671777210744552
sudden:0.04429797762478532
without:0.0182700039414837
be:0.004702937049898141
writes:0.005376117000142784
of:0.00474245330648143
leo:0.046737852360153924
what:0.007483269130053913
but:0.005408806684962686
again:0.019852594618764374
using:0.017922118525568465
windows:0.06700505320545126
must:0.018841141686825182
who:0.021025249987542252
up:0.010922442035385243
supporters:0.04077062329446124
one:0.007994397624192054
in:0.0028891008438128537
yes:0.02168167374393406
or:0.005482206973195816
and:0.004656066030375486
enjoy:0.07516657849500338
subject:0.00021704843001640894
tasks:0.04701347473150093
i:0.0031040440202503242
any:0.008319408669014695
yet:0.02138267270476556
than:0.011630904733491555
the:0.0012256146503887041
wrong:0.021491236234389113
do:0.005839983080540624
thing:0.01840595475711347
when:0.010631499535314927
start:0.022907008844573275
come:0.019521899792434218
an:0.014599969732711169
people:0.024475986017449065
excuse:0.03599186992127328
is:0.00655299089977229
win:0.05511342119720881
done:0.021533850011550396
time:0.0128415444707619
9:0.028949867118902656
life:0.02268601100234724
every:0.01977356525965363
him:0.019483864254986244
cutting:0.0435322279088528
article:0.006588072197695944
mine:0.026546658900812897
while:0.017645061023402624
