silent:0.07635346991329928
at:0.012767608876151174
there:0.013301144718509383
all:0.013827070009366539
versions:0.06435395682099643
much:0.025321693761738137
remove:0.06403116500057435
from:0.012269163107683704
to:0.007989560348352643
hardly:0.06328459203752931
speak:0.10392558883009838
re:0.005419427576495225
norton:0.07680877710508738
2.0:0.06796824359453991
you:0.008055057817517709
backup:0.14466869966960624
a:0.0040478380459315795
as:0.023191714788899084
logic:0.060184651423144525
emergency:0.08027587404807048
it:0.0049689192715937965
not:0.008737826211245869
restore:0.08193399507963199
without:0.032568267895688334
be:0.008383496480253208
which:0.01872307728286258
sort:0.045470453734217826
of:0.008453938502858202
but:0.009641785829716091
least:0.0348936577203838
nearly:0.0621759538782524
windows:0.03981459683222466
newer:0.07124415532411345
in:0.0025750681433984127
use:0.024098254025323885
better:0.03240892567103483
and:0.00553329586218536
for:0.009430401823538376
subject:0.00038691241872490284
steven:0.06502194388186987
i:0.00553329586218536
tape:0.060135771937946864
allow:0.05081557494745786
will:0.01642471514352586
than:0.020733351916224076
the:0.0010923956666508015
can:0.01252994191938715
an:0.013013016500894736
thought:0.03890704935060453
is:0.003893806186821216
disk:0.050738825852172195
fool:0.071670443515509
iv:0.07650365523265502
understand:0.04342256902805295
remain:0.06509046766731835
everything:0.044777717158308014
s:0.008991830157333599
