another:0.01430648600250696
mode:0.02470571126760149
ability:0.02585993332553824
markets:0.038011978606061966
at:0.011367290483282982
out:0.022803427724137935
there:0.011842309491318032
form:0.02202181241601223
know:0.007960484681666463
technology:0.021726888295593178
all:0.006155276326750266
take:0.013714510518294861
enhanced:0.03573571167301202
4:0.01602754518824954
into:0.0115535735676283
alot:0.03267081877038389
work:0.01306498363864712
my:0.012260829178455501
to:0.005334964490674184
attractive:0.03788908702560587
look:0.015297860156618777
then:0.030888006769854256
powerpc:0.04224040991301099
front:0.02269000599590925
that:0.004476188715283572
mi:0.03440155416776892
technical:0.024753208018834193
think:0.00928869695179713
nt:0.004606958398209281
re:0.0024125193727623905
scott:0.024658561633364558
michael:0.01938513033337864
consultant:0.0370887473567673
this:0.006773966946727987
roll:0.03476614907269371
these:0.010687974019993178
big:0.017908261637855208
unix:0.07669485321523226
on:0.003271024678963161
machine:0.02098580228596353
market:0.025231323968213048
m:0.008831062658813369
includes:0.02430809271891838
a:0.0009009704037718678
other:0.00889876121181878
senior:0.034192294324200186
possibilities:0.035823490073371884
da:0.0383953555123252
hands:0.02584109648616189
technological:0.0382650154651154
chip:0.02085422166324693
straight:0.025784913725569736
are:0.004147815365169197
os/2:0.06104661437631599
complex:0.029006405624539128
those:0.011973649382500388
it:0.002211970514451432
businesses:0.03753386265668312
binary:0.0346178296002763
real:0.016500605509666113
june:0.02965210535716482
be:0.003732008110564331
get:0.008479832098652402
predictions:0.0337289024882566
if:0.004323551095247802
of:0.0025089107814934017
interface:0.027243222818089566
available:0.017426218243962774
intel:0.032616830062832176
but:0.004292149820970388
windows:0.05317175189851939
up:0.008667486260337965
michigan:0.03323711303414122
box:0.020442187165849078
in:0.0034389619721514287
st:0.024753208018834193
and:0.0036948136886205472
still:0.013172316659545465
for:0.010495124610066903
subject:0.00017223843156140837
however:0.015465154220625246
i:0.004926418251494063
becomes:0.027779136358080624
will:0.021934942159418408
yet:0.016968185436684928
mtu.edu:0.0840115599012365
connect:0.02965210535716482
the:0.0034040458515634648
waiting:0.02822606620248969
when:0.008436609308669263
around:0.015272222149378295
can:0.005577845112501377
apps:0.0682480453021999
home:0.03779823292724321
once:0.017309878676934877
fight:0.027481316733802157
just:0.007576700409457329
here:0.01161548971369933
people:0.00971143961337495
many:0.011956135661794152
is:0.00173337178639138
win:0.021867583249215106
run:0.03453979907596638
api:0.040384396542354345
first:0.01211325696381317
too:0.012596889470093527
going:0.014050423768062467
mike:0.041231122954292945
while:0.014002209715345305
especially:0.020163198112886076
s:0.004002814715200118
