screwed:0.03093785945041856
mode:0.022263867712082736
there:0.005335924334750857
all:0.0055469059921296
dos:0.020520653233976383
tried:0.018010837517655063
thanks:0.011589457237884668
graphics:0.040915598141159554
enter:0.02754159842221193
with:0.010200477502143267
into:0.010411650598734805
config.sys:0.03403556020905092
my:0.022098006077448867
to:0.004807671488688945
recall:0.02273753032019199
vram:0.03197264523643808
been:0.008530467367566507
stacker:0.03563679265009724
through:0.013775949383865272
started:0.019065377185982006
complete:0.02153032471101615
so:0.005940759287121628
this:0.006104446957807198
stealth:0.06175001057404392
something:0.011573612309090249
game:0.017279122720409813
on:0.005895451456270813
you:0.006462778946613045
working:0.01842173843434074
m:0.01591645014088456
a:0.002435763010197201
as:0.009303653025779283
running:0.017601514025852916
worked:0.022349789770781104
also:0.008624983323718409
course:0.01422181279011639
video:0.020323902284098968
no:0.006545033349898313
it:0.007973382086976092
not:0.0035052907475346794
have:0.0029723872857421677
try:0.014165056234554609
ve:0.010611242436206014
completely:0.02091275370371785
after:0.011216358649214832
exit:0.03093785945041856
has:0.006190549266782273
screen:0.02173434401224446
installation:0.05767788930156583
be:0.0033631468438225075
perfectly:0.02597570927230737
get:0.0076417091586693155
were:0.009019205217862205
if:0.007792446741434991
of:0.0011304685207310387
trying:0.015676326878304628
totally:0.02395067035214333
3.1:0.022799546412076845
what:0.005351407575561809
but:0.019339628553790997
ok:0.018975867386691464
surfaces:0.0347203453000764
again:0.042590740780953804
using:0.012816398713051864
windows:0.11180494343002623
they:0.00542395130527758
up:0.023432448320099733
now:0.009604153476036303
email:0.01595289918004617
in:0.0010330215226423865
logo:0.032957634492008114
installed:0.023287034624157515
system:0.012995478658386773
or:0.003920415451762124
install:0.025686920843253663
and:0.005549381024575434
gets:0.019403001990655838
still:0.01187040164086946
subject:0.00015521486565126915
combination:0.028838944650782915
i:0.007769133434405608
appreciated:0.019678849530094435
any:0.005949344571446554
suggestions:0.02300579285506324
the:0.002629370965078092
wrong:0.0153687328885457
when:0.007602758388626372
would:0.005422381663397535
can:0.010053092935322248
drivers:0.022862231153956428
tries:0.030005634740679146
return:0.021455626208237957
an:0.010440676029787635
problem:0.03689939462870205
replies:0.026057024632625627
is:0.0015620501563410692
3.0:0.026876421961876208
itself:0.019552650236013838
partition:0.035359885388531805
gone:0.022846496493504436
run:0.015562990862717412
somehow:0.024721589662849857
whenever:0.02757694171335369
although:0.018370578236946267
diamond:0.02910940985796253
luck:0.023969701313451285
takes:0.020790115430114366
comes:0.017582420565380882
before:0.024723189153751678
process:0.021026533332753297
john:0.015589990695243288
strange:0.025560250179387924
s:0.0072143753587909105
