another:0.010870124168571464
there:0.0044989165959664085
bnr.ca:0.02287720916640786
know:0.006048407478717165
i.e:0.016934014691055897
own:0.011110248213470566
with:0.002866800866615428
way:0.008492023625228154
microsoft:0.02088041222421242
ca:0.010081120569080006
from:0.004149863992304782
wrote:0.012625367523004222
to:0.00405352694144362
remember:0.027280627809031687
encountered:0.027355002575880968
0:0.017966452394462904
most:0.01820191631340233
ye:0.027286442566200872
been:0.01438470967864156
make:0.008627845506616194
that:0.006802051479107388
like:0.005709015017199379
nt:0.0035003850574629337
me:0.005311709217669337
re:0.0018330416802851497
michael:0.014728898047420044
so:0.005008875477377059
this:0.002573443325350093
off:0.010703222784099757
getting:0.013295105746199442
he:0.007794770625099192
productive:0.057763300822937305
empty:0.049897158935437926
something:0.009758143711585896
on:0.00497067475724794
you:0.008173514550128262
tell:0.011813848302070848
brings:0.025436961040997595
them:0.0071855841741776515
working:0.015532053974051996
3:0.022955548476839407
m:0.006709876039784667
more:0.006232446205003558
a:0.0027382433840125392
how:0.0064478578295545305
other:0.0067613136658427
ms:0.06147264591742775
was:0.004340495755398949
running:0.014840492217875988
perception:0.028976837106846603
challenge:0.023133021681949875
netherlands:0.028518376038166097
parameters:0.027355002575880968
computer:0.03942210154654875
product:0.019563225111502738
are:0.0031515263803981643
brian:0.018314105464601854
those:0.009097625756311569
care:0.015519690888597533
it:0.0016806638712743723
not:0.005910882437019264
have:0.0025061304566061414
made:0.011399899764303927
only:0.006536942344457287
ve:0.017893467637523867
heck:0.0242781925210749
quality:0.0376878807899446
has:0.015658448145390455
screen:0.03665007029515733
talk:0.01695879297861288
his:0.009041318830908121
list:0.014272689200595979
sudden:0.026709074744355854
without:0.011015737670600465
writes:0.003241482308909619
things:0.010954538863432596
captain:0.027566630869337874
of:0.00571884075193349
leo:0.11272070275095944
seen:0.012708161228540946
what:0.004511971093120741
but:0.0032611922659333834
never:0.010803623680695394
again:0.01196994675543146
they:0.004573135414253645
who:0.006338494481538472
up:0.0065855900507469835
supporters:0.024582287574601625
one:0.014460454526112094
in:0.003483915723421382
system:0.01095697220216924
or:0.006610896644147895
world:0.024718144007183106
better:0.010961842506379427
and:0.0037431119067724496
enjoy:0.022660512634523077
subject:0.00013086743574518774
tasks:0.02834635976458144
i:0.0028073339300793373
any:0.00501611405043533
will:0.005555418357369041
yet:0.012892493836696882
than:0.014025502766857462
em:0.023311294447493375
the:0.0029558941568198155
users:0.03871272125741355
do:0.007042332538298987
when:0.012820337674938587
can:0.0042380685903809475
her:0.016207886298675138
may:0.009122674154116817
come:0.011770557227791217
an:0.00880292292707585
jim:0.016599660524259163
people:0.007378789902319203
excuse:0.021700980393708887
about:0.004828510687852312
is:0.0026340453616731756
win:0.0498452265239462
done:0.025967289719810768
easier:0.04094778151380981
lot:0.012149771511104857
life:0.04103499048953985
their:0.02226005321443697
blank:0.027021407167817167
him:0.011747624036094646
change:0.014568672097600429
cutting:0.026247372709749476
article:0.003972220001551965
mine:0.01600607374901954
while:0.010638933852345697
s:0.006082708635843316
