some:0.014066709338956075
there:0.005528789069741852
all:0.005747396570158381
tried:0.018661831644799225
i.e:0.020810475885393996
specifically:0.024379775010576275
text:0.04357305702691045
hell:0.020562535689649976
from:0.005099832858013106
drawing:0.028573698642752016
name:0.016639954854399102
added:0.025202519197357904
my:0.00572418229717049
to:0.004981442747316256
line:0.017010865956662582
happily:0.035729381910198116
most:0.011184310023897819
that:0.004179573800415383
appears:0.023495789321652603
nt:0.004301678022424329
me:0.0065276426530394265
font:0.0902000627458087
this:0.0031625448094663795
panasonic:0.07610529973379364
on:0.006108540063123976
tell:0.01451822321459309
etc:0.013989903538905035
graphic:0.031737285686853314
m:0.008245871759735374
a:0.003365070182762398
same:0.011699357533304896
ms:0.050363131595001054
driver:0.022167383123412
experiments:0.033702440725732974
soul:0.025394453547171063
are:0.0038729601301278646
dot:0.03473230697961032
matrix:0.037073620171127086
namely:0.032188498386691376
have:0.0061596459415379865
properly:0.025938350213870462
kind:0.01659955841544012
providing:0.02778308304618341
be:0.01045411910489406
which:0.007782483930828421
printers:0.034056901569244624
get:0.007917915513801941
if:0.008074101442932642
3.1:0.023623626402874805
what:0.016634495837288515
but:0.004007730254520544
happening:0.027348165629288903
ok:0.01966174211151164
print:0.10593645857481261
lines:0.021284229664424798
order:0.016893475067063207
using:0.013279642040029644
windows:0.03309888170389761
who:0.007789475145987038
eliminated:0.03537836439137898
david:0.030077653486078243
one:0.005923559685395316
in:0.00214071929993362
installed:0.024128734670813813
unable:0.027561700261793404
and:0.0034499766369649686
for:0.007839731636435518
subject:0.00016082504151818252
i:0.008049945486251592
example:0.01693589845637292
will:0.006827140631947497
images:0.02563766110916135
the:0.004994748861373243
wrong:0.015924229258011208
do:0.004327216378954799
thing:0.013638147199547932
when:0.007877556884600819
ibm:0.023737753428431728
would:0.005618371362074555
can:0.005208228870106708
drivers:0.0236885768583163
correctly:0.052509680349763596
problem:0.025488738458380535
just:0.014149259800793807
draw:0.02543794901689086
is:0.006474039202184673
printed:0.05863092361566817
gifs:0.03692486949287184
write:0.019603457379442853
printer:0.1570818859238975
appropriate:0.024361492458195824
fonts:0.08950755314998697
change:0.017903669324761975
show:0.01813294379358333
truetype:0.11525357529616818
occurs:0.028760218074101215
going:0.026238743181321477
appear:0.02378733474853122
s:0.0074751359139279315
