looks:0.017030375494397464
out:0.011723155214730944
know:0.006138682217205481
help:0.042588909851578045
search:0.04245921690920115
all:0.004746606122618364
thanks:0.009917346492120213
where:0.01838265470879365
i.e:0.017186761178982105
your:0.025073278053358457
c:0.012866157688701292
into:0.008909472154141226
from:0.004211802260846644
my:0.004727434135971648
to:0.004799698567480505
everyone:0.015211506256284096
then:0.007939703232715438
software:0.04202665505195905
global:0.025451306387107922
make:0.00875661932014778
that:0.003451787317755988
packages:0.0492065731599017
nt:0.0035526296105593954
me:0.005390988459724103
norton:0.026367192140552383
lotus:0.03061801466869202
server:0.019912730075361363
so:0.010167269625720598
anyone:0.016645917906879516
comments:0.018328383154373632
this:0.01044741170888396
path:0.15448507670361394
something:0.009903787647579715
directory:0.020972533775275602
on:0.010089727865458505
you:0.00829550730460779
am:0.00813102665025555
them:0.007292831699165377
more:0.012650935580305729
a:0.0027791126882515324
ms:0.1247802961905996
as:0.015922669855065043
let:0.011468346978869774
given:0.01386958984667304
drive:0.014048774869681535
plus:0.017790546537212293
files:0.032928473279479495
results:0.018224297258052042
z:0.024831194719410025
it:0.005117245219999581
not:0.011998209125889848
statement:0.017279599102949284
application:0.018360038347347903
have:0.0025435353887942927
only:0.006634508648105903
moved:0.022182116118069375
left:0.01454927951990329
able:0.013121717542839148
larry:0.02261086087548754
has:0.010594770884443293
topic:0.021724561445719014
tested:0.023567934968260956
be:0.005755833404352948
if:0.013336326761460881
of:0.0009673660973419833
but:0.003309866777365225
sense:0.016349860927179057
variety:0.02324684779842229
latest:0.020728092538570903
windows:0.05467078968006968
please:0.00952942963634455
find:0.031588757278707316
code:0.01612195278771988
in:0.0008839786163904998
installed:0.019927213708234293
or:0.006709566743314282
better:0.01112545209602688
and:0.0018994896243322878
for:0.011330557414848348
subject:0.0001328206810548174
however:0.011925865195009518
i:0.005698468872996863
example:0.013986861411730868
info:0.029307417506392014
any:0.005090981424322424
than:0.007117419314524682
the:0.0033750134775629237
when:0.006505842999222566
would:0.004640047990569035
can:0.00430132334546126
instead:0.01526235975912757
an:0.004467154918217596
problem:0.010525200457938231
long:0.011842344503027786
here:0.01791443687187459
different:0.012573218398065909
paul:0.01629364423437342
is:0.005346718943097789
move:0.0175961448535971
does:0.01212426680932861
their:0.007530764271550815
told:0.015423978938950896
guess:0.014906255039480863
nothing:0.012710726375626412
function:0.020462689649489843
by:0.004927539675707294
included:0.018620803236323227
especially:0.015548734863170852
strange:0.021872452889824492
include:0.0167239963843015
specify:0.02605935431110916
