some:0.013419964081992575
hmmm:0.057102334245056105
out:0.013542265506671952
objective:0.10249667447659642
rick:0.11063591910640455
ever:0.03038416157275702
your:0.04344593869590561
microsoft:0.14688289978411495
response:0.04036320175433726
turn:0.03932733488177603
my:0.010922003003796567
to:0.0015841369656216446
speak:0.08242374286525044
that:0.003987409487752607
counter:0.06207412811529559
nt:0.016415598890171
me:0.012455042303500514
re:0.004298166698599662
two:0.021434361294865648
you:0.006388494131134734
them:0.01684895599462346
uunet:0.04341370474042856
was:0.010177714185073398
as:0.009196714485253086
challenge:0.10848589478431665
no:0.012939606163017354
those:0.021332363842385748
kurt:0.06864252174267979
examples:0.10086848936007659
being:0.02236556241293274
only:0.015328002738727432
uucp:0.04866239778547211
which:0.014849337155373767
writes:0.007600717138132901
things:0.025686504921152296
never:0.025332634837492648
oh:0.03712317453036176
fact:0.027566288834814243
well:0.019343309312107412
who:0.014862676715331589
news.duke.edu:0.06666723143317796
supporters:0.057641226036996916
one:0.02260484845461201
in:0.002042295424074603
and:0.004388476028629768
for:0.007479284204875264
subject:0.0003068615734714747
i:0.01097119007157442
games:0.038274371167916384
the:0.0008663827701023598
do:0.00825652780352295
around:0.02720913141555903
agree:0.03467304803407401
did:0.037791058469953225
microsoft.com:0.06414276466068641
here:0.02069426328302754
criteria:0.12469562746492953
about:0.011322025061170938
subjective:0.06167544354072214
gave:0.042665217391240136
does:0.014005618555603738
expected:0.047693888088716475
met:0.054242947392158326
guess:0.034438589229145444
article:0.00931417103812185
playing:0.04603873511902405
fit:0.04672928826779743
s:0.007131451504092164
