another:0.022399043741298776
some:0.01179330176902378
at:0.008898636489438698
help:0.043234196364480754
knowledge:0.0373411226752741
fax:0.03089538727154939
microsoft:0.12907891193149498
contract:0.0513224895729624
companies:0.04016800349078522
service:0.03679385079271054
wrote:0.026015908835281428
both:0.02268387961927513
to:0.005568481454912448
bruce:0.04653190343122307
client:0.15172177259301683
that:0.0035040871256007762
problems:0.027707810463553265
could:0.015243526821475329
its:0.020887116727617883
re:0.0037771767957390967
voice:0.036631255570062304
617:0.10521962453113935
you:0.005614131206148706
inc:0.036979954503074765
a:0.002821220456255344
organization:0.03870538614259466
not:0.006090000086625909
have:0.0051641476075520495
ve:0.018435693929570045
charge:0.04157830964579632
customer:0.05466953135027999
has:0.021510595432051537
sites:0.04600841789723736
annual:0.05098292784772012
heard:0.02729946827696843
be:0.005843043001388599
sending:0.04585652014608038
rates:0.04631924273225507
common:0.0340012933296096
if:0.006769196159226357
of:0.0019640463188458452
trying:0.02723563861685249
what:0.009297394979763953
but:0.006720032547983943
never:0.022262012432948088
least:0.024319822047540227
they:0.00942343055058327
up:0.01357030677123621
called:0.027093479756128625
comment:0.03969290299881579
and:0.0019282697701555045
molecular:0.0632280955966154
for:0.00328635215062701
subject:0.0002696662312325081
however:0.024213120244413265
i:0.0019282697701555045
info:0.029751469286791895
paid:0.04177767815931472
the:0.0015227333535132385
wrong:0.02670123289727132
do:0.014511473109222156
ibm:0.07960539533575085
solve:0.05018083918504931
wright:0.11483267311437094
an:0.009069678167290271
just:0.011862510742079656
engineers:0.11032472258277073
nicely:0.054549991374047646
company:0.0340012933296096
ma:0.040517352780176936
is:0.0027138649180875143
division:0.040025933496164984
field:0.03931775605993239
does:0.012307967821591164
unless:0.031091529552934257
sends:0.06011394044858997
very:0.017608510018014622
neither:0.037805873237383526
already:0.029351376982801533
consulting:0.12106975355173687
high:0.028255796218601227
s:0.006267033139959782
