read:0.060185921997289955
pc:0.05898835507960855
say:0.016792433400597728
there:0.008121937925461481
know:0.010919248899630989
send:0.025958824078550644
tried:0.05482945226613577
way:0.015330732916341091
much:0.01546191919964541
though:0.021995966385935217
ca:0.018199545098162132
from:0.014983579724427886
often:0.027498410515740764
to:0.0060982263720833225
ftp.cica.indiana.edu:0.05248741059374236
that:0.006139904874946492
nt:0.018957837656347926
me:0.009589280357562343
re:0.00330920798918735
file:0.026889255596977073
this:0.009291724572945468
fork:0.05590035290181302
on:0.004486803763179557
you:0.009837150255021626
a:0.007415066154936611
mac:0.09109598587994167
let:0.020399449050909953
files:0.05857188609889715
works:0.026328548615493275
wild:0.04181510256729449
it:0.015170594236281944
have:0.004524341709271264
only:0.011801205648400766
ve:0.01615162565511004
binary:0.047484633522502886
disks:0.1525561385413633
easiest:0.05284866718241718
network:0.03250875814185466
access.digex.net:0.043896446725085504
sending:0.04017518136691998
writes:0.0058518795665271
if:0.011861069376343528
of:0.001720713146599457
losing:0.04356742899728237
but:0.00588746214380894
never:0.019503886998777524
windows:0.024311567977199126
please:0.01695057837969252
good:0.014336370366013266
in:0.0015723867424291193
and:0.0016893690906672118
subject:0.00023625625568157783
cause:0.027907089675593508
i:0.005068107272001635
program:0.024571977277735177
the:0.003335190309686075
do:0.012713591485070737
reads:0.04592159338374787
when:0.011572340202156955
can:0.007651026481749676
because:0.015617011494641717
problem:0.01872181674376623
just:0.010392819145715805
about:0.008716957347981164
worry:0.03890586752968782
is:0.007132901598867183
write:0.028797999336172685
easier:0.036961714286801776
does:0.021566173705088943
resource:0.043896446725085504
supposed:0.032289336384215585
luck:0.03648485509658072
going:0.01927270516858126
