say:0.05421557069335838
forgive:0.1610973652322876
that:0.009911560726699338
like:0.03327540181453352
nt:0.020402244334926815
me:0.03095967658298699
re:0.010684014365090587
this:0.014999498239183399
on:0.014485966435408284
working:0.09052968602018878
os:0.13569572004897917
a:0.003990011788132557
christian:0.09159549632104502
was:0.025298889545753874
rumor:0.1582581516947675
os/2:0.13517464611898541
if:0.01914715485038312
intel:0.1444459617068282
but:0.019008092064297436
system:0.063863495121215
and:0.005454248778439855
for:0.009295681797487828
subject:0.0007627701969148084
i:0.005454248778439855
stupid:0.11033389117904435
platform:0.14937085387656496
see:0.05055387889746217
did:0.046968886955513295
7:0.0911865293980373
an:0.025654232530335334
apple:0.10838191277968787
is:0.007676360768304683
win:0.09684215438938118
somewhere:0.1108434588257882
s:0.01772675088160052
