chen:2.8044969489618867
subject:0.013348478446009148
