laser:0.06535277306548971
fax:0.040781911198445195
much:0.023295958260799086
mentioned:0.04686884825055784
from:0.022575260118138017
via:0.09115283676308387
to:0.001837598880121108
mail:0.04085754006447808
that:0.004625395005793024
like:0.01552852084678231
joy:0.07687417278153752
font:0.13309520369603775
re:0.004985873370375608
package:0.0518301737740827
comments:0.04912006685372134
reply:0.09576524051613719
contact:0.04640096398640757
them:0.05863436686128964
was:0.011806148454685143
as:0.01066818880289358
old:0.03530550776456432
let:0.030735169903371
others:0.035951042974245284
no:0.015009943149100133
not:0.0080388001143462
have:0.006816674841968705
ve:0.02433511598703246
snail:0.07578956425548482
netcom.com:0.08584093799256372
heard:0.03603529812559833
be:0.007712816761832952
of:0.0025925411408765156
what:0.012272561373288417
but:0.017740885926677608
again:0.03255825517477357
seems:0.03141982785841438
they:0.012438928326769917
who:0.017240704989784646
in:0.00236906269192654
responding:0.07095082433962657
or:0.008990819436041138
and:0.002545316096605266
for:0.004337984838827654
subject:0.00035595942522691063
i:0.007635948289815797
info:0.0392719394585653
the:0.003015012039956212
got:0.029495384288407655
may:0.024813673699197746
finally:0.04848699301061474
replies:0.059757443157488106
about:0.013133549070958287
is:0.003582301691875519
time:0.021060132932049516
2:0.025978794027938786
slow:0.05475370806722455
fonts:0.06603668365732374
describing:0.07024519232023534
very:0.0232432332237793
truetype:0.08503152666295076
give:0.03150981695141342
movie:0.06763221037407158
included:0.049903752673346256
