some:0.013735727942745343
since:0.02353907792239625
read:0.026670624257622608
formats:0.05928328656220913
all:0.011224327419368131
thanks:0.023451607587248978
fax:0.03598403929274576
own:0.026664595712329354
motorola:0.11466557889282429
turn:0.04025268393781783
my:0.03353697392930475
via:0.040214486807242884
to:0.001621410776577448
normally:0.050068844048479805
she:0.039001676292923323
that:0.004081230887464433
nt:0.00840092413791104
advise:0.0705053270683644
anything:0.027308719415522396
re:0.004399300032684359
voice:0.042664638840425505
this:0.006176263980840224
medical:0.04732961731963143
disclaimer:0.044165359142049256
graphic:0.06198105204726647
a:0.0016429460304075237
416:0.14203383324119326
wife:0.04754096502522318
therefore:0.04038735906535136
advance:0.037217661372666466
are:0.007563663312955595
existance:0.06844410249159863
internet:0.03360628168370125
freeware:0.07502781764378007
not:0.007093058924423116
kind:0.03241796114074188
400:0.05400972911146357
which:0.015198733323735503
of:0.009150145203093584
looking:0.06103259636250927
macintosh:0.05524242265538329
networking:0.07240259939302467
using:0.025934359748763774
windows:0.03232008448733531
please:0.04506859663306482
jackson:0.12301129142775938
in:0.0020903494340528293
or:0.007933075972977474
and:0.00449173428812694
for:0.007655267362637035
subject:0.0003140818457884505
i:0.00224586714406347
we:0.03171162131091694
import:0.06548746215888208
body:0.041760954396171196
any:0.012038673721044791
will:0.013333004057685699
source:0.03669727013764499
currently:0.04234039413949761
the:0.0008867682470459447
do:0.016901598091917568
canada:0.043771854035372315
can:0.02034272923382855
newsgroup:0.04522545694793353
draw:0.04967881808004568
is:0.006321708868015621
engineering:0.045491170508507046
e-mail:0.03234936207826196
opinions:0.03359541359435344
