at:0.01295536783021222
andrew:0.027687192346852928
graphics:0.051746197649113555
continue:0.028736810344863566
with:0.004300201299923142
frames:0.0430449732055644
such:0.014139832378439696
work:0.014890238705811057
to:0.00405352694144362
most:0.01365143723505175
indeed:0.027119428739004525
nt:0.0052505775861944005
stretch:0.040435992504906974
re:0.0027495625204277245
penalty:0.03563153035850675
so:0.015026626432131178
anyone:0.01230084374736317
had:0.022564830671796106
mean:0.019436926888454855
bus:0.05951533311405384
30:0.025169893193925666
best:0.017905706470304664
on:0.007456012135871911
performance:0.055750165199950234
them:0.010778376261266476
posted:0.025098389150602172
compuserve:0.038368585214976186
seconds:0.03403062238905917
more:0.009348669307505338
board:0.026405856759964295
a:0.004107365076018809
how:0.009671786744331796
was:0.006510743633098424
andrew.cmu.edu:0.05992322656951853
far:0.018304250530304423
play:0.023543516417503248
it:0.010083983227646235
have:0.003759195684909212
boards:0.034399370798511165
frame:0.035532831679593944
try:0.017914629943701417
ve:0.0134201007281429
machines:0.029014312756502146
able:0.019393126662578447
has:0.007829224072695228
ati:0.07549367942953968
uses:0.02511025830762086
without:0.0165236065059007
which:0.00949920832733469
noticed:0.02982502221437004
writes:0.004862223463364429
of:0.002859420375966745
even:0.012346760645338423
seen:0.01906224184281142
intel:0.037173593086316084
but:0.0048917883989000755
version:0.022944636821070473
drops:0.041136802650527014
well:0.02474805750225507
they:0.006859703121380468
pro:0.033093868754089865
chance:0.026434246529504442
over:0.014749564356759984
one:0.007230227263056047
in:0.0013064683962830182
640x480:0.04525162462064041
point:0.016187764421029857
and:0.0014036669650396686
few:0.016806084565487402
for:0.0023922710508240733
subject:0.0001963011536177816
i:0.004211000895119006
back:0.015487917059320129
possible:0.018948320757092515
any:0.01504834215130599
will:0.008333127536053562
the:0.003325380926422293
do:0.01056349880744848
thing:0.01664656202297762
would:0.0068577179860615884
can:0.006357102885571422
zoom:0.044719855050201984
drivers:0.05782799644824273
home:0.021539434204862856
isa:0.07096794949567807
beta:0.040154954175346695
an:0.019806576585920666
is:0.0019755340212548817
move:0.026006067026272187
window:0.02563965251342016
does:0.008959476576011215
2:0.014326540824230946
their:0.011130026607218485
attempting:0.036756715559282664
exception:0.036585043765187134
update:0.031925310235119894
every:0.017883445051010267
article:0.005958330002327948
very:0.0128179594984077
by:0.007282613785420338
data:0.021576070758866268
john:0.03943350587620361
