another:0.009476518505934098
some:0.004989473825356215
believe:0.009284922565514277
studies:0.018030268787750832
objective:0.03810773794642688
say:0.008109166556698905
there:0.003922132416996357
all:0.008154425902959755
true:0.011039661504948063
your:0.016152977207452082
with:0.00499852458794485
microsoft:0.018203436298031343
wrote:0.02201346132216121
themselves:0.027661967660878785
to:0.006478714000426982
changes:0.017426962819385425
competition:0.06689907165688155
then:0.00682000149476839
enough:0.010393797123664087
amongst:0.023729234877660866
perhaps:0.01234385272495746
been:0.006270258065048886
make:0.0075217114673064266
that:0.013342485593633725
duke:0.02712219162843826
its:0.02651057123120731
re:0.0015980363366588485
so:0.004366711954636411
described:0.017732343007343308
this:0.004487029387789906
mean:0.022593350913075735
2.0:0.02004191798300536
something:0.008507099645997962
these:0.014159281821358486
you:0.014251256138685175
medical:0.01719238235969518
am:0.006984343404706691
none:0.01548081295906536
incorrect:0.021713360973176398
independent:0.017746756188875952
why:0.007605652051940199
more:0.016300243920778536
sure:0.009324974445124803
stable:0.06439511329379483
a:0.000596796634977092
other:0.005894478580478252
same:0.008299544233028259
false:0.017893626460261453
as:0.017096456414893556
challenge:0.020167249671443482
technically:0.023729234877660866
learn:0.04884633565028502
overall:0.01980177029777612
nc:0.02238431716467069
product:0.017055119327976747
setup:0.01886219988703672
are:0.005494969073514749
os/2:0.040436859950123846
no:0.00481087921445517
kurt:0.10208375028398534
d:0.007785659069987332
it:0.007325970720939572
not:0.005153076996375769
have:0.0087393267204727
being:0.008315401409936531
briefly:0.02463915794280049
machines:0.03372603875969481
university:0.010044188468370316
has:0.004550318264472441
exchange:0.020708923627166316
which:0.011041814807842033
writes:0.005651815307842414
applications:0.016667953108522787
listed:0.019400835446418623
if:0.0028638906827496125
of:0.001661885346715715
opinion:0.014142357113622604
what:0.003933513260669364
fact:0.010249004823200169
well:0.007191743205783525
easy:0.014161032325892341
news.duke.edu:0.0495730695272349
up:0.00574128363398455
pick:0.03435944023109414
supporters:0.021430712244524495
tim:0.03485392563877085
in:0.003796574826805352
system:0.019104464352500215
chosen:0.02103897212261927
or:0.0028816728961670317
use:0.02131768625317113
and:0.003263225764878546
for:0.0013903797560345043
subject:0.00011408955936759957
i:0.003263225764878546
favorite:0.02065156029241358
will:0.009686370469258842
program:0.011865954839248186
the:0.0016105833546774637
do:0.009209204088544828
can:0.003694726463409032
effect:0.014813561771890625
inferior:0.22889538863116948
7:0.027278021614797487
an:0.0038371715323151146
apple:0.016210969860209725
criteria:0.046361194826704574
is:0.012629909811099585
3.0:0.01975531870702012
issue:0.013381880373781425
else:0.010797231732213919
center:0.013959960826806877
easier:0.03569806593511625
run:0.011439463369176901
glove:0.02675034813702959
objectively:0.10038988870032327
words:0.014136150134646901
article:0.006925922053988043
already:0.012417890261954494
by:0.004232630234261394
data:0.012539938560708602
s:0.0026514370976752923
