since:0.01087403056197653
emm386:0.03558295400280817
know:0.006705843074229901
all:0.005185151253512452
startup:0.0294145848025963
dos:0.05754704928658594
your:0.013694915458491984
with:0.022248867595254518
much:0.009495635160651801
times:0.015274326855940362
apparent:0.02629975052486725
from:0.009201872330762778
work:0.011005828608642954
6.0:0.028979570086979253
my:0.005164207942012507
to:0.003745106413290301
ms-dos:0.028150333197874817
might:0.011560245303687206
make:0.009565654800813606
that:0.003770702450374748
ran:0.024672801600336726
problems:0.02981601343360623
nt:0.011642585082431062
could:0.008201680191989443
re:0.0020322853411857095
eat:0.024539262139844847
so:0.005553318464048478
error:0.02046444651723912
amount:0.020208788106667545
starting:0.02131261947215879
directory:0.02291021352625215
on:0.002755482745865706
machine:0.017678257360458405
took:0.01834457432835152
seconds:0.07545920616704424
more:0.006909886009895249
sure:0.011858934892169585
a:0.006071757068897369
richard:0.020304769102058577
load:0.04886948773699527
as:0.004348446522918578
drive:0.015346759504380372
are:0.003494083595658834
no:0.012236366697635975
it:0.0037266894536953474
not:0.009830054487651601
unreasonable:0.0317161261809161
have:0.0027785359410198523
received:0.021028754297020495
being:0.010575021358288849
try:0.013241248219257568
45:0.024512943528563386
minimal:0.02809930200032134
after:0.020969713996358167
has:0.00578681779286169
decided:0.04056122894585168
be:0.0031438111800949527
which:0.007021153981073466
noticed:0.02204458163670829
writes:0.0035938173424867517
if:0.003642121846540268
end:0.014696920666171245
of:0.004226969251429101
boots:0.03152200616677436
4.0:0.030725248154861995
what:0.005002402733677343
saying:0.016394321624806734
version:0.016959079389486872
double:0.02401168687521538
windows:0.029860947624168493
loss:0.02312962904413469
up:0.00730141505626296
in:0.0019313011075488096
minute:0.024306860730398748
morris:0.05343311649308509
executed:0.030563003789918077
system:0.012147947441535462
install:0.02401168687521538
message:0.017648477655215877
and:0.00414997189663902
few:0.012421888591881992
for:0.0017682003419134456
subject:0.00014509215702183858
cause:0.017138593115989493
space:0.0166169171603973
i:0.009337436767437795
6:0.01596929148129997
20:0.01709148015437837
the:0.004096483749940505
do:0.011711705199562446
can:0.004698728219770181
drivers:0.0213712160786984
gateway:0.026227285683185372
joe:0.043255100292640604
an:0.004879881187835526
problem:0.01149763745676948
just:0.0063825465405754666
cache:0.026373194650773354
about:0.005353348806097128
17:0.0213712160786984
execution:0.03292886287284115
is:0.001460177320057956
handy:0.028521633436882843
recent:0.020641821133070767
disk:0.01902705969456457
time:0.01716858662938819
provided:0.021945464313068173
1:0.010644151586547329
too:0.010611510151437482
volume:0.024059782610416375
article:0.004403983045198919
very:0.009474143977083953
little:0.012746405988578608
delay:0.0299585166425799
give:0.012843675387804383
before:0.011555403626210024
by:0.005382801493571555
data:0.03189506112180231
realistic:0.030643520560489492
