microsoft:0.14198680312464446
to:0.004593997200302769
that:0.01156348751448256
re:0.024929366851878035
2.0:0.1563269602674418
more:0.04238063419402419
running:0.10091534708155672
challenge:0.15730454743725913
os/2:0.157703753805483
it:0.011428514324665733
get:0.04381246584303741
3.1:0.13071739942924057
what:0.03068140343322104
windows:0.09157357271411672
find:0.070548224589113
supporters:0.16715955550729106
for:0.010844962097069134
subject:0.0008898985630672766
i:0.012726580483026328
the:0.002512510033296843
apps:0.1763074503640164
microsoft.com:0.1860140175159906
just:0.039146285448862866
makes:0.09309926274173247
is:0.008955754229688797
picture:0.13635092545651334
3.0:0.15409148591475694
garrett:0.21363710660119622
