800:0.14116692016475843
thanks:0.02931450948406122
to:0.00202676347072181
psychology:0.08227360530105403
that:0.010203077218661082
could:0.02219278169597143
anyone:0.02460168749472634
presume:0.08248520438123196
particularly:0.05907500434030268
m:0.020129628119354002
a:0.004107365076018809
how:0.01934357348866359
hearing:0.06668871625176218
as:0.011766384709073801
standard:0.08953072177830108
driver:0.05411449409538811
works:0.04375185284633441
supplied:0.0810642215034515
it:0.015125974841469353
have:0.007518391369818424
bubblejet:0.09683829212499338
able:0.038786253325156894
univ:0.06830299075375304
dept:0.06034275721090881
of:0.008578261127900236
print:0.06465239751256946
york:0.05534069422684475
well:0.02474805750225507
windows:0.04040010560916914
george:0.17569033142890444
postscript:0.0739840595168914
in:0.0026129367925660364
required:0.05504090368383778
or:0.009916344966221843
better:0.03288552751913828
for:0.004784542101648147
subject:0.0003926023072355632
i:0.005614667860158675
special:0.051407517542132686
any:0.03009668430261198
information:0.03586501888946713
the:0.001108460308807431
replies:0.06590894465899423
many:0.02725295628791314
interested:0.042309944344337054
is:0.01185320412752929
bolt:0.08978574682702448
new:0.025352934777699218
printer:0.12782153462434798
does:0.01791895315202243
experience:0.04870915845286982
under:0.03569593275155352
everything:0.04543621299887137
