studies:0.04536648275627629
there:0.009868591242765026
with:0.006288466417091907
microsoft:0.09160438911267385
to:0.014819345807428289
been:0.015776778357219776
make:0.018925596595158106
that:0.011190471788208929
me:0.011651491187145643
re:0.0040208656212706514
independent:0.04465312847523626
more:0.054684689282611866
stable:0.16202641409406437
how:0.01414368814224865
j:0.03284009311321358
want:0.04070103156370283
as:0.008603378066849661
challenge:0.05074340239911586
also:0.01595158206107061
learn:0.12290368324910424
computer:0.028824762421132424
os/2:0.05087217864693
kurt:0.06421397195282949
d:0.019589722821258447
it:0.0036866175240857202
not:0.0064829033180211285
have:0.010994636841885008
has:0.011449187891253237
writes:0.007110348290511424
applications:0.04193872072467024
what:0.019794453827884542
but:0.007153583034950648
easy:0.035630984561922666
news.duke.edu:0.06236611972781165
supporters:0.05392243726041648
in:0.001910534428973016
system:0.02403464870153253
world:0.02711022245949115
use:0.053638049282172515
and:0.008210697085823438
subject:0.0002870640526023473
i:0.010263371357279297
program:0.029856273466495435
the:0.0008104871075151108
do:0.04634309154235462
hello:0.04160527731883626
can:0.018592817041671258
effect:0.03727283284540222
whereas:0.0540958714747163
wants:0.03785521680208333
7:0.034317511063777485
type:0.03484422054120104
easier:0.08982094009480862
run:0.028783165896638655
article:0.00871325677759786
