out:0.03465226762001353
say:0.027905073150993286
to:0.00202676347072181
memory:0.09945977135786221
really:0.028696996223395967
nt:0.010501155172388801
re:0.010998250081710898
set:0.03896197917832237
working:0.04659616192215599
a:0.0020536825380094046
running:0.04452147665362797
ram:0.05720378041519483
across:0.056752413556380034
it:0.015125974841469353
not:0.008866323655528896
have:0.015036782739636849
ve:0.0268402014562858
always:0.03907288379409864
screen:0.054975105442736
which:0.01899841665466938
16m:0.10594180989567314
writes:0.009724446926728858
of:0.01715652225580047
what:0.013535913279362223
but:0.009783576797800151
version:0.045889273642140946
nearly:0.06309030614116788
in:0.0026129367925660364
subject:0.0003926023072355632
space:0.08992684580920893
i:0.008422001790238012
top:0.09945977135786221
survey:0.07434718617263217
the:0.005542301544037154
canada:0.054714817544215394
got:0.03253167384750844
correctly:0.1281853961479523
reports:0.05815033006159047
last:0.032061214000874964
jerry:0.1435369344782684
grant:0.06654382953936494
right:0.028527552849857345
does:0.01791895315202243
article:0.011916660004655896
appear:0.058069081886120325
john:0.07886701175240722
