since:0.020627027045398778
manager:0.04048348804034637
dos:0.03638713769323647
printing:0.050097874028996875
thanks:0.020550377782640857
with:0.00602914821432523
fm:0.06016254863184085
someone:0.022716063037763093
from:0.008727549014744079
to:0.0028416477527645994
t:0.02655951603093239
been:0.01512618955898391
nt:0.014723269107679144
re:0.003855056729671861
so:0.01053412986994763
file:0.03132459672637535
drag:0.05379512978594599
compuserve:0.05379512978594599
other:0.014219669977648565
sorry:0.03275687303854252
as:0.008248599589866169
features:0.044594304186147675
far:0.02566369146516909
pat:0.08356990168296453
it:0.0070691841183499375
ftp:0.0391068757452482
have:0.021082499511243417
site:0.040263548427202124
cica:0.05997679084315344
has:0.010977056431820113
demo:0.17302902558159816
which:0.01331847765481977
writes:0.0068171380517274465
if:0.006908767214055766
of:0.004009084238468838
3.1:0.04042806167914657
but:0.013717179840214644
using:0.02272598534685485
well:0.01734915371292108
windows:0.028321723519829912
please:0.019746550071188192
now:0.017030045338950972
in:0.001831749504066912
or:0.006951664512402941
use:0.03428411397417212
weeks:0.03753159675601145
and:0.005904083729239018
few:0.023563170112435944
for:0.006708223977568536
subject:0.00027522635971152884
i:0.009840139548731697
6:0.03029226425318757
program:0.028625086931794587
the:0.005439454711261207
do:0.029621357480680274
drop:0.04463579027171186
many:0.01910516523276385
e:0.03207102779436935
is:0.00276982089578004
desktop:0.051616685521335616
win:0.03494304539823032
multiple:0.04426829193428673
downloaded:0.0607407905560784
superior:0.05194927172977089
fraser.sfu.ca:0.059615024659532105
past:0.03405684996807591
dean:0.10274820614761569
s:0.006396250318103282
