thanks:0.08305777687150678
someone:0.09181075477762582
from:0.03527384393459065
to:0.0057424965003784615
compuserve:0.21742198288486506
other:0.05747116615966295
it:0.014285642905832164
ftp:0.1580569561370448
site:0.16273184155994191
cica:0.2424061963244118
has:0.04436560307860629
demo:0.4662170967059728
if:0.02792293415680872
windows:0.11446696589264589
please:0.07980897320438561
or:0.028096310737628555
for:0.013556202621336416
subject:0.0011123732038340957
the:0.003140637541621054
e:0.12962040400224278
downloaded:0.24549402849748353
dean:0.4152739998466134
