mode:0.18679928031601128
dos:0.043043321417609
tried:0.03777882991508136
thanks:0.024309593230684916
enhanced:0.06754921108923004
with:0.021396123541081
my:0.023175957593421982
to:0.0050421920491127955
boot:0.05986129840719929
that:0.004230544212615571
its:0.02521737263456305
ide:0.05524261492047861
two:0.02274133454455258
8:0.03600599124846179
a:0.0034061076240155977
as:0.009757489758744128
ram:0.04743728131991767
standard:0.03712249439588094
drive:0.03443663108299986
scsi:0.103170056003243
fine:0.11850572846050829
advance:0.03857928313020305
bios:0.05885147031348913
are:0.00784038270245397
meg:0.05677700727658876
it:0.004181163777316732
ve:0.02225772803691993
hal:0.1432392314382661
returns:0.06437502696406339
trying:0.0328820515008341
gives:0.04434785946092811
what:0.01122490369508087
but:0.008113210027444027
windows:0.06700505320545126
removed:0.05630919181472965
in:0.00866730253143856
system:0.05451761778640305
use:0.0202777991188701
and:0.009312132060750973
subject:0.0003255726450246134
i:0.004656066030375486
386:0.1726513325530893
the:0.0009192109877915281
when:0.01594724930297239
views:0.04939130236752304
prompt:0.07094815502177906
did:0.02004769565174348
an:0.02189995459906675
just:0.014321811749583975
adaptec:0.0744564729785081
disk:0.12808459696828833
run:0.06528864459481451
runs:0.09150708586447158
