go:0.013797391856695937
at:0.006247978811733553
know:0.008750887416016324
all:0.006766438515221923
wang:0.04250321135326932
dos:0.025032286214496012
anyway:0.021620665401734282
means:0.02010351220169328
thanks:0.014137493935575623
with:0.004147711892124449
way:0.012286332053521584
missing:0.030621613215526585
ca:0.014585451036115752
into:0.0127007369005843
to:0.005864677276982259
then:0.02263660070603976
that:0.0024603164924430977
terminal:0.06771909503972769
helps:0.029999803518673495
nt:0.020257547566593998
me:0.007685026102159891
anything:0.016462703193754636
set:0.018790174355502988
machine:0.02306949896683934
am:0.011591037990789827
modem:0.12094668302226412
m:0.009707905759688454
answers:0.02972064696632895
a:0.0019808569160941775
other:0.009782326154836247
same:0.013773711705876683
looked:0.02641846244311833
as:0.0056745685121774355
worth:0.024930238431147788
fine:0.02297274168737986
also:0.01052125625304657
brian:0.02649700365091332
manual:0.027869485084274913
works:0.02110018435142369
d:0.012920881009766209
it:0.017021191547374494
not:0.004275957507630957
application:0.026172820622815098
have:0.010877672620162827
only:0.00945770381751267
ve:0.012944210631400242
always:0.03768732053898876
second:0.039002776973791016
which:0.009162356968209346
get:0.00932180124319945
if:0.0047528398564780795
end:0.019178960301953967
what:0.006527958177281072
but:0.014154962175540643
port:0.08871866245424553
using:0.046902565503083415
windows:0.019483738875343982
over:0.014226530159711757
use:0.02358552521627444
and:0.005415566162989927
for:0.0069223162321717865
subject:0.0001893401198015482
i:0.012185023866727335
sees:0.03758727390248957
back:0.01493870014232296
any:0.007257356498502179
connect:0.03259628603092586
the:0.006414919233949387
do:0.010188906651155981
see:0.012548835187313305
when:0.027822860486036934
vlb:0.03900209206147056
can:0.00613167370523201
is:0.0038109592466760837
time:0.011202198368111444
does:0.008641764640691668
serial:0.05871372947326003
change:0.04215615755901401
understand:0.021249342290323783
s:0.004400257311035591
