materials:0.02292973634070076
another:0.00972590057187973
some:0.015362327304386237
studies:0.01850474954532322
computing:0.019133602978855448
say:0.008322565676612033
all:0.0041845080291504
true:0.011330178912973011
your:0.01657805555501661
microsoft:0.018682474095347956
service:0.015976277317887467
availability:0.02348449137188111
wrote:0.011296381467951144
to:0.006649206474122429
gui:0.025287556836032076
competition:0.045773049028392646
visual:0.02247632250537692
then:0.013998950436629852
might:0.009329320771396692
perhaps:0.012668690954561601
that:0.013693603635571452
technical:0.016827838784733772
think:0.012629368662531186
indeed:0.016176501353090417
nt:0.003131923472466835
its:0.00906940594751829
need:0.008426324524110684
re:0.0016400899244656602
afraid:0.019803615060225665
this:0.006907663662781828
balance:0.021994678356222506
starting:0.017199657819636918
on:0.004447445835432368
you:0.017064004060794093
am:0.007168141915356866
etc:0.010185631523939628
incorrect:0.022284765209312617
support:0.04805186507953519
os:0.041660966681704124
m:0.006003573298754701
prove:0.017223238332954374
factor:0.039692810602428207
other:0.018148789313577773
same:0.00851795329179216
mobile:0.026992197142136385
as:0.01403709053012313
said:0.009611863283611544
challenge:0.020697966768060412
technically:0.09741475370829196
learn:0.01671058851193961
are:0.011279147045635535
no:0.004937481299046096
base:0.016893139716723907
kurt:0.026192541191285706
d:0.007990544834986997
it:0.006015007539297753
not:0.005288684285754078
have:0.0067269817519428005
being:0.008534227762829596
systems:0.02631944842353167
only:0.0058488431503038885
proved:0.02310697115797215
earlier:0.01730678304773812
quality:0.033720735443634645
love:0.014351830877988808
device:0.017605942039082566
which:0.0056661944408663055
writes:0.00290027364481387
applications:0.034213166906967823
listed:0.019911383747640163
if:0.00881776868109749
of:0.008528095858146432
trying:0.011826000978370157
even:0.007364734420026428
opinion:0.014514524406086355
available:0.011846771174623816
but:0.005835817739038686
ok:0.014315128028556718
requirements:0.021343713421493236
aspects:0.042273858611182075
easy:0.014533691071310558
windows:0.012049154304489041
news.duke.edu:0.025438811994238957
now:0.0072452385871852815
supporters:0.021994678356222506
tim:0.03577113420821218
in:0.00233789081440119
point:0.009655859479210792
or:0.0029575063934345848
use:0.007292892665558544
and:0.0008372750317780479
still:0.008954864395743627
for:0.002853937393965561
subject:0.0001170919161930627
each:0.011166707883160593
i:0.005023650190668287
actually:0.021441351992114777
physical:0.01871557587445051
cost:0.04369746847830106
the:0.002644747403470361
see:0.007760463865838492
when:0.005735414222998841
agree:0.013230505170896661
inferior:0.15661263432658962
an:0.003938149730533933
btw:0.01645522158089182
criteria:0.02379061313475629
is:0.010605498429894627
hardware:0.015568776858221717
printer:0.019061106040472942
does:0.0053442491856909
primary:0.020181374506409607
define:0.018748929380526032
superior:0.02210122525345516
objectively:0.025757931969161887
resource:0.021755695087432726
show:0.013202055569012423
words:0.01450815408555866
article:0.003554091580335969
shown:0.01811126139040203
documentation:0.019636510471487637
by:0.0043440152404261665
range:0.01754191221705997
s:0.002721211758140431
