mode:0.04117618544600249
read:0.024376377009655077
pc:0.03583701141933208
stephen:0.04378128257409696
help:0.023011749677868787
ahead:0.09293848354104918
graphics:0.03783592946386798
much:0.0375741262270953
from:0.009102927466991135
my:0.010217357648712918
to:0.001481934580742829
obviously:0.03959024818092427
256:0.052551326289459924
re:0.0040208656212706514
had:0.016499015975076723
this:0.016934917366819967
these:0.017813290033321966
on:0.005451707798271935
card:0.09873897891981424
8:0.03174721809004157
a:0.007508086698098898
richard:0.04017287650299762
million:0.12624229868164963
price:0.0336574645359566
was:0.00952108746345576
ram:0.041826420088529555
driver:0.11870276124149651
question:0.02347296863814091
vga:0.048498726981243696
l:0.035537210524229715
results:0.03938799729966087
it:0.0036866175240857202
have:0.010994636841885008
b:0.06582598594654283
svga:0.05579720486412376
comparison:0.0501822652682495
thinking:0.037457274557512424
writes:0.007110348290511424
what:0.009897226913942271
but:0.007153583034950648
street:0.04288202667009254
bach.udel.edu:0.06672595959994246
windows:0.05907972433168821
good:0.017419460767306445
170:0.06399225918720867
in:0.003821068857946032
2.5:0.05232652322688665
or:0.007250660835517047
and:0.004105348542911719
i:0.008210697085823438
news.udel.edu:0.06236611972781165
4mb:0.06236611972781165
thing:0.024343359517472653
33mhz:0.0646716022153972
greater:0.04536648275627629
got:0.02378660023258682
24x:0.13129958675779924
upgrading:0.060157044736254564
about:0.042366287325671895
is:0.011555811909275867
labs:0.056214837480427673
16:0.03749454561102303
diamond:0.05383675801687694
article:0.00871325677759786
