some:0.0075324959686022845
out:0.01520228514942529
there:0.005921154745659016
swap:0.034331044035303175
graphics:0.022701557678320786
with:0.003773079850255144
much:0.022544475736257178
such:0.012406562603018055
my:0.006130414589227751
to:0.0017783214968913946
might:0.013723129908893199
that:0.004476188715283572
problems:0.01769724668317273
think:0.00928869695179713
memory:0.06545094631291579
really:0.01258964995607049
nt:0.004606958398209281
could:0.00973618809887779
permanent:0.03294775454275185
me:0.006990894712287385
re:0.0072375581182871716
file:0.019603134725538124
this:0.0033869834733639935
programs:0.02279472338254527
amount:0.023989787171785987
internal:0.025564951071744082
these:0.021375948039986357
certain:0.02126654833393877
on:0.003271024678963161
you:0.01075739979500752
etc:0.014982735402956358
a:0.003603881615087471
as:0.010324053680219592
running:0.019532002660946464
finished:0.03190490711335562
ram:0.02509585205311773
also:0.009570949236642364
are:0.008295630730338394
it:0.002211970514451432
ones:0.02188793535727004
have:0.006596782105131004
area:0.020699787384899013
shareware:0.03200192567699782
manage:0.03251018940508243
uses:0.022032226644106045
which:0.008334789242048501
fill:0.031177194247901784
if:0.008647102190495604
of:0.006272276953733505
3.1:0.10120056730005722
kit:0.03329657532514073
gives:0.023461448230942615
available:0.017426218243962774
what:0.005938336148365362
never:0.014218962779753938
using:0.014222068249322069
windows:0.10634350379703877
they:0.006018836287146733
up:0.008667486260337965
one:0.025375765361951547
in:0.002292641314767619
resources:0.08542751174645018
installed:0.02584109648616189
system:0.014420789220919517
or:0.008700793002620456
use:0.021455219712869008
better:0.014427199169686471
and:0.0024632091257470313
still:0.02634463331909093
subject:0.00017223843156140837
twice:0.029099236188746217
i:0.0073896273772410944
back:0.013589398193984113
limited:0.025045774599340383
monitors:0.029789378895534395
4mb:0.037419671836686985
program:0.017913764079897258
the:0.002917753587054399
do:0.004634309154235463
thing:0.01460601571048359
see:0.011415392009104361
when:0.008436609308669263
less:0.017734616494169533
can:0.005577845112501377
because:0.011385305154158155
many:0.011956135661794152
about:0.012709886197701569
frequently:0.0301093591609497
3.0:0.05964831712829301
run:0.01726989953798319
runs:0.024205100131892483
icon:0.03618705740595983
resource:0.06400385135399564
every:0.03138256163790189
under:0.015660151142617026
little:0.015131217431602995
give:0.015246685621651657
comes:0.0195108150790033
while:0.014002209715345305
sometimes:0.022609718221405485
s:0.004002814715200118
