looks:0.043330449042707476
ever:0.033461038694048865
much:0.022116416070378876
from:0.010716104486457918
both:0.028426633953268835
to:0.001744555898849153
uxa.cso.uiuc.edu:0.056438042275087905
like:0.014742266626692065
nt:0.009038969009144792
need:0.024319012550597926
re:0.004733424085799627
norton:0.2683445883671407
so:0.012934311359302786
ti:0.09591546977852311
you:0.007035430245680024
backup:0.12635620604054215
a:0.0035354534831554306
richard:0.0945842408804754
hard:0.03423080256424695
ms:0.10582632714898954
wondering:0.04555612027667464
was:0.011208368786093489
dos6:0.07613239248141694
minutes:0.0504451550384503
geoffrey:0.07822200957457452
it:0.01301982644582172
have:0.012943053497408933
ve:0.023102958215537144
fastest:0.07118471768791046
utility:0.06004093638856752
found:0.03385468993996199
writes:0.01674082002576107
watched:0.06307959491340963
if:0.01696583341173188
of:0.00246127323500935
version:0.03949962794513398
in:0.004498220301126341
yes:0.06751508532921238
install:0.05592595424100798
and:0.004832878664440378
subject:0.00033793616319010504
i:0.007249317996660567
news.cso.uiuc.edu:0.05804563329738293
20:0.039808004410197724
later:0.04044825353111017
the:0.002862353202490075
do:0.009092631884892363
did:0.020809000549910955
come:0.03039485663885327
just:0.014865678018555518
is:0.010202757983189769
disk:0.04431618966835293
lee:0.05401457340980653
does:0.015423909042247155
article:0.01025737823185571
very:0.022066360655486675
s:0.007853623808304028
