pc:0.026037828609358462
at:0.0068825391598002425
out:0.009204508586566093
there:0.007170148324821464
know:0.0048198247096027415
all:0.003726827463462075
dos:0.04136194167473364
case:0.009654730887917014
situations:0.018673849099586196
chris:0.029974587835307032
your:0.004921610242895557
with:0.013706891643505015
into:0.006995327746024947
from:0.0033069228688678734
work:0.007910439312462124
iastate.edu:0.018774014844169545
ext:0.021332319405652934
both:0.008772281571516554
options:0.017675704721393813
my:0.0037117744583214894
to:0.0010767180938209616
add:0.013422736001764525
look:0.009262376266702775
most:0.007252326031121242
calls:0.015657381505696982
that:0.001355096193103425
quite:0.01037577883636485
really:0.007622639621839554
esp:0.02078637431824997
nt:0.0027893693426657754
need:0.007504695279286079
re:0.0014607050889772287
so:0.003991447646034844
this:0.0020507126498883555
best:0.019024813124698704
programs:0.04140447801907637
two:0.007284333721301998
unix:0.1238302317537604
on:0.0019805032235909762
you:0.010855449011889099
card:0.011956673228571257
os:0.01855214922544637
came:0.01179190129874198
a:0.0027275471207937403
other:0.016163765482405203
same:0.007586302150502392
nor:0.013494292956935168
want:0.007392960811375709
price:0.01222712578845298
as:0.01875267563008637
running:0.023652034472239857
following:0.010692633879061568
standard:0.023781597972361224
compatible:0.017599852823514513
also:0.005794910670623306
120:0.03962824826605756
far:0.009724133094224225
others:0.010532532121360922
70:0.01680405022407268
are:0.0075341177531393615
os/2:0.12936636054356027
d:0.007116578993660295
requires:0.015680292128557913
it:0.002678558044843531
not:0.004710234441999726
should:0.01283446986119906
have:0.001997072707608019
systems:0.03516113812831184
try:0.009517147157591378
ve:0.007129428511825915
400:0.035865835738081275
novell:0.022456077501167702
edition:0.019036277745879033
netcom.com:0.0251487123025089
personal:0.013101154184358265
free:0.03383798196239925
heard:0.010557216247733885
which:0.005046454423896554
comparison:0.018230276054481263
writes:0.002583056214912353
if:0.0026177750772008175
of:0.004557201224197
cheers:0.017008447954548228
gives:0.028410347467157072
seen:0.010126815978993566
available:0.010551030577399336
but:0.00519752517383133
least:0.009404931182447196
utilities:0.020196373312730963
well:0.006573702774036503
windows:0.053656390262177764
good:0.01898449044561913
one:0.0076821164669970505
in:0.0027762453421014137
point:0.008599749848672112
5:0.010151847214522199
system:0.02619401167081084
and:0.004474188451063944
for:0.008896257970252022
subject:0.00010428498785944647
each:0.009945349208439903
costs:0.03215822386667059
vendors:0.021431217093091568
300:0.01624812748118106
i:0.0037284903758866197
similar:0.024724674123958602
limited:0.015164433839444373
directly:0.014189454396470234
actually:0.009548102058988612
cost:0.012972685954495628
the:0.003533217234323686
thing:0.008843486074706862
waters:0.04769867800185675
can:0.006754421815919636
apps:0.020661029339533173
agree:0.01178341866782984
linux:0.020829066000016338
7:0.012466908316137913
note:0.011569098042494131
insane:0.022656441932369074
makes:0.010910069852546774
btw:0.014655431720481777
here:0.007032816037591391
many:0.007239066513976928
toolkit:0.021431217093091568
about:0.0038477194543823107
disclaimers:0.021332319405652934
is:0.0041980097951666235
either:0.009779541824661555
win:0.013240138295423209
suite:0.020661029339533173
does:0.004759721931005958
2:0.0076109748128726906
run:0.020912768971776522
too:0.00762702292134569
various:0.013924136634199955
under:0.018963464274262806
almost:0.011804659883845969
neither:0.02924048008203882
700:0.042009314717706636
check:0.01292699829917066
s:0.0024235792220938216
