at:0.005034085785453892
out:0.0067324405661740565
there:0.010488902692310256
swap:0.030407496145554245
your:0.007199612698178644
much:0.009983982111771036
c:0.014777701116736913
mechanical:0.0302241343481171
my:0.005429795779030293
to:0.0007875423771947605
software:0.016090205077035753
global:0.02923264333604967
enough:0.013897991582499407
graphical:0.03400731488234518
that:0.005946936436019603
problems:0.015674704205095848
think:0.008227131585877458
memory:0.057970838162868264
really:0.011150832818233862
could:0.008623480887577471
permanent:0.02918229688072307
me:0.0061919353165973984
re:0.002136802873018117
avoid:0.02209571138984628
so:0.005838917699342401
anyone:0.009559512855093663
file:0.01736277647119091
charles:0.02352144374247906
fixed:0.025913329743541876
this:0.008999698943510041
hi:0.0180058094857966
something:0.011375207526648702
these:0.0189329825497022
on:0.002897193287081657
you:0.003175994225192696
inc:0.02092008854745372
support:0.015651178911620035
input:0.024383721710712663
a:0.0031920094305060457
how:0.007516359984166425
other:0.023645279791404187
as:0.01371624274657746
ram:0.04445550935123713
also:0.008477126466740379
based:0.017262302925145957
shell:0.027538399323855753
no:0.0064328327781857705
not:0.006890400098011027
have:0.01168572830051778
has:0.006084425565066005
manage:0.028794739187358722
regardless:0.025857030906724664
writes:0.0037786422343860705
dept:0.02344747137338171
fill:0.027614086333855866
if:0.0038294309700766245
of:0.007777623422629546
offered:0.026446655113783128
institute:0.022242616285333177
gives:0.02078013986169203
what:0.00525966915998075
but:0.003801618412859487
never:0.012593938462067774
using:0.012596689020828118
nearly:0.024515090386282377
windows:0.06279330700396575
launch:0.026323762512520478
up:0.007676916402013626
thousands:0.02444902854399051
net:0.018943671342277042
over:0.011462518585824902
one:0.005618919473003557
president:0.021516903766697133
in:0.0020306251645084627
resources:0.07566436754685586
installed:0.045775656632629634
system:0.012772699024243
use:0.009501597301413417
better:0.012778376407436589
and:0.005454248778439855
still:0.011666909041311698
wpi.wpi.edu:0.06711781130250184
for:0.0018591363594975656
subject:0.00015255403938296168
twice:0.025773609195746647
i:0.007635948289815797
power:0.015439173029545955
any:0.005847355807364613
4mb:0.03314313791249419
physical:0.024383721710712663
the:0.0008614320114160606
users:0.022563986104321043
thing:0.01293675677214261
nathan:0.10550093054412166
can:0.01482113129893223
because:0.010084127422254365
64k:0.03436833717732536
developers:0.03324427835306219
problem:0.012088944525974768
ted:0.05127444717541738
many:0.010589720157589105
about:0.005628663887553551
15:0.01909606132560368
is:0.003070544307321873
usage:0.029491252430838933
limit:0.025373845832278592
time:0.00902577125659265
type:0.01851721434475255
does:0.0069627932247858584
2:0.011133768869116621
run:0.015296196733642256
dollars:0.026203457317104294
icon:0.03205139370242156
under:0.013870419583460795
e-mail:0.01571254729515581
article:0.004630473601809149
little:0.013401935439419796
full:0.01765521419384716
hundreds:0.02683203386118617
by:0.005659631284669521
while:0.0124019571764487
sometimes:0.02002575042467343
reduce:0.026056552421617397
s:0.003545350176320105
