believe:0.022170121227860613
mark:0.03064922412543051
there:0.018730183379125458
existing:0.04418032302404133
thanks:0.020340680050164928
your:0.012856451246747577
service:0.037169298249779006
tcp/ip:0.06115257960011198
via:0.03487991202669025
to:0.005625302694248289
otherwise:0.036259028894000365
ftp.cica.indiana.edu:0.060521197929519245
software:0.028732509066135267
mail:0.03126852555954955
next:0.02733040840560383
that:0.007079686233356669
like:0.023768144153238226
really:0.019912201461131894
nt:0.007286515833902433
re:0.0038157194161037807
wait:0.03746326331745018
so:0.010426638748825713
anyone:0.017070558669810113
file:0.031004957984269478
this:0.005356963656851214
programs:0.0360528788193318
something:0.02031287058330125
directory:0.04301509478398363
on:0.005173559441217244
you:0.005671418259272671
am:0.016676901598993526
a:0.0014250042100473418
lists:0.048338315598167876
want:0.019312224160328382
ascii:0.05375907575528214
also:0.015137725833464963
internet:0.029148305541985775
it:0.00699704958653004
ftp:0.038707825992745665
yourself:0.03577831297321012
which:0.013182574821607323
get:0.013411979339705329
if:0.006838269589422543
of:0.003968175215627319
future:0.03576026861548826
available:0.027561875794022753
what:0.009392266357108481
version:0.03184153681291413
please:0.019545054662298517
they:0.009519588005181058
called:0.027369943835272793
over:0.020468783188973036
in:0.0054391745477905245
or:0.006880729160235564
and:0.005843837976899844
for:0.006639772712491305
subject:0.00027241792746957445
i:0.0038958919845998963
will:0.011564340254115147
unfortunately:0.03757033755944853
the:0.0023074071734358764
do:0.007329774682719353
disable:0.059548645074373074
extra:0.039639548056033175
beta:0.11145048505810512
an:0.01832445180738238
is:0.01096622966900669
win:0.034586483710493277
primary:0.04695258558634072
run:0.02731463702436117
index:0.05247571466049608
article:0.008268702860373478
release:0.08109803039565833
aware:0.04180507359164162
respond:0.04126538518429088
says:0.026132925963546612
