characters:0.0578740218218229
large:0.008554383199678788
at:0.010068171570907784
out:0.0033662202830870283
there:0.01311112836538782
know:0.003525357501880862
all:0.005451816175121664
true:0.007380802263308134
storage:0.014350910962617132
allows:0.011807638243274753
access:0.019156439245820146
text:0.020666078475620384
with:0.003341870724511699
user:0.010804695667408616
much:0.004991991055885518
cambridge:0.01335033259280823
though:0.007101554861744799
someone:0.006295594613322914
such:0.005494334867050853
both:0.019248892134070612
to:0.003937711885973802
cases:0.010513673138532548
depend:0.014641718660645538
t:0.00736078015714412
make:0.0050288013809991535
that:0.0039646242906797345
font:0.1568622043560445
brought:0.011069693835816193
re:0.0010684014365090586
file:0.008681388235595455
glenn:0.015944058644227765
this:0.00299989964783668
paying:0.013399453737209297
these:0.00473324563742555
on:0.005794386574163314
set:0.030279023818581954
you:0.011115979788174437
moment:0.012023745141005094
great:0.007203573396379077
them:0.012564507184562066
compuserve:0.01490893596924789
fi:0.03488817590992951
more:0.003632625788059217
a:0.004788014145759069
how:0.007516359984166425
partial:0.01615270188712745
303:0.01688935648513345
price:0.008943269148125607
fl:0.03412513938064652
as:0.004572080915525819
running:0.008649886892704862
fort:0.017583488424020275
character:0.013042816409401473
standard:0.01739454023121278
mac:0.049018316211587656
question:0.006237103095277441
converts:0.016726046731305025
503:0.01700365744117259
are:0.011021337970306723
no:0.0032164163890928852
internet:0.008161525551756017
tt:0.12028918012063876
reason:0.007634891211452936
co:0.013042816409401473
it:0.002938760826342617
not:0.0034452000490055134
choose:0.011353724255392167
3000:0.014994230149675552
collins:0.01637779010956492
contain:0.013399453737209297
have:0.007303580187823612
only:0.011430310613736743
area:0.009167048699026705
whether:0.008164167385376642
between:0.006636759560132587
somewhat:0.012290962449607448
uses:0.00975712894238982
be:0.0016527464489642038
which:0.0036911209500500508
writes:0.0018893211171930352
get:0.015021416860469969
if:0.005744146455114937
of:0.0044443562415025974
even:0.004797598422188644
macintosh:0.013416016930593085
instance:0.012213588282171246
particular:0.009688718423096591
ansi:0.05389502006598531
utilities:0.029544408960337866
well:0.01442458208702867
windows:0.054944143628470034
they:0.002665484641450696
thousands:0.02444902854399051
atm:0.01904299020620882
david:0.007132700683841411
over:0.005731259292912451
one:0.0028094597365017787
bob:0.010525728611511714
in:0.005076562911271156
our:0.006370786922801124
yes:0.015239119260022221
or:0.007706416659463832
rather:0.007352810436893895
use:0.004750798650706709
and:0.008181373167659782
for:0.004647840898743914
subject:7.627701969148084e-05
adobe:0.016726046731305025
create:0.010865273403553196
i:0.001090849755687971
example:0.008032454696451157
plain:0.012999415936561546
possible:0.007362776065613092
allow:0.010017927632498836
platform:0.014937085387656496
will:0.006476030542304482
program:0.007933238378240214
than:0.004087432234912746
char:0.017655825018261104
the:0.004953234065642348
horn:0.03424544457606271
do:0.004104673822322838
thing:0.006468378386071305
painful:0.016285616217512858
can:0.01482113129893223
regards:0.011798193134319039
road:0.010316149674201457
may:0.005317215792685231
microsoft.com:0.03188811728845553
is:0.00460581646098281
east:0.011633312226831479
new:0.00985142608504884
suite:0.01511206717405855
right:0.005542495982257999
heavy:0.012805166390890308
time:0.004512885628296325
type:0.0370344286895051
printer:0.012416949077793803
2:0.005566884434558311
1:0.022383130193425242
massachusetts:0.01602569685121078
fonts:0.08490430755941622
article:0.0023152368009045745
very:0.009961385667333985
truetype:0.03644208285555032
difference:0.009163296705241105
full:0.00882760709692358
lots:0.01042484288976103
while:0.00620097858822435
roman:0.02918229688072307
