where:0.06370540683564696
post:0.04452720352467553
mail:0.05283302594544579
me:0.03736512691050154
on:0.017483062939285858
tell:0.04155215609693884
great:0.043469839460908224
a:0.004815531468435845
other:0.02378117220399846
also:0.025577536753095972
it:0.03546780307654882
not:0.020790000295722928
should:0.056648694559775156
ve:0.031467822397024725
cica:0.1003060122721704
sites:0.07853160985907755
heard:0.046597368265859904
anybody:0.052406812843322326
be:0.019946939901292114
which:0.02227400573306065
get:0.04532324052728008
of:0.0033524238890644594
but:0.011470400383627764
windows:0.04736564105902589
good:0.027931204333784466
email:0.04730859756841277
in:0.0030634431361119046
or:0.011626059615570436
and:0.0032913570214723265
subject:0.000460292360207212
i:0.009874071064416979
can:0.044718930643330004
andreas:0.11050195169027391
an:0.01548100238899546
just:0.02024807868044631
about:0.016983037591756407
is:0.009264573341057375
number:0.043142497386168245
desktop:0.08632445682016475
2:0.03359326813957601
