some:0.01242060505461015
manager:0.013925171418133325
pc:0.011818588872332919
confused:0.017136401093704883
characters:0.017957364926984055
out:0.0041779329754626235
effects:0.015254740628945412
there:0.0032545354098480403
rick:0.017066179011094317
allows:0.014654870160092778
i.e:0.01225013828714682
own:0.008037200835276578
your:0.01340353427852407
with:0.008295423784248898
ca:0.014585451036115752
from:0.003002029271028991
work:0.00718110802833441
both:0.007963489653575311
to:0.0029323386384911294
add:0.012185178781743682
look:0.008408398313035144
t:0.009135720053193056
100:0.011980539357556991
next:0.018995603005313298
make:0.0062414201537223536
that:0.0049206329848861955
think:0.005105489459321118
like:0.008259851514245908
really:0.00691984306096073
through:0.008402352106471016
nt:0.0050643868916484995
font:0.0707953211149137
re:0.0013260301516956402
lotus:0.021823478540450695
had:0.0054411648428444506
this:0.0018616398523809185
off:0.007742756907646632
best:0.008635376170076007
these:0.00587459564928703
you:0.015767347217268704
fix:0.015425670068015901
etc:0.00823519144488736
none:0.012845780966032956
them:0.005198082168554045
ta:0.016373594783006495
size:0.0127690678619357
apparently:0.013434968284580365
came:0.010704704725099101
m:0.004853952879844227
a:0.003961713832188355
richard:0.01324850182545666
same:0.020660567558815027
y:0.015118335377783015
want:0.020134020933108315
was:0.0031399330996503033
as:0.0028372842560887178
idea:0.009831121614399845
said:0.007771293718664653
character:0.03237578541340791
copy:0.012115645195260078
stuff:0.010366725364090858
cheap:0.013178124887967544
are:0.002279827594330587
works:0.010550092175711845
tt:0.04265573763143218
yeah:0.014022065404922525
it:0.008510595773687247
not:0.008551915015261913
cool:0.016279528278278024
choose:0.01409150173541581
should:0.005825574972459147
couple:0.011191460264732335
have:0.0018129454366938044
only:0.004728851908756335
ve:0.006472105315700121
whether:0.010132831861283066
buy:0.01066255718171619
attributes:0.021176948197209722
has:0.011327388020069691
seas.gwu.edu:0.04419987581472914
be:0.002051281053678976
which:0.013743535452314019
writes:0.007034706287420876
things:0.015849120057732265
if:0.0047528398564780795
of:0.004137033735441248
years:0.007907005046029763
version:0.033196495826229626
oh:0.011452894270005225
using:0.007817094250513903
beyond:0.013849518430633355
pattern:0.11081641307002972
windows:0.029225608313015974
they:0.003308225618821786
now:0.005857852474745547
atm:0.0709047507677988
called:0.019023081530898822
one:0.0034869181126795123
in:0.002520279459496319
point:0.015613730221702558
yes:0.00945690025001379
or:0.009564701527703338
use:0.01179276260813722
opposed:0.015876327615245323
and:0.005415566162989927
few:0.00810506205995137
for:0.0069223162321717865
subject:9.46700599007741e-05
adobe:0.10379638929001346
however:0.008500350724102528
i:0.0027077830814949636
games:0.011808050679463566
will:0.012056439839396643
program:0.029538653536000797
background:0.031397163122812856
reverse:0.017782931436945856
the:0.002940171315560136
thing:0.008028129202570768
when:0.004637143414339489
can:0.003065836852616005
maybe:0.009389762703341574
william:0.014438508082946869
bought:0.01298965868393071
an:0.003184035952346584
10:0.010249545240766541
just:0.004164498452006687
about:0.003492965178446353
including:0.022552962457661203
different:0.008961762049685275
entire:0.013224887314499296
is:0.005716438870014126
having:0.009279756710710501
new:0.012226947268677638
type:0.04596471645860562
does:0.012962646961037503
run:0.009492320668040406
define:0.015158708860850835
1:0.013890240368260344
fonts:0.07025179112481247
extend:0.019890049283417637
every:0.008624640166444666
article:0.005747041704373057
truetype:0.045229535459016354
give:0.008380270465801441
comes:0.010724029564700395
