some:0.0072517818331264226
wilson:0.062000871286974096
at:0.00547183237549336
there:0.005700490593646878
help:0.013292501366719235
all:0.011851774293742746
small:0.018563639132087025
thanks:0.012381283508796043
i.e:0.02145676395636896
your:0.007825665976281133
with:0.003632468178817064
way:0.01076007962451269
microsoft:0.02645716828409524
4:0.015430245367569434
from:0.005258212760435873
single:0.020195196711256986
to:0.0008560243230377831
receive:0.02659887435717705
software:0.034978706689208154
latter:0.028848468144442276
that:0.01077343557249928
like:0.00723378300315946
its:0.025687261565641863
me:0.013460728949124779
anything:0.01441764689639381
package:0.07243347266564353
complete:0.04600268137012146
pack:0.06399692571791167
bitnet:0.030312147653795807
programs:0.0877809223427209
on:0.0031491231381322355
you:0.0034521676360790175
am:0.010151157495039536
great:0.015659942166041472
3:0.014543266736879624
a:0.004336969334926693
sorry:0.019735507358624997
wondering:0.022353624235138488
price:0.019441889452446973
was:0.005499758596903016
question:0.013558919772342262
advance:0.01964907587997919
computer:0.03330065720702255
are:0.011979715185116004
internet:0.017742446851643515
it:0.0021295368306830553
should:0.010203802125673785
have:0.003175469646879831
date:0.022222355216045483
university:0.014598385724215238
charge:0.02556678667660767
disks:0.026768390768903805
be:0.00359292706296566
if:0.004162424967474591
of:0.004830822001633258
4.0:0.035114569319842276
but:0.004132193927021181
street:0.024770363231792582
seems:0.014636565772553279
latest:0.025877929194116467
sounds:0.0221285997736698
in:0.003310801898655102
point:0.01367413640534199
5:0.03228413524121345
office:0.15872773534983306
and:0.005928531280912886
few:0.01419644410500799
for:0.010104001953791117
subject:0.00016581960802495836
i:0.005928531280912886
we:0.008371080159714099
power:0.016781709814723864
any:0.006355821529744145
addition:0.024629593917648407
necessary:0.02238991166137593
than:0.008885722249810317
the:0.00468169571421772
do:0.004461601980785693
less:0.034147398218587297
can:0.0053699751083087785
maybe:0.016446665107716297
450:0.036715992358985754
put:0.015450057761160119
just:0.014588677807029639
makes:0.03469537741927918
about:0.00611811292125386
is:0.0033375481601324707
deal:0.04094801232000632
purchasing:0.0693219941053381
2:0.012101922683822415
1:0.012164744670339804
first:0.011661831238453671
update:0.026967963925318666
little:0.014567321129804123
documentation:0.027808226009311682
aware:0.025446566534042727
seem:0.017141071769538743
four:0.021789106528093002
s:0.0038536414960001135
