another:0.010033960770989045
selected:0.0447534896160192
some:0.0052829722856712865
manager:0.05330631230651943
at:0.003986267024680684
out:0.005331118095386697
help:0.009683677466252476
all:0.008634098014898563
send:0.013273063895367525
dos:0.015970825141375284
tried:0.028034968805761732
printing:0.06596597892505923
thanks:0.009019849072018839
with:0.005292555446059252
user:0.01711150897553401
into:0.008103185081368265
from:0.00766128737040883
wrote:0.01165418540585005
options:0.020475024473650755
my:0.004299612042218558
to:0.004365336706170052
job:0.03141618602071653
then:0.007221178053284178
appreciate:0.01737200604259952
been:0.006639096774757644
that:0.004709112562458961
nt:0.0032311246684273236
happens:0.03381065624234189
re:0.001692038474109369
tells:0.020031674209577435
so:0.00462357736373267
this:0.009501944585908037
off:0.009879897954553622
begins:0.024177786118510264
recently:0.014974260473247463
deskjet:0.02858253338418494
a:0.0018957069581625272
load:0.08137543659372969
as:0.007240852128660801
driver:0.01665061356781173
physically:0.024279473249062565
also:0.006712656704432428
are:0.0029091012742136903
results:0.016575039587640093
manual:0.053342951088906285
proper:0.018581575135935932
taylor:0.04908832393415779
it:0.006205528140089991
have:0.006940053572140084
being:0.008804542669344563
tom:0.034350481660405024
per:0.01600373355462904
after:0.008729473699841409
shows:0.03497026821375485
500:0.03773553968642118
regarding:0.017904960955071846
without:0.020336746468800862
anybody:0.013753824185125317
be:0.002617471751753264
if:0.0030323548405584134
of:0.0026394649624308414
mailing:0.01997174105686241
what:0.004164896393649915
ignore:0.020365457694824538
print:0.09946522694241455
using:0.009974753749524529
windows:0.012430801725898197
shut:0.021353558475646038
up:0.006079006200689524
bob:0.03333941189166607
in:0.0008039805515587806
point:0.009961701182172222
yes:0.012067175884632983
or:0.006102366133059596
use:0.01504777853165021
message:0.029387510303707887
and:0.0034551802216361074
gets:0.01510097892485432
for:0.0014721668005071222
subject:0.00012080070991863483
until:0.012946451245993865
i:0.005182770332454161
similar:0.014320173248265617
any:0.009260518246957533
flash:0.024883687695327374
the:0.00954981189126402
do:0.0032503073253687636
hello:0.01750810312512114
apps:0.023933138058463768
tries:0.023352801698628117
return:0.016698496415461218
problem:0.02871808088749662
just:0.010627950800596253
address:0.028894310895326798
busy:0.04621630727716324
is:0.003647139731547474
move:0.01600373355462904
either:0.02265667608247383
envelope:0.11487045866162086
select:0.021435090174753178
3.0:0.020917396278021305
having:0.011841137522264079
printer:0.17698366332602028
does:0.005513524046776133
light:0.01580187640636332
insert:0.023480271730151627
icon:0.025380062886532915
sends:0.026928869250725823
loaded:0.02111742384591495
instructions:0.0218663579566732
already:0.013148354395010642
dumb:0.023269773921848945
hp:0.019573065638263915
online:0.02291392266701133
seem:0.012487387126225059
s:0.002807403985773839
