manager:0.02671359414907209
at:0.00599295926839749
out:0.016029620395652516
say:0.03872540763811313
agate.berkeley.edu:0.03995107815625109
stephen:0.055396724889673704
know:0.008393708337811577
all:0.006490257351335314
take:0.014460878437657846
split:0.03243487474345038
much:0.02377138598040723
c:0.017592501329448704
microsoft:0.028976898596866217
someone:0.014989510984102176
such:0.013081749683454411
from:0.005758994928096432
my:0.006464042594083682
to:0.0028126513471241443
everyone:0.02079940651369458
look:0.016130396763781703
basic:0.025984032718095237
make:0.011973336621426555
that:0.004719790822237779
like:0.01584542943549215
really:0.013274800974087932
re:0.0025438129440691873
file:0.041339943979025975
mean:0.03596492594326341
telling:0.029211049779767434
personally:0.02665880683745919
drag:0.03549746659344736
on:0.0034490396274781624
disclaimer:0.025537792701184944
etc:0.015798122363661467
them:0.009971831098858781
apparently:0.025773204464297025
m:0.0093116647082726
why:0.012106956327578274
a:0.0028500084200946837
how:0.008948047600198124
want:0.012874816106885588
minority:0.03374352707438545
launcher:0.04221438260404522
copy:0.0232422581296826
l:0.02248272502553308
os/2:0.032184439552139385
results:0.02491893706713238
no:0.01531626851948993
those:0.01262527655977932
place:0.01849950760079201
it:0.00699704958653004
not:0.004101428629768468
have:0.01043368598260516
be:0.0039351105927719135
writes:0.004498383612364369
things:0.03040443439646598
what:0.006261510904738987
bach.udel.edu:0.04221438260404522
windows:0.01868848422737076
up:0.009139186192873365
one:0.006689189848813758
in:0.003626116365193683
and:0.0038958919845998963
complain:0.034622518444997745
subject:0.00018161195164638296
cause:0.04290477732438186
i:0.014284937276866288
seperate:0.038458814016970114
buttons:0.039107182587067565
actually:0.01662798725919105
program:0.018888662805333845
flames:0.03042491411151952
the:0.0025637857482620854
do:0.00977303291029247
thing:0.030801801838434784
hate:0.0547753638443242
push:0.03265085228300535
simple:0.022443459571130888
just:0.02396711354012012
people:0.01023995333383073
many:0.012606809711415602
about:0.006700790342325656
f:0.025280484478958146
is:0.0036554098896688964
figure:0.02511903152431805
easier:0.028412746356521093
does:0.008289039553316498
trouble:0.05190233853456238
icon:0.03815642107431138
first:0.012772481832592116
too:0.026564868950537366
although:0.021494826236426925
article:0.005512468573582319
little:0.015954685046928326
bad:0.018643544535689685
blame:0.030456628486388984
everything:0.021018112135532334
s:0.008441309943619297
confusion:0.035235791213666434
icons:0.039699096716248716
