some:0.016444181339906397
fast:0.049039407393634334
there:0.012926464585593626
stephen:0.057347313794239685
with:0.008237005306895032
someone:0.03103462133328197
drawing:0.06680611231967372
to:0.003882251155185439
everyone:0.04306355996497329
then:0.02247718802501131
us:0.02901234346739431
might:0.029958945575752762
that:0.014657941919766625
like:0.016403367091671454
re:0.0052667676447629656
so:0.014391698554717185
mean:0.03723129657506846
something:0.028037483340331307
on:0.021422908108702392
tell:0.03394401483975286
machine:0.09162815082603794
disclaimer:0.052874021508087135
etc:0.032708788555749796
a:0.0019669072195019647
how:0.018526239397593302
same:0.054706854944467954
load:0.06332384326483895
running:0.04264028749924932
video:0.04923536891359187
l:0.04654874054582201
are:0.018110179763414804
results:0.05159272885730226
no:0.015855573749049435
real:0.036022448647862644
if:0.009438738306526891
what:0.012963973281642694
ok:0.04596970690860468
huge:0.06053412616959818
bach.udel.edu:0.08740160905344574
or:0.009497344474691343
world:0.03551057308074193
word:0.04322361290371012
subject:0.0003760134773523704
i:0.005377428373109717
any:0.01441249670829306
the:0.0053081197886553026
see:0.02492092621705882
different:0.03559460419734152
is:0.007568243011004617
cards:0.11084556237611555
tests:0.13260005536537384
run:0.07540378671513788
blame:0.0630580899647772
everything:0.04351637301300357
