above:0.02127075023537926
24:0.028617841788034847
go:0.015198689467141618
cs.ulowell.edu:0.046987960984624516
bbs:0.031617520716841103
there:0.007170148324821464
know:0.009639649419205483
dos:0.027574627783155763
with:0.0045689638811683385
c:0.02020388824553875
ca:0.01606678590697126
to:0.004306872375283846
franklin:0.09696116004366637
vice:0.04209963364271504
hour:0.036372770286564673
like:0.00909874268366151
nt:0.005578738685331551
anything:0.01813469648687034
re:0.0029214101779544573
this:0.004101425299776711
bus:0.031617520716841103
two:0.014568667442603996
on:0.019805032235909764
you:0.008684359209511279
used:0.015425496158881762
am:0.012768252786729418
support:0.021398096168230515
modem:0.033307582629178205
a:0.007637131938222473
other:0.021551687309873606
same:0.015172604301004785
therefore:0.02681973062933489
also:0.011589821341246613
computer:0.020942991446604026
are:0.005022745168759574
no:0.008794888563925858
it:0.005357116089687062
not:0.004710234441999726
being:0.01520159320254022
robert:0.02496415647623206
mouse:0.2037155708075546
greg:0.03421303591793299
writes:0.010332224859649412
get:0.020537093363923786
if:0.005235550154401635
of:0.0015190670747323332
com1:0.2503559842982768
lines:0.02760298534605091
fact:0.037472923884825614
windows:0.06438766831461332
accept:0.027907124770802604
in:0.005552490684202827
or:0.026340291316526772
use:0.05196186024210463
and:0.007456980751773239
subject:0.00020856997571889294
i:0.0029827923007092957
gregory:0.041744458845240376
possible:0.020132590804410797
will:0.00885394800705691
bcstec.ca.boeing.com:0.09696116004366637
than:0.02235314503467908
joseph:0.03190780178627931
the:0.0023554781562157906
see:0.013823326261024813
would:0.007286325360190438
problem:0.016527853844106127
is:0.0020990048975833117
either:0.01955908364932311
having:0.020444464003284073
new:0.01346874660065271
applies:0.03720075029325445
irq:0.044783019830841576
advice:0.030389508345572254
article:0.006330725627473445
ports:0.038461870911663344
s:0.004847158444187643
