screwed:0.024187781024872693
bottom:0.020393246035677368
basically:0.017837302492035845
mode:0.01740629657490105
characters:0.046036153721904574
large:0.013609245999488978
at:0.008008772840494827
out:0.0053553504503657265
there:0.004171722661714307
know:0.005608523298446826
story:0.016341170581875473
delete:0.0486769457526263
document:0.06211136416127042
thanks:0.009060848385982558
where:0.008397530901062553
text:0.016438926060152577
with:0.007974918774402918
frames:0.026609619799803447
way:0.007874421907029742
into:0.008140017740829028
work:0.009204874836319562
to:0.005011633309421203
wrap:0.028328102226712764
line:0.025670943170963533
then:0.007254001589890014
enough:0.011055220576988163
been:0.020007823462110535
counter:0.024547496118321438
helps:0.019227146800604375
me:0.00492540309274793
re:0.0016997295580825932
lotus:0.05594746316733724
so:0.004644593624476909
anyone:0.007604157952915414
this:0.009545135243116709
ti:0.01722118661932574
hi:0.014322803000065476
these:0.007530163514086102
certain:0.014983249962547768
on:0.0023045855692694996
set:0.012042793564208731
you:0.005052718085533835
fix:0.03954580871982258
used:0.008974834128803934
them:0.0066629962342374584
m:0.0062218850550730545
a:0.0038086476159447137
ascii:0.023947224654625683
immediately:0.01919408880365401
whole:0.01359961579557859
advance:0.01437955098489386
are:0.008766973385471256
kurt:0.10857998893842075
it:0.003116867543090654
reported:0.01876985271368938
have:0.009295465693593687
frame:0.06589725147851969
try:0.011074498510651785
only:0.018184585067308454
able:0.011988478300503041
hope:0.013129370625636568
placed:0.02070378805375681
has:0.009679767944423191
screen:0.01699230531866385
writing:0.018192994296125607
writes:0.0030057381409889197
if:0.009138414814955581
of:0.004419104217403151
ucsu.colorado.edu:0.04976047772776374
unfortunate:0.025495426808744424
least:0.0109439199213931
beyond:0.017752564533811847
who:0.00587751306469931
up:0.006106638047056294
pro:0.020458027957073736
one:0.008939190070687476
rest:0.014848321970330949
in:0.0008076350086113203
point:0.010006981642091184
or:0.009195156241405709
use:0.022674266287463836
and:0.0052063283794198615
subject:0.00012134980405462862
space:0.027795570522846393
cursor:0.02556178498793148
editor:0.02098797149458105
i:0.003470885586279908
experienced:0.02321319070057517
the:0.006509685086269094
thing:0.010290601977840711
when:0.017831924220596398
equation:0.1671689546131834
nuts:0.025495426808744424
around:0.021519949392305778
once:0.012195596340567754
page:0.019112480605396758
moral:0.018246158113231024
an:0.004081355175280622
problem:0.038464823491737896
about:0.00895469254838065
previously:0.021615927578584767
is:0.006106196065696907
save:0.01646595560191497
today:0.012905119389992512
3.0:0.021012475352012307
having:0.011894960874638006
touch:0.0217008918195491
else:0.011484328296991166
right:0.008817607244501362
patch:0.0240419250496386
does:0.005538585519716023
expected:0.01886076483508333
goes:0.014650123618139438
ami:0.05410254640373096
although:0.014362452076157991
occured:0.026444312326299468
repeatedly:0.023854457056302014
already:0.013208119642260688
occurs:0.0217008918195491
past:0.015015974758651652
going:0.009899162200225829
by:0.004501979430987118
