since:0.009053491508613943
pc:0.030161466624415236
ask:0.01318806599256275
week:0.015601080562921194
characters:0.02291392266701133
at:0.003986267024680684
out:0.005331118095386697
there:0.004152846088584378
know:0.005583145364969692
posting:0.014928455008851768
all:0.0043170490074492815
knowledge:0.016727471243674824
thanks:0.009019849072018839
where:0.00835953302368218
fax:0.013840015112594523
with:0.005292555446059252
lan:0.056647796054886186
programmers:0.026012469865606028
post:0.011685872418240636
longer:0.015358420852371836
via:0.015467110310478033
to:0.005612575765075782
platforms:0.07379702925687937
then:0.007221178053284178
us:0.009320707629796364
software:0.012741112617562248
enough:0.011005196954467857
that:0.007848520937431602
control:0.027598500180461755
like:0.00526986001587635
id:0.021220854334946852
could:0.006828548214145057
responses:0.020072075253669296
uunet.uu.net:0.027314198700229476
so:0.00924715472746534
anyone:0.007569749998377336
charles:0.093127888120675
voice:0.016409476477086734
had:0.00694302482209111
this:0.004750972292954019
these:0.0074960903760133155
recently:0.014974260473247463
on:0.0045883151605365605
you:0.005029855107771239
used:0.017868448039247652
moment:0.019042130313808976
assume:0.015708093010358266
great:0.011408374157161436
working:0.014337280591432612
support:0.012393467463952517
why:0.008053043349113153
a:0.004423316235712563
as:0.0036204260643304003
services:0.018084441753227643
mac:0.0776308175296637
advance:0.014314485143333257
across:0.017462281094270782
files:0.04492278141974239
product:0.036116723282774287
are:0.01745460764528214
no:0.010187744218846244
co:0.0206560440872874
requires:0.018163596311813694
it:0.0031027640700449955
not:0.0027280995863165833
have:0.006940053572140084
only:0.006034100625652881
always:0.012022425782799582
doing:0.01212987739893808
has:0.00963596808947105
be:0.002617471751753264
if:0.0030323548405584134
end:0.012236350237898232
of:0.0035192866165744555
trying:0.012200580194879622
department:0.015692649695443154
seen:0.011730610364807027
what:0.004164896393649915
but:0.006020662644800093
result:0.015995483986477387
version:0.028239553010548278
using:0.009974753749524529
together:0.016103919644571182
alone:0.01737200604259952
they:0.004221355767003366
who:0.00585091798295859
up:0.006079006200689524
net:0.015000644728047434
now:0.0074747257822545
one:0.0044493706234191065
email:0.024831662072108063
in:0.0016079611031175611
ours:0.024883687695327374
5:0.011759605823156938
system:0.010114128186617761
or:0.003051183066529798
and:0.004318975277045134
for:0.005888667202028489
subject:0.00012080070991863483
each:0.011520404512943961
until:0.012946451245993865
i:0.0034551802216361074
we:0.024393554854551493
any:0.009260518246957533
allow:0.015865496250563767
will:0.010256156967450539
suggestions:0.017904960955071846
filter:0.02365601758226142
the:0.003069582393620578
do:0.0032503073253687636
would:0.004220134145268671
come:0.010865129748730357
development:0.03517885097788419
ny:0.01900992457729828
solutions:0.021300008893532903
problem:0.009572693629165541
transport:0.026489214280347326
people:0.006811190679063881
about:0.004457086788786749
is:0.001215713243849158
deal:0.02983090490281004
white:0.01537995088606603
new:0.015601806017045675
multiple:0.03885994857579922
lack:0.017554393931685914
spent:0.019646344760073785
time:0.007147103936215899
build:0.016885217479721062
unless:0.013927879754481861
strip:0.024279473249062565
opinions:0.012921312920905169
understand:0.013557272682966758
process:0.01636454177933741
by:0.0044816084833355935
mine:0.014774837306787268
share:0.036932570314396895
