seemed:0.0639254984292984
some:0.01768995265353567
pc:0.05049760699996793
at:0.026695909468316095
tried:0.04693733413691926
wonder:0.055914662239650435
from:0.012826852339851145
liu:0.09402294307264618
my:0.014397185777731839
to:0.01044090272796084
connected:0.06886034902989388
that:0.005256130688401164
could:0.022865290232212992
me:0.016418010309159767
so:0.015481978748256365
file:0.04603766488573347
getting:0.041093963215525546
on:0.007681951897564999
you:0.008421196809223059
a:0.0021159153421915077
how:0.01992974238225946
same:0.0294256568261911
was:0.026832155578829866
as:0.012122941821469977
advance:0.047931836616312874
files:0.10028216862386938
it:0.010389558476968848
not:0.009135000129938863
network:0.11131786878877506
sun:0.05497715612270972
anybody:0.04605447189261659
which:0.01957412625026542
but:0.010080048821975914
in:0.002692116695371068
system:0.03386700498852311
use:0.025193629208293152
and:0.0028924046552332564
subject:0.00040449934684876206
i:0.005784809310466513
impossible:0.062367464468694477
the:0.004568200060539715
do:0.010883604831916617
thank:0.05500748949650779
home:0.04438428866456589
just:0.017793766113119485
is:0.004070797377131272
multiple:0.06506097450948202
time:0.02393196924096536
slow:0.062220122803664256
transfer:0.06886034902989388
very:0.026412765027021928
give:0.03580661017206071
hints:0.07876832580878274
