help:0.08231125846314605
with:0.02249336064575182
to:0.005300766000349349
that:0.013342485593633725
re:0.014382327029929637
file:0.2337296832660315
this:0.02019163224505458
you:0.021376884208027764
names:0.15757296969157228
as:0.0307736215468084
ip:0.22175242148520438
requires:0.1543905686504164
be:0.022248509889902745
host:0.18410979219895096
using:0.0847854068709585
in:0.006833834688249634
subject:0.001026806034308396
addition:0.152514023874669
the:0.011596200153677738
address:0.12280082130513888
is:0.010333562572717843
carol:0.242951533765572
