andrew:0.09184044290663411
know:0.03009451525995858
thanks:0.09723837292273967
with:0.028528164721441335
c:0.0630755535470478
microsoft:0.1038927827741301
1.0:0.13381442867881566
work:0.049392011316836675
to:0.003361461366075197
that:0.008461088425231142
re:0.009120500067760258
anyone:0.04080279877174125
foundation:0.12135526712354756
this:0.025608899432752148
2.0:0.114385580683494
borland:0.14723019299391985
assume:0.0846704525680287
nyx.cs.du.edu:0.11466919136630178
classes:0.1265643915210612
be:0.014108811149694422
if:0.016345132189351446
andy:0.10931239601979531
3.1:0.09564687763115164
what:0.02244980739016174
using:0.05376635557670539
or:0.016446620919587446
for:0.015870676239613368
subject:0.0006511452900492268
i:0.004656066030375486
info:0.07183891364371701
will:0.027641593778128887
the:0.0018384219755830562
needs:0.08169137957730115
is:0.00655299089977229
done:0.06460155003465118
else:0.06162322500824529
does:0.029719239374085982
