characters:0.17957364926984057
out:0.008355865950925247
help:0.015177962553487922
case:0.017529156789409615
codes:0.11700627618441167
text:0.02564938817896147
with:0.008295423784248898
further:0.025161946106960188
funny:0.031920327308909376
from:0.006004058542057982
to:0.001954892425660753
then:0.01131830035301988
keyboard:0.03223250380122692
next:0.018995603005313298
been:0.010405960193059852
that:0.0049206329848861955
problems:0.01945442011270761
national:0.023079247694946903
this:0.003723279704761837
reply:0.02546947886067478
these:0.01174919129857406
on:0.010787421813601913
used:0.01400328729316926
am:0.011591037990789827
working:0.022471907877351822
specified:0.03714844125200668
support:0.019425222053429118
a:0.0009904284580470888
how:0.009328815583185279
same:0.013773711705876683
as:0.022698274048709742
character:0.06475157082681582
entering:0.037291722864187665
fine:0.02297274168737986
variable:0.037663127016792745
foreign:0.031303225344443915
files:0.023470294784309852
setup:0.031303225344443915
are:0.004559655188661174
those:0.013162522370833759
it:0.0024315987924820705
not:0.004275957507630957
have:0.007251781746775218
involves:0.03714844125200668
be:0.012307686322073857
found:0.01896823053373757
get:0.00932180124319945
msdos:0.08277683996153988
of:0.0013790112451470826
gives:0.02579095372905039
4.0:0.040095359294287994
what:0.006527958177281072
but:0.004718320725180214
reading:0.02330724855576589
using:0.015634188501027806
windows:0.038967477750687964
please:0.013584506077342231
investigation:0.035287701787698224
up:0.009528087732995636
code:0.02298235822930281
in:0.0012601397297481594
office:0.02589175824855433
and:0.005415566162989927
few:0.01621012411990274
for:0.004614877488114524
subject:0.0001893401198015482
i:0.005415566162989927
we:0.009558467416411134
will:0.016075253119195523
than:0.010146108384535186
the:0.008018649042436734
around:0.016788613001089615
can:0.00613167370523201
page:0.02982089172473253
an:0.006368071904693168
problem:0.01500400916344386
different:0.01792352409937055
language:0.05784268510264098
is:0.0019054796233380418
days:0.021122359039362923
under:0.01721505976670666
show:0.02134800474989243
e-mail:0.019501388486895508
workstation:0.18869900090326217
project:0.02731656635044717
by:0.021073095208875875
data:0.04162192373341578
mike:0.022662496659274493
seem:0.019572429467345658
appear:0.028004947292597036
news:0.021765081674917863
