say:0.028750681428296114
know:0.018695077661489423
thanks:0.030202827953275196
with:0.008861020860447688
from:0.012826852339851145
florida:0.07737730233525057
my:0.014397185777731839
to:0.002088180545592168
harris:0.08814770775433158
ftp.cica.indiana.edu:0.08986480904686192
bay:0.07262491507987115
anything:0.0351703204593849
michael:0.04552568487384378
anyone:0.025347193176384716
oak:0.1791295384786881
phone:0.04450525948802377
had:0.02324861341942629
this:0.007954279369263925
on:0.007681951897564999
card:0.09275479837921945
m:0.041479233700487034
a:0.0021159153421915077
j:0.046274676659528224
driver:0.11150865449958763
vga:0.13667823058350495
based:0.04577125775606883
computer:0.04061671068432296
it:0.005194779238484424
not:0.009135000129938863
ve:0.05530708178871013
p.o:0.0697978551468346
if:0.010153794238839534
available:0.04092520951233682
using:0.033400311797650316
good:0.02454560380847726
box:0.04800816682888799
email:0.04157422210557486
and:0.0028924046552332564
for:0.004929528225940515
subject:0.00040449934684876206
however:0.036319680366619894
i:0.011569618620933026
faster:0.11819094022407067
stupid:0.05851039683737201
the:0.0011420500151349288
drivers:0.05958035997697736
an:0.013604517250935406
is:0.004070797377131272
today:0.04301706463330838
does:0.018461951732386746
downloaded:0.08927055581726674
luck:0.062466494332024565
corporation:0.07195985154112532
going:0.0329972073340861
mike:0.09683066754417284
