report:0.08827274938313384
believe:0.05052725303093815
there:0.021343697339003428
thanks:0.04635782895153867
specifically:0.09411727097106189
microsoft:0.19812112063903878
my:0.022098006077448867
2.00:0.14831080231910015
memory:0.0786426099108678
depth:0.12228216101977815
aw:0.2818098031908266
hi:0.07327945720963731
directory:0.09803440206582317
am:0.038007822248868964
more:0.02956788432141223
a:0.0032476840135962676
explanation:0.1072556229224755
mapping:0.12881477463527588
found:0.06219815128504645
of:0.004521874082924155
what:0.021405630302247236
windows:0.06388853910287212
in:0.016528344362278184
feature:0.10988619976986692
for:0.007566252625862186
subject:0.0006208594626050766
i:0.01331851445898104
any:0.023797378285786215
the:0.0035058279534374557
an:0.02088135205957527
interested:0.06690874919569581
is:0.012496401250728553
ver:0.1409049015954133
documentation:0.10411917180230654
