choice:0.03252036788378054
there:0.02373566342009864
with:0.00504161531715127
much:0.015062041978964925
from:0.007298036676122203
several:0.024296994586787902
name:0.07143704756457546
to:0.004752410896864934
archive:0.04183334323915773
speak:0.030908903574468915
been:0.012648624027771027
that:0.011962228463257821
like:0.010039991926798907
nt:0.01231169916762825
re:0.0032236250239497458
package:0.06702177643200348
zip:0.052430174886443706
programs:0.03045846658874583
something:0.017160873423823473
on:0.0043707657348214645
you:0.004791370598351051
etc:0.02002003437463996
a:0.0036116486013268835
want:0.01631549972165674
exact:0.036818503192614385
desired:0.04707822213661337
it:0.011822601025516275
have:0.022036664359812625
desk:0.046159172696455975
only:0.011496002054045574
tom:0.06544359005990957
peace:0.03320375737425044
between:0.020024705569365565
able:0.022736769190609216
cica:0.0501530061360852
has:0.00917909029212544
convex.com:0.09271021179080086
be:0.0049867349753230285
writes:0.005700537853599676
of:0.0033524238890644594
3.1:0.033806223990320836
what:0.0158696914309764
but:0.011470400383627764
seems:0.02031454387397481
fact:0.020674716626110683
windows:0.023682820529512944
called:0.023122883584971842
in:0.004595164704167857
5:0.022404076611359337
and:0.0016456785107361632
for:0.005609463153656448
subject:0.000230146180103606
each:0.021948356873798407
i:0.0032913570214723265
we:0.011618481945810086
top:0.029152001949718235
don:0.03843625292872366
allow:0.030226505787712
blah:0.054204761560617404
will:0.009769873662959347
yet:0.022673006402466927
the:0.0032489353878838493
do:0.012384791705284426
can:0.007453155107221667
wars:0.0415449989799548
myself:0.02873139708618865
people:0.012976492586837219
jerry:0.04207117045052694
is:0.009264573341057375
done:0.02283330647776464
handy:0.045241211658503824
multiple:0.07403490202803126
ideal:0.046555596086471696
article:0.006985628278591388
by:0.00853823685187212
s:0.010697177256138246
