tried:0.05078465660715854
fax:0.05014169409644901
to:0.011296714426974021
otherwise:0.058252210354295675
software:0.04616042440133208
that:0.005686961072696341
like:0.01909244366407661
id:0.07688211160693859
re:0.006130172176691321
uunet.uu.net:0.09895799856968383
charles:0.26991820688090723
voice:0.05945072625305194
these:0.027157966772113816
you:0.018222917685531866
services:0.065519043073169
are:0.01053953084592173
licensed:0.08973200901727889
co:0.07483583185722156
it:0.005620580815409376
not:0.009883770632392867
have:0.008381157592584473
screen:0.06128372410009915
be:0.02844891428544941
3.1:0.06428724562093799
windows:0.045036183302024614
alone:0.06293792353138515
in:0.002912781998270336
subject:0.0004376550310166934
i:0.006258974008045736
ways:0.058497350512772044
the:0.0012356606721132017
would:0.04586801538218243
can:0.014173212990782186
simple:0.05408505831075805
ny:0.06887202182922819
an:0.014719641615766176
about:0.01614780623478478
is:0.004404469293289573
white:0.05572080566919004
pirates:0.09424189902129397
unless:0.05046002337279494
designed:0.06441962945709448
change:0.09744292157083566
opinions:0.04681328123803348
data:0.04810402660993135
mine:0.053528508931147314
share:0.06690244294657141
