tried:0.02647747053877497
name:0.04721764967231199
to:0.009423584000621066
otherwise:0.0303708105265986
software:0.024066546055395356
that:0.008894990395755815
think:0.01230553869682526
re:0.006392145346635394
charles:0.03518164662336612
math:0.04171158779710364
this:0.008974058775579812
on:0.004333408762728974
you:0.023752093564475295
fun:0.03518164662336612
a:0.0035807798098625512
science:0.028902839539891586
computer:0.022911990642438596
no:0.00962175842891034
internet:0.024414820026620567
licensed:0.09356671025733354
it:0.014651941441879144
not:0.015459230989127304
have:0.0087393267204727
university:0.02008837693674063
robert:0.02731121392271542
screen:0.031951343334239726
topic:0.03732168248367113
be:0.019776453235469105
writes:0.005651815307842414
if:0.005727781365499225
even:0.014351790151846375
3.1:0.033517281904933485
but:0.005686181386755643
windows:0.02348040326002993
find:0.018089288356182825
over:0.01714479275657571
in:0.003037259861444282
yes:0.02279355444875119
sir:0.045207038554876004
and:0.003263225764878546
subject:0.00022817911873519915
editor:0.03946456178468232
i:0.006526451529757092
we:0.011519178681315984
will:0.009686370469258842
ways:0.030498618643411066
the:0.0032211667093549274
would:0.023914093489855796
can:0.014778905853636127
once:0.02293189055491373
promote:0.04615768500880955
simple:0.028198192794497787
mr:0.028862869045157384
an:0.007674343064630229
here:0.015388041928405096
address:0.027289071401141975
about:0.00841894171215275
is:0.011481736191908714
write:0.02781345235032063
disk:0.029922897297434886
pirates:0.04913466530170028
designed:0.03358630253745951
change:0.10160714898839275
article:0.006925922053988043
going:0.018613809265381902
data:0.025079877121417203
wish:0.031932286451100675
include:0.02873096814738976
s:0.005302874195350585
