bbs:0.06745071086259435
know:0.020564585427638362
menus:0.09756860593261264
from:0.01410953757383626
post:0.043042963407186344
to:0.0022969986001513845
nt:0.011901309195373974
anyone:0.027881912494023185
had:0.025573474761368918
this:0.008749707306190317
recently:0.055155192743128155
am:0.027238939278356092
a:0.0023275068764106585
sorry:0.05295694474564374
running:0.05045767354077836
driver:0.1226595199495464
wondered:0.09372654495574877
no:0.018762428936375163
it:0.005714257162332866
delivered:0.0930070087579953
try:0.04060649453905654
mouse:0.14486440590759436
anybody:0.05065991908187825
if:0.011169173662723488
of:0.003240676426095644
3.1:0.06535869971462029
seen:0.08641549635407843
distortion:0.10175717973729441
but:0.02217610740834701
version:0.05200784346109308
latest:0.06943911000421252
email:0.045731644316132344
in:0.0029613283649081745
indication:0.08729883694221569
system:0.037253705487375416
or:0.011238524295051422
subject:0.0004449492815336383
cursor:0.18745308991149753
don:0.1486201779910648
the:0.006281275083242108
do:0.011971965315108277
drivers:0.06553839597467509
gateway:0.08043034276176848
win:0.056491256727139026
else:0.04210920375563428
diamond:0.25034092477847775
going:0.03629692806749471
s:0.010340604680933639
