above:0.055564408778133574
read:0.046265368610161665
at:0.01797887780519247
know:0.025181125013434728
case:0.05044104300626032
thanks:0.040681360100329855
where:0.03770319996395432
to:0.005625302694248289
famous:0.10267175606425745
format:0.16408385743012302
its:0.04220050114355449
anyone:0.034141117339620226
file:0.062009915968538956
a:0.0028500084200946837
advance:0.06456124931993162
files:0.1350739414117424
are:0.013120640440841337
museum:0.11872956554665068
regarding:0.0807550279810383
which:0.05273029928642929
trying:0.055027106593232566
find:0.043192790564763064
pro:0.2755571112585442
wax:0.11947176236646445
in:0.007252232730387366
po.cwru.edu:0.09730462423035113
stores:0.11069917948417213
and:0.0038958919845998963
still:0.04166753229039892
subject:0.0005448358549391489
we:0.027504977667632036
information:0.04977186294864826
program:0.056665988416001525
the:0.0015382714489572508
would:0.01903366624702808
can:0.017644203927300272
3.0:0.09434172607025934
write:0.06641171275484721
created:0.07751214466295961
by:0.020212968873819716
s:0.025323929830857888
