out:0.012401864200846945
there:0.009660831427127868
help:0.022527291789913653
ca:0.021647879958866537
service:0.03834306556292992
from:0.00891128688873869
wrote:0.027111315523082748
my:0.010002255382424224
to:0.0014507359579903482
might:0.022390369851352062
510:0.0610531487861735
that:0.0036516276361523874
v:0.08098206976635815
could:0.015885359529747973
me:0.011406196635837312
re:0.003936215818717585
oakland:0.05935166087505333
anyone:0.03521925788718718
phone:0.030919443433784936
93:0.0770740104379874
contact:0.03663233998926913
617:0.05482496225569892
directory:0.044373466198214695
on:0.005336935002518841
fall:0.08211160057672277
consult:0.062432393653609336
more:0.013383358166533956
was:0.009320643516856691
as:0.008422254318073879
coming:0.036596104787258894
usa:0.03836443880030237
avenue:0.05601380868917887
no:0.01184995511771063
recognized:0.05262014016907834
508:0.06087007781025909
have:0.005381585401554241
between:0.024451219432067427
always:0.027967958926302182
be:0.012178131729209922
asked:0.03549790419724664
get:0.013835515529380235
ave:0.05503136721768182
of:0.0020467430059551437
interface:0.04444946880846192
available:0.056864501638194315
up:0.01414168810897247
direction:0.046506846158311896
one:0.010350641134480237
email:0.028883143778609902
in:0.0037406253030419045
point:0.0231740627501059
5:0.027356556704396663
or:0.014196030688486006
and:0.00401892015253463
for:0.0034247248727586736
subject:0.0002810205988633505
finland:0.0570974715234151
300:0.043784427738761594
i:0.002009460076267315
group:0.028390694050596264
appreciated:0.03562907493869729
info:0.06200832546089258
any:0.0323143347249097
information:0.025671802994565944
the:0.0031736968841644337
would:0.009817364695835537
ma:0.04222334658144754
number:0.05267925996626859
right:0.02041972203989789
does:0.01282619804565816
20th:0.06087007781025909
automatically:0.04961264934313642
massachusetts:0.05904204103077656
first:0.019763735046221486
psuvm.psu.edu:0.05262014016907834
november:0.05648172197939817
by:0.010425636577022801
96:0.05967066455395153
s:0.006530908219537035
