at:0.007660565325690705
bbs:0.035191675232657926
there:0.01596137366221126
know:0.021458697837535685
thanks:0.017333796912314462
where:0.01606484172377184
fax:0.02659689860768165
with:0.01017091090068778
stop:0.028903940126788152
ftp.cica.indiana.edu:0.05157458606167727
mail:0.026646221781181357
that:0.0030165619602997985
nt:0.0062093787106299
re:0.00650331309179427
voice:0.03153473305596668
this:0.0045650646814906
bus:0.035191675232657926
directory:0.036656341642003445
mn:0.049845448159545405
you:0.014499104071531873
card:0.026616594317515146
a:0.001214351413779474
as:0.006957514436669725
local:0.026577247407964803
driver:0.031998135639012104
also:0.012899975058083187
ultra:0.04656055680685994
clinic:0.049704052325877754
no:0.009789093358108781
internet:0.024839425592300922
releases:0.049704052325877754
it:0.002981351562956278
ftp:0.032985799541644135
have:0.004445657505631764
tom:0.0660126647560827
site:0.03396142780381397
b:0.026616594317515146
has:0.009258908468578705
ati:0.17855896352030257
anybody:0.052862524259351215
be:0.005030097888151924
structure:0.04005789947557464
noticed:0.07054266123746653
found:0.023256700045713022
writes:0.005750107747978803
get:0.022858677831149955
were:0.01348959389106347
ux4.cso.uiuc.edu:0.04956491892286522
if:0.005827394954464429
of:0.0016907877005716404
never:0.01916468896401618
street:0.03467850852450961
latest:0.07245820174352612
windows:0.023888758099334797
pro:0.039137096961358454
in:0.003090081772078095
thomas:0.032034826208948694
edges:0.05249076445870186
and:0.004979966275966824
for:0.002829120547061513
subject:0.0002321474512349417
i:0.006639955034622432
rochester:0.048648740525840645
we:0.011719512223599739
news.cso.uiuc.edu:0.039874826352115235
the:0.004588061799933366
do:0.006246242773099971
when:0.011371082111684661
around:0.020584299418727265
can:0.007517965151632291
drivers:0.06838789145183488
last:0.018957935235299983
garbage:0.046367312139166804
is:0.0023362837120927296
move:0.030755001004982758
else:0.021970019350765712
window:0.030321676015870797
does:0.010595554907282829
first:0.01632656373383514
article:0.007046372872318269
release:0.03455481295119355
past:0.028726212581768377
going:0.018937527687388545
59:0.09180438627918604
checked:0.039137096961358454
200:0.03614021779288011
s:0.00539509809440016
