24:0.029304669990947683
technology:0.02694134148653554
help:0.017120741760334377
tel:0.032523584634387016
thanks:0.015947093159329306
fax:0.024469146719067116
wonder:0.02952294166253543
with:0.009357238028632758
much:0.01397757495647945
followed:0.03555950160802624
creation:0.03631836395569566
to:0.004410237312290659
value:0.02987082255805334
centre:0.040054547964556445
make:0.01408064386679763
bytes:0.04106856160966959
me:0.008668709443236357
australia:0.0371127497235539
anyone:0.01338331799713113
chen:0.2692317071003411
on:0.00405607060191432
set:0.02119531667300737
you:0.004446391915269775
tell:0.019280200428979623
used:0.015795708066694926
specified:0.041903441732263534
size:0.11522806838610777
a:0.004468813202708464
same:0.0155367468042289
are:0.005143291052809805
manual:0.0628735583501242
supplied:0.04409893649787762
not:0.009646560137215439
zero:0.03706891399743689
whether:0.022859668679054597
university:0.01880272081278923
which:0.010335138660140143
g:0.08484004706427606
get:0.010514991802328979
if:0.005361203358107274
of:0.006222098738103637
but:0.005322265778003282
up:0.010747682962819078
in:0.0028428752303118476
or:0.0053944916616246825
bitmap:0.21285247301887972
and:0.006108758631852638
for:0.002602790903296592
subject:0.00021357565513614637
create:0.03042276552994895
i:0.007635948289815797
example:0.044981746300126475
any:0.016372596260620917
information:0.01951057027587012
research:0.02469865184429422
the:0.005427021671921181
got:0.017697230573044592
can:0.027666111758006828
7:0.05106445646290089
just:0.009395108507727087
changed:0.0302345215506674
is:0.0021493810151253113
right:0.031037977500644794
multiple:0.034352194541006506
72:0.04174502071389409
2:0.01558727641676327
define:0.03419804719007949
61:0.08075695771078867
byte:0.043203593168245735
string:0.08479688992401647
image:0.08882551192640825
very:0.01394593993426758
