at:0.02753015663920097
out:0.03681803434626437
gui:0.18017384245672854
look:0.0740990101336222
think:0.0899842517205347
really:0.060981116974716434
re:0.01168564071181783
michael:0.09389672505230279
wait:0.11473124390969118
2.0:0.14655652525072668
you:0.017368718419022558
it:0.021428464358748248
should:0.05133787944479624
application:0.11532399086927902
liked:0.1587789521163524
be:0.01807691428554598
soon:0.11240605115748345
version:0.09751470648954952
windows:0.08585022441948442
and:0.0059655846014185915
for:0.020334303932004624
subject:0.0008342799028755718
however:0.07490934075615353
p:0.10519150123847969
i:0.017896753804255774
will:0.03541579202822764
mike:0.09985662590492823
