manager:0.026179322266090654
looks:0.022820703162492604
there:0.006118526570514316
resulting:0.03267638653274486
search:0.028447675329164777
all:0.006360452204308608
default:0.03199783523734524
delete:0.03569642688525929
anyway:0.02032342547763023
text:0.024110424888223785
with:0.0038988491785969825
into:0.023877385373098487
from:0.011287630059069008
viola:0.04340597261563886
often:0.04143093851038275
options:0.030166536057845444
to:0.009187994400605538
remember:0.01855082691014155
stop:0.022159687430537582
0:0.02443437525646955
then:0.010639202331838689
that:0.002312697502896512
view:0.02270232501856421
00:0.042310618940363684
bytes:0.03422380134139132
re:0.002492936685187804
joel:0.07281431690462868
file:0.04051314509944546
reset:0.037109561890033185
ti:0.025257740375011085
these:0.011044239820659617
certain:0.021975433278403393
ages:0.037109561890033185
m:0.018250862828214295
a:0.0009310027505642634
hard:0.01802822268383673
as:0.00533409440144679
old:0.01765275388228216
files:0.022062077097251262
setup:0.05885006364755457
are:0.004286075877341504
no:0.007504971574550066
it:0.004571405729866293
only:0.008890241588461911
ve:0.01216755799351623
whether:0.019049723899212164
left:0.01949603455667041
shareware:0.03306865653289775
binary:0.03577175725361884
returns:0.035191681407021315
printers:0.03768963773663071
writes:0.004408415940117083
get:0.008762493168607484
of:0.0025925411408765156
forgotten:0.03540333939578518
never:0.014692928205745737
print:0.1172363474894593
using:0.014696137190966138
well:0.0112191194010223
75:0.06222600893262938
find:0.014109644917822602
who:0.017240704989784646
up:0.008956402469015898
code:0.021603416735544643
in:0.00473812538385308
or:0.004495409718020569
force:0.02382669412543181
use:0.011085196851648988
and:0.005090632193210532
for:0.00650697725824148
subject:0.00017797971261345532
until:0.019074438169097627
editor:0.03078235819205221
inches:0.07421912378006637
i:0.006363290241513164
ugly:0.03657594383887628
source:0.020795119744665497
the:0.006030024079912424
got:0.014747692144203827
can:0.00576377328291809
because:0.023529630651926856
page:0.02803163822124858
an:0.005985987590411579
myself:0.02221894707998589
problem:0.028207537227274457
finally:0.02424349650530737
head:0.02301906490303789
interested:0.019180508102766135
hold:0.023131870752960134
is:0.003582301691875519
printed:0.03244244440066972
et:0.030331970518643607
guys:0.02589783806327501
right:0.012932490625268665
type:0.021603416735544643
printer:0.028972881181518875
change:0.019813394052736584
facility:0.03404601302751025
s:0.00827248374474691
