out:0.0561036713847838
there:0.0874075224359188
know:0.05875595836468103
anyone:0.07966260712578054
panasonic:0.6015942740861782
driver:0.17522788564220912
are:0.030614827695296453
dot:0.2745506170769197
matrix:0.2930581404003379
if:0.03191192475063854
print:0.20935062051689157
windows:0.1308193895915953
for:0.030985605991626093
subject:0.0012712836615246807
the:0.003589300047566919
drivers:0.18725255992764311
does:0.058023276873215485
mike:0.15216247756941445
