manager:0.029749229847830287
read:0.017174265620438802
at:0.006673977367079024
out:0.008925584083942877
there:0.013905742205714356
dos:0.05347806600369603
where:0.013995884835104257
wonder:0.027957331119825218
from:0.006413426169925573
both:0.017012909714456348
my:0.007198592888865919
to:0.008352722182368672
gui:0.04367850726223722
next:0.02029075775567557
make:0.026667886111359146
bit:0.020644577257997725
helps:0.03204524466767396
higher:0.028120256916953728
nt:0.005409685997897261
cant:0.042602974979885806
re:0.005665765193608644
so:0.007740989374128183
anyone:0.012673596588192358
file:0.023018832442866736
aimed:0.04186069915897517
this:0.003977139684631962
generation:0.03514464935942604
on:0.011522927846347498
os:0.03597992577056266
a:0.004231830684383015
definitely:0.03224130109182412
also:0.01123861463393611
step:0.03151151996350267
no:0.008528376789261438
it:0.015584337715453271
not:0.004567500064969431
have:0.01161933211699211
32:0.032442566450799286
hope:0.02188228437606095
towards:0.031589220722345004
has:0.008066473287019326
tested:0.03588753733803373
without:0.017024321854564355
be:0.008764564502082899
which:0.00978706312513271
comparison:0.07071137378707884
4.0:0.04282913379162581
what:0.013946092469645928
but:0.010080048821975914
windows:0.02081217561684471
who:0.009795855107832185
cares:0.03836346143492048
in:0.002692116695371068
and:0.005784809310466513
subject:0.00020224967342438103
fits:0.03875539836218706
offer:0.053260054830179364
i:0.005784809310466513
info:0.02231360196509392
386:0.03575103350846799
similar:0.023975441574747736
will:0.00858564655229761
program:0.021035101760485418
the:0.0017130750227023932
beta:0.04137177096853902
stone:0.03769368145504129
7:0.024178246431297772
an:0.006802258625467703
just:0.008896883056559743
here:0.013639400800177243
is:0.024424784262787626
object:0.03204524466767396
desktop:0.03793044314825421
win:0.025677843966881376
oriented:0.04186069915897517
run:0.020279048699904507
chicago:0.12796059202436008
dave:0.053125373808705946
little:0.01776771743862473
integrated:0.04176035653208108
