vax.clarku.edu:0.028887457492640704
since:0.008972294275352831
okay:0.019308368320638997
read:0.010165933012995164
pc:0.014945480098645216
week:0.015461160557872571
at:0.007901031501833461
out:0.005283305377042421
there:0.008231201664369036
entirely:0.018637332045655663
concept:0.019084536969151494
differences:0.020539956114870618
small:0.013402447983255655
true:0.02316843759782822
dos:0.03165517808290527
anyway:0.013670465567912708
truly:0.019543961744530845
differ:0.024433413667482484
with:0.0026225442905360866
way:0.0077684879800293425
much:0.007834963540627495
4:0.03342066597549793
such:0.008623395531245734
from:0.007592576272916373
work:0.009081042439418402
my:0.004261050499239019
to:0.0018540795875661403
dod:0.015683695254226176
competition:0.023399675288057226
next:0.012010672752238454
arise:0.02625164285182403
bear:0.02020431534896733
client:0.044904201753987044
make:0.00789273759349643
that:0.009333756738147358
think:0.0129125383634848
smaller:0.020140099861188192
like:0.0052225966973483105
nt:0.032021459718495
re:0.0016768632411577153
server:0.05384473648180674
so:0.01374633090652359
announced:0.021640450967291967
on:0.0022735821759609413
specs:0.02173044003926869
machine:0.014586544189795277
os:0.08519013814734118
access.digex.com:0.020055885086965784
more:0.005701430609061551
a:0.004383645238082855
how:0.0058984887768122165
want:0.008486986402296778
was:0.003970677731396348
said:0.009827375913288933
features:0.01939752244868307
are:0.011532042719304494
those:0.0083224917232626
lacking:0.025931199067150735
wild:0.021188818789705282
it:0.013837214653182724
not:0.008110896976358273
ones:0.015213587355950029
probably:0.010705039080848468
expect:0.030997498503662672
w4:0.03170633040484866
novell:0.02577917417174409
has:0.004774773425500228
be:0.01296998334388949
sort:0.028138666436421794
writes:0.002965302201872477
soon:0.01613001630959404
of:0.004359654384882033
what:0.008255086125530324
but:0.011933331340814533
year:0.011097581687038798
released:0.01939752244868307
least:0.010796692299132207
partly:0.026507958608953844
requirements:0.021822272018387705
together:0.01595948987197413
windows:0.036957944144710785
groups:0.016501280710701307
in:0.0023903098909572713
system:0.010023418516782623
use:0.007456410438328915
and:0.004280240072766702
few:0.010249450676709805
for:0.0014589635108164752
subject:0.00011971729547990268
however:0.010749322440344902
i:0.0025681440436600214
possible:0.011555926560379291
creates:0.024545527130287046
will:0.020328346993780885
micro:0.02542023826289415
the:0.0023660408385306596
do:0.006442313174049297
see:0.007934465297807964
because:0.00791355290984087
operating:0.020610207759464337
last:0.009776513686365462
development:0.017431672793974
7:0.014311787125252492
an:0.008052898103692707
relationship:0.020470788086504554
just:0.005266316428098143
about:0.0044171129162415765
different:0.02266562240368832
is:0.010843289874511098
win:0.01519944127187597
hardware:0.015917852572531623
does:0.01092815080123341
chicago:0.01893587236234925
supposed:0.016361861037741527
article:0.0036337797323614395
95:0.024011049474389656
intense:0.026687354728297787
meet:0.019238299630490653
understand:0.013435682793433424
96:0.02542023826289415
security:0.033290348995855534
main:0.016674515747205507
s:0.008346676424071995
august:0.022416651641535612
