characters:0.06751969212546005
know:0.016451668342110693
help:0.05706913920111459
ever:0.03524562742439814
option:0.05587481629669844
from:0.011287630059069008
recall:0.05214473620097363
look:0.031615577657012145
mi:0.07109654528005577
r:0.041336263556388406
me:0.014447849072060598
font:0.06654760184801888
re:0.004985873370375608
anyone:0.02230552999521855
this:0.013999531689904508
bitnet:0.06507007696348167
map:0.0661373130657955
2.0:0.06253078410697673
on:0.0067601176698572
set:0.03532552778834562
you:0.007410653192116292
tell:0.03213366738163271
chemistry:0.07139285377051859
sequences:0.07935040139213875
state:0.035436178492541555
seeing:0.05344386220611237
how:0.017538173296388324
want:0.025234639569495756
character:0.12173295315441375
internet:0.038087119241528085
not:0.0080388001143462
have:0.006816674841968705
try:0.03248519563124524
university:0.031337868021315385
extended:0.06374007159325422
has:0.014196992985154014
greg:0.05839024796660564
if:0.008935338930178791
of:0.0025925411408765156
department:0.04624100776923915
but:0.008870442963338804
using:0.029392274381932277
they:0.012438928326769917
michigan:0.06869003360389186
in:0.00473812538385308
and:0.005090632193210532
word:0.040918353548845585
for:0.004337984838827654
subject:0.00035595942522691063
i:0.005090632193210532
group:0.03596154579742194
gregory:0.07124387642921025
the:0.004020016053274949
do:0.009577572252086622
spanish:0.08589204027811836
see:0.023591810152149017
can:0.01152754656583618
printed:0.06488488880133944
east:0.05428879039188023
cook:0.28617405802895074
article:0.010804438404221347
built-in:0.07537927547326143
by:0.01320580633089555
