some:0.016920824277294987
know:0.017882248197946402
knows:0.05063712190059761
c:0.037479676745347246
wrote:0.03732717354627335
my:0.013771221178700018
compressed:0.07861246079310776
format:0.058261659522290066
memory:0.049009162698077036
like:0.016878827007372074
me:0.01570418377397891
need:0.027843507123148353
re:0.005419427576495225
searching:0.07696378129518518
la:0.06316381839174462
programs:0.05120553803325386
hi:0.045666908116150796
access.digex.com:0.06481829528106334
m:0.019837894378493797
paint:0.07072834452552355
a:0.0020239190229657898
how:0.019063231843900352
ms-windows:0.07969992725604853
other:0.019989970838143634
markus:0.09288569852225922
brian:0.05414605093882288
internet:0.04139904265383487
suitable:0.07453072516997995
p.o:0.06676316579262441
access.digex.net:0.07188838376716901
writes:0.009583512913298006
if:0.00971232492410738
of:0.002817979500952734
well:0.02438939000222239
windows:0.03981459683222466
pro:0.06522849493559743
box:0.045920855227631986
in:0.0051501362867968255
logo:0.0821552627916724
or:0.009772629821783846
bmp:0.0810812342097344
and:0.00276664793109268
for:0.004715200911769188
subject:0.00038691241872490284
i:0.00276664793109268
group:0.03908863673632819
the:0.002184791333301603
when:0.018951803519474435
start:0.04083423315771757
correctly:0.06316381839174462
rle:0.09436081003399752
serves:0.07479665471589585
an:0.013013016500894736
address:0.04627277324541465
many:0.02685798590692889
gif:0.06788471164212324
is:0.007787612373642432
picture:0.05928301106804928
holland:0.1582919932709319
article:0.011743954787197116
u:0.10961285459689901
by:0.014354137316190813
mike:0.046310319260256576
god:0.038451858431524995
