tel:0.1401878648033923
beats:0.19600749376418486
to:0.004752410896864934
building:0.13105060582202246
rob:0.30349535806891303
you:0.019165482393404203
fun:0.14193974672185639
want:0.06526199888662695
40:0.13187955820775166
netherlands:0.2006120245443408
have:0.0176293314878501
p.o:0.15885029102383047
real:0.08819289151718095
if:0.023108635164255494
box:0.10925996588643473
winter:0.3708408471632034
subject:0.000920584720414424
research:0.10645970622540611
the:0.0025991483103070794
during:0.10097825895870588
address:0.11009728806667624
31:0.16073506386996372
wanted:0.10500551688090008
nothing:0.08809848281037616
e-mail:0.09481709574662987
de:0.2786884156651014
