scheme:0.024950146600404365
know:0.006705843074229901
all:0.005185151253512452
your:0.006847457729245992
text:0.019655237680617214
with:0.003178409656464931
way:0.009415069671448605
into:0.009732629907512969
from:0.004600936165381389
work:0.011005828608642954
wrote:0.013997690079852505
to:0.004494127695948361
gui:0.03133458129682235
platforms:0.029545549756830325
look:0.012886784371064731
important:0.034156187967100245
t:0.01400148399456762
that:0.005656053675562122
motif:0.12775643603310796
really:0.01060541164777677
nt:0.007761723388287375
me:0.00588906891524209
anything:0.012615441034344584
re:0.0020322853411857095
so:0.005553318464048478
this:0.002853165425931625
on:0.008266448237597118
you:0.015103233407845702
used:0.010730779936613399
names:0.022265745717287386
independent:0.022569244283679197
m:0.007439210391935174
a:0.006071757068897369
how:0.021446135824387896
was:0.004812288772290139
button:0.025845130800481786
across:0.020973718053444796
proper:0.02231808752740131
d:0.019802654591054732
it:0.00931672363423837
not:0.006553369658434401
should:0.008928326859964563
purchase:0.023709029778146967
application:0.040112692476270966
analysis:0.023400902910339656
have:0.008335607823059556
university:0.012773587508688334
has:0.00578681779286169
call:0.02887995758694247
uses:0.03711951228083084
converter:0.029286701664497417
writes:0.0035938173424867517
if:0.007284243693080536
of:0.0021134846257145506
but:0.003615669686143534
instance:0.02323236901499965
never:0.01197793060251011
ok:0.017738310817994193
port:0.02266183225733446
easy:0.018009138936189172
windows:0.029860947624168493
now:0.008977795640642631
good:0.008804401366084234
in:0.002896951661323214
resources:0.09595119072970852
intend:0.027660381583775373
or:0.003664736183168942
rather:0.013986324200613387
use:0.02711053577848937
and:0.003112478922479265
few:0.012421888591881992
for:0.008841001709567227
subject:0.00014509215702183858
i:0.00622495784495853
platform:0.028412934161303117
than:0.007775006968584027
the:0.002457890249964303
do:0.0039039017331874816
hello:0.021028754297020495
would:0.005068748076654217
can:0.009397456439540363
come:0.01304996562211635
an:0.004879881187835526
thought:0.014590143506476699
just:0.0063825465405754666
toolkit:0.0596346910416461
is:0.002920354640115912
number:0.013599265480422599
object:0.02298897987028784
right:0.010542791270599454
oriented:0.03003050157056914
does:0.013244443634103535
define:0.02323236901499965
string:0.028803291414407767
too:0.021223020302874963
strategy:0.028688870712245636
resource:0.08087443173806513
every:0.013218198515964109
under:0.013191975147313257
image:0.020114472809422156
article:0.004403983045198919
very:0.009474143977083953
convert:0.02325315214781706
brett:0.028467012046374682
by:0.005382801493571555
facility:0.027754901924600745
especially:0.016985302758137727
check:0.03597077787595314
alex:0.09145098746614848
