mode:0.021513400261113657
some:0.0065591959277154725
eisa:0.03135067710943661
out:0.006618972466744156
folks:0.020804583428622347
bbs:0.022736194672784614
emm386:0.03678237941863317
know:0.013863765456834851
menus:0.03288829413458853
ah:0.02644551665994815
with:0.0032855470606154343
from:0.004756023901293121
to:0.003097076764249058
line:0.015864066004528027
perhaps:0.032454624018427476
memory:0.018997933854872556
nt:0.004011677256867632
happens:0.02098919952122909
re:0.002100789341450396
so:0.005740508974072585
anyone:0.009398397469895455
had:0.017240544782945337
this:0.011797358165649864
followup:0.03310031844909891
bus:0.022736194672784614
he:0.008933332626518175
something:0.022366981091724976
recently:0.018591638003301623
on:0.0028483641867375837
machine:0.03654830735195895
am:0.00918166492528857
card:0.017196114306259783
more:0.007142803515846775
a:0.004707317278133916
sorry:0.017850655532239464
controller:0.02366229562190824
was:0.009949001506757142
as:0.004495023372005721
running:0.01700820456430731
driver:0.06201885840145604
wondered:0.031593217400814194
video:0.01963882692620799
far:0.013985270068097761
are:0.003611861694388907
no:0.006324414248216347
hoping:0.026892441557150138
it:0.01540923279730211
delivered:0.03135067710943661
components:0.02733913853989021
try:0.013687582428895465
only:0.007491776619490373
kind:0.015480487061590224
mouse:0.048830698620537426
has:0.005981879066778376
call:0.014926719651678131
usually:0.01852668956284614
anybody:0.017076377218610647
writes:0.0037149572529076537
if:0.0037648899986708387
of:0.0021847256805139176
3.1:0.022031022375714703
seen:0.04369322849363516
distortion:0.034300172945155416
but:0.01495018476967214
version:0.017530733750930252
order:0.01575458910748591
latest:0.04681288314890732
using:0.01238438527328607
well:0.009454314101985084
find:0.01189015021164826
in:0.006987404007086704
indication:0.029426574250185064
minute:0.02512619311456949
system:0.01255742881596924
or:0.011364799848928403
and:0.0010724646474460388
for:0.001827802600629629
known:0.018297352514979538
subject:0.00014998290388774325
cursor:0.09477965220244257
i:0.004289858589784155
don:0.07514503381570692
the:0.005504937713403196
do:0.008070987852881985
specific:0.020590765665564226
drivers:0.04418318829753377
gateway:0.08133405447819285
wants:0.01977828743030196
an:0.005044371564953577
problem:0.023770396539838024
here:0.010114611829344922
is:0.007546983901423143
win:0.019041996649597423
else:0.0141941136254947
somebody:0.021324315862217724
does:0.006845442777177108
eventually:0.023805046832724917
diamond:0.08438458138600374
article:0.004552431911891017
takes:0.0200893250223577
before:0.011944911613610361
going:0.012234919573312823
sometimes:0.01968823777706657
s:0.010456791250382331
