much:0.03235549758444317
c:0.04789069806349926
from:0.015677263970929178
upgraded:0.10308211636120329
to:0.0025522206668348716
that:0.006424159730268089
nt:0.02644735376749772
me:0.020066457044528606
re:0.013849648251043352
apr:0.06902237550070368
directory:0.07806443127463697
access.digex.com:0.16564675460716183
a:0.0025861187515673983
was:0.016397428409284917
stuff:0.05413734356803004
brian:0.06918662064405146
wild:0.1750039477816399
it:0.02539669849925718
deleted:0.06506258327774697
date:0.06625554055154302
access.digex.net:0.09185737925804928
writes:0.012245599833658562
4.0:0.10469343815730753
what:0.05113567238870173
anderson:0.08986421881004253
in:0.0032903648498979715
installed:0.07417351769176098
and:0.003535161245285091
for:0.006024978942816185
subject:0.0009887761811858628
i:0.003535161245285091
the:0.001395838907387135
upgrade:0.08189935931942123
during:0.054229064996342044
is:0.014926257049481327
win:0.12553612606030892
told:0.05741147716165055
1993:0.05610473709278031
16:0.06457393966342855
under:0.04495043383528961
article:0.015006164450307426
