vax.clarku.edu:0.0625427477753289
all:0.018525588944588178
true:0.02508039604036744
dos:0.10280249581293023
rick:0.046724878457559196
own:0.02200476345192228
with:0.0056779356969858955
correction:0.05254644275415261
to:0.002676114873962778
dod:0.03395596156982948
most:0.03605039735858326
us:0.019998799865873745
that:0.0033680060721793864
nt:0.02079840441910015
its:0.020075966563438543
re:0.0036304903182346653
server:0.03885882276842363
programs:0.13721095628328217
on:0.004922415779022232
you:0.010792213386577123
specs:0.04704745756074677
support:0.026591808830422385
os:0.046110196133148255
a:0.0027116584967891164
richard:0.036272597230861924
ms:0.04058388274160278
as:0.015536197285767347
giant:0.05518657591418796
are:0.0062418580737983054
it:0.01997216095572652
not:0.011706990457785725
have:0.009927196371799084
expect:0.033555544496683375
has:0.010337616251325737
be:0.005616128710072537
gates:0.058392805883805216
writes:0.0064200232137627405
of:0.0018877726753955208
3.1:0.03807302895997298
what:0.00893633109705467
well:0.016338523399547035
windows:0.08001574314825732
system:0.021701187662548783
and:0.0037067710144736876
for:0.006317453648778135
subject:0.0002591937562331873
top:0.03283138083657587
overhead:0.057017558145329224
will:0.02200592902724824
program:0.026957606139651213
the:0.0007317990388243232
users:0.03833686959472021
do:0.006973960377732976
major:0.031809980317648465
operating:0.04462210029476259
meets:0.059047575600266695
current:0.030701414793503082
is:0.018259304740142205
win:0.03290752819056642
does:0.011829988488713836
run:0.10395473508300561
unless:0.0298840915120436
too:0.018956484154024237
under:0.02356624686510329
primarily:0.046110196133148255
high:0.027158483744092438
security:0.036037610806193124
everything:0.02999672314488595
s:0.006023653212194352
