library:0.0196577868154985
blown:0.025299310358063497
go:0.01826696950041434
at:0.00827197194792893
out:0.005531347883006854
know:0.0057928409655319335
all:0.004479191693175076
dos:0.016570668339173415
take:0.009980042865425838
swap:0.024982684626629073
thanks:0.009358622746085272
your:0.011830349504049414
with:0.0027456684356316776
way:0.008133205725570625
312:0.028553522473368405
microsoft:0.03999628257032239
someone:0.020689747555521314
from:0.00397451762643275
work:0.009507382460048374
6.0:0.025033994816921045
to:0.005176334873580586
remember:0.013063962612775738
job:0.01629806833469097
everyone:0.014354519988324429
besides:0.038028983982506
value:0.017529825444866986
software:0.03965895617579235
brent:0.02513832879243612
that:0.011400621493151821
technical:0.018012897854081222
like:0.005467789030557151
really:0.018322964724797428
through:0.011124240817017966
nt:0.0033524814634856267
could:0.014170039017146079
need:0.009019727659611438
re:0.0017555892149209884
anyone:0.00785405985747132
file:0.014265191936424457
this:0.004929412566867784
2.0:0.022017881727808705
something:0.01869165556022087
these:0.023332901029562574
on:0.002380323123189155
you:0.013046924634007554
products:0.019014491991253
material:0.019824880454478323
suggest:0.017236618803333888
bugs:0.02381415858241957
m:0.006426360150779681
a:0.0026225429593359534
was:0.0041570945262975854
also:0.013929550532202501
stuff:0.013724960341190714
helpful:0.021805649630306137
straight:0.018763669612503798
are:0.0030183632939024675
those:0.008713219034213897
it:0.0016096499048824976
not:0.005661126841088872
deleted:0.016494739422527403
opportunity:0.021602598063199016
copies:0.021198235839114798
buy:0.01411662500114538
money:0.014555022379010001
campus:0.024317658724924723
university:0.011034460570885697
able:0.012382465850284831
hope:0.02712170457877977
love:0.015362523193340135
500:0.019576418475819438
be:0.00543156109988236
rates:0.02152866211499179
get:0.006170769837047523
down:0.011100307873019521
if:0.006292492204351261
whatever:0.015516246848607338
of:0.004564332994500907
4.0:0.026541998406077967
what:0.0043213244272142315
but:0.003123395409626339
reading:0.01542874200170418
version:0.04395029024881105
huge:0.020178042056532727
street:0.01872313840525167
well:0.007900788310579084
they:0.008759808680823884
up:0.012614651364811123
david:0.023440800369431868
pick:0.03774699067641328
in:0.0016683540083989716
ought:0.02343225417183763
office:0.017139614615240193
or:0.015828907457818904
and:0.003584952248739811
word:0.04322361290371012
for:0.004582378350874282
incredibly:0.02473422264797019
subject:0.00012533782578412345
offer:0.016503115581182337
i:0.007169904497479622
we:0.006327436177060892
any:0.0048041655694310206
actually:0.011475653178878331
will:0.005320682370437955
program:0.013035837710723358
the:0.002123247915462121
do:0.0033723845958051487
upgrade:0.02076321785562792
educational:0.0495657484605934
workshop:0.029133869684481915
would:0.004378636836170779
can:0.004058995269660626
correctly:0.02046151863394544
once:0.012596390586501907
130:0.025299310358063497
presentation:0.026911861682383673
may:0.008737209049013291
an:0.004215484218599703
myself:0.015647145830975977
about:0.004624489109492355
is:0.005045495340669745
save:0.01700709029305772
east:0.01911577126474656
graduate:0.025818286294212907
lot:0.011636400883875074
their:0.007106495861885981
illinois:0.022625445453872097
chicago:0.039649760908956645
midway.uchicago.edu:0.02473422264797019
little:0.01101097982111955
full:0.029010915342002376
aware:0.01923425921117784
aside:0.021198235839114798
