mode:0.01832241744726426
some:0.005586300837958632
read:0.0108469046023824
at:0.004215143600260435
case:0.011825890465582562
swap:0.20368657705155951
your:0.030141919190939295
with:0.0027982171138255852
4:0.03565937087337817
work:0.00968934193296796
my:0.013639439157851214
to:0.0013188508709003166
martin:0.022222982637584723
make:0.008421437719376573
that:0.008299153718528154
think:0.013777493086397656
cleveland.freenet.edu:0.020490041968925864
nt:0.006833287576291277
could:0.0072206179680672595
permanent:0.07330481273865844
me:0.005184634834471505
re:0.001789189008507993
file:0.11630567971132666
had:0.007341667395608302
best:0.011651560191203034
amount:0.017791468955152285
empty:0.024351723499591714
recently:0.01583402662482148
on:0.0024258795465994733
you:0.007977975924527108
regular:0.0193638404390223
took:0.032300494511164395
size:0.03445815442168294
8:0.014126752547243378
more:0.0060833446211517985
a:0.0013363675845420048
same:0.009292312681955083
bigger:0.02230295144607152
load:0.021511927616285
was:0.008473312288051536
as:0.003828297417306308
running:0.01448545651888374
said:0.01048566903666714
ram:0.05583526892200835
let:0.011029367190204902
120:0.024269931952418028
responsible:0.018712225909440296
electronic:0.02063957566990244
setup:0.021118443892663118
are:0.0030761310124460548
meg:0.044552292791198836
works:0.014235052600721243
it:0.0082022830081333
should:0.00786034517815062
mitsubishi:0.030822502492147737
deleted:0.016810428215303045
have:0.007338525547573965
closed:0.01974197464648235
suspect:0.0185746175258266
free:0.013815826766147059
without:0.01075220327656696
be:0.0027677572111840733
writes:0.0031639348852514943
applications:0.01866172740380063
depends:0.02060175184450955
of:0.004651688649898054
available:0.01292375037231689
what:0.008808058401881638
hd:0.06399911970907098
megs:0.13064769779538637
fact:0.011474962337937029
using:0.010547466883468519
well:0.008051999570111698
nearly:0.04105397911578388
windows:0.052578127874134
must:0.01108832740420812
virtual:0.023625959923840208
now:0.015807793281131525
one:0.004704836879309198
in:0.002550426342983117
our:0.010668781928135853
and:0.0027401728312736115
for:0.004670079371943646
subject:0.00012773663584697749
space:0.043887742930810096
i:0.0063937366063050935
usenet.ins.cwru.edu:0.024920437388954053
we:0.006448535434038134
20:0.030094089458426985
any:0.0048961113219560155
research:0.01477192095950611
than:0.006844982211576369
the:0.0025245316124035268
when:0.012513631031997473
rule:0.018893289800268814
home:0.014016091157231332
increase:0.020118400637259747
laboratory:0.022903610512788154
rules:0.019710599524251925
just:0.005619084035721942
about:0.009425992156190157
is:0.007713089767196093
self:0.020345040296699403
thumb:0.028190701837031602
else:0.012088766628411754
disk:0.016751095616267375
time:0.01511492794166233
run:0.012807820231518635
first:0.008983515930100675
change:0.014220139272298983
article:0.0038771908149119664
very:0.008340873166427978
difference:0.01534523371691094
full:0.014783074085757191
somewhere:0.018562301717237255
mike:0.030578105540265105
everything:0.014783074085757191
