there:0.017995666383865634
thanks:0.03908601264541496
where:0.03622464310262278
wonder:0.07236015113366527
with:0.011467203466461712
much:0.03425876214823395
1.0:0.10757630540845964
my:0.018631652182947083
eugene:0.12328926158885528
updated:0.2016713739893575
me:0.021246836870677348
anyone:0.032802249992968456
hi:0.061784640392439305
tell:0.04725539320828339
a:0.0027382433840125392
y:0.08359550150068255
kuo:0.12167674985871858
copy:0.06699239107967338
driver:0.14430531758770163
have:0.010024521826424566
which:0.02533122220622584
get:0.025772038731198477
if:0.026280408618172914
of:0.003812560501288993
3.1:0.07689258789955328
version:0.06118569818952126
windows:0.053866807478892186
please:0.037557163860887345
canon:0.21884002060704774
newer:0.09638915132085937
for:0.006379389468864196
subject:0.000523469742980751
i:0.01122933572031735
any:0.06019336860522396
can:0.03390454872304758
just:0.023027226734625213
is:0.005268090723346351
ver:0.11880217193338768
printer:0.17042871283246397
very:0.0341812253290872
comes:0.05929757524010807
