characters:0.060285439397732184
out:0.01402591784619595
know:0.014688989591170258
help:0.050954588572423735
ever:0.03146931020035548
option:0.04988822883633788
from:0.010078241124168757
recall:0.046557800179440736
look:0.02822819433661798
think:0.017139857470578036
me:0.012899865242911245
font:0.059417501650016843
re:0.004451672652121078
anyone:0.019915651781445134
math:0.05809828300310863
this:0.012499581865986166
map:0.059051172380174544
2.0:0.05583105723837207
on:0.006035819348086785
set:0.03154064981102287
you:0.006616654635818117
tell:0.02869077444788634
sequences:0.07084857267155245
seeing:0.04771773411260032
how:0.015659083300346717
want:0.02253092818704978
character:0.10869013674501227
science:0.040257526501991846
computer:0.031913129823396606
internet:0.03400635646565007
it:0.0040816122588091894
not:0.007177500102094819
have:0.006086316823186343
try:0.02900463895646896
ve:0.02172778213127898
university:0.027980239304745875
robert:0.03804061939235361
extended:0.05691077820826269
has:0.012675886593887511
greg:0.0521341499701836
writes:0.007872171321637646
if:0.007977981187659635
but:0.007920038360123931
using:0.026243102126725246
they:0.011106186006044566
now:0.01966564759378862
in:0.006345703639088945
figured:0.061330387146332016
sir:0.06296694655857729
and:0.006817810973049818
word:0.036534244240040696
for:0.0038732007489532616
subject:0.0003178209153811702
i:0.011363018288416364
group:0.03210852303341244
the:0.003589300047566919
do:0.008551403796505912
spanish:0.0766893216768914
see:0.021064116207275906
can:0.010292452290925158
mr:0.04020185331289778
address:0.03800977802301917
printed:0.05793293642976735
cook:0.06387813795289078
article:0.019293640007538117
built-in:0.0673029245296977
by:0.011790898509728167
include:0.04001813420529288
s:0.007386146200666885
