where:0.027991769670208513
name:0.04185200766409471
my:0.028794371555463678
to:0.004176361091184336
then:0.02418000529963338
nt:0.010819371995794523
could:0.045730580464425984
re:0.005665765193608644
file:0.04603766488573347
math:0.07394326927668372
science:0.05123685191162599
organization:0.11611615842778399
computer:0.04061671068432296
internet:0.04328081731991828
licensed:0.08293412954627291
it:0.010389558476968848
not:0.009135000129938863
moved:0.06755462635957492
university:0.03561121366058566
licensing:0.08986480904686192
robert:0.04841533377208642
which:0.01957412625026542
kept:0.06051175185718445
3.1:0.0594169997405639
but:0.020160097643951828
windows:0.04162435123368942
find:0.06413474962646637
box:0.04800816682888799
in:0.005384233390742136
sir:0.080139750165462
and:0.005784809310466513
for:0.004929528225940515
subject:0.00040449934684876206
i:0.01735442793139954
info:0.04462720393018784
the:0.004568200060539715
when:0.019813249133996
can:0.01309948473390475
put:0.03768877726586029
mr:0.05116599512550627
address:0.09675216224041246
is:0.004070797377131272
wanted:0.046138787720395494
change:0.09006088205789356
data:0.044459782169785036
include:0.05093217080673639
s:0.009400549709939672
