tip:0.024576479384264757
vax.clarku.edu:0.05459239848185489
some:0.004947190148870144
frequency:0.02118183608501035
know:0.005228284430755516
knows:0.0148049212336493
startup:0.045866810200658636
anyway:0.01291743144764633
your:0.01067739171340053
text:0.01532442259844732
option:0.017756827212933823
c:0.0109580410823261
previous:0.014716946693613585
from:0.007174341139238776
wrote:0.02182690656519374
post:0.01094312628996263
added:0.017727195706616152
my:0.004026331615806362
to:0.0029199134747687093
compressed:0.022984151672561164
t:0.010916411250001872
enough:0.010305714097192357
format:0.01703412926711023
make:0.022373904449360642
that:0.005879739414143674
think:0.0061006272352904884
memory:0.014328950110878454
bit:0.011546966940913981
like:0.0049349112860537
nt:0.006051513150190157
rob:0.03729392111863762
me:0.004591477459341291
need:0.008140686404649307
re:0.0015844936558397056
file:0.06437470089954256
had:0.013003461743068942
searching:0.02250212249732109
this:0.0022245018575060126
programs:0.014971110696163206
hi:0.013351765508535613
directory:0.017862200376399982
you:0.011775402317981395
size:0.015257953970618084
backup:0.021148602282209387
access.digex.com:0.01895111175590411
m:0.005800062339474881
paint:0.020679049882462396
sure:0.018491898475925455
a:0.005325651327380321
how:0.005573572022157306
ms-windows:0.023302097375709107
other:0.005844525372169114
ms:0.017712457298241894
crashes:0.024651477592313065
want:0.008019482914034667
markus:0.027157259313711386
as:0.00678062847641541
incorporated:0.024651477592313065
part:0.010378059798361344
copy:0.014477169258742976
also:0.0062860047952524
whole:0.01267760794503089
video:0.014812335562987384
files:0.014022506629608852
annoying:0.02206937039953982
no:0.004770109051620805
brian:0.015830836927028722
taking:0.014436228958269513
com:0.049152958768529514
it:0.004358331733982695
not:0.0025547034261693426
have:0.006498948472215926
suitable:0.021790762867494137
binary:0.022736286390011975
after:0.008174634269766742
b:0.025939901241646118
has:0.009023512490563991
screen:0.015840284619093422
access.digex.net:0.02101821389802823
writes:0.0028019592839727218
if:0.0028396204227263103
whatever:0.014004070248954928
of:0.006591206290364022
saying:0.012782013470188302
using:0.009340765163749664
well:0.007130796229463325
together:0.015080365429873859
windows:0.08148495877103606
pro:0.01907104301083145
now:0.006999637279145102
over:0.008499748951353211
in:0.0037644004638663236
substitute:0.024576479384264757
logo:0.04803994180191013
installed:0.01697190659048768
yes:0.011300194366541902
or:0.002857251939419853
world:0.010683265630223208
bmp:0.023705954069795226
use:0.007045675965031136
and:0.0024266784819329864
for:0.0027571937534921526
subject:0.00011312269869499278
i:0.004853356963865973
info:0.012480489234713548
information:0.010333988493575275
water:0.01737329328267606
micro:0.04803994180191013
the:0.003832642423673151
do:0.0030437199953665113
when:0.005540993401880237
start:0.023877644812563666
because:0.0074776368597225164
64k:0.025484995788270924
correctly:0.018467387580637196
instead:0.025997748403259673
rle:0.08276562575015885
serves:0.021868513455071244
an:0.0038046531294988846
just:0.004976222726550364
many:0.00785254672702582
gif:0.01984764874282417
is:0.006830660005694845
limit:0.018815351782409975
picture:0.034665489522842374
new:0.007305082902048928
holland:0.0462802861681962
does:0.005163088196345446
beleive:0.023766923296287174
first:0.007955740802504411
change:0.0125932589318241
article:0.006867227799293229
little:0.009937875855501967
u:0.0320478261321442
three:0.012366474603696918
virus:0.023357487551841957
before:0.009009297742468832
needed:0.02826968381471204
by:0.00839352097302683
god:0.01124228064311536
s:0.0026289672917627896
