pc:0.03830852944825153
at:0.0050630173129565005
out:0.013542265506671952
effects:0.024723200329670153
there:0.015823775613399094
formats:0.1158409047767305
know:0.014182472708716113
all:0.010966296903980358
send:0.01685831678664496
thanks:0.011456245085725075
ever:0.03038416157275702
your:0.007240989782650934
with:0.0033610768781008465
from:0.004865357784081469
to:0.0015841369656216446
sound:0.11900632031477347
player:0.02234059214400116
then:0.0091717261481368
next:0.015392988642236639
that:0.0059811142316289105
like:0.006693327951199271
conversion:0.1154670996992183
nt:0.00410389972254275
me:0.006227521151750257
re:0.004298166698599662
anyone:0.009614452584145927
reply:0.02063906045606405
best:0.013995264827364564
hi:0.036218582299016144
directory:0.02422689246454251
you:0.006388494131134734
great:0.028979892973938815
them:0.01684895599462346
why:0.010228290690540267
a:0.006420708624581126
was:0.005088857092536699
copy:0.03927140166739474
mac:0.019720012269029516
driver:0.021148193094749378
also:0.008525845584365324
files:0.01901903198038902
play:0.018401828924025525
requires:0.0230698550856944
it:0.011822601025516275
try:0.014002239496226395
only:0.007664001369363716
ve:0.020978548264683154
shame:0.03021915473477276
shareware:0.028507462528360124
second:0.01580284929110498
types:0.02354538627575218
sun:0.020853404046545065
which:0.007424668577686883
found:0.015370807501476996
writes:0.0038003585690664504
things:0.012843252460576148
if:0.007702878388085164
of:0.0022349492593763064
germany:0.024165205363145325
even:0.009650341653827733
seen:0.029798447018647735
what:0.0052898971436588
but:0.0076469335890851755
biggest:0.027772787979452738
using:0.012669083785315637
windows:0.015788547019675296
please:0.01100813423508767
good:0.027931204333784466
sounds:0.02047531358368298
one:0.005651212113653003
in:0.004084590848149206
speaker:0.030278100138032473
and:0.004388476028629768
for:0.005609463153656448
subject:0.00015343078673573735
editor:0.02653651568280363
i:0.004388476028629768
special:0.020090294211867945
ago:0.016443481180256576
any:0.005880961300510386
pretty:0.016540345154710496
program:0.04787299021351853
the:0.0012995741551535397
do:0.004128263901761475
can:0.004968770071481111
put:0.014295743100843559
just:0.006749359560148769
long:0.013679949684532096
including:0.018275676474311664
head:0.01984402146813611
is:0.006176382227371584
cards:0.0226150428985753
picture:0.023508780251122987
time:0.009077643505193756
does:0.007002809277801869
lot:0.014244559702674658
converting:0.03153098606799679
various:0.06145825824750325
under:0.013950134638538156
article:0.004657085519060925
convert:0.049179080404578614
give:0.013581817651471302
somewhere:0.02229609803967004
wuarchive.wustl.edu:0.03522717434377428
s:0.010697177256138246
