another:0.010079569683584448
mode:0.01740629657490105
some:0.0053069857960607
eisa:0.025365547843089625
out:0.0053553504503657265
folks:0.016832799319521717
bbs:0.018395648417071187
emm386:0.029760288802348652
know:0.011217046596893652
menus:0.026609619799803447
ah:0.021396827115776233
chris:0.017439760195087726
your:0.005726964646278466
with:0.002658306258134306
from:0.003848055701955343
to:0.0025058166547106014
line:0.012835471585481767
might:0.019337137598894962
perhaps:0.026258741251273136
that:0.003153678413040698
memory:0.03074211114697559
helps:0.019227146800604375
nt:0.006491623197476713
happens:0.01698217052172172
re:0.0016997295580825932
so:0.004644593624476909
anyone:0.007604157952915414
had:0.013949168051655773
this:0.014317702864675062
followup:0.02678116674518002
off:0.009924806581619774
bus:0.018395648417071187
he:0.007227878216001069
something:0.018096921065122933
recently:0.015042325293580405
on:0.0023045855692694996
you:0.0025263590427669173
machine:0.029570903221130422
am:0.007428801621369843
card:0.013913219756882917
more:0.005779177390094208
a:0.004443422218602166
sorry:0.014442803112448293
controller:0.019144948275907576
was:0.00804964667364896
as:0.007273765092881986
running:0.013761183692939553
driver:0.05017889452481443
wondered:0.02556178498793148
video:0.03177919266240929
far:0.011315354873279098
bios:0.021935548025936856
are:0.002922324461823752
no:0.005117026073556863
hoping:0.021758429987148747
place:0.01236103462416557
it:0.012467470172362617
have:0.0023238664233984217
delivered:0.025365547843089625
components:0.022119848455002082
try:0.011074498510651785
only:0.006061528355769484
kind:0.012525121349832089
hope:0.013129370625636568
doing:0.012185013205296887
mouse:0.039508474338434824
has:0.004839883972211596
call:0.012077073172721397
usually:0.014989776100848241
anybody:0.013816341567784976
writes:0.0060114762819778395
if:0.00609227654330372
of:0.0017676416869612604
3.1:0.017825099922169168
seen:0.04713572528404278
distortion:0.0277519581101712
but:0.01512007323296387
particular:0.015413870218562758
version:0.014183957307570839
order:0.012746894823329509
latest:0.03787587818411592
using:0.010020093539295094
well:0.015298799183212225
find:0.009620212443969956
good:0.007363681142543177
in:0.006461080068890563
indication:0.023808773711513367
minute:0.02032937442906077
system:0.010160101496556932
or:0.009195156241405709
and:0.000867721396569977
for:0.0014788584677821544
known:0.014804221580301627
subject:0.00012134980405462862
cause:0.014334096060645757
cursor:0.07668535496379444
i:0.004338606982849885
don:0.06079916372361742
turned:0.01784953790869817
the:0.004453995059026222
do:0.00653016289914997
specific:0.01665980131122924
drivers:0.03574821598618641
gateway:0.06580664407781057
conflict:0.021477757227746717
wants:0.03200486511448863
an:0.004081355175280622
problem:0.02884861761880342
here:0.008183640480106346
is:0.00854867449197567
win:0.015406706380128823
else:0.011484328296991166
somebody:0.01725331010670343
does:0.005538585519716023
eventually:0.01926044698284107
diamond:0.09103306355581009
article:0.007366662548332736
luck:0.01873994829960737
takes:0.01625409024536214
before:0.009664519396466564
going:0.009899162200225829
sometimes:0.015929574201444772
check:0.015042325293580405
s:0.008460494738945704
