mode:0.03434426230025319
some:0.005235591368311005
eisa:0.025024307289146716
out:0.005283305377042421
folks:0.016606349104460887
bbs:0.01814817332625857
emm386:0.029359926172720645
know:0.011066144624738133
all:0.004278331079131351
menus:0.02625164285182403
ah:0.021108977423635746
swap:0.023862384867587412
access:0.015033080125643613
with:0.0026225442905360866
from:0.007592576272916373
to:0.004326185704320994
line:0.012662797079847483
perhaps:0.025905484642511616
memory:0.015164270072499172
bit:0.012220108511460536
nt:0.0032021459718495
happens:0.016753710828604388
re:0.0016768632411577153
so:0.00458211030217453
anyone:0.0075018598638627405
file:0.013625497230755198
had:0.013761511082350988
this:0.009416725351953703
followup:0.02642088199076056
bus:0.01814817332625857
he:0.007130642186189396
something:0.01785346472792397
recently:0.014839962173038965
on:0.0022735821759609413
machine:0.029173088379590553
am:0.007328862586104779
card:0.013726046396924851
more:0.005701430609061551
a:0.004383645238082855
sorry:0.014248505312729257
controller:0.018887392917935727
was:0.007941355462792695
as:0.0035879558754126385
running:0.013576055661195971
speedstar:0.027378613382231676
driver:0.04950384213210393
wondered:0.025217904472398772
video:0.01567583494558306
far:0.011163130368257406
are:0.0028830106798261234
no:0.0050481871577691025
hoping:0.0214657156823889
it:0.013837214653182724
not:0.0027036323254527573
have:0.0022926036464020307
due:0.014866109797751043
delivered:0.025024307289146716
components:0.021822272018387705
try:0.010925514225755124
only:0.005979983131252406
kind:0.012356621959475605
32:0.019203671621100923
bishop:0.11615792955218938
mouse:0.03897697019935274
has:0.004774773425500228
call:0.011914601336317074
usually:0.014788119920119342
greg:0.03927595154704415
anybody:0.01363047150185065
found:0.011993365494425997
writes:0.002965302201872477
if:0.0030051588330197725
of:0.0026157926309292195
3.1:0.017585300371646715
seen:0.03487620929088367
distortion:0.027378613382231676
but:0.014916664176018167
never:0.009883135564402961
version:0.013993141738410693
order:0.012575411933329561
latest:0.03736633722199777
using:0.0098852940746409
well:0.007546492870642802
find:0.009490792545620583
in:0.0071709296728718125
indication:0.023488476307322606
minute:0.020055885086965784
system:0.010023418516782623
or:0.009071454587933883
use:0.007456410438328915
and:0.0008560480145533405
for:0.0014589635108164752
known:0.014605061648728062
subject:0.00011971729547990268
cursor:0.12608952236199386
i:0.005136288087320043
don:0.019993745918080466
the:0.006084105013364553
do:0.006442313174049297
specific:0.016435678423634227
drivers:0.03526729828233637
24x:0.027378613382231676
gateway:0.06492135290187591
wants:0.015787153195487662
an:0.004026449051846353
problem:0.01897367974928775
here:0.008073546661988323
is:0.00843366990239752
win:0.01519944127187597
else:0.011329830606897115
time:0.021249013048032023
somebody:0.01702120279585092
does:0.005464075400616705
eventually:0.01900133783060554
diamond:0.08980840350797409
article:0.0036337797323614395
little:0.010517213909858584
takes:0.016035425354168926
before:0.009534503440460288
going:0.009765989614572567
sometimes:0.01571527499694103
s:0.008346676424071995
