another:0.030798685144285815
pc:0.04628947308330393
at:0.024471250345956416
know:0.01713715452303197
all:0.013250942092309599
dos:0.04902156050338802
access:0.04656078983359063
with:0.00812260245541038
lan:0.1738772628906923
from:0.011757947978196882
work:0.02812600644430977
both:0.031190334476503302
to:0.0057424965003784615
yup:0.0808020654414706
re:0.010387236188282514
anyone:0.023234927078352653
file:0.04220119281192235
communicate:0.07894746276613
on:0.014083578478869164
a:0.0019395890636755486
same:0.053947037514683674
load:0.062444345441716176
fine:0.04498828580445222
someday:0.08007726331410157
ie:0.05810580814946405
works:0.04132119435487139
it:0.004761880968610722
have:0.007100702960384067
being:0.027025054582293723
hopefully:0.06420478579781538
if:0.009307644718936239
w4wg:0.10108543118138189
using:0.030616952481179453
windows:0.03815565529754863
they:0.012957217007051994
now:0.04588651105217345
over:0.027860288229435523
use:0.04618832021520411
and:0.010605483735855273
for:0.009037468414224276
i:0.005302741867927637
we:0.03743733071427694
possible:0.03579127254117475
will:0.015740352012545616
the:0.003140637541621054
waters:0.08479764978107866
can:0.012007861006079352
just:0.016310952270359527
is:0.0037315642623703318
simultaneously:0.07674461512478781
right:0.02694268880264305
time:0.04387527694176982
does:0.01692345575468785
while:0.030143645914979478
