some:0.0908084236214831
at:0.009788500138382568
there:0.010197544284190528
help:0.02377880800046441
all:0.02120150734769536
delete:0.05949404480876549
wang:0.06658836445345527
anyway:0.03387237579605038
thanks:0.022148740499068478
with:0.006498081964328304
beautiful:0.057039668902318874
my:0.010557936237003348
to:0.0015313324001009231
that:0.0038544958381608535
like:0.012940434038985258
could:0.01676787950362286
me:0.03611962268015149
so:0.011353451082054667
file:0.03376095424953788
getting:0.030135573024718736
hi:0.03501129622238228
tell:0.02677805615136059
used:0.021938483425965175
am:0.018159292852237396
etc:0.025803599860647064
them:0.01628732412813601
came:0.033541408138643855
more:0.014126878064674732
a:0.001551671250940439
same:0.021578815005873473
wondering:0.03998815002063663
old:0.029421256470470267
said:0.024350053651815914
files:0.18385064247709385
those:0.02062128504763956
it:0.007619009549777155
cool:0.05100918860527115
ftp:0.04214852163654528
have:0.005680562368307254
site:0.04339515774931785
has:0.02366165497525669
if:0.007446115775148992
looking:0.028820948282296047
windows:0.030524524238038905
please:0.02128239285450283
or:0.007492349530034282
bmp:0.2486491182431855
for:0.003614987365689711
subject:0.0005932657087115177
animals:0.05454029410433713
i:0.010605483735855273
everybody:0.0453101033304021
body:0.03944090137416169
any:0.011369858514320081
unfortunately:0.04090992312028841
boring:0.06333295195699445
can:0.019212577609726965
maybe:0.029421256470470267
is:0.0059705028197925315
somebody:0.042174758038608394
lot:0.027539482091837677
guess:0.03329063625484059
give:0.026258180792844518
john:0.029794204439798286
share:0.04534498910823174
