some:0.008648421297284105
out:0.00872723777096637
there:0.020395088568381056
know:0.009139815745617052
dos:0.026144832268473615
thanks:0.014765826999378985
graphics:0.026064751408442385
where:0.01368486517210194
i.e:0.025589177755373355
custom:0.039498080711142095
ca:0.015233693304387565
into:0.013265214096165824
someone:0.016321911960466815
from:0.012541811176743342
work:0.015000536770298547
both:0.016634845054135098
name:0.020460981524668527
to:0.0020417765334678974
colors:0.033777012398392925
look:0.01756420980945119
256:0.0362020247771835
amiga:0.037326513761390935
archive:0.035945687524017014
ftp.cica.indiana.edu:0.0439339066451325
that:0.0025696638921072355
control:0.02258988348104462
nt:0.005289470753499545
could:0.011178586335748574
me:0.016053165635622885
re:0.0027699296502086707
scott:0.08493504562603348
zip:0.04505111323575904
had:0.01136598878283063
something:0.014745639386396467
on:0.003755620927698444
you:0.004117029551175717
great:0.03735186205529892
them:0.010858216085424007
m:0.01013936823789683
sure:0.016163289038216323
a:0.006206685003761756
as:0.0059267715571630995
bring:0.028099014424363522
idea:0.020536120705635232
let:0.017075094390761665
advance:0.02343334234575296
files:0.024513418996945847
it:0.005079339699851437
not:0.004466000063525666
ftp:0.028099014424363522
have:0.003787041578871503
suitable:0.03809348175354531
campbell:0.08288303941439518
shareware:0.036742951703219714
hopefully:0.03424255242550154
site:0.0289301051662119
dig:0.04309443490211766
anybody:0.02251551959194589
writes:0.004898239933463425
get:0.00973610352067498
if:0.004964077183432661
even:0.01243821813160019
converted:0.03757345020781754
looking:0.019213965521530697
what:0.006818089651826898
version:0.023114597093819148
windows:0.04069936565071854
they:0.0069105157370943976
find:0.03135476648405023
up:0.009951558298906553
in:0.0026322918799183775
or:0.004994899686689521
bmp:0.12432455912159275
and:0.005656257992456146
for:0.004819983154252948
subject:0.00019775523623717257
i:0.007070322490570182
any:0.007579905676213388
program:0.020567655054696852
images:0.031524827734228024
the:0.0033500133777291247
workshop:0.04596677216884924
can:0.01280838507315131
an:0.0066510973226795314
repost:0.0411306737879455
gif:0.06939326078972599
is:0.0059705028197925315
number:0.018535295173316726
does:0.009025843069166853
dave:0.07791721491943539
image:0.054830562917535956
convert:0.03169318514961733
release:0.02943558140286858
somewhere:0.02873719302890805
s:0.004595824302637173
