dan:0.040549015197829164
bbs:0.04129635358934348
know:0.012590562506717364
menus:0.059735881183232226
shape:0.04865231211517557
into:0.018273509214105983
from:0.008638492392144648
to:0.005625302694248289
keywords:0.05866077388060134
enough:0.02481784211160608
nt:0.007286515833902433
rob:0.08980985085712732
attention:0.04331304534206794
re:0.0038157194161037807
anyone:0.017070558669810113
had:0.01565722944573607
this:0.005356963656851214
recently:0.0337684853529356
am:0.016676901598993526
a:0.0014250042100473418
sorry:0.03242261923202678
running:0.03089245318823165
driver:0.07509766527523248
wondered:0.05738359895249924
no:0.011487201389617447
silver:0.05314664708460609
it:0.00699704958653004
not:0.006152142944652703
delivered:0.05694306658652773
briefly:0.058832275087911355
try:0.02486111910554482
genesis:0.05611525490476886
leather:0.059735881183232226
robert:0.03260624519344595
mouse:0.08869249341281286
call:0.027111796918354157
anybody:0.031016276988905047
writes:0.006747575418546554
if:0.006838269589422543
of:0.0019840876078136595
3.1:0.04001553043752262
seen:0.052907446747394955
distortion:0.06230031412487412
but:0.01357720861735531
version:0.03184153681291413
seems:0.02404578662633753
latest:0.042513740818905625
professional:0.04878066703565374
in:0.0054391745477905245
indication:0.05344826751564225
system:0.02280839111471964
yes:0.05442542592865079
or:0.006880729160235564
subject:0.00027241792746957445
cursor:0.11476719790499848
don:0.04549597285440759
the:0.006153085795829003
do:0.007329774682719353
drivers:0.040125548555923526
gateway:0.04924306699700111
snow:0.05572524252905256
just:0.01198355677006006
win:0.034586483710493277
else:0.025781145156510782
right:0.01979462850806428
blue:0.04078226150472764
light:0.035634843732717275
change:0.030326623550107012
diamond:0.20435993859467572
functionality:0.05849210753416042
takes:0.03648877402020072
going:0.022222609020915125
s:0.01899294737314342
