taken:0.026787652843566347
reference:0.030338480187141095
read:0.01843091920242213
out:0.009578675602280163
there:0.0074616177689198985
surely:0.03647572461665871
know:0.010031505086652862
search:0.034692286986786315
with:0.009509388240480445
ca:0.016719907285303426
loads:0.04608709863923086
from:0.0068827012555298835
turn:0.027816895404183053
my:0.007725319197807328
to:0.005602435610125328
stop:0.027024009061631202
matt:0.0399075322714662
like:0.009468610272428239
nt:0.005805516680670232
responses:0.03606446041512939
me:0.008809664068329632
account:0.033128287859571226
norton:0.08617570114229317
anyone:0.01360093292391375
this:0.008536299810917383
off:0.01775168656875082
big:0.022567321576159004
starting:0.06376458508743443
on:0.004122022969425122
tell:0.019593699622946773
a:0.004541476832020798
how:0.021388016215107716
running:0.02461349928818457
removing:0.04137813180011926
causes:0.034692286986786315
it:0.016724655109266927
deleted:0.02856406095120599
have:0.008313018099961836
has:0.008656703039728058
familiar:0.03745250763976491
be:0.004702937049898141
which:0.010503189695264373
found:0.021744069148430877
of:0.00474245330648143
failure:0.038612603265969686
3.1:0.03188229254371722
but:0.005408806684962686
windows:0.11167508867575208
please:0.015572482576465487
who:0.010512624993771126
up:0.03276732610615572
email:0.02230811917860115
in:0.0014445504219064269
installed:0.03256398337687068
or:0.005482206973195816
and:0.0062080880405006485
still:0.01659926083113453
for:0.005290225413204456
subject:0.00021704843001640894
i:0.009312132060750973
group:0.021927771827696303
top:0.027492944928189558
program:0.022574255547838012
the:0.0006128073251943521
when:0.021262999070629854
ibm:0.032036317635119244
would:0.007582517448003058
can:0.007028991808436694
home:0.023815959771230476
did:0.013365130434495654
leland.stanford.edu:0.04103503948718937
friend:0.028237393656039077
7:0.02594738641407566
an:0.007299984866355584
here:0.014637405736775579
is:0.002184330299924097
desktop:0.08141168285478953
win:0.027556710598604404
type:0.026345630165298346
run:0.021762881531604838
automatically:0.03831871290730049
slow:0.03338640735806375
already:0.023624279034937818
adds:0.04400230572095707
process:0.029402957180760712
news:0.02495021557856438
