read:0.04198153818329484
go:0.01801326159068636
there:0.008497953570158772
surely:0.04154179748008353
know:0.011424769682021312
your:0.011666039094270948
with:0.005415068303606919
though:0.023014298163061848
into:0.01658151762020728
loads:0.05248808456134625
from:0.007838631985464589
turn:0.03168035309920847
post:0.023912757448436853
to:0.007656662000504615
stop:0.030777343653524417
line:0.026146331007462855
matt:0.0454502450869476
software:0.026072091560011633
that:0.0032120798651340443
like:0.010783695032487713
me:0.010033228522264303
re:0.003462412062760838
norton:0.0981445485231672
anyone:0.015489951385568437
this:0.009721897006878128
off:0.02021719859218843
starting:0.0363103887303446
on:0.0046945261596230544
you:0.005146286938969647
tell:0.022315046792800487
3:0.021680240228126105
a:0.0012930593757836991
how:0.02435857402276156
danny:0.05079992199843927
shell:0.0446224063118033
are:0.00595288316297431
manual:0.036385161082247805
daniel:0.07923296287404331
it:0.009523761937221443
have:0.004733801973589378
familiar:0.04265424481195448
writes:0.006122799916829281
get:0.012170129400843725
of:0.0036007515845507157
3.1:0.0363103887303446
using:0.020411301654119633
windows:0.07631131059509726
who:0.011972711798461558
up:0.012439447873633191
david:0.023115233697634203
in:0.0016451824249489857
installed:0.03708675884588049
or:0.0062436246083619005
and:0.005302741867927637
for:0.006024978942816185
subject:0.0002471940452964657
i:0.007070322490570182
top:0.03131140950154922
program:0.025709568818371064
the:0.00279167781477427
when:0.012108096692997554
ibm:0.036485806195552466
would:0.008635644871336815
can:0.008005240670719567
leland.stanford.edu:0.09346870105415354
friend:0.064318507772089
an:0.008313871653349413
is:0.002487709508246888
desktop:0.09271886102906583
win:0.03138403151507723
type:0.030004745466034224
2:0.0180408291860686
run:0.02478550396654995
1:0.018134480480784337
automatically:0.04364075636664777
slow:0.03802340838001705
change:0.027518602851023033
article:0.007503082225153713
already:0.0269054289009014
adds:0.05011373707108999
process:0.03348670123364414
