mode:0.05245733214353741
seemed:0.028897828057080098
since:0.027408515389091524
correct:0.02241244822042088
there:0.0062861574354599135
printing:0.13313681591267662
modify:0.036597881727334025
thanks:0.01365333318435728
i.e:0.02366122600668084
with:0.012017000892935904
ca:0.014085949288303569
from:0.011596880197673638
post:0.017688889071446442
my:0.01301663371685344
to:0.0066078041922163116
december:0.03480086621728272
that:0.009504236313273337
r:0.02123438196389815
nt:0.0048909489844002636
so:0.00699870272181452
had:0.02101929432441281
this:0.0035957701258316366
best:0.016679288218913933
these:0.011346821733554401
on:0.010417989559711436
narrow:0.037578024491996175
orientation:0.03793859800901961
came:0.02067621049642429
deskjet:0.17306136651794168
a:0.0038260387009490275
how:0.009009335597459756
driver:0.02520401094853693
advance:0.02166781655257979
it:0.0023483248612326847
not:0.008259041213369381
have:0.003501716528408581
due:0.022706455376017003
ve:0.012500915746763248
b:0.02096512566105645
craig:0.06253405127795227
500:0.028560117365407808
be:0.003962063405051173
summarize:0.03926182560512138
550:0.08299877765209276
get:0.009002561474596727
end:0.03704429318596588
of:0.0013317848326420455
print:0.09033622666139841
present:0.024825344402940437
windows:0.018816487543996584
please:0.03935784979942304
groups:0.02520401094853693
up:0.009201783358577976
net:0.045412910752034005
now:0.011314482177248248
in:0.004867937038205219
and:0.001307525392091746
word:0.021019702165502866
still:0.027968617564788315
for:0.0022284168692607805
subject:0.000182855869123413
however:0.03283697129036867
i:0.010460203136733967
will:0.007762365376049893
reverse:0.034347853871361175
the:0.007227768588936124
do:0.009839971491869817
when:0.008956674266052985
disable:0.039971008337592887
got:0.015151738504319
would:0.006388011274687507
wants:0.024113254538313346
bought:0.025089614718277125
problem:0.014490173233188932
is:0.0036804469437077244
printer:0.05953331749627165
keep:0.018146675233739185
history:0.022746627427060826
answer:0.020796377000882577
bug:0.06794929424568029
s:0.004249563567506974
