stephen:0.11633312226831478
know:0.035253575018808624
with:0.016709353622558494
to:0.007875423771947604
stop:0.0949700889880182
like:0.03327540181453352
nt:0.020402244334926815
re:0.010684014365090587
norton:0.30284603544291594
this:0.014999498239183399
how:0.037581799920832125
if:0.01914715485038312
windows:0.07849163375495719
in:0.005076562911271156
or:0.01926604164865958
install:0.12623286814398943
for:0.009295681797487828
subject:0.0007627701969148084
i:0.005454248778439855
group:0.07706045528018986
program:0.1586647675648043
exist:0.10390069930846015
the:0.002153580028540151
would:0.026647132745839314
apps:0.1511206717405855
an:0.025654232530335334
desktop:0.286103914032546
does:0.03481396612392929
run:0.07648098366821128
icon:0.1602569685121078
s:0.01772675088160052
