above:0.013089692452541083
characters:0.024346042833699538
at:0.008470817427446454
out:0.005664312976348365
all:0.004586864570414862
default:0.023075361950008588
document:0.02189823736455047
nichols:0.026078172090021324
versions:0.021348187599272855
your:0.006057366452794532
with:0.005623340161437955
setting:0.020681907968089455
microsoft:0.02047886583528526
4:0.011943603385474419
though:0.011949731738512884
work:0.009735925307645691
to:0.003975574500262012
256:0.023496506465960444
value:0.017951215479599363
might:0.010226370845569452
t:0.012385928149040588
been:0.007054040323179997
that:0.0033356213984084312
quite:0.012770189337064431
generally:0.018590141794341826
need:0.009236548036044406
font:0.09598211805002722
re:0.0017977908787412046
this:0.005047908061263645
bell:0.02145770696625276
something:0.009570487101747707
on:0.009750169716140192
you:0.008016331578010412
them:0.007047399863135774
size:0.017311909312816672
m:0.0065808399620965
a:0.00402837728609537
ms-windows:0.026438918176285332
render:0.026438918176285332
as:0.01154010808005315
driver:0.017691276915799962
section:0.019758457334727343
display:0.0531652127442617
are:0.003090920103852046
complex:0.021615350345209446
square:0.04877322863514777
place:0.013074171237098201
it:0.0016483434122114037
not:0.0057972116209227395
ve:0.017549362490648406
fail:0.021947046842742863
against:0.012419619193066571
able:0.012680121279378218
screen:0.03594526125101969
be:0.002781063736237843
which:0.006211020829411143
common:0.01618330788284303
found:0.012858271659889411
writes:0.0031791461106613576
applications:0.018751447247088136
get:0.012638211300876176
of:0.006543673552693127
3.1:0.018853471071525085
kit:0.02481235180479237
but:0.012793908120200198
print:0.06340908217578928
using:0.010598175858869812
windows:0.0396231805013005
parameter:0.029834203090358884
highly:0.02008016208850289
depending:0.02163829880075107
postscript:0.02418709638052219
boxes:0.04740812996908635
bob:0.017711562567447596
in:0.0025626880080936126
point:0.010584307506057985
installed:0.01925658632382256
or:0.00324188200818791
bitmap:0.02558322993015381
use:0.007994132344939174
and:0.000917782246372091
few:0.010988593754357148
subject:0.0001283507542885495
cause:0.015161063141067629
300:0.019997695361453616
i:0.0045889112318604555
pretty:0.013836634889036668
will:0.005448583388958098
yet:0.01264456126291425
the:0.006522862586443728
do:0.003453451533204311
when:0.006286896359825654
older:0.021241107620382838
around:0.011380742467084787
can:0.004156567271335161
correctly:0.06286014618793816
instead:0.014748722651849238
generic:0.026501764722282224
may:0.008947238112691495
problem:0.03051296094296516
just:0.0056460988628167594
different:0.012150081240438692
is:0.0025833906431794607
number:0.012030119463450761
write:0.03129013389411071
new:0.01657691889311103
entry:0.023995529512506806
printer:0.0835756187928429
presumably:0.023704064984543177
does:0.005858119299699641
fonts:0.16667912942353344
resource:0.02384758884583972
under:0.011669824168777113
resolution:0.021479913436715712
article:0.0038958311553682744
truetype:0.15330203124330063
laboratories:0.02718002721391638
going:0.01047026771177732
by:0.009523418027088136
