go:0.026289625024244964
tried:0.0418630277437388
post:0.03489970005988082
to:0.01117458778452025
obviously:0.04975531190305347
otherwise:0.048018713940703193
software:0.03805116065515212
mail:0.08281933796853665
that:0.004687900343709146
through:0.03201977424357874
re:0.005053250037542845
so:0.013808251316012434
charles:0.05562503587748426
you:0.015021594308343834
as:0.010812353516446195
internet:0.03860181004208928
doors:0.06974282669455154
licensed:0.07396827770343259
it:0.004633181482972594
not:0.00814743254832385
should:0.022200164084236213
have:0.006908792069562877
carlos:0.5921225709250604
open:0.04466162944261302
screen:0.05051766446089254
be:0.023451132046113703
writes:0.008935978256994086
if:0.009056086753559586
3.1:0.052993540309151585
eh:0.06734172970485623
well:0.022741458245315472
windows:0.037124421370587864
accept:0.04827178338733424
in:0.0048021541052565
for:0.004396606255568568
subject:0.000360769687729977
i:0.005159424520145809
ways:0.04822078893620398
the:0.002037170297267711
when:0.017671276254645082
would:0.025206747192010166
can:0.023366648444262526
simple:0.04458362914805731
an:0.012133758629212659
about:0.013311029463809076
is:0.007261422348396322
pirates:0.07768588973376936
designed:0.053102667525442744
change:0.08032457048406724
going:0.029429941676347063
data:0.03965331923251098
news:0.04147130427247863
