ask:0.030360026920378827
there:0.009560197766428618
know:0.012852865892273977
send:0.030555699175793986
work:0.02109450483323233
my:0.019796130444381277
to:0.011484993000756923
look:0.024699670044540732
that:0.0072271796965516
nt:0.007438318247108734
its:0.02153983912535594
me:0.01128738208754734
anything:0.02417959531582712
norton:0.05520630854428155
lotus:0.06410646821257392
greatly:0.040655511977089595
so:0.01064386038942625
file:0.03165089460894176
had:0.015983421725855575
on:0.005281341929575936
you:0.005789572806340852
working:0.03300561469486049
a:0.002909383595513323
want:0.019714562163668556
question:0.022739438368199003
files:0.06894399092891018
model:0.03811407824566197
it:0.02499987508520629
have:0.0213021088811522
pointer:0.0593746424596823
cica:0.1212030981622059
feel:0.03173204879423101
demo:0.1165542741764932
heard:0.028152576660623693
be:0.006025638095181992
again:0.025436136855291853
they:0.009717912755288997
eliminated:0.061175088426759484
in:0.003701660456135218
or:0.014048155368814277
install:0.09204479968832563
and:0.003977056400945728
for:0.003389050655334104
subject:0.0002780933009585239
however:0.024969780252051176
i:0.013919697403310049
appreciated:0.03525793874141919
any:0.010659242357175075
addition:0.04130588146605618
the:0.0007851593854052635
do:0.007482478321942673
see:0.018431101681366416
thank:0.037817649028849105
would:0.009715100480253917
did:0.017124073369197555
just:0.012233214202769644
about:0.02052117042337232
is:0.002798673196777749
desktop:0.05215435932884953
downloaded:0.06137350712437088
eventually:0.04413852433567745
before:0.022147856950235877
buying:0.04178352005455746
