chris:0.13702668724711786
graphics:0.1256693371478472
with:0.02088669202819812
think:0.051419572411734116
nt:0.025502805418658517
anyone:0.1194939106886708
you:0.01984996390745435
used:0.07051655386917377
card:0.10931815523265148
nine:0.18026106631872468
video:0.24969365663321588
has:0.03802765978166253
what:0.03287293224987969
windows:0.19622908438739295
or:0.024082552060824474
use:0.059384983133833856
subject:0.0009534627461435106
the:0.002691975035675189
do:0.025654211389517737
adaptor:0.2206978127282638
number:0.1787332034569827
9:0.2543452611160733
2:0.06958605543197888
