above:0.010391816908887576
some:0.004456247615012802
since:0.01527344750689833
at:0.01344984751838826
there:0.0035029732273936924
all:0.007282960539284665
knows:0.013335730576874942
dos:0.013471573878793655
codes:0.020989675498730338
truly:0.016634746065001444
your:0.004808901611378864
with:0.0066964966807963435
way:0.006612109998269249
concerning:0.01746275665441872
from:0.0032311918108021967
turn:0.0130590768500554
wire:0.01945865753495337
my:0.01450708795924124
to:0.0031561812826507575
5.0:0.019360365565096824
look:0.009050260779679048
important:0.011993775927378712
most:0.007086242228881824
clock:0.016374583273280213
connector:0.02010835658022004
keyboard:0.12142550096111057
software:0.010747274383516246
engineer:0.017017577632564673
that:0.0026481269117135634
like:0.004445187265300279
communication:0.018368940767666403
its:0.01578492027507
advise:0.022873865651950286
me:0.008271669316065227
need:0.021998496085846215
exactly:0.01227626966897713
anyone:0.0063851708001579814
this:0.004007499529552817
off:0.008333807053268513
goal:0.016008115131144376
on:0.005805444563808663
you:0.004242740377165815
relative:0.018790532353789725
bible:0.013736387411669071
3:0.008936892918464197
m:0.010448967268061618
a:0.00533016841926105
how:0.005020469455072994
other:0.010529068609403898
ps/2:0.023685168865628426
standard:0.011618490612451285
physically:0.020480013694819946
486:0.036396386162497754
l:0.01261435335402047
are:0.0024538602351191815
book:0.011869078285052188
z:0.01904988602519624
it:0.005234434041831632
not:0.004602366477679121
expecting:0.021353454810960588
have:0.0019513382181208124
only:0.00508983297049346
hope:0.011024662357404753
real:0.009761808603046745
providing:0.01760302208269636
edition:0.018600332453988674
willing:0.013648472725113247
be:0.008831469574617883
leds:0.025283299914705466
recognize:0.01708826102098924
if:0.005115652059262666
whatever:0.01261435335402047
of:0.005937117116511103
style:0.017522240360589324
host:0.054811312181367075
even:0.006409005525824525
safe:0.015850156290828137
3.1:0.014967641156019913
gives:0.013879864411435516
available:0.010309403922955077
what:0.0035131377976970655
but:0.002539248939887062
2nd:0.016666552864845502
huge:0.016404286099394927
windows:0.02097104718643894
please:0.007310745637042957
must:0.008845268807173652
highly:0.015941502726750385
direction:0.016863169408548206
asynchronous:0.025283299914705466
one:0.003753095067845887
in:0.0020345004033720283
hb:0.027233016035949704
thomas:0.02812217567961145
heart:0.015156422187197012
point:0.00840280901244298
replace:0.016780011568147797
system:0.008531382936040171
fellow:0.018368940767666403
or:0.010294831415314279
world:0.00962309423180411
and:0.0036431051001029565
for:0.007450737318597115
subject:0.00010189678203060419
scan:0.019992100063102827
i:0.006557589180185322
any:0.007811353177777154
information:0.027925434555157613
will:0.021627964597390924
source:0.011905602907251237
detailed:0.01887504046782489
event:0.03170031258165627
than:0.005460310237478859
the:0.004315379828181601
do:0.002741671446208002
thing:0.008640963492843346
thank:0.013856848499120283
can:0.006599740400287888
home:0.011180775007104383
an:0.0034270921319150254
current:0.012069640166911519
is:0.009229212374106776
number:0.009550629192357855
either:0.009555582851577702
right:0.007404097686222517
lack:0.014807332285887735
hardware:0.040645203706197154
time:0.006028664007266082
window:0.013309132602386036
specifications:0.022415299576217216
questions:0.011542657775746227
2:0.007436677679753468
build:0.014242874286329596
1:0.007475282030246979
serial:0.01579892338879707
leaves:0.019020183199081532
afford:0.01803475797749724
article:0.0030928735889946602
little:0.008951674434726963
written:0.01367755320021416
project:0.029401800423000387
by:0.0037802880718212444
data:0.011199792454984016
mine:0.012462744445801473
s:0.002368077407847398
