some:0.015162816560173431
since:0.01299234820392001
1.1:0.036328604938127756
believe:0.01410825896318403
programming:0.08547621987980515
valuable:0.033757853918049745
with:0.011392741106289883
c:0.01679284217811013
microsoft:0.02765976684246321
from:0.03298333458818866
considerations:0.0378945923200556
learning:0.03225911090467455
to:0.0035797380781580025
gui:0.03743872051048905
look:0.015397196910882536
visual:0.03327663331964895
important:0.02040499540891703
software:0.018284323951176993
mail:0.01989815262880426
class:0.025767335530318198
that:0.006757882313658639
provide:0.021928283625216972
nt:0.009273747424966734
re:0.0024281850829751335
these:0.010757376448694433
libraries:0.03256354977414761
m:0.03555362888613175
a:0.0018136417218784352
as:0.0051955464949157044
3.5:0.031166722633777837
closely:0.03230886981860682
also:0.009633098257659524
across:0.02505950728463534
are:0.00834949846235358
sake:0.03235901297506079
native:0.03434560721376943
it:0.004452667918700935
not:0.0039150000556880836
should:0.010667611313204414
purchase:0.028327671942721053
application:0.047926853348271806
have:0.006639618352566921
being:0.012635090454059405
stefan:0.20705728895199044
classes:0.06739142925147415
quality:0.0249621028608724
manage:0.03272129453108946
be:0.0037562419294641
writes:0.004293911629984172
of:0.0063130060248616435
version:0.02026279615367263
using:0.014314419341850135
windows:0.05351702301474354
they:0.0060579196396606735
good:0.021039088978694796
one:0.00638513576477677
olson:0.07627024011647937
code:0.021042289028127898
in:0.002307528596032344
world:0.016371757719043357
and:0.003718805985299901
few:0.014841737018871991
for:0.006337964861923519
however:0.015565577299979956
i:0.007437611970599802
structures:0.03754972332451048
methodology:0.037777589037570676
creates:0.0355431983769741
source:0.020254986764284576
the:0.005383950071350378
do:0.0046644020708214076
hello:0.025125264874362153
arbitrary:0.03499190328745146
come:0.031184333434667644
an:0.005830507393258031
just:0.007625899762765493
is:0.003489254894683947
levels:0.029776656042163972
object:0.027467352572291968
win:0.02200958054304118
new:0.022389604738747362
oriented:0.03588059927912157
api:0.08129326576707693
changing:0.027807914100685102
very:0.033959269320456766
already:0.0188687423460867
brett:0.03401253387359053
comes:0.019637508683412415
close:0.02256437153357494
data:0.019054192358479303
giving:0.024632252904474516
