some:0.009193203741207513
manager:0.015460229684699203
pc:0.013121425440936547
there:0.00722660618564683
know:0.00971555217053781
delete:0.04216113411644798
dos:0.04168762625484966
means:0.011159823702514775
take:0.008369091064313793
with:0.0023024699873604227
way:0.006820365431285604
user:0.014888360171626046
microsoft:0.050310284571724415
4:0.009780588599128658
such:0.0075709338719204666
from:0.0033329616316148643
prevent:0.01583865146523099
to:0.006511177134287389
sharing:0.021650767640422633
job:0.01366727777672904
positive:0.017429133859514223
graphical:0.02343023663153703
make:0.013858901443698455
that:0.001365766241868019
me:0.0042660971669470265
file:0.011962542844324445
error:0.014824638421937002
carefully:0.018307651778074106
editing:0.022975461485388038
distribute:0.02219845583909475
opening:0.019353727233715857
hi:0.012405577401631514
two:0.0073416906797374466
you:0.013129109986032799
tell:0.009488287612686821
used:0.007773478379278998
products:0.01594522359896413
os:0.056094687421822095
3:0.00921836986077803
why:0.014013563623259893
more:0.005005586715829629
jobs:0.019440258362529935
a:0.0049482429655974625
how:0.005178594477280017
ms-windows:0.1299046058425358
want:0.007451173101229061
related:0.015173775533980981
mac:0.027017969565442015
question:0.008594433399004347
parameters:0.021970159549132746
worst:0.016967365802336664
files:0.03908635706205932
no:0.013296209482470588
jesse:0.05072364583353447
causes:0.01679980826525479
care:0.012464633627062587
reason:0.010520519385860346
it:0.006749122632676613
not:0.01186830725543238
flame:0.016526194901093683
should:0.012935528679003777
have:0.006038393068673065
try:0.009592085324186586
between:0.009145141126166951
real:0.010069267141725383
after:0.007595329478995871
doing:0.021107896891065476
open:0.013011655821863633
nonsense:0.020701310723820712
environment:0.03305238980218737
be:0.006832219572489819
if:0.015830324876301007
of:0.0022965423492016376
interface:0.016624801325999538
but:0.01309612642225217
evaluate:0.022766367684939424
saving:0.020782489019894476
sense:0.01293827577308264
easy:0.026091980820935494
windows:0.02163155260963387
please:0.015082010684293344
groups:0.014487344875930676
they:0.014691647630043207
find:0.00833246747115508
good:0.00637799154078543
in:0.0013990527708227596
5:0.010231783019360957
system:0.017600175820807282
or:0.0053095390370321675
use:0.013092752186986993
and:0.002254709140693641
for:0.0012809010350869055
subject:0.00010510612949613503
purpose:0.014806620047813334
create:0.044915500290278965
capacity:0.020467360249526223
editor:0.018178557987432408
i:0.000751569713564547
example:0.011068343085661042
everybody:0.01605476102258342
group:0.04247426668986843
ago:0.011264431989624582
will:0.008923664133096728
program:0.010931627686551476
the:0.0026707783818509753
users:0.03109210683666285
thing:0.0089131198233266
see:0.00696608567484715
would:0.003671849000410929
can:0.010211409359500552
did:0.006472090722216399
once:0.010563114940649238
forget:0.015115013131553126
satisfy:0.022567821017117014
an:0.0035350320415816405
problem:0.01665799442555578
just:0.009247154043038473
makes:0.010995975914377851
people:0.011852544410024547
many:0.014592134075418059
language:0.01605476102258342
is:0.007404363733207272
save:0.01426185130874525
disk:0.013783381825983786
days:0.011725404033662096
keep:0.01043076607923591
easier:0.016443597300821265
2:0.007670903748407121
their:0.005959384325124858
1:0.007710723983955546
too:0.007687078219938963
loaded:0.01837382153522521
e-mail:0.010825573923827821
full:0.012164025527256902
before:0.008370843571742694
documentation:0.01762647396653221
compromise:0.020865376457681217
answer:0.011953823000507308
by:0.003899352263059709
s:0.0048853250461103805
share:0.016067122124964
