prism.gatech.edu:0.02779474464767222
mode:0.022525795567519005
since:0.011769538961198126
at:0.005182147132084889
there:0.010797399830319382
technology:0.01980980991657025
all:0.005612163709684066
small:0.035161716473717776
dos:0.062286218051363605
corner:0.028832105764186638
ncsu.edu:0.03477220452821592
enhanced:0.03258256064304037
your:0.014822732025661912
with:0.0034401610399385136
way:0.010190428350273784
much:0.010277628644470184
my:0.005589495654884125
to:0.005674937718021068
sound:0.02030107817134371
justified:0.029788099467114727
otherwise:0.020902263715364917
h:0.020783424260555978
t:0.03030909476471108
next:0.015755176610289266
that:0.004081230887464433
control:0.01793902511730014
trivial:0.06687314493131012
me:0.006374051061203204
wanting:0.03250360169991013
font:0.11743694443768037
re:0.0021996500163421794
so:0.006010650572852471
you:0.003269405820051305
am:0.009613743274713916
concerned:0.023682289662104877
size:0.04236326043606903
a:0.0024644190456112854
how:0.007737429395465437
was:0.005208594906478739
as:0.00941310776725904
fine:0.01905386222306212
far:0.014643400424243539
are:0.0037818316564777973
internet:0.016803140841850625
square:0.02983773987091393
it:0.0020167966455292468
not:0.010639588386634674
have:0.00300735654792737
try:0.014331703954961132
massive:0.02935923610942009
left:0.017202383432356243
settings:0.02959362380675656
without:0.013218885204720558
dialog:0.033079957043205446
perfectly:0.026281305851981573
14:0.02196384011621569
writes:0.003889778770691543
if:0.0039420612927259365
of:0.004575072601546792
georgia:0.02827145764769061
monitor:0.02204279905934593
menu:0.03030442658995229
institute:0.022896810881960626
ok:0.019199112885358423
fairly:0.02308356793086992
windows:0.03232008448733531
please:0.011267149158266205
necessarily:0.02286625313562472
up:0.00790270806089638
net:0.019500838146461662
now:0.009717143516930848
box:0.018638464768862394
one:0.005784181810444838
in:0.004180698868105659
yes:0.015687328650022876
world:0.014830886404309863
and:0.00449173428812694
for:0.0038276336813185177
enjoy:0.027192615161427694
subject:0.00015704092289422526
i:0.001122933572031735
we:0.007927905327729235
top:0.01989195427157244
386:0.02775962601833985
normal:0.022190368673638487
the:0.004877225358752697
around:0.013924673136197857
complicated:0.029222959290116948
refer:0.026363577863597693
problem:0.012444501717915201
expressed:0.024175053680136983
is:0.011062990519027337
move:0.02080485362101775
readers:0.026763503398803182
new:0.010141173911079687
time:0.009291235117080668
window:0.08204688804294451
questions:0.017789272572032423
appropriate:0.023788280870944156
fonts:0.02913383102528988
too:0.011485399222732333
under:0.014278373100621407
supposed:0.021462911831860946
article:0.009533328003724717
little:0.013796110011167435
opinions:0.01679770679717672
919:0.032994081752492785
playing:0.023560999737382897
answer:0.03572083578975125
by:0.005826091028336271
s:0.01459850072602396
newsgroups:0.025213366710714676
