at:0.006829186143057605
there:0.014229131559335619
technology:0.026105951052844516
dos:0.027360870978635175
fax:0.023710413487468135
both:0.01740855877758324
to:0.004273485767723507
that:0.0026891831429029208
higher:0.0287742163801387
nt:0.005535492649011151
its:0.01602964772119512
need:0.014893038693777024
re:0.0028987635874276785
norton:0.04108376449807
infrastructure:0.13747150627434201
goal:0.03251260592526998
unix:0.030717576869149867
os:0.036816668230343186
prove:0.03044107240243099
a:0.0032476840135962676
ms-windows:0.1278905809457523
ms:0.032404185444845635
was:0.013728079598471095
drive:0.021889951541131693
also:0.01149997776495788
course:0.03792483410697704
are:0.004983809159699423
d:0.014122823429279344
it:0.026577940289920308
not:0.009347441993425812
have:0.003963183047656224
101:0.13488486359736007
nh:0.047146513851375735
be:0.017936783167053372
get:0.01018894554489242
of:0.004521874082924155
what:0.014270420201498157
but:0.010314468562021865
together:0.027588885592637447
windows:0.042592359401914755
groups:0.028525469755708462
they:0.007231935073703439
now:0.012805537968048404
good:0.050232863608046484
in:0.005509448120759395
use:0.012889763780987194
and:0.0014798349398867823
for:0.007566252625862186
subject:0.00020695315420169222
we:0.03134288152823186
information:0.018905591352587323
will:0.00878531275118825
masses:0.0426301936485841
the:0.002921523294531213
do:0.005568355960515478
see:0.013716168693109891
ibm:0.03054625634976486
level:0.02729097025266472
effect:0.05374222410267296
102:0.14981169815950876
may:0.014426554476277758
7:0.024740531232025628
problem:0.0163997309460898
about:0.0076357843435804
is:0.012496401250728553
desktop:0.038812546477283376
lee:0.09923607672964456
icon:0.04348057285212228
supposed:0.028284457452840004
function:0.031883725732926034
going:0.016882292124416144
s:0.009619167145054548
