true:0.033118984514844185
thanks:0.025556239037386703
tony:0.1777978683631811
ca:0.026366007642209244
such:0.024654066711125622
colors:0.11692042753289858
think:0.018458308045237886
provide:0.04329430356773607
nt:0.00915485322721075
me:0.013892162569289034
need:0.02463079476278508
michael:0.03852173335479089
so:0.013100135863909231
tell:0.030897757097723754
am:0.02095303021412007
purchased:0.06136993073298365
corresponding:0.07033835353630052
card:0.07848482939780106
a:0.0035807798098625512
driver:0.1415302153263997
forever:0.06050174901433044
question:0.02798700106855262
fine:0.04152764843487897
advance:0.04055770790611089
video:0.08963362032987238
works:0.0381426409429582
it:0.008791164865127486
whether:0.03663408442156185
color:0.047367078289787
be:0.007416169963300914
which:0.016562722211763047
g:0.09064107592337185
if:0.008591672048248837
3.1:0.05027592285740022
available:0.03462902343351577
but:0.01705854416026693
using:0.028261802290319497
windows:0.03522060489004489
please:0.02455660713981096
find:0.027133932534274232
now:0.021178389716387747
called:0.03438787815200941
in:0.002277944896083211
use:0.02131768625317113
better:0.028669434247453884
for:0.012513417804310539
subject:0.00034226867810279864
i:0.012237096618294545
will:0.014529555703888261
the:0.0019327000256129563
hello:0.04960629218784322
can:0.011084179390227093
drivers:0.10082830149950014
jordan:0.07050378180342755
about:0.012628412568229122
lab:0.05525270402299375
is:0.006889041715145228
23:0.05550861097892373
