at:0.020487558429172815
andrew:0.0875687943993488
microsoft:0.19812112063903878
ca:0.04782671153703072
name:0.0642379652518663
remember:0.0647121868958426
sound:0.08026007649135886
cco.caltech.edu:0.10466898024549354
nt:0.016606477947033453
this:0.012208893915614395
internal:0.18430546121489919
m:0.03183290028176912
a:0.0032476840135962676
driver:0.1711528185342508
should:0.03820493354031348
ftp:0.08821783598346687
probably:0.055516830582074614
site:0.18165414871807473
be:0.01345258737529003
of:0.004521874082924155
looking:0.060322915009456836
but:0.030943405686065593
windows:0.06388853910287212
in:0.004132086090569546
speaker:0.24504136855896047
for:0.015132505251724371
subject:0.0006208594626050766
i:0.008879009639320694
the:0.0035058279534374557
is:0.006248200625364277
faq:0.09028128053250603
somewhere:0.09022141997447876
s:0.028857501435163642
