music:0.03937314905718876
know:0.021091882489885503
media:0.03377312983500224
with:0.0099970491758897
way:0.014806605295269603
microsoft:0.036406872596062685
1.0:0.09378447138173406
feet:0.03753899101671224
my:0.008121489413079499
to:0.004711792000310533
player:0.03322447036800173
that:0.0059299935971705445
control:0.0260652501704361
through:0.02025182302585322
so:0.008733423909272823
this:0.004487029387789906
acsu.buffalo.edu:0.046361194826704574
something:0.017014199291995925
on:0.008666817525457948
set:0.06793370728528003
etc:0.01984892296972851
state:0.022715499033680482
card:0.026161609799267026
m:0.011699271043727113
a:0.002387186539908368
how:0.011242418779736106
want:0.016176051006087024
sb:0.04972434796398192
running:0.025875730020911984
driver:0.03145115896142216
buffalo:0.04380001308740118
panel:0.04214055997252121
computer:0.022911990642438596
files:0.11313885690898083
play:0.10946729000958776
have:0.013108990080709046
properly:0.036801419961559806
university:0.02008837693674063
love:0.027967670428901272
be:0.009888226617734553
get:0.011233965600778825
if:0.005727781365499225
of:0.00332377069343143
wm:0.046258834219467686
york:0.032163822285687545
windows:0.07044120978008978
up:0.0344477018039073
david:0.02133713879781619
sounds:0.03045046635522084
in:0.003037259861444282
thomas:0.03148722234212906
or:0.005763345792334063
and:0.001631612882439273
subject:0.00022817911873519915
i:0.01631612882439273
normal:0.03224241602152601
the:0.005798100076838869
do:0.00613946939236322
can:0.007389452926818064
about:0.00841894171215275
is:0.004592694476763486
new:0.014735039016098694
patch:0.045207038554876004
food:0.03602973751137091
soundblaster:0.10607716654349826
nothing:0.02183637608120435
maps:0.05086564191803766
midi:0.21802955554602757
included:0.03198958504701683
