at:0.0032152007753811353
out:0.008599832840003357
u.washington.edu:0.024642547259717946
there:0.0033495583415224356
scheme:0.01675484297253432
dos:0.03864473382748837
tried:0.022612146372530444
thanks:0.0072751337405699374
with:0.0064032194539001535
way:0.006322528538491034
into:0.013071561335637857
from:0.012358719042776285
work:0.0073907754160230064
turn:0.012487146477060274
themselves:0.011811862103367947
my:0.0034679352603295666
to:0.0040239391535498705
colors:0.03328391732688354
changes:0.014882880655971492
bizarre:0.021298420501053145
within:0.023623724206735894
design:0.013734186888414024
then:0.011648761677195644
software:0.010276590833873198
been:0.010709783848331673
that:0.003798225825924929
ran:0.016568596695116632
problems:0.020022432378772066
like:0.0042505075310535516
nt:0.00781837830353035
so:0.00372923575687927
had:0.005600030969642829
this:0.0057479829018768505
getting:0.0098985458840317
hi:0.01150006080297228
on:0.005551191517218503
you:0.012170780789972012
machine:0.035614591470704525
am:0.0119294624576742
etc:0.008475634990723487
card:0.011171198344942488
computers:0.01583127323572507
m:0.004995674131810482
board:0.013106556639982277
a:0.0030580382317804272
other:0.010067941517021246
was:0.0032316099784722102
finished:0.018048396359744968
assistance:0.01900865479668393
standard:0.011109651607526411
driver:0.013429874447030627
fine:0.011821739335476497
also:0.005414223108319585
vga:0.01646124674910826
avail:0.021433607623974126
advance:0.011545624878381932
uniform:0.020315453589434224
video:0.03827421014085791
are:0.0023463919036541075
no:0.004108561080958065
d:0.006649066505025677
log:0.020118127964360227
it:0.0075077831329920875
not:0.0022004014911531566
deleted:0.012822552908753053
have:0.003731756300347831
properly:0.015714474947089403
ve:0.006661071894260709
similarly:0.018075734577734596
session:0.017588393728739986
color:0.04045217634967211
novell:0.020980860731018
exit:0.019420846078364935
configured:0.02157399551020696
has:0.0038860382258633247
open:0.012061899922457528
feel:0.01111779811768678
attacking:0.01934235627828843
screen:0.04093037047561366
network:0.01340689660594736
thinking:0.012713600488498742
get:0.009593970622562936
down:0.008629071448734153
things:0.01631186808861496
if:0.0097832178067651
of:0.002128911520792759
totally:0.015034727374338147
286:0.020166468207973437
3.1:0.014312124025099333
but:0.004856081914236571
initially:0.01975285986743693
again:0.017823862321956336
using:0.008045330578996061
windows:0.10026303581837596
net:0.036297180491589226
in:0.0012969321306167188
office:0.013323860996518834
thoughts:0.0156716215971745
and:0.0034835530519232646
gets:0.012179986651068628
pop:0.019265519018442326
for:0.0011874046091681532
subject:9.743414924094269e-05
however:0.008748536146704062
until:0.020884421353026598
grey:0.02002332691909285
i:0.008360527324615837
back:0.02306229985475406
any:0.014938500237792807
will:0.004136150893807607
program:0.01013369865833604
the:0.0052267544488292
originally:0.016605093349622412
do:0.007864794732552884
when:0.014317603388800029
original:0.02252677381951445
start:0.010283073313439826
did:0.00599967534103272
once:0.009792084653010607
return:0.013468495284003389
thought:0.009797760602889461
instruction:0.020166468207973437
problem:0.023163123635535597
just:0.00857217929537143
finally:0.01327198713794199
is:0.004902785162238392
cards:0.014361377607124458
having:0.00955069851248307
white:0.012404996882556906
hardware:0.012955040597352377
keep:0.009669396292430368
blue:0.014586356304610616
first:0.006852389888288471
loaded:0.017032666678639428
change:0.010846748569016377
dark:0.01683208680900163
changing:0.015629265589436152
full:0.011276140452274647
by:0.0036147280102816278
black:0.012881577942496123
check:0.012077779432801784
everything:0.03382842135682394
s:0.004528731977051228
