some:0.007342999214675183
looks:0.02152896524763453
go:0.012235422967258661
correct:0.020579983900512255
know:0.023280662748269846
help:0.01345970264177231
all:0.00600042660783831
tried:0.01948342171721177
graphics:0.022130449309054855
where:0.011619225146124288
text:0.06823705157044467
with:0.01103447880734995
post:0.016242627700825036
my:0.005976190322832084
to:0.0034671676983417127
line:0.017759772005069112
then:0.01003698333192329
been:0.018455853927313703
problems:0.01725203293013694
like:0.0073247739843312785
nt:0.004491060073726029
me:0.006815023147198395
need:0.012083031393064379
re:0.002351827061497928
complete:0.02329066572512439
file:0.019109974103512006
had:0.019300735668957677
error:0.023682126787245274
this:0.00990532902587583
two:0.02345647085098505
on:0.003188734749932641
you:0.006991182256713483
etc:0.014605811241875696
why:0.0111932237745535
a:0.002634913444993198
how:0.008272723253013361
said:0.013783049236876933
annoying:0.03275705292007168
it:0.010781617287420503
not:0.007583773692779433
should:0.010332151837946413
have:0.012861650645223972
made:0.014626286490050324
try:0.015323205486436432
only:0.008387020366473501
completely:0.02262260149081428
second:0.017293684129888468
exit:0.03346736997152197
usually:0.020740570705576184
screen:0.023511365849723572
common:0.02117061660145503
writes:0.004158882962374606
of:0.001222896764564394
but:0.008368342418244155
resolved:0.038106357035237556
lines:0.022221271221978093
windows:0.05183409776270757
find:0.013310985771530757
now:0.01038939872879399
in:0.0011174824018521413
occasions:0.03584884073037422
and:0.004802483201142011
word:0.019301110164549804
for:0.006138657790793848
subject:0.00016790538925797672
i:0.014407449603426032
rare:0.03190198602550546
preferred:0.032118880214632314
program:0.017463103348327517
the:0.00474058496848461
do:0.009035445520836436
when:0.024673102695164827
can:0.01087504393003413
because:0.011098882382984366
once:0.016874410030974254
problem:0.013305442088337009
just:0.0073860915941250695
newsgroup:0.024177131072794653
here:0.011323276135996202
wordperfect:0.03936843688091147
is:0.006759059795991545
refresh:0.03769152704912563
save:0.022783083222775436
select:0.029793427224028002
having:0.01645843643031674
right:0.012200462854027042
questions:0.01901997696380825
center:0.02054484800926295
does:0.015326903325000318
2:0.012254148126386219
gone:0.02471444903699851
1:0.012317760326570495
first:0.011808520939566297
fonts:0.031149379083643267
change:0.018691881181826967
e-mail:0.034587368259776936
article:0.005096433209538371
