mode:0.020477995970471823
since:0.010699580873816478
1.1:0.029917674654928735
there:0.014723727041344612
help:0.022888692192960393
all:0.010203934017607393
vertical:0.05775881439605044
send:0.0156863482399798
dos:0.018874611530716245
tried:0.03313223586135477
tony:0.02472055923766154
with:0.0031274191272168306
missing:0.023089023868391702
from:0.0045271243552415805
my:0.015244079058774888
to:0.001474009796888589
line:0.015100554806449135
otherwise:0.019002057923059014
besides:0.021658218150464644
basic:0.020425950853262032
that:0.0018551049488474696
problems:0.029337681667291688
think:0.007699187312986926
memory:0.018083594792338585
like:0.012456032764798643
nt:0.00763720376173731
anything:0.012413054279782907
managers:0.029994619774993438
master:0.025430503033629134
so:0.005464227793502246
anyone:0.008946068179900487
this:0.0028073927185637377
slave:0.02927086925162573
off:0.023352486074399468
panasonic:0.03377935763585493
hi:0.016850356470665264
something:0.010645247685366432
big:0.014843746277366615
recently:0.017696853286565183
on:0.008133831420951176
standards:0.022659349391577727
took:0.01805027634447422
great:0.026965248007836114
etc:0.012418844852717836
support:0.014646825184671154
card:0.049105481494880886
m:0.007319864770674182
a:0.0014935873003704759
other:0.014751957089111345
controller:0.022523468559891267
ram:0.020801374696434484
also:0.00793313974160196
helpful:0.024837451183182924
computer:0.014335309653290456
display:0.019711879234949076
setup:0.04720593340712932
bios:0.051613054178674955
are:0.006876057557232358
taking:0.018218984139848154
works:0.031819529342788665
it:0.012834160471549751
namely:0.028573747230966673
have:0.005467920996231581
only:0.01426241966063408
real:0.01367697248127405
maxtor:0.06241462264479745
has:0.005693981143778348
uses:0.01826200604190608
be:0.006186751413234987
if:0.007167384168592612
monitor:0.040077816471538054
3.1:0.020970705790787258
seen:0.013863448612953758
looking:0.013871044627843014
but:0.007115328580218291
version:0.016687008597142162
lines:0.03778804411010178
windows:0.044072842482729975
please:0.010242862871151094
they:0.004988874997367613
in:0.0019003176673207537
1990:0.02283928540290518
or:0.010817830872242012
use:0.00889186913233876
and:0.0020416974036940633
subject:0.0001427644753583866
however:0.012818710717630551
i:0.007145940912929222
1mb:0.06343398285660841
will:0.006060456389857136
the:0.0024184588555798492
do:0.003841272293617629
when:0.006992911459057411
can:0.004623347553142852
drivers:0.021028362344815536
thinks:0.024224034350156395
did:0.008790968146753824
bought:0.019588683149029198
friend:0.037146517857677065
an:0.004801594323859555
problem:0.02262636675984582
here:0.009627812329536876
gif:0.025048369536398416
is:0.005747008061832383
cards:0.02104287414092033
viewer:0.0286939229307103
having:0.013994071617221182
disk:0.018721812747592947
vesa:0.028228621449482336
nice:0.016897002442538812
ami:0.03182502729631233
every:0.013006141855280193
e-mail:0.014704255490119071
orchid:0.06963525018551689
very:0.027966457087434986
answer:0.016236743540796024
strange:0.02350996273184344
s:0.01990704644457813
