there:0.04706558900395628
thanks:0.051112478074773406
with:0.014995573763834546
both:0.057582155956621486
config.sys:0.3002110951772697
to:0.0035338440002328996
need:0.09852317905114032
reply:0.09208196203474729
hi:0.08079529897472833
a:0.0071615596197251025
following:0.07018754546255798
ram:0.09973992482649355
advance:0.08111541581222179
settings:0.128997847362785
without:0.057620781661602435
if:0.03436668819299535
of:0.004985656040147145
3.1:0.10055184571480044
ok:0.08368844078233159
windows:0.07044120978008978
in:0.004555889792166422
yes:0.06838066334625356
for:0.01668455707241405
subject:0.0006845373562055973
i:0.009789677294635637
the:0.0019327000256129563
can:0.022168358780454187
e:0.07976640246291863
is:0.013778083430290456
query:0.1478349476568029
e-mail:0.07050501991416068
