looks:0.07960710405520675
pixel:0.11432201668287972
know:0.028694770364146555
where:0.042964111586831666
though:0.057803353525829756
alexander:0.1183607025910388
that:0.008067549428708763
like:0.027084629383922632
kirk:0.2797422793503227
font:0.3482141957163778
anyone:0.03890499417770677
off:0.0507780801850314
age:0.19175761050761028
m:0.03183290028176912
a:0.006495368027192535
not:0.014021162990138718
kind:0.06408201620844325
get:0.030566836634677262
of:0.013565622248772464
industry:0.10592635748433717
monitor:0.08714594976950717
lcd:0.14254717060038896
looking:0.060322915009456836
rutgers:0.1240056022326554
one:0.022867695529665638
our:0.05185524239489287
for:0.007566252625862186
subject:0.0006208594626050766
i:0.008879009639320694
the:0.0035058279534374557
can:0.020106185870644496
is:0.006248200625364277
does:0.02833694917064012
pixels:0.1333075939150633
