week:0.041540226559103416
marc:0.11549986494630111
chris:0.046225870396618074
graphics:0.04239447518240629
with:0.02818445189347216
from:0.010199665716026212
work:0.024398463421569927
my:0.03434509378302294
experiences:0.056928995061497324
think:0.017346361777452475
nt:0.008603356044848657
re:0.004505307262387597
anyone:0.04031119878653955
this:0.006325089618932759
getting:0.03267712737620104
you:0.006696373366370143
used:0.023788716967914045
machine:0.039190353666558396
snyder:0.14711881407801602
card:0.036878413813424604
m:0.016491743519470747
board:0.04326742794403789
was:0.010668206434956454
nine:0.06081096213161798
video:0.08423400464734995
play:0.038577328105788455
it:0.004130788310120145
have:0.0061596459415379865
uucp:0.05100757358236233
doing:0.032297625363437533
has:0.012828608119115074
writes:0.00796701675924774
3.1:0.04724725280574961
what:0.011089663891525678
york:0.04533936394488485
windows:0.06619776340779522
administrator:0.06641406099077955
brief:0.06152893920634383
one:0.011847119370790632
in:0.00428143859986724
system:0.026930389508946086
or:0.008124234430157655
use:0.02003348828611263
and:0.0022999844246433124
subject:0.00032165008303636504
i:0.00919993769857325
the:0.0018162723132266337
do:0.008654432757909598
adaptor:0.0744522741733902
put:0.029969389151166016
last:0.026267018699512024
an:0.010818049862189599
just:0.014149259800793807
btw:0.04520229542702813
satisfied:0.06535252764728235
is:0.006474039202184673
number:0.060295538515608635
win:0.04083705305576315
new:0.020771079094982495
9:0.12870483092620577
diamond:0.060323114404452476
article:0.009763046750802423
very:0.02100292158775238
corporation:0.05722108676764182
