there:0.00456606460486143
help:0.010647227462894511
send:0.01459376677052847
dos:0.017559961971362874
setting:0.02140217341971446
ca:0.010231585055185677
adjusted:0.03061801466869202
both:0.01117265712591163
my:0.014182302407914944
to:0.0027426848957031458
ega:0.06256469991076238
then:0.015879406465430877
wc:0.08507411456909703
enough:0.012100241427549235
mail:0.015245350770327641
bear:0.04483146589870363
that:0.003451787317755988
problems:0.013647130526824742
commander:0.09077463114667866
memory:0.050472122778616645
like:0.005794224196560563
nt:0.0035526296105593954
me:0.01617296537917231
need:0.009558218863170329
so:0.005083634812860299
anyone:0.016645917906879516
fixed:0.02256135674188969
had:0.007633873063095199
this:0.00522370585444198
describe:0.02324684779842229
appeared:0.023659224215366412
programs:0.01757802051887819
opening:0.02445694884260611
hi:0.01567669980106669
these:0.008241970015417625
game:0.014786114964728793
on:0.0050448639327292525
you:0.0027651691015359295
pool:0.026262448811209933
etc:0.03466155205161545
them:0.007292831699165377
more:0.0063254677901528646
a:0.006253003548565948
same:0.009662155972779167
driver:0.01830739103724573
also:0.007380582744674459
video:0.01739159797445285
setup:0.02195897897296812
d:0.009063901603865847
it:0.003411496813333054
couple:0.03140290342939819
have:0.012717676943971464
kind:0.013709088044592338
session:0.023976218316789834
after:0.009598078048084335
extended:0.04756721760690613
has:0.010594770884443293
loading:0.02835803818969901
screen:0.03719708626971192
free:0.028731420837062045
get:0.006539174006423494
if:0.0033340816903652203
of:0.0058041965840519
3.1:0.019510059616304563
available:0.013438128496588209
what:0.004579313945256872
megs:0.027169521233070402
using:0.010967266560422491
windows:0.04100309226005226
up:0.0066838824395641025
rest:0.01625189469389457
in:0.0017679572327809997
5:0.012929715855311856
or:0.006709566743314282
message:0.01615582034109314
and:0.007597958497329151
few:0.011371281099036252
for:0.006474604237056199
subject:0.0001328206810548174
i:0.008547703309495294
example:0.013986861411730868
info:0.014653708753196007
back:0.010479386667002674
games:0.03313303772745001
world.std.com:0.022866051394828592
wing:0.08371632683468318
than:0.007117419314524682
the:0.002625010482548941
thing:0.011263345448382868
prompt:0.028944023441720812
forward:0.02152063435848918
needs:0.016663415734673368
just:0.005842729171472069
during:0.014569002536330698
here:0.01791443687187459
replies:0.022297553416973172
about:0.0049005780115516
is:0.0013366797357744474
clinton:0.03646921680070082
win:0.016863061709593737
else:0.012569911568846053
right:0.009651112406916913
disk:0.01741780588955165
days:0.014817177236568021
does:0.006062133404664305
run:0.053270336883331236
goes:0.032069922348165934
build:0.018565338621981863
under:0.024152471911498895
almost:0.015034790697833672
e-mail:0.013680078490807296
before:0.010578080931455942
respond:0.040238883065278674
black:0.03511992394272575
giving:0.018872472374572513
s:0.00308674766595034
