some:0.0222387976215877
read:0.02159050535140878
large:0.02851461066559596
say:0.01807185689778613
circuit:0.04407775852297188
small:0.02846424666920011
means:0.026996144956559553
to:0.0026251412573158684
remember:0.026501181300202212
clock:0.040858483977137296
eugene:0.11976671125774514
that:0.006607707151132892
think:0.013711885976462432
re:0.0035613381216968625
so:0.009731529498904002
reduced:0.04760869824821374
on:0.009657310956938857
set:0.07569755954645489
you:0.005293323708654494
books:0.034768932505201536
performance:0.036104868891396344
serious:0.03425708225751877
am:0.015565108159060625
fun:0.039202406237465105
more:0.012108752626864058
a:0.0013300039293775191
as:0.0152402697184194
modes:0.047313362660189345
addressing:0.05132145815492881
hmm:0.04724093790413964
computer:0.05106100771743458
are:0.006122965539059291
complex:0.04281897973146252
it:0.006530579614094705
not:0.011484000163351714
have:0.004869053458549075
has:0.01014070927511001
sets:0.04529051492655856
usually:0.0314071499255868
writes:0.006297737057310118
but:0.012672061376198291
reading:0.031298305203457055
authority:0.040285450439361555
in:0.003384375274180771
clearly:0.03461438453737528
rather:0.024509368122979654
and:0.0018180829261466185
risc:0.3981266261075428
for:0.0030985605991626095
subject:0.00025425673230493616
i:0.005454248778439855
rate:0.0369969115189643
information:0.02322686937603586
the:0.004307160057080302
can:0.016467923665480257
linux:0.050783246628611264
increase:0.04004519745892655
friend:0.03307808971136006
an:0.008551410843445113
instruction:0.21049951577084658
people:0.014335934667363024
about:0.01876221295851184
dear:0.045772836191499085
is:0.007676360768304683
architecture:0.05369912174409588
article:0.007717456003015248
very:0.016602309445556643
difference:0.030544322350803683
high:0.026641179291824014
reduce:0.043427587369362336
s:0.011817833921067016
