at:0.015455526534288264
default:0.08420482957196115
knowledge:0.1297112682404258
4:0.04358367551190665
my:0.016670425637373705
hayes:0.1953134836317536
to:0.004835786526634494
physics:0.08044921106128511
day:0.04461935150461179
its:0.03627762379007316
michael:0.05271395090655595
set:0.046480957616244226
you:0.01950171892662182
size:0.06317328310641873
a:0.004900014476654018
how:0.04615308762207453
motto:0.22376717542881774
college:0.07227219825559039
no:0.019749925196184383
app:0.19118074553854714
against:0.045320715651892045
tech:0.07955846851087417
up:0.07070844054486235
good:0.028421225462447353
and:0.006698200254224383
for:0.011415749575862244
subject:0.0004683676647722508
the:0.0013223737017351805
do:0.012602068752745554
thank:0.06369288257490376
start:0.09886182764500043
jr:0.08197572644706808
an:0.015752598922135732
head:0.060576486586941806
is:0.004713554857730945
window:0.1223506225201804
engineering:0.06783771040742279
position:0.12080150727060392
give:0.04146028546238608
mike:0.05605986015715269
driven:0.08258424500825913
james:0.06069462750240398
