at:0.008082247820682854
know:0.022639910562537648
tel:0.03729768880090254
beats:0.052148782744599644
fax:0.028060948072324676
to:0.0025288057983318
building:0.03486667494347387
look:0.021753837837393677
like:0.010684762050538288
rob:0.16149294282566015
re:0.003430646814478629
anyone:0.015347841739829279
phone:0.026948138772564856
on:0.004651457112287064
you:0.005099073297327724
slowly:0.04842891936746053
am:0.014993911529370327
support:0.025128039537004643
dying:0.0466927542331621
fun:0.03776378582508106
a:0.0025623928914612756
want:0.017363284107451207
40:0.035087221908484394
netherlands:0.05337384139253105
also:0.027220130856505806
1.5:0.0978392824954896
product:0.03661374241051889
are:0.005898269555974546
have:0.009380745195369777
received:0.03549808064818139
ve:0.01674434586263701
p.o:0.042262921465055815
real:0.02346416379814906
status:0.04037323570641504
heard:0.02479492990293463
list:0.0267121889625833
which:0.01185222323410567
writes:0.0060666274405280956
if:0.006148168988655132
of:0.0035677171663438287
what:0.008444422963271846
year:0.022704226754216992
box:0.029069165235840435
in:0.004890267024619004
winter:0.1479961179045812
or:0.006186343648652159
and:0.0017513642866549995
subject:0.0002449262100185165
i:0.007005457146619998
info:0.02702197669167337
ago:0.026249226838207747
any:0.009387956571456949
research:0.02832414202327319
the:0.0034575826146286837
would:0.00855641877159978
regards:0.07576821278920484
beta:0.05010159420043258
last:0.020001491303298147
during:0.026865775319288722
address:0.029291939026913863
about:0.009036845691026345
current:0.0290114286580809
interested:0.026395194636834127
is:0.012324432426177244
number:0.022956558242181267
31:0.04276437479109127
new:0.015816509769573824
does:0.01117879646181216
their:0.055548022700246384
wanted:0.027937247610514703
nothing:0.02343904588532944
update:0.039833414605287214
e-mail:0.07567970027483303
article:0.0074342466084091835
de:0.11121968882047625
corporation:0.043572020199213496
