some:0.009050673450646156
since:0.015510245142664195
at:0.006829186143057605
access:0.051974835163077916
with:0.009067091113016238
from:0.006562575615737795
both:0.01740855877758324
to:0.007478600093516136
been:0.011373956490088676
that:0.0026891831429029208
considering:0.03104937949887669
quite:0.020590692884569002
like:0.018056419589281756
nt:0.011070985298022301
and/or:0.03132544207088349
paradox:0.14904914414036946
database:0.039255634956662816
re:0.0028987635874276785
package:0.030133821961675984
so:0.007921012382828838
this:0.008139262610409597
30:0.026535701351735583
borland:0.18717636938761903
used:0.030611837338556054
am:0.025338548165912644
particularly:0.03114031236543087
imho:0.03356334617330272
a:0.0010825613378654226
ms:0.032404185444845635
wondering:0.02789870931672323
was:0.006864039799235547
learn:0.029534993649009546
l:0.025619849447700488
it:0.013288970144960154
not:0.004673720996712906
have:0.007926366095312448
ve:0.014148323248274685
tom:0.029424249794377945
expect:0.026792411497351846
somewhat:0.033347572537694624
has:0.00825406568904303
anybody:0.02356275306133872
be:0.008968391583526686
claims:0.02911880368688935
if:0.005194964494289994
of:0.0015072913609747182
available:0.020938479285381627
but:0.0051572342810109325
advantage:0.033049384314223336
using:0.017088531617402487
easy:0.07706236195950715
windows:0.06388853910287212
highly:0.03237731561557055
david:0.019352288677089102
pleased:0.043825160158872924
one:0.007622565176555213
stores:0.042048525540499496
use:0.038669291342961584
better:0.01733500675427444
and:0.0029596698797735646
still:0.015827202187825948
for:0.010088336834482915
subject:0.00020695315420169222
offer:0.054498660756462605
until:0.02217957926639259
i:0.014798349398867823
any:0.007932459428595405
yet:0.020388129788264837
program:0.02152429017351996
than:0.0110899324203059
do:0.011136711921030955
would:0.01445968443572676
relatively:0.0345628320909453
is:0.002082733541788092
very:0.013513507688243777
opinions:0.0221365128334887
april:0.026373285751070636
buying:0.031094712598740436
everything:0.023950871968397312
s:0.019238334290109096
