ability:0.0426413794197705
go:0.020696087785043907
configuration:0.05045993590103015
out:0.012533798926387871
there:0.009763606229544121
know:0.013126331124024487
all:0.010149657772832884
startup:0.057577485145507645
thanks:0.021206240903363437
switch:0.09047049834064204
into:0.01905110535087645
someone:0.023441043773010848
both:0.023890468960725934
my:0.010108662354577674
to:0.005864677276982259
h:0.037587043875473576
that:0.01107142421599394
like:0.012389777271368864
really:0.02075952918288219
nt:0.00759658033747275
me:0.011527539153239837
need:0.020438319058481237
so:0.010870325504094894
this:0.005584919557142755
on:0.005393710906800957
tell:0.02563856440023886
a:0.002971285374141266
how:0.027986446749555836
resolutions:0.06115697702445672
video:0.03718841694537258
others:0.02868434279859996
l:0.035159155093120883
files:0.03520544217646478
d:0.019381321514649313
it:0.0036473981887231058
couple:0.033574380794197
have:0.01631650893024424
between:0.02471133878772772
screen:0.07953845042778825
of:0.002068516867720624
what:0.009791937265921608
but:0.0070774810877703214
windows:0.029225608313015974
system:0.023778960949388563
or:0.007173526145777503
use:0.01768914391220583
install:0.047001599840847126
and:0.004061674622242445
subject:0.0002840101797023223
i:0.012185023866727335
back:0.02240805021348444
the:0.00240559471273102
do:0.015283359976733971
can:0.01839502111569603
drivers:0.04183301870723942
quickly:0.09031230730899273
problem:0.02250601374516579
just:0.012493495356020063
address:0.03396618461631501
changed:0.04020548078546197
is:0.008574658305021188
sean:0.10903407513246677
window:0.03709566746622491
easily:0.03935015711058922
change:0.03161711816926051
resolution:0.09506004244333761
already:0.030912620439333526
s:0.006600385966553386
