ideas:0.04995824495888153
there:0.025493860710476317
help:0.029723510000580513
all:0.013250942092309599
thanks:0.027685925623835594
way:0.0240607336048131
to:0.007656662000504615
w:0.08595391263970427
software:0.03910813734001745
and/or:0.056124750376999585
asking:0.049797677981088806
student:0.055875242669009326
best:0.03382188999946436
hi:0.04376412027797784
on:0.014083578478869164
support:0.03804105985463203
m:0.038022630892113114
a:0.003879178127351097
how:0.01826893051707117
other:0.019157055386554316
copy:0.04745294368143531
advance:0.043937516898286795
output:0.05676886373519612
video:0.09710308869069507
mothers:0.08265666811681119
kind:0.03827120412448694
against:0.0358788998910812
johnson:0.12825982580021753
environment:0.05830074312330271
be:0.008034184126909323
of:0.005401127376826073
monitor:0.05204549777901122
what:0.012783918097175433
please:0.026602991068128537
in:0.0024677736374234785
additional:0.059371609704999107
for:0.004518734207112138
subject:0.00037079106794469857
i:0.005302741867927637
tape:0.11526022954773148
info:0.04090827026933885
any:0.0284246462858002
the:0.0020937583610807025
behalf:0.08105232246234113
would:0.012953467307005223
friend:0.04823888082906675
an:0.01247080748002412
just:0.016310952270359527
jerry:0.2033439905108802
is:0.0074631285247406635
assuming:0.055113467662069475
hardware:0.0493011267177021
grad:0.0821010384693987
transfer:0.06312198661073605
