since:0.011115675685576008
there:0.005098772142095264
know:0.006854861809212788
case:0.013731172818370866
though:0.01380857889783711
ca:0.011425269978290672
into:0.009948910572124369
someone:0.01224143397035011
from:0.004703179191278753
tm:0.025533757390891927
to:0.0022969986001513845
gui:0.06406181065128126
sharing:0.030551638781485275
everywhere:0.02764203306703028
worse:0.021639252296335485
next:0.029759778041657504
been:0.016302670969127103
that:0.00578174375724128
directories:0.031578985106452004
nt:0.027769721455872608
could:0.00838393975181143
re:0.002077447237656503
scott:0.02123376140650837
so:0.005676725541027334
this:0.011666276408253757
bitnet:0.027112532068117364
amount:0.02065787228681571
fair:0.02345944187113268
on:0.002816715695773833
you:0.006175544326763576
ala:0.06707153236389682
etc:0.012901799930323532
os:0.026385278898412617
a:0.003879178127351097
how:0.0073075722068284684
as:0.00889015733574465
old:0.014710628235235133
running:0.033638449027185574
said:0.012175026825907957
silver.ucs.indiana.edu:0.06013648448530799
local:0.016979908066199735
are:0.010715189693353758
internet:0.015869633017303368
taking:0.01892750018973114
likely:0.018368937805165155
thread:0.023127376630577588
yeah:0.021967902467711957
desired:0.03033929871026195
it:0.009523761937221443
have:0.008520843552460881
only:0.014817069314103185
expect:0.019201228239768824
always:0.014760867211103932
has:0.005915413743814172
network:0.02040827594460876
be:0.009641020952291189
writes:0.0036736799500975688
certainly:0.017087540429198005
down:0.013135364316406434
things:0.012415144045223609
if:0.003723057887574496
of:0.0021604509507304297
even:0.009328663598700142
seen:0.014402582725679739
what:0.005113567238870174
but:0.007392035802782336
sense:0.018257344702016613
well:0.009349266167518583
windows:0.030524524238038905
up:0.0074636687241799145
over:0.02228823058354842
one:0.005462838376531236
in:0.0029613283649081745
cpu:0.02484701319107428
use:0.009237664043040822
and:0.002121096747171055
for:0.003614987365689711
subject:0.00014831642717787942
each:0.01414449665200342
p:0.01870071133128528
i:0.00424219349434211
person:0.015584413550410283
seperate:0.06281606289438453
any:0.005684929257160041
will:0.01888842241505474
than:0.007947784901219229
impressed:0.02877589615782759
the:0.0033500133777291247
do:0.003990655105036093
thing:0.01257740241736087
see:0.009829920896728756
can:0.004803144402431741
apps:0.0881537251820082
an:0.004988322992009649
just:0.006524380908143811
note:0.016453828327102765
about:0.005472312112899286
shared:0.027771740644791345
is:0.008955754229688797
win:0.018830418909046343
write:0.01807874402770841
does:0.00676938230187514
run:0.04461390713978991
slow:0.022814045028010228
too:0.010847321488136092
accounts:0.027684933323107563
article:0.004501849335092228
going:0.012098976022498237
somewhere:0.021552894771681038
telnet:0.031578985106452004
by:0.016507257913619434
x-windows:0.032222495192702684
