ask:0.02052508862222794
bnr.ca:0.06573169957672118
tel:0.02862991605139702
all:0.006718787539762614
fax:0.021539741830164716
with:0.004118502653447516
way:0.01219980858835594
companies:0.028004453137941806
surprised:0.030990723183093233
often:0.02188253794562469
name:0.019452341590353882
my:0.013383299455356356
to:0.0019411255775927195
recall:0.027541233908964947
northern:0.03674737738899128
most:0.013074615943429844
might:0.014979472787876381
next:0.018861831153163207
derived:0.03710133397195529
that:0.009771961279844418
r:0.021832533568515
like:0.008201683545835727
really:0.01374222354359807
nt:0.01508616658568532
12:0.025023836842338283
me:0.022892718600096014
re:0.0026333838223814828
anyone:0.011781089786206981
this:0.003697059425150838
mean:0.01861564828753423
la:0.030692277950918157
you:0.0039140773902022665
a:0.0019669072195019647
214:0.041357806260344444
richardson:0.041357806260344444
same:0.013676713736116989
below:0.026139957134069663
occurred:0.03590259347998439
was:0.006235641789446377
as:0.005634606762091679
character:0.0321477869245811
immediately:0.029737320681717486
usa:0.02566634990161074
also:0.02089432579830375
product:0.028104914948919427
are:0.009055089881707402
d:0.012829888889979123
it:0.004828949714647492
not:0.004245845130816654
hal:0.041357806260344444
32:0.09047363601772195
gene:0.0757351025896683
heard:0.019032727883238554
be:0.00407367082491177
writes:0.0046567774015321296
po:0.03674737738899128
of:0.009585099288451904
vms:0.08271561252068889
gives:0.02560932729433877
what:0.006481986640821347
windows:0.03869305889328876
sounds:0.02508946875747069
box:0.022313655004976108
in:0.003753796518897686
chief:0.07018715490365297
or:0.0047486722373456716
and:0.0026887141865548584
subject:0.0001880067386761852
i:0.006721785466387146
the:0.0031848718731931815
see:0.02492092621705882
when:0.009208974949603774
views:0.0285217379868795
ibm:0.027749768092392022
can:0.00608849290449094
because:0.012427621823200802
did:0.01157683833410539
an:0.006323226327899554
here:0.01267887961706617
expressed:0.028941965673403434
address:0.02248465742206768
is:0.0037841215055023085
else:0.017792621305197584
2:0.027442388057681816
notice:0.028436376292989746
16:0.024556286914261562
first:0.013222217108387615
faq:0.027338697626040562
article:0.005706569579694373
de:0.02845761990946458
33:0.032478815392017225
opinions:0.020109930672676354
letter:0.02873978182916096
by:0.02092469312994013
mine:0.022994641160563285
tx:0.03336024597620037
telecom:0.041226171520822245
identify:0.03509357745182649
s:0.004369269583493087
