taken:0.013074925792693096
perform:0.018475057923334436
some:0.00463308283783077
simply:0.012137473570965831
read:0.008996043896420324
typical:0.01769287833226962
large:0.023762175554663298
at:0.0034958929065652023
formats:0.019996346657888
circuit:0.01836573271790495
all:0.0037859834549455996
small:0.011860102778833377
means:0.011248393731899812
access:0.013303082809597322
operations:0.03699457819229324
odds:0.022947053142756402
o:0.08335664247142574
simpler:0.04756311746675376
from:0.003359413708056252
approach:0.016334335932277125
my:0.003770691513215481
store:0.01771112321024037
to:0.0038283310002523076
remember:0.011042158875084253
design:0.029866406408138434
janet:0.020162406617949512
clock:0.017024368323807205
eugene:0.0249513981786969
been:0.005822382488973965
offset:0.024521979192029312
that:0.002753211312972038
memory:0.013419175500663948
provide:0.026801235541931853
re:0.0014838908840403592
so:0.004054803957876667
chances:0.019366094334369543
this:0.004166527288662055
reduced:0.039673915206844775
something:0.00789944967128382
on:0.006035819348086785
registers:0.04884302340005632
set:0.04205419974803049
you:0.0022055515452727055
books:0.014487055210500636
performance:0.015043695371415143
am:0.006485461732941926
e.g:0.06443294000303644
support:0.010868874244180579
more:0.01513594078358007
a:0.0033250098234437974
same:0.007706719644954811
load:0.01784124155477605
million:0.015529806583853724
as:0.012700224765349499
modes:0.059141703325236675
addressing:0.064151822693661
hmm:0.019683724126724846
computer:0.031913129823396606
are:0.007653706923824113
complex:0.01784124155477605
it:0.0027210748392061264
not:0.004785000068063213
have:0.0020287722743954476
only:0.015875431407967697
against:0.010251114254594629
32:0.016993725283752006
hope:0.011462148958889067
register:0.02055421154130542
types:0.016257528618971742
has:0.012675886593887511
adopted:0.022879218089743306
sets:0.018871047886066066
usually:0.013086312468994497
integer:0.02404329670080465
reducing:0.0224343081765659
be:0.009181924716467798
which:0.005126556875069515
notes:0.018564739796021898
floating:0.022682404831253736
writes:0.005248114214425097
if:0.0026593270625532113
of:0.0030863585010434706
even:0.006663331141928673
but:0.002640012786707977
reading:0.013040960501440439
years:0.008848315170557116
variety:0.018542128601122542
authority:0.016785604349733977
up:0.0053311919458427955
clear:0.013086312468994497
one:0.007804054823616051
in:0.0028203127284839756
clearly:0.014422660223906366
or:0.002675839117869386
rather:0.010212236717908187
use:0.006598331459314873
and:0.000757534552561091
risc:0.21328212112904077
few:0.027209851201265314
for:0.0012910669163177539
known:0.012924320427247452
subject:0.00010594030512705672
i:0.0022726036576832726
faster:0.04643215508802776
rate:0.015415379799568456
information:0.009677862240014939
allow:0.013913788378470604
will:0.00899448686431178
alternative:0.017278423318906135
cost:0.013178601604566987
the:0.004486625059458648
can:0.01715408715154193
linux:0.02115968609525469
increase:0.01668549894121939
come:0.009528546327259557
quickly:0.016843962077470864
friend:0.013782537379733357
an:0.003563087851435463
instruction:0.1315621973567791
immediate:0.019046330498419785
many:0.007353972331659101
about:0.007817588732713265
dear:0.019072015079791282
is:0.004264644871280379
architecture:0.022374634060039946
number:0.009929622414276817
done:0.010510569648494835
recent:0.015071805906686591
hardware:0.014086036205057743
run:0.010622358842807121
designed:0.015593640463820486
instructions:0.03835289768591092
article:0.006431213335846039
difference:0.012726800979501534
task:0.01993182078141268
by:0.01572119801297089
data:0.023288457327030256
high:0.011100491371593338
processor:0.01939394184491973
reduce:0.018094828070567635
s:0.0024620487335556282
