another:0.01583932378848985
some:0.050037294648572324
believe:0.031038169719004863
at:0.006292607231817364
there:0.00655556418269391
all:0.01362954043780416
delete:0.03824617166277781
with:0.0041773384056396235
beautiful:0.03666835858006213
o:0.025006992741427723
my:0.006787244723787866
to:0.003937711885973802
hole:0.03333536192819431
next:0.01913128588392268
that:0.0024778901816748344
like:0.00831885045363338
could:0.010779351109471837
me:0.007739919145746748
so:0.0072986471241780005
anyone:0.011949391068867079
file:0.021703470588988635
ball:0.03184718099808532
getting:0.019372868373033474
ci:0.045119570556463366
hi:0.022507261857245747
something:0.014219009408310876
on:0.003621491608852071
tell:0.017214464668731805
used:0.014103310773834754
am:0.011673831119295468
etc:0.016588028481844538
them:0.01047042265380172
came:0.021562333803413904
compuserve:0.03727233992311972
more:0.009081564470148042
a:0.005985017682198836
same:0.01387209536091866
wondering:0.02570666787040926
old:0.01891366487387374
said:0.015653605919024514
copy:0.02440437103616673
files:0.1181896987352746
those:0.013256540387768287
internet:0.020403813879390043
month:0.028384310638480417
it:0.004897934710571028
cool:0.03279162124624574
ftp:0.027095478194921967
have:0.007303580187823612
site:0.027896887124561474
cica:0.04155534794132774
has:0.022816595868997522
writes:0.004723302792982588
if:0.00957357742519156
of:0.0027777226509391236
converted:0.036231541271824055
looking:0.018527752467190312
windows:0.03924581687747859
in:0.002538281455635578
or:0.004816510412164895
bitmap:0.0380093701819428
bmp:0.19980732715970262
for:0.002323920449371957
subject:0.0003813850984574042
animals:0.03506161763850244
i:0.012272059751489673
everybody:0.05825584713908841
body:0.02535486516910394
any:0.007309194759205766
55:0.03511319083831305
unfortunately:0.026299236291613976
the:0.0010767900142700756
canada:0.026575768521476046
boring:0.040714040543782144
can:0.01235094274911019
eric:0.14242958858280733
maybe:0.01891366487387374
wants:0.025146679732812493
quebec:0.03755809231321758
gif:0.033457465023617884
is:0.0038381803841523415
right:0.013856239955644997
somebody:0.027112344453391106
downloaded:0.042084690599568604
easily:0.026420819774252764
guess:0.02140112330668324
nice:0.022569567548248272
image:0.026436164263811977
article:0.005788092002261436
very:0.01245173208416748
golf:0.04118259256153795
share:0.029150350141006115
