reached:0.06613529472827577
at:0.012407957921893396
bbs:0.05700060072895298
know:0.0695140915863832
someone:0.03103462133328197
from:0.023847105758596495
work:0.028522147380145125
stacker:0.17266277002300634
r:0.04366506713703
me:0.015261812400064011
re:0.0052667676447629656
so:0.014391698554717185
anyone:0.023562179572413963
phone:0.04137108628464182
something:0.028037483340331307
compuserve.com:0.07801458182136427
on:0.007140969369567464
compuserve:0.07349475477798256
m:0.019279080452339045
a:0.0039338144390039295
as:0.022538427048366717
internet:0.08046574487646778
d:0.05131955555991649
hoping:0.06742048728412288
it:0.004828949714647492
have:0.007200712861234548
has:0.014996823575866916
anybody:0.042811199224122465
be:0.00814734164982354
if:0.018877476613053782
germany:0.059221770889961785
what:0.012963973281642694
but:0.009370186228879017
they:0.013139713021235826
email:0.07729291997092791
and:0.005377428373109717
for:0.004582378350874282
subject:0.0003760134773523704
i:0.005377428373109717
would:0.013135910508512339
can:0.01217698580898188
address:0.22484657422067683
is:0.0037841215055023085
division:0.055810808677751164
white:0.04787280487071257
electronics:0.06352650153881216
does:0.01716181428644402
2:0.027442388057681816
their:0.021319487585657944
e-mail:0.07745621906062723
john:0.03776730140256121
s:0.017477078333972346
