simply:0.06117286679766779
help:0.04280185440083594
all:0.019081356612925825
from:0.016931445088603513
to:0.0027563983201816617
then:0.03191760699551607
r:0.0620043953345826
nt:0.01428157103444877
could:0.030182183106521147
sum:0.3331584576823585
need:0.038424039829944724
re:0.0074788100555634104
phone:0.05874694252419138
you:0.022231959576348874
score:0.19303282262824437
ms:0.08360279844770174
as:0.01600228320434037
internet:0.057130678862292124
begin:0.16692877918162055
d:0.07287376889508142
it:0.0068571085947994395
writing:0.08004917490295269
if:0.013403008395268185
end:0.10816933610302037
germany:0.08409491466374573
min:0.11337426265250791
use:0.06651118110989393
and:0.0038179741449078986
for:0.01301395451648296
subject:0.000533939137840366
i:0.011453922434723695
than:0.028612025644389222
do:0.028732716756259866
scores:0.10378280104727018
address:0.06385642707867221
division:0.07925134832240666
2:0.03896819104190818
1:0.03917047783849417
