prism.gatech.edu:0.02304930043953306
some:0.03986711280943161
reference:0.018203088112284656
at:0.0042973903046557614
there:0.004476970661351939
technology:0.016427647247887527
all:0.009307978835573572
delete:0.026119336745311677
your:0.012292021679817196
with:0.0028528164721441335
user:0.018447041383380564
beautiful:0.025041805859554626
from:0.004129620753317929
my:0.004635191518684397
to:0.005378338185720316
ftp.cica.indiana.edu:0.02893208486386774
make:0.008585758455364408
that:0.0016922176850462283
helps:0.0206340112006486
like:0.005681166163456942
could:0.0073615080747612555
me:0.005285798440997779
re:0.0018241000135520513
so:0.004984441938463025
file:0.044465647060366965
zip:0.059335612554414344
getting:0.013230251571827738
hi:0.015370812975680022
these:0.008081151088287525
you:0.00542242916496314
tell:0.011756219773768062
used:0.00963152930896032
am:0.007972372471713979
etc:0.011328409694918221
them:0.007150532544059712
came:0.014725496255989984
more:0.006202044028393785
a:0.0006812215248031196
same:0.009473626100139573
wondering:0.017555773179791692
old:0.012916649182157678
said:0.010690267456894791
ram:0.018974912527967066
let:0.011244574354891828
scale:0.023605629739393043
step:0.04058068912373026
cd:0.04354344438029828
computer:0.013076599537391782
files:0.096857899451347
are:0.006272306161963176
those:0.00905324709408566
internet:0.013934311917632225
d:0.00888704498720505
it:0.00668986204370677
not:0.0029410244320778774
ones:0.01654941453842369
cool:0.02239427792426538
ftp:0.05551268703349867
have:0.0074817162899656516
color:0.01802259564196774
hope:0.014090056281170953
site:0.019051532670432227
cica:0.028379262008711627
has:0.010388043647673668
writes:0.00322567020008567
get:0.019234741101821305
if:0.006538052875740578
of:0.00474245330648143
georgia:0.023444623415158065
future:0.017095152801550488
institute:0.018987599267967347
looking:0.012653099245886068
but:0.003245284010977611
windows:0.026802021282180503
necessarily:0.018962258697835133
they:0.00455082743662314
now:0.008058119014040216
one:0.004796638574515231
in:0.0017334605062877119
become:0.016157184267293404
pictures:0.022683627081125965
or:0.00986797255175247
bmp:0.13645378440174816
rather:0.012553578794696894
and:0.0037248528243003886
for:0.003174135247922673
subject:0.0002604581160196907
guide:0.022933838273260357
animals:0.023944519362879717
i:0.007449705648600777
everybody:0.019892240486517995
body:0.017315517676461226
any:0.009983290402817632
will:0.005528318755625777
unfortunately:0.017960454052809546
the:0.0025737907658162787
waiting:0.021341659811638544
see:0.008631150055664274
around:0.011547289917822614
boring:0.027804710615265855
can:0.008434790170124032
apps:0.025801090297173132
eric:0.01945379746496881
anonymous:0.022169673346209735
maybe:0.012916649182157678
instead:0.014964557617486055
here:0.008782443442065347
fish:0.026825829173987067
expressed:0.020047605490845305
15:0.01630151576575924
is:0.002621196359908916
desktop:0.04884700971287371
gifs:0.02990013822349622
somebody:0.01851574743158417
2:0.009504436839489799
goes:0.01572208388288135
1:0.009553775082559553
advice:0.018974912527967066
slow:0.020031844414838247
guess:0.014615401282612944
too:0.009524477404217056
index:0.050171902797352355
article:0.003952843318617566
convert:0.020871121927796776
opinions:0.013929805636683133
give:0.011527981811492715
by:0.004831392560083737
guest:0.02903063465566052
wuarchive.wustl.edu:0.02990013822349622
s:0.0060530368864001784
share:0.019907556193857836
