reference:0.018292318936364484
at:0.004318455943404073
out:0.005775377936668921
there:0.0044989165959664085
help:0.020981301176880362
keeps:0.07020876765148237
way:0.008492023625228154
ca:0.010081120569080006
from:0.004149863992304782
work:0.009926825803874037
turn:0.03354390328151485
my:0.009315826091473542
to:0.00405352694144362
corruption:0.028518376038166097
day:0.012467171743935647
consistently:0.026530801978812347
that:0.005101538609330541
memory:0.016576628559643702
nt:0.0035003850574629337
me:0.01593512765300801
re:0.0018330416802851497
package:0.019055210946353932
had:0.007521610223932035
error:0.03691625646247057
this:0.002573443325350093
off:0.032109668352299274
apr:0.018270628809009797
on:0.00248533737862397
you:0.008173514550128262
tell:0.011813848302070848
subjects:0.02641545640327218
them:0.0071855841741776515
parity:0.1197143291026993
vs:0.016748097769918344
3:0.022955548476839407
access.digex.com:0.02192383516859495
stable:0.02462166096527449
a:0.0020536825380094046
how:0.0064478578295545305
same:0.009520065443767708
was:0.008680991510797898
crash:0.050067666216926834
as:0.003922128236357934
worked:0.0188439403949723
part:0.012005990747123907
ram:0.019067926805064944
standard:0.014921786963050179
immediately:0.020699507533352365
chip:0.04753535820298932
turning:0.023251146934788403
ie:0.020507932288046135
weird:0.024132938611239746
worst:0.02112603389114467
computer:0.013140700515516251
are:0.0031515263803981643
wild:0.023162287206393517
missed:0.021303589104057996
it:0.008403319356371862
not:0.005910882437019264
due:0.016250698455384717
only:0.006536942344457287
date:0.01753823132246727
real:0.012537224774501213
after:0.00945692984149486
references:0.020241998024566978
danger:0.024026754803488863
access.digex.net:0.024315188627130693
be:0.005671188795465405
simms:0.07374686272380487
writes:0.006482964617819238
if:0.0065701021545432284
of:0.0019062802506444965
3.1:0.05766944092466496
but:0.009783576797800151
never:0.010803623680695394
gmt:0.020771070275612917
seems:0.011551407300887637
slight:0.02635878570522769
windows:0.08080021121833827
please:0.018778581930443673
now:0.008097619597442374
errors:0.02104913881189124
good:0.007941224761566171
email:0.013450483622391866
in:0.004354894654276727
us.oracle.com:0.0619288223324007
use:0.008150880037977197
and:0.0028073339300793373
subject:0.0002617348714903755
however:0.011750484824494672
i:0.004678889883465562
back:0.010325278039546752
any:0.00501611405043533
will:0.005555418357369041
unfortunately:0.018048495494244886
turned:0.019249501666243125
the:0.002216920617614862
do:0.0035211662691494935
when:0.0064101688374692935
risk:0.021030102047055958
around:0.011603894280164881
would:0.004571811990707725
home:0.014359622803241904
did:0.008058387467857673
fri:0.028518376038166097
eric:0.039098318434496133
may:0.009122674154116817
problem:0.031111254294788004
about:0.004828510687852312
is:0.003951068042509763
win:0.016615075507982066
occur:0.022302919499002653
checking:0.047642095890320556
9:0.017455066939338366
does:0.005972984384007477
run:0.013121737394055857
1993:0.0148512539363242
16:0.01709310167561344
every:0.011922296700673511
late:0.018892838164858674
carol:0.03096441116620035
article:0.00794444000310393
very:0.0170906126645436
replaced:0.021204154441452572
by:0.004855075856946892
data:0.01438404717257751
says:0.012554052668762588
while:0.010638933852345697
producing:0.027086334749925108
