some:0.018953520700216785
read:0.014720799103233258
large:0.01944177999926997
computing:0.014163835971360526
fewer:0.01785485383333555
say:0.012321720612126906
there:0.008939405703673515
circuit:0.030053017174753557
know:0.008012176140638323
small:0.019407440910818256
true:0.008387275299213789
means:0.018406462470381513
knowledge:0.012002503717052389
your:0.004090689033056047
with:0.0018987901843816473
from:0.0027486112156823884
to:0.0040272053379277525
remember:0.01806898725013787
cases:0.011947355839241532
clock:0.027858057257139066
eugene:0.04082956065604948
might:0.006906120571033915
that:0.010136823470487959
think:0.00467450658288492
re:0.0024281850829751335
larger:0.013817700467924623
so:0.00995270062387909
this:0.006817953745083364
reduced:0.04869071411749132
on:0.006584530197912856
set:0.060213967821043664
you:0.005413626520214823
books:0.02370609034445559
performance:0.036925434093473535
serious:0.011678550769608671
society:0.012065685774048207
am:0.010612573744814063
inc:0.011886413947416888
size:0.011691159535928142
fun:0.013364456671863104
more:0.008255967700134583
a:0.0027204625828176525
want:0.006144798596468122
as:0.01298886623728926
modes:0.03225911090467455
addressing:0.03499190328745146
hmm:0.03220973038918612
computer:0.03481432344370539
are:0.010436873077941972
complex:0.043792138361723035
no:0.003655018623969188
causes:0.013854387335632197
it:0.003339500939025701
not:0.011745000167064252
have:0.00497971376442519
systems:0.009741614026891594
proved:0.017105160467589774
between:0.007541772227423395
references:0.013407037652635272
has:0.010371179940453418
sets:0.030879896540835384
usually:0.021413965858354634
be:0.00187812096473205
writes:0.002146955814992086
applications:0.012663315024007572
certainly:0.009986224926154679
things:0.007255603662793019
of:0.0006313006024861645
future:0.011378267286746267
what:0.008965345159058096
intel:0.016414313830321388
but:0.008640041847407926
reading:0.02133975354781163
networking:0.019981236845477587
authority:0.027467352572291968
commonly:0.01675639342661303
one:0.003192567882388385
president:0.02445102700761038
in:0.0028844107450404295
processors:0.055994375067846734
clearly:0.0236007167300286
rather:0.01671093281112249
cross:0.01487146173251996
and:0.0030990049877499173
risc:0.31022853982405935
for:0.0031689824309617596
known:0.010574443985929735
subject:0.00017335686293518376
i:0.003718805985299901
group:0.008756869918203394
similar:0.01027518924632046
rate:0.025225166944748387
information:0.015836501847297176
actually:0.007936084828250275
the:0.0031814250421615875
do:0.0023322010354107038
can:0.011228129771918356
linux:0.034624940883144044
increase:0.02730354372199537
friend:0.01127662149250911
an:0.005830507393258031
instruction:0.1435223971164863
people:0.004887250454782849
many:0.006016886453175629
about:0.01599052240782259
dear:0.015604375974374689
interested:0.009341156543554935
is:0.011340078407722828
architecture:0.03661303755279264
today:0.01843588484284645
hardware:0.011524938713229065
does:0.003956132514082875
dave:0.011384008673294132
instructions:0.03137964356119985
article:0.005261901820237669
very:0.005659878220076128
difference:0.02082567433009342
compromise:0.017207161104711134
by:0.003215699593562228
high:0.018164440426243645
reduce:0.029609718660928864
s:0.0060432105278183604
newsgroups:0.013916468639030828
