since:0.04880052740008979
there:0.04476970661351939
thanks:0.04861918646136983
where:0.04505992190814053
to:0.003361461366075197
sound:0.16835040434772833
that:0.008461088425231142
file:0.14821882353455654
m:0.03338572468575786
a:0.006812215248031195
ms:0.1019546322532948
driver:0.26925260476729695
mnemosyne.cs.du.edu:0.14565608272227176
it:0.008362327554633463
not:0.014705122160389389
ftp:0.09252114505583112
site:0.09525766335216114
be:0.014108811149694422
claims:0.09161769940509089
get:0.032057901836368835
but:0.016226420054888054
windows:0.06700505320545126
speaker:0.25699460604964147
subject:0.0006511452900492268
i:0.009312132060750973
the:0.0036768439511661124
can:0.021086975425310083
an:0.02189995459906675
is:0.00655299089977229
lee:0.10407686096035894
s:0.030265184432000894
