looks:0.04388596762017808
there:0.01176639725098907
default:0.061534298533356235
fax:0.03921337615235115
from:0.032560471324237526
my:0.012182234119619247
hayes:0.07136454209621766
to:0.0017669220001164498
ftp.cica.indiana.edu:0.07603945380888316
engineer:0.05716160691964031
son:0.05470706794070149
helps:0.054230414052986696
like:0.01493127004498299
its:0.02651057123120731
re:0.004794109009976545
description:0.05609025976135771
michael:0.03852173335479089
this:0.006730544081684859
directory:0.05404460626705636
set:0.033966853642640016
you:0.014251256138685175
size:0.046165091500844455
a:0.0035807798098625512
how:0.03372725633920831
want:0.024264076509130532
also:0.03803838799178375
internet:0.03662223003993085
freeware:0.08176108332976033
it:0.008791164865127486
try:0.031235765030043494
app:0.13970900635509215
hope:0.03703155817487237
which:0.016562722211763047
noticed:0.05200260283531186
writes:0.00847772296176362
of:0.0024928280200735725
ucsu.colorado.edu:0.07017503269300014
what:0.011800539782008092
up:0.05167155270586095
david:0.06401141639344857
called:0.03438787815200941
in:0.004555889792166422
and:0.0024474193236589093
for:0.004171139268103512
program:0.03559786451774455
the:0.0019327000256129563
do:0.009209204088544828
dad:0.07391747382840146
start:0.07224518174057724
jr:0.05990533855747283
fan:0.051276358788329146
64:0.06492278088986543
an:0.011511514596945343
white:0.08715305502104083
window:0.08941007030320876
9:0.04565171353365418
does:0.015621651465865707
position:0.08827802454390286
give:0.030297900914820597
s:0.007954311293025875
james:0.04435376625175676
