since:0.03847733891160926
there:0.03529919175296721
where:0.03552801535064927
tony:0.1777978683631811
to:0.0026503830001746746
sound:0.13273781881263197
that:0.0066712427968168625
re:0.007191163514964819
file:0.17529726244952362
m:0.026323359848386
a:0.005371169714793828
ms:0.08038730619971321
driver:0.21229532298959955
mnemosyne.cs.du.edu:0.229688438138967
it:0.006593373648845615
not:0.011594423241845479
ftp:0.07294936437094376
site:0.07510700379689628
be:0.011124254944951372
claims:0.07223703222324473
writes:0.01271658444264543
get:0.025276422601752353
but:0.012793908120200198
windows:0.05283090733506734
in:0.003416917344124817
speaker:0.20263036246221733
or:0.01296752803275164
subject:0.000513403017154198
i:0.007342257970976728
the:0.004348575057629152
can:0.016626269085340643
an:0.017267271895418015
is:0.0051667812863589214
lee:0.08206060191105224
article:0.015583324621473098
thats:0.09979115485314441
s:0.03579440081861644
