pc:0.034717104812477945
characters:0.05274975947301566
out:0.012272678115421456
say:0.03953218696390715
help:0.04458526500087077
thanks:0.020764444217876696
your:0.026248587962109635
with:0.018275855524673354
from:0.008818460983647662
to:0.0028712482501892307
been:0.015283754033556658
that:0.0072271796965516
memory:0.07045067137848574
like:0.012131656911548678
nt:0.007438318247108734
me:0.01128738208754734
need:0.020012520744762875
so:0.0212877207788525
anyone:0.01742619530876449
path:0.04620758990688452
you:0.005789572806340852
am:0.03404867409794511
temp:0.12356411243943513
magazine:0.043986453508373775
idea:0.028878919742299544
output:0.12772994340419128
bo:0.06579937372817574
it:0.007142821452916082
have:0.0106510544405761
only:0.013891002481971735
has:0.011091400769651573
be:0.006025638095181992
utility:0.04940868723642536
dropping:0.060789241846755854
if:0.01396146707840436
of:0.0020254227663097776
seems:0.02454674051438623
together:0.03707256501510657
email:0.028582277697582717
or:0.007024077684407139
total:0.03813557808129585
and:0.003977056400945728
few:0.02380861980110715
for:0.006778101310668208
subject:0.0002780933009585239
each:0.026520931222506407
i:0.0059655846014185915
example:0.029284991080811507
mention:0.03931952931538461
20:0.03275867029589187
limits:0.051513131276772095
source:0.03249237460103983
the:0.0023554781562157906
see:0.018431101681366416
would:0.009715100480253917
did:0.017124073369197555
maybe:0.027582427941065874
an:0.00935310561001809
variables:0.1859775032628252
actual:0.04231621757009066
is:0.002798673196777749
having:0.027259285337712096
else:0.026318252347271424
trouble:0.07947545588104864
string:0.1104126170885631
first:0.01955786280615668
article:0.008440967503297927
playing:0.04172260370161555
james:0.07207487015910473
