some:0.011559771040924299
there:0.004543460324639344
know:0.012216585402557444
all:0.004723108072506392
anyway:0.030183305164797367
thanks:0.009868250717406747
own:0.011220250671029679
your:0.012474576457240224
with:0.0028951850336116206
wonderful:0.02379281089162081
someone:0.032724625465292374
from:0.00838190350920966
monthly:0.10864141734319686
post:0.012785038635797923
both:0.01111734694211999
my:0.00470403099668466
to:0.004093660871556923
q:0.0210132596213993
that:0.01030409778518248
nt:0.014140169341038386
could:0.007470837402604244
me:0.016092901194126902
account:0.04034435056165604
anything:0.011491292823363385
michael:0.014874728721156878
greatly:0.019321431434656443
anyone:0.008281756186343522
reply:0.01777820059086705
programs:0.01749100061531939
something:0.009854758995859024
two:0.009231630854719364
you:0.008254440436763195
used:0.00977457182344983
apparently:0.018755747803226055
vs:0.016913920520115557
m:0.006776310456020159
a:0.00414803205696949
payment:0.030108417261522132
worth:0.017401800093028903
copy:0.016913920520115557
also:0.007344045206334487
course:0.012109662375742668
features:0.021414096564635273
month:0.019672294501917122
it:0.008486520538118119
not:0.0029847030127523014
have:0.007592830888331478
whether:0.014145834578622894
money:0.030695245215139902
able:0.026113517090204645
doing:0.026541612922428865
has:0.005271160761814609
personal:0.016603442926711464
familiar:0.022805239800450912
be:0.008591008769368386
things:0.01106299964425866
if:0.013270305341849689
of:0.0038503086250641317
even:0.016625341066990353
but:0.006586962596538715
seems:0.023331555340406714
fact:0.011872609547667522
please:0.009482254242105222
who:0.012802503705285627
in:0.0008796024846261905
or:0.010014526599550771
better:0.03321112680150599
and:0.0028351293155256673
gets:0.016521368031647547
for:0.004831913805624861
subject:0.00013216315293078365
each:0.012604006917626809
i:0.007560344841401779
example:0.013917619523553984
6:0.029092570619397965
appreciated:0.016756248114733877
pay:0.016499218128702392
review:0.021394254874548446
tobias:0.06283755288172824
actually:0.012100564985648933
will:0.00561042249952121
than:0.014164369130885755
the:0.0003731450544500262
do:0.017780146507586553
automatic:0.022805239800450912
got:0.010951256542725614
would:0.004617077455962258
can:0.025680177993199407
maybe:0.039325441816965206
cc:0.027987354754923796
just:0.011627609539266198
is:0.006650312546798612
managing:0.05872353858507809
right:0.009603334622724256
checking:0.048113799810026704
keep:0.026231827565603178
study:0.018343432417994052
does:0.01206424568651015
their:0.0074934832603055146
handle:0.04022135531414558
every:0.012040339242264338
give:0.023398378924316898
aware:0.020281669366241976
seem:0.013661943341068008
everything:0.015295358831303233
s:0.006142933473821964
specify:0.02593034760659872
