manager:0.04315272901003954
at:0.009680934202795947
b.c:0.06393130452511961
know:0.013559067314926395
dos:0.07757257925810852
with:0.006426674470214807
from:0.009302991806925008
my:0.010441914959673641
to:0.0015145045715283857
boot:0.05394095021308068
format:0.0441764231542639
make:0.019341543773073667
problems:0.03014366193287663
nt:0.007847017051894929
me:0.01190756791653346
anyone:0.018383678567487818
file:0.033389954752290216
had:0.016861631710792694
this:0.005769037784301308
on:0.00557152555208011
you:0.012215362404587295
a:0.006138479674050089
hard:0.029716850577752852
dos6:0.06609295611024109
let:0.02533118398629478
drive:0.03103081042643944
also:0.01630216628219304
science:0.03716079369414633
computer:0.029458273683135337
shell:0.052958460238184145
no:0.012370832265741868
internet:0.0313904828913693
recognized:0.054933113363323544
silver:0.17170455211949662
it:0.0037676420850546372
ve:0.040112828550053506
university:0.025827913204380812
able:0.0289831343528645
craig:0.10032935699539595
formatted:0.06474567784549017
command:0.04523354565861358
has:0.011700818394357704
heard:0.029699421532086535
get:0.014443670058144202
if:0.014728580654140865
what:0.010114748384578365
but:0.007310804640114399
windows:0.030189089905752767
in:0.0019525241966427526
floppy:0.09681365040874369
system:0.0491257654778577
install:0.04855110313230363
and:0.002097787991707637
subject:0.00029337315265954173
i:0.008391151966830547
6:0.06457911280349879
experienced:0.05611980169369822
the:0.0016566000219539628
sfu.ca:0.06412931008009409
when:0.014370048822458638
did:0.018064956521351268
problem:0.02324797024225917
is:0.002952446449347955
win:0.0372469824574543
formatting:0.06790701930100426
disk:0.038472296525273425
too:0.021456240306203262
under:0.05334776762869537
simon:0.05947564399645845
fraser.sfu.ca:0.06354568562609467
going:0.023932040484062448
s:0.013635962216615788
