louray:0.21295547176392984
know:0.01019731508808514
all:0.015769716209029606
dos:0.11667941673533679
anyway:0.02519432910450028
thanks:0.01647426979269556
codes:0.09089743769698098
where:0.015268238001931916
ca:0.01699626938919274
such:0.0158927041608909
post:0.021343618218439508
batch:0.0485356073468505
to:0.005695037851615003
been:0.012125953613400325
make:0.02909223939420998
that:0.002866980375491544
nt:0.02360590253627896
michael:0.04966438349873867
so:0.008444715680867108
anyone:0.013825741732573482
file:0.07533436072210932
this:0.004338697837780322
directory:0.03483867180851567
them:0.012114538607704471
names:0.033858654644470076
particularly:0.03319917599289737
m:0.02262503656390202
a:0.005770678205976839
how:0.010870768572141523
ms-windows:0.04544871884849049
uunet:0.03121481249931641
sorry:0.05251928404526652
was:0.007317860612408146
copy:0.028236462355895393
question:0.018041207300389293
manual:0.03247601154448564
hey:0.0318523883110014
it:0.002833515948264231
deleted:0.0290361941900689
have:0.0042252116789062225
properly:0.035584844095061956
ve:0.015083749578739127
always:0.02195831485949345
exit:0.08795556736317343
seas.gwu.edu:0.20602256164882013
be:0.004780671546590672
kinda:0.04220580127377304
if:0.005538433221185201
of:0.003213893976293201
looking:0.02143706897030284
but:0.010996416896700997
never:0.018214373808775705
hd:0.03684797801431359
order:0.023176172406053654
well:0.01390799925746566
windows:0.02270419158201241
please:0.015829878982688058
groups:0.030411451227160265
find:0.0349825907053453
commands:0.03999300906260805
now:0.01365218510643177
email:0.022676848421222653
in:0.004405281865152657
for:0.005377667155571471
subject:0.00022063600737205204
i:0.009466051598945204
group:0.044580428674490004
the:0.0024917454875671174
wrong:0.04369292655917125
do:0.005936511726499972
move:0.029229959632834854
right:0.01603201317182066
does:0.01007015549039277
first:0.015516982061082985
reflect:0.039100104249293305
seem:0.022807541775997833
