at:0.00855305837334399
bbs:0.039291676230637486
there:0.008910475588127645
know:0.011979370152022347
all:0.009262794472294089
menus:0.05683608112579377
with:0.011355871393971791
from:0.01643829620252768
to:0.001338057436981389
published:0.03980676907486942
die:0.036580139528469405
problems:0.026631778989240514
13:0.038230471402587014
nt:0.006932801473033383
me:0.010520278450529559
re:0.0036304903182346653
anyone:0.016241890773217388
had:0.029794339527808446
this:0.005096916877392417
93:0.035543839765091276
recently:0.03212923849114261
am:0.03173468653789059
m:0.013289463224427884
a:0.0027116584967891164
sorry:0.030848705677074022
beer:0.10353865817483848
running:0.02939281953831749
driver:0.14290429508685015
wondered:0.05459798735286336
da:0.23111767395768565
bios:0.046852626851515616
no:0.021859140508398246
it:0.003328693492621087
not:0.005853495228892862
delivered:0.05417884005320114
try:0.023654268663528082
ve:0.01771974465075179
mouse:0.16877406513506138
anybody:0.029510632474880533
if:0.006506314754984556
of:0.0018877726753955208
3.1:0.07614605791994596
seen:0.05033912408975442
distortion:0.05927602703143363
but:0.012918120820396315
never:0.02139746826079476
version:0.030295831142384315
latest:0.040449966992745154
using:0.021402141540241948
newer:0.04772666715887211
in:0.0017250456494610725
indication:0.050853691422649915
system:0.021701187662548783
and:0.0018533855072368438
subject:0.0002591937562331873
cursor:0.21839194941145343
i:0.0037067710144736876
don:0.043287430482834406
any:0.009934827828046671
the:0.00439079423294594
do:0.006973960377732976
drivers:0.03817770639301461
gateway:0.046852626851515616
is:0.002608472105734601
win:0.06581505638113284
else:0.024529633255709286
greetings:0.05314225776751467
diamond:0.19443955322600212
already:0.028211517682498556
going:0.021143841592715363
s:0.006023653212194352
