apologies:0.025460987139479408
pc:0.01557402832709291
at:0.004116658936702948
cable:0.020175922726117984
out:0.011011000925985606
there:0.004288686848491343
all:0.013374782672611558
small:0.02793220467538328
case:0.011549584613582969
thanks:0.009314890864094219
access:0.015665312467376288
with:0.013664191046484751
user:0.01767123123174306
setting:0.020102041389544887
feet:0.02052365396708099
my:0.013320760672854691
to:0.0032200914955393244
sound:0.03225404943110683
building:0.017759194246909586
kent:0.04300330268655505
attached:0.023039465031705515
then:0.007457384812036463
martin:0.10851877035643007
formerly:0.051395280193152794
been:0.006856263491688968
that:0.0016210496515629757
trivial:0.026561763173651217
along:0.03265384496393677
me:0.010126997013126585
need:0.008977579399519795
brought:0.01810463945110125
server:0.01870307824835343
this:0.0098127558574097
starter:0.028104948626317464
best:0.011379327476455299
two:0.008713969311464072
on:0.002369200117940607
set:0.012380441981896827
you:0.0025971915392930924
tell:0.01126179931599277
am:0.02291125733693503
working:0.014806257059376668
more:0.005941210401031429
a:0.005220576171388392
same:0.009075202572563609
ms:0.0195333641232948
as:0.0037388512159673756
act:0.01743753767765586
nyx.cs.du.edu:0.06590799316848187
486:0.04456006156343183
wa:0.046867165095502164
mind:0.014157270107524003
business:0.016899830529128818
setup:0.020625022306385944
likely:0.015450508434251064
it:0.004806384529065027
purchase:0.020385334014855334
networks:0.023663443501913566
machines:0.03687800499891861
university:0.02196579534204349
92:0.04096742886333527
has:0.004975581653675472
network:0.01716583957957746
be:0.008109269959871093
if:0.006263088035172048
of:0.008177407804166578
kit:0.048233356779409466
particular:0.015846034804129938
lines:0.01651019684249774
seems:0.02202324382599138
fire:0.01680838148149285
well:0.007863868739034321
easy:0.015484493290929007
windows:0.025674833471247677
up:0.025111408791633354
one:0.004594910783998236
in:0.003321115923261504
additional:0.01997549485401839
system:0.0417798566213556
office:0.01705952295815963
or:0.00630197624021575
and:0.004460250169284928
for:0.0076016089465437845
subject:0.0001247521350094313
each:0.035691720523746945
however:0.011201396748583704
i:0.0017841000677139712
appreciated:0.015816645416711416
386:0.02205203936036343
any:0.009563432395222497
necessary:0.03368949324749088
will:0.021183277474827743
suggestions:0.018490637247994754
the:0.0028177682616413193
less:0.012845166152319053
would:0.004358175916375589
come:0.011220531189109385
simple:0.01541676895773944
thought:0.01254479628594258
here:0.00841308834403456
e:0.029073735477138565
different:0.011809424757061905
is:0.0025109591298192887
ethernet:0.024383773781480194
logical:0.02199673815640547
cards:0.01838793207641169
having:0.012228464450562436
printer:0.02030809428611136
appropriate:0.01889723246757246
runs:0.017531731403940817
first:0.008773620698088977
too:0.009123915270394843
planning:0.021652403035886034
three:0.013637794422768563
before:0.009935487230012356
process:0.016899830529128818
john:0.05012109158096907
s:0.0028992349572711136
