another:0.01312133331590875
some:0.013817004439447977
read:0.013414219301171135
large:0.01771617822418684
at:0.005212810724582432
out:0.006971462124736449
say:0.011228076770813866
circuit:0.027385589614864186
story:0.02127252975155387
small:0.01768488698382255
means:0.01677275278366126
take:0.012578397220921323
miss:0.028555151276367506
longer:0.020084088806947783
to:0.002446507384776623
remember:0.016465230985332733
everyone:0.018091791464574576
look:0.014030581800449174
clock:0.025385448624848615
eugene:0.07441127030806649
that:0.010263450456641326
think:0.017038438195604202
like:0.006891355405376764
could:0.008929639972343535
me:0.006411767339671862
re:0.002212665696912252
so:0.006046216552573491
reduced:0.059158737468194576
best:0.014409325916931563
personally:0.023188429616014798
on:0.006000104440701656
set:0.04703102812057848
you:0.006577502833239312
books:0.02160199948548024
performance:0.022432019133707785
serious:0.02128398601798503
am:0.009670629329593878
why:0.010530902841147967
fun:0.02435652458540731
more:0.007523189501897786
a:0.00247900140682792
as:0.0094688066297872
modes:0.02939587620899338
addressing:0.03188611305483743
hmm:0.02935087857949504
computer:0.0317242947356842
are:0.0038042093585871333
complex:0.026603508117180857
brian:0.04421393508613939
hey:0.022805556127995084
it:0.004057460706981916
not:0.01427005937457905
have:0.006050303114173407
try:0.01441650693694315
arguing:0.030218354758145192
has:0.006300440673884917
sets:0.028139077321234607
usually:0.01951331800110422
free:0.01708584493564932
be:0.0034228476753696527
pentium:0.03792374673394016
writes:0.007825590426243341
of:0.0011505360092647257
intel:0.02991484414046738
but:0.01180976134172326
reading:0.01944569258202953
authority:0.025029421870609248
in:0.003154077548422908
clearly:0.021505978558724284
rather:0.015227713922561321
and:0.00225915629876207
risc:0.28269346232488246
for:0.0019251412006631597
subject:0.0001579701591243686
i:0.00677746889628621
rate:0.02298624680172338
any:0.006054954238395309
information:0.014430895174460147
will:0.006705948786409966
the:0.0035680615857469965
can:0.010231550206363472
linux:0.06310344255626252
increase:0.024880152267380395
bye:0.036126809374187364
friend:0.02055147585617045
an:0.005313006737051696
instruction:0.13078372281620643
just:0.006949044754236011
people:0.00890694165723738
excuse:0.0261952662740628
about:0.017485494325240325
gif:0.027716243214831383
dear:0.028438744379333747
is:0.006359115429364826
architecture:0.033363359663491514
either:0.014813980515463657
win:0.020056067477090777
lee:0.05049883194526291
supposed:0.02158991131015598
article:0.009589738228598828
very:0.010315044330079568
difference:0.01897724169724489
high:0.016552211986044504
reduce:0.026981637122976593
s:0.014684882387124693
