at:0.007403067331549841
help:0.03596794487465205
all:0.008017376728120093
into:0.015048772293969632
from:0.007114052558236769
to:0.0034744516640945315
line:0.023729443267277214
physics:0.03853449605456514
fails:0.040225668883804404
that:0.002915164919617452
view:0.02861637607382043
helps:0.0355459856817896
12:0.029860376736235594
re:0.0031423571662031135
anyone:0.014058107139843623
file:0.05106698962114973
had:0.01289418895531206
this:0.008823234258343176
2.0:0.039410158050615575
you:0.00934115948586087
performance:0.03185723725711442
contained:0.043139245388308385
orientation:0.046546515204343386
a:0.0035205986365875507
how:0.011053470564950624
mario:0.13831239266801953
ms:0.035127226238530145
wondering:0.03024313867106972
was:0.014881699732796396
netherlands:0.04888864463685616
solution:0.03268787452296847
responsible:0.03286432953842876
files:0.027809340878888145
are:0.005402616652111138
it:0.002881138065041781
not:0.005066470660302226
couple:0.026520939450878304
only:0.011206186876212491
evil:0.035098098440408405
talk:0.02907221653476493
knew:0.03262264758737613
converter:0.04528363954846659
writes:0.005556826815273633
if:0.016894548397396875
of:0.0016339545005524256
reading:0.027616151650109163
happening:0.03814954197026855
lines:0.02969060608650854
david:0.020978531423062975
title:0.03530414564355394
one:0.008263116872064054
email:0.02305797192410034
in:0.002986213477218327
pictures:0.03907683656832624
and:0.006416763268752771
word:0.0515777565741751
for:0.0027340240580846554
subject:0.00022434417556317895
i:0.0016041908171881927
we:0.022651158079226383
similar:0.026594607461064713
any:0.02579715797366741
pretty:0.024185042495122912
creator:0.048450108895927005
the:0.005067247125976827
writer:0.042841750203006575
can:0.007265260440653053
agree:0.025349203184575116
may:0.015638869978485972
simple:0.055448547175735136
laboratory:0.040225668883804404
problem:0.017777859597021717
here:0.01512941937498652
statements:0.03542419570445711
about:0.008277446893461105
changed:0.031758951208684244
hold:0.029157820276840503
draw:0.03548487005717548
move:0.029721219458596782
else:0.02123153130536182
time:0.013273193024400954
electronics:0.03790236646433331
converting:0.046104130889339845
pages:0.03778145270423163
first:0.03155554335110993
show:0.025294694703654055
very:0.0146490965696088
by:0.00832298718333753
james:0.02907221653476493
