read:0.017438485091522477
at:0.006776653941957162
know:0.009491347120448477
tel:0.03127267753306444
all:0.014677966625327558
dos:0.027150402740337982
corner:0.03770352292239791
fax:0.02352802569141069
with:0.013496016387451093
lan:0.14445187993995978
tcp/ip:0.046099636929315194
work:0.031154960984466212
both:0.017274646786986446
my:0.014618680943543098
to:0.005300766000349349
most:0.014281503568977215
make:0.013539080641151568
that:0.010673988474906979
along:0.026876626239547962
its:0.015906342738724388
yup:0.04475191316758372
re:0.005752930811971855
so:0.00786008151834554
anyone:0.01286857499724147
this:0.004038326449010915
mean:0.020334015821768157
communicate:0.04372474860893354
great:0.01939423606717444
support:0.021068894688719277
more:0.009780146352467123
magazine:0.03248230412926064
a:0.0010742339429587655
richard:0.08621717341797182
same:0.014939179619450866
load:0.06916912110467023
fine:0.024916589060927388
someday:0.044350484297040874
computer:0.020620791578194735
internet:0.02197333802395851
hey:0.029647222966393612
works:0.04577116913154985
d:0.014014186325977196
it:0.005274698919076492
have:0.011798091072638144
hopefully:0.035559573672636215
uses:0.05253838661286826
anybody:0.02338150111471304
writes:0.005086633777058172
if:0.005155003228949302
of:0.0014956968120441434
w4wg:0.22394310907875373
dr:0.03014495850081924
using:0.016957081374191697
well:0.012945137770410346
windows:0.021132362934026937
they:0.007176304803905721
up:0.01033431054117219
now:0.025414067659665297
sounds:0.027405419719698756
over:0.015430313480918138
in:0.0013667669376499268
use:0.025581223503805355
and:0.005873806376781383
for:0.007508050682586323
subject:0.00020536120686167922
i:0.005873806376781383
we:0.020734521626368768
possible:0.019822858638189094
any:0.007871440509913903
will:0.008717733422332957
the:0.0011596200153677738
waters:0.04696485218644358
around:0.01820918794733566
hate:0.03096914801967561
drivers:0.06049698089970009
regards:0.03176436613085895
thought:0.020650664655320866
problem:0.016273579169581418
just:0.01806751636101363
german:0.036120045582366
many:0.014255392519831489
about:0.007577047540937474
is:0.006200137543630706
right:0.01492210456761769
time:0.012150076691567029
does:0.01874598175903885
news:0.023606742432026297
