read:0.01425788089243976
at:0.005540660455688246
know:0.007760220916089949
help:0.01345970264177231
tel:0.02556885584464388
all:0.01200085321567662
send:0.01844872403066807
dos:0.022198442492100238
corner:0.030826779747872506
fax:0.01923675056530434
with:0.014712638409799934
lan:0.1181053106427344
tcp/ip:0.03769152704912563
work:0.025472609609940928
both:0.014123925045963761
my:0.01792857096849625
to:0.004333959622927141
most:0.011676701031239233
make:0.01106968857452644
that:0.008727160388288725
along:0.02197460007007066
its:0.01300518588700736
yup:0.03658961453953386
me:0.01363004629439679
re:0.004703654122995856
so:0.006426481744559246
anyone:0.010521476412838938
ps:0.028336869954840978
this:0.00990532902587583
mean:0.016625295954904785
communicate:0.03574979446013435
possibly:0.02438335637356818
great:0.015856922570645766
support:0.017226140311531486
more:0.007996346074344188
magazine:0.026557858722037
a:0.002634913444993198
richard:0.07049202858073167
same:0.012214423588230267
load:0.056553369456648614
was:0.00556893795032318
fine:0.020372053949185915
someday:0.03626140225544223
computer:0.016859766699152928
internet:0.01796562228373966
caused:0.02504600112613313
hey:0.0242398678341583
works:0.03742296847233636
d:0.011458139763377582
it:0.006468970372452301
application:0.02320985979759075
have:0.009646237983917979
spread:0.02931645819011917
hopefully:0.02907386526693527
uses:0.04295591358284827
anybody:0.01911695059693519
writes:0.004158882962374606
if:0.008429565028470557
of:0.002445793529128788
short:0.021779735003907345
w4wg:0.1830981394983521
dr:0.02464682141576416
using:0.01386428036883598
well:0.01058407490662481
windows:0.017278032587569193
please:0.012046637464812923
they:0.005867419022061281
up:0.008449436291524432
now:0.02077879745758798
sounds:0.022406946940634203
over:0.012615979575593446
in:0.0011174824018521413
use:0.020915465757828277
message:0.04084679105106568
and:0.004802483201142011
for:0.006138657790793848
subject:0.00016790538925797672
twice:0.028367179932425556
outside:0.02267154577032406
i:0.006003104001427513
we:0.016952753530993334
possible:0.016207368697890454
any:0.006435768970369857
will:0.00712770657171877
the:0.000948116993696922
waters:0.03839893574992242
around:0.014888015302853054
would:0.005865721044681611
hate:0.025320687060112132
drivers:0.049462940358245354
regards:0.025970865390010464
thought:0.016884191227620835
problem:0.013305442088337009
just:0.014772183188250139
note:0.01862697546464464
german:0.029532112740299245
many:0.011655352374704992
about:0.0061950703164897584
is:0.005069294846993659
right:0.012200462854027042
time:0.009934024967947885
does:0.015326903325000318
news:0.03860222032909961
