some:0.008164593532401078
louray:0.045048272873139
there:0.012836069728351713
k:0.052988266521002275
your:0.00881071484042841
times:0.019653679311140045
via:0.02390371593437514
execute:0.04068355742507611
to:0.0028913269092814635
then:0.022320004891969274
remains:0.03228918691474008
day:0.01778533591442568
make:0.012308255128319606
that:0.007277719414709304
could:0.010553210876405995
need:0.040304936884557406
re:0.0026149685508962974
michael:0.021011854557158666
so:0.0071455286530413996
file:0.02124815302418468
this:0.007342411725474392
personally:0.027404507728017488
directory:0.058957752291334216
on:0.0035455162604146146
you:0.02332023731784847
am:0.011428925571338221
a:0.0029297289353420876
uuencode:0.04862048003234174
same:0.027162144762637935
as:0.005595203917601528
files:0.023142038913200623
are:0.004495883787421158
it:0.009590361671048167
not:0.004216153906125629
ftp:0.026527041589434093
couple:0.02206987268989174
ve:0.012763172720471568
date:0.025019574753729533
has:0.007445975341863993
feel:0.021302634155567678
seas.gwu.edu:0.04358169573340425
which:0.009034212115507118
utility:0.033169468354523314
writes:0.004624212524598338
depends:0.030110252695821654
if:0.014059099715316279
of:0.0054388974983423394
short:0.024216628430917955
3.1:0.02742323064949103
available:0.018888558236463147
what:0.006436658062913505
order:0.019610607420506937
using:0.030831057043984905
windows:0.05763371709280073
one:0.006876300054374982
email:0.01918810251026532
in:0.0037275461935907094
pictures:0.03251848637504072
system:0.01563092537931836
bmp:0.03912311301029142
and:0.005339823978892166
subject:0.0001866920062378902
i:0.004004867984169124
any:0.007155855009012639
will:0.00792521220212087
program:0.05825105102903654
the:0.0073794000977949244
just:0.008212507436824378
during:0.020478108460157136
about:0.006888225037215885
changed:0.026428777579254718
is:0.0131518069107318
number:0.03499671116640221
picture:0.02860508925661119
select:0.033126957542800366
multiple:0.03002814208129939
does:0.008520900799563113
run:0.01871912187683493
change:0.020783280474898514
written:0.025059572996196572
bad:0.01916504228493975
by:0.006926122201518644
s:0.004338715250741387
news:0.021460674938205724
