looks:0.0316954210590175
large:0.05544507629421436
k:0.07016038993058635
small:0.027673573150611214
thanks:0.01845728374922373
switch:0.07874284114833659
with:0.005415068303606919
into:0.01658151762020728
copying:0.05277745996416204
work:0.01875067096287318
to:0.0038283310002523076
segment:0.2219612148448509
80:0.03700612618021582
make:0.016297041512497255
like:0.010783695032487713
and/or:0.03741650025133306
its:0.019146523666983054
bytes:0.047533057418599055
error:0.03486535332566665
this:0.004860948503439064
on:0.0046945261596230544
fix:0.04027813851093041
am:0.015132744043531161
pascal:0.052070302753193756
a:0.0012930593757836991
how:0.01217928701138078
load:0.041629563627810784
said:0.02029171137651326
far:0.02304979696408705
section:0.03805332523725266
model:0.03387918066281064
proper:0.03802340838001705
it:0.0031745873124071474
not:0.005582500079407082
have:0.004733801973589378
calling:0.03808333906988387
second:0.02546014608011358
after:0.0178630897006014
rc:0.16706830572310938
call:0.024601445351839883
without:0.020807504488911988
anybody:0.02814439948993236
be:0.005356122751272882
which:0.011961966041828868
get:0.012170129400843725
if:0.006205096479290826
of:0.0018003757922753578
3.1:0.0363103887303446
what:0.008522612064783622
explain:0.03328756970382041
seems:0.021819324901676648
using:0.06123390496235891
windows:0.05087420706339817
must:0.021457966921106453
errors:0.03975948442246123
resources:0.04086809975524622
or:0.0062436246083619005
and:0.003535161245285091
for:0.0030124894714080924
subject:0.0002471940452964657
fatal:0.05180189963399698
i:0.005302741867927637
information:0.02258167856003486
program:0.07712870645511319
char:0.05721795144806839
the:0.00558335562954854
hello:0.07165353316021798
can:0.016010481341439134
int:0.05011373707108999
problem:0.019588567518940593
long:0.0220399189361906
is:0.004975419016493776
1:0.036268960961568675
too:0.018078869146893484
donald:0.05116307674985854
under:0.022475216917644807
function:0.03808333906988387
going:0.02016496003749706
functions:0.04337078799357874
