there:0.020395088568381056
that:0.007708991676321707
nt:0.015868412260498635
need:0.04269337758882747
re:0.008309788950626012
on:0.011266862783095332
you:0.012351088653527152
a:0.006206685003761756
adding:0.10500236866898395
files:0.07354025699083754
it:0.007619009549777155
ftp:0.08429704327309057
utility:0.21081039887541486
writes:0.014694719800390275
host:0.10637454660383833
3.1:0.08714493295282705
what:0.020454268955480696
windows:0.18314714542823343
find:0.04703214972607534
called:0.059605655463482975
in:0.007896875639755132
and:0.00424219349434211
for:0.021689924194138267
subject:0.0005932657087115177
i:0.012726580483026328
any:0.022739717028640163
do:0.03192524084028874
sp:0.1048696982915061
just:0.026097523632575243
is:0.011941005639585063
3.0:0.10272765727650462
changing:0.09516486158901123
article:0.01800739734036891
built-in:0.12563212578876906
