at:0.021663074076748303
small:0.024497917215295175
switch:0.034853388705001445
your:0.010327313296567726
surprised:0.03607116960655114
both:0.01840741051072326
mono:0.04947899928484192
to:0.002259342885394805
colors:0.07475240448824663
look:0.019435805936687794
quite:0.021772126082863948
smaller:0.036813461221680055
re:0.0030650860883456605
prefer:0.03366006643476919
this:0.004303134740749336
programs:0.028960509215528826
personally:0.032121677091036895
on:0.004155810042944999
rarely:0.04200493058381917
you:0.013667188264148897
used:0.016184127117515292
suggest:0.03009344102549277
size:0.029515386369392358
card:0.025089412676346245
a:0.00686805307793309
how:0.010781663911714135
want:0.01551309809600149
looked:0.030532813151472826
was:0.007257878148372013
as:0.006558312788664086
worth:0.028812816547474085
video:0.02865337043331986
worst:0.03532549929338945
d:0.04479944809123858
it:0.002810290407704688
not:0.004941885316196434
choose:0.03257215974907589
have:0.016762315185168946
only:0.021861249807693224
color:0.12113547890502906
always:0.043556657344241106
develop:0.036930838711637014
open:0.027089840809453796
screen:0.1225674482001983
without:0.0368395161443032
14:0.06121070196322406
if:0.021972144910275715
of:0.003187550583044896
using:0.01806902113643378
windows:0.022518091651012307
one:0.008059925473570676
in:0.001456390999135168
or:0.011054286191853857
and:0.003129487004022868
few:0.01873465164677284
for:0.0026667939582956887
monochrome:0.04985164169530713
subject:0.0002188275155083467
combination:0.040658184261759524
i:0.009388461012068602
worlds:0.05366609456161233
will:0.009289388072977741
program:0.022759290429377667
the:0.005560473024509407
would:0.007644669230363738
regards:0.033847275385341505
maybe:0.021704205592969872
trading:0.04861538850076137
is:0.004404469293289573
maximum:0.04011754518149889
time:0.012946803031997653
does:0.009987613232274798
run:0.021941265806454058
too:0.01600424481856145
resolution:0.036621491760957935
check:0.027125504627767947
