above:0.011488000127124661
1.1:0.023605928947137863
ask:0.012297732423444587
out:0.009942422777050293
b.c:0.024547462918927777
tel:0.01715378936412817
all:0.00805120532190963
own:0.009563251626784789
your:0.005316169713844989
with:0.004935252124806306
much:0.014744277380252585
someone:0.009297291623050716
work:0.008544609552701702
my:0.004009342874811398
to:0.004652149063597741
stop:0.014025118626922519
look:0.01000492963829498
depend:0.021622791270995517
that:0.0014637325967699441
considering:0.01690029517027465
memory:0.014268490405769262
like:0.004914088875564021
nt:0.00301298966971493
its:0.008724998126726455
started:0.013836476269995379
server:0.01688801158290141
this:0.0022151157737190673
on:0.004278555487251391
you:0.0046902868304533486
machine:0.013724891790398087
am:0.006895933994520529
inc:0.015447322767107178
card:0.02583045018155478
a:0.0029462112359628584
how:0.005550054840629216
uunet:0.015936676423701623
want:0.007985645433384732
was:0.0037361229286978293
as:0.00337600911483974
running:0.012774094567285661
ram:0.032825798044162434
copy:0.04324825246915623
driver:0.015526521512600809
files:0.01396333993496915
are:0.002712706251481964
it:0.01012653168008356
not:0.005087848173636834
have:0.0064715267487044665
systems:0.012659987849293714
try:0.01028012519976115
only:0.005626735182570829
copies:0.019051579045280386
machines:0.04994869031499104
buy:0.025374186710919542
licensing:0.02502564302570838
novell:0.04851270751307115
network:0.030999912827253808
be:0.002440764798048402
which:0.005451022500073914
if:0.014138194509776566
of:0.003281697646679133
w4wg:0.2149664865629387
3.1:0.04963951877059768
conventional:0.04499781346838972
but:0.002807102203588229
vancouver:0.020803567581371224
well:0.0071007084816596825
windows:0.04636636593119833
now:0.006970102944633941
over:0.016927770063454493
one:0.004148991172049039
our:0.028225005354182195
replace:0.01855005498250938
moving:0.017894437053338954
or:0.0056903920481273015
use:0.007015947374461384
install:0.037283969494005316
message:0.013701771681686587
and:0.004027398887033648
few:0.009643997894119351
still:0.00861480625413311
for:0.0054911200491489275
subject:0.000112645387730035
each:0.021485311370131772
al:0.016076009201359626
i:0.011276716883694216
license:0.03947944665483138
away:0.0116834750477792
any:0.0043176677902481315
alan:0.03713656280168134
will:0.009563758184837842
currently:0.015185373425558212
than:0.00603629233003992
the:0.002226274713047836
do:0.006061754589928242
see:0.00746576270637627
upgrade:0.018660613515817496
when:0.011035227365769923
canada:0.015698766215217916
agreement:0.02083470727461014
got:0.009333982369749257
would:0.011805691722840203
returning:0.04865453973515032
drivers:0.016591998980930403
ensure:0.020306592747378047
forward:0.018251677240743985
needs:0.01413226397750779
just:0.004955226006185172
note:0.01249657847628058
replies:0.01891058327768611
about:0.0041561864148602174
meets:0.025662026526698186
current:0.013342808960889525
n:0.015447322767107178
is:0.004534559103639897
ver:0.025565024340096082
win:0.028603167963108363
opened:0.04294945326088328
questions:0.038280713129690024
easier:0.0176230958413865
does:0.025706515070411922
break:0.01655783353691091
2:0.008221137350613538
carried:0.018990574474920766
first:0.007922172275911566
very:0.01471090710365778
comes:0.012760237709896673
going:0.009189095713289798
answer:0.01281127021995298
needed:0.014075201224202619
check:0.01396333993496915
