manager:0.03812522660110289
laser:0.04758697067875464
fast:0.03380386334901007
send:0.0284790982609342
dos:0.034267498604310075
tried:0.03007635002948224
printing:0.09435910254005235
thanks:0.0193532683972443
text:0.03511226925469483
4:0.024119121399792998
from:0.00821914810126384
options:0.04393184862793025
to:0.006690287184906945
most:0.01802519867929163
enough:0.023613092494537826
been:0.014245052303120767
problems:0.05326355797848103
think:0.013978136189597623
appears:0.03786700026596439
like:0.011307175373870612
nt:0.006932801473033383
me:0.010520278450529559
anything:0.0225363218477612
anyone:0.016241890773217388
had:0.014897169763904223
this:0.005096916877392417
hi:0.030592394757421402
on:0.004922415779022232
tell:0.023398301491480124
used:0.019169548624629763
m:0.026578926448855768
sure:0.021184893399603916
a:0.004067487745183675
j:0.029651734558532643
output:0.1190492676388579
works:0.028884718383987765
it:0.003328693492621087
not:0.011706990457785725
have:0.004963598185899542
ve:0.05315923395225537
messages:0.04247611904258156
bother:0.044520437189254865
be:0.005616128710072537
which:0.012542644005024443
if:0.006506314754984556
of:0.0037755453507910416
but:0.0064590604101981575
ok:0.03168785621855273
windows:0.02667191438275244
alone:0.03727391587781062
they:0.009057472082599452
in:0.0017250456494610725
or:0.013093426363166703
and:0.005560156521710532
few:0.02219055826122608
subject:0.0002591937562331873
i:0.011120313043421063
plain:0.04417277259996641
similar:0.030725808620065055
the:0.00219539711647297
when:0.012695868377123649
would:0.009054850933052194
can:0.008393844586773915
receiving:0.04941272049917154
fancy:0.0518766090503958
just:0.011401830713261028
about:0.009563263886620111
is:0.005216944211469202
having:0.025406712547770497
write:0.031593921601820514
printer:0.042193516283765345
does:0.011829988488713836
exception:0.04830646555403349
serial:0.08037510539543363
data:0.028488792458308855
john:0.026033770869726653
