swap:0.45611244218331365
with:0.016709353622558494
several:0.08052718205906848
my:0.027148978895151464
been:0.04192115392061255
memory:0.09661806360478044
months:0.09702270114228057
file:0.17362776471190908
this:0.014999498239183399
on:0.028971932870816567
gregg:0.1582581516947675
a:0.007980023576265115
running:0.08649886892704861
baseball:0.10706502400253737
have:0.02921432075129445
without:0.06420601385149985
be:0.016527464489642037
of:0.005555445301878247
4.0:0.323054037742549
windows:0.07849163375495719
or:0.01926604164865958
for:0.009295681797487828
subject:0.0007627701969148084
i:0.01090849755687971
will:0.03238015271152241
insist:0.1511206717405855
happy:0.10851700252814346
