mode:0.04747171793154832
some:0.009649065083746728
since:0.008267857947949096
eisa:0.0691787668447899
at:0.010921053873402038
fast:0.014387594731190239
know:0.00509865754404257
all:0.003942429052257401
switch:0.01757071661987676
with:0.004833284105698738
much:0.014439643550082077
4:0.01026557646354826
work:0.016736136066035568
to:0.0028475189258075017
recall:0.016160558739971166
most:0.007671882082508422
matthew:0.017711869176948326
cases:0.015205725613580133
positive:0.018293388431060386
software:0.01163547887802172
t:0.021291512851243324
been:0.006062976806700163
problems:0.011335013371453609
mach:0.025752820206102516
quite:0.010976030504584304
memory:0.02794737376997781
bread:0.024677270213277445
higher:0.015338321954702035
like:0.004812558113672203
nt:0.00590147563406974
perfect:0.016735895843540863
could:0.006235988245148998
its:0.017089459140778265
12:0.014683408395091059
need:0.007938851204534034
re:0.001545208689165994
nope:0.022566420528294013
had:0.006340530932570807
this:0.004338697837780322
bitnet:0.020166346166368285
these:0.00684560319462373
slower:0.020195344400494926
set:0.010947994149280667
you:0.004593380077758032
am:0.006753456019427131
card:0.08853867118016402
3:0.00967547911007281
m:0.01131251828195101
more:0.005253797627358371
a:0.0017312034617930517
coleman:0.025982447690213302
as:0.006612513720801805
austin:0.020689332626320476
ram:0.03214757907630784
ccwf.cc.utexas.edu:0.023553577174088847
modes:0.020528525121156535
vga:0.018637940534114314
ultra:0.044251768866023916
far:0.010286686248435544
are:0.00796997580497387
no:0.004651841885051694
internet:0.011803859269068621
daniel:0.035360165249573056
works:0.012293909064259256
it:0.0042502739223963465
not:0.009965454687206032
should:0.013576959853169254
texas:0.016397395337475217
have:0.008450423357812445
due:0.013698935888010258
only:0.011020960646853609
whether:0.011807680102817457
money:0.012810825482351778
university:0.009712149180159725
32:0.01769594533679961
open:0.013656861895675054
switches:0.022172576810094324
ati:0.06363930001498387
heard:0.011167964295123449
800x600:0.024508584285507798
be:0.004780671546590672
fastest:0.04647597270532997
24bit:0.02532862948684597
which:0.0053383980682542055
greatest:0.020592099165947775
writes:0.002732489219080836
things:0.009234404661736568
if:0.0027692166105926005
of:0.0008034734940733003
but:0.010996416896700997
particular:0.01401260928960251
negative:0.020404238116043815
version:0.025789013286492437
again:0.010090368339289332
latest:0.017216308265507237
please:0.007914939491344029
they:0.0038550397706931558
pro:0.0371964144674068
in:0.005139495509344766
24-bit:0.04869303044578186
640x480:0.025430665076062384
confirm:0.023237986352664986
5:0.010739144160816871
system:0.018472911811921695
or:0.008359232946732463
debate:0.01875948551430561
use:0.006870989784079951
and:0.0031553505329817346
still:0.008436814389378294
for:0.0026888335777857353
subject:0.00011031800368602602
i:0.005521863432718035
6:0.012141940630409895
improved:0.02125049601953974
limits:0.02043496116764513
alan:0.01818463922313735
than:0.00591157554636141
decnet:0.0272107597706593
the:0.004672022789188345
do:0.005936511726499972
thing:0.00935509270712792
vlb:0.04544871884849049
disabled:0.02404028393299952
colour:0.02185629549967146
can:0.003572586745610386
drivers:0.01624918908463019
isa:0.03988281459261247
last:0.009008936165535116
problem:0.00874200533903134
people:0.006220136942450899
many:0.01531571097171978
about:0.004070314794718478
interested:0.01188874469179719
is:0.005551087332451733
cards:0.01626040274525662
time:0.006526900702081461
does:0.005035077745196385
2:0.008051279140890119
build:0.01541997133478659
1:0.008093073933573176
leave:0.014599926133448416
article:0.00334848297651488
full:0.012767200346790302
59:0.021813025665509078
apply:0.01652709084913088
s:0.0025637862845290012
