at:0.022024125311360776
dan:0.03311502907822715
all:0.007950565255385759
swap:0.13303279563679982
with:0.004873561473246228
4:0.02070224586815566
suggests:0.04108704597320817
several:0.023487094767228305
my:0.00791845217775251
to:0.0022969986001513845
matthew:0.035718936173512454
t:0.042937884250007365
been:0.012227003226845327
that:0.00289087187862064
memory:0.11272107420557717
months:0.028298287833165167
re:0.0031161708564847544
file:0.07596214706146023
this:0.004374853653095158
bitnet:0.040668798102176044
laws:0.030932282608649102
on:0.016900294174642998
you:0.004631658245072682
gregg:0.046158627577640526
8:0.049208188039564435
m:0.011406789267633935
a:0.0023275068764106585
coleman:0.05239793617526349
as:0.006667618001808487
running:0.02522883677038918
austin:0.04172348746307963
baseball:0.03122729866740673
ccwf.cc.utexas.edu:0.04749971396774584
internet:0.023804449525955052
manual:0.03274664497402302
daniel:0.071309666586639
it:0.002857128581166433
not:0.010048500142932747
should:0.027380202370557993
texas:0.033068080597241686
have:0.008520843552460881
university:0.019586167513322112
able:0.021978876884255576
configured:0.04926062308163923
without:0.01872675404002079
be:0.014461531428436784
common:0.05610213399385583
writes:0.005510519925146353
kinda:0.04255751628438781
of:0.00810169106523911
4.0:0.14133614151236518
but:0.005544026852086752
least:0.04012770637844137
sense:0.05477203410604984
windows:0.02289339317852918
virtual:0.04114854686735503
clear:0.027481256184888444
in:0.0014806641824540872
or:0.005619262147525711
and:0.003181645120756582
for:0.0027112405242672834
subject:0.0004449492815336383
i:0.004772467681134873
will:0.00944421120752737
decnet:0.05487503220416292
the:0.003140637541621054
got:0.018434615180254785
page:0.03503954777656072
just:0.009786571362215717
about:0.008208468169348929
is:0.0067168156722665975
new:0.014366663040696224
insist:0.0440768625910041
run:0.022306953569894955
matter:0.025174191765837853
16:0.029058272848542847
article:0.006752774002638341
thus:0.027761292273969212
happy:0.03165079240404184
