there:0.014340296649642929
know:0.019279298838410966
chris:0.059949175670614065
your:0.019686440971582227
way:0.02706832530541474
to:0.004306872375283846
within:0.05056953463004402
me:0.01693107313132101
brought:0.0605373881646198
re:0.005842820355908915
norton:0.08280946281642233
this:0.008202850599553422
hull:0.09869906059226362
on:0.01584402578872781
you:0.026053077628533837
tell:0.037656641462850825
etc:0.03628631230403493
os:0.07420859690178548
a:0.006546113089904977
how:0.020552546831705067
ms-windows:0.08592648407292733
local:0.04775599143618675
oasys.dt.navy.mil:0.18412052137311266
sig:0.07373650661121522
no:0.017589777127851716
not:0.009420468883999451
writes:0.010332224859649412
get:0.020537093363923786
if:0.01047110030880327
please:0.029928364951644606
groups:0.2299865999053995
code:0.050633007973932755
in:0.005552490684202827
subject:0.0004171399514377859
create:0.11883892785136309
group:0.08428487296270766
structures:0.09035402174960334
the:0.0023554781562157906
can:0.013508843631839271
put:0.038866551555418426
is:0.008396019590333247
desktop:0.2346946169798229
division:0.0619151158768802
1:0.03060193581132357
article:0.01266145125494689
by:0.01547555429401822
icons:0.09118386277013378
