some:0.0212279431842428
simply:0.055611697088788895
manager:0.07139815163479268
till:0.09088933301931712
printing:0.08835443237841266
thanks:0.03624339354393023
with:0.03189967509761167
physics:0.08337463691805912
this:0.009545135243116709
programs:0.06423967498717302
two:0.03390526241187839
support:0.049799205627881926
capture:0.09952095545552749
are:0.011689297847295008
it:0.006233735086181308
should:0.029869311676972356
only:0.024246113423077937
session:0.08762217966681375
university:0.04273345639270279
after:0.035076612502999115
uses:0.06209082054248067
anybody:0.055265366271139905
dept:0.07460559073348726
end:0.04916788004682744
of:0.0070705667478450415
print:0.07993387328826769
using:0.040080374157180375
together:0.06470847711727692
windows:0.1498476644412819
subject:0.00048539921621851447
we:0.024504434649344906
program:0.050484244225165
the:0.0095932201271334
do:0.01306032579829994
hello:0.07035074164821402
start:0.05122840159786386
an:0.016325420701122487
having:0.04757984349855202
printer:0.1580338973537393
does:0.022154342078864093
e-mail:0.04999446866640484
atomic:0.10577724930519787
while:0.03946077283415495
