pc:0.05375551712899811
script:0.09219300028187002
dos:0.05692826381038609
from:0.013654391200486702
nt:0.011517395995523202
need:0.061974257790233425
re:0.006031298431905976
exactly:0.05187713956890336
on:0.016355123394815804
tell:0.038871371832620204
a:0.004504852018859339
other:0.022246903029546947
sorry:0.051248656205461686
adding:0.07621139661458512
files:0.10675198595444159
it:0.00552992628612858
should:0.026496970036023863
ftp:0.06118333785950122
utility:0.22951132135629843
of:0.0031361384768667524
host:0.0772073322124633
what:0.014845840370913407
windows:0.08861958649753231
find:0.03413623770440952
or:0.010875991253275569
use:0.026819024641086257
and:0.0061580228143675786
for:0.020990249220133806
subject:0.0004305960789035209
i:0.015395057035918945
any:0.016504633327238828
will:0.018279118466182007
program:0.08956882039948628
the:0.0048629226450906645
do:0.011585772885588656
automatic:0.07430094257566264
did:0.026514694249080085
sp:0.07611510359867378
run:0.08634949768991595
under:0.039150377856542566
changing:0.06907127050815332
s:0.010007036788000296
