prism.gatech.edu:0.04973796410636082
mode:0.04030931838398138
go:0.020478234229411866
at:0.018546631841145918
out:0.012401864200846945
there:0.009660831427127868
know:0.012988159217455808
fax:0.03219624568298304
switch:0.08951817730547738
into:0.018850567399814593
someone:0.02319429594382126
my:0.010002255382424224
to:0.005802943831961393
look:0.024959666571325374
ftp.cica.indiana.edu:0.062432393653609336
misc:0.0605132193715677
engineer:0.04693268778665204
that:0.0036516276361523874
think:0.015155242395037424
son:0.04491738209868122
me:0.011406196635837312
re:0.003936215818717585
description:0.04605305538300949
directory:0.044373466198214695
you:0.011701031355973092
tell:0.025368684774973185
a:0.0029400086859924105
how:0.027691852573244722
want:0.03984416774130908
as:0.016844508636147757
resolutions:0.0605132193715677
video:0.03679695992489498
internet:0.030068778348574802
it:0.003609004523578652
between:0.024451219432067427
referring:0.049993160018044956
screen:0.07870120358117995
writes:0.013921313495106575
get:0.013835515529380235
of:0.0020467430059551437
windows:0.057835940661547396
david:0.052556741880936717
george:0.04191909662163334
in:0.007481250606083809
install:0.046506846158311896
and:0.002009460076267315
for:0.0034247248727586736
subject:0.0002810205988633505
i:0.00803784030506926
back:0.02217217600071092
program:0.029227720340885
the:0.0015868484420822168
do:0.015122482503294666
reads:0.05462252686698431
dad:0.06069013640647698
can:0.027302083971717264
fan:0.04210058932094393
64:0.053305020099047404
quickly:0.08936165144258228
is:0.0028281329146385673
white:0.07155724517517036
window:0.03670518675605412
9:0.037482459532895016
easily:0.03893594493047776
resolution:0.047029705208809135
article:0.008529819792806327
close:0.03657803385442674
s:0.01306181643907407
