some:0.005355673739143827
read:0.010399096614210651
large:0.0137341014673742
b.c:0.026686920696265524
there:0.0042099953466841625
circuit:0.021230113050055264
all:0.004376457938744455
small:0.027419687158403774
means:0.013002730368985105
c:0.011862833465270459
extensive:0.02431103495527995
times:0.012892092392169848
from:0.003883358965276035
discovered:0.02080198488587077
single:0.02982960248176491
to:0.0025288057983318
remember:0.012764330442757946
clock:0.03935909006971941
eugene:0.028842900646934035
software:0.012916449029730536
t:0.04727106522936591
that:0.006365222485036272
re:0.0017153234072393145
so:0.004687204575160184
phone:0.013474069386282428
had:0.007038571035239152
reduced:0.04586159005561873
these:0.007599247583022673
on:0.004651457112287064
set:0.07291966745300701
you:0.002549536648663862
books:0.016746504188285143
performance:0.01738995978714044
used:0.009057172056591126
am:0.007496955764685164
support:0.012564019768502322
cycle:0.023190865411646732
computers:0.019898022323801237
more:0.011664394732300238
onto:0.019973223286074985
a:0.004484187560057232
was:0.008123496643131979
as:0.00734049688272494
idea:0.012717322455324571
modes:0.0227885462354123
addressing:0.02471905094618131
chip:0.014827542925703093
science:0.015512074431960163
hmm:0.02275366275199386
college:0.018896859176920425
computer:0.036890406951816265
are:0.002949134777987273
complex:0.04124764102572078
no:0.005163971266892247
brian:0.017137970251278802
not:0.005531284482348302
ones:0.015562522845765397
should:0.0075358355148324755
have:0.0046903725976848885
vax:0.08162033115265441
only:0.0061171387076572785
32:0.019644122805071128
60:0.018677336143995492
real:0.01173208189907453
b:0.014040863974835971
has:0.004884286577461244
sets:0.043628477681547234
usually:0.0151272969825074
be:0.0026534920052177584
which:0.005926111617052835
writes:0.009099941160792142
dept:0.018822511423586236
dec:0.04550732550398772
of:0.0026757878747578714
but:0.00610351580046248
reading:0.015074871772307296
1985:0.024409687272807307
authority:0.019403542642811758
email:0.012586691096183215
in:0.0032601780164126697
clearly:0.01667206594690094
executed:0.02579629677681159
rather:0.011804970884921391
and:0.004378410716637499
risc:0.2191522712518584
few:0.01048452982067104
for:0.0059697039066435595
subject:0.00012246310500925824
victoria:0.02779316866331547
i:0.0017513642866549995
faster:0.01789128911648776
rate:0.017819613346290144
20:0.02885167292115248
information:0.011187253598549381
stanford:0.026769574391231937
mere:0.024360095914531088
the:0.005186373921943026
original:0.014156734005841649
ibm:0.0361510740286208
can:0.007931798095758839
linux:0.0244598206238724
increase:0.019287824464161867
simple:0.015133892463102023
comparisons:0.026294617148384047
friend:0.015932107429783515
an:0.004118798800741912
instruction:0.22812160826083716
about:0.009036845691026345
dear:0.022046549541777084
entire:0.01710742303985689
is:0.004929772970470898
architecture:0.051728511771835475
lee:0.01957408852924182
1:0.017968109100226684
instructions:0.04433454227912639
every:0.011156644618978882
article:0.0074342466084091835
very:0.00799652519166719
difference:0.014711714893735718
full:0.014172763687721345
604:0.028006563230448003
high:0.012831760668080373
included:0.017168722250004445
while:0.009955699568250103
reduce:0.02091695721918828
