out:0.006438126224483387
dos:0.019287171345595287
thanks:0.010892823196263186
i.e:0.018877262278554116
with:0.012783112060973711
from:0.009252155786122138
both:0.024543214014297682
my:0.00519242765754263
to:0.003012457180526406
line:0.015430621578174802
within:0.017685520307774958
make:0.009617926138522971
that:0.007582614763595122
vice:0.02944673828561489
nt:0.00780413717729441
norton:0.17376411869675507
this:0.002868756493832891
programs:0.019307006143685884
two:0.030570318568087073
on:0.0027705400286299996
purchased:0.026157675394386473
2.2:0.027231081957154978
vs:0.018670010628761433
came:0.01649577449441501
sure:0.011923737815077615
a:0.0007631170086592323
want:0.010342065397334326
as:0.004372208525776057
also:0.00810654170316703
experiments:0.030571612898752317
others:0.01473403400583823
files:0.018083669751845294
are:0.007026353897281153
it:0.005620580815409376
not:0.0032945902107976224
have:0.008381157592584473
conflicts:0.031694257566592804
command:0.06747955172022681
loading:0.031147353421472682
environment:0.022937997294414182
be:0.0031609904761610453
utility:0.025919311337141173
of:0.003187550583044896
version:0.10231051172674048
sense:0.01795804396919667
utilities:0.02825285009868375
windows:0.045036183302024614
they:0.005097921445397506
now:0.009026854633214449
newer:0.0537251007362167
one:0.005373283649047118
in:0.001941854665513557
installed:0.0437745350312032
use:0.036344907710324545
install:0.024142898278905082
and:0.008345298677394314
for:0.005333587916591377
subject:0.0001458850103388978
each:0.01391261965770828
however:0.013098901115830126
i:0.009388461012068602
6:0.016056555369175926
info:0.032190114310299424
any:0.011183467391134506
will:0.012385850763970321
currently:0.019666303288837686
than:0.007817493345461536
the:0.006178303360566007
do:0.007850469059087395
see:0.009668774652520088
when:0.01429152396550531
protected:0.025690911726876355
did:0.008983120455972488
just:0.00641742384407588
makes:0.015262174219956143
is:0.0014681564310965241
either:0.013680670530674089
desktop:0.08207899173064845
new:0.009420762649636868
questions:0.016525553755439956
presumably:0.026942325228333227
2:0.010647046732761796
run:0.014627510537636038
1:0.010702316349315347
protect:0.04512970051378867
wanted:0.01664021852210985
image:0.1617951036910897
replaced:0.023637418065881557
saved:0.025320296446336675
smart:0.027105456174506347
going:0.011900632153276953
by:0.0054122157093834215
data:0.016034675536643783
s:0.006780724380940091
james:0.01890488397615862
