some:0.010662437215829717
since:0.009136171796363841
generated:0.02215830052850364
dir:0.07994201667518577
out:0.010759608210780454
help:0.06840479013832228
dos:0.016116677425771404
anyway:0.01392015443673303
take:0.009706617033496363
among:0.015728335470254907
own:0.010349272308438334
your:0.005753115169777454
microsoft:0.019450247003375953
someone:0.010061452578369953
such:0.0087809004724557
generate:0.02141465209143038
from:0.003865626732557879
iastate.edu:0.06583764109736169
to:0.005663832164756839
q:0.01938209334941853
ccu.umanitoba.ca:0.05416509038440992
then:0.007287124884821018
ftp.cica.indiana.edu:0.02708254519220496
software:0.012857469810416695
appreciate:0.017530654499609562
100:0.015426995885073385
that:0.0031680787710911124
think:0.006574191906523083
like:0.0053179865913638045
nt:0.006521265312533685
location:0.020962680248741566
could:0.00689090938505049
me:0.004947893517828971
need:0.03509044733328285
re:0.0017074908802656187
file:0.027748729520168117
this:0.002397180083887758
2.0:0.02141465209143038
hi:0.028776407854012826
contains:0.038334735204363424
these:0.022693643467108802
you:0.015227369572841693
a:0.0019130193504745137
how:0.006006223731639837
other:0.006298209990100049
mario:0.02505201632799745
want:0.008641999852567039
question:0.009967972983320111
compiler:0.025546142285258783
doc:0.02535452493777462
files:0.10577708197312248
are:0.011742673636552063
d:0.008318923389849476
it:0.009393299444930739
not:0.005506027475579588
application:0.033701988199241355
have:0.007003433056817162
ames:0.04696456654546682
ia:0.057422395808507935
shareware:0.0226497647485601
hope:0.013189322089680572
free:0.03955490128937994
be:0.002641375603367449
sort:0.014326307340917945
writes:0.006038925945365866
get:0.018005122949193455
dept:0.03747312776567853
things:0.010204227982375568
if:0.009180142736485057
of:0.004439282775473485
what:0.008405863954307135
explain:0.01641578779914431
easy:0.01513096604684387
windows:0.06272162514665529
must:0.010582011084381265
in:0.0008113228397008697
our:0.010181622935983532
point:0.010052675622192057
office:0.03334007226526174
or:0.009237143256206648
and:0.0017433671894556612
word:0.02802626955400382
for:0.005942444984695415
subject:0.000121903912748942
i:0.0034867343789113225
we:0.018462245283753013
developed:0.01934839422933806
any:0.0046725445949260605
yet:0.012009446313635451
the:0.0010325383698480178
do:0.009839971491869817
around:0.010809107000701533
would:0.008517348366250009
can:0.0039477899198069105
complicated:0.045368977893332246
an:0.012299974500845709
just:0.005362504856008611
toolkit:0.02505201632799745
is:0.00245363129580515
write:0.01485924166660965
engine:0.018634927030780166
does:0.00556387586455491
build:0.034078840758158487
pages:0.02052964781645463
first:0.008573309723246762
too:0.008915606702577608
index:0.02348228327273341
e-mail:0.02511137695572846
on-line:0.05380691035561283
convert:0.019536894955243557
give:0.010791033202538842
by:0.004522536414690256
black:0.03223335485154281
hints:0.023738399558811234
compile:0.023827066617519457
vincent:0.026565062610894443
s:0.005666084756675966
