dos:0.25211088258885267
my:0.06787244723787866
re:0.026710035912726464
slower:0.34909095320855515
on:0.036214916088520704
frank:0.5594534823643745
not:0.04306500061256892
3.1:0.28010871306265833
using:0.15745861276035147
windows:0.19622908438739295
system:0.1596587378030375
subject:0.0019069254922870211
6:0.20988211661137102
