sent:0.02215471414632297
manager:0.07096804228759514
king:0.025287069306492743
cs.ulowell.edu:0.03623168075922854
out:0.007097452404099156
there:0.02211515627896741
know:0.007432982684688566
help:0.012892124819528897
all:0.028736982850791903
thanks:0.012008353282627489
with:0.00352305648668402
way:0.010435980840641828
previous:0.020922888070438593
post:0.015557697617055305
except:0.01942386396990249
to:0.004151202289430213
martin:0.027979538381055467
death:0.020213351711062786
might:0.01281376587878582
been:0.017677595026764328
think:0.017346361777452475
cleveland.freenet.edu:0.05159540688560851
communication:0.028991942657401192
me:0.0065276426530394265
need:0.011573505972874917
re:0.004505307262387597
happened:0.020315065655050788
had:0.018486849225085967
error:0.022683482886578305
this:0.012650179237865518
installing:0.0317997121147783
empty:0.030659700068763066
directory:0.025394453547171063
on:0.006108540063123976
you:0.0033481866831850714
am:0.009845399739164854
them:0.00883047693694121
working:0.019087584401847033
inside:0.02261479233177221
came:0.018185100798059923
m:0.008245871759735374
sure:0.026289686989869922
a:0.002523802637071798
was:0.010668206434956454
fine:0.01951299143325639
also:0.00893672970891305
files:0.05980683550459679
no:0.006781600820376566
caused:0.02398984445213956
proper:0.024738121114709886
place:0.01638209408021943
it:0.0020653941550600723
not:0.007263976006939336
have:0.0061596459415379865
follow:0.022752965737453525
university:0.014158675310835263
has:0.006414304059557537
restore:0.034056901569244624
be:0.006969412736596041
were:0.01869040117436505
if:0.004037050721466321
of:0.0035139864861278066
arizona:0.033877064441836906
what:0.005544831945762839
years:0.013432382066146949
well:0.010137758494899668
windows:0.016549440851948805
groups:0.088669532493648
must:0.013960604984816249
in:0.00214071929993362
system:0.013465194754473043
better:0.013471179947598815
and:0.008049945486251592
still:0.012299452302587634
for:0.003919865818217759
subject:0.00016082504151818252
i:0.008049945486251592
group:0.0162476863542569
back:0.012688895904021311
any:0.006164381122221731
program:0.05018012227200135
than:0.008618080013370248
the:0.005448816939679901
just:0.0070746299003969036
about:0.005933832411577539
is:0.0032370196010923363
new:0.010385539547491248
disk:0.021090234842167963
selection:0.0319265398810303
gone:0.047344546950394736
dead:0.020670374306091182
article:0.0048815233754012114
by:0.005966478763958832
says:0.015427871954382942
seem:0.01662477442708276
strange:0.026484114643703153
everything:0.01861242460194731
icons:0.10546567260160052
