some:0.02036401526395385
laser:0.028496848720417026
at:0.010243779214586407
out:0.006849866855118953
there:0.010671848669501714
technology:0.01957946328963339
all:0.0166407179763888
with:0.017000795836905447
much:0.010158121334650763
work:0.011773677116222696
both:0.013056419083187429
my:0.005524501519362217
to:0.0032051143257926296
add:0.019978025677044875
otherwise:0.02065921413727928
been:0.02559140210269952
that:0.012101324143063145
v:0.022364234383151233
packages:0.028751515131221633
nt:0.004151619486758363
font:0.029017849643031484
re:0.002174072690570759
so:0.005940759287121628
ps:0.052390259567671106
this:0.003052223478903599
amount:0.02161870355596993
personally:0.022783980262247098
contains:0.0244049622376616
these:0.009631604494761295
on:0.005895451456270813
you:0.009694168419919567
a:0.004059605016995335
want:0.011003476556466172
as:0.009303653025779283
worth:0.020436997783673475
waste:0.02487546508836244
anthony:0.03126274583643285
electronic:0.025079484389590755
are:0.007475713739549134
tt:0.03496778491879034
it:0.005980036565232069
not:0.010515872242604038
mitsubishi:0.03745292453987719
have:0.008917161857226503
only:0.007753117664356317
ve:0.021222484872412028
whether:0.03322626261490494
copies:0.026251303684485184
decent:0.026195129783835553
doing:0.015585482006775089
types:0.023819169837098135
technologies:0.02870828851210816
has:0.006190549266782273
writes:0.0038445487849858274
get:0.0076417091586693155
if:0.0038962233707174956
of:0.0022609370414620775
available:0.01570385946403622
reading:0.019106523525366223
years:0.012963810598723218
lately:0.030570540254944538
print:0.025560250179387924
using:0.012816398713051864
well:0.009784115756705493
atm:0.11625081230534454
good:0.01883732385301743
over:0.011662446235577661
in:0.0010330215226423865
resources:0.025661364962596467
system:0.012995478658386773
or:0.011761246355286371
use:0.038669291342961584
better:0.013001255065705831
and:0.004439504819660347
for:0.0018915631564655464
600:0.02858050417071993
subject:0.00015521486565126915
adobe:0.03403556020905092
i:0.00665925722949052
any:0.005949344571446554
research:0.017949601631027774
turned:0.022830804301823243
the:0.001314685482539046
do:0.004176266970386608
home:0.01703118053407761
come:0.013960428339938422
an:0.005220338014893818
laboratory:0.027830549983562353
about:0.0057268382576853
is:0.006248200625364277
desktop:0.02910940985796253
disk:0.020354528975580707
printer:0.02526704754202227
run:0.015562990862717412
dpi:0.03549669060603293
fonts:0.08638519664475487
resolution:0.05195141854461474
article:0.004711237676259308
comes:0.017582420565380882
publishing:0.033520714875670425
mike:0.03715595382508957
200:0.024163517710355888
included:0.02176035727035447
especially:0.0181703238807985
buying:0.023321034449055325
dean:0.0289726046404614
confusion:0.03011430993261027
enhancement:0.03765002658450325
