tel:0.08649889530422078
tried:0.06591200112843981
fax:0.06507751786985935
versions:0.09447708554571817
with:0.024886271352746694
to:0.008797015915473388
0:0.15596409738172054
class:0.0844291419504043
that:0.007380949477329294
like:0.02477955454273773
error:0.08011613104621274
something:0.04235449610986219
on:0.021574843627203827
machine:0.06920849690051802
a:0.005942570748282532
invalid:0.12303526365903433
van:0.19513212895715965
it:0.014589592754892423
ring:0.21205480843231322
32:0.18223058602151088
uses:0.07265947084758376
but:0.014154962175540643
or:0.014347052291555007
use:0.03537828782441166
subject:0.0005680203594046446
i:0.004061674622242445
possible:0.05482918346733153
connect:0.0977888580927776
the:0.0016037298084873467
older:0.09400319968169425
got:0.04706710258788455
regards:0.08785888504280134
an:0.019104215714079505
is:0.005716438870014126
2:0.04145552238500869
e-mail:0.05850416546068652
packet:0.11903415235046114
