since:0.04940300304700447
tel:0.05019071702837502
dos:0.08714944089491204
access:0.041387368740969446
fax:0.03776102888744925
with:0.007220091071475893
tcp/ip:0.0739870716149503
work:0.025000894617164243
2.1:0.06478988336279559
to:0.0034029608891131624
0:0.0904976861350724
class:0.04898974903295064
nt:0.008815784589165907
started:0.04048450464183834
had:0.01894331463805105
error:0.04648713776755553
on:0.0062593682128307395
reader:0.06360188296656653
m:0.016898947063161383
a:0.0017240791677115988
other:0.017028493676937168
invalid:0.07139083199968659
given:0.03441713036026273
van:0.1132248155677346
results:0.04522325615886988
it:0.01693113233283812
ve:0.02253251480280783
decent:0.055624226207650805
ring:0.061522074051350135
32:0.10573873509890136
liked:0.06272748725584291
status:0.05432941595060788
of:0.004801002112734288
looking:0.03202327586921783
what:0.011363482753044829
but:0.008213373114202595
using:0.027215068872159513
well:0.02077614703893018
windows:0.1356645521690618
up:0.016585930498177588
in:0.004387153133197296
our:0.02752809164173325
use:0.020528142317868495
for:0.01606661051417649
subject:0.0003295920603952876
sockets:0.07273897140666179
i:0.009427096654093576
will:0.013991424011151658
the:0.0037222370863656934
ibm:0.04864774159406996
bye:0.07537568869429215
readers:0.05617031577526593
does:0.015043071781944755
2:0.02405443891475813
e-mail:0.03394686144015144
very:0.02152151224424009
news:0.07577472879415847
