at:0.01710611674668798
folks:0.03595355194460949
know:0.011979370152022347
all:0.009262794472294089
50:0.033506633875033304
anyway:0.029597221569364406
saw:0.03298427750616946
thanks:0.0193532683972443
controlled:0.047113279764488314
your:0.012232351671662742
with:0.0056779356969858955
via:0.03318671241374412
been:0.014245052303120767
brent:0.10397017539395909
that:0.0033680060721793864
memory:0.03283138083657587
anyone:0.032483781546434776
had:0.014897169763904223
bus:0.039291676230637486
getting:0.026332054099268795
hi:0.030592394757421402
1024x768:0.05364672125227885
on:0.009844831558044463
standards:0.04113881879830131
2mb:0.06024771109509366
m:0.013289463224427884
a:0.006779146241972791
how:0.01277051453620509
other:0.013391339687688453
viper:0.12101325223061762
wondering:0.03494110195977958
million:0.03799525494302076
was:0.008596710039819277
worth:0.0341278021241926
local:0.029673625746756815
drive:0.054831140753514335
scsi:0.08213538439093131
also:0.014402884773588023
cheap:0.03607991474181405
computer:0.05205248359544301
it:0.003328693492621087
have:0.004963598185899542
has:0.010337616251325737
be:0.005616128710072537
if:0.006506314754984556
end:0.02625469322888844
of:0.0037755453507910416
monitor:0.036381318835813664
what:0.00893633109705467
good:0.03145650196814561
in:0.0017250456494610725
or:0.006546713181583352
and:0.007413542028947375
few:0.02219055826122608
for:0.006317453648778135
subject:0.0002591937562331873
summer:0.04369675874326429
i:0.0037067710144736876
tape:0.040285128773964396
cd-rom:0.05001701476011543
any:0.019869655656093343
information:0.023677876548386066
the:0.0036589951941216163
around:0.02298247022479258
would:0.009054850933052194
about:0.009563263886620111
meets:0.059047575600266695
15:0.03244476438816159
is:0.005216944211469202
new:0.016737859853238318
time:0.015335048251492364
questions:0.02936093531306322
experience:0.032157502667914055
nice:0.030677082104415124
diamond:0.09721977661300106
planning:0.04498654611339428
ads:0.05364672125227885
