some:0.011280549518196658
replacement:0.0238542300680319
looks:0.016536741422096088
configuration:0.022914173790805962
out:0.0056916768071519795
there:0.013301144718509383
andrew:0.018190619126434774
help:0.01033861217411496
take:0.010269319470220788
your:0.006086629092663103
wonder:0.017827863322787095
c:0.012493225581782414
microsoft:0.020577797554296298
4:0.012001301952554005
though:0.012007459911162702
loads:0.02738508759722413
from:0.004089721035894568
config.sys:0.056561510685572546
to:0.005326373565568428
add:0.016600098630201537
that:0.00167586775572211
think:0.006955304480814276
like:0.0056262756691240244
need:0.009281169041049451
re:0.0018064758588317417
file:0.04403602728200593
this:0.005072294090545111
programs:0.017068512677751287
internal:0.019142837759035424
something:0.009616721338954215
these:0.008003072333811317
on:0.002449317996325072
you:0.016110115635035418
used:0.009538471054767466
am:0.007895344718364084
m:0.006612631459497933
a:0.00269855869728772
other:0.019989970838143634
load:0.02171977232755345
was:0.008555180039626914
ascii:0.025451156637766426
athena.mit.edu:0.04722003231806543
files:0.07993506194656254
are:0.0031058520850300747
no:0.02175354079579729
daniel:0.041338937151674776
reason:0.012909236347867283
it:0.01490675781478139
cool:0.022177908089248324
have:0.0024698097253509797
made:0.011234683825690827
try:0.011769998417117839
only:0.01288440809922016
whether:0.013804147753052292
kind:0.013311723173734588
completely:0.01737678085526314
shame:0.025401608327780004
open:0.015965993134074215
absolutely:0.01933554949346683
manuals:0.023610016159032715
be:0.005588997653502138
utility:0.022914173790805962
found:0.01292038891428501
writes:0.0063890086088653365
get:0.006349632730874986
if:0.006474883282738254
of:0.0018786530006351559
menu:0.04977538666948685
institute:0.018804144202576357
forgot:0.023186837128511044
using:0.010649374776062419
windows:0.013271532277408219
edited:0.026824352470399236
they:0.009013716178818779
in:0.0034334241911978835
system:0.010798175503587077
or:0.009772629821783846
use:0.016065502683549254
and:0.004611079885154467
for:0.00785866818628198
subject:0.00012897080624163428
editor:0.022306056660907396
i:0.00276664793109268
period:0.018314063930418435
group:0.013029545578776064
possible:0.012449138275191217
mention:0.018235144030323298
program:0.08048212847490073
the:0.002913055111068804
when:0.006317267839824811
intended:0.03930965079204468
would:0.00450555384591486
can:0.008353294612924767
because:0.017050456994149893
an:0.004337672166964911
just:0.011346749405467496
about:0.009517064544172671
is:0.009085547769249504
either:0.012094505831465497
edit:0.07680877710508738
entry:0.04822289988986875
run:0.012931567286895627
unless:0.014869861960098991
automatically:0.02276909027825101
massachusetts:0.027096588878858806
nice:0.015264441820071294
under:0.011726200130945117
midway.uchicago.edu:0.05090231327553285
article:0.007829303191464744
testing:0.023783185877743515
online:0.02446365656719567
four:0.016947082855183447
s:0.005994553438222399
