basically:0.03114449641466576
there:0.014567920405986466
know:0.00979265972744684
dos:0.028012320287650296
corner:0.03890046015802959
your:0.00999946208080367
with:0.004641487117377359
microsoft:0.033806381696343916
into:0.014212729388749097
response:0.02786982978275668
from:0.006718827416112504
to:0.00218761771442989
interrupt:0.046609591182292937
death:0.05326057752438765
that:0.005506422625944076
talking:0.025870564923510066
and/or:0.03207128592971405
anyone:0.013277101187630088
this:0.00833305457732411
hi:0.02500806873027305
you:0.013233309271636235
fix:0.034524118723654636
am:0.012970923465883853
them:0.011633802948668578
a:0.007758356254702194
same:0.015413439289909622
controller:0.03342768746587037
running:0.02402746359084684
also:0.011773786759361637
120:0.04025726807980451
are:0.005102471282549408
phrase:0.03884397231859416
it:0.0027210748392061264
ring:0.03954990474729651
left:0.023209564948417152
novell:0.13687513905473647
exit:0.042232633535492003
robert:0.02536041292823574
has:0.016901182125183347
call:0.0210869531587199
screen:0.11867641809860469
quit:0.03992790513610012
phenomenon:0.04406857905851303
noticed:0.03219208746947877
get:0.010431539486437479
of:0.0046295377515652054
3.1:0.031123190340295374
what:0.007305096055528819
seems:0.018702278487151412
windows:0.08721292639439687
virtual:0.03918909225462384
in:0.004230469092725964
and:0.003030138210244364
for:0.0051642676652710155
welcome:0.03320331894255089
cursor:0.04463168807416608
i:0.003030138210244364
we:0.02139276040815825
top:0.026838351001327896
column:0.045894106285512805
any:0.00812132751022863
the:0.0023928666983779458
when:0.03113510578199371
solve:0.03942780221682445
peter:0.02922137365734886
effect:0.027510900433511155
once:0.02129389837241989
may:0.014770043868570086
about:0.007817588732713265
company:0.02671530190183611
is:0.004264644871280379
recent:0.030143611813373182
else:0.020052001788397274
patch:0.04197796437238486
run:0.021244717685614242
goes:0.025579580920560924
x:0.024167936424969064
nice:0.02507729727583141
every:0.01930276608680473
little:0.018613799221416382
neither:0.029704614686515623
occurs:0.03789044603413334
by:0.007860599006485445
black:0.0840369608629509
while:0.017224940522845414
hints:0.041259599233171906
sometimes:0.05562708451298174
