since:0.027789189213940017
there:0.025493860710476317
where:0.025659122197691134
tony:0.06420478579781538
to:0.0038283310002523076
sound:0.09586620247578974
w:0.042976956319852135
archive:0.0673981641075319
that:0.004818119797701067
think:0.019996500382341045
clarify:0.07750584063166274
re:0.005193618094141257
file:0.12660357843576703
contains:0.05830074312330271
m:0.019011315446056557
more:0.017658597580843413
a:0.007758356254702194
ms:0.058057498922015095
driver:0.204432533249244
mnemosyne.cs.du.edu:0.16588609421147615
it:0.004761880968610722
not:0.008373750119110623
ftp:0.0526856520456816
site:0.05424394718664731
be:0.008034184126909323
which:0.0358858981254866
claims:0.052171189939010085
writes:0.018368399750487843
get:0.018255194101265585
but:0.00924004475347792
windows:0.03815565529754863
called:0.03725353466467685
in:0.004935547274846957
speaker:0.14634415066715695
subject:0.00037079106794469857
i:0.007954112801891455
actually:0.033948807320848394
the:0.004187516722161405
can:0.012007861006079352
an:0.01247080748002412
is:0.011194692787110995
lee:0.05926599026909328
article:0.02250924667546114
little:0.032574148637478664
thats:0.07207138961615984
s:0.025851511702334094
