some:0.010241551536257491
at:0.007727763267144132
there:0.01610138571187978
all:0.0083690160583008
with:0.00513006470868024
service:0.031952554635774934
from:0.0074260724072822415
to:0.004835786526634494
otherwise:0.031170042382561717
that:0.009129069090380968
nt:0.00626384694493367
need:0.01685264904822137
font:0.04378131700527557
re:0.006560359697862641
so:0.008963250854253684
ps:0.07904495303192483
these:0.014531894500867917
on:0.004447445835432368
set:0.023240478808122113
you:0.014626289194966363
a:0.003675010857490513
want:0.016601736558878786
as:0.02807418106024626
worth:0.030834768585893315
waste:0.0375314034666521
are:0.011279147045635535
results:0.03213231358656544
tt:0.10551682466722698
place:0.023854628222073907
it:0.00902251130894663
not:0.015866052857262232
have:0.0044846545012952
only:0.023395372601215554
ve:0.016009944728310826
whether:0.025065426183173898
technologies:0.04331425986037371
heard:0.02370743297736732
if:0.011757024908129987
of:0.0034112383432585726
bureau:0.04932976050302566
available:0.023693542349247632
what:0.008074053535058167
using:0.019337022619692286
they:0.008183505478138103
up:0.01178474009081039
atm:0.17539596242560754
good:0.028421225462447353
in:0.0015585938762674603
resources:0.03871714713654905
system:0.019607213414408114
or:0.017745038360607507
use:0.05834314132446835
better:0.019615928695626342
and:0.0033491001271121917
subject:0.0002341838323861254
i:0.0016745500635560958
any:0.008976204090252696
turned:0.03444647666590875
the:0.0013223737017351805
pure:0.04427464786775694
is:0.011783887144327364
type:0.08527664500872885
printer:0.038122212080945884
run:0.023481003757784166
1:0.051540102419071275
first:0.01646977920518457
fonts:0.2172259330833017
especially:0.027414874627169662
