dir:0.16673620620824461
dos:0.10084435303554107
fax:0.08738980971095398
my:0.027148978895151464
510:0.33143137912494186
re:0.010684014365090587
national:0.0929763978567861
phone:0.08392420360598768
slower:0.13963638128342207
on:0.014485966435408284
them:0.04188169061520688
a:0.007980023576265115
nor:0.09870111419929722
frank:0.22378139294574984
not:0.017226000245027566
writes:0.018893211171930352
of:0.005555445301878247
lawrence:0.13552097070562383
3.1:0.11204348522506334
using:0.06298344510414058
windows:0.07849163375495719
david:0.14265401367682823
in:0.005076562911271156
system:0.063863495121215
for:0.009295681797487828
subject:0.0007627701969148084
6:0.08395284664454841
either:0.07153036306038166
center:0.09333230952779453
article:0.023152368009045743
mine:0.09329254413714246
