some:0.0103321847356934
at:0.00779615055269408
out:0.010426346009561592
there:0.008121937925461481
graphics:0.03113930477999754
with:0.010350927022823846
loads:0.05016560294358757
post:0.022854670835674162
except:0.02853417184959127
my:0.008408975763984966
to:0.0012196452744166644
256:0.04325020659221037
mail:0.027117836325981026
make:0.01557593348097083
problems:0.02427498438842277
anything:0.020541957082472598
exactly:0.028463563303292107
anyone:0.014804555306560984
this:0.004645862286472734
reply:0.03178050017128446
amount:0.032906345235635646
hi:0.027885103185968183
on:0.017947215052718228
used:0.01747312839236164
am:0.02892630719825426
card:0.02708768448242692
sure:0.01931012407220534
as:0.021241968855319072
driver:0.09769342296866527
logic:0.036749919895548426
ie:0.037023169794348776
based:0.026733654972571172
no:0.00996235164763283
it:0.009102356541769167
not:0.005335486801557212
interesting:0.02892057134443728
chipset:0.05515205743253813
university:0.020799469925651803
follows:0.038000215200228435
screen:0.03308236433722166
free:0.025553166319687924
800x600:0.05248741059374236
be:0.005119126169358153
which:0.022865351018009163
soon:0.03183180209769443
tall:0.050030492570748736
if:0.011861069376343528
of:0.003441426293198914
monitor:0.033161733098131044
windows:0.024311567977199126
please:0.01695057837969252
one:0.008701866440492234
or:0.005967358032770666
use:0.02942972615482032
and:0.0033787381813344237
for:0.002879193477098
subject:0.00023625625568157783
i:0.00844684545333606
becomes:0.03810412509294245
hangs:0.05231216610439564
similar:0.0280067105120947
any:0.01811127904935942
will:0.020058501679704147
the:0.00400222837162329
colour:0.14042186312178298
64k:0.05322530093833573
regards:0.036543076079749236
solutions:0.04165753951744045
problem:0.01872181674376623
here:0.015932751377198195
is:0.007132901598867183
having:0.02315833090637488
man:0.025646454325621227
16:0.030858342848010104
too:0.017278919184641563
simon:0.14368894523038192
image:0.03275276988436882
condemned:0.04938425243787361
by:0.008764915706346603
fit:0.03597741663095909
