bottom:0.024787370872094035
report:0.0419417483256879
characters:0.027977772980163
at:0.004867210013560393
say:0.020967347781961805
bnr.ca:0.051568515690024345
dos:0.01950028926101623
with:0.0032310904795002614
sizes:0.03194838338107522
nicholas:0.06448361566064709
my:0.01049960509757239
line:0.03120225136802197
displays:0.11266670219133222
bunch:0.022409961442841575
stacker:0.03386479743545152
that:0.0057498004215659135
memory:0.018683050973300083
nt:0.003945185368632257
could:0.008337619642685399
bytes:0.22689813044016346
anything:0.012824536742096153
file:0.03357442964042441
this:0.0029004554606155745
something:0.02199625764821572
recently:0.036566978614228605
3:0.025872551874448833
more:0.0070244145072968275
a:0.003857746203995566
as:0.004420520222193472
worth:0.019420793473988056
whole:0.01652991975153199
exact:0.023596388786426895
files:0.036566978614228605
meg:0.02572218009215623
displaying:0.03098891656311477
it:0.015153831148728042
not:0.003330994522519143
have:0.005649178045830418
only:0.007367603526349649
ve:0.010083611596836652
doing:0.014810513288206161
status:0.04862632808838938
usually:0.018219617360147034
613:0.03489911534754073
noticed:0.022409961442841575
get:0.007261734670116698
if:0.02221493104188097
of:0.005371286894081178
3.1:0.021665867308713907
latest:0.023018489504158846
they:0.005154252069103556
ottawa:0.028616913306126885
over:0.0110825455940296
in:0.0029449674347153116
5:0.0143584137398767
system:0.012349294636699032
total:0.04045320989839118
and:0.0021093779806120984
for:0.0017975075299009613
subject:0.000147496999403416
space:0.016892335676867973
i:0.011601578893366542
controls:0.02753197789038321
research:0.01705708000296562
will:0.012522710993406457
than:0.007903874487400337
the:0.004997257524789301
got:0.012221844318400961
did:0.009082381455485997
correctly:0.02407902469077557
reports:0.02184653284081852
development:0.021476591342851944
an:0.004960763196473684
problem:0.011688206033401018
just:0.0129766692095678
bar:0.05568043489268261
current:0.017470970849341533
is:0.0029687583081841316
number:0.013824667670705846
select:0.15703276006476635
win:0.01872638344546045
3.0:0.025540025289738717
formatting:0.03414109810160987
disk:0.01934242532486122
selection:0.05856138806907214
run:0.014789140488328148
notice:0.022309201290632838
byte:0.029836735613429373
23:0.0717625136412605
guess:0.01655335504384339
count:0.04710906714403105
virus:0.030455066642180673
strange:0.04857859702601904
summary:0.023767054460566886
s:0.010283474268331795
