bbs:0.08703317530657337
access:0.0360470630969734
cut:0.03936575801940217
such:0.020677604338363426
from:0.009102927466991135
download:0.06181457892794551
via:0.03675517611414673
to:0.008891607484456972
hang:0.1142043206315651
like:0.01252300068288896
me:0.023302982374291285
re:0.0040208656212706514
phone:0.03158437770117816
this:0.011289944911213313
on:0.005451707798271935
you:0.011952666438897246
took:0.03629464168189978
card:0.03291299297327142
modem:0.04584269437134205
a:0.0030032346792395596
as:0.008603378066849661
usa:0.07837896098986506
driver:0.03956758708049884
logic:0.04465312847523626
minutes:0.04285126073158682
are:0.006913025608615329
it:0.0073732350481714405
not:0.012965806636042257
dial:0.0646716022153972
ftp:0.0815777838126683
have:0.010994636841885008
due:0.03564669338600519
sites:0.04897670292286557
graph:0.06590890683673899
be:0.006220013517607219
writes:0.014220696581022848
soon:0.03867735093590829
down:0.025423285773689873
of:0.002090758984577835
andy:0.04819148641732912
available:0.029043697073271292
version:0.0335534473942536
using:0.02370344708220345
please:0.020595864052744675
up:0.01444581043389661
wong:0.06590890683673899
gardner:0.06199530063027219
in:0.007642137715892064
and:0.0020526742714558595
subject:0.0002870640526023473
i:0.0020526742714558595
any:0.011003088884825886
will:0.012186078977454672
unfortunately:0.03959024818092427
the:0.0024314613225453322
do:0.007723848590392437
benefit:0.048708542187948886
around:0.02545370358229716
drivers:0.042282836112693616
announce:0.05985413208069869
7:0.034317511063777485
here:0.019359149522832218
does:0.01310203026169382
lot:0.026651111701778397
their:0.04882850382521658
article:0.00871325677759786
release:0.04272906977835762
bills:0.06062804067881793
by:0.010649843815238346
