dos:0.10381036341893934
printing:0.14292628767096166
with:0.017200805199692568
option:0.12325327124271712
from:0.024899183953828695
to:0.00405352694144362
re:0.010998250081710898
had:0.04512966134359221
parallel:0.13533392316062914
on:0.014912024271743821
went:0.09595474309517893
a:0.004107365076018809
also:0.04363226857881078
setup:0.12981631686960565
it:0.010083983227646235
netcom.com:0.09467750513885703
nec:0.1595370527860128
print:0.12930479502513892
port:0.12264050398086883
in:0.005225873585132073
subject:0.0007852046144711264
tract:0.1866644953251339
i:0.01122933572031735
away:0.08144069371540207
angel:0.1738610226410796
directly:0.10683824486754058
turned:0.11549700999745875
the:0.004433841235229724
when:0.03846101302481576
problem:0.06222250858957601
printer:0.12782153462434798
by:0.029130455141681354
