some:0.025945263891852314
bbs:0.0899342811501258
know:0.027419447236851153
download:0.1277501297844207
to:0.0030626648002018463
look:0.052692629428353566
that:0.007708991676321707
me:0.024079748453434326
joel:0.1213571948410478
these:0.03681413273553206
you:0.012351088653527152
am:0.03631858570447479
3:0.05203257654750266
ftp:0.08429704327309057
have:0.011361124736614507
types:0.09104216026624176
sites:0.10121851937392218
anybody:0.06754655877583766
if:0.014892231550297985
of:0.008641803802921719
looking:0.05764189656459209
please:0.04256478570900566
code:0.21603416735544642
email:0.060975525754843135
or:0.014984699060068564
for:0.007229974731379422
subject:0.0005932657087115177
i:0.00848438698868422
info:0.06545323243094217
any:0.045479434057280325
joseph:0.09075996952541672
can:0.019212577609726965
did:0.03653135652095479
bar:0.22395908256834562
9:0.07912963679166726
fonts:0.3301834182866186
especially:0.06945101572216315
