some:0.05306985796060701
ideas:0.08174985538726069
know:0.02804261649223413
dos:0.16043419801108807
several:0.06405571300153173
to:0.003132270818388252
nt:0.016229057993691783
anyone:0.038020789764577075
on:0.011522927846347498
used:0.044874170644019676
as:0.018184412732204964
section:0.09340361649143834
it:0.015584337715453271
machines:0.0896806030655521
after:0.043845765628748895
types:0.09311130027229271
device:0.09123079056615513
3.1:0.08912549961084584
what:0.020919138704468893
windows:0.12487305370106826
in:0.0040381750430566014
and:0.004338606982849885
for:0.007394292338910773
subject:0.0006067490202731432
p:0.0765029099916216
6:0.13356134693450883
any:0.023256528779291075
the:0.0034261500454047865
do:0.016325407247874926
peter:0.08367938820058993
rtsg.mot.com:0.12848740137487744
upgrading:0.12715011728344713
different:0.05743674768207381
is:0.006106196065696907
does:0.02769292759858012
under:0.05516644152512817
include:0.07639825621010458
s:0.014100824564909508
