since:0.011240570917998209
read:0.012735972257853492
go:0.010929394673000714
out:0.006618972466744156
purdue:0.03239080313828828
say:0.021320730047949925
there:0.005156061716725547
k:0.02128461267557114
know:0.006931882728417426
help:0.036068978427670734
all:0.0053599316328443326
default:0.026964467896639248
knows:0.01962899669180469
fields:0.027576553198822143
means:0.015924692249655915
printing:0.027300526858498295
thanks:0.0111988013759335
with:0.0032855470606154343
way:0.019464863140972396
insurance:0.024946196745217718
tips:0.06386761032765574
such:0.010803467435212351
from:0.004756023901293121
post:0.014508864069838092
to:0.0038713459553113222
might:0.011949916493699133
that:0.009744511950406652
ran:0.025504469070010995
think:0.016176944129534326
like:0.0065429160871273775
really:0.010962897433656887
through:0.013311591539465319
nt:0.004011677256867632
me:0.006087576856205307
font:0.02803971987978323
happened:0.018945510667069836
so:0.01148101794814517
anyone:0.009398397469895455
had:0.008620272391472669
this:0.005898679082824932
hi:0.01770234078659778
on:0.005696728373475167
you:0.003122466232633269
books:0.04101952711287821
etc:0.013046763974484468
more:0.007142803515846775
a:0.002353658639066958
how:0.014779359519428362
hard:0.015192322486379264
wondering:0.020218727538524137
want:0.010632572852315626
looked:0.020926984294829688
was:0.004974500753378571
as:0.004495023372005721
idea:0.015575147726184024
quotes:0.027300526858498295
whole:0.016808513904647698
helpful:0.026093277366602285
files:0.018591638003301623
are:0.003611861694388907
results:0.020579122184654273
no:0.006324414248216347
brian:0.04197839904245818
it:0.0019261540996627637
not:0.006774269759280504
have:0.00574438891177138
topic:0.024531667699941136
uses:0.01918536589795751
writing:0.044971446574692514
be:0.00974934703040682
which:0.007257822092795044
claims:0.02110295323375689
get:0.007384123456691699
if:0.0075297799973416775
of:0.004369451361027835
chapter:0.02774059339372249
available:0.015174515886596797
what:0.020684092202171486
explain:0.02019695240456519
but:0.00747509238483607
they:0.00524112148599856
email:0.015415161005437869
in:0.002994601717322873
use:0.009341458021052516
p.s:0.025476588231010268
and:0.0021449292948920776
word:0.03448175860857774
for:0.001827802600629629
subject:0.00014998290388774325
i:0.012869575769352467
any:0.005748804866791052
will:0.006366883960130811
suggestions:0.022230316691409423
the:0.0029641972302940287
do:0.008070987852881985
when:0.007346485633953573
would:0.005239604753395371
thinks:0.0254488450757261
may:0.0209103991847172
myself:0.01872383180897687
actual:0.022822229700723052
about:0.005533798765853211
crazy:0.027496295012038565
different:0.014197847741636222
is:0.0015093967802846287
grad:0.033209408819082624
lot:0.02784891447489203
papers:0.025970475154172515
first:0.010548060839275512
him:0.013463569120018582
change:0.016696680381519592
index:0.02889112380184616
give:0.013276608266044982
comes:0.01698975470362647
lots:0.02049828658099079
students:0.02685677173873071
thesis:0.06943301973473469
hints:0.029206233165054274
