school:0.03189933750698338
some:0.010241551536257491
looks:0.03002724100327974
health:0.036546900002217116
ideas:0.03155257576350413
there:0.00805069285593989
tel:0.0356618252570033
dos:0.03096098558108717
supports:0.03790911828648058
fax:0.026830204735819204
with:0.015390194126040719
ohio:0.04449487524609972
several:0.024723257649714003
to:0.002417893263317247
direct:0.035033119496264684
mail:0.026879960568735577
that:0.003043023030126989
technical:0.033655677569467544
like:0.010216132136040992
obscure:0.051515863938323775
re:0.0032801798489313205
practice:0.036022176360016145
weak:0.04103784586489051
cleveland:0.047269764090066
a:0.002450007238327009
other:0.012099192875718515
services:0.035058435328625515
driver:0.03227882103935431
also:0.013013132734031284
stuff:0.025644004848014226
features:0.03794427636891513
van:0.040224605530642554
product:0.03500787651532069
are:0.0056395735228177675
it:0.00902251130894663
deleted:0.03081911839472225
networks:0.0444208500825395
university:0.020617018435075907
novell:0.05042768280963975
poor:0.034661896409607554
status:0.03860247975437929
writing:0.07021857447627428
be:0.0050742215538374675
writes:0.01160109457925548
of:0.006822476686517145
department:0.030421715637657335
oregon:0.051515863938323775
what:0.016148107070116335
version:0.05474509838009797
excellent:0.03416724046789813
using:0.019337022619692286
beyond:0.03425933506525093
windows:0.07229492582693425
in:0.00467578162880238
gon:0.04193425762714093
use:0.014585785331117087
and:0.005023650190668287
for:0.005707874787931122
subject:0.0002341838323861254
purpose:0.03299018852758409
sockets:0.05168295336789127
i:0.0016745500635560958
sciences:0.044644826415918146
medicine:0.03887240658478941
will:0.009941274955291967
currently:0.03156959212155523
cost:0.029131645652200708
the:0.003967121105205542
can:0.007583912214365906
reasoning:0.04204600346729382
na:0.038230732184477
beta:0.04790415585830834
come:0.021063102407626388
an:0.015752598922135732
here:0.015792990400205226
people:0.013204150351518572
is:0.007070332286596418
readers:0.03991048752453106
late:0.03380823671606289
article:0.014216366321343876
very:0.015291600805117957
little:0.020573146507881262
packet:0.04907548386378661
s:0.005442423516280862
news:0.026919969440029987
