mirror:0.2688596141933225
there:0.022944474639428687
thanks:0.049834666122904075
with:0.014620684419738683
into:0.04477009757455966
to:0.0034454979002270774
ftp.cica.indiana.edu:0.14827693492732216
that:0.01734523127172384
nt:0.017851963793060963
so:0.025545264934623002
this:0.026249121918570952
you:0.013894974735218047
a:0.006982520629231975
rent:0.13814030722461806
ram:0.09724642670583122
cheap:0.0929057804601712
d:0.04554610555942589
not:0.015072750214399123
cica:0.1454437177946471
be:0.014461531428436784
but:0.016632080556260257
phil:0.22157271753329966
now:0.04129785994695611
for:0.00813372157280185
subject:0.0006674239223004575
space:0.07643781893782758
i:0.004772467681134873
hunter:0.14456643479936535
radio:0.08968375901919166
busy:0.12767254885316345
is:0.013433631344533195
right:0.04849683984475749
happy:0.09495237721212553
s:0.015510907021400459
