tried:0.03732366328959845
versions:0.053499072537936794
with:0.01409222594673608
4:0.05986191576334167
o:0.042180469684335926
work:0.048796926843139854
to:0.006641923663088341
class:0.04780927315263858
that:0.008359147600830766
technical:0.046225870396618074
like:0.01403179594588763
re:0.004505307262387597
error:0.04536696577315661
this:0.006325089618932759
something:0.023983871291126783
on:0.018325620189371925
you:0.013392746732740286
machine:0.039190353666558396
a:0.005047605274143596
how:0.015847746954567764
invalid:0.06967057098764595
driver:0.088669532493648
van:0.05524825337943677
are:0.015491840520511458
it:0.00826157662024029
ring:0.12007922887130991
provides:0.05323072753059796
uses:0.04114451963658358
writes:0.00796701675924774
of:0.002342657657418538
but:0.008015460509041087
hire:0.0717021699326555
using:0.026559284080059288
in:0.00214071929993362
thomas:0.2219280128933193
or:0.008124234430157655
use:0.02003348828611263
for:0.007839731636435518
subject:0.00032165008303636504
i:0.0022999844246433124
top:0.040742556941774886
possible:0.03104785087909135
will:0.013654281263894993
program:0.033453414848000906
connect:0.05537441361880177
the:0.0027244084698399506
do:0.008654432757909598
writer:0.06142371414647932
older:0.05323072753059796
got:0.026652455682296076
64:0.12202353998577117
home:0.03529353074531745
an:0.010818049862189599
is:0.0032370196010923363
attempting:0.06022787127786075
dog:0.05994657773572832
article:0.009763046750802423
packet:0.1348097629029319
