since:0.028583166048624018
at:0.006292607231817364
corrupted:0.08561361144015678
there:0.00655556418269391
dos:0.050422176517770534
knowledge:0.05281101635503051
thanks:0.01423847603511545
access:0.02394554905727518
with:0.0041773384056396235
c:0.01847212639592114
4:0.01774478217270485
from:0.006046944674501254
my:0.013574489447575732
hayes:0.07952048976435683
to:0.003937711885973802
job:0.024796346823494117
physics:0.03275432164638037
most:0.013261396171193127
pin:0.03480919359246452
day:0.018166450255449086
that:0.0024778901816748344
control:0.021783101928150167
happens:0.02668626796270556
michael:0.021462108583383495
file:0.021703470588988635
had:0.010960060612015252
this:0.0037498745597958497
off:0.015596124628259645
these:0.011833114093563876
on:0.010864474826556213
you:0.003969992781490871
regular:0.028907447512540436
etc:0.016588028481844538
more:0.009081564470148042
a:0.005985017682198836
basis:0.026622916264557133
was:0.0063247223864384685
drive:0.020170026777185632
motto:0.0911052071388758
also:0.010596408083425475
college:0.029425109289776086
files:0.09455175898821969
are:0.01836889661717787
no:0.008041040972732214
d:0.013013173016978824
reason:0.01908722802863234
it:0.002448967355285514
only:0.019050517689561237
against:0.01845200565827033
maxtor:0.041684051552061153
has:0.007605531956332507
32-bit:0.03966172115266173
installation:0.035430703428104726
get:0.00938838553779373
tech:0.03239166217942734
thorough:0.042656424225808155
of:0.004166583976408685
trying:0.0192594873076314
3.1:0.028010871306265835
available:0.019293313055815928
year:0.01767686225864037
order:0.020030834722374942
utilities:0.03693051120042233
windows:0.03924581687747859
good:0.011571498938282137
over:0.014328148232281127
one:0.007023649341254446
in:0.001269140727817789
point:0.01572525686614329
frequent:0.038491093616196605
and:0.005454248778439855
for:0.004647840898743914
subject:0.0001906925492287021
murder:0.03056128567998814
6:0.041976423322274206
group:0.019265113820047464
any:0.007309194759205766
turned:0.028049273856525697
corrupt:0.04142892239061773
than:0.010218580587281865
the:0.002691975035675189
do:0.0051308422779035474
thing:0.01617094596517826
when:0.018681063469196228
thank:0.025932102191210817
jr:0.03337583148202058
last:0.015572589657567842
an:0.006413558132583833
problem:0.030222361314936916
head:0.02466328382468345
is:0.0019190901920761708
win:0.024210538597345295
hardware:0.02535486516910394
disk:0.05001398548285545
engineering:0.027619639237307852
under:0.017338024479325993
written:0.05119312769223014
mike:0.022824371635412167
driven:0.03362358546764836
james:0.024711384054550194
