since:0.03280035448202757
script:0.09370436094222856
there:0.03009111428121795
thanks:0.03267846958878956
where:0.030286177020225603
to:0.002259342885394805
sound:0.11315355046322725
that:0.005686961072696341
re:0.006130172176691321
file:0.14943373192418405
great:0.04133197850381438
m:0.022439585444525772
includes:0.061766465105448344
a:0.00686805307793309
ms:0.06852688397352602
driver:0.18097306222064222
works:0.04877255727132361
mnemosyne.cs.du.edu:0.1957999800528899
it:0.005620580815409376
not:0.009883770632392867
ftp:0.06218634339818157
site:0.06402564258096076
be:0.009482971428483138
which:0.02117856282815603
claims:0.06157910943620863
writes:0.010840367065861679
get:0.021547114349034793
but:0.01090628233197394
windows:0.045036183302024614
in:0.002912781998270336
us.oracle.com:0.10355311275253888
speaker:0.17273407947598854
subject:0.0004376550310166934
i:0.006258974008045736
actually:0.04007072339509975
the:0.004942642688452807
can:0.014173212990782186
eric:0.06537751607079682
an:0.014719641615766176
is:0.008808938586579145
self:0.06970677741000289
lee:0.1399065999794989
article:0.013284145578960673
s:0.020342173142820275
