sent:0.02138187528075356
some:0.006788005087984617
king:0.0244049622376616
out:0.006849866855118953
emm386:0.0380654856774227
all:0.0055469059921296
knows:0.020313729134542064
programming:0.025510344692810067
startup:0.031466765137661154
true:0.015019074373010735
dos:0.020520653233976383
swap:0.03093785945041856
access:0.01949056318615422
with:0.006800318334762178
active:0.02597570927230737
previous:0.020193019881934917
config.sys:0.03403556020905092
my:0.005524501519362217
to:0.0016025571628963148
martin:0.027003507972413993
death:0.01950823479090943
been:0.008530467367566507
that:0.004033774714354382
think:0.008370628067026483
memory:0.0786426099108678
cleveland.freenet.edu:0.04979556711052913
communication:0.027980595820515104
permanent:0.029691290430968242
me:0.012599868376797031
need:0.022339558040665536
covered:0.026845079818650183
re:0.002174072690570759
so:0.005940759287121628
file:0.017665615595688425
this:0.015261117394517994
internal:0.023038182651862398
bases:0.029017849643031484
you:0.006462778946613045
possibly:0.022540428275565936
am:0.009501955562217241
why:0.010347224303220968
more:0.007391971080353057
a:0.004059605016995335
as:0.004651826512889642
dos6:0.10490335475637101
let:0.013401963620655958
therefore:0.019958869305551546
those:0.010790207292369536
not:0.010515872242604038
have:0.011889549142968671
follow:0.021959257630333053
university:0.013664768032550312
after:0.011216358649214832
develop:0.026195129783835553
extended:0.027793635869151546
has:0.006190549266782273
manage:0.029296973010394047
free:0.033575672024706224
familiar:0.02678289790518072
environment:0.0244049622376616
without:0.013065177237223807
anybody:0.01767206479600404
be:0.0033631468438225075
which:0.007511001933241382
recommended:0.02853852598482757
applications:0.022676168763920534
if:0.011688670112152487
of:0.00904374816584831
arizona:0.03269530637991236
but:0.003867925710758199
parts:0.021213343089630004
happening:0.02639415985152301
years:0.012963810598723218
using:0.012816398713051864
windows:0.07986067387859017
virtual:0.02870828851210816
find:0.012304922893449944
in:0.002066043045284773
use:0.038669291342961584
and:0.004439504819660347
for:0.005674689469396639
subject:0.00015521486565126915
i:0.012208638254065955
any:0.005949344571446554
4mb:0.03372121589934002
will:0.013177969126782376
yet:0.015291097341198627
the:0.0017529139767187279
do:0.008352533940773217
can:0.005026546467661124
because:0.010260013365665779
needs:0.01947294513179853
an:0.005220338014893818
about:0.0057268382576853
including:0.018488184340292035
is:0.0031241003126821383
win:0.019706252346676403
expanded:0.033139335326334306
does:0.00708423729266003
created:0.022081948188866402
dead:0.019949314737274047
leave:0.020541756536596026
article:0.004711237676259308
give:0.013739745763697714
by:0.005758345783820733
says:0.014889690374578884
s:0.0072143753587909105
