pc:0.08128883078043618
to:0.003361461366075197
that:0.008461088425231142
talking:0.07950466293566509
math:0.23806125718346954
you:0.013556072912407851
os:0.11583780979790904
m:0.03338572468575786
a:0.01362443049606239
want:0.04616092604176053
it:0.008362327554633463
not:0.014705122160389389
has:0.02597010911918417
call:0.06480380726826115
if:0.03269026437870289
3.1:0.09564687763115164
but:0.016226420054888054
windows:0.06700505320545126
please:0.04671744772939646
one:0.023983192872576158
email:0.06692435753580343
use:0.0811111964754804
subject:0.0006511452900492268
i:0.004656066030375486
the:0.0018384219755830562
specific:0.08939405581635201
peter:0.17960454052809546
apps:0.12900545148586567
about:0.024024784885899306
itself:0.08202575220961902
does:0.059438478748171965
respond:0.09863433531854894
by:0.024156962800418687
