there:0.008997833191932817
dos:0.03460345447297978
thanks:0.01954300632270748
fax:0.029986699410621466
your:0.024704553376103187
with:0.005733601733230856
work:0.019853651607748074
oliver:0.11407350415266439
name:0.02708071084147305
to:0.005404702588591493
80:0.039182957131993226
mail:0.030042308870939765
that:0.003401025739553694
nt:0.007000770114925867
could:0.014795187797314287
me:0.021246836870677348
need:0.018835313642129765
re:0.0036660833605702994
phone:0.02879752084519185
routines:0.051254704761566405
something:0.019516287423171793
these:0.01624152914802885
you:0.016347029100256524
kenneth:0.04819457566042969
tell:0.023627696604141695
a:0.0013691216920062696
how:0.025791431318218122
ms-windows:0.10782931334641861
files:0.0324442310253695
hey:0.03778567632971735
49:0.09756011670716569
it:0.0033613277425487446
application:0.036180075566832635
have:0.02004904365284913
university:0.023042550015673072
exists:0.03658463787272897
mouse:0.12782153462434798
netcom.com:0.03155916837961901
which:0.01266561110311292
writes:0.006482964617819238
applications:0.0764764907332222
3.1:0.03844629394977664
windows:0.026933403739446093
please:0.018778581930443673
email:0.026900967244783733
in:0.008709789308553454
or:0.01322179328829579
use:0.048905280227863175
and:0.0018715559533862248
for:0.003189694734432098
subject:0.0002617348714903755
i:0.0018715559533862248
we:0.013213175546215391
possible:0.025264427676123354
any:0.01003222810087066
the:0.0029558941568198155
do:0.007042332538298987
can:0.008476137180761895
clipper:0.035039256066811485
simple:0.032344985852512165
an:0.00880292292707585
note:0.029036167636063703
efforts:0.047575174664140164
is:0.0026340453616731756
31:0.045699184825774
else:0.02477011985625546
window:0.03418620335122688
somebody:0.03721302179877211
run:0.026243474788111714
runs:0.036782260004346416
loaded:0.09150883666563144
under:0.023797288501035678
very:0.0170906126645436
before:0.02084504183551612
