pc:0.01811327207607545
out:0.0064031364080459775
there:0.004987929269441018
thanx:0.026373194650773354
help:0.01163093869587933
tank:0.025212465844805635
your:0.013694915458491984
with:0.003178409656464931
turn:0.018594989862578886
my:0.005164207942012507
to:0.0022470638479741806
make:0.009565654800813606
that:0.007541404900749496
think:0.00782471754091606
memory:0.01837843601177889
uxa.cso.uiuc.edu:0.02423155075941274
bay:0.026050241278649435
like:0.018988680383293585
really:0.01060541164777677
could:0.008201680191989443
re:0.004064570682371419
norton:0.028803291414407767
pack:0.027998655001586357
derek:0.0599170332851598
this:0.008559496277794875
tools:0.024181917696568866
off:0.011866616564980165
programs:0.03840415352494039
something:0.010818811506323493
on:0.005510965491731412
you:0.0030206466815691406
performance:0.02060332192172074
machine:0.017678257360458405
8:0.016046148273771012
more:0.006909886009895249
sure:0.011858934892169585
a:0.0030358785344486846
hard:0.014696920666171245
j:0.016598525323526427
running:0.0164535891980799
ram:0.021140527544745914
drive:0.015346759504380372
therefore:0.018657203916059052
stuff:0.015888133438443596
advance:0.01719294139498179
computer:0.014569037528072365
ontario:0.025811685878881906
boggs:0.03449235239703561
gas:0.021566139519940228
it:0.00931672363423837
not:0.006553369658434401
should:0.008928326859964563
morgan:0.03161819952057545
have:0.0055570718820397045
ve:0.019838409772037328
university:0.012773587508688334
speeding:0.03331265399900394
loading:0.030978074326790762
be:0.0031438111800949527
noticed:0.02204458163670829
writes:0.0035938173424867517
down:0.012849812918223685
things:0.012145249609457879
if:0.003642121846540268
of:0.005283711564286376
what:0.010004805467354686
but:0.007231339372287068
lately:0.028576809368752502
megs:0.029679748738299733
wearing:0.027297928461499976
windows:0.04479142143625274
up:0.02920566022505184
miles:0.02181605861364579
good:0.017608802732168468
chance:0.01953835613050328
in:0.0009656505537744048
leaving:0.02515306872234808
speed:0.07301011232360394
or:0.018323680915844708
use:0.02711053577848937
and:0.00414997189663902
reincarnation:0.03721395722264696
subject:0.00014509215702183858
half:0.020552410236918565
i:0.0072624508191182855
becomes:0.023400902910339656
we:0.014649390279499673
will:0.03079634089411099
than:0.007775006968584027
the:0.0012289451249821515
wrong:0.014366424221901415
do:0.0039039017331874816
when:0.014213852639605824
less:0.014939486720631941
got:0.012022575117557468
can:0.004698728219770181
increase:0.022851878984713515
may:0.010114269170868646
just:0.0063825465405754666
btw:0.020390165871974644
draw:0.022949454004368926
is:0.001460177320057956
done:0.014394910605547274
2:0.010589182348344613
run:0.01454801319775758
1:0.010644151586547329
paper:0.02096004563715541
chicago:0.022949454004368926
under:0.013191975147313257
wall:0.0243832289557012
dark:0.025065172748187207
e-mail:0.014943998786153621
very:0.009474143977083953
luck:0.022406459923443593
u:0.020552410236918565
already:0.015792316963572563
full:0.016791643934365507
comes:0.016435740963290823
s:0.013487745236000399
