bottom:0.018090782773584762
report:0.030610711479635122
manager:0.03166853499930321
confused:0.019485746404938616
characters:0.020419261731489932
at:0.0035522782760259316
say:0.015302782050544705
there:0.003700721716036885
bnr.ca:0.018818349475593563
dos:0.014232065952596523
where:0.007449422573523233
tony:0.03728019820518313
with:0.002358174906409465
sizes:0.023317166903123444
nicholas:0.023531319424550654
my:0.007663018236534687
to:0.0011114509355571215
fantasy:0.023317166903123444
line:0.02277261087746765
look:0.009561162597886736
displays:0.08222852055093198
a.k.a:0.024080239482311055
bunch:0.016355657343364215
stacker:0.02471584006377712
that:0.004196426920578348
memory:0.013635613815190788
like:0.009392250512166718
nt:0.0028793489988808004
could:0.006085117561798618
bytes:0.1655990387486677
anything:0.009359843348062112
re:0.001507824607976494
file:0.061259796017306634
this:0.004233729341704992
off:0.0176085278060996
ci:0.025470725314132546
something:0.01605372029970583
recently:0.026687996488610397
set:0.010683123323088392
size:0.014519665875265595
3:0.018882789876109835
more:0.005126689620244862
a:0.0028155325117870866
uunet:0.015229807711360021
as:0.0032262667750686228
part:0.009875895614569665
worth:0.014174046849967089
international:0.015989373470731427
whole:0.012064175302529396
exact:0.017221557944932533
panel:0.01988082869671363
team:0.012916228099574587
skip:0.02375748662878873
files:0.026687996488610397
meg:0.01877304272854951
displaying:0.022616910878724892
it:0.01382481571532145
not:0.0024310887442579227
should:0.006624242509005966
have:0.006184483223560316
only:0.005377162251085833
ve:0.007359410076723525
uucp:0.01707108309409707
doing:0.010809285907924657
points:0.014778856001896904
status:0.03548937654838096
usually:0.013297382024946021
be:0.002332505069102707
noticed:0.016355657343364215
writes:0.0026663806089417836
get:0.005299895061657751
if:0.016213316607179257
captain:0.02267577700542309
of:0.006272276953733505
3.1:0.01581258864063394
what:0.0037114600927283517
again:0.009846246524629105
latest:0.016799784678438512
they:0.003761772679466708
sounds:0.014365744207906605
over:0.008088470776287732
in:0.0035822520543244045
5:0.010479326156926141
system:0.009012993263074698
total:0.029524318514551624
and:0.0030790114071837893
usenet:0.016468542857434484
for:0.0013118905762583629
subject:0.00010764901972588023
space:0.012328680473843159
p:0.01357309693399738
i:0.00846728136975542
period:0.015286335619341193
becomes:0.017361960223800387
league:0.015684907533198584
controls:0.020093903218384522
will:0.009139559233091003
than:0.005768553557336536
the:0.005470787975726998
got:0.008919975087220056
thinks:0.01826570332048083
1000:0.01884119519146323
did:0.006628673562270021
correctly:0.017573804310606365
reports:0.015944445339468354
may:0.007504135191289641
an:0.0036205570103295835
problem:0.008530505209861226
just:0.00947087551182166
makes:0.011262007589725702
bar:0.040637736756353036
current:0.012750990821495233
is:0.0054167868324730625
number:0.010089777614507089
select:0.11460858698275286
win:0.013667239530759441
3.0:0.018640099102591564
formatting:0.02491749498544914
right:0.00782207094270282
disk:0.014116850741128555
selection:0.04274036790525024
run:0.010793687211239494
notice:0.01628211868388929
byte:0.021776004621091596
23:0.05237506035914577
first:0.00757078560238323
guess:0.01208127928603086
under:0.009787594464135642
count:0.034382020778506536
virus:0.02222728654126896
by:0.00399369143071438
strange:0.03545454057140906
summary:0.01734611636033309
everything:0.012458316467432472
s:0.010007036788000296
