there:0.03164755122679819
know:0.04254741812614834
technology:0.11612647192472217
thanks:0.06873747051435045
from:0.029192146704488813
that:0.011962228463257821
these:0.05712537838272216
am:0.05635642609315054
inc:0.12624191364842763
card:0.10554856367290488
a:0.004815531468435845
driver:0.25377831713699256
video:0.12054176527120768
has:0.03671636116850176
anybody:0.10481362568664465
3.1:0.13522489596128334
looking:0.08944432225540151
one:0.03390727268191802
for:0.03365677892193869
i:0.006582714042944653
info:0.10156536066870336
any:0.03528576780306232
is:0.009264573341057375
window:0.12024112902845316
does:0.042016855666811216
wanted:0.10500551688090008
