cite:0.03315145706666418
happen:0.021402735608653894
dos:0.022338938963569227
with:0.00740287818720946
further:0.022454648108110042
though:0.015731292415257465
ca:0.01301613035501469
into:0.01133420191761004
from:0.005358052243228959
blowing:0.03597605898203393
often:0.019666584735941177
except:0.020407350753188693
my:0.012028028624434193
to:0.004361389747122883
bunch:0.025672171019964083
that:0.008782395580619665
problems:0.017361223011973247
through:0.01499660312673941
nt:0.009038969009144792
perfect:0.025633460722385374
re:0.0023667120428998135
had:0.009711446111912247
error:0.02383201366564556
this:0.009968020981735805
programs:0.06708573653723765
opening:0.031112953907366
blow:0.030843589259145775
these:0.010485037804423687
on:0.003208916615438544
set:0.016768446734974185
rev:0.03354307354589259
communications:0.02670305630590946
a:0.0035354534831554306
other:0.008729797391341207
was:0.005604184393046744
as:0.01012802734451922
driver:0.023289782268901212
capture:0.0346433705699621
video:0.022124754385221664
files:0.020945009902453727
are:0.004069059377222946
causes:0.027007286704903266
displaying:0.03549996137926439
it:0.00216997107430362
have:0.0032357633743522332
only:0.01688020554771249
ve:0.023102958215537144
occasionally:0.034180057886270356
completely:0.02276578251290804
exit:0.03367918876881008
cr:0.03961760420294255
without:0.014222851169636045
be:0.003661147197072603
prior:0.029089090698484473
down:0.01496433909464024
if:0.00424145835293297
of:0.0049225464700187
even:0.010627591441557125
seen:0.016408005636850333
but:0.008421306610764687
result:0.02237343013298419
lines:0.044723824358158436
seems:0.01491447524924733
latest:0.026369282280080706
windows:0.0695495488967975
up:0.017005827472814997
in:0.0022491101505631703
or:0.008535588072190953
rather:0.01628787122096749
message:0.020552657522529882
and:0.0012082196661100946
word:0.01942326908964189
still:0.012922209381199666
for:0.002059170018430848
subject:0.00016896808159505252
twice:0.02854671904592192
i:0.0036246589983302837
back:0.013331371645997073
horizontal:0.03425495951694759
any:0.006476501685372198
actually:0.015470342576589143
source:0.019742202289239397
than:0.01810887699011976
the:0.00572470640498015
do:0.004546315942446181
ss:0.03472399731538887
would:0.011805691722840203
can:0.010943873321996372
24x:0.07728393397769195
once:0.016981210094461432
an:0.005682899611150232
problem:0.040168961241371856
just:0.007432839009277759
note:0.01874486771442087
entire:0.02360391280182786
is:0.0017004596638649614
printed:0.030799788987977583
desktop:0.06337744931100703
disk:0.022158094834176464
window:0.022069574315349
nothing:0.016169974693043727
dave:0.022191611844142988
recover:0.03793008101779098
greetings:0.0346433705699621
diamond:0.031688724655503514
opinions:0.018073481996962293
sometimes:0.022180419774163608
