since:0.027408515389091524
there:0.025144629741839654
damn:0.05892927201866584
coffee:0.07808172159081507
where:0.025307627373065227
tony:0.06332526818414667
o:0.09591723243287346
wrote:0.035281848968395355
to:0.0018879440549189463
sound:0.09455296682543646
archive:0.06647490158551092
t:0.03529141171233482
that:0.0047521181566366685
re:0.005122472640796856
michael:0.08232041648421067
file:0.1664923771210087
inc:0.05015089720280002
m:0.018750886467343453
a:0.007652077401898055
ms:0.05726219071760393
driver:0.15122406569122157
mnemosyne.cs.du.edu:0.16361368196200388
it:0.018786598889861478
not:0.008259041213369381
ftp:0.05196393078478185
site:0.053500879416967205
be:0.007924126810102346
claims:0.051456516104229126
writes:0.009058388918048799
get:0.018005122949193455
dept:0.056209691648517794
but:0.009113468797950825
windows:0.03763297508799317
good:0.022191915772047932
in:0.0024339685191026093
speaker:0.14433943627445617
and:0.005230101568366984
subject:0.000365711738246826
p:0.04611134300864863
i:0.005230101568366984
the:0.0030976151095440533
can:0.01184336975942073
an:0.012299974500845709
is:0.0036804469437077244
lee:0.05845412738869474
run:0.03666896477243006
article:0.011100450415295903
thats:0.07108411030634944
s:0.03399650854005579
