out:0.028736026806840485
there:0.04476970661351939
thanks:0.04861918646136983
wrote:0.0628189018217771
longer:0.1655712687011793
format:0.09805010992775645
that:0.008461088425231142
me:0.07928697661496668
need:0.046858585158469176
re:0.009120500067760258
so:0.024922209692315126
a:0.0034061076240155977
standard:0.07424498879176188
let:0.05622287177445914
mind:0.073894043975857
larry:0.11084836673104868
mitchell:0.13143300259189086
utility:0.11568863352919109
if:0.016345132189351446
please:0.09343489545879292
email:0.06692435753580343
in:0.00433365126571928
use:0.0405555982377402
subject:0.0006511452900492268
howard:0.38399857700388607
will:0.027641593778128887
than:0.03489271420047466
the:0.0018384219755830562
eye:0.11197138962132691
paul:0.07987859734412335
is:0.00655299089977229
too:0.04762238702108528
e-mail:0.06706575065005528
s:0.015132592216000447
