work:0.0653249181932356
to:0.008891607484456972
commander:0.1961903318331442
re:0.012062596863811953
file:0.09801567362769062
error:0.12146639223135479
this:0.016934917366819967
input:0.13765004191531344
more:0.041013516961958894
files:0.10675198595444159
no:0.036314378586532574
it:0.01105985257225716
cool:0.14809119272498075
try:0.07859321523688363
virginia.edu:0.15503702580991624
has:0.034347563673759705
anybody:0.19610291257501258
get:0.042399160493262006
gotten:0.13902293270301655
but:0.021460749104851944
bmp:0.36094226841752736
and:0.0061580228143675786
subject:0.0008611921578070418
i:0.012316045628735157
wing:0.18093528702979914
the:0.0024314613225453322
picture:0.13195250850630322
