thanks:0.026937657363731934
work:0.02736584410797708
ease:0.07768588973376936
my:0.012840733261220288
to:0.0037248625948400837
aspect:0.07064837683351045
important:0.04246444990504355
might:0.028744393728087108
think:0.019456054426061558
nt:0.009649710158411332
getting:0.0366513725976309
amount:0.05024887853549768
these:0.022386972609445173
you:0.007510797154171917
etc:0.03138275658727346
m:0.018497496109676652
a:0.0018871677376302637
how:0.01777517563823141
hard:0.10963108388819633
other:0.01863929713286366
wondering:0.04863423651158509
j:0.0412720089125522
want:0.02557564821232678
was:0.011965691001370076
as:0.010812353516446195
drive:0.11447853035699955
ie:0.05653538090218124
morgan:0.15723645166988875
have:0.006908792069562877
ve:0.02466396890577614
buy:0.04063298817897251
knew:0.05246074409321297
be:0.007817044015371234
things:0.030198999028922292
if:0.009056086753559586
of:0.00788272644185427
what:0.012438406797251774
never:0.029782962579214332
utilities:0.06986853470350171
one:0.039863955720633344
in:0.00240107705262825
speed:0.045384664417375424
use:0.04493998723641481
and:0.005159424520145809
subject:0.000360769687729977
i:0.010318849040291619
any:0.027656412602400197
the:0.0010185851486338555
do:0.009706998904141848
compression:0.1972851348689375
is:0.007261422348396322
new:0.02329729141734523
various:0.04816998619398904
full:0.04175219572869261
before:0.02873235496246817
