24:0.06208616523505865
there:0.015555576026731313
help:0.03627275796681012
thanks:0.033786214320612934
access:0.11363989383113646
microsoft:0.07219667955490397
post:0.04377250515985052
to:0.007007792339444903
that:0.011759478828287349
responses:0.07518523103493074
this:0.00889800743002405
a:0.004733912291004729
ms-windows:0.18641677900567286
developing:0.08356687316584713
enable:0.09434634378821996
based:0.05120174596441597
display:0.06247663418534708
product:0.13528467534734098
are:0.010896803077986874
individuals:0.07232459829448672
screen:0.06336113847637369
uses:0.05788127338705825
of:0.003295603145182011
windows:0.046562833583449176
please:0.03246466706619076
email:0.046506756931660016
and:0.003235571309243982
for:0.016543162520952916
subject:0.0004524907947799711
blind:0.17401932885453214
i:0.003235571309243982
group:0.04571382940350246
we:0.022843117045999492
any:0.03468770394199347
will:0.038417130335704555
the:0.0025550949491154338
quickly:0.07194370243258742
an:0.015218612517995538
is:0.004553773337129897
window:0.05910157189534138
full:0.05236716074446192
data:0.09946934315951907
john:0.09089757286718121
summary:0.07291248910784079
