form:0.07111210259337282
know:0.025705731784547953
dos:0.07353234075508203
thanks:0.04152888843575339
someone:0.04590537738881291
mentioned:0.07323257539149662
from:0.017636921967295324
to:0.0057424965003784615
that:0.0072271796965516
memory:0.07045067137848574
vague:0.1219607574157658
file:0.12660357843576703
this:0.010937134132737895
a:0.017456301573079938
ascii:0.10975811300036771
ie:0.08715871222419608
have:0.0106510544405761
shareware:0.10333955166530545
anybody:0.06332489885234781
utility:0.19763474894570143
of:0.012152536597858666
windows:0.057233482946322946
postscript:0.20962150196452561
in:0.003701660456135218
or:0.014048155368814277
for:0.006778101310668208
i:0.003977056400945728
info:0.06136240540400828
any:0.02131848471435015
will:0.023610528018818425
do:0.014964956643885346
once:0.05589648322760221
needs:0.06977805338894472
viewer:0.11178674141755887
does:0.025385183632031773
convert:0.08913708323329873
mine:0.06802581343333304
