mode:0.03191154372065193
bbs:0.03372535543129718
technology:0.028063897381807857
dos:0.058825872604065625
fax:0.025488694499028245
text:0.03013803111027973
with:0.004873561473246228
into:0.029846731716373105
from:0.01410953757383626
turn:0.028512317789287627
blowing:0.047368477659678006
often:0.025894336568989217
except:0.026869678491698443
to:0.0011484993000756923
bunch:0.03380169184295271
that:0.00578174375724128
problems:0.022858943632431444
re:0.0031161708564847544
so:0.017030176623082
file:0.025320715687153408
voice:0.030220785845301402
had:0.012786737380684459
this:0.004374853653095158
off:0.018195478732969585
opening:0.04096538931136523
these:0.013805299775824521
on:0.004225073543660749
set:0.044156909735432015
mn:0.04776855448623101
am:0.013619469639178046
inc:0.03050846246503668
posted:0.02844484103734913
a:0.004655013752821317
other:0.011494233231932589
steve:0.05345256411390644
avenue:0.04434426521226661
far:0.020744817267678347
are:0.005357594846676879
ve:0.015209447491895286
occasionally:0.045003742883589305
completely:0.02997494697532892
exit:0.04434426521226661
cica:0.04848123926488236
which:0.010765769437645982
writes:0.005510519925146353
get:0.010953116460759353
of:0.003240676426095644
result:0.029458349675095852
lines:0.05888636873824194
latest:0.03471955500210626
windows:0.09157357271411672
up:0.011195503086269872
good:0.013500082094662493
in:0.004441992547362262
or:0.005619262147525711
rather:0.021445697107607194
and:0.001590822560378291
for:0.0027112405242672834
subject:0.00022247464076681915
i:0.004772467681134873
horizontal:0.04510236336398099
similar:0.02637298573222251
actually:0.020369284392509037
than:0.011921677351828842
the:0.005025020066593686
ss:0.04571992979859534
got:0.018434615180254785
can:0.014409433207295222
drivers:0.032769197987337545
24x:0.10175717973729441
problem:0.017629710767046537
replies:0.03734840197343006
dates:0.04662170967059728
entire:0.031078485189073347
is:0.0022389385574221993
hills:0.050878589868647205
desktop:0.08344697492615925
query:0.04804635798846094
hardware:0.029580676030621263
window:0.05811654569708569
nothing:0.02129046667917424
recover:0.049941273340091456
greetings:0.045613771250450096
diamond:0.08344697492615925
article:0.006752774002638341
testing:0.04102599563910757
before:0.0177182855601887
going:0.018148464033747355
north:0.03345128987425688
