some:0.008778472745363565
stephen:0.06122795908858673
know:0.009277256583897006
dos:0.026537987640931862
supports:0.0324935299598405
your:0.009473174602866636
with:0.017588793286903676
microsoft:0.03202709844916792
work:0.015226108751806794
both:0.03376998620012388
my:0.007144468130303017
to:0.006217439819958635
manufacturer:0.03770516289638144
might:0.01599312132239433
that:0.013041527271972811
nt:0.010738023334172007
me:0.008147283311312366
need:0.014445127755618316
re:0.0056231654553108345
had:0.011536905907384475
this:0.003947236378732473
parallel:0.034596642010987895
these:0.0124559095721725
you:0.00835787953998078
support:0.041187312925315876
card:0.023014348470031892
came:0.022697193477277795
a:0.00315000930642044
how:0.0098899473475874
ms-windows:0.041348082561408636
steve:0.024113938698002903
driver:0.1106702435635005
lucky:0.035802225846139624
also:0.011154113772026814
vga:0.03391264367861401
video:0.05256708560699282
computer:0.020155660941092595
are:0.004833920162415229
reason:0.02009181897750773
it:0.007733581121954255
have:0.003843989572538743
university:0.01767173008720792
color:0.02777918877145403
mouse:0.1307047271346716
be:0.004349332760432115
writes:0.004971897676823777
applications:0.029325571634543846
if:0.010077449921254275
of:0.005847837159871839
ucsu.colorado.edu:0.08231056466246633
3.1:0.02948512769080614
version:0.02346218502004199
using:0.016574590816879103
windows:0.061967079280229355
one:0.0073933150960573115
in:0.0026718752164585032
resources:0.033186126117042046
use:0.0500084068495443
and:0.00287065725181045
for:0.007338696155911443
subject:0.00020072899918810748
i:0.0043059858777156745
everybody:0.030660972178467583
allow:0.0263629674539443
addition:0.029814771584521758
will:0.017042185637643373
program:0.020876943100632143
the:0.003400389518747607
do:0.010801773216639048
can:0.006500496183742205
drivers:0.029566193672785755
apps:0.03976859782646987
did:0.012360233409345604
come:0.018054087777965477
is:0.002020094939027548
applies:0.035802225846139624
16:0.026217990540038656
under:0.018250552083501046
article:0.00609272842343309
de:0.03038332351236068
comes:0.022738167949214374
