some:0.016444181339906397
there:0.006463232292796813
help:0.030142150986504183
keeps:0.03362110000211832
thanks:0.014037934119127909
with:0.004118502653447516
way:0.01219980858835594
c:0.018211955601612394
from:0.005961776439649124
execute:0.04097006135060481
to:0.008735065099167237
look:0.01669836848081627
t:0.054428303978882576
next:0.018861831153163207
class:0.02794485684273945
that:0.004885980639922209
control:0.06442889302692303
like:0.008201683545835727
through:0.016686361225526948
nt:0.01005744439045688
could:0.010627529262859559
wait:0.02585492820500083
so:0.014391698554717185
bc:0.040722939380102914
lord:0.02999721192774179
am:0.011509410962685674
specified:0.036886832510795366
m:0.009639540226169523
a:0.002950360829252947
how:0.009263119698796651
other:0.009713436534027542
ps/2:0.04370080452672287
want:0.013328154702198463
following:0.0192768610777448
statement:0.04891830168581417
calling:0.08689437928621391
date:0.025195768942136078
closed:0.029056850007850785
hope:0.020341278434084828
public:0.02087144083141263
talk:0.024363336391810052
be:0.01222101247473531
get:0.018512309511142567
style:0.03232976742587608
trying:0.018988226923016875
3.1:0.02761635199209308
gives:0.02560932729433877
version:0.021975145124405526
using:0.015524088582006485
up:0.018921977047216685
code:0.022820510636138706
in:0.0025025310125984575
and:0.0013443570932774292
subject:0.0001880067386761852
however:0.01688097819856981
until:0.020149054403976366
i:0.006721785466387146
group:0.01899377418877919
appreciated:0.023836352951945375
back:0.01483349802864463
any:0.01441249670829306
program:0.07821502626434014
source:0.021966675786618484
the:0.008492991661848484
when:0.009208974949603774
would:0.006567955254256169
can:0.00608849290449094
did:0.01157683833410539
may:0.013105813573519936
here:0.01267887961706617
hold:0.024435074739042394
is:0.0037841215055023085
object:0.14894268648355502
new:0.01214084200622216
right:0.01366108164641056
window:0.14733772148556937
show:0.02119766668827347
function:0.028964793095404635
give:0.016642508953211316
data:0.02066440579722403
void:0.03872742944131936
s:0.004369269583493087
