some:0.014066709338956075
ideas:0.04333727273541531
send:0.07068306315364392
dos:0.0425247271836619
thanks:0.024016706565254977
where:0.022258515641370626
your:0.015179906291340514
further:0.042744992784113096
options:0.05451783624911827
my:0.01144836459434098
to:0.006641923663088341
think:0.017346361777452475
control:0.0367425815655545
me:0.013055285306078853
re:0.004505307262387597
this:0.006325089618932759
on:0.006108540063123976
you:0.013392746732740286
how:0.015847746954567764
panel:0.05940295803355399
those:0.02236042956972964
it:0.00826157662024029
not:0.014527952013878673
have:0.012319291883075973
after:0.023243538405601824
writes:0.00796701675924774
if:0.008074101442932642
of:0.002342657657418538
3.1:0.04724725280574961
port:0.05023827873915109
windows:0.06619776340779522
necessarily:0.046834494374171115
find:0.05099871657044314
email:0.03305901998756555
in:0.00214071929993362
or:0.03249693772063062
use:0.04006697657222526
subject:0.00032165008303636504
i:0.006899953273929937
group:0.0324953727085138
information:0.029383388969683916
the:0.0036325446264532674
do:0.008654432757909598
when:0.015755113769201638
views:0.048796226435384206
solve:0.059854253967709416
can:0.02083291548042683
may:0.022421994306503986
problem:0.05097747691676107
win:0.04083705305576315
dale:0.11628483290858094
define:0.05150308311758959
serial:0.09974260067144175
reflect:0.057001356797162527
under:0.029244860567537823
e-mail:0.033128864778942974
ports:0.118629384980552
s:0.0074751359139279315
news:0.036974415857390586
