some:0.00440579952880511
since:0.007550270276995024
correct:0.012347990340307353
locate:0.021756841353265333
music:0.01738361675355126
know:0.009312265099307939
all:0.0036002559647029856
media:0.029822310873171786
modify:0.020163361253550068
with:0.01103447880734995
way:0.006537255922817144
microsoft:0.0321479554244478
such:0.0072566686923313155
1.0:0.04140672887419956
feet:0.01657381867530314
wrote:0.00971915084789759
my:0.00358571419369925
to:0.006240901857015082
sound:0.01302333316652238
player:0.02933783421174492
that:0.007854444349459852
control:0.01150805384883405
kinds:0.01720715725955866
through:0.008941370920848403
nt:0.002694636044235617
re:0.0014110962368987568
so:0.007711778093471095
file:0.011465984462107203
this:0.003962131610350332
acsu.buffalo.edu:0.020468904885752585
multimedia:0.022863814221142535
something:0.007511929498730275
on:0.003826481699919169
set:0.029993372650482124
you:0.014681482739098313
etc:0.008763486745125417
suggest:0.013854338887207992
them:0.00553154404351789
state:0.010029107120530628
card:0.011550597534016006
m:0.0051653385362870645
a:0.0010539653779972793
how:0.004963633951808016
want:0.007141879123442195
sb:0.021953768723720315
as:0.0030192987178000695
running:0.011424378914893214
standard:0.011486960530046176
driver:0.027771966781029372
buffalo:0.019338118985758258
plus:0.013493961713130833
panel:0.018605454780320684
section:0.015508525002352027
computer:0.010115860019491756
files:0.07492780900953258
setup:0.01665567839081733
are:0.004852161370575287
manual:0.014828669422199105
early:0.01321789093884257
play:0.060413551561895124
mapped:0.04491532154272005
instrument:0.019959334003473557
not:0.0022751321078338296
should:0.006199291102767847
have:0.007716990387134383
properly:0.016248174096235836
kind:0.010398213950804
university:0.008869207930560957
expect:0.013042343710031653
settings:0.018984588857164586
always:0.010026249426410217
attempt:0.014553390178251302
love:0.012347990340307353
without:0.008480039565292434
be:0.006548618005329863
get:0.004959901793551405
were:0.005853974707442638
making:0.011602291286310957
if:0.005057739017082334
of:0.004402428352431818
wm:0.020423711711991394
kit:0.019475355378855898
but:0.002510502725473246
version:0.011775360783643716
york:0.014200630971416765
latest:0.015722062642463213
using:0.008318568221301588
windows:0.04146727821016606
find:0.015973182925836906
up:0.015208985324743976
david:0.009420548072998091
sounds:0.01344416816438052
in:0.003352447205556424
thomas:0.01390190571331736
or:0.0025445715385022088
use:0.006274639727348483
install:0.016672265603923132
and:0.0021611174405139046
for:0.0024554631163175395
subject:0.00010074323355478603
editor:0.03484795267024778
i:0.007924097281884318
back:0.007948515924783161
don:0.016824925810309223
exist:0.0137227338709287
normal:0.014235330847239784
later:0.01205815859984039
patches:0.021333757209413613
the:0.006826442354617838
do:0.005421267312501862
see:0.006676927401551608
upgrade:0.01668892604999527
would:0.003519432626808966
can:0.013050052716040957
drivers:0.05935552842989442
correctly:0.016446428185020297
come:0.009061108205544937
an:0.0033882948624971198
about:0.003717042189893855
different:0.009536667539665086
general:0.022252304627075857
is:0.0020277179387974634
stuck:0.017945298367126977
new:0.006505658735409611
patch:0.019959334003473557
food:0.015907469014454327
soundblaster:0.1405022092708222
unless:0.011615326134869779
nothing:0.009640966043399656
maps:0.022457660771360025
instruments:0.019880714807613775
midi:0.24065526414042665
included:0.01412370358679611
s:0.004682537968724667
