thanx:0.04112430352323981
help:0.05440913695021518
access:0.028409973457784114
your:0.01067739171340053
with:0.009912328420161818
turn:0.028995577412834875
often:0.02633322362948056
my:0.008052663231612724
to:0.0023359307798149673
that:0.011759478828287349
memory:0.057315800443513816
like:0.0197396451442148
really:0.01653725206094005
re:0.0031689873116794113
derek:0.046714975103683914
off:0.01850387667759619
programs:0.059884442784652825
amount:0.031512008573108714
on:0.004296684959654999
you:0.014130482781577676
performance:0.03212721384403912
8:0.025021112562490393
more:0.010774737506955304
a:0.003550434218253547
running:0.025656444173277133
idea:0.023494714366616577
definitely:0.03606654020441342
also:0.0125720095905048
stuff:0.02477471654808154
advance:0.02680933234471737
computer:0.022717821230214538
boggs:0.05378468509368265
it:0.00871666346796539
not:0.01021881370467737
should:0.01392213679858881
have:0.012997896944431852
try:0.02064737010460502
hope:0.02447848760711903
speeding:0.051945155388277334
loading:0.04830479386550424
noticed:0.0343746018741892
writes:0.0056039185679454435
down:0.02003699641485727
things:0.018938355323222453
if:0.005679240845452621
of:0.006591206290364022
what:0.015600713610112393
lately:0.04456044850720729
megs:0.0925605723363924
windows:0.046562833583449176
up:0.022770514751735332
good:0.013728897045419484
in:0.003011520371093059
speed:0.0569231384217929
or:0.01714351163651912
use:0.028182703860124544
and:0.004853356963865973
reincarnation:0.05802854346582239
subject:0.00022624539738998556
i:0.008088928273109953
becomes:0.0364895435212076
will:0.019208565167852278
the:0.0019163212118365755
do:0.006087439990733023
when:0.022163973607520947
can:0.014653660888774803
increase:0.03563343841684141
draw:0.035785589294948156
is:0.0022768866685649483
disk:0.029669313422032894
2:0.01651194535674075
run:0.022685037528706736
under:0.0205705375178444
article:0.006867227799293229
already:0.024625307807604673
comes:0.025628613027504337
