at:0.020487558429172815
know:0.014347385182073277
your:0.014650374676526308
with:0.006800318334762178
o:0.16283623180464565
from:0.009843863423606693
name:0.03211898262593315
remember:0.0323560934479213
line:0.03283492731169754
near:0.04191599741257587
centre:0.05821881971592506
that:0.004033774714354382
location:0.053381709005516316
australia:0.05394295017958415
re:0.004348145381141518
description:0.05087256117890583
anyone:0.019452497088853386
file:0.03533123119137685
this:0.006104446957807198
directory:0.049017201032911586
you:0.006462778946613045
them:0.017044874087584195
a:0.0032476840135962676
as:0.009303653025779283
science:0.0393213049554339
it:0.007973382086976092
ftp:0.044108917991733436
made:0.027041622696720946
probably:0.027758415291037307
moved:0.051844248136417956
university:0.027329536065100624
cica:0.13529648166943914
mouse:0.05053409508404454
love:0.03804904000210987
writes:0.007689097569971655
get:0.015283418317338631
spend:0.047675549008273845
of:0.006782811124386232
rutgers:0.0620028011163277
reading:0.038213047050732446
windows:0.03194426955143606
find:0.024609845786899887
one:0.011433847764832819
in:0.004132086090569546
moving:0.04931373932141084
and:0.00665925722949052
subject:0.0003104297313025383
i:0.0022197524098301735
away:0.03219748356190315
water:0.047675549008273845
research:0.03589920326205555
program:0.06457287052055989
the:0.005258741930156184
about:0.0114536765153706
paul:0.07616331374672226
is:0.006248200625364277
applied:0.05147674418972806
does:0.01416847458532006
run:0.031125981725434824
article:0.009422475352518616
little:0.027271380254633305
high:0.03252702122838978
icons:0.2714310333622587
