school:0.029326810288678267
some:0.009415619960752856
looks:0.027605689309466858
laser:0.039527886934772
at:0.007104556552051863
with:0.00943269962563786
much:0.014090297335160736
ca:0.03317013864665034
mentioned:0.028348093699934178
from:0.006827195600243351
to:0.005557254677785608
remember:0.02244051642355832
line:0.02277261087746765
that:0.011190471788208929
problems:0.02212155835396591
helps:0.034112679807523895
like:0.009392250512166718
nt:0.011517395995523202
re:0.003015649215952988
had:0.012374261981307541
this:0.004233729341704992
bitnet:0.03935690138920262
two:0.015038624456881543
recently:0.026687996488610397
you:0.004482249914586466
used:0.01592309280916827
dry:0.04169573845208973
deskjet:0.15282435188479526
m:0.02207765664703342
a:0.0011262130047148347
how:0.010607766106686485
other:0.011123451514773473
as:0.0064525335501372455
idea:0.022357873348877066
let:0.018589820506071168
output:0.032962566039791294
no:0.009078594646633143
internet:0.023036564057375856
it:0.01105985257225716
not:0.0048621774885158455
have:0.008245977631413756
ve:0.01471882015344705
uucp:0.03414216618819414
bubblejet:0.10620973974999275
between:0.0187327890810194
hope:0.023294044658387462
careful:0.0371076886085596
500:0.06725446992499258
be:0.004665010138205414
comparison:0.037636698951187125
printers:0.09118460742733236
po:0.042081674106748075
interface:0.034054028522611954
but:0.005365187276212986
edited:0.044779362591714854
canon:0.04500339133451385
good:0.013064595575479832
box:0.025552733957311346
postscript:0.04057190360603722
pleased:0.04559230371366618
in:0.001432900821729762
compare:0.03475573317575414
and:0.004618517110775684
few:0.018432479846018437
subject:0.00021529803945176046
i:0.012316045628735157
any:0.008252316663619414
will:0.009139559233091003
the:0.004255057314454331
do:0.005792886442794328
moore:0.09118460742733236
got:0.017839950174440112
an:0.007241114020659167
just:0.00947087551182166
newsgroup:0.03100132129495443
irvine:0.04394073586974673
is:0.006500144198967675
printer:0.03504784013893412
slow:0.0331171621374342
very:0.028116814383603986
before:0.017146727961472936
ics.uci.edu:0.11508145486159391
hp:0.06976850816219879
