sleep:0.036467551679206726
out:0.01745447554193274
know:0.009139815745617052
help:0.015852538666976276
all:0.007067169115898454
dos:0.026144832268473615
matters:0.03522595605398999
with:0.012996163928656608
ca:0.015233693304387565
into:0.013265214096165824
from:0.006270905588371671
my:0.007038624158002232
to:0.0020417765334678974
hardly:0.03234545815251498
wake:0.040452398280349265
might:0.015756186191692192
that:0.010278655568428942
memory:0.1753438932086756
nt:0.005289470753499545
need:0.02846225172588498
off:0.016173758873750745
reply:0.026601455698926996
upper:0.11617733079288386
you:0.012351088653527152
used:0.014625655617310116
bill:0.04585946482506248
m:0.02027873647579366
why:0.013183130223363012
more:0.009417918709783155
a:0.006206685003761756
load:0.03330365090224863
running:0.022425632684790385
woman:0.032439026648114246
also:0.03296660292621259
college:0.03051492815236039
it:0.01269834924962859
not:0.004466000063525666
zero:0.03432306851614527
texas:0.058787698839540777
application:0.027336057094940216
have:0.011361124736614507
only:0.009878046209402124
university:0.017409926678508547
command:0.0304907604069173
device:0.02973447988822834
of:0.007201503169101431
3.1:0.029048310984275683
conventional:0.039498080711142095
but:0.009856047737043116
ok:0.02417666067045135
windows:0.02034968282535927
please:0.014188261903001887
up:0.029854674896719658
email:0.020325175251614376
in:0.0013161459399591887
use:0.012316885390721097
and:0.002828128996228073
subject:0.00019775523623717257
station:0.03063696398349746
i:0.011312515984912293
top:0.025049127601239375
any:0.015159811352426776
will:0.008394854406690995
the:0.001116671125909708
do:0.010641746946762913
when:0.009686477354398045
level:0.02607803824143518
would:0.006908515897069452
drivers:0.02912817598874449
instead:0.02272395786358994
thought:0.019885825223642316
problem:0.015670854015152478
just:0.008699174544191748
about:0.007296416150532382
time:0.02340014770227724
run:0.019828403173239962
first:0.0278156271020895
e-mail:0.020368116864090863
by:0.007336559072719749
says:0.018970568477241247
s:0.004595824302637173
