since:0.019615898268663542
configuration:0.046502293869576806
at:0.008636911886808147
thanx:0.047575174664140164
know:0.01209681495743433
all:0.018707212365613554
with:0.005733601733230856
aug:0.06418885820114416
several:0.02763187619673918
to:0.00405352694144362
make:0.017255691013232387
that:0.003401025739553694
me:0.010623418435338674
re:0.0036660833605702994
so:0.010017750954754118
anyone:0.016401124996484228
on:0.00994134951449588
support:0.026852512838563783
card:0.09002671607394828
more:0.012464892410007117
a:0.0013691216920062696
want:0.018554882036393938
old:0.025959932179826707
driver:0.10822898819077623
question:0.02140182434654024
1280x1024:0.1866644953251339
video:0.06854335672284358
based:0.02961669619510336
far:0.02440566737373923
are:0.006303052760796329
it:0.0033613277425487446
not:0.005910882437019264
have:0.02004904365284913
92:0.04297563616055759
indicate:0.04656225687955167
dialog:0.05513326173867575
claims:0.036826722309889474
if:0.0065701021545432284
3.1:0.03844629394977664
available:0.026481017919747354
what:0.009023942186241482
but:0.006522384531866767
latest:0.0408465352965956
windows:0.026933403739446093
please:0.05633574579133102
find:0.020749477820327353
david:0.024474953326906804
box:0.03106410794810399
one:0.009640303017408064
in:0.005225873585132073
for:0.003189694734432098
subject:0.000523469742980751
i:0.007486223813544899
suggestion:0.04537416318541223
we:0.013213175546215391
info:0.028876426072474485
any:0.02006445620174132
the:0.0014779470784099078
can:0.008476137180761895
drivers:0.11565599289648545
an:0.00880292292707585
excuse:0.04340196078741777
is:0.005268090723346351
new:0.016901956518466144
does:0.011945968768014953
psuvm.psu.edu:0.0980179081580871
faq:0.038059755518605486
e-mail:0.05391560346376993
article:0.00794444000310393
says:0.025108105337525177
trident:0.18251512478807785
