reference:0.06910431598182137
dir:0.10806976328312151
tried:0.057367852834012426
where:0.03421216293025484
fax:0.056641543331173876
with:0.010830136607213839
to:0.005104441333669743
510:0.21481663461801787
like:0.021567390064975427
phone:0.054395317152029055
this:0.009721897006878128
sure:0.040408222595540805
a:0.007758356254702194
as:0.014816928892907748
no:0.02084714326263907
it:0.01269834924962859
have:0.009467603947178755
made:0.04306628799848151
probably:0.04420784657461497
real:0.04736284914811569
earlier:0.07307308397933875
get:0.02434025880168745
if:0.012410192958581652
but:0.012320059671303892
version:0.05778649273454786
archie:0.11020889082241492
david:0.046230467395268406
one:0.018209461255104118
in:0.006580729699795943
for:0.006024978942816185
subject:0.0004943880905929314
i:0.010605483735855273
would:0.01727128974267363
an:0.016627743306698826
problem:0.039177135037881186
just:0.021747936360479368
newsgroup:0.07118821926989537
printer:0.08048022550421909
center:0.06049316358282979
too:0.03615773829378697
dave:0.12986202486572562
article:0.015006164450307426
luck:0.07634793751691892
s:0.022979121513185864
