22:0.01543091333426945
some:0.004324210648642053
at:0.02283983365622599
bbs:0.014989046858354301
there:0.003399181428063509
mb:0.016907354604779688
graphics:0.013032375704221192
your:0.00466641563770838
with:0.004332054642885536
compared:0.015269587503383784
hell:0.01264215157215517
ca:0.0076168466521937825
from:0.009406358382557507
work:0.007500268385149274
oliver:0.06464165235317648
name:0.010230490762334263
my:0.010557936237003348
to:0.0035731089335688205
most:0.0068762794961742145
ftp.cica.indiana.edu:0.02196695332256625
calls:0.014845517279475659
that:0.0012848319460536178
think:0.015997200305872837
nt:0.005289470753499545
could:0.005589293167874287
its:0.015317218933586446
me:0.008026582817811443
re:0.0013849648251043354
norton:0.019628909704633442
so:0.0037844836940182226
file:0.011253651416512626
this:0.003888758802751252
bus:0.029978093716708603
directory:0.015612886254927395
on:0.003755620927698444
you:0.0020585147755878587
am:0.006053097617412465
them:0.021716432170848014
card:0.034010092739047135
graphic:0.05853766026686278
came:0.01118046937954795
includes:0.01395464582011981
a:0.0036205662521943574
other:0.010217096206162303
viper:0.023082157369914105
controller:0.01559958748407284
million:0.014494486144930143
was:0.006558971363713968
owner:0.016599289765968916
as:0.00889015733574465
steve:0.0237566951617362
following:0.010138201011258376
said:0.008116684550605305
part:0.009071193008938064
local:0.022639877421599647
drive:0.010458532402985143
also:0.0054944338210354314
120:0.01878672510390877
ultra:0.019831348269588496
chip:0.011971867991863979
based:0.022377059347411427
third:0.01352883332099217
display:0.013652301544205473
are:0.0023811532651897243
no:0.004169428652527814
sake:0.018456622215405043
it:0.0012698349249628592
ftp:0.014049507212181761
have:0.003787041578871503
only:0.004939023104701062
maxtor:0.021613952656624306
site:0.01446505258310595
cica:0.02154721745105883
sites:0.01686975322898703
ati:0.03802644593487925
be:0.006427347301527459
comparison:0.01728500248128594
found:0.019811263001903685
get:0.00973610352067498
if:0.0024820385917163307
of:0.004320901901460859
what:0.003409044825913449
but:0.007392035802782336
result:0.013092599855598156
reading:0.012171563134677743
version:0.011557298546909574
least:0.017834536168196167
well:0.006232844111679055
windows:0.02034968282535927
they:0.0034552578685471988
now:0.006118201473623127
good:0.006000036486516664
over:0.00742941019451614
email:0.010162587625807188
in:0.0006580729699795944
system:0.033114404877667036
or:0.0024974498433447605
world:0.00933796551382473
unable:0.016945341642435944
and:0.002121096747171055
gets:0.012360430897751127
for:0.006024978942816185
subject:9.887761811858629e-05
p:0.01246714088752352
i:0.00848438698868422
info:0.010908872071823695
review:0.016006072165402913
program:0.010283827527348426
improving:0.022196121484485094
cost:0.012300028164262521
the:0.0053041878480711135
do:0.0026604367366907283
when:0.004843238677199022
vlb:0.040735518375313695
would:0.003454257948534726
can:0.0032020962682878275
drivers:0.07282043997186122
because:0.006536008514424126
isa:0.01787340950261522
maybe:0.009807085490156756
last:0.008074676118738881
comparisons:0.02123046866054712
1.2:0.019831348269588496
about:0.014592832301064763
interested:0.010655837834870074
is:0.0019901676065975107
deal:0.01220857404355744
cards:0.05829655502743855
night:0.012399388320681572
recent:0.02813403769248164
new:0.012770367147285532
disk:0.03889976648666535
2:0.00721633167442744
downloaded:0.021821691421998538
hear:0.01227289468244003
16:0.01291478793268571
first:0.006953906775522375
improvement:0.0188821047191029
under:0.008990086767057924
significant:0.015418251087051724
although:0.011702738728721327
very:0.006456453673272027
opinions:0.01057633390933349
by:0.0036682795363598745
included:0.01386215352037396
gibson:0.044236291789726975
giving:0.014049507212181761
s:0.013787472907911519
