there:0.050987721420952634
know:0.03427430904606394
tony:0.25681914319126153
adrian:0.18085821923182857
that:0.009636239595402133
nt:0.01983551532562329
need:0.053366721986034336
re:0.010387236188282514
you:0.01543886081690894
a:0.003879178127351097
it:0.009523761937221443
utility:0.1317564992971343
writes:0.018368399750487843
3.1:0.10893116619103381
what:0.025567836194350865
windows:0.1526226211901945
called:0.0745070693293537
in:0.009871094549693914
or:0.018730873825085703
and:0.005302741867927637
for:0.009037468414224276
subject:0.0007415821358893971
i:0.005302741867927637
do:0.01995327552518046
just:0.03262190454071905
is:0.014926257049481327
3.0:0.12840957159563077
article:0.02250924667546114
built-in:0.1570401572359613
s:0.0344686822697788
