since:0.008478057726286785
manager:0.0166393997453966
sleep:0.02086067574869876
at:0.003732902595145894
there:0.0038888940066828283
dos:0.0897343819384052
tried:0.013126542597613013
swap:0.022547931463864374
access:0.014204986728892057
with:0.017346574735283185
remove:0.018720976207795042
4:0.010526565695672369
from:0.007174341139238776
except:0.01366254838560938
to:0.0023359307798149673
corruption:0.024651477592313065
5.0:0.021493287195149865
look:0.020094646815897548
important:0.013315124122767892
pov:0.026077207408504645
basic:0.016184969532033897
normally:0.01803327010220671
been:0.006217120284836607
that:0.002939869707071837
problems:0.011623191677507513
memory:0.014328950110878454
like:0.0049349112860537
really:0.008268626030470025
through:0.010040098703495029
nt:0.012103026300380314
months:0.014388959915168729
could:0.006394530319178209
mainly:0.02039263763190084
permanent:0.02163941505985821
12:0.015056715388186594
norton:0.022456803475639955
started:0.013895105406732649
lost:0.0445488092074303
managers:0.023766923296287174
anyone:0.00708862182051437
file:0.012874940179908513
had:0.006501730871534471
error:0.031910662365864394
off:0.009251938338798095
directory:0.017862200376399982
possibly:0.016427769760158223
fix:0.036864736942207495
knowing:0.01819501829502463
them:0.012422535351968142
backup:0.021148602282209387
more:0.016162106260432955
a:0.004733912291004729
same:0.008229209112409375
test:0.015152118025337587
was:0.0037519539580567187
running:0.0384846662599157
ram:0.016482445204378172
stuff:0.01238735827404077
120:0.021493287195149865
ie:0.017727195706616152
success:0.018990712867845795
no:0.004770109051620805
meg:0.059182812669664554
d:0.015439357816754538
it:0.0029055544893217965
have:0.006498948472215926
ve:0.007733617368760315
app:0.04617501057498809
disks:0.018261486922853867
has:0.004511756245281996
32-bit:0.02352813966683323
open:0.014004070248954928
loading:0.02415239693275212
500:0.017668547183684494
screen:0.04752085385728027
quit:0.02131744087774837
be:0.002451107021768946
svga:0.02198788157781148
noticed:0.0171873009370946
common:0.014263254405217585
get:0.0055693812512335695
of:0.0008239007862955028
gotten:0.018261486922853867
3.1:0.01661661857151363
what:0.0039001784025280983
disappear:0.02443035151955641
hd:0.018892395507338747
ok:0.041489608353952524
fire:0.030482996924063307
using:0.018681530327499328
yep:0.024019970900955066
windows:0.13968850075034756
must:0.009819747574065667
up:0.011385257375867666
good:0.006864448522709742
title:0.05340499997774898
one:0.004166571643117044
in:0.0007528800927732647
pull:0.019152925522807732
or:0.002857251939419853
use:0.007045675965031136
better:0.00947549098009069
and:0.004853356963865973
few:0.00968486229197579
still:0.008651309670464184
for:0.0013785968767460763
subject:0.00011312269869499278
steven:0.05703195925231806
i:0.006471142618487964
tape:0.017582068914060736
special:0.029624671125974767
ol:0.024019970900955066
ago:0.012123583582053576
any:0.004335962992749184
program:0.011765395899932522
background:0.07503389831045107
the:0.0025550949491154338
do:0.006087439990733023
start:0.023877644812563666
got:0.018747066285004863
her:0.014010206800549695
an:0.0038046531294988846
problem:0.017928519424115122
just:0.009952445453100728
about:0.004173797374245218
doctor:0.01866534361693999
is:0.0011384433342824741
today:0.012030196041518445
done:0.011223150641613128
having:0.01108852284923882
else:0.010705729768381597
disk:0.014834656711016447
time:0.00669283885552421
window:0.014775392973835346
does:0.005163088196345446
run:0.022685037528706736
under:0.0102852687589222
although:0.013388726511672704
bad:0.011612716299772813
data:0.024867335789879767
while:0.009196366550332721
