some:0.04370458890873518
at:0.004711042847349898
there:0.004907909013781537
help:0.011444346096480196
all:0.010203934017607393
delete:0.028633497501544883
wang:0.032047875940165636
anyway:0.01630221294997077
corner:0.026211005240169668
your:0.00673760546620996
cut:0.01957762297221605
with:0.0031274191272168306
beautiful:0.027452247065287157
response:0.01877860188570771
56:0.0286939229307103
name:0.014771296822621663
my:0.0050813596862582956
to:0.002211014695332884
0:0.019599766248504985
256:0.02613515157711108
h:0.03778804411010178
that:0.0018551049488474696
think:0.015398374625973852
bit:0.014572642770351335
like:0.006228016382399322
could:0.008070102434898701
me:0.017383775621463284
need:0.01027380744116169
re:0.001999681833038345
so:0.005464227793502246
file:0.01624858760672946
this:0.008422178155691214
getting:0.014503751723126663
hi:0.016850356470665264
directory:0.022542669993745434
you:0.00891656132741265
tell:0.012887834511350013
used:0.010558628386828157
am:0.008739766613376287
etc:0.012418844852717836
them:0.007838819099102891
8:0.015788723435154365
came:0.016142923703090624
m:0.014639729541348364
more:0.006799032223640245
a:0.0029871746007409518
how:0.007034026723150397
screens:0.030653617852126853
same:0.01038552593865568
wondering:0.019245633699771638
was:0.004735086278617035
old:0.014159963007178202
said:0.011719277158627979
vga:0.024119687750030285
stuff:0.015633243597185143
cd:0.02386739598385333
files:0.0884842664328259
those:0.009924682643248984
begin:0.0446333634175456
d:0.019484964945208936
it:0.005500354487807038
not:0.0032241176929195983
cool:0.024549876868847076
ftp:0.020285384744861364
deleted:0.01878812565239752
have:0.005467920996231581
color:0.019757390944403132
hope:0.015446318383101846
site:0.020885370039778643
robert:0.01708776486073638
b:0.01636849383162696
has:0.011387962287556695
800x600:0.031716991428304205
writes:0.007072325037620987
kinda:0.027309636118323728
if:0.003583692084296306
of:0.0010397892276242707
looking:0.013871044627843014
what:0.004922150283404445
windows:0.029381894988486645
please:0.010242862871151094
called:0.014343606929715154
in:0.002850476500981131
logo:0.030313973971258797
or:0.00360594362408067
bmp:0.11967069861971494
use:0.01778373826467752
and:0.0030625461055410956
for:0.003479666983016834
enjoy:0.02472055923766154
subject:0.0002855289507167732
p:0.03600136940782192
animals:0.026249339408504498
i:0.01122933572031735
everybody:0.021807001602867318
body:0.018982251998259633
any:0.005472124418656723
will:0.006060456389857136
unfortunately:0.01968926781190351
bcstec.ca.boeing.com:0.03318456814328688
the:0.0012092294277899246
do:0.007682544587235258
uh:0.02750064190763966
original:0.016503572263494543
boring:0.03048109987235027
can:0.009246695106285703
maybe:0.014159963007178202
lower:0.021235201139281373
here:0.019255624659073753
different:0.013514528866370308
f:0.0397457884321588
is:0.004310256046374287
right:0.010373655581766308
somebody:0.02029801189023933
lot:0.01325429619393257
guess:0.016022231352597078
article:0.004333330910783962
convert:0.022880106926194327
u:0.0202226924256311
give:0.012637627119550836
john:0.014339456682255858
s:0.0033178410740963542
james:0.0370010028624281
share:0.02182379154941634
