mode:0.02363818053381624
corrupted:0.03699353580747515
uiuc.edu:0.0353841144342452
bradley:0.03410871783323902
true:0.01594617772936942
dos:0.13072416134236806
with:0.0036100455357379463
c:0.07981783010583209
followed:0.027437887043230122
from:0.0052257546569763925
upgraded:0.03436070545373443
to:0.0017014804445565812
corruption:0.035912029085098045
physics:0.02830620389193365
then:0.009851113270221007
day:0.01569940145532637
t:0.01590292009259532
that:0.010706932883780149
uxa.cso.uiuc.edu:0.02752225518353052
protection:0.02611094009958619
its:0.012764349111322038
file:0.01875608569418771
brad:0.05901858480856872
had:0.01894331463805105
error:0.023243568883777765
this:0.0032406323356260433
2.0:0.028949437086563293
programs:0.021809766199348865
recently:0.020427849164121537
serious:0.04440732885233914
am:0.02017699205804155
concerned:0.024851785447887832
a:0.004310197919278997
hard:0.016692798781330304
other:0.008514246838468584
crashes:0.035912029085098045
quick:0.1252862722281264
was:0.00546580946976164
running:0.01868802723732532
immediately:0.026066046523480754
drive:0.01743088733830857
compiler:0.06906919951199597
files:0.020427849164121537
caused:0.024582186290463996
it:0.002116391541604765
only:0.008231705174501768
has:0.019718045812713907
anybody:0.01876293299328824
which:0.007974644027885912
found:0.016509385834919735
were:0.009575946280693203
dept:0.025329058582356782
if:0.004136730986193884
of:0.004801002112734288
gotten:0.02660315378884884
3.1:0.04841385164045947
what:0.0056817413765224145
using:0.013607534436079757
windows:0.0678322760845309
one:0.01213964083673608
in:0.0032903648498979715
2.5:0.09011790111297144
system:0.013797668699027932
world:0.015563275856374547
and:0.003535161245285091
subject:0.0001647960301976438
outside:0.02225170233013287
i:0.009427096654093576
pretty:0.03553111181382255
the:0.00279167781477427
do:0.008868122455635761
see:0.010922134329698617
when:0.008072064461998369
got:0.013655270503892432
protected:0.029021215098878842
maybe:0.01634514248359459
thought:0.01657152101970193
problem:0.026118090025254125
cache:0.029954739603347512
about:0.006080346792110318
15:0.020628461308522493
general:0.018200187426466365
is:0.004975419016493776
else:0.015596001390975658
disk:0.06483294414444224
window:0.04304929310895236
type:0.020003163644022815
illinois:0.029748270874535535
run:0.0165236693110333
somehow:0.026247613716112193
nothing:0.015770716058647584
under:0.014983477945096538
de:0.024944333500888705
u:0.023343478293784047
fault:0.02732716049578156
teach:0.030344732823233505
by:0.012227598454532914
while:0.0133971759622131
