manager:0.08924768954349085
know:0.02804261649223413
tony:0.3151871302801846
to:0.009396812455164756
me:0.024627015463739653
michael:0.06828852731076566
starting:0.08912549961084584
tell:0.05477329667323756
how:0.02989461357338919
forever:0.10725310052540396
it:0.031168675430906543
application:0.16774398671895133
restore:0.12848740137487744
g:0.16068190731870466
if:0.015230691358259302
please:0.043532167202392155
ended:0.11290688816636094
and:0.004338606982849885
subject:0.0006067490202731432
possible:0.17570261065667603
program:0.06310530528145625
the:0.0017130750227023932
do:0.016325407247874926
when:0.059439747401988
hello:0.08793842706026754
an:0.02040677587640311
jordan:0.12498397683334884
lab:0.09794797531348894
is:0.01831858819709072
23:0.0984016285535466
