mode:0.061764278169003727
some:0.01883123992150571
simply:0.049332957094893375
at:0.014209113104103726
folks:0.05972928790798029
andrew:0.18219958834703218
your:0.02032148745453649
from:0.013654391200486702
to:0.004445803742228486
ftp.cica.indiana.edu:0.0956625386627885
that:0.0055952358941044646
module:0.18188412203645377
on:0.008177561697407902
set:0.04273249329235357
you:0.017928999658345865
them:0.02364288986342324
more:0.020506758480979447
sure:0.03519425838966457
other:0.022246903029546947
was:0.014281631195183638
jumper:0.09094206101822688
widely:0.07928785028006174
talked:0.07952331478685452
are:0.010369538412922992
hey:0.062163532026309185
it:0.00552992628612858
ftp:0.06118333785950122
have:0.008245977631413756
binary:0.08654457400069074
after:0.0933490494031428
connection:0.06944784089520155
be:0.009330020276410828
if:0.010808877738119504
what:0.014845840370913407
please:0.030893796079117013
in:0.002865801643459524
i:0.0030790114071837893
ago:0.09229566856014981
any:0.016504633327238828
the:0.003647191983817998
planet:0.07630826797039499
modules:0.095988388780813
just:0.01894175102364332
here:0.02903872428424832
about:0.01588735774712696
time:0.02547596725651151
too:0.03149222367523381
dark:0.22316089285482804
before:0.03429345592294587
s:0.010007036788000296
