there:0.005596213326689923
dos:0.043043321417609
thanks:0.012154796615342458
fax:0.018650264267581644
your:0.02304754064965724
with:0.007132041180360334
work:0.024696005658418337
oliver:0.07094815502177906
name:0.016842881133111286
my:0.011587978796710991
to:0.0050421920491127955
80:0.02436988797233725
100:0.020600683529457754
mail:0.018684850639243026
that:0.0021152721063077856
quite:0.016196337695789032
nt:0.004354137510502674
could:0.01840377018690314
me:0.013214496102494448
need:0.023429292579234588
re:0.0022801250169400644
so:0.0062305524230787815
phone:0.01791065320859493
routines:0.03187792613219374
something:0.012138178763192212
these:0.010101438860359406
you:0.013556072912407851
kenneth:0.029974675105877
tell:0.014695274717210079
card:0.018664075283623426
a:0.0034061076240155977
how:0.016041012161330786
ms-windows:0.03353228646748384
paradise:0.03708475784650897
as:0.004878744879372064
old:0.016145811477697097
driver:0.04487543412788283
compatible:0.054945881985606286
video:0.021315312151615994
files:0.02017872905236396
hey:0.02350084747336079
works:0.018141012155797196
49:0.06067763356177378
it:0.002090581888658366
not:0.003676280540097347
application:0.02250224212083493
have:0.01558690893742844
university:0.01433134208291862
completely:0.04386577606145696
exists:0.02275386014035582
mouse:0.15899751867906697
has:0.006492527279796043
netcom.com:0.0392565265209895
be:0.0035272027874236056
which:0.01575478454289656
perfectly:0.027242817041688218
writes:0.008064175500214175
applications:0.023782323337770316
get:0.008014475459092209
3.1:0.04782343881557582
never:0.01343865384671866
well:0.01026138969605698
windows:0.050253789904088436
please:0.011679361932349116
now:0.01007264876755027
email:0.01673108938395086
in:0.0075838897150087405
or:0.008223310459793723
use:0.030416698678305147
and:0.005820082537969357
for:0.001983834529951671
subject:0.0001627863225123067
steven:0.02735679346249403
i:0.003492049522781614
we:0.008217950644597379
possible:0.015713241603442573
any:0.00623955650176102
the:0.00229802746947882
do:0.004379987310405468
can:0.005271743856327521
drivers:0.023977461941954305
clipper:0.021792708041553484
simple:0.04023400679214928
an:0.005474988649766688
note:0.018059079871210353
efforts:0.029589437900867665
is:0.003276495449886145
31:0.028422663733103343
else:0.015405806252061323
window:0.0425243017295749
somebody:0.023144684289480216
run:0.016322161148703627
runs:0.022876771466117895
loaded:0.05691403256033175
diamond:0.03052938107054607
article:0.0049410541482719575
very:0.01062952738892346
before:0.012964599190381978
iv:0.03218751348203169
everything:0.018839405389775934
