motorola:0.2564887948918438
re:0.019681079093587923
uk:0.22745470971888349
phone:0.15459721716892466
support:0.14415559523860558
international:0.2087034010916523
scale:0.2546923208723986
kevin:0.47426971819154895
windows:0.1445898516538685
in:0.00935156325760476
subject:0.0014051029943167523
grey:0.28875745135954956
44:0.23919910715647347
marshall:0.6222394494522849
operational:0.32010001509618263
e-mail:0.1447208303501193
while:0.11422855294097485
