another:0.010172042799947609
some:0.005355673739143827
read:0.010399096614210651
large:0.0137341014673742
at:0.004041123910341427
out:0.00540448210587367
circuit:0.021230113050055264
all:0.004376457938744455
story:0.016491089578039467
small:0.013709843579201887
means:0.013002730368985105
take:0.009751142799705062
from:0.00776671793055207
longer:0.015569775267771448
to:0.0025288057983318
remember:0.03829299132827384
everyone:0.014025287878500475
look:0.010876918918696838
clock:0.019679545034859705
eugene:0.028842900646934035
100:0.015497761921243448
that:0.014321750591331612
think:0.006604348750130988
like:0.010684762050538288
its:0.00948543374327601
re:0.0017153234072393145
so:0.004687204575160184
quantities:0.026939488481508768
mean:0.012125789251513122
reduced:0.04586159005561873
best:0.011170532476887313
generation:0.021280246401120355
personally:0.017976351399571107
on:0.006977185668430596
set:0.03645983372650351
you:0.007648609945991585
books:0.016746504188285143
performance:0.01738995978714044
am:0.007496955764685164
them:0.006724124640056151
3:0.010740669470814769
why:0.008163865046578012
more:0.011664394732300238
a:0.004484187560057232
same:0.017817370188335895
was:0.0040617483215659896
as:0.00734049688272494
modes:0.0227885462354123
also:0.0068050327141264515
addressing:0.02471905094618131
hmm:0.02275366275199386
computer:0.02459360463454418
are:0.011796539111949092
complex:0.02062382051286039
brian:0.017137970251278802
it:0.0015727313290824403
not:0.016593853447044907
have:0.0046903725976848885
always:0.012187872009168384
arguing:0.023426155752874028
has:0.004884286577461244
sets:0.021814238840773617
usually:0.0151272969825074
be:0.0026534920052177584
pentium:0.08819880547755808
writes:0.009099941160792142
if:0.003074084494327566
even:0.007702566274156082
costly:0.027690082168581258
intel:0.046381730823293464
but:0.00915527370069372
reading:0.030149743544614593
years:0.01022832762835043
order:0.012863838812534367
they:0.004279447818842861
authority:0.019403542642811758
in:0.004075222520515837
cpu:0.020515882451345734
clearly:0.01667206594690094
or:0.0030931718243260796
rather:0.011804970884921391
better:0.010257870969272493
and:0.0017513642866549995
risc:0.24654630515834072
for:0.0014924259766608899
subject:0.00012246310500925824
i:0.004378410716637499
away:0.012701759570292067
rate:0.017819613346290144
any:0.004693978285728474
information:0.011187253598549381
will:0.010397296742231967
than:0.0065623912028415655
the:0.0044948573990172885
do:0.0032950363252591593
can:0.007931798095758839
because:0.008095056416947312
did:0.007540876346068649
linux:0.0244598206238724
maybe:0.012146390285973965
increase:0.019287824464161867
bye:0.028006563230448003
friend:0.015932107429783515
an:0.004118798800741912
instruction:0.1267342268115762
just:0.005387103502137092
about:0.022592114227565862
dear:0.022046549541777084
is:0.006162216213088622
architecture:0.025864255885917738
either:0.011484232601437423
win:0.01554805231022175
itself:0.015426861654102661
lee:0.01957408852924182
2:0.008937658495850499
first:0.008612636832068997
sold:0.018837284885513034
supposed:0.016737133079891563
article:0.011151369912613776
difference:0.014711714893735718
high:0.012831760668080373
reduce:0.02091695721918828
s:0.005692075971156132
