above:0.03834726802997951
programming:0.06179970826990608
send:0.04131474818135525
valuable:0.07322126061098114
thanks:0.028075868238255818
your:0.017745524256074122
custom:0.07510198445076313
post:0.0363743352736786
to:0.003882251155185439
visual:0.0721774863552949
basic:0.05379792689521127
mail:0.043159373307547266
that:0.004885980639922209
memory:0.047628622903765
like:0.016403367091671454
best:0.034298254647344144
hi:0.044380516338231056
management:0.0638013299081584
on:0.028563877478269856
books:0.10283768769144115
am:0.023018821925371347
etc:0.032708788555749796
3:0.032978393586445345
a:0.0039338144390039295
following:0.0385537221554896
developing:0.06944289460260536
advance:0.044556355164459854
bios:0.13593860748467912
are:0.009055089881707402
have:0.007200712861234548
of:0.0027385997967005445
286:0.23347657559090373
opinion:0.046610022036446326
please:0.026977681083172604
topics:0.1505152318926977
in:0.01001012405039383
and:0.005377428373109717
subject:0.0003760134773523704
i:0.008066142559664573
everybody:0.057435342249805475
info:0.04148444309003377
386:0.13293342036951478
controls:0.07018715490365297
will:0.015962047111313864
suggestions:0.0557323432545194
the:0.004246495830924242
would:0.013135910508512339
interested:0.040522200217111545
2:0.027442388057681816
1:0.027584843548235333
summary:0.06058925151214939
