out:0.03184262429947189
there:0.024804837448031015
thanks:0.05387531472746387
from:0.02288033120081556
encountered:0.1508221763643167
problems:0.07413711448356144
like:0.03147673144618036
anyone:0.04521391215247003
these:0.044773945218890346
on:0.013702941222683512
performance:0.10245976307017882
card:0.16545450521698604
a:0.0037743354752605273
also:0.04009451707242072
model:0.1977811627883
have:0.013817584139125753
be:0.01563408803074247
even:0.04538268777746016
designs:0.294521689072897
they:0.025214043905614696
called:0.0724933647528847
one:0.02657597048042223
or:0.01822463399197528
use:0.04493998723641481
and:0.005159424520145809
appreciated:0.0914800572750336
info:0.07960528268628102
any:0.027656412602400197
will:0.030629874186575257
the:0.004074340594535422
compatibility:0.1540531263818784
is:0.007261422348396322
does:0.03293213011723041
