some:0.014594210939166928
manager:0.09817245849783995
out:0.014727213738505749
know:0.015423439070728774
help:0.05350231800104493
all:0.011925847883078641
access:0.04190471085023157
with:0.007310342209869342
to:0.008613744750567693
signature:0.06248641645078053
like:0.014557988293858416
avoid:0.04833436866528874
so:0.012772632467311501
two:0.023309867908166394
unix:0.04953209270150416
set:0.06623536460314804
you:0.0069474873676090235
them:0.01832323964415301
a:0.0017456301573079939
files:0.041366394557346114
d:0.04554610555942589
it:0.012857078615248948
public:0.03704680747575742
list:0.03639535746151975
get:0.01642967469113903
key:0.0400730296404572
but:0.008316040278130129
groups:0.0459973199810799
up:0.03358650925880962
in:0.002220996273681131
rather:0.032168545661410794
and:0.00715870152170231
usenet:0.0510524828580469
subject:0.00033371196115022873
i:0.009544935362269746
back:0.02632945900084422
possible:0.03221214528705728
stupid:0.04827107739083191
any:0.012791090828610092
will:0.014166316811291055
program:0.10412375371440281
the:0.004710956312431581
do:0.008978973986331209
can:0.021614149810942836
home:0.036617038148266855
return:0.04612959634771161
is:0.0067168156722665975
gerry:0.14827693492732216
questions:0.0378022042155689
2:0.024355119401192612
1:0.024481548649058858
change:0.037150113848881096
give:0.029540453391950085
task:0.06278523546144996
icons:0.07294709021610703
