since:0.011240570917998209
fast:0.03912132499941615
50:0.01938867016364287
with:0.013142188242461737
much:0.009815712750336693
c:0.014528638738364942
compared:0.02316173385344731
ca:0.011553643798271467
mentioned:0.019748110217931675
to:0.0023228075731867933
within:0.018182304586083244
ink:0.03443555244840857
look:0.01332117036110062
that:0.0019489023900813303
problems:0.030821047594289584
really:0.021925794867313775
nt:0.008023354513735264
me:0.012175153712410614
re:0.002100789341450396
sample:0.02647866116628067
had:0.008620272391472669
this:0.002949339541412466
bitnet:0.02741716725989396
on:0.0028483641867375837
dry:0.05809293896695648
identical:0.02745659182539198
deskjet:0.10646190805457649
a:0.003922764398444929
how:0.014779359519428362
factor:0.02542123825099335
other:0.007748921279954555
was:0.009949001506757142
idea:0.015575147726184024
no:0.006324414248216347
internet:0.016047943500643855
it:0.00963077049831382
not:0.006774269759280504
couple:0.017730290981205158
have:0.00574438891177138
being:0.010931482752388472
probably:0.01341136918555735
ve:0.010253560106895697
uucp:0.023784430378292545
bubblejet:0.07398880746628708
buy:0.016892365872157113
kind:0.015480487061590224
between:0.013049808123856211
second:0.015447729082316104
quality:0.021596426070642414
500:0.046851428487073486
knew:0.02180952282526831
which:0.007257822092795044
comparison:0.026218823988467435
printers:0.03176093067693599
writes:0.0037149572529076537
po:0.029315323535037987
end:0.03038464497275853
of:0.004369451361027835
interface:0.02372303110563979
print:0.024698668712666984
seems:0.013238691513376843
they:0.00524112148599856
canon:0.06270135421887323
good:0.01820235788044381
depending:0.025285203093012482
box:0.01780078095902588
postscript:0.028263573298587724
in:0.002994601717322873
compare:0.02421185906625569
and:0.005362323237230194
for:0.007311210402518516
subject:0.00014998290388774325
until:0.016073964749239573
300:0.023368093456080628
i:0.00857971717956831
ago:0.016073964749239573
any:0.005748804866791052
pretty:0.016168652005166442
the:0.006351851207772918
do:0.004035493926440993
moore:0.06352186135387199
got:0.012427830458598731
can:0.004857112317065805
may:0.0104551995923586
bought:0.020579122184654273
an:0.005044371564953577
just:0.013195377117594224
bj:0.03657806681093162
irvine:0.030610400268812326
is:0.010565777461992401
sean:0.02878989624284235
days:0.016731756317697598
printer:0.048830698620537426
paper:0.021666564029419074
slow:0.02307038261259461
almost:0.016977488372272854
very:0.009793497144850827
going:0.012234919573312823
ics.uci.edu:0.08016910338672834
hp:0.09720556193385
mine:0.01834403957752801
giving:0.021311050265668964
