some:0.008648421297284105
manager:0.08726440755363551
at:0.006525666758921711
know:0.027419447236851153
anyway:0.022581583864033587
allows:0.030612395445527137
with:0.004332054642885536
my:0.014077248316004464
corp:0.03428270107342257
to:0.007146217867137641
sutherland:0.0439339066451325
ftp.cica.indiana.edu:0.0439339066451325
software:0.020857673248009308
bruce:0.06824679169912717
mail:0.022698633369154488
engineer:0.033026706220236624
technical:0.028420349947550372
like:0.017253912051980343
nt:0.005289470753499545
need:0.01423112586294249
re:0.0055398593004173415
avoid:0.028642588838689625
so:0.007568967388036445
two:0.013813255056691197
on:0.003755620927698444
set:0.03925058643149513
you:0.008234059102351435
sam:0.036521818642851714
them:0.010858216085424007
support:0.020288565255803748
sure:0.016163289038216323
a:0.004137790002507837
computer:0.019857058556780115
d:0.02699028477595608
it:0.020317358799405747
dsd.es.com:0.048228858461820956
try:0.018047330906247355
list:0.021567619236456146
be:0.004284898201018306
found:0.019811263001903685
writes:0.004898239933463425
get:0.00973610352067498
of:0.0014403006338202864
piece:0.031923784546618615
key:0.02374698052767834
but:0.004928023868521558
never:0.01632547578416193
groups:0.0272576710998992
up:0.019903116597813107
good:0.012000072973033328
in:0.003948437819877566
rather:0.019062841873428618
use:0.012316885390721097
and:0.002828128996228073
for:0.002409991577126474
subject:0.00019775523623717257
i:0.009898451486798255
away:0.020510989528323486
back:0.015602642370870648
possible:0.019088678688626536
will:0.008394854406690995
program:0.08227062021878741
the:0.00279167781477427
do:0.010641746946762913
when:0.009686477354398045
can:0.019212577609726965
return:0.027336057094940216
an:0.0066510973226795314
f:0.02752763865486554
is:0.0019901676065975107
gerry:0.0439339066451325
right:0.014369434028076293
questions:0.022401306201818606
lot:0.018359654727891785
evans:0.04210531347526934
2:0.02886532669770976
1:0.029015168769254942
change:0.022014882280818427
article:0.006002465780122971
give:0.03501090772379269
registered:0.03829830791154908
going:0.01613196802999765
task:0.03720606545863701
enhancement:0.04796892275951525
icons:0.04322790531324861
