above:0.024094301151580046
at:0.00779615055269408
there:0.008121937925461481
all:0.008443078147312311
versions:0.03929577894379428
with:0.010350927022823846
option:0.037085055064180375
microsoft:0.03769561144902066
indicated:0.046442305773331354
to:0.002439290548833329
software:0.024918459190099614
engineer:0.03945668442240659
that:0.003069952437473246
think:0.012741132986978364
protection:0.03743338315161914
r:0.027435573156894957
need:0.01700178753537377
re:0.00330920798918735
anyone:0.014804555306560984
had:0.013578836156479071
this:0.004645862286472734
tools:0.03937586598379355
on:0.008973607526359114
you:0.004918575127510813
am:0.01446315359912713
card:0.05417536896485384
shadow:0.047484633522502886
m:0.012113404532000637
more:0.011251495803723238
a:0.0024716887183122037
same:0.01718666681883728
uunet:0.03342471072935651
quick:0.035922789559215004
was:0.007835939239835272
senior:0.04690093469248698
resolutions:0.050873945489371075
also:0.013128293200704128
exact:0.037795985578259014
setup:0.03905977675722648
fixes:0.051327868448552944
it:0.003034118847256389
have:0.009048683418542529
only:0.011801205648400766
has:0.009422782954748238
call:0.04702577164599482
be:0.005119126169358153
writes:0.0058518795665271
get:0.011631628099921435
of:0.001720713146599457
failure:0.04202964780278116
menu:0.04559073026806982
version:0.02761478413863349
latest:0.03687032389604205
using:0.019508146713671865
windows:0.04862313595439825
errors:0.038000215200228435
in:0.006289546969716477
or:0.005967358032770666
and:0.006757476362668847
word:0.02715819925808335
for:0.002879193477098
subject:0.00023625625568157783
i:0.006757476362668847
experienced:0.09038764520577942
later:0.028277982557147818
the:0.003335190309686075
waiting:0.03871717045474249
ss:0.048552137839216296
drivers:0.10439744491541166
24x:0.1620910827673716
may:0.01646925245521974
problem:0.03744363348753246
general:0.026092304098119922
is:0.002377633866289061
new:0.015256633317553512
dale:0.2135318834383234
dave:0.031028979392695506
diamond:0.08861625655875319
article:0.007171087436430097
replaced:0.03828006642527721
fault:0.03917699115324436
