maintaining:0.13386160081972234
such:0.048075430086694966
several:0.07046128430168491
software:0.07039464721203141
really:0.04878489357977315
anyone:0.04182286874103478
on:0.012675220630982248
a:0.0034912603146159877
lists:0.11842887321551131
stuff:0.07308541381684056
international:0.1982682310370697
are:0.016072784540030638
imaging:0.27002245730153585
have:0.012781265328691322
systems:0.07501042800706527
domain:0.11158007622451434
shareware:0.12400746199836654
netcom.com:0.08047587936802848
public:0.07409361495151484
list:0.145581429846079
msdos:0.14589418043221405
of:0.009722029278286934
but:0.016632080556260257
windows:0.2060405386067626
they:0.023322990612693592
david:0.06241113098361235
and:0.004772467681134873
for:0.00813372157280185
subject:0.0006674239223004575
i:0.004772467681134873
favorite:0.24162325542123886
is:0.0067168156722665975
light:0.08730536714515734
