mode:0.05549833690548161
out:0.01707503042145594
there:0.013301144718509383
help:0.031015836522344884
dos:0.10230586539837501
tried:0.04489658047879233
thanks:0.028889661520524103
own:0.0328476903702608
text:0.05241396714831257
with:0.008475759083906484
ca:0.029805052117280018
my:0.013771221178700018
to:0.003994780174176322
nt:0.0310468935531495
me:0.01570418377397891
this:0.007608441135817667
on:0.007347953988975216
am:0.023686034155092253
etc:0.03365686938345269
purchased:0.06937470430685108
a:0.0040478380459315795
avail:0.0851131665067958
jason:0.13217091808066797
advance:0.045847843719951445
no:0.016315155596847968
have:0.00740942917605294
ve:0.026451213029383105
settings:0.07291182677026979
doing:0.03885076674152631
get:0.038097796385249925
3.1:0.05683365192575677
what:0.013339740623139583
but:0.009641785829716091
in:0.007725204430195238
and:0.00276664793109268
subject:0.00038691241872490284
i:0.013833239655463401
the:0.0010923956666508015
wrong:0.03831046459173711
around:0.034307165697878776
can:0.01252994191938715
apps:0.2299662396052388
did:0.02382479773105747
problem:0.03066036655138528
just:0.03404024821640249
win:0.04912283193664263
window:0.10107225338623599
somebody:0.05501055396340225
their:0.021937443747561073
run:0.07758940372137377
under:0.03517860039283535
