above:0.022501289505194588
at:0.0072807025822680255
there:0.007584950294026012
technology:0.027831964345594568
all:0.007884858104514803
fax:0.02527804413126768
versions:0.036697710914452515
with:0.009666568211397476
option:0.03463315059712713
microsoft:0.03520333961768045
indicated:0.0433717401023673
to:0.0022780151406460013
that:0.002866980375491544
think:0.011898744029161613
protection:0.034958448728371595
need:0.015877702409068068
re:0.003090417378331988
anyone:0.013825741732573482
voice:0.02997102728459643
had:0.012681061865141613
this:0.004338697837780322
tools:0.036772502943542736
on:0.008380311160979998
mn:0.04737377304419605
you:0.004593380077758032
am:0.013506912038854261
inc:0.030256326411606624
card:0.050593526388665155
shadow:0.04434515362018865
m:0.01131251828195101
more:0.010507595254716742
a:0.0023082712823907356
same:0.01605035826883151
quick:0.03354772909249005
was:0.007317860612408146
resolutions:0.04751037884544572
steve:0.05301080738569234
avenue:0.04397778368158672
also:0.012260306873384847
exact:0.03529707744085346
setup:0.0364773121782363
fixes:0.047934290369309775
are:0.005313317203315913
it:0.002833515948264231
have:0.008450423357812445
only:0.011020960646853609
has:0.008799789040384719
call:0.0439166297189869
be:0.004780671546590672
writes:0.010929956876323345
get:0.010862594837116714
of:0.0016069469881466005
failure:0.03925082811334108
menu:0.04257646710985033
version:0.051578026572984874
latest:0.034432616531014475
using:0.018218351889627445
windows:0.04540838316402482
errors:0.035487804277899285
in:0.007342136441921094
and:0.006310701065963469
word:0.025362615836061312
for:0.0026888335777857353
subject:0.00022063600737205204
i:0.006310701065963469
experienced:0.08441160254754608
later:0.026408363875683502
the:0.0031146818594588966
waiting:0.03615735753211489
ss:0.04534207913910282
drivers:0.1299935126770415
24x:0.15137431696457018
may:0.015380376259833314
problem:0.03496802135612536
current:0.026134262179593536
general:0.024367193083368193
is:0.0022204349329806934
hills:0.05045810565485673
new:0.014247930288293777
dale:0.07976562918522494
dave:0.028977476622930515
diamond:0.0827573305052819
article:0.01339393190605952
replaced:0.03574915294261426
fault:0.03658677686212077
north:0.03317483293314732
