read:0.034876970183044954
stephen:0.06264091199063104
help:0.13169801354103366
thanks:0.030667486844864048
with:0.008997344258300729
response:0.05402459311734373
work:0.031154960984466212
to:0.010601532000698698
that:0.0053369942374534894
nt:0.0109858238726529
along:0.053753252479095924
need:0.0295569537153421
so:0.01572016303669108
anyone:0.02573714999448294
file:0.09349187330641259
this:0.024229958694065495
these:0.02548670727844527
you:0.008550753683211105
am:0.025143636256944088
posted:0.052513552684336856
a:0.004296935771835062
steve:0.04934082841283672
files:0.05091248560904137
try:0.0374829180360522
command:0.06332696392205901
has:0.016381145752100784
found:0.04114646931164612
get:0.02022113808140188
trying:0.04148197266259071
gotten:0.0663032448275925
available:0.04155482812021893
separate:0.06496460825852128
windows:0.08452945173610775
in:0.0027335338752998537
feature:0.07269394754006582
or:0.010374022426201314
use:0.025581223503805355
and:0.005873806376781383
for:0.005005367121724215
subject:0.00041072241372335844
i:0.008810709565172074
group:0.04149409130471762
any:0.015742881019827806
the:0.0023192400307355475
apps:0.08137266939877681
did:0.025290939129891776
here:0.02769847547112917
emacs:0.09962776265437782
convert:0.065824307618436
