thanks:0.04746158678371817
from:0.020156482248337514
my:0.022624149079292888
256:0.11636365106951838
so:0.02432882374726
anyone:0.03983130356289027
had:0.03653353537338417
hi:0.07502420619081916
on:0.01207163869617357
wondering:0.08568889290136421
was:0.021082407954794893
advance:0.07532145753992023
are:0.015307413847648227
model:0.08711789313294166
not:0.014355000204189639
whether:0.06803472821147201
knew:0.09243083483089903
down:0.05629441849888471
if:0.03191192475063854
windows:0.06540969479579765
net:0.07893196392615434
one:0.02341216447084815
in:0.004230469092725964
or:0.016055034707216316
for:0.015492802995813047
subject:0.0006356418307623404
i:0.004545207315366545
the:0.008973250118917296
ross:0.3874471281946025
drivers:0.28087883989146467
is:0.006396967306920569
somewhere:0.09236954902149015
