since:0.024701501523502235
manager:0.048480226418686385
read:0.027987692122196563
ability:0.04948505759825219
go:0.048035364241830296
out:0.014545396284943949
there:0.011330604760211697
all:0.011778615193164088
dos:0.08714944089491204
thanks:0.02460971166563164
with:0.007220091071475893
6.0:0.06583013451857016
often:0.03836198010220625
my:0.011731040263337052
to:0.0034029608891131624
5.0:0.06262241701302923
t:0.03180584018519064
memory:0.041748546002065616
nt:0.008815784589165907
responses:0.054764551000752025
this:0.0064812646712520865
you:0.006861715918626195
m:0.03379789412632277
a:0.0034481583354231977
running:0.07475210894930127
question:0.053900890946842084
advance:0.03905557057625493
lose:0.051910441150460326
no:0.013898095508426047
it:0.00423278308320953
not:0.007443333439209443
have:0.006311735964785838
get:0.016226839201124967
if:0.008273461972387769
ok:0.040294434450752245
using:0.027215068872159513
easy:0.04090964894146676
windows:0.10174841412679635
please:0.02364710317166981
in:0.002193576566598648
or:0.0083248328111492
for:0.008033305257088246
subject:0.0003295920603952876
i:0.01178387081761697
386:0.05826094349528116
any:0.012633176127022312
the:0.0018611185431828467
do:0.017736244911271522
when:0.032288257847993475
simple:0.04073072292538569
problem:0.026118090025254125
here:0.022227171674362913
3.0:0.05707092070916923
expanded:0.07036994661888273
heavy:0.055330965886563055
too:0.024105158862524647
nice:0.039009129095737755
under:0.05993391178038615
e-mail:0.03394686144015144
diamond:0.061812574019377224
s:0.015319414342123909
news:0.03788736439707924
