pc:0.10751103425799623
know:0.039802423408332316
dos:0.11385652762077218
thanks:0.06430279499729558
your:0.04064297490907298
with:0.01886539925127572
much:0.05636118934064294
from:0.027308782400973404
software:0.18166360570846815
and/or:0.13035425894012806
reply:0.11584504901145626
on:0.016355123394815804
a:0.004504852018859339
adam:0.14982591520178087
lets:0.14947142740901972
display:0.2378142849635792
files:0.10675198595444159
hal:0.18944543512802936
be:0.018660040552821656
which:0.04167394621024251
of:0.006272276953733505
windows:0.08861958649753231
one:0.06343941340487887
appreciated:0.10918587481213686
any:0.06601853330895531
would:0.030085472454979872
does:0.03930609078508146
