know:0.01958531945489368
thanks:0.03164105785581211
where:0.02932471108307558
aug:0.10392481803994767
from:0.013437654832225008
brendan:0.10173195552437915
updated:0.16325777894376559
me:0.017199820323881662
need:0.030495269706305336
re:0.005935563536161437
hi:0.0500161374605461
you:0.008822206181090822
them:0.023267605897337156
card:0.09717169354013465
a:0.0044333464312583965
same:0.030826878579819243
driver:0.058409295214069706
let:0.03658948798020357
vga:0.07159335887707402
video:0.055487479251825754
ftp:0.06021217376649326
have:0.01623017819516358
92:0.06957960140280753
site:0.06199308249902549
get:0.020863078972874958
if:0.010637308250212845
3.1:0.06224638068059075
version:0.04953127948675531
latest:0.06613248571829763
windows:0.043606463197198436
please:0.03040341836357547
find:0.03359439266148238
in:0.008460938185451928
better:0.03549549002065719
and:0.003030138210244364
for:0.010328535330542031
subject:0.0004237612205082269
i:0.012120552840977456
the:0.003589300047566919
when:0.020756737187995807
can:0.013723269721233545
drivers:0.12483503995176208
an:0.014252351405741851
is:0.004264644871280379
psuvm.psu.edu:0.07934783041368955
article:0.012862426671692078
checked:0.07144073254851147
says:0.04065121816551695
trident:0.19700045215221101
