out:0.009501428218390805
there:0.00740144343207377
help:0.03451762451680317
thanks:0.016075698749323894
suggested:0.03541985442705913
with:0.01414904943845679
someone:0.017769823505346935
from:0.006827195600243351
work:0.0326624590966178
my:0.015326036473069375
to:0.005557254677785608
ftp.cica.indiana.edu:0.04783126933139425
that:0.016785707682313394
control:0.024593824757588898
so:0.008240408043426775
anyone:0.013491247980978961
directory:0.03399580071637416
set:0.021366246646176784
machine:0.026232252857454407
card:0.02468474472995356
m:0.02207765664703342
a:0.004504852018859339
how:0.010607766106686485
as:0.0064525335501372455
idea:0.022357873348877066
panel:0.03976165739342726
computer:0.021618571815849315
setup:0.0355947965610209
are:0.005184769206461496
terry:0.08729489683351159
it:0.00829488942919287
not:0.0048621774885158455
have:0.008245977631413756
try:0.039296607618441816
machines:0.03182214947487332
ati:0.04139975968716692
device:0.06474443201469074
be:0.004665010138205414
utility:0.03825188689271641
stereo:0.041620719156425914
get:0.010599790123315501
of:0.0015680692384333762
trying:0.043489164888199934
what:0.007422920185456703
latest:0.033599569356877024
windows:0.044309793248766154
up:0.010834357825422457
called:0.021631084644005916
one:0.007929926675609858
in:0.002865801643459524
installed:0.09690411182310708
use:0.013409512320543129
subject:0.00021529803945176046
however:0.019331442775781558
i:0.009237034221551367
appreciated:0.027296468703034215
fx:0.0540935982789668
cae.wisc.edu:0.04833026452266915
any:0.016504633327238828
will:0.009139559233091003
program:0.06717661529961472
the:0.0048629226450906645
do:0.005792886442794328
when:0.01054576163583658
hello:0.031203957989127187
around:0.01909027768672287
would:0.007521368113744968
drivers:0.0634242541690404
reports:0.06377778135787342
an:0.007241114020659167
is:0.006500144198967675
downloaded:0.04751497325757746
run:0.02158737442247899
midi:0.10286071773744042
s:0.005003518394000148
