keys:0.047214995242247
ability:0.048292646571788285
click:0.06829774858584814
at:0.0106140362946317
reserve:0.0637255844689216
dos:0.0850494543673238
nichols:0.06535252764728235
with:0.01409222594673608
to:0.0033209618315441706
5.0:0.06111344310910082
then:0.019227474093684378
t:0.03103943439759569
that:0.004179573800415383
along:0.04209592061615946
re:0.004505307262387597
file:0.03660826364407722
this:0.012650179237865518
bell:0.05377353071060932
on:0.006108540063123976
you:0.006696373366370143
m:0.016491743519470747
a:0.001682535091381199
running:0.07295085331196872
question:0.026301037148760295
button:0.057295229726369266
lose:0.050659587146834786
section:0.04951517018823238
no:0.013563201640753132
not:0.007263976006939336
application:0.088924523079926
have:0.0061596459415379865
being:0.023443420842471665
open:0.03981880215365498
be:0.006969412736596041
writes:0.00796701675924774
key:0.038624606882368386
windows:0.13239552681559044
up:0.016186269522317887
bob:0.044385602578663856
in:0.00428143859986724
rather:0.031005827143528474
and:0.0022999844246433124
for:0.003919865818217759
subject:0.00032165008303636504
editor:0.05563076781696183
i:0.006899953273929937
any:0.012328762244443462
will:0.013654281263894993
than:0.017236160026740496
the:0.006356953096293218
do:0.008654432757909598
when:0.031510227538403275
simple:0.03974925972236435
problem:0.025488738458380535
select:0.057074155766511474
3.0:0.055695717800514556
advanced:0.055695717800514556
under:0.05848972113507565
diamond:0.060323114404452476
article:0.009763046750802423
passed:0.05206794559829863
laboratories:0.06811380313848925
by:0.011932957527917664
