selected:0.037182410545640004
some:0.008778472745363565
manager:0.05905110285584357
looks:0.025737635145668347
mark:0.045167277658529174
corrupted:0.04505979549481936
ideas:0.027045064940146392
displayed:0.03992857826592313
delete:0.0402591280660819
tried:0.02329221092508775
your:0.018946349205733272
with:0.008794396643451838
option:0.03150835505452919
setting:0.03234463802528276
though:0.01868830226774947
previous:0.02611428135107373
from:0.006365204920527636
work:0.015226108751806794
options:0.03402240908779561
to:0.0020724799399862116
then:0.01199910037425416
that:0.0026083054543945623
control:0.022929580977000177
r:0.023309923058113757
appears:0.029325571634543846
really:0.014672148445044554
nt:0.0053690116670860035
re:0.0028115827276554172
michael:0.022591693245666834
anyone:0.012578306388281136
file:0.06853727554417464
this:0.003947236378732473
two:0.014020973177844447
these:0.0124559095721725
procedures:0.04106070502140715
on:0.0076241928607412015
you:0.01253681930997117
why:0.013381372783112829
a:0.0010500031021401467
want:0.014230059907610388
no:0.008464253655507592
proper:0.030876151165728127
reason:0.02009181897750773
it:0.01546716224390851
not:0.009066315918435562
have:0.011531968717616229
try:0.018318719340927762
has:0.008005823111928954
status:0.06617567957893593
be:0.004349332760432115
scratch:0.04239404348218095
if:0.010077449921254275
of:0.0014619592899679597
totally:0.030973799252395882
even:0.01262525900575959
gotten:0.03240384145709408
menu:0.07746996271115623
happening:0.03413380071024028
saving:0.03968986624852028
again:0.036719836663278466
visible:0.03566341334358522
good:0.012180525198191723
one:0.014786630192114623
in:0.0053437504329170065
or:0.005070010960173573
and:0.0043059858777156745
still:0.015351196106989075
for:0.002446232051970481
subject:0.00020072899918810748
i:0.00287065725181045
any:0.007693889220216596
the:0.004533852691663476
when:0.019664277335996027
start:0.021184677352500094
may:0.027985346277290688
problem:0.015906505955229956
bar:0.11366344416062653
unknown:0.035482228745246425
is:0.008080379756110192
either:0.018823779752732014
save:0.027236919040761608
select:0.03561770623022896
does:0.00916157003261297
whenever:0.03566341334358522
article:0.00609272842343309
luck:0.030998410721155046
by:0.0074468832693020005
freenet.carleton.ca:0.04174918016069656
says:0.019255840183665923
everything:0.02323054499190416
