laser:0.06283920487066318
go:0.02494143912556573
your:0.032305954414904164
wrote:0.033020191983241805
both:0.028791077978310743
my:0.012182234119619247
to:0.007067688000465799
ink:0.31433478645213975
cases:0.04717673844213323
family:0.05051880857845727
that:0.008894990395755815
think:0.018458308045237886
really:0.02501789414347341
need:0.02463079476278508
re:0.004794109009976545
on:0.01300022628818692
you:0.007125628069342587
used:0.025313634722267508
dry:0.06628553292383495
material:0.05413717354876772
deskjet:0.16196768917704799
seconds:0.05933544416553906
hard:0.034669659007378326
was:0.011352065821812635
awful:0.0644989236813925
not:0.015459230989127304
should:0.021061694131198457
have:0.006554495040354523
try:0.031235765030043494
bubblejet:0.08442312646794295
completely:0.04611530303896757
500:0.05345868122243
without:0.028810390830801218
printers:0.07248007257044367
get:0.03370189680233647
key:0.041100543220981736
but:0.008529272080133465
saying:0.03867378434569794
ed:0.05087397014960259
now:0.021178389716387747
canon:0.0715438528907656
in:0.004555889792166422
speed:0.04305724572930488
and:0.0024474193236589093
subject:0.00034226867810279864
however:0.030732037233293756
i:0.004894838647317819
the:0.005798100076838869
do:0.009209204088544828
moore:0.07248007257044367
bought:0.04696261216498026
is:0.006889041715145228
unlike:0.05912809981623649
issue:0.04014564112134427
pages:0.1152818685077837
hp:0.11091403861682884
