there:0.009975858538882037
help:0.02326187739175866
all:0.03111090752107471
your:0.013694915458491984
text:0.07862095072246886
generate:0.05097618269590493
from:0.009201872330762778
options:0.04918456965953061
my:0.010328415884025013
to:0.004494127695948361
that:0.003770702450374748
control:0.03314819858631547
like:0.012659120255529056
nt:0.007761723388287375
could:0.016403360383978886
brad:0.3117720893148304
set:0.02879798461006436
you:0.006041293363138281
a:0.0030358785344486846
how:0.014297423882925264
wondering:0.039118842411492355
want:0.0205717170403498
was:0.009624577544580277
also:0.01612496882260398
panel:0.05359179909548892
it:0.0037266894536953474
have:0.0055570718820397045
university:0.025547175017376668
color:0.040159044636993324
if:0.007284243693080536
of:0.006340453877143651
electrical:0.05149081444152665
but:0.007231339372287068
bach.udel.edu:0.13490248353901407
windows:0.029860947624168493
find:0.02300485584427598
up:0.01460283011252592
in:0.005793903322646428
system:0.0971835795322837
or:0.007329472366337884
and:0.00207498594831951
subject:0.00029018431404367716
i:0.01037492974159755
any:0.011122687677052252
blah:0.20503540242494409
will:0.012318536357644395
program:0.030180798178087772
the:0.0016385934999762022
do:0.007807803466374963
would:0.010137496153308435
problem:0.02299527491353896
is:0.005840709280231824
icon:0.12193464995486464
fonts:0.21533701192605562
engineering:0.04202988579590325
change:0.09691334047534199
changing:0.04654803012505984
truetype:0.06931917934479681
black:0.03836469952439062
