some:0.008648421297284105
24:0.02713395369532193
out:0.01745447554193274
there:0.013596725712254036
mb:0.033814709209559375
thanks:0.014765826999378985
access:0.04966484248916334
your:0.00933283127541676
with:0.012996163928656608
from:0.012541811176743342
reviews:0.044236291789726975
approach:0.0914722812207519
to:0.0010208882667339487
require:0.02873719302890805
mhz:0.03500078955632798
value:0.027658169035234575
provide:0.025014486505803065
like:0.025880868077970517
paradox:0.09494982515608721
database:0.03751094006970003
me:0.008026582817811443
package:0.028794540985601497
so:0.007568967388036445
93:0.027118633302254825
extremely:0.03272703988918245
borland:0.04471435490926454
apr:0.027608950200281476
requiring:0.04093046139988683
on:0.007511241855396888
relative:0.036467551679206726
great:0.01867593102764946
e.g:0.03006870533475034
posted:0.02528430314431034
a:0.004137790002507837
richard:0.08302394477286175
ms:0.03096399942507472
was:0.006558971363713968
ram:0.028813756060987027
are:0.019049226121517795
it:0.01269834924962859
have:0.015148166315486012
ve:0.013519508881684699
herein:0.04309443490211766
always:0.019681156281471907
has:0.007887218325085564
of:0.007201503169101431
gotten:0.031923784546618615
seen:0.0384068872684793
what:0.013636179303653797
but:0.004928023868521558
dr:0.058056957112688906
gmt:0.03138739508314841
seems:0.03491091984268264
requirements:0.03604716044518858
aspects:0.03569792504944264
windows:0.02034968282535927
please:0.014188261903001887
good:0.024000145946066656
called:0.01986855182116099
author:0.029955612948596347
thoughts:0.03180758753796899
and:0.00424219349434211
for:0.002409991577126474
subject:0.00019775523623717257
however:0.017756288179236395
i:0.007070322490570182
6:0.021765552833771813
overhead:0.04350228510347341
any:0.007579905676213388
than:0.021194093069917944
the:0.002233342251819416
users:0.02924961161671246
less:0.020361967085898353
hello:0.028661413264087197
greater:0.03125246589876811
would:0.006908515897069452
because:0.013072017028848252
number:0.018535295173316726
deal:0.02441714808711488
discussion:0.02546571810733475
ruled:0.04093046139988683
field:0.028833021110617085
hardware:0.026293934249441125
experience:0.024534983517001095
various:0.026404288728556952
resource:0.036742951703219714
article:0.006002465780122971
very:0.012912907346544053
bad:0.02030074849441766
