some:0.020848872770238464
out:0.021038876769293925
tried:0.055319000947083405
c:0.1847212639592114
from:0.015117361686253135
my:0.016968111809469666
to:0.0049221398574672524
visual:0.09151074162903461
t:0.0920097519643015
that:0.006194725454187085
could:0.026948377773679595
anyone:0.0298734776721677
this:0.009374686399489624
borland:0.10779353415626274
on:0.009053729022130176
why:0.03178076035989297
a:0.009975029470331393
ms:0.07464535575687654
503:0.10627285900732868
it:0.01224483677642757
not:0.01076625015314223
moved:0.07961795249521329
in:0.0031728518195444726
word:0.16440409908018314
subject:0.0009534627461435106
i:0.006817810973049818
program:0.049582739864001336
turned:0.07012318464131424
the:0.0013459875178375945
when:0.023351329336495284
int:0.09664792149424498
problem:0.03777795164367115
just:0.020971224347605105
is:0.009595450960380853
today:0.05069868331782773
3.0:0.08254901031147692
light:0.06236097653225523
byte:0.28930977568021693
function:0.07344643963477604
compile:0.09318084980779931
