thanks:0.062293332653630094
where:0.057733024944805054
much:0.054599902173747855
o:0.1094055932437463
from:0.026455382950942987
0:0.34360840204410303
me:0.03386214626264202
hi:0.09846927062545015
tell:0.07531328292570165
m:0.04277545975362725
how:0.041105093663410135
price:0.09781700630762384
ns1.cc.lehigh.edu:0.16839853457086015
advance:0.0988594130211453
it:0.010714232179374124
buy:0.09396378516387394
canon:0.34877628284248235
in:0.005552490684202827
and:0.0059655846014185915
for:0.010167151966002312
subject:0.0008342799028755718
i:0.0059655846014185915
the:0.0023554781562157906
can:0.054035374527357086
jet:0.1590471941067084
is:0.008396019590333247
somebody:0.1186165069835861
printer:0.13581038053836972
