reference:0.041006956736465434
tried:0.034042462121282105
where:0.020301723057513866
carter:0.32959868017994126
with:0.006426674470214807
to:0.0045435137145851566
ftp.cica.indiana.edu:0.06517667469332843
like:0.012798231467128277
re:0.004109236294265611
this:0.005769037784301308
directory:0.046323948228905454
chemistry:0.05884026409658125
state:0.029205641614732047
sure:0.023978505716035204
a:0.006138479674050089
was:0.00973034213298226
as:0.01758492659817623
standard:0.033451038906178426
no:0.012370832265741868
it:0.015070568340218549
not:0.006625384709625988
couple:0.03468122851268702
have:0.0056181386060181636
made:0.02555581925184617
probably:0.026233227637683612
tom:0.0834225983181265
university:0.025827913204380812
real:0.02810542696701371
earlier:0.04336204983389332
uses:0.03752741900919162
writes:0.014533239363023349
get:0.014443670058144202
if:0.007364290327070432
but:0.007310804640114399
version:0.06858177159704582
windows:0.030189089905752767
archie:0.06539868246604842
michigan:0.056612665058152635
one:0.010805614371160687
email:0.03015273251613122
in:0.009762620983213762
still:0.022436363540984036
subject:0.00029337315265954173
i:0.00629336397512291
back:0.023146777143599313
the:0.0008283000109769814
would:0.010248897209938199
drivers:0.04321212921407149
an:0.009867012511667437
problem:0.02324797024225917
just:0.01290536882929545
note:0.03254603405360987
newsgroup:0.04224355868763022
address:0.035085948944325394
new:0.018945050163555462
days:0.03272805081923267
printer:0.09551499290610618
too:0.021456240306203262
dave:0.07706098178845258
article:0.026714270779668165
luck:0.0453053695155343
s:0.02045394332492368
