mirror:0.07681703262666356
bbs:0.05781489502508087
there:0.01311112836538782
access:0.04789109811455036
with:0.008354676811279247
previous:0.04961713456704008
to:0.001968855942986901
r:0.04428885381041614
me:0.03095967658298699
re:0.005342007182545293
this:0.007499749119591699
cleveland:0.07698218723239321
contact:0.14914595567059577
on:0.007242983217704142
american:0.04610050310554594
posted:0.04876258463545565
a:0.003990011788132557
test:0.05108428362828101
as:0.011430202288814549
internet:0.040807627758780086
dial:0.0859208429433134
details:0.10899491092258098
of:0.011110890603756494
department:0.04954393689561337
version:0.08915630307615956
windows:0.03924581687747859
please:0.027363076527217926
login:0.07874810088906717
in:0.005076562911271156
po.cwru.edu:0.1362264739224916
required:0.05346830643572813
or:0.01926604164865958
and:0.0027271243892199276
for:0.023239204493719568
subject:0.0003813850984574042
info:0.04207707799131996
the:0.0010767900142700756
behalf:0.08336810310412231
peter:0.31559083549936773
beta:0.15603067908134716
is:0.007676360768304683
v.32bis:0.08472967710132695
article:0.011576184004522871
2400:0.07952048976435683
telnet:0.08120310455944801
says:0.03658609634896526
north:0.05734506835586894
