some:0.02202899764402555
there:0.017316584633531085
thanks:0.03761106877200308
where:0.034857675438372863
access:0.18975718120859578
someone:0.04157468140873622
gain:0.08652084963194814
download:0.10846709132639494
to:0.010401503095025138
sometime:0.09827115876021504
me:0.020445069441595184
articles:0.07946959661697485
hi:0.05945314452857367
on:0.019132408499595844
arthur:0.2016336125355007
compuserve:0.19691047506553816
as:0.015096493589000348
files:0.06243984084127715
are:0.012130403426438216
those:0.0350172764959917
internet:0.10779373370243797
discussions:0.09055991104909031
hopefully:0.08722159580080581
site:0.07368989051770955
which:0.02437532702863241
but:0.012552513627366231
well:0.031752224719874426
please:0.07227982478887754
email:0.05177167281071586
subject:0.0005037161677739301
i:0.010805587202569524
ago:0.05398425896914422
the:0.0014221754905453829
can:0.04893769768515359
refresh:0.22614916229475376
thru:0.0973767768942795
telnet:0.10724938338040303
seem:0.05207004820557996
