above:0.01564744844901463
some:0.006709982040996288
louray:0.037022431154361365
at:0.010126034625913001
mark:0.03452441338266885
delete:0.03077278179763732
dos:0.020284783656574355
tried:0.017803816396762477
means:0.01629077712895835
your:0.007240989782650934
cut:0.06312095682421381
from:0.004865357784081469
56:0.03083772177036107
download:0.03303882666838467
my:0.005461001501898283
to:0.005544479379675756
encountered:0.03207138233034321
0:0.021064116600404786
line:0.016228757177045913
famous:0.028913310615796637
h:0.04061128878499444
that:0.003987409487752607
bit:0.015661403437101724
like:0.006693327951199271
could:0.008673041122563547
re:0.004298166698599662
michael:0.017268363228009707
anyone:0.009614452584145927
file:0.05238768762859326
this:0.003017140450410454
map:0.028507462528360124
on:0.00582768764642862
you:0.012776988262269468
tell:0.013850718698979613
used:0.011347491427223366
machine:0.037388498325567204
dry:0.02971420441413291
8:0.01696834070329808
m:0.023600253657173657
successfully:0.030045861411952722
more:0.007307005895521413
a:0.004012942890363204
how:0.01511911491067959
below:0.021332608695620068
was:0.005088857092536699
as:0.004598357242626543
stuff:0.016801244555595528
cd:0.025650592235520537
files:0.01901903198038902
begin:0.04796803999471855
d:0.020940738188241787
it:0.011822601025516275
not:0.0034650000492871544
cool:0.02638406307169197
deleted:0.020191836189645613
try:0.014002239496226395
able:0.01515784612707281
doing:0.015406338535432846
b:0.01759142727881748
shows:0.022208130101263858
seas.gwu.edu:0.07163428149283688
be:0.009973469950646057
which:0.007424668577686883
g:0.020316103224204036
writes:0.0038003585690664504
get:0.007553873421213346
certainly:0.017676765961239314
end:0.015541571279169593
of:0.005587373148440765
even:0.009650341653827733
what:0.0052898971436588
but:0.0038234667945425877
well:0.009671654656053706
please:0.01100813423508767
who:0.0074313383576657946
sounds:0.02047531358368298
in:0.002042295424074603
thomas:0.021172442609362643
or:0.007750706410380291
bitmap:0.030582251870528692
bmp:0.03215290322110157
sir:0.030397836269658002
and:0.004388476028629768
p:0.03869112689231437
i:0.00548559503578721
world.std.com:0.05282846356736261
program:0.01595766340450618
the:0.003465531080409439
wrong:0.01519208078637851
do:0.004128263901761475
uh:0.02955528756740584
original:0.01773659777743379
would:0.005360055437381471
did:0.009447764617488306
last:0.012529669839422402
lower:0.022821739155434582
here:0.03104139492454131
about:0.005661012530585469
f:0.021357650680499125
broken:0.025811737178419347
having:0.015039605703565296
lot:0.014244559702674658
supposed:0.02096951155986414
article:0.00931417103812185
convert:0.024589540202289307
u:0.02173358323904032
lots:0.02096951155986414
before:0.01221950728288876
says:0.014718544508204414
poster:0.026177203286359182
everything:0.01775668094208766
s:0.003565725752046082
