mode:0.07091454160144872
characters:0.09377735017425005
mark:0.11124533201082186
know:0.022849539364042624
with:0.010830136607213839
to:0.0025522206668348716
larger:0.07881206933557006
anyone:0.030979902771136873
prefer:0.0760468167600341
m:0.05069684118948415
a:0.0051722375031347965
bigger:0.17264136489736845
idea:0.051340301764088075
character:0.08453677302389843
1280x1024:0.11752949705656578
have:0.009467603947178755
raster:0.11137887048207291
between:0.04301603418604454
sets:0.08806489013497497
of:0.007201503169101431
monitor:0.06939399703868163
mag:0.10183879593828424
using:0.08164520661647853
windows:0.05087420706339817
in:0.0032903648498979715
heading:0.10441495894685308
and:0.007070322490570182
for:0.01204995788563237
subject:0.0004943880905929314
i:0.007070322490570182
any:0.01894976419053347
practically:0.10615234330273558
the:0.006979194536935675
would:0.01727128974267363
window:0.06457393966342855
does:0.022564607672917132
fonts:0.0917176161907274
diamond:0.09271886102906583
difference:0.05939173790434049
already:0.0538108578018028
everything:0.057215971924504685
