there:0.020858613308571534
all:0.02168335978741571
thanks:0.045304241929912795
someone:0.05007859351506864
appreciate:0.08725484853214759
could:0.034297935348319486
me:0.024627015463739653
2.0:0.10658656381871032
hi:0.07161401500032738
tell:0.05477329667323756
1.5:0.12118729309100415
are:0.014611622309118763
sufficient:0.10398277826040239
greg:0.19905766352251922
be:0.026293693506248696
if:0.015230691358259302
3.1:0.17825099922169169
again:0.05549702586609132
windows:0.06243652685053413
please:0.043532167202392155
or:0.015325260402342849
for:0.022182877016732317
subject:0.0006067490202731432
i:0.004338606982849885
info:0.06694080589528176
any:0.023256528779291075
will:0.025756939656892828
the:0.0034261500454047865
would:0.021196582866008548
drivers:0.2681116198963981
win:0.07703353190064413
new:0.03918180829280789
soundblaster:0.2820688292179385
blank:0.12528106959624324
going:0.049495811001129146
