pc:0.028981235321720724
out:0.010245018252873564
there:0.00798068683110563
obsolete:0.052886089450673655
knows:0.030382273140358566
dos:0.061383519239025006
access:0.05830220640032218
with:0.01525636635103167
to:0.002396868104505793
bizarre:0.05074580188946576
look:0.02061885499370357
mc:0.04929315767500344
software:0.02448509468244571
ms-dos:0.09008106623319942
that:0.0030165619602997985
could:0.013122688307183107
server:0.0348039890882403
so:0.01777061908495513
anyone:0.029094169558980715
file:0.02642161636920356
this:0.0045650646814906
hooked:0.05013533007491577
on:0.013226317180155388
machine:0.02828521177673345
am:0.014211620493055353
m:0.01190273662709628
board:0.062455591640959034
a:0.004857405655117896
hard:0.023515073065873995
ps/2:0.05396099341560563
load:0.03909559018959621
crashes:0.050589119232920726
as:0.01391502887333945
running:0.052651485433855685
question:0.018982487681279168
fine:0.028166578938439654
course:0.021270885216521904
70:0.0374072770205444
setup:0.03838047629188341
os/2:0.08228021937677372
model:0.03181696966594391
works:0.025870660813484696
digital:0.035907544321840554
it:0.008944054688868833
application:0.06418030796203354
have:0.004445657505631764
try:0.02118599715081211
network:0.0638867768700796
get:0.011429338915574978
soon:0.03127820553947366
things:0.019432399375132605
of:0.0016907877005716404
interface:0.036719126406990286
but:0.011570142995659309
using:0.019168874596912355
windows:0.023888758099334797
who:0.011243938036816073
up:0.023364528180041474
box:0.027552513136579193
system:0.03887343181291348
or:0.011727155786140614
and:0.004979966275966824
for:0.005658241094123026
subject:0.0002321474512349417
i:0.00829994379327804
pretty:0.025026261364518493
the:0.0019663121999714426
when:0.011371082111684661
start:0.024500539894630545
an:0.015615619801073682
about:0.008565358089755405
is:0.0023362837120927296
window:0.030321676015870797
does:0.010595554907282829
run:0.02327682111641213
experience:0.028801937172131722
smith:0.0342412048214475
every:0.021149117625542575
under:0.021107160235701212
before:0.01848864580193604
