selected:0.022478457284409642
some:0.0106139715921214
since:0.009094643742744005
louray:0.08784413210262104
at:0.004004386420247414
out:0.0053553504503657265
there:0.01251516798514292
mp:0.025239277097148374
all:0.013010015872449425
tried:0.028162400482151552
thanks:0.009060848385982558
with:0.005316612516268612
option:0.038096465656839835
setting:0.07821521558841102
work:0.018409749672639125
turn:0.046656520018834295
my:0.008638311466639102
to:0.001879362491032951
changes:0.01853595136243722
then:0.014508003179780028
aka:0.023543915038222573
next:0.024348909306810683
been:0.006669274487370178
make:0.008000365833407744
that:0.001576839206520349
think:0.006544309216038887
r:0.014091908030586953
nt:0.006491623197476713
me:0.00492540309274793
started:0.014905658527222296
michael:0.027315410924306265
so:0.009289187248953818
anyone:0.007604157952915414
file:0.06905649732860021
off:0.029774419744859323
directory:0.01916126949468362
on:0.009218342277077999
set:0.012042793564208731
e.g:0.018451251000869525
a:0.002539098410629809
how:0.005978922714677837
ms-windows:0.024996795366669766
same:0.008827697047857328
y:0.01937895716606732
uunet:0.017168146874624025
was:0.00402482333682448
worked:0.01747347200261068
adding:0.021477757227746717
fine:0.014723438990548
also:0.006743168780361665
are:0.002922324461823752
no:0.005117026073556863
works:0.013523299970685182
it:0.020259639030089253
application:0.01677439867189513
have:0.0046477328467968435
ve:0.00829606226830652
session:0.043811089833406876
settings:0.022867800214311885
always:0.012077073172721397
exit:0.024187781024872693
seas.gwu.edu:0.08498430668013829
be:0.005258738701249739
which:0.005872237875079626
get:0.005974427160414192
if:0.009138414814955581
but:0.009072043939778321
never:0.010017905594826638
hd:0.020266387907872472
again:0.022198810346436525
well:0.022948198774818337
windows:0.02497461074021365
must:0.010533911033997714
up:0.006106638047056294
good:0.007363681142543177
one:0.004469595035343738
in:0.0016152700172226407
bitmap:0.024187781024872693
and:0.006074049775989838
for:0.004436575403346463
subject:0.00012134980405462862
table:0.04118085839526587
however:0.021791808219971936
i:0.0112803781554097
faster:0.0177286410336106
any:0.004651305755858215
actually:0.011110518759550384
will:0.02060555172551426
the:0.0037687650499452652
wrong:0.012015554803772093
do:0.00653016289914997
start:0.012807100399465966
got:0.03016573393132601
colour:0.0480838500992772
did:0.014944645849481502
colours:0.02797373158366862
an:0.004081355175280622
problem:0.009616205872934474
n:0.01664097952638364
is:0.002442478426278763
switched:0.024766596581129972
save:0.01646595560191497
right:0.008817607244501362
time:0.007179590772289607
automatically:0.021423644034536178
reflect:0.021505057337111316
nice:0.014362452076157991
change:0.013509132308684033
changing:0.01946553987047957
very:0.007923829508106578
realize:0.03557737508301035
attribute:0.02724069454914079
s:0.011280659651927606
