some:0.006277079973835238
manager:0.04222471333240428
click:0.06095390465188598
filename:0.034286905912480146
know:0.006633737234722053
with:0.006288466417091907
my:0.005108678824356459
to:0.005186771032599901
then:0.017160003761030142
latter:0.02497098586696348
that:0.00373015726273631
like:0.00626150034144448
nt:0.0038391319985077344
me:0.005825745593572821
re:0.0020104328106353257
avoid:0.020788975770016663
so:0.005493605362284517
file:0.016335945604615106
oak:0.031781047149444665
mean:0.02842389308419205
programs:0.018995602818787725
two:0.01002574963792103
on:0.005451707798271935
brown:0.09988394346785393
set:0.028488328861569046
you:0.014940833048621555
tell:0.025914247888413473
assume:0.018663916963920304
them:0.007880963287807748
sure:0.011731419463221525
a:0.0007508086698098899
learn:0.020483947208184042
native:0.028436685542583294
d:0.019589722821258447
it:0.014746470096342881
not:0.0032414516590105642
application:0.019840686601166287
systems:0.016131274840229092
try:0.013098869206147274
love:0.017592566882695962
list:0.01565391718775043
writes:0.003555174145255712
get:0.007066526748877002
were:0.008340340308990855
if:0.003602959246039835
of:0.002090758984577835
key:0.05170713501994477
but:0.007153583034950648
sense:0.01766839809872576
english:0.023753496693761453
properties:0.029034672828122134
double:0.023753496693761453
easy:0.017815492280961333
groups:0.059351380620748254
up:0.021668715650844914
box:0.0170351559715409
in:0.002865801643459524
or:0.010875991253275569
rather:0.013835933617811094
use:0.017879349760724174
and:0.005131685678639648
subject:0.00014353202630117365
p:0.018097462578663175
until:0.015382611426691636
i:0.007184359950095508
stan:0.05941518590306153
back:0.011324498494986762
possible:0.013854686144970872
will:0.006093039488727336
program:0.08956882039948628
the:0.007294383967635996
do:0.011585772885588656
see:0.009512826674253636
would:0.005014245409163312
can:0.01394461278125344
once:0.014424898897445733
road:0.01941210960199199
return:0.019840686601166287
individual:0.020761753716486843
just:0.006313917007881108
makes:0.015016010119634271
press:0.01928682989660036
language:0.021924243546968758
hold:0.018654734478193657
is:0.00433342946597845
gerry:0.03188751288759617
questions:0.016259012565836086
2:0.010475320172555962
1:0.01052969834368123
icon:0.09046764351489957
change:0.0319570871818332
article:0.00435662838879893
repeatedly:0.02821494920637873
release:0.02136453488917881
give:0.012705571351376382
answer:0.01632403786090783
task:0.027004402349010734
s:0.003335678929333432
icons:0.09412527769820261
