at:0.0056472116182976345
out:0.007552417301797819
mark:0.019253999771103782
bbs:0.025942581100997827
where:0.011842671783549754
text:0.02318310085406133
with:0.0037488934409586365
microsoft:0.054610308894094024
post:0.016554985925840898
name:0.017706618627116994
my:0.012182234119619247
to:0.0035338440002328996
recall:0.025069584712006553
us:0.013204335808878179
format:0.025769580173320605
that:0.008894990395755815
nt:0.00915485322721075
me:0.02083824385393355
so:0.006550067931954616
anyone:0.010723812497701225
file:0.019477473605502622
oak:0.03789278698587632
uk:0.08310845162805358
mean:0.016945013184806797
2.0:0.030062876974508036
something:0.012760649468996941
on:0.00325005657204673
brown:0.1190923941347489
tell:0.030897757097723754
assume:0.022253131764674205
them:0.009396533150847697
a:0.0017903899049312756
how:0.008431814084802078
other:0.008841717870717376
looked:0.023878225669741567
was:0.0056760329109063175
as:0.020515747697872268
rumor:0.03550663659818502
lets:0.029702655446664176
learn:0.02442316782514251
helpful:0.029773098533687224
far:0.01595755174436796
section:0.026344609779636458
l:0.021185644735598478
native:0.033905278916157
it:0.01318674729769123
being:0.012473102114904796
systems:0.01923344307873468
try:0.015617882515021747
disks:0.027626352011496876
love:0.020975752821675953
spelling:0.06923652751321431
be:0.003708084981650457
were:0.009944251906873713
if:0.0042958360241244185
but:0.012793908120200198
sense:0.02106616696386532
english:0.14160738413588558
easy:0.02124154848883851
windows:0.03522060489004489
please:0.01227830356990548
email:0.01758909396774321
in:0.003416917344124817
u.s:0.022613733339735244
or:0.01296752803275164
and:0.0024474193236589093
word:0.039344570720043825
still:0.013087878732240687
for:0.010427848170258781
subject:0.00017113433905139932
i:0.011013386956465093
stan:0.07084118319211181
similar:0.02028691210170962
than:0.00917052103986834
the:0.0028990500384194345
do:0.009209204088544828
see:0.011342216419302411
dictionary:0.06321083995878181
got:0.014180473215580603
would:0.011957046744927898
can:0.011084179390227093
nobody:0.025694164522169407
road:0.023145207602375064
makes:0.01790370437341009
imply:0.030725925610714716
language:0.0784213326872344
is:0.001722260428786307
obtain:0.02936160393343684
nothing:0.01637728206090326
summary:0.02757587729078594
include:0.02154822611054232
s:0.003977155646512937
