click:0.03097657449522074
vertical:0.029510651071206102
with:0.006391556030486856
much:0.009547523877376674
microsoft:0.046553050204801466
ca:0.011237970470449842
my:0.01038485531508526
to:0.0037655714756580074
everyone:0.0167077199864104
w:0.01690896642092543
then:0.026161972947144316
think:0.039337377801326644
bit:0.029782340962357375
smooth:0.06010158448816775
nt:0.00780413717729441
and/or:0.022081869000786722
re:0.0020433907255637735
so:0.02233465786633705
anyone:0.009141610653778094
ball:0.024363963605092593
had:0.008384745823399646
this:0.008606269481498672
roll:0.02944673828561489
something:0.010877930694882638
on:0.0027705400286299996
am:0.00893079976339544
why:0.009725260000841566
a:0.005341819060614626
same:0.010612531970101707
ms:0.022842294657842006
was:0.009677170864496017
solution:0.02125604955318715
uniform:0.03041767368035507
steam:0.034680835197019415
are:0.0035131769486405765
caused:0.021761279666968128
it:0.003747053876939584
should:0.008977115531330489
have:0.01117487679011263
left:0.01598035619399214
mouse:0.26123089589894066
be:0.009482971428483138
which:0.007059520942718676
writes:0.0036134556886205592
if:0.003662024151712619
jump:0.054210912349012694
inch:0.028732966796997054
what:0.0050297382677411545
but:0.007270854887982626
detectors:0.03041767368035507
never:0.012043383775201423
again:0.013343547202776055
using:0.048184056363823405
they:0.005097921445397506
pad:0.030494101232129606
in:0.001941854665513557
5:0.01420149118534253
moving:0.023174762741209463
better:0.01221975885957051
and:0.004172649338697157
for:0.0035557252777275845
subject:0.0001458850103388978
i:0.010431623346742892
horizontal:0.02957532023867606
any:0.011183467391134506
will:0.012385850763970321
the:0.0045307557977484056
see:0.009668774652520088
around:0.012935488705757572
can:0.004724404330260729
because:0.009643291250789693
maybe:0.014469470395313246
solutions:0.02572296155994957
problem:0.011560466076751827
just:0.00641742384407588
relatively:0.024363963605092593
about:0.005382602078261593
crazy:0.026745030120999262
hit:0.01956121387939568
is:0.00734078215548262
move:0.038653826399705105
switched:0.02977405053469177
new:0.009420762649636868
right:0.02120080430371912
sean:0.02800328705587944
time:0.008631202021331769
does:0.013316817643033062
trouble:0.020846021214701284
notice:0.02206538488308494
serial:0.0226192236495346
nice:0.017266335829260973
bad:0.014975962004078601
before:0.01161854790832046
by:0.0054122157093834215
mine:0.01784283631038244
sometimes:0.01915030778315765
buying:0.021919223635177683
motion:0.08386414071817529
rubber:0.030571612898752317
