mode:0.03497155476235827
at:0.01609068515898504
bbs:0.018479646811669685
there:0.004190771623639942
know:0.005634132993873524
all:0.008712948225080284
dos:0.016116677425771404
with:0.002670444642874645
option:0.01913521106051316
surprised:0.020094441515978258
from:0.011596880197673638
to:0.0031465734248649103
near:0.016460163367495548
mail:0.013992308241259615
that:0.0015840393855455562
control:0.013925270639000106
protection:0.03862988398294943
nt:0.0032606326562668424
re:0.0034149817605312375
so:0.004665801814543014
anyone:0.007638880135348818
had:0.007006431441470937
this:0.004794360167775516
tools:0.020317227653738223
reply:0.01639815762262623
getting:0.012384482064952905
these:0.007564547822369601
on:0.009260435164187944
you:0.002537894928806949
products:0.018493547005191274
am:0.007462723089960573
market:0.017857786370196447
great:0.011512560222523638
apparently:0.017299822174665126
support:0.012506649815221487
card:0.055907001762817196
shadow:0.02450120359836907
bugs:0.02316171588153136
why:0.008126587123990897
more:0.00580556632794852
a:0.005101384934598703
want:0.008641999852567039
price:0.01429289589883088
was:0.008086403051154207
running:0.013824020148158455
resolutions:0.02625002666803165
private:0.01620858960581987
following:0.012499151931688409
standard:0.027799493520203073
let:0.010525743117592806
also:0.006773959505386147
ultra:0.024449607455657045
talked:0.022513449848333245
l:0.015091144195220835
setup:0.02015413138614882
fixes:0.02648424262413919
bo:0.08653068325897084
month:0.018145221412727206
reason:0.012201880931545788
it:0.0046966497224653694
should:0.007501425307002189
application:0.016850994099620677
have:0.009337910742422883
only:0.0060892065674396645
session:0.02200557023595779
expect:0.015781831429946977
terrible:0.02312318223474659
earlier:0.01801802070723421
quality:0.017553259546001596
has:0.004861983899025347
public:0.013533080356441065
ati:0.02344095982287077
anybody:0.013879429885446095
be:0.007924126810102346
which:0.005899051746655332
tech:0.020706998653515194
end:0.012348097728655293
of:0.003551426220378788
menu:0.02352398411092187
available:0.012333624784539863
what:0.004202931977153567
but:0.003037822932650275
version:0.028497448471831822
least:0.021987784316954175
latest:0.038048827399568504
using:0.020131694782145392
windows:0.012544325029331057
must:0.010582011084381265
they:0.004259906961222574
now:0.015085976236330997
errors:0.039214833950920666
in:0.004867937038205219
or:0.006158095504137765
use:0.0075926005833212235
better:0.010211031375805493
and:0.0034867343789113225
few:0.010436655255279847
for:0.0014856112461738538
subject:0.000121903912748942
however:0.010945657096789557
i:0.006101785163094815
experienced:0.04663837401028801
back:0.009618067214920261
ago:0.013064683677464127
2000:0.019751815096147603
the:0.0024092561963120415
waiting:0.019977352791716446
do:0.003279990497289939
ss:0.02505201632799745
when:0.011942232354737313
would:0.004258674183125004
can:0.0039477899198069105
drivers:0.035911449849137037
because:0.008058092689016045
24x:0.027878679380080658
gateway:0.022035710345689994
instead:0.014007919230980097
may:0.008497833458629363
bought:0.01672640981218475
an:0.004099991500281903
problem:0.028980346466377864
many:0.008462105148758416
about:0.00449779077772544
general:0.01346315234286553
is:0.0036804469437077244
alternatives:0.024200025663246708
new:0.007872144131888342
days:0.013599327052740513
their:0.013823594690243962
told:0.014156254642598766
wanted:0.013904840134913709
dave:0.032020773254562485
switching:0.024200025663246708
diamond:0.022862184911276506
article:0.003700150138431968
replaced:0.019751815096147603
fault:0.040429223747183676
by:0.009045072829380512
seem:0.012601427191304738
s:0.002833042378337983
