some:0.01389924851349231
click:0.06748468015030232
tl:0.082770579102677
all:0.0113579503648368
paragraph:0.059051172380174544
tony:0.11006534708196923
microsoft:0.05070957254451588
4:0.02957463695450808
someone:0.026231644222178805
ease:0.06843756952736824
my:0.011312074539646444
to:0.0016407132858224176
0:0.04363281295798134
grade:0.06594089653948645
helps:0.050356813049201934
really:0.02323090170465388
me:0.02579973048582249
cant:0.06694753211124911
re:0.004451672652121078
this:0.006249790932993083
you:0.01984996390745435
3:0.02787459457901928
a:0.0016625049117218987
beer:0.06347905828576407
want:0.02253092818704978
following:0.03258707467904478
also:0.017660680139042456
no:0.013401734954553688
buy:0.035795727681475785
complaints:0.06235631210158263
malcolm:0.06643357768428235
mantis.co.uk:0.06516253035778585
spelling:0.06429106126227042
without:0.02675250577145827
get:0.015647309229656216
if:0.007977981187659635
of:0.0023147688757826027
style:0.054652702077076225
what:0.021915288166586454
reading:0.03912288150432131
ok:0.03885534750608252
version:0.03714845961506648
fire:0.04282135282189845
windows:0.03270484739789883
up:0.015993575837528386
good:0.01928583156380356
one:0.011706082235424076
aids:0.06443194766282999
use:0.01979499437794462
and:0.004545207315366545
word:0.036534244240040696
for:0.0038732007489532616
subject:0.0003178209153811702
passive:0.07297057542638959
boss:0.06843756952736824
the:0.002691975035675189
level:0.04191113288802082
can:0.010292452290925158
rules:0.09808369763258695
just:0.013980816231736736
select:0.05639470153119586
write:0.03874016577366087
strictly:0.062475958956981464
type:0.038577529884901145
does:0.014505819218303871
2:0.023195351810659626
run:0.03186707652842136
1:0.023315760618151292
dead:0.040848596842989714
under:0.028896707465543323
index:0.0612216671039121
very:0.0207528868069458
saved:0.05516207440094776
live:0.03686533659461498
check:0.03939656624509154
