basically:0.01713627313645365
dir:0.02548369963881468
out:0.010289756323846811
correct:0.014289159127429906
there:0.004007768495970076
thanx:0.021190689151713085
true:0.011280702149160902
dos:0.09247735431206823
fax:0.013356521134861962
own:0.01979467803972048
c:0.033879009110423054
though:0.010853904810526985
programmers:0.0251037372938818
sizes:0.025251779004255955
ca:0.008980561554988302
times:0.012272821578572167
my:0.012448221764152417
to:0.0018055010830884245
line:0.012331020737144054
visual:0.044756345250881555
been:0.006407163262975717
make:0.007685940975326217
510:0.05065545095796055
that:0.0045446020799276435
like:0.010171520205315922
nt:0.009354740852259019
could:0.006589996311467499
its:0.009029801554734367
me:0.004731828298709802
anything:0.010136424237202636
re:0.0016329279597300022
national:0.01421036648466163
phone:0.012826843345893313
mean:0.01154332775908236
programs:0.015428742900849416
tell:0.010524126871713767
am:0.007136839985595483
link:0.021161083531689596
more:0.005552048147688759
a:0.004268789904333959
how:0.02871971609670577
was:0.0038666425069929502
as:0.00698789659578182
also:0.006478153413447888
stuff:0.012766011147046383
product:0.05228250553816452
are:0.002807473282101421
it:0.01646903810978031
not:0.015796768783649735
should:0.007173852149491177
have:0.0022325354285923703
app:0.02379323689016853
love:0.014289159127429906
party:0.037071427454346356
be:0.010104126762226573
which:0.016924353701102852
considered:0.015034248721450707
writes:0.0028876086943998352
if:0.0029264210470017872
of:0.002547256579463825
lawrence:0.020712812116580062
even:0.007332574007711902
what:0.004019397829679612
but:0.0029051669093904378
understanding:0.017529060196117142
mistakes:0.022873057714117646
separate:0.018439735968575906
utilities:0.045155210201389746
using:0.009626290736440701
well:0.007348768166608492
windows:0.03598961373043888
find:0.009242125492023537
david:0.021803015190781608
one:0.004293934095090054
in:0.0023276816842072987
system:0.009760796197565612
use:0.007261045972695843
and:0.0016672376178637112
few:0.009980906117494701
still:0.008915760184408502
for:0.009945161748404008
subject:0.00011658059778173928
however:0.010467680804353332
editor:0.02016311671968485
i:0.010003425707182266
we:0.005885344566436549
don:0.01946989231323993
will:0.0049489316371322456
the:0.001974898716128523
users:0.017243220822079398
do:0.006273518942414818
upgrade:0.0772500507117685
intended:0.01776658889509443
would:0.008145411756370097
can:0.003775397346889578
apps:0.023097045899216122
operating:0.02007020231598492
an:0.011762857710415764
upgrades:0.02548369963881468
about:0.004301380700095509
lazy:0.026458125627086337
interested:0.01256365159569834
is:0.018771886594980882
logical:0.020555903779348343
center:0.014264763464946761
does:0.005320911853002293
blue:0.01745267086228519
run:0.011689233311735348
told:0.01353807758397
easily:0.01615246623753444
too:0.0085262788989716
afford:0.020633653231896407
interfaces:0.02666126980016447
article:0.0035385715297668163
very:0.007612412627875315
lots:0.031866331977435464
smart:0.021660692052116425
3rd:0.03854807662503574
compile:0.022786583359112496
s:0.002709328737362525
