at:0.014209113104103726
checks:0.09070310802169236
dos:0.11385652762077218
codes:0.1773966122795919
to:0.004445803742228486
0:0.05911542400758762
anything:0.03743937339224845
re:0.006031298431905976
this:0.008467458683409984
best:0.039277033547765065
internal:0.0639123776793602
set:0.04273249329235357
you:0.017928999658345865
etc:0.03745683850739089
communications:0.06804972413441443
a:0.0022524260094296694
sorry:0.051248656205461686
want:0.03052577367277712
also:0.02392737309160591
pain:0.07140322581155827
it:0.00552992628612858
not:0.009724354977031691
royal:0.09847469006834943
exit:0.2574828302647738
command:0.06639117185377154
has:0.017173781836879853
which:0.04167394621024251
certainly:0.049608988342832915
if:0.010808877738119504
raised:0.07298355497865833
commands:0.07805087252541248
code:0.05226633081180155
use:0.026819024641086257
and:0.0030790114071837893
for:0.010495124610066903
subject:0.0004305960789035209
suggestion:0.07464781685342012
group:0.04350186991623621
the:0.0024314613225453322
wrong:0.04263583962628807
do:0.02317154577117731
return:0.05952205980349885
ltd:0.08691537268173427
is:0.0086668589319569
move:0.05704556638020995
does:0.01965304539254073
simon:0.17458979366702318
successful:0.0773103934721209
condition:0.06125959820137131
before:0.03429345592294587
