school:0.03005392128757112
there:0.007584950294026012
help:0.017686716694560307
all:0.007884858104514803
situation:0.0291250602378066
thanks:0.01647426979269556
access:0.055411187901132655
with:0.004833284105698738
way:0.014317130740054078
damage:0.036772502943542736
ca:0.03399253877838548
from:0.006996464912646079
work:0.016736136066035568
config.sys:0.14514338072620064
my:0.03141204169686947
to:0.003417022710969002
death:0.027730713917656382
appreciate:0.031729035829871854
make:0.01454611969710499
that:0.005733960750983088
problems:0.022670026742907218
nt:0.01770442690220922
on:0.004190155580489999
you:0.004593380077758032
brain:0.03644114379311399
state:0.02196457344579022
m:0.01131251828195101
a:0.0011541356411953678
other:0.011399239568858768
j:0.02524073272337903
drive:0.023337221064512303
solved:0.04492876987815521
z:0.08249702708432091
log:0.04555675258045208
it:0.005667031896528462
should:0.013576959853169254
statement:0.028704127435477737
drives:0.06689326697116796
probably:0.019729121611811642
tom:0.03136965473946079
university:0.01942429836031945
novell:0.09502075769089144
mapping:0.04577715131666829
network:0.030359418760575015
be:0.004780671546590672
if:0.011076866442370402
of:0.003213893976293201
w4wg:0.12030001727371067
department:0.028661781675148237
but:0.005498208448350498
seems:0.019475099912240314
easy:0.027385798051725682
windows:0.04540838316402482
loss:0.03517232846380813
moons:0.058967357036519195
michigan:0.04257646710985033
in:0.007342136441921094
thomas:0.030446322429992564
installed:0.0331022310359925
and:0.0031553505329817346
for:0.0026888335777857353
subject:0.00022063600737205204
cause:0.02606199283753774
i:0.01104372686543607
ago:0.023645997730286316
any:0.008456919556105846
will:0.009366159875233756
the:0.001868809115675338
do:0.005936511726499972
would:0.007707848314912199
put:0.041115029744574864
may:0.015380376259833314
an:0.007420645773237494
problem:0.01748401067806268
many:0.03063142194343956
warning:0.03545570923635881
f:0.030712654697577255
general:0.024367193083368193
having:0.02162720159025092
graduate:0.04544871884849049
run:0.022122598581714007
engineering:0.03195660738200908
by:0.008185417147249307
s:0.015382717707174007
