24:0.14951362240279428
at:0.01797887780519247
know:0.025181125013434728
where:0.03770319996395432
with:0.011935252587541781
work:0.041328009469189866
to:0.0028126513471241443
ward:0.11304153692483393
anyone:0.034141117339620226
file:0.062009915968538956
this:0.010713927313702428
stealth:0.21675513915786843
recently:0.0675369707058712
you:0.011342836518545342
purchased:0.09769091014638212
card:0.1249350345516017
a:0.0028500084200946837
video:0.1426820895046948
proper:0.08380669602126205
not:0.012304285889305405
ftp:0.07741565198549133
received:0.07896511817656676
cica:0.11872956554665068
please:0.039090109324597035
and:0.0038958919845998963
for:0.006639772712491305
subject:0.0005448358549391489
doug:0.2645901725301298
i:0.0077917839691997925
the:0.004614814346871753
wrong:0.05394738891489511
thank:0.07409172054631662
can:0.017644203927300272
drivers:0.24075329133554116
does:0.04973423731989898
diamond:0.10217996929733786
respond:0.08253077036858177
