simply:0.017378655340246532
manager:0.022311922385872714
24:0.020812975845843525
large:0.017011557499361226
out:0.013388376125914318
ideas:0.020437463846815173
there:0.005214653327142884
region:0.027270882304555606
emm386:0.03720036100293582
all:0.005420839946853927
default:0.027270882304555606
tried:0.052804500904034164
swap:0.06046945256218174
thanks:0.011326060482478199
with:0.009968648468003646
response:0.019952264503564444
from:0.014430208882332537
prevent:0.02285805381914018
except:0.01832023533524894
my:0.005398944666649439
to:0.003915338522985315
stop:0.01888609724193544
lock:0.02872504920306243
that:0.003942098016300873
problems:0.01558564338574871
memory:0.057641458400579236
control:0.017327467442846724
bit:0.015483432943498293
anything:0.01318887017226934
anyone:0.009505197441144269
had:0.00871823003228486
reset:0.031627467519914645
off:0.012406008227024718
programs:0.020074898433491573
hi:0.017903503750081845
on:0.0028807319615868745
am:0.018572004053424608
locks:0.06513893793576957
a:0.004760809519930892
standard:0.017295707616262708
immediately:0.023992611004567517
modes:0.028226722041590234
ultra:0.03042309109539144
video:0.05958598624201743
locking:0.035725865574043295
no:0.03837769555167647
d:0.010351387627142248
it:0.003896084428863318
not:0.0034256250487270734
application:0.020967998339868916
have:0.020333831204736193
regions:0.033699303392573224
tom:0.02156663763337929
minimal:0.029376543000335948
completely:0.020437463846815173
mouse:0.024692796461521768
screen:0.04248076329665963
ati:0.029168012506867604
which:0.007340297343849533
down:0.013433895323597489
of:0.008838208434806302
trying:0.015320046721979523
even:0.028622036041466344
but:0.007560036616481935
lines:0.020074898433491573
variety:0.02654895686069819
utilities:0.058753086000671896
using:0.025050233848237735
windows:0.04682739513790059
up:0.03053319023528147
now:0.009385877260671843
over:0.011397390639314534
in:0.0020190875215283007
system:0.012700126870696165
use:0.009447610953109932
and:0.009761865711412241
still:0.011600619785395155
green:0.023910856814498768
subject:0.0001516872550682858
each:0.014465962485003496
i:0.0065079104742748264
period:0.021539836554526227
any:0.005814132194822769
program:0.015776326320364062
the:0.002997881289729188
wants:0.020003040696555393
an:0.010203387938201554
just:0.0066726622924198065
about:0.005596682842737907
is:0.0015265490164242267
time:0.00897448846536201
does:0.01384646379929006
lot:0.014082689706053357
run:0.030418573049856762
full:0.017554900476836666
by:0.005627474288733898
hp:0.0245775426480473
s:0.007050412282454754
