prism.gatech.edu:0.029348488137293648
since:0.012427463499401747
correct:0.04064866385318569
know:0.015327641312525488
help:0.013292501366719235
startup:0.06723333669164867
graphics:0.021855536895277774
controlled:0.030140793886598117
own:0.014077581587254627
your:0.015651331952562266
with:0.003632468178817064
ca:0.012773593764548577
into:0.01112300560858625
from:0.005258212760435873
work:0.01257808983844909
my:0.011803903867457157
to:0.0025680729691133493
compressed:0.033691054625617604
that:0.002154687114499856
directories:0.03530569763454261
helps:0.02627311985175753
nt:0.013305811522778358
re:0.0023226118184979535
anyone:0.010390774842493112
file:0.07549033248343873
charles:0.02556678667660767
brad:0.0593851598694915
this:0.013043041947115998
these:0.020579328858371958
you:0.01380867054431607
great:0.015659942166041472
them:0.00910471535113193
card:0.03802370616787878
access.digex.com:0.027779269406169996
a:0.0026021816009560157
how:0.008169956504528722
copy:0.042442384410724746
also:0.009214267898630847
vga:0.02801479260407244
files:0.10277365107415183
setup:0.027414625922773862
are:0.007986476790077334
book:0.01931489758188617
it:0.008518147322732221
have:0.006350939293759662
try:0.015132855107722935
expect:0.021467211696635947
hope:0.017940754892174192
atlanta:0.029732016131507603
b:0.01901185308393939
command:0.02556678667660767
has:0.006613506048984788
screen:0.023219299193205263
ati:0.031885529200054025
writes:0.004107219819984859
tech:0.02816666276471943
were:0.009635424207902478
of:0.0012077055004083145
3.1:0.0243572793967529
what:0.0114340633912625
but:0.008264387854042363
windows:0.06825359456952798
ga:0.06847660946875406
now:0.01026033787502015
in:0.002207201265770068
logo:0.21125639003572902
installed:0.02487807425686393
bmp:0.03474910037560046
and:0.002371412512365154
for:0.004041600781516446
subject:0.00016581960802495836
each:0.015813722964972764
create:0.02362015957294173
i:0.007114237537095463
back:0.013082960994208307
will:0.007039163632939654
the:0.004213526142795948
do:0.004461601980785693
when:0.008122201508346185
start:0.017500385639021815
can:0.0053699751083087785
did:0.010210627599024628
instead:0.0190542503825133
rle:0.0404403471574275
put:0.015450057761160119
an:0.005577007071812029
thought:0.016674449721687655
just:0.014588677807029639
about:0.00611811292125386
worry:0.02730660267611629
is:0.005006322240198706
3.0:0.02871269923877458
new:0.010708071831574824
change:0.018459683900065138
changing:0.02659887435717705
article:0.005033123480227335
u:0.023488468842192644
by:0.006151773135510348
