another:0.01449349889142862
manager:0.051332004443315
laser:0.032035673071318486
go:0.012715243475778609
purdue:0.03768341803016545
say:0.024804509467549588
k:0.024762490563736358
help:0.013987534117920242
wang:0.07833925229818268
dos:0.02306896964865319
with:0.0038224011554872377
way:0.022645396333941744
setting:0.02811658076707586
insurance:0.029022372683978784
ca:0.02688298818421335
from:0.0055331519897397095
work:0.013235767738498718
name:0.0541614216829461
to:0.006305486353356742
that:0.0022673504930357962
ran:0.02967186597687554
think:0.009410117826984022
like:0.007612020022932505
nt:0.009334360153234491
me:0.007082278956892449
re:0.002444055573713533
happened:0.022041182344695626
so:0.006678500636502746
file:0.11915630911601605
national:0.02126911062083342
had:0.01002881363190938
this:0.006862515534266915
ti:0.049524981127472716
on:0.003313783171498627
you:0.007265346266780678
tell:0.015751797736094465
a:0.0009127477946708465
how:0.008597143772739374
want:0.012369921357595959
idea:0.018120106504972262
quotes:0.03176139726021371
capture:0.03577550686309812
output:0.05342951880959635
setup:0.028848070415467924
no:0.007357815269166731
brian:0.04883761457227162
internet:0.01867015649094514
it:0.004481770323398327
not:0.007881176582692351
choose:0.025972571826060515
pd:0.03561209965914114
try:0.01592411550551237
university:0.015361700010448717
shareware:0.032420251502840926
erik:0.036291770989363675
be:0.007561585060620541
which:0.016887481470817225
claims:0.024551148206592984
writes:0.004321976411879492
of:0.002541707000859329
3.1:0.025630862633184426
what:0.03007980728747161
but:0.013044769063733534
print:0.11493759557790126
english:0.028876799902219807
port:0.027253445329081964
windows:0.035911204985928126
they:0.006097513885671527
who:0.00845132597538463
up:0.008780786734329311
good:0.01058829968208823
postscript:0.032881804229729514
in:0.0011613052411404607
or:0.00440726442943193
use:0.010867840050636263
for:0.0042529263125761305
subject:0.00017448991432691697
i:0.0049908158756965994
any:0.0066881520672471065
will:0.007407224476492055
program:0.03629586186122974
connect:0.030039714577519916
the:0.000492649026136636
when:0.008546891783292392
prompt:0.03802450138422146
can:0.01695227436152379
thinks:0.029607153094635595
chinese:0.03611511299990015
instead:0.020050551056108767
may:0.024327131077644847
jet:0.03326477262362529
actual:0.026551352200841198
address:0.020868113424402684
choosing:0.03715174718406118
printer:0.08521435641623198
him:0.01566349871479286
iii:0.03021401684603077
luck:0.02694633088832432
by:0.00647343447592919
hp:0.05654441184387353
s:0.012165417271686633
