since:0.011980967804812464
at:0.015825718786606546
out:0.014109905378209102
there:0.016487047645098455
help:0.01281492646731615
all:0.0057129810218340795
dos:0.06340513214809469
thanks:0.011936446975545887
suggested:0.026299772149433128
with:0.014007841360228679
someone:0.013194359968042036
manufacturing:0.03324934707408768
work:0.012126182419103616
post:0.015464537751084913
my:0.0056899057564688705
to:0.0008252689581382221
5.0:0.060747494347968486
that:0.0020772732061944722
problems:0.016425588238872895
integrity:0.034324709810465405
think:0.008621245673823684
protection:0.07598752627783766
could:0.01807316353683901
me:0.006488554972482304
re:0.0022391646872944346
greatly:0.023370833232338933
anyone:0.010017453590667014
error:0.022547653647736518
this:0.003143607415397719
mean:0.015828874591795574
hi:0.018868363233619193
these:0.019839951773640032
directory:0.025242390951080218
on:0.006071961978913652
you:0.0033281376611300714
machine:0.01947784044505597
am:0.009786445249708776
none:0.021691678038450863
them:0.008777599829534377
a:0.0016724600309537666
other:0.008259329268454556
ms:0.025030777978353815
wondering:0.021550500011121538
was:0.005302162479649016
invalid:0.03462669096990787
running:0.03625701092750541
idea:0.01660105566024405
ram:0.046585114589619746
also:0.008883216357362674
486:0.028550458606510214
files:0.03963247382739748
setup:0.026429669302793966
are:0.003849768752103147
it:0.0020530265253890538
application:0.022098010226448677
have:0.006122761834103627
due:0.01985115260418253
only:0.007985246935744232
gordon:0.08059606217692851
left:0.017511408284434503
exists:0.022345108161786555
has:0.006375895053212881
without:0.013456350208398174
be:0.006927679726197262
writes:0.003959655036033308
applications:0.02335509597242115
get:0.023611508538163874
if:0.004012876765050355
of:0.0011643148836271776
3.1:0.07044650268641707
what:0.01102325871852253
never:0.013197240903364434
least:0.01441714001620648
windows:0.049351027211200625
please:0.011469553035360808
one:0.0058880892681175
boxes:0.029523625849011862
in:0.003191850932236356
system:0.013384564845763624
or:0.0040377931598987145
ncratl.atlantaga.ncr.com:0.07370324489110296
message:0.05833508781843811
and:0.002286212062819101
for:0.0038963935678092694
subject:0.00015986201731747483
i:0.010287954282685955
person:0.016797571491460186
appreciated:0.02026803664177391
386:0.028258301934836975
any:0.01225493732082404
4mb:0.03473083314183523
will:0.006786259550319068
the:0.0018053964311115043
wrong:0.015828874591795574
33mhz:0.03601472458701759
law:0.018005036678107583
home:0.017541096118930233
edwards:0.07530242324588766
an:0.010753271120499841
problem:0.012668055640991523
is:0.003217636250187592
having:0.015670008337846476
violated:0.032701040526030845
time:0.009458143532357566
does:0.007296340205613924
goes:0.019299564047848366
first:0.011242843289766715
nothing:0.015298538931143166
engineering:0.02315418858217425
already:0.017399918091600908
fault:0.053017964075648065
check:0.01981623691369874
s:0.00371518731051508
