know:0.027419447236851153
ca:0.04570107991316269
my:0.021115872474006696
to:0.006125329600403693
reboot:0.2713524792994518
like:0.025880868077970517
nt:0.015868412260498635
happens:0.08302394477286175
this:0.023332552816507514
reset:0.12369853963344396
locks:0.12738281196328272
why:0.03954939067008903
computer:0.11914235134068069
exit:0.11825137389937762
key:0.07124094158303503
but:0.014784071605564672
using:0.04898712396988713
windows:0.12209809695215562
us.oracle.com:0.14037199728677494
system:0.04967160731650056
use:0.03695065617216329
still:0.04537131293843438
subject:0.0005932657087115177
i:0.021210967471710546
hangs:0.13136166155103793
the:0.005025020066593686
do:0.01596262042014437
when:0.029059432063194134
would:0.02072554769120836
can:0.019212577609726965
because:0.03921605108654475
eric:0.17724571023638247
whenever:0.10540519943770743
