some:0.03198731164748915
at:0.01206801386923878
out:0.016139412316170682
know:0.016902398981620572
help:0.05863267726141909
thanks:0.02730666636871456
lan:0.08574769128856059
except:0.04416933450690155
that:0.0047521181566366685
memory:0.04632372912557966
like:0.015953959774091413
nt:0.02934569390640158
luke:0.07319576345466805
me:0.014843680553486912
need:0.02631783549996214
anything:0.06359564795395627
bitnet:0.0668528187980976
on:0.006945326373140957
you:0.007613684786420847
specs:0.06638202916105367
etc:0.03181265736244158
os:0.06505959180430508
how:0.01801867119491951
hard:0.03704429318596588
other:0.018894629970300145
drive:0.03868224313432861
advance:0.04333563310515958
internet:0.039130601960474055
it:0.018786598889861478
have:0.007003433056817162
date:0.049010947805251
exists:0.05111826113723773
be:0.007924126810102346
intel:0.06925491314710941
requirements:0.06666255698767751
well:0.02305298507059376
windows:0.1128989252639795
please:0.026238566532948693
email:0.03758765286257453
in:0.0024339685191026093
replace:0.06022415110759895
speed:0.04600637214912028
subject:0.000365711738246826
space:0.041883736404289086
i:0.005230101568366984
appreciated:0.0463666043722773
information:0.03340851074635294
the:0.0010325383698480178
ibm:0.05397900094684475
would:0.012776022549375014
can:0.01184336975942073
address:0.08747455764201673
about:0.013493372333176322
is:0.007360893887415449
new:0.023616432395665025
else:0.034610304456685705
questions:0.04142707311295221
nothing:0.03499802741782067
release:0.05443566423818162
s:0.008499127135013948
