configuration:0.020622756411725368
ideas:0.04691730830921048
there:0.003990343415552815
help:0.01860950191340693
happen:0.01470274880942311
dos:0.07672939904878125
document:0.019803623355767384
printing:0.02112823382962042
sounded:0.025294559616460363
where:0.00803242086188592
with:0.007628183175515835
c:0.06746341814162504
microsoft:0.01852001779886667
ca:0.008941515635184005
efficiency:0.026149821765356254
config.sys:0.025452679808507645
to:0.0011984340522528964
5.0:0.06616194493115697
w:0.013453655891431974
256k:0.02605631652526511
keyboard:0.019759926243360853
might:0.009248196242949765
appreciate:0.033384463786212994
that:0.0015082809801498993
reboot:0.05309070247163186
problems:0.011926405373442492
configure:0.025533949952038743
memory:0.01470274880942311
nt:0.00310468935531495
me:0.004711255132193673
sitting:0.01973824128026938
happened:0.014662177820601873
greatly:0.016969257173046093
anyone:0.007273542389745179
this:0.006847597022235899
lh:0.07932913417601048
off:0.009493293251984133
ide:0.01969519314556194
path:0.019286646222003975
best:0.010587722086788844
something:0.008655049205058794
two:0.00810778014197092
recently:0.014388311150381257
on:0.00440877239338513
set:0.011519193844025744
machine:0.08485563533020035
disclaimer:0.016321980552496465
am:0.014211620493055353
purchased:0.020812411292055324
state:0.011555275595393984
card:0.026616594317515146
a:0.002428702827558948
hard:0.011757536532936997
looked:0.01619566610643341
following:0.011901366404520702
wise:0.02127974135714289
3.5:0.02086815341565994
compatible:0.01958940140356398
drive:0.0122774076035043
also:0.006449987529041593
video:0.015198744316804446
college:0.017910936089428925
files:0.014388311150381257
bios:0.0209818285465483
meg:0.020242237376870774
pa:0.022520266558299855
it:0.004472027344434417
not:0.0026213478633737605
have:0.002222828752815882
systems:0.013045291827315699
suddenly:0.021188204795413185
after:0.016775771197086533
b:0.026616594317515146
mouse:0.07558142916917968
has:0.0046294542342893525
floppies:0.02445040303193446
g:0.015369573743528271
if:0.005827394954464429
of:0.0008453938502858202
monitor:0.016292503652560034
com1:0.02786570955667777
5.25:0.02471398834417983
3.1:0.06820038231090812
echo:0.02561676819104176
using:0.009584437298456178
windows:0.07166627429800439
dbd:0.02537290094473288
necessarily:0.01690114362198349
170:0.025875130888740897
one:0.00427526481641575
code:0.014089184827529114
in:0.0015450408860390476
citizen:0.021218503357657067
1024:0.027338053656659214
seven:0.04190625984065006
or:0.026386100518816385
douglas:0.03922070964570142
use:0.014458952415194331
and:0.005809960655294629
for:0.0014145602735307565
subject:0.00011607372561747085
p:0.014635339302745
twice:0.01961035482285071
i:0.005809960655294629
any:0.017796300283283606
will:0.004927414543057758
the:0.003604905699947645
do:0.006246242773099971
when:0.01705662316752699
hello:0.016823003437616398
prompt:0.025294559616460363
would:0.008109996922646748
can:0.007517965151632291
meant:0.017702866432134857
may:0.008091415336694916
thought:0.01167211480518136
slots:0.024082762214421145
problem:0.018396219930831167
just:0.005106037232460374
cache:0.021098555720618684
here:0.007827830024449547
expressed:0.017868517937492553
is:0.0011681418560463648
having:0.011377788662697223
vesa:0.06885328970938952
reflect:0.02057005484419343
ami:0.025875130888740897
accelerator:0.023042633131526213
opinions:0.024831392656696018
give:0.010274940310243508
documentation:0.019465758206518177
sometimes:0.04571095205631978
