some:0.011675368751333542
out:0.011781770990804599
there:0.009177789855771475
know:0.024677502513166038
thanks:0.01993386644916163
where:0.01847456798233762
access:0.10057130604055577
enter:0.04737154928620452
your:0.012599322221812625
into:0.017908039029823863
someone:0.0220345811466302
gain:0.04585605030493252
download:0.05748755840298932
to:0.0055127966403633235
nt:0.007140785517224385
sometime:0.052083714142913975
me:0.03250766041213634
re:0.0037394050277817052
articles:0.04211888620699667
this:0.00524982438371419
hi:0.031510166600144045
on:0.010140176504785799
you:0.016673969682261654
arthur:0.10686581464381537
compuserve:0.15654382767710284
hostname:0.07204043072905775
as:0.008001141602170185
let:0.046102754855056494
also:0.014834971316795665
files:0.03309311564587689
are:0.006429113816012255
those:0.018559156542875602
internet:0.057130678862292124
works:0.029751259935507403
it:0.0034285542973997198
discussions:0.047996752856017864
have:0.005112506131476529
try:0.024363896723433927
hopefully:0.04622744577442708
site:0.03905564197438607
craig:0.18259942973162063
network:0.03673489670029577
which:0.012918923325175177
writes:0.006612623910175624
get:0.026287479505822445
if:0.013403008395268185
key:0.03205842371236576
but:0.006652832222504103
well:0.016828679101533447
please:0.0383083071381051
login:0.05512367062234702
email:0.027438986589679408
and:0.0019089870724539493
subject:0.000266969568920183
i:0.007635948289815797
ago:0.028611657253646443
will:0.011333053449032845
the:0.002261259029967159
prompt:0.058177487117858834
can:0.034582639697508535
refresh:0.11985905601621949
cis:0.060819002868274706
figure:0.03692497634074753
thru:0.05160969175396813
lewis:0.099511319041309
telnet:0.11368434638322722
seem:0.02759712554895738
