some:0.00926616567566154
all:0.007571966909891199
small:0.023720205557666754
means:0.04499357492759925
chris:0.0913511248314119
thanks:0.03164105785581211
where:0.01466235554153779
access:0.05321233123838929
much:0.013866641821904216
custom:0.04231937219050938
from:0.006718827416112504
wrote:0.020441071227721118
post:0.020496649241517305
mirrors:0.04474926812007989
name:0.021922480205001992
located:0.03878788368983946
to:0.00218761771442989
archive:0.03851323663287537
software:0.022347507051438543
appreciate:0.030469947106464237
direct:0.03169663192519186
that:0.005506422625944076
really:0.015487267803102585
nt:0.011334580186070451
me:0.008599910161940831
australia:0.036818204090827276
need:0.015247634853152668
re:0.0029677817680807184
managers:0.17806329834678644
so:0.008109607915753334
anyone:0.013277101187630088
voice:0.02878170080504895
this:0.00833305457732411
these:0.013147904548404307
directory:0.03345618483198727
you:0.004411103090545411
inc:0.029055678538130167
3:0.03716612610535904
a:0.0011083366078145991
ms-windows:0.043645198259264675
given:0.022125298088740326
503:0.04723238178103497
are:0.005102471282549408
those:0.01472948931974254
internet:0.022670904310433383
deleted:0.08365189278567468
have:0.00811508909758179
shareware:0.03936744825344969
site:0.030996541249512746
sites:0.0361494712049722
which:0.02050622750027806
recommended:0.038957352931669374
found:0.04245270643265075
were:0.012311930932319833
3.1:0.06224638068059075
using:0.01749540141781683
windows:0.021803231598599218
must:0.018392543075234104
archie:0.04723238178103497
who:0.010262324398681334
email:0.021776973483872544
in:0.0028203127284839756
u.s:0.02799795556348173
or:0.010703356471477543
and:0.003030138210244364
for:0.0051642676652710155
subject:0.00021188061025411345
however:0.019024594477753277
i:0.010605483735855273
information:0.038711448960059756
review:0.1371949042748821
the:0.0029910833729724323
do:0.011401871728674549
can:0.006861634860616772
an:0.007126175702870926
people:0.011946612222802518
about:0.007817588732713265
win:0.026900598441494773
else:0.020052001788397274
2:0.015463567873773084
1:0.01554384041210086
very:0.0138352578712972
three:0.023162603225972005
resort:0.045237822826424606
needed:0.026474783255047783
jamie:0.09479205383512923
s:0.0049240974671112565
