say:0.018787574002648945
mb:0.045197878646440745
funny:0.04456204109461606
to:0.0027291072477046156
mail:0.030339757473622338
that:0.0034346992617274932
like:0.011531079836719537
nt:0.014140169341038386
me:0.0107286007960846
need:0.01902180189601224
re:0.003702381215625451
so:0.010116936607771486
mean:0.026172495612176837
big:0.027482975780866906
you:0.038520722038228254
serious:0.03561379838652941
am:0.03236309617230427
them:0.014513457143883574
8:0.05846517390839339
a:0.0013826773523231634
old:0.05243392242262028
drive:0.027958452958475134
are:0.01273091844754902
not:0.005969406025504603
have:0.005061887258887652
calling:0.040722778411360974
laugh:0.050221938396587805
whether:0.028291669157245788
kind:0.027282442544188712
disks:0.21335202543532242
writes:0.013094304772624996
get:0.013013603715753686
were:0.015359438588834646
if:0.006635152670924844
of:0.0038503086250641317
5.25:0.05627937939763723
looking:0.05136406624567612
but:0.01317392519307743
forgot:0.04752153748120581
well:0.01666205851636975
please:0.018964508484210444
they:0.009236827965423204
newer:0.04867174967686959
in:0.001759204969252381
lying:0.048529286929819095
or:0.006676351066367181
better:0.02214075120100399
and:0.0018900862103504448
word:0.06076983200323601
for:0.009663827611249723
subject:0.0002643263058615673
i:0.0056702586310513345
20:0.0311369539446101
any:0.010131557091968389
the:0.0037314505445002625
do:0.02133617580910386
nathan:0.06093288067729798
moore:0.05597470950984759
around:0.0234375686450855
would:0.009234154911924516
rid:0.045716373552552786
is:0.007980375056158333
right:0.01920666924544851
tapes:0.15499388878921072
appropriate:0.0400396806738664
article:0.008023097824916841
