at:0.0151890519388695
know:0.02127370906307417
knows:0.060240713985193706
thanks:0.03436873525717522
ca:0.03545773441538485
to:0.004752410896864934
formerly:0.09481543070116119
software:0.048548032560021666
been:0.025297248055542055
that:0.0059811142316289105
nt:0.01231169916762825
me:0.01868256345525077
anyone:0.02884335775243778
this:0.009051421351231362
he:0.027416089784831642
contact:0.06000124653414772
working:0.054629982943217366
m:0.023600253657173657
a:0.0024077657342179226
how:0.022678672366019385
was:0.030533142555220192
let:0.03974375418539353
it:0.005911300512758138
have:0.00881466574392505
uucp:0.07299359667820816
tom:0.32721795029954787
connection:0.07423734716383615
g:0.060948309672612104
if:0.011554317582127747
of:0.0033524238890644594
trying:0.046488417639110276
even:0.0289510249614832
looking:0.044722161127700756
but:0.022940800767255527
please:0.033024402705263016
find:0.0729809219887376
who:0.022294015072997383
thomas:0.06351732782808793
for:0.011218926307312896
subject:0.000460292360207212
keeper:0.10568152303132285
i:0.0032913570214723265
world.std.com:0.07924269535104392
the:0.0025991483103070794
may:0.032086647024824666
newsgroup:0.0662786869064543
engineering:0.06666809471074309
faq:0.06693267349823723
