pc:0.03583701141933208
there:0.009868591242765026
tel:0.02185724773816332
nick:0.05350070916199409
uni:0.033087209400038155
case:0.013288231759713741
means:0.015239759249670715
existing:0.04655560920812958
access:0.0360470630969734
fax:0.016444319031631127
with:0.0031442332085459537
way:0.01862766472630692
setting:0.02312815514711079
ca:0.02211342576443356
from:0.009102927466991135
work:0.010887486365539269
config.sys:0.09442123154768965
my:0.015326036473069375
to:0.0066687056133427295
obviously:0.019795124090462135
most:0.009981696042833537
software:0.015138633809039015
next:0.014399892600802018
make:0.009462798297579053
that:0.00373015726273631
think:0.007740580793164276
13:0.02117063738960464
like:0.00626150034144448
nt:0.015356527994030937
its:0.022234672645528714
re:0.0020104328106353257
consultant:0.06181457892794551
this:0.002822486227803328
off:0.011739018537399734
something:0.010702480199803887
fair:0.022702685681741306
on:0.0027258538991359674
used:0.01061539520611218
letters:0.050428051699174775
3:0.02517705316814645
onto:0.023409476754647024
a:0.0015016173396197798
other:0.007415634343182317
j:0.01642004655660679
as:0.012905067100274491
drive:0.07590870292489217
are:0.0034565128043076644
no:0.0060523964310887635
z:0.05366742084517651
d:0.019589722821258447
log:0.029636382055025282
it:0.0036866175240857202
should:0.008832323345341288
statement:0.018673115159638744
have:0.002748659210471252
drives:0.1087914691332167
try:0.013098869206147274
machines:0.021214766316582218
novell:0.06181457892794551
command:0.022130390617923847
device:0.021581477338230248
network:0.019749944462524607
chain:0.02800199685102902
list:0.01565391718775043
be:0.0031100067588036096
which:0.006945657701707086
writes:0.003555174145255712
applications:0.02096936036233512
if:0.00720591849207967
end:0.014538889261158653
of:0.00418151796915567
w4wg:0.1956492216413843
but:0.007153583034950648
particular:0.01823145939830004
seems:0.01266928542677999
well:0.009047676936308306
up:0.007222905216948305
in:0.007642137715892064
thomas:0.019806478570048927
use:0.008939674880362087
opposed:0.02407056122311388
and:0.0030790114071837893
still:0.010976930549621223
for:0.0034983748700223014
i:0.008210697085823438
allow:0.01885093909341179
will:0.012186078977454672
the:0.003647191983817998
do:0.0038619242951962187
thing:0.012171679758736327
64:0.05445136461730649
put:0.026746874188675048
problem:0.011374006946481637
about:0.005295785915708987
f:0.01997973773337015
general:0.015851776145631997
is:0.002888952977318967
run:0.014391582948319328
first:0.01009438080317764
guess:0.016108372381374483
change:0.0159785435909166
leave:0.018995602818787725
article:0.00435662838879893
adds:0.029098298944503866
s:0.003335678929333432
