basically:0.03354022690810159
some:0.00997894765071243
there:0.007844264833992714
send:0.025071342913471992
dos:0.06033422831186219
with:0.00499852458794485
user:0.03232173917600868
much:0.014933306577435312
creating:0.04183197018925526
c:0.04420679821246085
microsoft:0.036406872596062685
to:0.0023558960001552665
everyone:0.026132587671052167
considerable:0.04769590192717708
visual:0.04380001308740118
software:0.024066546055395356
been:0.012540516130097773
that:0.0029649967985852723
nt:0.006103235484807167
its:0.01767371415413821
clarify:0.04769590192717708
re:0.003196072673317697
tools:0.03802968253135617
ide:0.03871704635452347
amount:0.03178134197971648
you:0.009500837425790118
etc:0.01984892296972851
m:0.011699271043727113
more:0.010866829280519026
sure:0.018649948890249606
a:0.004774373079816736
lists:0.04048850366342267
as:0.013677165131914847
assist:0.0481915195139322
capable:0.03750238706977207
compiler:0.09563427624737905
product:0.06822047731190699
no:0.00962175842891034
d:0.015571318139974664
it:0.002930388288375829
not:0.005153076996375769
should:0.014041129420798973
have:0.013108990080709046
received:0.033070861458562154
only:0.01139774562623322
call:0.022709026478621434
regarding:0.033820481804024596
be:0.009888226617734553
which:0.011041814807842033
considered:0.02942600818130096
if:0.005727781365499225
of:0.011633197427010005
version:0.026670688954406708
lines:0.03019813781448305
windows:0.04696080652005986
ed:0.033915980099735066
they:0.007973672004339691
who:0.01105173396781067
thousands:0.03656905978802
pro:0.03846808675689079
called:0.022925252101339607
code:0.027696688122493134
in:0.001518629930722141
or:0.005763345792334063
and:0.001631612882439273
for:0.005561519024138017
subject:0.00022817911873519915
i:0.001631612882439273
specifics:0.050194944350161634
info:0.02517432016574699
will:0.009686370469258842
the:0.002576933367483942
upgrade:0.037799704301271345
quickly:0.0362793029360911
developers:0.04972434796398192
an:0.007674343064630229
many:0.01583932502203499
is:0.013778083430290456
significant:0.03558057943165783
although:0.027006320143203064
very:0.014899508476781603
initial:0.03937314905718876
difference:0.027411571340464846
comes:0.025847661002098392
registered:0.04419035528255664
by:0.008465260468522789
happy:0.032462351183632665
producing:0.047227455461407886
