know:0.021646932029093013
knows:0.06129756861651289
thanks:0.03497169552484496
c:0.04537013500752561
ca:0.03607979993144423
to:0.004835786526634494
line:0.09908083329143819
mail:0.21503968454988462
grand:0.08797871342489003
me:0.01901032772639552
anyone:0.029349381572655986
off:0.07661254203355615
am:0.028672567661427464
reader:0.09038162316301561
a:0.002450007238327009
let:0.04044101303075131
act:0.06546724671962025
international:0.0695678003638841
internet:0.050114630580958
kevin:0.23713485909577448
it:0.006015007539297753
love:0.11481464702391046
ave:0.09171894536280303
if:0.011757024908129987
of:0.0034112383432585726
looking:0.04550676044573059
using:0.03867404523938457
windows:0.048196617217956164
please:0.03360377819132026
they:0.016367010956276205
good:0.028421225462447353
called:0.04705709641853919
or:0.011830025573738339
few:0.0400987280860752
for:0.011415749575862244
subject:0.0004683676647722508
i:0.0033491001271121917
any:0.01795240818050539
program:0.04871286723480833
the:0.0013223737017351805
sins:0.09022140415313362
william:0.07143261893668451
an:0.015752598922135732
is:0.004713554857730945
readers:0.07982097504906212
suite:0.09279339492842968
hear:0.05813476428524223
