believe:0.02896895840440454
help:0.028534569600557294
fax:0.040781911198445195
with:0.007797698357193965
adrian:0.08681194523127772
corporate:0.07139285377051859
name:0.03682976674440335
melbourne:0.07756998282381178
to:0.001837598880121108
publications:0.15374834556307504
software:0.03754381184641676
been:0.019563205162952523
me:0.014447849072060598
australia:0.06185458287258983
phone:0.03916462834946092
this:0.006999765844952254
tools:0.05932630474891562
contact:0.04640096398640757
these:0.022088479641319235
you:0.014821306384232584
a:0.0018620055011285268
steve:0.042762051291125154
03:0.1745936943071121
proceedings:0.07855808911919474
have:0.01363334968393741
systems:0.08001112320753628
able:0.035166203014808925
be:0.007712816761832952
of:0.0025925411408765156
produced:0.06121102632632538
kit:0.06881292233862418
reading:0.04381762728483988
street:0.053173713070914744
windows:0.03662942908564669
administrator:0.0734982274964627
they:0.012438928326769917
called:0.07152678655617957
email:0.03658531545290588
or:0.017981638872082276
and:0.005090632193210532
for:0.008675969677655307
subject:0.00035595942522691063
i:0.005090632193210532
group:0.03596154579742194
information:0.0650352342529004
the:0.0020100080266374745
relations:0.06425626508899676
thank:0.04840659075692686
would:0.012435328614725015
conference:0.058110712920405046
development:0.0518301737740827
developers:0.07756998282381178
an:0.011971975180823158
address:0.04257095138578148
about:0.013133549070958287
unit:0.057201877567992214
pitt:0.15374834556307504
request:0.052004013698591096
sessions:0.07498123596459902
by:0.01320580633089555
assembled:0.08140574378983553
s:0.00827248374474691
