408:0.25699460604964147
nanao:0.1555454756029587
thanks:0.04861918646136983
with:0.014264082360720668
compared:0.10055582014423467
post:0.06298970254710197
ext:0.13319692116700368
to:0.006722922732150394
positive:0.10797560976381983
appreciate:0.09363934964425595
responses:0.10819338124538816
this:0.012804449716376074
you:0.027112145824815703
d:0.08887044987205052
systems:0.0731809053727466
summarize:0.13981040337433467
if:0.03269026437870289
monitor:0.09139697170948312
negative:0.12043477131908789
230:0.14189631004355813
email:0.06692435753580343
or:0.03289324183917489
subject:0.0006511452900492268
i:0.013968198091126456
sought:0.14189631004355813
got:0.053954971259282294
can:0.021086975425310083
17:0.09590984776781722
multiple:0.10473230042989788
experience:0.16157184267293404
especially:0.07622672457310589
integrated:0.13444797712767567
