school:0.020662070885205143
some:0.006633732245075876
24:0.020812975845843525
at:0.010010966050618535
say:0.010781505535611042
agate.berkeley.edu:0.03336823005095972
programming:0.02493056413160984
mb:0.02593741899596884
small:0.016981510796965974
funny:0.025572534946342172
to:0.002349203113791189
remember:0.015810363843870637
80:0.022708304701496075
mail:0.01741088355020373
that:0.005913147024451309
gee:0.02877259607619036
like:0.006617267406299279
nt:0.008114528996845892
me:0.006156753865934913
need:0.010915920406234297
re:0.002124661947603242
so:0.005805742030596137
this:0.0029828547634739716
mean:0.015019443504715117
big:0.03154296083940406
on:0.0028807319615868745
you:0.02210564162421053
used:0.011218542661004919
serious:0.020437463846815173
machine:0.018481814513206515
took:0.019178418616003858
went:0.01853671173429593
am:0.018572004053424608
great:0.014325288004162938
them:0.008328745292796823
8:0.050326555949554534
a:0.002380404759965446
how:0.014947306786694595
was:0.0050310291710306005
old:0.060179842780507364
local:0.017365815067704272
drive:0.01604433948185221
college:0.023406336935049163
are:0.0073058111545593815
no:0.006396282591946079
those:0.010544975308452047
early:0.01990193806132546
not:0.006851250097454147
have:0.0029048330292480275
drives:0.022994560521338987
calling:0.023369321701974196
laugh:0.02882054419349641
whether:0.016235560141374002
kind:0.015656401687290114
tom:0.02156663763337929
classes:0.02948375029751994
disks:0.14692196297023338
g:0.020085238414838082
writes:0.011271518028708448
get:0.007468033950517741
were:0.008814223281092609
if:0.0038076728395648254
of:0.0022095521087015756
even:0.009540678680488782
5.25:0.032296689313416824
looking:0.02947596983416641
but:0.007560036616481935
forgot:0.027270882304555606
well:0.00956174948950764
please:0.010883041800598039
they:0.005300679684703089
newer:0.027930947257749025
in:0.005047718803820752
thomas:0.020931846670619886
floppy:0.025028528940896806
lying:0.027849193067680276
system:0.012700126870696165
or:0.007662630201171424
better:0.0127057719960307
and:0.0021693034914249424
word:0.034873596774584306
for:0.005545719254183079
subject:0.0001516872550682858
i:0.005423258728562356
we:0.007657635827920284
back:0.011967935909474646
held:0.02309913681419532
mention:0.02144701599020979
world.std.com:0.05222814011773349
20:0.017868365615941025
any:0.005814132194822769
the:0.003854418801080385
do:0.012244055435906192
nathan:0.034967164479585776
moore:0.03212185034371936
around:0.013449968370191112
would:0.005299145716502137
rid:0.026234964368226317
an:0.005101693969100777
about:0.005596682842737907
is:0.006106196065696907
right:0.011022009055626702
disk:0.05967577813295252
tapes:0.08894535663471752
appropriate:0.022977316750343788
matter:0.01716422165852581
article:0.00920832818541592
high:0.01589388537296319
s:0.007050412282454754
