read:0.024376377009655077
at:0.004736371034701242
know:0.006633737234722053
tank:0.024941364061528158
all:0.010258793877917111
thanks:0.010717132499549264
access:0.0180235315484867
text:0.01944389103889015
with:0.00943269962563786
85:0.026668271397498184
missing:0.023213158405318544
from:0.004551463733495568
download:0.030907289463972754
my:0.010217357648712918
to:0.0066687056133427295
wrap:0.033506357472455964
w:0.033272482312143595
slightly:0.02327780460406479
80:0.042974856209282895
basic:0.020535767793333336
ms-dos:0.02784764144305896
mail:0.04942444362638477
width:0.030394869142444127
format:0.02161319627439793
that:0.00746031452547262
like:0.01252300068288896
really:0.010491374963392076
mainly:0.025874529468433324
me:0.005825745593572821
so:0.010987210724569034
reply:0.019307508168576046
something:0.010702480199803887
unix:0.02130412589312007
m:0.02207765664703342
a:0.003754043349049449
other:0.007415634343182317
same:0.010441362099616196
ms:0.08989548220182983
ama:0.02709182450423536
as:0.008603378066849661
ascii:0.02832467432267554
avail:0.0315742391880049
whole:0.016085567070039195
advance:0.017008071057401344
converts:0.031473743849229886
based:0.016241414042476036
display:0.01981785708029827
files:0.017791997659073598
setup:0.047459728748027875
no:0.0060523964310887635
works:0.015995301040595378
d:0.009794861410629224
yeah:0.021259260452624475
it:0.0018433087620428601
have:0.008245977631413756
ve:0.019625093537929402
crack:0.028107418740213837
settings:0.02704793573735815
messages:0.04704344367081615
editors:0.1023644006621702
has:0.005724593945626619
public:0.015934110742261257
screen:0.02009842564573144
his:0.009916285169383102
get:0.007066526748877002
of:0.0031361384768667524
col:0.06857381182496029
3.1:0.021083451520845255
looking:0.013945620136594861
what:0.009897226913942271
but:0.014307166069901296
maintained:0.0286679618064741
oh:0.017364065506136957
using:0.02370344708220345
well:0.009047676936308306
windows:0.05907972433168821
shut:0.02537170119955793
up:0.007222905216948305
now:0.008881260203646475
box:0.0170351559715409
author:0.021741977140110252
in:0.00477633607243254
system:0.02403464870153253
use:0.008939674880362087
message:0.017458709078278074
and:0.0010263371357279298
word:0.03299867221681096
for:0.0052475623050334515
subject:0.00014353202630117365
editor:0.07447344723883599
i:0.011289708493007228
experienced:0.02745646211895988
wider:0.0324539672728533
world.std.com:0.0494201755952747
the:0.0028367048763028877
thing:0.012171679758736327
would:0.005014245409163312
an:0.004827409347106112
long:0.012797372285530026
is:0.0014444764886594834
max:0.025600516330841778
run:0.014391582948319328
dead:0.0184477534129631
various:0.019164403109436498
very:0.00937227146120133
sometimes:0.01884143185117124
everything:0.033222177246486594
s:0.003335678929333432
