laser:0.03427592992945264
go:0.013604421341217672
at:0.006160594492688329
fast:0.024348237237398863
where:0.012919278309327006
your:0.01762142968085682
from:0.005920085695315913
wrote:0.018011013809040986
both:0.015704224351805858
except:0.02254798195107562
my:0.013289709948675543
to:0.0038551025457086176
ink:0.21431917258100439
cases:0.02573276642298176
family:0.0275557137700676
mail:0.021428779754096895
been:0.010260422288261814
that:0.004851812943139536
think:0.010068168024675212
like:0.008144329115445267
really:0.027292248156516447
nt:0.004993556305751318
could:0.010553210876405995
need:0.013434978961519135
re:0.0026149685508962974
had:0.010730129270504441
getting:0.01896644456101179
student:0.028132989315864835
empty:0.03559098049940328
these:0.01158486694474785
on:0.007091032520829229
you:0.007773412439282823
used:0.013807437121236821
dry:0.0361557452311827
material:0.02952936739023694
deskjet:0.13251901841758473
m:0.009572130853958546
seconds:0.03236478772665767
a:0.003906305247122784
hard:0.01891072309493363
intelligence:0.031609023939738634
was:0.006192035902806892
awful:0.03518123109894136
mind:0.021186404216854107
no:0.007872347805472097
it:0.0047951808355240835
not:0.008432307812251258
should:0.011488196798835521
have:0.007150358225841299
try:0.01703769001638736
ve:0.012763172720471568
bubblejet:0.04604897807342343
completely:0.025153801657618675
acid:0.03662888263309749
has:0.007445975341863993
500:0.029159280666780002
without:0.015714758634982482
printers:0.039534585038423824
writes:0.004624212524598338
get:0.018382852801274437
were:0.010848274807498596
of:0.0013597243745855849
key:0.022418478120535493
but:0.00930466045105469
saying:0.021094791461289786
drops:0.03912311301029142
ed:0.027749438263419596
now:0.011551848936211499
canon:0.039023919758599424
in:0.0037275461935907094
pictures:0.06503697275008144
office:0.02552963575556756
speed:0.023485770397802665
use:0.01162782886536607
and:0.0013349559947230414
few:0.01598340909724676
for:0.002275166873511007
subject:0.0001866920062378902
however:0.016762929399978414
i:0.006674779973615208
the:0.0036897000488974622
do:0.005023202230115361
when:0.00914457652338277
moore:0.039534585038423824
colour:0.036987576999444
bought:0.025615970271807415
is:0.0056364886760279145
unlike:0.032251690808856266
issue:0.021897622429824147
does:0.008520900799563113
man:0.020266079292274117
gone:0.027479702076103237
pages:0.06288101918606384
nothing:0.01786612588462174
count:0.029813780255488184
article:0.00566666349871749
opinions:0.019969301786853442
before:0.014868491379179331
by:0.006926122201518644
hp:0.06049856651827028
rain:0.07949954292533372
august:0.03495743577666043
