at:0.004541056765229026
corrupted:0.0308915092825308
know:0.00636018106009434
traffic:0.022551753924669595
all:0.004917875415702532
thanks:0.010275188891320428
cut:0.018871213895898978
with:0.015072870535813075
ca:0.010600765959238768
times:0.028973980840134295
loads:0.029220170786728842
both:0.011575794238702258
except:0.016620419685586668
name:0.014238311885722943
my:0.009796023312683519
to:0.0035520596909557494
then:0.008226187369978367
been:0.007563094779491955
make:0.009072579811080946
stacker:0.03159550688565322
that:0.007152672689370656
ran:0.02340100770341215
problems:0.014139552762328728
think:0.007421381585198738
protection:0.02180398090790187
like:0.006003294141797284
nt:0.014723269107679144
me:0.005585508661879096
happened:0.017382994323393974
so:0.005267064934973815
anyone:0.008623271905367996
had:0.007909322091145027
derek:0.02841426320739537
this:0.005412190086303288
module:0.029063957645000343
programs:0.018212278991208846
begins:0.0275427357329421
on:0.00522689510555969
you:0.002864943244374855
fix:0.022422881232889092
am:0.008424414209800854
etc:0.011970742203392967
a:0.005038932412847817
hard:0.027878694871912465
other:0.014219669977648565
was:0.004564232650007142
as:0.004124299794933084
running:0.0468163981306191
ram:0.020050809630068292
drive:0.029111378853669986
causes:0.04399125050901769
it:0.01237107220711239
not:0.012431134197442574
should:0.008468103825945771
have:0.005270624877810854
due:0.01708836332421898
being:0.02005983432912524
try:0.012558709651254602
only:0.006873898135408694
moved:0.022982501751195587
able:0.013595181577890046
after:0.039777601807524765
has:0.010977056431820113
loading:0.058762532743603095
get:0.006775123583974857
down:0.012187451427593598
if:0.003454383607027883
of:0.0010022710596172095
but:0.006858589920107322
nec:0.027960102034662034
anyways:0.029141472476776325
windows:0.014160861759914956
please:0.009873275035594096
up:0.013850106910849326
pro:0.09279930207332417
net:0.01708836332421898
box:0.016332675312920656
email:0.014143807520453303
in:0.001831749504066912
logo:0.029220170786728842
system:0.011521764583724356
or:0.0034758322562014705
and:0.004920069774365848
subject:0.00013761317985576442
twice:0.023249389738431256
i:0.005904083729239018
any:0.005274676630354676
actually:0.012599557356191157
will:0.0058417801283674456
than:0.007374233413502377
the:0.0011655974381274015
do:0.0037026696850850343
when:0.006740589911565649
compression:0.025084364227321947
problem:0.010904975732193734
newsgroup:0.01981527752873376
btw:0.019339126394037807
general:0.01519809465509047
is:0.00415473134367006
3.0:0.04765716059219286
having:0.0269782617775295
managing:0.030572563902540654
compress:0.125885170809024
right:0.009999348421599483
disk:0.018046283421648872
time:0.008141803968575844
keep:0.013656776206834644
does:0.006280870176997552
run:0.013798115610244303
first:0.019356235354546815
ami:0.12270680627650322
difference:0.016531720859971063
already:0.014978280006687378
before:0.01095976426403425
despite:0.021976136992447475
fault:0.04563917526099601
by:0.005105337499057557
data:0.015125492903122744
s:0.003198125159051641
