pc:0.016100686289844846
there:0.008867429812339588
k:0.018302710416674698
nick:0.024036550493069807
dos:0.03410195513279167
case:0.01194015027684423
means:0.013693696717095423
existing:0.04183257638991353
access:0.03239011466684565
with:0.0028252530279688276
ron:0.020470040271618528
way:0.016737901638130853
setting:0.020781820566969113
ca:0.019870034744853344
from:0.004089721035894568
work:0.009782958763238182
config.sys:0.08484226602835881
my:0.022952035297833365
to:0.005992170261264482
obviously:0.017786923095777566
most:0.00896906021240115
h:0.017068512677751287
software:0.013602830379136505
next:0.012939033931155435
make:0.008502804267389872
that:0.00335173551144422
think:0.006955304480814276
13:0.01902289156747083
like:0.0056262756691240244
nt:0.013798619356955333
its:0.01997898121772145
me:0.005234727924659636
re:0.0018064758588317417
consultant:0.027771767344439282
this:0.0025361470452725556
off:0.010548103613315702
something:0.009616721338954215
fair:0.020399514670550158
on:0.002449317996325072
used:0.009538471054767466
letters:0.04531216239635994
onto:0.021034602301277034
a:0.00134927934864386
other:0.0066633236127145445
j:0.02950848946404698
as:0.011595857394449542
local:0.014765137448869333
drive:0.08184938402336199
are:0.0031058520850300747
no:0.005438385198949323
z:0.04822289988986875
d:0.017602359636493096
log:0.026629792571182136
requires:0.01939205210101848
it:0.0033126128477291975
should:0.007936290542190721
statement:0.01677874115793626
have:0.0024698097253509797
drives:0.15640744547847965
try:0.011769998417117839
machines:0.01906254364678402
novell:0.08331530203331786
command:0.01988527852625041
device:0.01939205210101848
network:0.017746326908355443
chain:0.02516121456179419
list:0.014065838632471399
be:0.002794498826751069
which:0.012482051521908384
g:0.017077304159475854
writes:0.0063890086088653365
if:0.006474883282738254
end:0.013063929481041106
of:0.002817979500952734
w4wg:0.2461210498329298
but:0.006427857219810726
particular:0.01638189105354496
seems:0.011383995600874773
well:0.008129796667407463
up:0.006490146716678186
in:0.007725204430195238
thomas:0.017797125671638162
use:0.024098254025323885
opposed:0.021628620229464643
and:0.004611079885154467
still:0.009863328899659648
for:0.004715200911769188
subject:0.00012897080624163428
i:0.009222159770308934
allow:0.016938524982485954
will:0.010949810095683906
the:0.0032771869999524044
do:0.0034701348739444283
thing:0.010936871667270321
put:0.02403342318402685
problem:0.010220122183795094
makes:0.013492646774164126
about:0.0047585322720863354
f:0.01795280781839057
general:0.014243624942451938
is:0.002595870791214144
run:0.012931567286895627
first:0.018140626370927934
guess:0.014474189676017648
leaves:0.024073855063571792
change:0.014357531922272886
leave:0.017068512677751287
article:0.007829303191464744
adds:0.02614629760230782
s:0.0029972767191111995
