mirror:0.09113885226892288
at:0.014931610380583576
thanx:0.08224860704647961
help:0.03627275796681012
mb:0.1547452794335768
dos:0.11964584258454027
4:0.042106262782689474
from:0.014348682278477552
darren:0.20696375539788692
my:0.016105326463225447
to:0.007007792339444903
format:0.06813651706844091
make:0.02983187259914752
240:0.09891130876760275
set:0.04490533193433765
a:0.004733912291004729
hard:0.09166892890086473
drive:0.0957221609764742
120:0.17194629756119892
ratio:0.09037696433905394
files:0.05609002651843541
should:0.02784427359717762
have:0.01733052925924247
of:0.003295603145182011
wm:0.09173362040131727
what:0.015600713610112393
lines:0.059884442784652825
using:0.037363060654998656
double:0.14976780966236033
i:0.012942285236975928
6:0.09960507229014219
the:0.003832642423673151
do:0.012174879981466045
can:0.014653660888774803
compression:0.08248079084916031
just:0.019904890906201456
disk:0.05933862684406579
1:0.0331953202021137
full:0.05236716074446192
origin:0.08213369709757487
everything:0.05236716074446192
s:0.010515869167051158
