infinite:0.044958883200514145
dos:0.061383519239025006
swap:0.04627227674323472
own:0.01970861422215648
former:0.03470346019779616
4:0.021602343514597208
ca:0.01788303127036801
from:0.014722995729220445
turn:0.02975198378012622
config.sys:0.05090535961701529
my:0.03305093082888005
remember:0.04839346150471708
stacker:0.053300246398406304
reboot:0.10618140494326372
nt:0.0062093787106299
its:0.017981083095949306
larger:0.03700740647061551
file:0.02642161636920356
this:0.0045650646814906
2.0:0.040780946156723945
two:0.01621556028394184
recently:0.028776622300762514
on:0.00881754478677026
you:0.004833034690510625
society:0.032315054073103026
m:0.01190273662709628
sure:0.018974295827471337
a:0.001214351413779474
as:0.006957514436669725
following:0.023802732809041403
fine:0.028166578938439654
starts:0.038890977168638
far:0.021646765844533927
computer:0.04662092008983157
are:0.005590533753054135
works:0.025870660813484696
einstein:0.04890080606386892
not:0.010485391453495042
have:0.004445657505631764
only:0.011595967289298145
carlos:0.10886228633156389
whether:0.024847465955494127
per:0.030755001004982758
second:0.023910398057845797
after:0.033551542394173066
has:0.009258908468578705
usually:0.028676093410318376
screen:0.032507018870487375
g:0.061478294974113085
things:0.019432399375132605
windows:0.047777516198669594
planetary:0.049029632896783186
universe:0.03853438565796515
title:0.036532115926807995
5:0.022598894668849418
system:0.01943671590645674
or:0.01759073367921092
and:0.004979966275966824
subject:0.0002321474512349417
space:0.026587067456635683
i:0.011619921310589258
4mb:0.050435209866838984
the:0.005243499199923847
when:0.022742164223369322
stupidity:0.04487799282953751
prompt:0.050589119232920726
thank:0.031569515711039255
start:0.024500539894630545
human:0.027876890184665878
problem:0.036792439861662335
about:0.008565358089755405
changed:0.032863610381160216
ad:0.03764931875092218
disk:0.030443295511303318
time:0.027469738607021107
created:0.03302691381291323
first:0.01632656373383514
occured:0.050589119232920726
before:0.01848864580193604
everything:0.02686663029498481
s:0.00539509809440016
