24:0.06370580432814714
at:0.01532113065138141
bbs:0.035191675232657926
know:0.021458697837535685
take:0.018484775046397423
where:0.01606484172377184
your:0.010955932366793588
with:0.00508545545034389
someone:0.019160505344895825
work:0.01760932577382873
download:0.049989181219990714
to:0.004793736209011586
ward:0.09633104885768458
most:0.01614430838232207
hour:0.04048447475374155
re:0.003251656545897135
so:0.008885309542477566
anyone:0.014547084779490358
file:0.02642161636920356
this:0.0045650646814906
stealth:0.1385348063313333
recently:0.028776622300762514
on:0.00440877239338513
brown:0.040387855402219196
you:0.00966606938102125
purchased:0.04162482258411065
them:0.038239804474754106
card:0.05323318863503029
a:0.001214351413779474
low:0.029528648173737564
want:0.01645737363227984
quick:0.03529804539296779
old:0.023025331150802818
also:0.012899975058083187
video:0.06079497726721778
locking:0.05467610731331843
are:0.005590533753054135
proper:0.0357089400438421
yeah:0.034384542992940456
it:0.005962703125912556
not:0.005242695726747521
ftp:0.032985799541644135
received:0.033646006875232795
ve:0.015870727817629864
date:0.03111129730246368
cica:0.050589119232920726
has:0.009258908468578705
rates:0.039874826352115235
writes:0.005750107747978803
get:0.022858677831149955
if:0.005827394954464429
but:0.005785071497829654
please:0.016655785712219606
they:0.008112344560936902
up:0.023364528180041474
net:0.02882732595563898
now:0.014364473025028211
david:0.021708219472560818
system:0.01943671590645674
use:0.014458952415194331
and:0.003319977517311216
gets:0.029020142107763516
for:0.002829120547061513
subject:0.0002321474512349417
doug:0.11273842133892485
costs:0.03579350134725074
i:0.006639955034622432
the:0.004588061799933366
wrong:0.022986278755042267
do:0.006246242773099971
when:0.011371082111684661
thank:0.031569515711039255
got:0.019236120188091947
can:0.007517965151632291
drivers:0.13677578290366976
maybe:0.023025331150802818
may:0.016182830673389832
an:0.007807809900536841
e:0.027051214748294146
does:0.021191109814565658
diamond:0.04353755213538744
respond:0.035165284765743536
