cleaning:0.026661495584619305
at:0.0043397291253912855
say:0.01869502437702013
stephen:0.04011486974769475
know:0.006078202589449763
all:0.009399683060554593
tried:0.015260414054367838
with:0.005761846076744309
much:0.0086068811308371
microsoft:0.02098327139773071
ca:0.020261562523077054
someone:0.010854473471246403
work:0.009975726423597555
my:0.018723433720794113
to:0.002715663369637105
everyone:0.015061639199571939
within:0.015943104513905505
near:0.017757516145229187
80:0.019687988312627136
t:0.012691000270938137
been:0.007227785158726302
that:0.0051266693413962085
problems:0.01351267603887573
kinds:0.022462545191049482
helps:0.020837301951393904
nt:0.017588141668040357
anything:0.011434685469553714
re:0.0018420714422569978
so:0.015100649222437241
fixed:0.022339077365122306
had:0.015117324982090001
this:0.0025861203860661035
off:0.010755948019489411
bus:0.05980851209491125
you:0.010951704224802402
used:0.009726421223334314
guarantee:0.024324264158042383
mice:0.06283117733715572
includes:0.01856036636173571
a:0.003439665334597032
other:0.0067946206297138465
sorry:0.015652298939599137
was:0.013085632523665796
as:0.00788289813021693
old:0.0130439068095681
worked:0.01893676768755837
worth:0.017316076939861272
driver:0.018127022652642325
wife:0.0199063154046501
solved:0.02678020273525507
also:0.007307867643741707
lets:0.022825685959012867
solution:0.01916185747898152
button:0.023426128410288908
turning:0.023365684604417902
anywhere:0.02081935618154907
computer:0.013205433030371012
literally:0.025753595495959476
month:0.019575386647227876
d:0.008974602080675052
com:0.028571670614219127
it:0.00844471501822591
have:0.007555427780507185
systems:0.044341139708610006
hope:0.014228874569655397
second:0.013545299392375696
mouse:0.19267679603473142
uses:0.016822636107568654
free:0.014224176325737614
utility:0.023365684604417902
noticed:0.019981295670710962
down:0.011647121068734768
if:0.006602467189787284
of:0.0009578353968755598
even:0.00827172141756663
gotten:0.021230103023613365
but:0.006554514504930151
sat:0.05121881284117892
well:0.008289989705188891
must:0.011416061219110823
who:0.006369718592284967
up:0.00661803138104623
one:0.00484389609741686
email:0.01351674216240365
in:0.0008752694674605443
thomas:0.036295615901764534
installed:0.01973088647958174
or:0.0033217313187344105
better:0.011015841730548783
and:0.0018807754408413293
for:0.0016027037581875566
subject:0.0001315121029163463
i:0.010344264924627313
buttons:0.028318994287186858
than:0.007047296956746114
the:0.003713069014724399
do:0.00353851191579555
did:0.01619616791569424
once:0.013216902438053724
bought:0.018044747531371728
an:0.004423143539712989
thought:0.013224563572372968
just:0.005785165337270374
finally:0.03582782734774488
about:0.009704592909575089
middle:0.01978867140463341
is:0.001323510477293911
either:0.012332821217307183
yesterday:0.021656960743126716
write:0.01603041342358381
else:0.01244607007555693
time:0.0077808372901660774
broke:0.024703382587284394
irq:0.028237569154422274
notice:0.019891455337953418
serial:0.020390728708693753
nothing:0.012585497544339451
improvement:0.05022825885869737
changing:0.021095658972933525
three:0.014376788209224004
give:0.011641557986975403
past:0.016273470181789967
ports:0.024251820082231073
sometimes:0.01726357795230468
everything:0.015220012236075138
s:0.0030563363588966418
