all:0.013250942092309599
send:0.12222279670317594
thanks:0.027685925623835594
your:0.017499058641406422
with:0.00812260245541038
microsoft:0.05916116796860186
from:0.011757947978196882
post:0.03586913617265528
both:0.031190334476503302
to:0.0019141655001261538
nt:0.009917757662811645
me:0.015049842783396453
package:0.1079795286960056
greatly:0.05420734930278613
file:0.04220119281192235
you:0.00771943040845447
a:0.0019395890636755486
wondering:0.04998518752579578
was:0.012298071306963688
steve:0.1336314102847661
advance:0.043937516898286795
ontario:0.06596319724603153
not:0.008373750119110623
area:0.044562042286935374
be:0.008034184126909323
if:0.009307644718936239
mailing:0.061302149632869334
available:0.0750295507726175
windows:0.07631131059509726
please:0.026602991068128537
transfers:0.08323545556681909
one:0.02731419188265618
email:0.038109703596776956
in:0.004935547274846957
st:0.05328815615165694
or:0.009365436912542852
and:0.0026513709339638183
for:0.009037468414224276
subject:0.00037079106794469857
i:0.007954112801891455
appreciated:0.04701058498855893
any:0.0142123231429001
information:0.03387251784005229
program:0.038564353227556594
the:0.0020937583610807025
do:0.00997663776259023
collect:0.0733160029312944
canada:0.051675105458425644
hello:0.05374014987016349
would:0.012953467307005223
fan:0.05554938868735657
return:0.051255107053012894
forget:0.05332240743631241
actual:0.05642162342678754
address:0.044344741026855705
different:0.03510023469460066
is:0.0074631285247406635
e-mail:0.038190219120170364
