another:0.013439426244779265
some:0.007075981061414267
all:0.005782229276644189
small:0.018113611516763706
means:0.03435872994471215
chris:0.023253013593450302
thanks:0.012081131181310078
where:0.022393415736166808
access:0.04063487112749728
microsoft:0.025815782386298995
into:0.01085335698777204
from:0.005130740935940458
wrote:0.015609545301168854
mirrors:0.03417216838260646
name:0.016740803065637886
throw:0.025838609554756427
located:0.029619838454059227
to:0.004176361091184336
then:0.009672002119853352
archive:0.02941010797419574
appreciate:0.02326795960857269
direct:0.024204700742873782
that:0.004204904550720931
really:0.011826640867823793
nt:0.008655497596635617
australia:0.02811571948754083
need:0.011643648433316584
re:0.002266306077443458
managers:0.13597560964663694
this:0.006363423495411139
these:0.010040218018781471
directory:0.05109671865248965
on:0.006145561518051999
used:0.011966445505071912
3:0.028381405389546904
m:0.016591693480194812
more:0.02311670956037683
sure:0.026449018426172165
stable:0.03044132628433937
a:0.001692732273753206
ms-windows:0.033329060488893024
running:0.018348244923919406
given:0.01689568217685625
whole:0.018132821060771454
are:0.0038964326157650032
those:0.011247973662348849
internet:0.01731232692796731
it:0.010389558476968848
not:0.007308000103951089
deleted:0.06387962721815157
have:0.009295465693593687
ve:0.011061416357742026
shareware:0.03006241502990704
site:0.023670086045082462
cica:0.07051816620346525
sites:0.02760505073834241
free:0.01750004723711961
copyright:0.03111254667399211
be:0.0035058258008331595
which:0.015659301000212338
recommended:0.029749251329638435
found:0.048627645550127226
writes:0.004007650854651893
were:0.009401838166498783
of:0.001178427791307507
3.1:0.047533599792451114
but:0.012096058586371096
oh:0.019574037479645295
using:0.013360124719060125
windows:0.016649740493475767
must:0.014045214711996953
virtual:0.02992621590353093
archie:0.036068364269153975
who:0.015673368172531496
in:0.0010768466781484272
u.s:0.021380256975749686
and:0.00462784744837321
for:0.003943622580752412
subject:0.00016179973873950483
however:0.014527872146647958
i:0.012726580483026328
information:0.014780735057477363
review:0.10476701780990996
the:0.002740920036323829
do:0.008706883865533293
complicated:0.03010850351102958
carl:0.02945147745947089
people:0.018245735031189304
is:0.006513275803410034
desktop:0.030344354518603366
win:0.020542275173505098
2:0.011808542739972174
1:0.011869841769240658
already:0.017610826189680916
three:0.01768780609983317
resort:0.034545246521996975
jamie:0.0723866592922805
s:0.007520439767951737
