at:0.008157083448652139
fast:0.03223886967544479
where:0.01710608146512742
from:0.007838631985464589
wrote:0.04769583286468261
except:0.02985519832410938
my:0.008798280197502789
0:0.03393663230065215
ink:0.17026467599490902
family:0.036485806195552466
mail:0.028373291711443108
been:0.013585559140939252
think:0.013331000254894029
like:0.010783695032487713
really:0.018068479103619684
nt:0.01322367688374886
could:0.013973232919685715
re:0.003462412062760838
had:0.014207485978538287
getting:0.025112977520598944
student:0.03725016177933955
empty:0.04712509455013582
these:0.015339221973138356
you:0.005146286938969647
used:0.018282069521637644
disclaimer:0.03475977339883506
deskjet:0.17546499660846865
m:0.012674210297371038
a:0.0051722375031347965
intelligence:0.04185268910539467
mind:0.028052368546390156
no:0.010423571631319534
taylor:0.1004492554578599
it:0.006349174624814295
have:0.004733801973589378
ve:0.01689938610210587
bubblejet:0.06097225800462547
color:0.03420955654262394
acid:0.04849935385678649
after:0.0178630897006014
has:0.009859022906356953
500:0.03860904754953278
writes:0.012245599833658562
were:0.014363919421039806
of:0.0018003757922753578
but:0.012320059671303892
drops:0.05180189963399698
ed:0.03674231177471298
now:0.015295503684057816
canon:0.05167056042110849
bob:0.06822231507461296
in:0.004935547274846957
pictures:0.08611376947464486
office:0.03380312882450149
use:0.01539610673840137
and:0.0017675806226425455
few:0.021163217600984132
for:0.0030124894714080924
subject:0.0002471940452964657
i:0.007070322490570182
the:0.0034895972684678375
when:0.012108096692997554
moore:0.052346719078653764
colour:0.048974291767782334
is:0.009950838032987552
does:0.011282303836458566
man:0.026833790174029617
gone:0.036385161082247805
nothing:0.023656074087971376
count:0.03947565348643343
article:0.015006164450307426
opinions:0.026440834773333723
before:0.019686983955765226
by:0.009170698840899686
hp:0.08010458344548749
black:0.032681040335592014
rain:0.10526328368817334
august:0.04628623440798557
