with:0.08354676811279248
harris:0.8311069588265547
re:0.05342007182545293
on:0.07242983217704141
subject:0.0038138509845740422
tape:0.5927668948169047
elizabeth:0.8827912509130552
