at:0.007162317174426269
bright:0.04274904816138587
there:0.0074616177689198985
all:0.007756649029644644
with:0.009509388240480445
option:0.034070009937011245
to:0.001120487122025066
colors:0.03707233068116297
might:0.017293375088442652
control:0.024793774552366046
protection:0.06878003733549534
like:0.009468610272428239
re:0.0030401666892534195
so:0.008307403230771709
anyone:0.01360093292391375
had:0.012474865737253133
this:0.004268149905458691
tools:0.036174576066411966
getting:0.022050419286379564
age:0.033518606714744895
these:0.013468585147145877
on:0.020610114847125605
products:0.03292753491168203
am:0.013287287452856632
market:0.03179557085425222
card:0.0746563011344937
shadow:0.0436240942117303
bugs:0.041239152667116814
more:0.010336740047322976
a:0.0034061076240155977
was:0.007198871008954355
as:0.006504993172496086
running:0.02461349928818457
resolutions:0.046737852360153924
let:0.01874095725815305
also:0.012060952290077778
ultra:0.0435322279088528
video:0.028420416202154658
l:0.026869598201246857
setup:0.035884185150947906
no:0.009152404359207398
not:0.004901707386796463
application:0.030002989494446578
have:0.012469527149942754
only:0.010841758034709648
terrible:0.04117054397893906
develop:0.036630587990404195
quality:0.03125336455751504
has:0.008656703039728058
ati:0.041736343099257715
be:0.004702937049898141
writes:0.005376117000142784
of:0.0015808177688271436
monitor:0.030465657236494376
menu:0.04188416683164138
what:0.007483269130053913
but:0.005408806684962686
present:0.029467481974221985
latest:0.033872736587420745
using:0.017922118525568465
windows:0.022335017735150422
gift:0.04481599237589189
must:0.018841141686825182
they:0.007584712394371901
errors:0.06982153361993193
in:0.005778201687625707
our:0.018128255471385316
and:0.004656066030375486
subject:0.00021704843001640894
i:0.0031040440202503242
experienced:0.08303905616465916
monitors:0.03753946120981977
preferred:0.04151952808232958
2000:0.03516786590289695
the:0.0024512293007774083
waiting:0.03556943301939758
sfu.ca:0.04744526192917531
ss:0.04460480955960522
drivers:0.03196994925593907
peter:0.05986818017603182
24x:0.04963764865233874
gateway:0.039234313542326094
instead:0.02494092936247676
an:0.007299984866355584
problem:0.017199717821508816
many:0.03013335004192022
general:0.023970978561687412
is:0.002184330299924097
white:0.02763389549447636
dave:0.0570125962825137
fraser.sfu.ca:0.04701347473150093
diamond:0.040705841427394765
replaced:0.03516786590289695
fault:0.07198373984254657
s:0.010088394810666966
