reference:0.06910431598182137
stored:0.0909004901738952
there:0.016995907140317543
andrew:0.0697307066513333
thanks:0.03691456749844746
user:0.07003043488135213
height:0.09936599237116345
look:0.04391052452362797
width:0.10469343815730753
format:0.14889090766807458
like:0.021567390064975427
nt:0.01322367688374886
could:0.02794646583937143
me:0.020066457044528606
anything:0.0429859472281371
exactly:0.05956264172725941
this:0.009721897006878128
mean:0.09790452062332816
material:0.07819813957044226
how:0.02435857402276156
other:0.025542740515405754
l:0.06120297368061783
no:0.02084714326263907
manual:0.07277032216449561
which:0.023923932083657735
of:0.0036007515845507157
what:0.03409044825913449
windows:0.05087420706339817
find:0.03919345810506278
in:0.0032903648498979715
bitmap:0.19708562316562936
bmp:0.10360379926799396
subject:0.0004943880905929314
i:0.007070322490570182
any:0.01894976419053347
information:0.04516335712006972
the:0.004187516722161405
would:0.01727128974267363
colours:0.11396705460013141
is:0.009950838032987552
does:0.045129215345834264
give:0.04376363465474086
roberts:0.10308211636120329
data:0.10867946752614119
