out:0.011011000925985606
there:0.008577373696982686
all:0.008916521781741038
thanks:0.018629781728188438
fax:0.028585451774611113
with:0.0054656764185939
way:0.016190400182677974
both:0.020987888619703157
to:0.002576073196431459
require:0.0362572061579681
calls:0.03746065107905072
class:0.07417139573213087
that:0.006484198606251903
problems:0.02563619846627825
phone:0.02745184230102401
module:0.2634769992116853
best:0.022758654952910597
hi:0.029448753831910323
two:0.017427938622928144
inc:0.03421509809162992
a:0.00783086425708259
bull:0.052286029537118445
advance:0.02956543193155747
are:0.006008517585058182
book:0.02906260290358573
508:0.10808705405560025
it:0.0032042563527100183
not:0.005634672977345466
have:0.00955608622705893
calling:0.03843925812661175
systems:0.02804128149796832
register:0.04840804961129875
which:0.012073760116986146
of:0.009086008671296199
3.1:0.036649738157730996
what:0.008602262644828329
instance:0.1997549485401839
using:0.02060206148266281
find:0.01977987605302234
in:0.003321115923261504
use:0.015539995586423813
and:0.0035682001354279424
subject:0.0002495042700188626
create:0.03554061393685625
300:0.03887402462787244
i:0.005352300203141914
possible:0.024083846943594223
information:0.022792722284894998
program:0.02594984516246799
the:0.005635536523282639
page:0.03929668909520829
road:0.033744414822154296
ma:0.03748801799287398
is:0.005021918259638577
window:0.03258871721331908
questions:0.028263330254630948
type:0.030285163647959776
2:0.01820943506631223
1:0.018303961606772976
smith:0.07360258980311145
handle:0.18982976106208893
e-mail:0.02569809137058193
mike:0.08959099146610383
says:0.02393482938717353
s:0.011596939829084454
