1d9l:0.005948899468617538
ml:0.0024877601052660267
9f:0.006550626193706249
uy:0.010680074722926066
from:6.844306366158748e-05
tm:0.0018579013381682216
mb8f:0.0006096301487207525
0:0.0002963179148250006
q:0.06657511666613272
w:0.015260311436396683
gi:0.0005083476708732815
nrhj:0.007825019539687495
3t:0.042072922451410394
v:0.007152794180592309
13:0.0006367108989354778
r:0.0002506443339582125
7kn:0.015048114499399027
1fpl:0.0036115474798557663
mn:0.005561219052483844
ax:5.017486757454477
8:0.0069223257489564325
3:0.012683177159893325
1t:0.007096511709848438
m:0.013279793471899802
uz:0.007061024540440937
as:0.0036871620286498545
part:0.00039602588930605175
mq:0.0032133032149662052
9v:0.002711458560349213
gk:0.016704377373867384
cliff:0.0004718059032491359
l:0.0042751531457719955
7ey:0.038835634972425155
m9:0.001673214024582729
z:0.011298404388458213
d:0.00014729114903201838
b8f:0.002307397591209903
giz:0.02736493755564067
1d9:0.02192027711649408
qax:0.01685388823932691
gq:0.0005621091959434771
lj:0.0037719561811958616
7ez:0.008534822082090535
f0:0.0045338423856187676
g:0.0002857952915362198
14:0.0003018718424898268
end:0.00021862991370163388
of:4.7159977095740635e-05
wm:0.005250820862166111
yd:0.0061351180901366735
km:0.0009023236357797264
ne:0.00046343492104032033
tg:0.0043670841291375
7ex:0.009028868699639417
1f:0.006745310351321725
d9:0.0016489395985441692
q,3:0.05589977761182408
p:0.035922782862910355
v8:0.0008850598350802832
9p:0.0011334605964046919
bhj:0.005191644580222282
f9d:0.009028868699639417
b8e,3:0.0006019245799759611
wt:0.0032753130968531247
7:0.03612369585660787
om:0.0005038549995858039
4t:0.0020726374639941426
bj:0.005263882199325595
nuy:0.010232717859591338
e:0.005281646343045546
qq,3:0.0030481507436037622
f:0.0015022359198022669
n:0.05564483088456848
9l:0.0028581581697312845
q,8:0.011436567019543261
1eq:0.007223094959711533
max:0.2675542684200757
m4:0.0005458855161421876
m3:0.0005458855161421876
9:0.018712441395070476
qq:0.010518230612852598
2:0.0007876180580869144
1:0.00015834132847640945
0t:0.011071821697739577
pl:0.042387372452591505
m7:0.001099293065696113
tq,3:0.0006019245799759611
mw:0.005995186763416334
