r186:0.002867060081440233
1d9l:0.001655510818823991
ml:0.0013846304818675033
06:0.0004673903172248994
9f:0.0045574112451225775
uy:0.0052142857691801926
from:6.348974459503342e-05
tm:0.0006893769807050468
mb8f:0.0028275518634794466
0:0.0005497459559727663
q:0.038518530948420705
w:0.005801599023228877
nrhj:0.003908537266241086
t:0.00038642163716820786
3t:0.0020541077333034474
v:0.0051927155879883165
r:0.01790287400916027
86:0.0010755599301396578
7kn:0.001675087399817608
12:0.000532981075688021
1fpl:0.0005583624666058694
mn:0.0017195819824051962
ax:5.381457758313112
8:0.004207089722896615
8o:0.0004967920037237762
3:0.012994486268425367
1t:0.00506379027235842
m:0.007083261972102068
uz:0.0010916680733552566
rk:0.0005173737380646912
a:6.283954368590348e-05
j:0.00022904819705481195
as:0.0021001946608366316
part:0.00036736494861456083
mq:0.0019871680148951048
9v:0.0005030453117288048
gk:0.006498095503093605
cliff:0.00043766065826372893
l:0.001487157902543886
7ey:0.008187510550164425
tq:0.0010514304872453603
m9:0.0005173737380646912
z:0.0018715577240893263
d:0.0005465259404160898
d6:0.0015771457308680404
b8f:0.03638693668040197
giz:0.004966532456471973
1d9:0.008561632160094583
qax:0.011725611798723258
b:0.00045911329631232063
lj:0.002499267501189848
7ez:0.0028275518634794466
f0:0.0021028609744907206
g:0.016436937271839893
14:0.00028002496023373836
po:0.0003913400021926475
end:0.00020280736482492195
of:4.374694440507094e-05
wm:0.0012177029256812027
r8f:0.0016965311180876677
b4q,3:0.004013884114016326
yd:0.003621616166452838
km:0.0008370212277605696
ne:0.00042989549560129906
tg:0.0035446531906508935
7ex:0.002791812333029347
1f:0.0010428571538360384
5:0.00019490572123276458
d9:0.0010197357079342448
q,3:0.08187510550164426
p:0.011107667147426083
i:1.4316687209044166e-05
9p:0.0015771457308680404
bhj:0.0010702040200118229
f9d:0.002791812333029347
b8e,3:0.004466899732846955
a86:0.04754430706582482
wt:0.00253189513617921
mr:0.0015195540775236598
7:0.008856048865341106
om:0.0014021709516746981
4t:0.00192263782751939
bj:0.0029297566637224368
nuy:0.0022334498664234774
e:0.003032965805362213
qq,3:0.006786124472350671
f:0.005852771530414265
n:0.009060560324099689
9l:0.0005302618629279475
q,8:0.004466899732846955
lg:0.0010428571538360384
1eq:0.001675087399817608
max:0.2856874778783003
m4:0.000506379027235842
m3:0.004051032217886736
9:0.00827852432311203
qq:0.0035946885332810326
2:0.0007306170511832191
0t:0.004108215466606895
pl:0.015159417736084887
33:0.00034588208982049245
b8g:0.005089593354263003
m7:0.0005098678539671224
tq,3:0.005025262199452825
mw:0.0013903267038528693
