24:0.12487785507506115
at:0.0300328981518556
bbs:0.04598912104267797
know:0.014021308246117066
tried:0.035203000602689445
take:0.024156240117451176
where:0.020993827252656385
work:0.023012187090798907
download:0.06532677091248787
to:0.001566135409194126
ward:0.0629435830604189
nt:0.008114528996845892
me:0.012313507731869826
anyone:0.019010394882288537
file:0.034528248664300105
contact:0.03954627612477918
stealth:0.1810398037284469
recently:0.03760581323395101
on:0.005761463923173749
you:0.006315897606917294
purchased:0.05439607496787187
them:0.016657490585593647
card:0.03478304939220729
a:0.0031738730132872617
video:0.11917197248403485
are:0.0073058111545593815
meg:0.05290584768954862
it:0.003896084428863318
ftp:0.043106442582830404
received:0.04396921353013377
baud:0.061639315849141306
cica:0.06611078081574867
be:0.006573423376562174
but:0.007560036616481935
windows:0.031218263425267064
please:0.021766083601196078
they:0.010601359369406179
and:0.0065079104742748264
for:0.0036971461694553865
subject:0.0003033745101365716
doug:0.1964381583935812
i:0.0065079104742748264
appreciated:0.038463205899730034
any:0.011628264389645537
information:0.027713878232770058
the:0.005995762579458376
wrong:0.030038887009430235
do:0.008162703623937463
thank:0.04125561712238084
would:0.021196582866008548
can:0.009824613550428562
drivers:0.22342634991366508
is:0.0030530980328484533
right:0.022044018111253404
does:0.01384646379929006
1:0.022255953317326233
almost:0.03434082875300646
diamond:0.11379132944476263
2400:0.06325493503982929
while:0.024662983021346847
