manager:0.08355102850879995
there:0.019527212459088242
with:0.012443135676373347
name:0.058770904379367044
to:0.0029323386384911294
that:0.007380949477329294
view:0.07245422878265173
like:0.02477955454273773
file:0.06464863579698743
something:0.04235449610986219
a:0.005942570748282532
files:0.07041088435292955
it:0.014589592754892423
halcyon.com:0.4051016707056097
novell:0.2446279080978269
command:0.0875798437219965
of:0.004137033735441248
3.1:0.16687327586711562
using:0.046902565503083415
windows:0.05845121662603195
who:0.02751176328157124
tim:0.2602920829618844
or:0.028694104583110013
and:0.004061674622242445
subject:0.0005680203594046446
person:0.11936997613080216
allow:0.0746015887526509
will:0.024112879678793286
the:0.006414919233949387
when:0.027822860486036934
changed:0.08041096157092394
win:0.07211649794953917
created:0.08081053379755364
update:0.09237962110587884
