since:0.011115675685576008
laser:0.027230322110620715
at:0.004894250069191284
cable:0.023986930352162494
thanx:0.026959265643012764
help:0.011889404000232206
tel:0.022585822662768762
all:0.02120150734769536
send:0.016296372893756794
with:0.009747122946492456
into:0.009948910572124369
dennis:0.030134776637357974
mechanical:0.029384575060669403
to:0.008422328200555078
obviously:0.020454961560144206
t:0.014312628083335789
that:0.0038544958381608535
helps:0.02349984608962757
nt:0.007934206130249317
could:0.00838393975181143
12:0.01974102684228909
me:0.012039874226717163
re:0.002077447237656503
anyone:0.009293970831341062
file:0.15192429412292047
had:0.008524491587122974
this:0.011666276408253757
chen:0.031161077210687633
etc:0.012901799930323532
size:0.020004872983699264
card:0.017005046369523567
a:0.011637534382053292
how:0.0073075722068284684
was:0.009838457045570952
objects:0.052108986755813935
copy:0.018981177472574124
whole:0.0166217526390405
plus:0.01986611029988706
solution:0.02161031704574027
doc:0.030848005340959123
experts:0.02692160071531621
it:0.005714257162332866
not:0.0033495000476442493
have:0.008520843552460881
try:0.013535498179685515
fail:0.02536103190716953
university:0.013057445008881409
able:0.014652584589503718
hope:0.0160470085424447
after:0.010717853820360841
public:0.0164652477670033
network:0.02040827594460876
be:0.0032136736507637296
writes:0.0036736799500975688
of:0.003240676426095644
department:0.019267086570516314
gives:0.02020291375442281
hd:0.024770029665177468
print:0.09769695624121608
well:0.018698532335037165
please:0.010641196427251415
find:0.011758037431518835
over:0.01114411529177421
in:0.0009871094549693915
floppy:0.024472339408876876
5:0.01443818270509824
and:0.0010605483735855274
still:0.011342828234608596
subject:0.00014831642717787942
i:0.010605483735855273
back:0.011701981778152987
will:0.006296140805018247
the:0.0029312617055129836
do:0.003990655105036093
see:0.009829920896728756
when:0.007264858015798533
can:0.004803144402431741
did:0.009132839130238697
once:0.014905728860693924
page:0.02335969851770715
myself:0.018515789233321575
10:0.016057620877200914
problem:0.035259421534093074
just:0.006524380908143811
long:0.026447902723428722
about:0.005472312112899286
is:0.004477877114844399
new:0.0191555507209283
time:0.008775055388353966
carry:0.021624765832962814
printer:0.048288135302531454
2:0.01082449751164116
gone:0.021831096649348684
unless:0.01710034125411384
pages:0.02497773817668647
engineering:0.021481941629017218
e-mail:0.015276087648068148
article:0.004501849335092228
already:0.016143257340540843
three:0.016213822258180403
before:0.011812190373459135
by:0.0055024193045398115
fit:0.022585822662768762
