obvious:0.024978235804558522
pc:0.021641831571414825
go:0.012632676959702126
there:0.00595960380244901
all:0.006195245653547346
tried:0.02011600034439397
chris:0.04982788627167922
with:0.007595160737526589
from:0.010994444862729554
my:0.006170222476170788
to:0.0017898690390790012
then:0.010362859414128593
software:0.018284323951176993
next:0.01739207807629335
that:0.004505254875772426
appears:0.025326630048015143
like:0.007562591321484891
nt:0.004636873712483367
servers:0.03421032093517955
re:0.0024281850829751335
server:0.025989991851608014
complete:0.024046856170745312
so:0.006635133749252728
file:0.07892171123268596
ghost:0.040295547031134075
something:0.012926372189373526
directory:0.027373242135262314
on:0.003292265098956428
you:0.0072181686936197646
m:0.026665221664598806
a:0.0045341043046960875
looked:0.02418833249662133
was:0.017249242872104914
as:0.0051955464949157044
objects:0.030453303948202948
part:0.015904039690995308
removing:0.06609753521317752
solution:0.02525881213138473
success:0.029102650888387066
files:0.021489036133686294
d:0.01183015728816257
yeah:0.025676769118104886
it:0.004452667918700935
deleted:0.02281415257791128
left:0.018989644048704946
binary:0.034842620701576794
after:0.01252736160821397
evaluation:0.07382100414495274
feel:0.019781017430169988
list:0.037813358401578956
without:0.014592275875340878
utility:0.03080022061491451
writes:0.004293911629984172
of:0.005050404819889316
offered:0.030053017174753557
3.1:0.025464428460241672
looking:0.01684341133380938
but:0.004320020923703963
windows:0.05351702301474354
up:0.017447537277303696
called:0.034834473972165374
bob:0.023922110480708445
in:0.004615057192064688
installed:0.026008895813994112
or:0.004378645829240814
registration:0.032112081834870916
and:0.0024792039901999343
still:0.01325785118330875
for:0.006337964861923519
subject:0.00017335686293518376
welcome:0.02716635186208709
editor:0.029982816420830078
i:0.012396019950999669
info:0.019125944541509076
ago:0.018578998216653535
unfortunately:0.04781679325747996
turned:0.02549933986956882
the:0.004405050058377582
thing:0.014700859968343874
when:0.008491392485998285
around:0.015371392423075557
got:0.014364635205393338
can:0.005614064885959178
did:0.010674747035343931
once:0.017422280486525367
an:0.01749152217977409
is:0.0017446274473419735
object:0.027467352572291968
edit:0.06882864441884454
write:0.021130999512905934
run:0.017382041742775294
string:0.03441432220942227
every:0.015793172252840236
article:0.005261901820237669
inclined:0.03743872051048905
comes:0.019637508683412415
going:0.028283320572073802
while:0.01409313315505534
