pc:0.025248803499983964
uiuc.edu:0.04342595862384638
help:0.03242564727336056
thanks:0.015101413976637598
with:0.004430510430223844
work:0.015341458060532604
except:0.02442698044699859
my:0.007198592888865919
to:0.009396812455164756
worse:0.029508071313184753
client:0.03793044314825421
problems:0.02078085784766495
provide:0.025582997562753135
dynamic:0.04176035653208108
need:0.02910912108329146
server:0.03032165716020935
anyone:0.012673596588192358
getting:0.020546981607762773
starting:0.02970849987028195
on:0.007681951897564999
you:0.012631795213834588
books:0.027657105401864855
am:0.037144008106849216
came:0.022869141912711718
m:0.010369808425121758
a:0.0021159153421915077
ms:0.03166772668473551
as:0.0060614709107349885
worth:0.026630027415089682
also:0.01123861463393611
setup:0.033437536163383276
are:0.004870540769706254
internet:0.02164040865995914
instrument:0.040069875082731
it:0.002597389619242212
not:0.004567500064969431
application:0.1397866555991261
have:0.007746221411328073
develop:0.03413304790014936
references:0.031283087856148965
uses:0.025871175226033615
exchange:0.03671127370270392
be:0.008764564502082899
which:0.00978706312513271
scratch:0.04271521047825808
get:0.009957378600690322
trying:0.020426728962639366
but:0.005040024410987957
never:0.016696509324711065
port:0.031589220722345004
using:0.016700155898825158
windows:0.04162435123368942
good:0.01227280190423863
system:0.016933502494261555
for:0.00985905645188103
subject:0.00020224967342438103
i:0.007231011638083142
specifics:0.04449097340127963
appreciated:0.02564213726648669
any:0.031008705039054767
actually:0.01851753126591731
connect:0.03481876007848899
suggestions:0.029977245235385436
than:0.010837888501662585
the:0.003997175052972251
would:0.007065527622002849
can:0.019649227100857123
because:0.01336910832495844
did:0.012453871541234587
an:0.013604517250935406
note:0.022437038627867407
here:0.013639400800177243
different:0.019145582560691272
is:0.002035398688565636
having:0.03964986958212669
ux1.cso.uiuc.edu:0.04763448743205772
does:0.009230975866193373
downloaded:0.04463527790863337
too:0.014791802029276489
nothing:0.01935496970834022
transfer:0.06886034902989388
very:0.013206382513510964
documentation:0.03391760899620592
project:0.029179059510704933
data:0.08891956433957007
