stephen:0.0798364564586474
know:0.02419362991486866
dos:0.13841381789191912
thanks:0.03908601264541496
into:0.03511380201926248
my:0.018631652182947083
to:0.00810705388288724
then:0.031291771564231435
keyboard:0.0891133928622156
that:0.020406154437322164
like:0.022836060068797515
nt:0.014001540229851735
me:0.021246836870677348
anyone:0.032802249992968456
something:0.039032574846343586
sequences:0.23338353350629043
a:0.008214730152037619
starts:0.0876953406743798
have:0.010024521826424566
able:0.05171500443354253
be:0.01134237759093081
key:0.06285965433797207
windows:0.053866807478892186
box:0.06212821589620798
in:0.003483915723421382
and:0.0037431119067724496
subject:0.000523469742980751
i:0.007486223813544899
will:0.022221673429476164
program:0.10888758558368922
the:0.0014779470784099078
do:0.014084665076597974
would:0.0182872479628309
record:0.15124111361712136
window:0.06837240670245376
does:0.04778387507205981
accounts:0.09771152937567375
telnet:0.11145524155218355
seem:0.054112010880308585
