know:0.04569907872808525
saw:0.1258289104864983
work:0.07500268385149272
line:0.10458532402985142
t:0.09541752055557193
servers:0.19512553422287593
server:0.1482392127832457
anyone:0.061959805542273746
file:0.22507302833025253
more:0.09417918709783155
a:0.0051722375031347965
as:0.029633857785815496
mac:0.12708452351152355
patrick:0.1698372233516019
configured:0.2189361025850632
macs:0.19589716707112934
of:0.007201503169101431
subject:0.0009887761811858628
i:0.007070322490570182
any:0.03789952838106694
once:0.09937152573795949
an:0.03325548661339765
about:0.036482080752661905
new:0.06385183573642766
article:0.03001232890061485
