laser:0.06051182691249047
at:0.010876111264869518
il:0.06348913625590884
k:0.04677359328705756
your:0.015554718792361266
with:0.014440182142951785
c:0.031927132042332836
to:0.0017014804445565812
w:0.038201738950979676
mc:0.06998411274846167
h:0.04361953239869773
laserwriter:0.07694052456638034
that:0.004282773153512059
310:0.06906919951199597
had:0.01894331463805105
this:0.012962529342504173
getting:0.03348397002746526
two:0.02302209176115199
management:0.055924622512089454
you:0.020585147755878587
m:0.016898947063161383
are:0.007937177550632413
model:0.04517224088374753
it:0.00846556616641906
have:0.012623471929571676
ve:0.02253251480280783
university:0.029016544464180907
thinking:0.04300650041788463
printers:0.06979562543820503
g:0.04364199951866052
ave:0.06454296155160213
if:0.008273461972387769
of:0.014403006338202863
opinion:0.040855698328243074
postscript:0.06211007465615574
one:0.036418922510208236
email:0.03387529208602396
office:0.045070838432668646
use:0.020528142317868495
subject:0.0003295920603952876
p:0.04155713629174506
i:0.002356774163523394
any:0.025266352254044624
the:0.0018611185431828467
home:0.03616497594890553
facilities:0.06529905569037645
bought:0.04522325615886988
apple:0.046831690707272534
just:0.014498624240319578
introduced:0.06394643590628353
e:0.03840604563029416
f:0.04587939775810923
is:0.0033169460109958504
select:0.0584833941804994
hospitals:0.06979562543820503
printer:0.05365348366947939
does:0.015043071781944755
experience:0.04089163919500182
chicago:0.10426418609392302
midway.uchicago.edu:0.06504184474095864
maryland:0.07160554487267262
happy:0.04689006282080273
john:0.03310467159977587
s:0.015319414342123909
