mode:0.01615774365602629
at:0.0074343039025690375
cable:0.018217921786452526
posting:0.02784125364520034
all:0.004025602660954815
probe:0.023487064487362774
startup:0.045673279355930116
small:0.012610742195215236
anyway:0.012862927517487485
media:0.016672810931203635
thanks:0.008410914113570308
switch:0.03588281368784958
with:0.002467626062403153
cambridge:0.01971568104423156
setting:0.01815121036861859
though:0.01048752827683831
fred:0.03910222995510221
56:0.022640352692163822
learning:0.020961616368438313
signals:0.021438508302629857
both:0.01895108930217922
to:0.002907593164748588
martin:0.03919496515827178
connected:0.019176299729843863
software:0.011880953115954667
might:0.017950085534839205
that:0.005854930387079777
think:0.006074886192103608
need:0.008106337516865975
re:0.0015778080285998755
package:0.016401953725975534
tells:0.018679324895850686
so:0.004311437119767595
this:0.006645347321157203
617:0.021976250693212646
1024x768:0.02331481978474566
two:0.007868309842419034
on:0.0021392777436256955
you:0.007035430245680024
products:0.01708897381492358
magazines:0.02240717683277543
card:0.01291522509077739
m:0.01732676850779838
sure:0.018413873587841377
a:0.0029462112359628584
other:0.005819864927560804
resolutions:0.024256353756535575
part:0.020668541033023433
usa:0.015378150573960863
mac:0.07238991845593114
also:0.006259481568268212
vga:0.03806229206122923
popular:0.01784798437186904
video:0.05899934502725776
display:0.04665976477133516
no:0.004749982009208902
proper:0.017327122806083714
it:0.007233236914345399
not:0.007631772260455251
ames:0.021698818720373908
properly:0.018167789601276355
ve:0.007700986071845713
buy:0.012687093355459771
kind:0.011626694923894766
occasionally:0.02278670525751357
between:0.009801121713275972
able:0.011128545257850923
real:0.010791535248937752
hz:0.049246980736612336
mit:0.021622791270995517
has:0.008985438598198742
800x600:0.02502564302570838
without:0.009481900779757363
be:0.009763059192193608
which:0.010902045000147829
g:0.014915620088656127
14:0.015754653247918426
writes:0.0027901366709601784
were:0.006545583533638392
if:0.005655277803910627
of:0.0049225464700187
monitor:0.04743387139352921
seen:0.01093867042456689
what:0.0038837219535722833
but:0.005614204407176458
macintosh:0.019812683230833666
75:0.01969177497868018
removed:0.03896501036968634
now:0.006970102944633941
in:0.0014994067670421136
640x480:0.07790153099249489
st:0.016188806932148945
or:0.008535588072190953
use:0.007015947374461384
better:0.009435510005491152
and:0.004832878664440378
for:0.0013727800122872319
subject:0.000112645387730035
rm:0.021698818720373908
forth:0.02083470727461014
i:0.004027398887033648
group:0.011380236011842383
back:0.008887581097331381
possible:0.010873297987192328
monitors:0.03896501036968634
20:0.013269334803399238
allow:0.014794407896095325
will:0.004781879092418921
than:0.00603629233003992
the:0.004134510181374553
would:0.007870461148560135
can:0.0072959155479975805
sony:0.042877016605259714
eric:0.03365424877905996
apple:0.08002883855040244
just:0.009910452012370344
note:0.01249657847628058
about:0.0041561864148602174
lab:0.018184434235415665
ma:0.016924970148681502
is:0.0022672795518199483
refresh:0.025286720678527316
either:0.0211271114524334
assuming:0.016743331947970473
hardware:0.0449326724515766
strictly:0.022143377858170644
does:0.005141303014082384
fly:0.02089768470168472
automatically:0.019886926951890125
adapter:0.021092461249208615
change:0.01254012281818771
article:0.003419126077285236
useful:0.016178427076280328
function:0.01735443299387113
ads:0.02331481978474566
pixels:0.024186609866446083
s:0.005235749205536019
