some:0.0046889031129853575
configuration:0.019049132428501342
correct:0.01314143550273674
fast:0.013983124196578463
there:0.018429296899139507
quadra:0.03990283597847294
know:0.004955321789792376
thanks:0.008005568855084992
i.e:0.013873650590262661
with:0.004697408648912027
c650:0.049843487893932906
sizes:0.046447047325097295
someone:0.008849229376156705
followed:0.01785115542571598
from:0.006799777144017474
work:0.008132821140523307
post:0.010371798411370202
both:0.009018891896820232
to:0.0016604809157720853
80:0.0160508499094912
vram:0.15459865407498571
trust:0.016664129573165997
100:0.013568321682052496
relevant:0.01805619627230347
make:0.0070685963186735085
that:0.0013931912668051277
like:0.004677265315295876
nt:0.0028677853482828855
could:0.006060679338658864
me:0.0043517617686929504
need:0.007715670648583277
re:0.001501769087462532
this:0.006325089618932759
reply:0.01442247598134596
simm:0.06740488145146595
two:0.014978228374725391
certain:0.013238212818315297
on:0.0040723600420826496
you:0.008928497821826857
etc:0.018653204718540043
them:0.01766095387388242
e.g:0.016302310121250184
size:0.028922707928239897
8:0.01185739470832878
ns:0.04866594994861664
sure:0.008763228996623306
a:0.002804225152301998
how:0.010565164636378507
other:0.005539389509365103
as:0.006426619760779264
guarantees:0.023819587940132073
ram:0.015621915936679711
compatible:0.018094627802488814
manufacturers:0.020270320710539323
advance:0.012704824163360037
chip:0.012981543605635637
cbnews.cb.att.com:0.048308907678971384
video:0.028078001549116646
computer:0.010765875121145843
are:0.015491840520511458
helping:0.020801852644212714
works:0.011948297162854378
d:0.007316643463361587
it:0.0027538588734134293
not:0.002421325335646445
ones:0.013625020001513478
have:0.004106430627691991
centris:0.040540641421078646
only:0.01606670166589502
machines:0.01584717483889274
kind:0.01106637227696008
whose:0.015031250805224773
adams:0.037217785137988846
be:0.009292550315461386
which:0.01037664524110456
simms:0.10069852741403075
writes:0.0026556722530825796
get:0.005278610342534627
if:0.0053827342952884275
of:0.002342657657418538
what:0.007393109261017118
parts:0.014653393620146025
dram:0.0248174247244634
seems:0.009463803571811558
well:0.006758505663266444
please:0.007692431152229938
must:0.037228279959509995
they:0.0074933303173312735
one:0.007898079580527087
in:0.00642215789980086
use:0.006677829428704208
and:0.005366630324167729
for:0.007839731636435518
subject:0.00010721669434545499
i:0.000766661474881104
group:0.010831790902837932
any:0.008219174829628974
information:0.019588925979789274
physical:0.017137153812749863
noise:0.01839522174143031
will:0.0045514270879649975
source:0.0125271805690756
the:0.003935256678657706
do:0.005769621838606399
putting:0.016144797217020137
can:0.003472152580071138
come:0.019286696180477174
apple:0.015234405410799498
slots:0.06673536517249233
rules:0.016544238154894184
many:0.029770297631776597
about:0.007911776548770053
general:0.011841085795532334
is:0.0021580130673948907
chips:0.01667767449075089
unlike:0.018522055364122273
issue:0.012575743001866879
match:0.019224315651296082
eliminate:0.02164157874003022
hardware:0.014255747484636752
questions:0.012145286494961893
presumably:0.01980098601118466
does:0.004893529374849498
lot:0.009954029671748556
dale:0.038761610969526974
unless:0.012361692472853377
16:0.014003986914960407
filled:0.02004445838795749
x:0.024459116381896403
nothing:0.01026046586948156
amounts:0.02020448211706271
slot:0.02047457138215977
organized:0.019516039280372273
although:0.012689716693794208
article:0.0032543489169341404
answer:0.012193859606943198
s:0.00249171197130931
confusion:0.020801852644212714
