some:0.007119127287398501
read:0.013823189401816597
at:0.010743475761639403
know:0.007523628814989645
all:0.005817486772233483
means:0.017284117197797273
way:0.010563248899674044
into:0.010919535993795039
to:0.004201826707593996
add:0.020952563514949504
look:0.04337503032212031
that:0.006345816318923356
directories:0.03465986170220342
think:0.00877895138736924
interactive:0.033941672460396206
need:0.023429292579234588
account:0.024846215894678416
re:0.0022801250169400644
so:0.0062305524230787815
burned:0.02967296743963694
directory:0.15422485203038033
you:0.020334109368611773
more:0.007752555035492231
a:0.006812215248031195
as:0.004878744879372064
gary:0.025882185631235722
said:0.01336283432111849
drive:0.051654946624499785
cd:0.027214652737686425
van:0.05592201256699088
taking:0.020774085574095155
it:0.010452909443291828
not:0.007352561080194694
have:0.0031173817874856884
systems:0.01829522634318665
only:0.024393955578096704
whether:0.01742352795659649
session:0.11754194833353065
second:0.06706575065005528
exists:0.02275386014035582
has:0.019477581839388126
disc:0.03816817965893246
structure:0.05617876145964737
found:0.016308051861323156
writes:0.004032087750107088
if:0.016345132189351446
whatever:0.02015219865093514
of:0.0011856133266203576
looking:0.015816374057357585
what:0.005612451847540435
but:0.008113210027444027
newer:0.029974675105877
one:0.005995798218144039
in:0.00216682563285964
or:0.008223310459793723
and:0.003492049522781614
still:0.012449445623350899
for:0.0059515035898550115
subject:0.0001627863225123067
i:0.002328033015187743
cd-rom:0.0942393753711931
photos:0.07475034555874055
necessary:0.021980340106594665
will:0.013820796889064443
normal:0.023002211429991117
the:0.00459605493895764
do:0.013139961931216401
older:0.02693994137219287
can:0.005271743856327521
because:0.010760501822527524
put:0.01516743475333402
last:0.013293674097923768
just:0.014321811749583975
here:0.010978054302581683
is:0.00655299089977229
write:0.019842523932850693
multiple:0.02618307510747447
time:0.009631158353071425
first:0.034345515171787334
too:0.01190559675527132
change:0.018122006755551753
article:0.0049410541482719575
capability:0.029930649203599644
written:0.021850725234488475
data:0.0357847027220221
