some:0.03213404243486296
ask:0.026739106278498785
recorded:0.04976385132774711
there:0.008419990693368325
help:0.019633878165521073
all:0.01750583175497782
microphone:0.05795174199912727
thanks:0.01828795087079049
fax:0.028060948072324676
with:0.016096166333657267
way:0.01589332861969306
much:0.016029329078531482
into:0.016429393605342995
name:0.025341582622295883
my:0.008717562030553223
to:0.0037932086974976995
sound:0.06332446402070516
software:0.02583289805946107
phone:0.026948138772564856
stack:0.055797250337866706
multimedia:0.05558633732663094
set:0.024306555817669002
them:0.013448249280112302
came:0.027694740664935293
input:0.07829635411696728
m:0.025115866277359122
a:0.007687178674383827
other:0.01265420172322854
want:0.017363284107451207
running:0.027774866169235798
interview:0.04912352323659536
se/30:0.11645124478999179
mac:0.031479652612946205
no:0.010327942533784494
play:0.02937539663101323
couple:0.05790810632393612
have:0.009380745195369777
money:0.028442383181001195
technologies:0.0453011525145193
anybody:0.027886193990024725
sending:0.04164949994919227
which:0.01185222323410567
of:0.005351575749515743
trying:0.024736956174939415
short:0.03177043913414007
using:0.020224042005916706
box:0.029069165235840435
in:0.006520356032825339
or:0.024745374594608637
and:0.003502728573309999
for:0.0059697039066435595
subject:0.0002449262100185165
i:0.007005457146619998
appreciated:0.03105286347868113
info:0.02702197669167337
similar:0.029034479705199095
any:0.028163869714370845
than:0.013124782405683131
the:0.0006915165229257368
an:0.008237597601483824
address:0.029291939026913863
principal:0.053051902678666184
is:0.004929772970470898
number:0.04591311648436253
new:0.015816509769573824
questions:0.0554894740778993
does:0.01117879646181216
2:0.017875316991700998
1:0.017968109100226684
e-mail:0.025226566758277676
very:0.01599305038333438
before:0.01950636942406096
s:0.005692075971156132
