folks:0.07261207549597604
quadra:0.19481972860077965
chris:0.15046067619291373
thanks:0.03908601264541496
reid:0.25262364787681874
with:0.011467203466461712
4:0.04871116674860155
my:0.018631652182947083
to:0.0027023512942957466
memory:0.13261302847714962
like:0.022836060068797515
exactly:0.06306632653474525
hi:0.061784640392439305
a:0.0054764867680250785
manual:0.07705092935064241
it:0.006722655485097489
has:0.02087793086052061
cr:0.24547378290450678
anybody:0.059599904802209704
simms:0.196658300596813
of:0.003812560501288993
but:0.013044769063733534
who:0.02535397792615389
in:0.003483915723421382
total:0.07178461756479218
and:0.0037431119067724496
subject:0.000523469742980751
i:0.0037431119067724496
4mb:0.11372645362130358
the:0.0029558941568198155
wrong:0.05183180503587962
upgrade:0.0867169686911519
got:0.04337556513001126
can:0.01695227436152379
put:0.0487737117558192
is:0.005268090723346351
maximum:0.0959674610224091
x:0.05970901940286475
give:0.04633796610501974
says:0.05021621067505035
700:0.21087028564182153
s:0.012165417271686633
