some:0.016920824277294987
there:0.013301144718509383
rick:0.06974873161055939
way:0.02510685245719628
cambridge:0.06771907836931712
yard:0.08748460743116976
mentioned:0.05094440027234548
from:0.012269163107683704
work:0.029348876289714547
to:0.003994780174176322
ii:0.05320869282768287
software:0.04080849113740952
family:0.05710821839303865
mail:0.04441036963530226
make:0.02550841280216962
she:0.0480455432593983
that:0.010055206534332662
think:0.02086591344244283
could:0.021871147178638514
me:0.01570418377397891
sitting:0.06579413760089793
package:0.056337145406611625
had:0.0222378041403208
something:0.02885016401686265
two:0.02702593380656973
these:0.02400921700143395
them:0.02124433581930784
a:0.008095676091863159
richard:0.05414605093882288
mac:0.09945745318293148
lc:0.15040985659024664
have:0.00740942917605294
has:0.03086302822859568
without:0.032568267895688334
of:0.002817979500952734
who:0.018739896728026787
postscript:0.07291182677026979
or:0.009772629821783846
and:0.00553329586218536
i:0.00553329586218536
translation:0.06874252137241789
any:0.01483025023606967
connect:0.0666098018892833
the:0.0010923956666508015
do:0.010410404621833284
harvard:0.08150134343978153
around:0.034307165697878776
her:0.04791896818738736
extra:0.05629964796364132
friend:0.10067244694761757
an:0.013013016500894736
about:0.014275596816259008
ma:0.05813359311938429
is:0.003893806186821216
cartridge:0.0840586831113983
center:0.04734247584743201
told:0.04493072125694391
random:0.06468410215913875
