there:0.05398699915159691
thanks:0.11725803793624488
terminal:0.561670141211859
on:0.029824048543487643
a:0.016429460304075237
60:0.4790187387518844
kit:0.30358642208216546
available:0.15888610751848412
net:0.1950083814646166
or:0.03966537986488737
subject:0.0015704092289422528
the:0.004433841235229724
is:0.015804272170039053
somewhere:0.22820712111191688
