all:0.028911146383220947
50:0.10458131179177063
much:0.052945359683634285
lciii:0.3504640843620978
performance:0.11487912829080654
vs:0.10353369530494977
particularly:0.12173031197395705
how:0.03985948476451892
d:0.05520740067809198
it:0.010389558476968848
centris:0.3058975670863207
uucp:0.128291775979881
tom:0.23004413475604577
be:0.017529129004165797
title:0.12730888883584604
over:0.06078608340967751
in:0.005384233390742136
610:0.33820730457452836
subject:0.0008089986936975241
i:0.005784809310466513
faster:0.11819094022407067
the:0.006852300090809573
just:0.03558753222623897
interested:0.08718412773984606
is:0.008141594754262543
difference:0.09718648020710262
says:0.07760687104325964
