since:0.019810115083204766
at:0.008722425865885456
fast:0.03447324678166374
there:0.009086920649278688
andrew:0.037281763952198003
form:0.03379585073744451
your:0.02494915291448045
with:0.005790370067223241
from:0.00838190350920966
alexander:0.05039119021202642
reach:0.04315151949535028
to:0.0027291072477046156
been:0.014527132546746924
that:0.01030409778518248
technical:0.037987596464547524
bit:0.02698103166391782
nt:0.007070084670519193
need:0.01902180189601224
re:0.007404762431250902
se:0.14992009476012746
server:0.039628304407402316
samuel:0.11022642145554412
modem:0.08442317973336258
a:0.00414803205696949
sorry:0.03145957113602599
standard:0.03013905485606175
mac:0.033973090443674615
question:0.021613723597496085
andrew.cmu.edu:0.04034435056165604
no:0.022291994775891284
not:0.005969406025504603
have:0.02530943629443826
modems:0.1577376507733003
seen:0.051335938428165404
but:0.006586962596538715
never:0.021821180503582775
port:0.08256984426434734
using:0.021825946323217035
up:0.013301587825271135
in:0.001759204969252381
speed:0.0665042607304115
or:0.006676351066367181
and:0.0018900862103504448
subject:0.0002643263058615673
however:0.02373365251680112
i:0.007560344841401779
faster:0.038616841855389425
any:0.020263114183936778
actually:0.024201129971297867
will:0.01122084499904242
yet:0.026040284581051128
exist:0.03600519282966441
than:0.014164369130885755
the:0.0007462901089000524
do:0.007112058603034621
less:0.027216490659369083
got:0.021902513085451228
compression:0.09636369623961304
bps:0.11520294478783928
problem:0.02094619101035232
here:0.017825751540825704
worry:0.043528346840145775
is:0.0026601250187194446
hardware:0.03514535766014407
break:0.03885353018067214
excerpts:0.05760147239391964
told:0.030695245215139902
serial:0.08196669164088777
whatsoever:0.0514723713205907
answer:0.030062089526028284
by:0.009806291829872932
john:0.026549291084968767
s:0.006142933473821964
