iisi:0.05335399115116361
24:0.0725363118587814
all:0.018892432290025567
with:0.011580740134446483
nubus:0.05892356539020204
to:0.0013645536238523078
day:0.02518121817587002
bit:0.05396206332783564
description:0.0433172303107515
this:0.01039569184893899
contact:0.03445616137604522
etc:0.022993306806517184
working:0.03137167337333274
28:0.08757555253957915
card:0.06061204646562855
includes:0.03730449872705296
board:0.0355564011817341
air:0.03815979193694227
price:0.061983053501860653
quick:0.040190843764270255
old:0.02621696121131014
shipped:0.05539213030169974
following:0.027102121515245162
usa:0.03608536322800718
3.5:0.04752153748120581
stuff:0.02894471834330319
anywhere:0.04184484460251942
prices:0.08638537582532757
are:0.00636545922377451
meg:0.04609618412554731
it:0.003394608215247247
not:0.005969406025504603
gene:0.15971858268910244
19:0.04056333873248395
selling:0.04128492213217367
mo:0.055251688371086315
chairman:0.1190981981392463
call:0.026306496019789183
free:0.028589186080442926
list:0.02882800591011465
2nd:0.043234028223658634
hd:0.044144607324078655
order:0.02776551347655933
shipping:0.04062680683506732
please:0.018964508484210444
virtual:0.048889362614679244
up:0.013301587825271135
seagate:0.05691837465642507
in:0.005277614907757143
or:0.013352702132734363
for:0.01610637935208287
subject:0.0002643263058615673
fpu:0.05553459304875023
monitors:0.045716373552552786
any:0.010131557091968389
normal:0.037350125490282604
the:0.0007462901089000524
do:0.007112058603034621
note:0.02932365444434156
is:0.005320250037438889
ethernet:0.05166462959640358
desktop:0.04957246035217382
new:0.017069302622609375
hardware:0.07029071532028815
items:0.13763210642612708
2:0.019291183684112957
sale:0.12573751105360909
1:0.05817397698786263
x:0.030150098906397055
sold:0.040658694109325155
adapter:0.04949419124814299
include:0.03328240864598615
s:0.006142933473821964
