minnesota:0.1439736959367936
grayscale:0.1796500668866177
with:0.016709353622558494
0:0.10471875109915521
most:0.05304558468477251
anyone:0.047797564275468316
had:0.043840242448061006
card:0.0874545241861212
a:0.011970035364397672
wondering:0.10282667148163704
adding:0.13500304543155078
mac:0.09803663242317531
lc:0.2965222887064862
video:0.09987746265328636
cheap:0.10617803481162422
likely:0.09446882299799222
university:0.0671525743313901
second:0.07856273647577904
thinking:0.09952932953853301
if:0.01914715485038312
of:0.011110890603756494
electrical:0.13534728367487006
monitor:0.10706502400253737
for:0.018591363594975655
subject:0.0007627701969148084
i:0.005454248778439855
just:0.06710791791233633
pi:0.17655825018261104
1:0.0559578254835631
