there:0.012402418724015507
c:0.034947266154445406
compared:0.05571335980964354
into:0.024200052743005223
from:0.02288033120081556
wrote:0.0348050672255792
to:0.0037248625948400837
manufacturer:0.0677673873678207
think:0.019456054426061558
re:0.005053250037542845
best:0.0329077848643437
you:0.007510797154171917
a:0.0018871677376302637
other:0.01863929713286366
same:0.02624450473687314
christian:0.08664438841179935
low:0.045889115405132706
want:0.02557564821232678
as:0.010812353516446195
ram:0.052565636057206065
driver:0.09945366482395654
drive:0.038159510118999845
deliver:0.08127647305448565
andrew.cmu.edu:0.055064586577395415
prices:0.058952182151068136
are:0.008687991643259806
it:0.004633181482972594
should:0.022200164084236213
only:0.018020759976611983
buy:0.04063298817897251
simms:0.0677673873678207
apples:0.08496962623015702
get:0.01776181047690706
of:0.00262757548061809
cmu.edu:0.08283146399752332
looking:0.03505250466765735
what:0.03731522039175532
but:0.008990313814194734
nec:0.1466016160736334
nearly:0.05797487591350562
toshiba:0.08283146399752332
in:0.00240107705262825
speed:0.045384664417375424
and:0.005159424520145809
subject:0.000360769687729977
i:0.0025797122600729047
cd-rom:0.06961827730124176
than:0.01933244975972245
the:0.0030557554459015664
sony:0.06866116848274699
may:0.02514899361405177
apple:0.1537851465117193
is:0.014522844696792644
easier:0.056441536681197314
every:0.03286687198564049
article:0.010950444328602716
very:0.023557330970046586
difference:0.043339916849113334
by:0.013384263173204947
