looks:0.03889892584515785
week:0.03917998641369981
fast:0.07913177102154631
say:0.021563011071222084
with:0.006645765645335765
times:0.031937228880602575
from:0.009620139254888358
my:0.010797889333298878
noisy:0.06611078081574867
been:0.016673186218425447
like:0.013234534812598559
really:0.022174951627169613
circuits:0.06441719468892496
this:0.005965709526947943
machine:0.07392725805282606
great:0.028650576008325875
a:0.006347746026574523
drive:0.03208867896370442
science:0.03842763893371949
overall:0.05265470738272286
computer:0.03046253301324222
ontario:0.05396988865584399
annoying:0.05918603879876588
works:0.033808249926712955
it:0.011688253286589952
have:0.01161933211699211
centris:0.11471158765737027
complaints:0.059521934278783425
university:0.026708410245439247
screen:0.04248076329665963
down:0.026867790647194977
of:0.0022095521087015756
but:0.007560036616481935
impression:0.05376264334277829
pattern:0.05918603879876588
must:0.026334777584994286
highly:0.04746220130009774
up:0.015266595117640735
now:0.018771754521343685
170:0.06762818300466371
feature:0.05369439306936679
recommend:0.04986112826321968
610:0.12682773921544813
and:0.0065079104742748264
few:0.05194607956605197
still:0.02320123957079031
for:0.007394292338910773
subject:0.0003033745101365716
however:0.02723976027496492
i:0.013015820948549653
quantum:0.058859787595556434
the:0.004282687556755983
when:0.014859936850497
got:0.02513811160943834
is:0.012212392131393813
desktop:0.05689566472238131
hardware:0.04033728549630172
time:0.01794897693072402
every:0.02763805144247041
image:0.04205753405606451
almost:0.03434082875300646
playing:0.04551556767448969
