some:0.012972631945926157
say:0.010541916523708575
know:0.006854861809212788
all:0.01060075367384768
technician:0.032732537132997806
your:0.01399924691312514
with:0.003249040982164152
such:0.021366857816308874
mentioned:0.019528686771065767
turn:0.019008211859525084
wrote:0.014308749859404784
prevent:0.02235009706760373
my:0.005278968118501674
to:0.0038283310002523076
then:0.017732003886397812
fails:0.026593636650959582
boot:0.027270147052168566
usable:0.032222495192702684
connected:0.02524879464429442
badly:0.029044332698220966
that:0.0019272479190804268
problems:0.03047859150990859
technical:0.02131526246066278
think:0.007998600152936419
hour:0.025865081092668215
through:0.013163684966804593
nt:0.007934206130249317
could:0.00838393975181143
phase:0.030479953199063565
re:0.002077447237656503
so:0.005676725541027334
fixed:0.02519351502844349
this:0.008749707306190317
off:0.012130319155313058
contact:0.019333734994336486
these:0.009203533183883015
on:0.005633431391547666
you:0.009263316490145364
used:0.010969241712982587
friendly:0.02877589615782759
3:0.013008144136875665
board:0.019951091774195247
a:0.003103342501880878
how:0.0073075722068284684
christian:0.03562047079151751
following:0.015207301516887565
related:0.021411883253506497
ram:0.02161031704574027
connections:0.031161077210687633
preventing:0.030772418385093685
calm:0.03295042998384937
based:0.01678279451055857
are:0.007143459795569173
book:0.01727610283713152
it:0.007619009549777155
not:0.0066990000952884985
due:0.018417458249436015
between:0.012904810255813364
larry:0.02524879464429442
after:0.021435707640721682
robert:0.01775228904976502
has:0.005915413743814172
screen:0.02076837316725582
anybody:0.016886639693959416
be:0.006427347301527459
which:0.007177179625097322
simms:0.027859925917881844
if:0.007446115775148992
of:0.003240676426095644
failure:0.026385278898412617
monitor:0.02081819911160449
piece:0.02394283840996396
seen:0.014402582725679739
but:0.003696017901391168
supply:0.022433141297803022
using:0.012246780992471782
must:0.012874780152663873
find:0.011758037431518835
in:0.001974218909938783
floppy:0.024472339408876876
5:0.01443818270509824
clean:0.04824269102195895
use:0.018475328086081644
and:0.006363290241513164
for:0.0018074936828448556
subject:0.00014831642717787942
i:0.003181645120756582
power:0.015010307112058568
voltage:0.028723730933661814
suggestions:0.021983313172615985
the:0.004187516722161405
do:0.011971965315108277
when:0.007264858015798533
level:0.019558528681076385
can:0.019212577609726965
fan:0.02221975547494263
symptoms:0.05734410194885348
last:0.012112014178108322
lower:0.022061014516920097
is:0.0029852514098962658
dependent:0.030551638781485275
having:0.014538285513446454
else:0.014036401251878093
disk:0.019449883243332675
dust:0.030002495255726205
temperature:0.05755179231565518
does:0.01353876460375028
2:0.01082449751164116
goes:0.017905706644392647
contacts:0.03203090532564063
1:0.021761376576941206
paper:0.021425824429092195
icon:0.031161077210687633
dark:0.025622176587035812
show:0.01672260372074907
terms:0.021384105417858134
article:0.004501849335092228
seem:0.015331736416087432
while:0.01205745836599179
main:0.02065787228681571
s:0.0034468682269778797
