at:0.00509228330898515
out:0.006810272249019999
correct:0.018914551677349414
there:0.005305080841486401
take:0.012287567227374008
where:0.010678941030252957
tony:0.02672106692163415
with:0.003380505068147672
damage:0.025719496278431623
funny:0.026015989309573537
remove:0.02553844153202098
hans:0.07486479274606425
from:0.009786962478961566
work:0.011705621179134703
trick:0.02871620277063515
name:0.015966661883411854
my:0.016477703953704646
corp:0.026752396791399114
to:0.010356409873514914
tool:0.027175935526117762
misc:0.03322980254508053
enough:0.014058662005418474
that:0.006015687146262603
think:0.008322242933691071
nt:0.00825524337251374
finding:0.025772285200762683
re:0.00216150579640561
this:0.006069161137241838
internal:0.022905013966013483
you:0.0032127109214376984
subjects:0.03114886188593945
why:0.010287413758115644
a:0.004036139092041604
hard:0.04689422085391056
other:0.007972878542380987
classic:0.05914118593998488
austin:0.028941147373234423
idea:0.016025296504397435
dogs:0.03005034395017145
baseball:0.021660553988952645
wise:0.056581971238645834
removing:0.029419134170026985
sweden:0.03075902789290169
drive:0.016322565021999934
stuff:0.016898361576148102
solution:0.02248472293776444
business:0.020904992677650676
are:0.0037162507607007254
annoying:0.030106193146193047
complex:0.025988398102910776
no:0.013014401574364275
those:0.010727836151951215
it:0.009909116466473179
not:0.00697005790261231
have:0.005910411712689628
drives:0.023393310125755268
only:0.01541660391062759
ve:0.010549905774725053
heat:0.026416767884146163
exists:0.021570133312244822
call:0.015358127734096574
leonard:0.10429697698321279
writes:0.0038223259596390884
get:0.0075975374294284526
of:0.002247868041222412
even:0.009706123975526159
warranty:0.029673816191957792
easy:0.019154228695137616
find:0.012233796171522485
good:0.009364218793985545
over:0.011595033251556981
one:0.005683878079627875
in:0.0030811508999044586
cats:0.034169218322524314
and:0.0044138429420900556
for:0.001880629265387711
known:0.01882617773217548
subject:0.0001543176698960595
cause:0.03645666050106435
i:0.003310382206567542
information:0.014097232858287657
will:0.006550897947417828
the:0.0017427815259862497
do:0.008304253397762966
can:0.004997491285767129
fan:0.0693564621761215
because:0.020401413860052182
did:0.009502375973658758
an:0.0051901626506458765
problem:0.012228701110090083
long:0.013759024538199912
people:0.008701000809671199
many:0.02142428933616293
about:0.005693735146369199
is:0.006212083858743674
number:0.014463958661258717
right:0.01121314216063757
motherboard:0.026099562044690473
512:0.061393074096737305
dale:0.05578983312955039
matter:0.017461867120812383
fans:0.02377457005518762
every:0.014058662005418474
article:0.004684005088535266
shaft:0.03114886188593945
opinions:0.01650641708393088
data:0.016961535394253248
fit:0.023499699880337437
tx:0.02738239843133209
void:0.03178783225819277
s:0.010759010650682398
