sent:0.02256246962140867
out:0.007228080362456809
there:0.011261091847572362
quadra:0.03047793300196246
anyway:0.0187025387830953
ever:0.016217313232085036
with:0.0035878980171137873
way:0.010628054107647505
though:0.015248737433194354
ca:0.012616862552713626
from:0.010387389624910131
gc:0.11373384214217278
melbourne:0.035691709888256956
to:0.004227604785554695
value:0.04581414502768917
that:0.012769495414766019
provide:0.02071751949867125
docs:0.033658844023505774
nt:0.0043808500105671075
re:0.0022941135139765063
complete:0.022719115645980233
so:0.00626877667107313
alpha:0.034591458792209
requested:0.032134541205723566
this:0.0032207511556528773
tools:0.05459475897139474
on:0.012441934361700366
support:0.01680341294192335
card:0.03755715762594162
a:0.0034270039898071044
was:0.016296830688982557
as:0.004908675829552261
steve:0.019675790471376606
chip:0.059492104744845536
video:0.04289216187564445
computer:0.016446030093038744
it:0.010517037722085029
have:0.0031365068291267046
due:0.020338297453364924
only:0.008181203915762495
states:0.02118318856107781
per:0.0216983135924725
completely:0.02206744562600902
left:0.01794113609509547
able:0.016180768258347664
be:0.010646526204984135
asked:0.02068896256894743
which:0.007925719831395815
writes:0.008113648969540643
were:0.009517198144001836
of:0.003578661084032
even:0.010301591704086047
piece:0.02643994425640192
sit:0.02856266623730232
seen:0.015904692580505232
what:0.005646884067463995
but:0.012244476483136386
europeans:0.034872498890560495
never:0.013521099575839635
version:0.019143991458071073
least:0.014770934863229952
again:0.0149807922583314
seems:0.014456976008472872
they:0.0057234332791886115
who:0.007932839719226063
called:0.01645554905433579
in:0.005450297604125475
cpu:0.02743841947480595
extension:0.031067343002512293
or:0.004136880108607886
for:0.003992010587878209
subject:0.0001637850116074742
programmed:0.03663741958044872
i:0.004684630852647728
we:0.008268367519717608
info:0.03613982158763678
any:0.025111343958007543
quicktime:0.07945772481637495
program:0.03406912186974325
suggestions:0.02427605135626305
the:0.004624251595024865
can:0.005304085843176156
agree:0.01850647349057938
once:0.0164603140792939
bought:0.04494581286955166
an:0.011017155074377139
apple:0.06981656958200753
makes:0.017134833633447696
people:0.009234804540325874
done:0.016249469640617784
lack:0.023800742692653906
hardware:0.021777184807819334
article:0.014914102091716584
rain:0.034872498890560495
processor:0.02998327205472253
newsgroups:0.02629614933019322
