someone:0.10492657688871522
to:0.0065628531432896705
direct:0.1901797915511511
could:0.07186234072981225
me:0.05159946097164498
on:0.02414327739234714
performance:0.3610486889139634
etc:0.11058685654563026
mac:0.16339438737195885
scsi:0.4028545043936155
kurt:0.5687523230107754
please:0.09121025509072642
email:0.13066184090323527
for:0.015492802995813047
subject:0.0012712836615246807
each:0.12123854273145786
information:0.11613434688017928
max:0.22674743035888428
