some:0.012036462630240764
configuration:0.09779863865354298
quadra:0.10243099132618311
know:0.03816108636056604
all:0.009835750831405064
800:0.09896237702271725
send:0.03024069196779611
thanks:0.020550377782640857
with:0.02411659285730092
via:0.0352394987486149
to:0.0028416477527645994
psychology:0.05767634186053272
vram:0.11338752537458452
that:0.010729009034055985
smaller:0.04630146669118522
me:0.011171017323758192
complete:0.03817748299272967
this:0.005412190086303288
you:0.01718965946624913
am:0.016848828419601707
purchased:0.04934901646569819
education:0.044594304186147675
a:0.0014396949750993763
how:0.013560443270403344
was:0.009128465300014285
let:0.02376430662631778
exact:0.044030374951992454
college:0.04246922990276961
cd:0.04601240256681004
internet:0.02944880353726398
it:0.0035345920591749688
not:0.006215567098721287
have:0.005270624877810854
ve:0.018815811330179736
buy:0.030998362115917173
messages:0.04510350784933919
be:0.005963518114819292
noticed:0.0418165259912817
found:0.027572376342855642
were:0.015992817499714422
if:0.006908767214055766
of:0.006013626357703258
department:0.03575335652260759
what:0.009489093845326094
but:0.006858589920107322
seems:0.024293681333825548
please:0.019746550071188192
box:0.03266535062584131
email:0.028287615040906607
in:0.003663499008133824
installed:0.0825849475330947
or:0.006951664512402941
and:0.007872111638985357
subject:0.00027522635971152884
i:0.0039360558194926785
discount:0.058440341573457684
any:0.010549353260709353
will:0.011683560256734891
than:0.014748466827004755
the:0.003885324793758005
educational:0.05442012588714636
bought:0.03776374998833464
an:0.009256681840842646
south:0.04455298437792563
interested:0.02966057954036
mentioning:0.060544417412050626
ma:0.041352762115850684
is:0.00276982089578004
mount:0.05410289229264374
already:0.029956560013374756
buying:0.041352762115850684
