some:0.01577752533963992
since:0.027038130045995694
go:0.026289625024244964
there:0.012402418724015507
thanks:0.026937657363731934
where:0.02496563240856435
cut:0.049473182375735156
with:0.007903072659318208
4:0.0335712095159281
from:0.01144016560040778
longer:0.045867716329380755
to:0.00931215648710021
direct:0.05396994084559695
memory:0.09139546557208961
nt:0.009649710158411332
me:0.014643090275737092
se:0.13641377991687276
anyone:0.022606956076235016
this:0.014188714550578893
m:0.018497496109676652
sure:0.029487081353502753
a:0.0037743354752605273
plus:0.09664594199945056
doc:0.07503568866719787
no:0.015212780218682566
dick:0.13641377991687276
it:0.004633181482972594
not:0.00814743254832385
have:0.02072637620868863
be:0.007817044015371234
which:0.03491600898695994
seen:0.0350333093327345
but:0.008990313814194734
years:0.03013210031054586
in:0.0048021541052565
or:0.00911231699598764
resistor:0.08283146399752332
few:0.030886858120355225
subject:0.000360769687729977
i:0.015478273560437428
ago:0.038664401694116814
information:0.03295704438491574
yet:0.035541469495758975
the:0.002037170297267711
can:0.011683324222131263
did:0.022215014100580615
forget:0.051881261289385056
increase:0.05682088828631469
needs:0.045261440036072256
an:0.012133758629212659
is:0.003630711174198161
grant:0.06114838390103806
1:0.02646653908006363
instructions:0.06530358254628077
