school:0.05121865458867754
some:0.016444181339906397
thanks:0.028075868238255818
split:0.06715389559559445
hand:0.04446816134440385
with:0.008237005306895032
my:0.013383299455356356
to:0.0019411255775927195
martin:0.06541694889091841
keyboard:0.128022057351352
that:0.004885980639922209
so:0.014391698554717185
this:0.007394118850301676
on:0.014281938739134928
american:0.04545120024490445
a:0.0039338144390039295
was:0.012471283578892755
part:0.034496086090327845
advance:0.044556355164459854
far:0.03506166298762538
learned:0.06394078161214024
it:0.004828949714647492
have:0.007200712861234548
typing:0.1596820600739548
only:0.018782200539004038
between:0.03271642036685078
left:0.04118880540141636
after:0.02717202376992889
b:0.12933415548651725
placed:0.06415258270178166
of:0.005477199593401089
seen:0.036513590008765535
what:0.012963973281642694
but:0.009370186228879017
years:0.03140528764761118
seems:0.033189959005367295
in:0.007507593037795372
thomas:0.10377478912758029
pictures:0.06549497960043413
or:0.009497344474691343
and:0.0026887141865548584
subject:0.0003760134773523704
however:0.03376195639713962
i:0.008066142559664573
taught:0.06815709995176865
ago:0.04029810880795273
the:0.004246495830924242
when:0.018417949899207548
is:0.007568243011004617
write:0.04583343556320442
new:0.02428168401244432
right:0.02732216329282112
lot:0.03490920265162522
position:0.048490745876228335
difference:0.04517118094132939
