some:0.012161842449305772
pc:0.034717104812477945
help:0.022292632500435384
rides:0.061575778852049026
send:0.030555699175793986
thanks:0.020764444217876696
codes:0.057284322715284886
harley:0.0631136538396122
fax:0.0318608681237853
with:0.012183903683115569
to:0.0071781206254730775
w:0.0322327172398891
janet:0.05292631737211746
been:0.015283754033556658
that:0.0072271796965516
think:0.014997375286755783
anyone:0.01742619530876449
parallel:0.04793076445272282
he:0.01656388757833578
etc:0.02419087486935662
came:0.03144507012997861
a:0.010182842584296631
want:0.019714562163668556
driver:0.038331099984233244
therefore:0.035759640839113184
advance:0.0329531376737151
no:0.011726518085234477
manual:0.040933306217528775
dot:0.12011589497115235
it:0.007142821452916082
matrix:0.12821293642514783
have:0.0213021088811522
university:0.02448270939165264
manuals:0.050909097342914295
sort:0.03268188862146906
of:0.0020254227663097776
but:0.01386006713021688
macintosh:0.048912561726120615
pope:0.056012419623608846
in:0.003701660456135218
st:0.039966117113742705
or:0.007024077684407139
for:0.003389050655334104
subject:0.0002780933009585239
i:0.00994264100236432
info:0.03068120270200414
the:0.001570318770810527
sky:0.048555383877384874
got:0.023043268975318477
can:0.009005895754559514
stuart:0.19392232008733273
may:0.019385682577498238
about:0.01026058521168616
is:0.008396019590333247
select:0.049345363839796375
write:0.033897645051953265
printer:0.18108050738449294
told:0.032293955903428435
fonts:0.05159115910728416
e-mail:0.028642664340127775
wish:0.038917474112278944
black:0.03676617037754101
god:0.055274546495317184
