bbs:0.07358259366828475
specifically:0.07358259366828475
previous:0.06314908035805102
my:0.017276622933278203
t:0.04684132827273531
problems:0.04987405883439587
re:0.006798918232330373
national:0.05916679863613661
du:0.3268883345896895
a:0.005078196821259618
ontario:0.08635182184935038
no:0.020468104294227452
have:0.018590931387187374
batteries:0.28793193878471984
without:0.04085837245095445
battery:0.08569457613814471
if:0.01218455308660744
macintosh:0.08537465319468326
powerbook:0.2958687160758782
in:0.006461080068890563
un:0.09505417973963225
few:0.04155686365284157
for:0.0059154338711286175
subject:0.00048539921621851447
i:0.006941771172559816
any:0.01860522302343286
the:0.004111380054485744
canada:0.06764741078193903
can:0.015719381680685696
club:0.17572600394271914
about:0.0179093850967613
is:0.004884956852557526
capital:0.09285276280230068
questions:0.05498502431355476
2:0.03542562821991652
run:0.048669716879770814
article:0.014733325096665473
de:0.14694480098705345
freenet.carleton.ca:0.201914216777187
says:0.04656412262595578
