at:0.016941634854892907
out:0.02265725190539346
know:0.02372836780112119
saw:0.06533424198337413
your:0.024229465811178127
work:0.038943701230582765
line:0.05430391824626901
t:0.04954371259616235
v:0.07397400603657715
servers:0.20263036246221733
re:0.007191163514964819
server:0.07697036048360835
anyone:0.03217143749310368
file:0.11686484163301575
on:0.009750169716140192
more:0.048900731762335614
a:0.002685584857396914
as:0.0153868107734042
mac:0.06598619490021415
patrick:0.08818471212487022
cover:0.07546551054322859
are:0.012363680415408184
brian:0.07184764451497652
should:0.031592541196797684
hughes:0.09837908815016716
configured:0.11367836095762898
details:0.07336195927481413
macs:0.10171583674847101
be:0.011124254944951372
hades:0.11787554491955242
writes:0.01271658444264543
of:0.007478484060220718
subject:0.000513403017154198
i:0.003671128985488364
any:0.019678601274784758
favorite:0.09293202131586109
the:0.004348575057629152
once:0.05159675374855589
may:0.03578895245076598
an:0.017267271895418015
about:0.018942618852343683
issue:0.06021846168201641
new:0.06630767557244412
article:0.015583324621473098
check:0.06364060701130171
