above:0.011994079427879055
at:0.003880903138565776
cable:0.0190204734070011
fast:0.015338316849991356
know:0.005435573240785471
all:0.004202941985225953
tried:0.013646978207210005
saw:0.01496643428694033
thanks:0.008781438964388384
with:0.012881660281708092
way:0.0076315983239935836
much:0.007696902509074588
literature:0.020841905789270882
mentioned:0.0309706045708532
from:0.0037293931913223595
loose:0.022987346208091463
dealer:0.019482666974664085
my:0.012557897726832176
store:0.019661687440443058
to:0.0030356809693630636
boot:0.021623905151499305
connected:0.02002107064305285
keyboard:0.02002107064305285
might:0.009370419100786107
been:0.006463614040623081
that:0.001528214208962453
control:0.013434512202383364
pitched:0.025398955764825173
nt:0.006291440984338666
location:0.020223907376539223
me:0.004773518415879052
re:0.0016473149902122052
so:0.01350410481125445
this:0.004625395932787833
he:0.007004992103613372
two:0.008214931421380228
these:0.007297955828629704
big:0.012228108166817435
on:0.011167595269587884
you:0.0024484536978357794
machine:0.014329512574116066
took:0.01486961090932458
am:0.007199719633045664
great:0.022213662455794512
nelson:0.023394277133778753
them:0.0064575293900098725
m:0.006030020758220582
more:0.005600964871456943
a:0.0036912003326336432
hard:0.02382584495661242
price:0.013789181505920543
was:0.011702129525568972
pissed:0.024401036604920105
awful:0.022162625758363946
drive:0.024879328183312677
scsi:0.018634239190013054
also:0.019605688964928192
others:0.01187809789897972
computer:0.011809263899406676
annoying:0.022944367463838756
no:0.004959232317984626
it:0.013593387082201532
have:0.004504410688525576
centris:0.02223484518468851
made:0.010244843841048465
being:0.008571823479846469
try:0.01073299415129248
only:0.005874608979159853
ve:0.016080473119184445
partially:0.02510998095211234
has:0.004690636448839432
decided:0.016438912171887025
open:0.01455929770375931
screen:0.016468313524696247
free:0.012720298652531875
heard:0.011905935504052311
exchange:0.02134752479628598
without:0.009899605659922886
be:0.007644862429129577
get:0.005790193723749438
if:0.008856613477049462
of:0.0025696993687102025
seen:0.011420550178953097
rutgers:0.023490048000018426
but:0.005861526187228285
seems:0.010381000393749243
order:0.024707637543017552
shipping:0.036152488901689865
must:0.030627230319112297
they:0.012329334244595732
exceptions:0.02547426163865469
up:0.01183665524539546
over:0.008836743403168978
one:0.008663532227097996
in:0.002348189892878729
feature:0.020815447533499024
610:0.04916670066501954
weeks:0.016037730772392556
and:0.001681926936082775
complain:0.02242074983002057
few:0.010068843616327254
for:0.0028665098053927227
subject:0.00011760773961241542
i:0.008409634680413874
gregory:0.023538725692470345
buttons:0.025324915596030537
any:0.004507873419774482
will:0.0049925345590453064
the:0.00398459740963376
got:0.009745171020399006
would:0.012325766248075454
because:0.0077741070435881675
come:0.02115589140501682
convenient:0.02411300682843177
an:0.003955498407760955
apple:0.050132602827608924
just:0.015520553702192326
is:0.001183579854143894
deal:0.014521211417447178
ethernet:0.09194938483236585
having:0.011528155913746086
yesterday:0.019367238021386447
lack:0.017090401140540033
time:0.0069581937000163605
ordered:0.02063455992646037
wanted:0.013414801716062127
first:0.00827116664929974
very:0.007679482342658359
before:0.009366494569262751
by:0.00872630374288252
high:0.012323012447760007
soft:0.023538725692470345
functions:0.02063455992646037
happy:0.016731696425044146
s:0.002733199475136645
