quadra:0.06288484910531494
800:0.06075538336204793
with:0.00740287818720946
to:0.001744555898849153
most:0.02350120840464605
connector:0.06668847372174241
v:0.04869175080888623
could:0.019102647535772878
re:0.004733424085799627
nope:0.06912751604869811
so:0.012934311359302786
anyone:0.021176136071410015
this:0.013290694642314405
pins:0.06630291413332837
on:0.02567133292350835
support:0.03467033303206969
a:0.0053031802247331455
resolutions:0.07276906126960674
question:0.02763273523224183
video:0.04424950877044333
brian:0.0472921204402377
proper:0.05198136841825115
it:0.01301982644582172
not:0.015263544520910503
have:0.0064715267487044665
probably:0.030218021709230485
hughes:0.06475585549124926
adams:0.05865334493265331
hades:0.07758896627616108
writes:0.01674082002576107
certainly:0.03893363642095748
if:0.00848291670586594
even:0.02125518288311425
monitor:0.14230161418058765
using:0.02790405795753064
bach.udel.edu:0.07855081319993225
in:0.0022491101505631703
1024:0.15918360357042075
use:0.02104784212338415
subject:0.00033793616319010504
i:0.002416439332220189
possible:0.09785968188473097
information:0.03087115549979449
the:0.002862353202490075
roy:0.06378581465554148
apple:0.09603460626048292
is:0.010202757983189769
multiple:0.0543547381977951
does:0.03084781808449431
dale:0.06108633627476087
16:0.088278297261396
x:0.07709265796319247
resolution:0.11310941759080678
article:0.01025737823185571
s:0.007853623808304028
