picks:0.03661627923757282
bottom:0.028576523107318605
some:0.014873081211889863
looks:0.021803219581999305
cat:0.032254629996238876
at:0.011222484235088294
know:0.015718154466984737
true:0.016454017784444885
tried:0.019731618172208098
means:0.018054746626998425
take:0.013539803377934418
much:0.01112864248127345
from:0.005392179964523412
turn:0.021792854361238952
adb:0.08438502646691506
to:0.004389169299652327
look:0.03020596591434281
near:0.022960355270582964
ii:0.02338471213445935
that:0.002209583601493483
problems:0.017471804050266073
quite:0.01691846740197071
v:0.02450094467453511
bit:0.01735722419143758
like:0.014836166414123227
really:0.012429272249623733
nt:0.004548271030079226
re:0.0023817866418991756
anyone:0.021311015918998616
installing:0.03362262554810954
pins:0.03336261284415886
on:0.0032293555747725474
you:0.01416048380659164
tell:0.015350478048550656
used:0.01257620069004373
orientation:0.03528047967717747
seconds:0.029478755700076735
a:0.005336958442725076
how:0.008378108262605887
hard:0.01722441657691407
idea:0.017658447740514373
mac:0.02185530022172698
harder:0.031174143389445
also:0.00944902631643036
turns:0.028113087729723516
lc:0.066103694934567
chip:0.020588562788555885
brian:0.023796672068654642
proper:0.026156229968419372
it:0.013102755276686827
not:0.0038401911374265282
should:0.010463771606582673
dial:0.038308656089375406
have:0.009769119996451966
being:0.012393655604618779
ve:0.011625055407818054
hughes:0.03258415658476874
mouse:0.027681096670240962
has:0.013564006036771352
open:0.06315211296980948
heard:0.017214314391209393
hades:0.03904158175679443
writes:0.004211862363169187
if:0.004268474011231906
of:0.003715425201893095
what:0.005862688554118671
but:0.004237472753187327
never:0.014037829495935418
saying:0.019213727254550568
well:0.010718903886327038
alone:0.0244535881236592
shut:0.030058193777820222
must:0.014760894442544569
up:0.02567121726787996
in:0.002263435692923446
and:0.0012159153327732162
subject:0.0001700443114141293
i:0.0036477459983196483
socket:0.03511061823079428
lives:0.02479272515881087
will:0.007218505381549583
the:0.004320877127325782
do:0.004575273368831189
older:0.028141085255029494
can:0.005506789760749767
her:0.021059928693819924
correctly:0.027759894707199865
simple:0.021013939853224466
an:0.0057190964239601065
apple:0.07248471873800781
just:0.007480181932903732
people:0.009587727006835143
about:0.0125479768193869
is:0.0017112906171379866
match:0.03048951972721481
new:0.010980888948302847
motherboard:0.02875939002376721
does:0.015522150501114971
2:0.01241025192417458
first:0.011958947957904722
very:0.011103455361678009
iii:0.05888846595468418
give:0.015052460327108323
close:0.022133205198538477
mine:0.041595401844585815
s:0.003951823444942792
