at:0.012407957921893396
out:0.016594043649020562
there:0.012926464585593626
quadra:0.06997046590591383
all:0.013437575079525229
access:0.04721657560589473
your:0.035491048512148245
with:0.016474010613790065
eos.ncsu.edu:0.08194012270120962
from:0.011923552879298248
both:0.03162963496208786
my:0.026766598910712713
to:0.003882251155185439
that:0.014657941919766625
nt:0.01005744439045688
me:0.015261812400064011
so:0.014391698554717185
on:0.021422908108702392
you:0.007828154780404533
used:0.027809345187843178
modem:0.06004747290894099
a:0.009834536097509824
as:0.011269213524183358
let:0.03246672877116655
internet:0.04023287243823389
not:0.008491690261633308
have:0.007200712861234548
be:0.00814734164982354
sit:0.0655734450236659
port:0.17618776628237495
using:0.03104817716401297
they:0.013139713021235826
use:0.04683885993654502
and:0.0026887141865548584
subject:0.0003760134773523704
until:0.04029810880795273
i:0.008066142559664573
will:0.015962047111313864
the:0.0010616239577310605
can:0.01217698580898188
home:0.04125863453325843
come:0.033819629217878996
is:0.0037841215055023085
ethernet:0.22048426433394766
hardware:0.049995508784148615
window:0.049112573828523125
printer:0.06121031235532157
serial:0.11660050501027697
satellite:0.06893437341046288
give:0.03328501790642263
ports:0.06933971093933673
