out:0.026181713312899108
all:0.02120150734769536
with:0.012996163928656608
much:0.03882659710133181
that:0.015417983352643414
this:0.011666276408253757
am:0.07263717140894958
sure:0.04848986711464897
board:0.15960873419356197
a:0.006206685003761756
how:0.029230288827313874
also:0.03296660292621259
works:0.06611391096779423
it:0.007619009549777155
not:0.013398000190576997
designs:0.24216227768215975
looking:0.05764189656459209
but:0.014784071605564672
double:0.09818111966754735
up:0.059709349793439316
one:0.021851353506124944
po.cwru.edu:0.10595392416193791
for:0.007229974731379422
subject:0.0005932657087115177
i:0.00424219349434211
any:0.022739717028640163
information:0.05419602854408367
joseph:0.09075996952541672
cost:0.07380016898557513
the:0.0016750066888645623
would:0.02072554769120836
can:0.019212577609726965
compression:0.10814148133556574
joe:0.08843264948717636
about:0.04377849690319429
is:0.011941005639585063
figure:0.08205550297943898
