sent:0.028958130301493013
mb:0.03594476963220878
thanks:0.015695957833985537
with:0.0046049399747208454
alot:0.03987383393235829
from:0.013331846526459457
post:0.02033525830260772
sell:0.02740214408646116
ext:0.043000580849190166
my:0.014964004115437815
telescope:0.045398133532404045
to:0.0021703923780957966
80:0.031469776594199285
martin:0.03657168008862368
software:0.022171542428986273
100:0.0266024574711108
ai:0.03820998280112045
engineer:0.035107128659306645
that:0.008194597451208114
getting:0.02135591789153296
md:0.03942376768165004
internal:0.031201318237167975
suggest:0.028908659882756833
them:0.023084396402082534
e.g:0.03196279700938028
m:0.0215561371986783
more:0.010011173431659259
a:0.0021992190958210946
hard:0.06387952919469707
baltimore:0.041165195950234434
j:0.024048257161644587
senior:0.041730752915362435
adding:0.037205563701608484
usa:0.028697808551407283
se/30:0.099946343953615
drive:0.04446935037489746
advance:0.04981891679805747
popular:0.03330686847348789
science:0.026627025402892246
ratio:0.04198614878743451
are:0.010124588686633473
internet:0.022492393252870915
ones:0.026713621892731153
drives:0.06373295514575844
systems:0.023625331655768588
ve:0.014371131488404994
buy:0.023675914371999732
talk:0.027240895808165567
thinking:0.027429342786209884
if:0.005276774958767002
of:0.004593084698403275
even:0.013221727935165557
institute:0.03064927440892367
what:0.014495151228293405
san:0.03179500341420901
order:0.022081235127027497
brands:0.04753100718701349
good:0.01275598308157086
in:0.004197158312468279
external:0.03381121509941585
or:0.015928617111096503
better:0.017607998986625222
and:0.003006278854258188
for:0.005123604140347622
subject:0.00021021225899227005
space:0.02407490360246538
i:0.006012557708516376
branch:0.03590469821876413
back:0.01658548598478376
pretty:0.022661575251335643
the:0.001187012614155989
got:0.017418534028587198
would:0.007343698000821858
compression:0.03831784771732644
an:0.021210192249489845
places:0.09011390273126775
just:0.009247154043038473
people:0.023705088820049094
finally:0.028634050990520514
replies:0.035289828636311873
drew:0.13579738205430547
about:0.007756032915920248
interested:0.022654143428463936
either:0.019713092181994945
105:0.04735794492938534
stsci.edu:0.04686047326307406
e-mail:0.021651147847655643
planning:0.036485151572280404
full:0.024328051054513803
compile:0.04108761881288789
s:0.009770650092220761
