out:0.012806272816091955
know:0.013411686148459803
thanks:0.021667246140393077
with:0.019070457938789587
c650:0.26980496707802815
to:0.005992170261264482
within:0.035178806699161055
t:0.02800296798913524
like:0.012659120255529056
nt:0.007761723388287375
months:0.036910810217171956
me:0.01177813783048418
anyone:0.018183855974362947
getting:0.029480451872007457
on:0.016532896475194236
am:0.01776452561631919
a:0.010625574870570397
want:0.061715151121049396
price:0.10206991962534662
month:0.04319351618899194
it:0.0037266894536953474
have:0.016671215646119113
mouse:0.047238393230737294
be:0.006287622360189905
soon:0.039097756924342066
jump:0.05391628782537675
of:0.0021134846257145506
but:0.014462678744574136
again:0.026542055849000195
good:0.017608802732168468
in:0.0019313011075488096
system:0.024295894883070924
better:0.02430669425327612
and:0.00622495784495853
for:0.0070728013676537825
subject:0.00029018431404367716
i:0.014524901638236571
tempest:0.06537455441339063
don:0.04846310151882548
the:0.004915780499928606
do:0.007807803466374963
would:0.010137496153308435
come:0.0260999312442327
drop:0.14118494531595818
apple:0.04123224942705517
btw:0.04078033174394929
is:0.002920354640115912
deal:0.1074885323400166
does:0.013244443634103535
2:0.021178364696689225
going:0.023671909609235677
