above:0.02568543424649571
since:0.01887567569248756
at:0.008310990683532369
fast:0.03284715023535884
all:0.009000639911757464
knows:0.03296190010510599
saw:0.032050760218259006
thanks:0.01880553438600154
way:0.01634313980704286
mentioned:0.03316192093199847
my:0.01792857096849625
to:0.0013001878868781423
everyone:0.02884445997653871
appreciate:0.036218993730325416
that:0.009818055436824815
13:0.03714847692892889
like:0.010987160976496916
talking:0.030751803588323284
nt:0.006736590110589042
me:0.010222534720797592
re:0.003527740592246892
so:0.009639722616838868
anyone:0.015782214619258408
this:0.014857993538813745
posts:0.037952995020459165
on:0.014349306374696886
machine:0.03068678636155044
assume:0.032749892031029966
great:0.0475707677119373
nelson:0.050099065182714876
a:0.006587283612482996
price:0.02952966228154682
old:0.024980312097569093
button:0.044863245917817436
others:0.025437058708192413
display:0.0347747303484479
d:0.01718720964506637
it:0.016172425931130753
ve:0.017218242443655038
doing:0.02528965004872939
screen:0.035267048774585356
free:0.027240639567214484
be:0.0054571816711082195
14:0.03522502660147799
writes:0.0062383244435619085
kinda:0.048178320321948465
seen:0.024457215949267478
what:0.008683416066005955
but:0.006276256813683116
seems:0.022231010277179983
well:0.015876112359937213
must:0.02186283422150469
one:0.00927651799788323
in:0.003352447205556424
feature:0.044576477265134695
thomas:0.034754764283293396
and:0.005402793601284762
few:0.02156252359345553
subject:0.00025185808388696507
i:0.009004656002141271
gregory:0.05040840313387517
info:0.02778674961690941
the:0.0028443509810907657
when:0.012336551347582414
would:0.008798581567022415
apple:0.035786480634802595
about:0.009292605474734638
worry:0.04147512293259173
is:0.007603942270490488
ethernet:0.04922761876638454
new:0.032528293677048056
does:0.022990354987500475
article:0.007644649814307556
by:0.009343730894501566
mine:0.03080414193207534
s:0.005853172460905833
