whats:0.05024015249098689
perform:0.037851338184392506
basically:0.01595205913921905
some:0.014238254574797002
since:0.008133421233348299
believe:0.008831999513537971
at:0.007162317174426269
out:0.004789337801140082
say:0.0077135974563721284
activity:0.036286203650248566
technology:0.013689706039906272
became:0.017583932951448476
tried:0.012592943305027119
media:0.016062830043476674
inevitable:0.022920356841992142
continue:0.01588701710122539
with:0.004754694120240223
powered:0.022516403696410014
way:0.01408433186623206
continues:0.020133135261379186
into:0.007279690662530027
someone:0.008957146807573252
times:0.011424699762166776
from:0.0034413506277649417
to:0.0050421920491127955
technique:0.020450878240441527
within:0.013156301692369178
long-term:0.02298148642477483
track:0.018495103974782687
might:0.008646687544221326
that:0.004230544212615571
integrity:0.02330173389572245
smaller:0.018257082394491735
helps:0.017195009333873836
its:0.008405790878187684
finding:0.018124411950129857
me:0.004404832034164816
anything:0.00943593963544473
re:0.0015200833446267097
so:0.004153701615385854
this:0.012804449716376074
hooked:0.023437247799249245
consistent:0.018948442488735562
internal:0.01610799762650542
certain:0.013399654438050851
on:0.008244045938850244
tell:0.009796849811473387
used:0.016052548848267203
knowing:0.017455383404982983
state:0.010803712955043156
seconds:0.018813677418341657
more:0.005168370023661488
a:0.002838423020012998
hard:0.010992818709656543
test:0.014536178268210045
was:0.010798306513431532
as:0.009757489758744128
gary:0.017254790420823816
pointed:0.017583932951448476
drive:0.10330989324899957
mechanisms:0.025120076245493447
manufacturers:0.020517519743594684
acs.ucalgary.ca:0.024723171897672647
overall:0.018835830283250456
video:0.014210208101077329
computer:0.02179433256231964
are:0.0052269218016359805
it:0.005574885036422309
not:0.007352561080194694
thermal:0.1146017842099607
have:0.002078254524990459
drives:0.06580557157326279
conflicts:0.023577435506855624
only:0.005420879017354824
whether:0.011615685304397662
reliability:0.022354857644989228
hope:0.011741713567642462
second:0.011177625108342549
doing:0.01089716628115982
has:0.004328351519864029
be:0.004702937049898141
seek:0.01975403975940121
writes:0.008064175500214175
applications:0.015854882225180212
down:0.009611242182736415
if:0.005448377396450483
of:0.0031616355376542873
even:0.006825851413683032
monitor:0.015232828618247188
but:0.002704403342481343
seems:0.009579215810492188
order:0.011399662037123953
up:0.01638366305307786
comment:0.015973973158060012
in:0.00216682563285964
recording:0.02330173389572245
or:0.008223310459793723
sec:0.024629718571555985
and:0.0031040440202503242
for:0.001322556353301114
subject:0.00010852421500820447
victor:0.025799157890465663
p:0.013683447315574596
i:0.003880055025312905
becomes:0.01750311437196137
explicitly:0.02094208341582069
20:0.038351614004946584
physical:0.034692286986786315
noise:0.01861955371388678
will:0.004606932296354815
quantum:0.02105553377402019
the:0.005208862264151992
see:0.007192625046386895
when:0.01594724930297239
can:0.003514495904218347
tolerance:0.023235634217381878
increase:0.017092462330029624
makes:0.011353568627040546
about:0.0040041308143165515
audio:0.02016381495908399
general:0.011985489280843706
is:0.004368660599848194
critical:0.019866964816747042
write:0.013228349288567129
new:0.007008128312534744
disk:0.05692648754146149
first:0.007632336704841631
guess:0.01217950106884412
every:0.01977356525965363
midway.uchicago.edu:0.04283243434160692
primarily:0.019306301632984843
article:0.003294036098847972
very:0.01417270318523128
aware:0.01665405370723935
data:0.02385646848134807
high:0.011371235063583422
especially:0.01270445409551765
s:0.0025220987026667416
