screwed:0.0369535543435555
perform:0.032331351365835266
all:0.0066254710461547996
own:0.06295807320966654
your:0.008749529320703211
with:0.012183903683115569
post:0.01793456808632764
to:0.0019141655001261538
think:0.009998250191170522
like:0.008087771274365786
quarter:0.0384655229813671
its:0.028719785500474583
me:0.007524921391698226
re:0.005193618094141257
duo:0.15877683381877614
indiana:0.040653585805255264
this:0.0036457113775792984
aw:0.042075769226408134
bitnet:0.0338906650851467
something:0.013824036924746685
these:0.011504416479853768
you:0.00771943040845447
kenneth:0.06827564885227538
am:0.011349558032648371
brand:0.03128862724180358
more:0.008829298790421707
a:0.009697945318377744
hearing:0.03149189378555436
truth:0.024965677277865306
coming:0.024143263574927742
silver.ucs.indiana.edu:0.03758530280331749
compatible:0.03128862724180358
straight:0.027754594635161865
computer:0.018615992396981355
internet:0.01983704127162921
it:0.004761880968610722
not:0.016747500238221247
ken:0.028653282646630633
have:0.014201405920768134
components:0.03379421291736429
interesting:0.02269461501334314
complaints:0.036374515392589866
university:0.01632180626110176
second:0.019095109560085182
facts:0.028125602737061727
macs:0.03673071882583675
be:0.0040170920634546615
virtually:0.034606166653884454
writes:0.009184199875243921
get:0.009127597050632793
dept:0.02849519090515138
if:0.0046538223594681195
of:0.005401127376826073
but:0.00462002237673896
macintosh:0.03260837448408041
powerbook:0.03766847079669746
they:0.006478608503525997
in:0.0012338868187117393
cpu:0.15529383244421424
subject:0.00018539553397234928
station:0.028722153734528865
steven:0.031156348110062643
i:0.003977056400945728
info:0.04090827026933885
will:0.007870176006272808
portable:0.035525781832004805
the:0.0036640771318912297
got:0.015362179316878985
imagine:0.02734540662823932
apple:0.0263428260228408
excuse:0.030743055557754254
about:0.006840390141124107
including:0.022083109073126595
company:0.023375889164106597
current:0.02196003974813068
is:0.0037315642623703318
new:0.05986109600290094
does:0.008461727877343925
lot:0.017212176307398547
their:0.021023383591412693
guess:0.02080664765927537
various:0.02475402068302214
simon:0.07517060560663498
models:0.030994465617920647
give:0.016411362995527822
built-in:0.03926003930899032
before:0.014765237966823918
ports:0.0341883296992563
by:0.006878024130674764
functions:0.032528090995184056
s:0.00430858528372235
