some:0.01577752533963992
iisi:0.07282098792253412
thanks:0.026937657363731934
with:0.007903072659318208
much:0.023610768507566642
companies:0.053738274940374815
from:0.02288033120081556
both:0.030347352463624837
my:0.012840733261220288
to:0.0037248625948400837
add:0.046435411033131334
experiences:0.06385279175816592
that:0.004687900343709146
quite:0.035894586244721645
could:0.020393366963865643
consider:0.04351843349420532
me:0.014643090275737092
need:0.02596218907428698
anything:0.031368123652964916
anyone:0.022606956076235016
reply:0.04852968269398844
sincerely:0.07363042226822425
magazines:0.07176352580226726
etc:0.03138275658727346
a:0.0018871677376302637
other:0.01863929713286366
was:0.011965691001370076
austin:0.06765970939958858
mac:0.09273735499489558
advance:0.04275001644157635
works:0.12061321595475974
texas:0.05362391448201355
be:0.007817044015371234
recommended:0.06633279012689651
tech:0.12256304608431969
if:0.009056086753559586
of:0.00262757548061809
present:0.048979733551747354
highly:0.056441536681197314
good:0.021892025018371612
in:0.00240107705262825
or:0.00911231699598764
and:0.0025797122600729047
i:0.005159424520145809
appreciated:0.0457400286375168
any:0.013828206301200099
the:0.0010185851486338555
upgrade:0.05976439734119929
would:0.012603373596005083
peter:0.04975531190305347
may:0.02514899361405177
just:0.015870115722511974
about:0.03993308839142723
2:0.02632985881210012
1:0.02646653908006363
advice:0.10513127211441213
greetings:0.07396827770343259
very:0.023557330970046586
planning:0.06261640877945422
give:0.031935625288594685
bad:0.03703514928035654
comes:0.04086724780061503
by:0.013384263173204947
share:0.055149311077579144
