at:0.013765078319600485
say:0.029649140222930366
thanks:0.031146666326815047
with:0.009137927762336677
setting:0.06721620089629073
lciii:0.27106206524881005
uicvm.uic.edu:0.0847540592925693
software:0.043996654507519634
that:0.0054203847724137
along:0.054593147049081796
anything:0.03626939297374068
anyone:0.052278585926293475
had:0.023975132588783362
this:0.008202850599553422
you:0.017368718419022558
used:0.06170198463552705
not:0.018840937767998903
have:0.03994145415216038
suitable:0.08035343807388463
heard:0.08445772998187108
summarize:0.08956603966168315
get:0.020537093363923786
if:0.01047110030880327
interface:0.06597968026256067
but:0.01039505034766266
ok:0.05099764360173331
using:0.034444071541326886
please:0.029928364951644606
they:0.014576869132933495
in:0.0027762453421014137
and:0.0029827923007092957
for:0.005083575983001156
subject:0.0004171399514377859
i:0.008948376902127887
any:0.015988863535762614
will:0.01770789601411382
the:0.0011777390781078953
do:0.01122371748291401
about:0.015390877817529243
e:0.048607651500841044
jerry:0.07625399644158008
is:0.0041980097951666235
does:0.01903888772402383
experience:0.10350696171234837
e-mail:0.042963996510191664
midi:0.49823160154072704
