above:0.01272269172957264
since:0.018699267508445618
reference:0.01743753767765586
out:0.005505500462992803
correct:0.015290735701782469
computing:0.020385334014855334
say:0.008867032590035248
technology:0.015736764886995058
all:0.004458260890870519
own:0.010591077736205585
with:0.013664191046484751
much:0.008164471353083791
mentioned:0.016425998218653447
from:0.003955945114159699
work:0.009462955439207025
to:0.002576073196431459
competition:0.024383773781480194
owners:0.020175922726117984
expand:0.025181089281623947
that:0.006484198606251903
problems:0.012818099233139126
memory:0.015802019748445396
its:0.00966273157025313
me:0.010126997013126585
re:0.0034947710540015934
lost:0.03275239555437243
so:0.004774815875630467
file:0.04259559648306181
fixed:0.021190807033270222
phone:0.013725921150512004
had:0.014340266221328364
this:0.00490637792870485
ti:0.035408047254688435
something:0.009302155687680013
you:0.0025971915392930924
am:0.015274171557956686
holes:0.022398338295661194
communications:0.019715340637073336
m:0.01279266086089787
sure:0.010196467383921512
board:0.15103162931867428
dd:0.029800768690286476
a:0.0032628601071177455
how:0.006146556061818338
hard:0.012636604684932285
related:0.018009995259958736
services:0.018675988913379946
also:0.006932229587287693
product:0.03729811142753793
hey:0.018009995259958736
works:0.013902457913788505
freeware:0.029800768690286476
it:0.009612769058130055
not:0.0084520094660182
have:0.0023890215567647327
due:0.015491320022890104
being:0.018185083457244375
ve:0.02558598643496403
whether:0.01335261020972815
buy:0.014050659463756849
licensing:0.05543062987937277
technologies:0.023073951514404688
has:0.004975581653675472
usually:0.015410050197133705
writing:0.01870307824835343
without:0.010500983573843433
be:0.0027030899866236973
which:0.006036880058493073
utility:0.02216464474157399
writes:0.003090011172979263
if:0.006263088035172048
of:0.0027258026013888595
designs:0.050921974278958816
expansion:0.021601610174965924
looking:0.01212095955797497
but:0.012435200415895518
year:0.011564302412194635
seems:0.01101162191299569
using:0.010301030741331405
double:0.02064556254691416
please:0.008950539050959133
they:0.004359437497699736
up:0.012555704395816677
now:0.007719226158309552
over:0.009373554918314755
one:0.004594910783998236
email:0.012821956350317479
in:0.000830278980815376
po.cwru.edu:0.022280030781715914
installed:0.018716682034369592
office:0.01705952295815963
or:0.003150988120107875
and:0.002676150101570957
for:0.0030406435786175137
subject:0.0001247521350094313
however:0.011201396748583704
i:0.006244350236998899
stan:0.051641236345651605
sad:0.02210800286992752
any:0.004781716197611249
information:0.011396361142447499
will:0.010591638737413872
joseph:0.019085040320765193
cost:0.015518727123134955
the:0.005283315490577474
wrong:0.012352439517896543
would:0.004358175916375589
can:0.004040028002045389
because:0.008246365882684644
compression:0.04548006224392951
problem:0.019771638243416673
makes:0.01305129851519614
about:0.00920575869459693
is:0.0037664386947289332
else:0.01180631880999092
ux1.cso.uiuc.edu:0.02938202028519448
figure:0.01725466184147081
does:0.005693872964194042
unless:0.014383464606263977
icon:0.026210251859456885
very:0.0081459929522591
u:0.01767123123174306
fault:0.020686915889329967
unlikely:0.022280030781715914
s:0.01739540974362668
icons:0.02726994026770356
