partner:0.04723238178103497
with:0.009282974234754719
way:0.027497981262643544
into:0.014212729388749097
surprised:0.03492605311110507
from:0.006718827416112504
clark:0.03979989416840263
to:0.00875047085771956
venture:0.04790823740278344
global:0.04060089352229121
tough:0.07608324436938882
that:0.002753211312972038
nt:0.02833645046517613
its:0.01641130600027119
re:0.0029677817680807184
michael:0.023846787314870548
off:0.01732902736473294
tell:0.01912718296525756
market:0.062077066905920984
economy:0.041183651209234194
a:0.0033250098234437974
same:0.015413439289909622
uunet:0.029976129463629247
want:0.01502061879136652
as:0.006350112382674749
gary:0.10106377246482519
local:0.024257011523142476
play:0.02541204946651144
place:0.021582758867590677
it:0.008163224517618379
should:0.013038191605027616
japanese:0.1192099641802275
only:0.01058362093864513
crack:0.04149190385460137
always:0.0421739063174398
screen:0.02966910452465117
be:0.004590962358233899
writes:0.005248114214425097
end:0.02146216986171039
but:0.005280025573415954
powerbook:0.04304968091051139
fact:0.01903386610022888
they:0.007404124004029711
up:0.010662383891685591
one:0.007804054823616051
in:0.007050781821209939
government:0.021362023322351566
our:0.017696630341114232
u.s:0.02799795556348173
or:0.005351678235738772
world:0.04001985220210598
rather:0.020424473435816375
and:0.001515069105122182
subject:0.00021188061025411345
outside:0.028609331567313687
compete:0.04498978676686822
house:0.027284697972144372
the:0.005383950071350378
nut:0.04790823740278344
do:0.017102807593011825
when:0.010378368593997904
strong:0.02865597131722627
protected:0.03731299084141566
crying:0.04773380163517411
come:0.019057092654519114
snow:0.08668371060074842
rules:0.03269456587752899
long:0.01889135908816337
warning:0.03404873664761441
company:0.02671530190183611
current:0.025097188283577918
is:0.006396967306920569
does:0.009670546145535914
break:0.06228899282933152
their:0.012013362052235825
run:0.021244717685614242
build:0.02961613542078059
wall:0.035607254982928736
almost:0.02398407087511562
article:0.006431213335846039
very:0.0138352578712972
by:0.01572119801297089
