another:0.007107388879450572
some:0.0037421053690171605
looks:0.01097149190504452
week:0.022101530797471687
at:0.008470817427446454
out:0.01132862595269673
say:0.006081874917524177
know:0.007909455933707062
all:0.0030579097136099074
50:0.011061484901052663
your:0.0040382443018630206
with:0.007497786881917273
c650:0.11933681236143553
my:0.0060911170598096235
to:0.005300766000349349
line:0.009050653041044835
within:0.010373237872829543
then:0.025575005605381458
cuts:0.017309131878303578
value:0.011967476986399576
might:0.006817580563712967
t:0.008257285432693724
sooner:0.01750344156361266
next:0.008584551358170434
been:0.009405387097573327
that:0.0033356213984084312
like:0.007465635022491495
nt:0.00915485322721075
months:0.01088395685890968
could:0.004836888318352748
me:0.006946081284644517
re:0.0011985272524941363
lost:0.011232392065121314
wait:0.023534614135321267
anyone:0.0053619062488506125
this:0.006730544081684859
getting:0.008692953757130403
best:0.007805051538337929
multimedia:0.019419585796803755
on:0.004875084858070096
you:0.01246984912134953
machine:0.010425638956167778
am:0.0052382575535300175
them:0.009396533150847697
state:0.00851831213763018
m:0.004387226641397667
more:0.004075060980194634
a:0.004923572238561008
how:0.004215907042401039
want:0.024264076509130532
price:0.09029262120703739
as:0.0025644684622340335
iici:0.019725067142330438
computer:0.008591996490914472
prices:0.013982248330702057
are:0.006181840207704092
decides:0.018024335568413225
month:0.025473099290943962
it:0.005494478040704678
not:0.001932403873640913
purchase:0.013982248330702057
have:0.009831742560531787
probably:0.007651358060991052
follow:0.012105744591081042
try:0.0078089412575108735
ve:0.005849787496882802
machines:0.01264726453488555
buy:0.009637311298858866
money:0.009936601816439518
mouse:0.01392926979880715
feel:0.009763707321301851
be:0.003708084981650457
which:0.004140680552940762
structure:0.014764930896445781
writes:0.002119430740440905
soon:0.011528825759741892
if:0.006443754036186628
jump:0.015898392563893145
of:0.0043624490351287515
what:0.002950134945502023
but:0.01066159010016683
year:0.007931925372466833
least:0.007716866611238725
again:0.01565300729556422
continuous:0.019208182053881327
using:0.007065450572579874
well:0.005393807404337644
they:0.0029901270016273835
now:0.005294597429096937
good:0.010384678534355764
one:0.003151637524921867
in:0.0017084586720624085
system:0.00716417413218758
rather:0.008248345041387382
better:0.007167358561863471
and:0.0030592741545736363
for:0.007299493719181148
subject:8.556716952569966e-05
summer:0.014425532533834044
until:0.00917040296591232
forced:0.014550626584813965
i:0.0067304031400620004
tempest:0.019277112198820313
don:0.014290401729910078
face:0.011504075612004998
pretty:0.009224423259357777
the:0.004831750064032391
do:0.004604602044272414
when:0.008382528479767538
less:0.008810466527552172
units:0.031150601159055748
would:0.008967785058695924
1000:0.014976334639368207
reports:0.012673789885218436
may:0.011929650816921992
come:0.030784534288069338
drop:0.06938576372365465
last:0.006987700487370185
apple:0.06079113697578646
btw:0.01202496961680556
about:0.0031571031420572805
is:0.003444520857572614
deal:0.03169533645923567
save:0.011610609719299019
new:0.005525639631037009
time:0.005062531954819594
does:0.007810825732932854
lot:0.007944081372645483
break:0.025155170181076193
2:0.006244902410562208
guess:0.009603068150434785
change:0.009525670217661819
waited:0.0178859632226914
planning:0.014851327723332088
release:0.012736549645471981
thus:0.010677420105372773
going:0.027920713898072852
by:0.003174472675696045
upon:0.011115626867605565
mine:0.010465509758974314
happy:0.012173381693862246
john:0.008594482049941813
s:0.003977155646512937
august:0.016022158064302697
