at:0.014363559985670071
there:0.004987929269441018
know:0.013411686148459803
true:0.014039569522596992
thanks:0.010833623070196538
specifically:0.0219947970204112
with:0.006356819312929862
into:0.009732629907512969
from:0.004600936165381389
post:0.01403574893712598
my:0.005164207942012507
to:0.0022470638479741806
sound:0.018756430919176253
most:0.010090192738951292
mail:0.016653888613238348
that:0.007541404900749496
think:0.00782471754091606
like:0.006329560127764528
through:0.01287751790230884
anything:0.012615441034344584
140:0.031243238262494193
re:0.0020322853411857095
scott:0.041544315795342464
anyone:0.018183855974362947
this:0.00570633085186325
reply:0.019517372387799697
programs:0.019202076762470197
hi:0.017125090543556546
something:0.010818811506323493
two:0.010134725177463649
these:0.009003456375537731
you:0.012082586726276563
regular:0.0219947970204112
products:0.022011341272483092
reader:0.027998655001586357
modem:0.02317049226377614
m:0.029756841567740697
a:0.006071757068897369
other:0.007496239064303863
want:0.0102858585201749
hearing:0.0246458299191295
as:0.008696893045837156
mac:0.018648272471799652
cables:0.02863255121748723
physically:0.029161758630667535
also:0.00806248441130199
prevents:0.03234391361092612
cheap:0.02019690879568939
electronic:0.02344386584244353
d:0.009901327295527366
it:0.005590034180543021
not:0.0032766848292172003
have:0.0027785359410198523
only:0.00724747955581134
ve:0.019838409772037328
mathew:0.029161758630667535
able:0.01433405014190581
has:0.00578681779286169
heard:0.029376601732824723
be:0.009431433540284858
comm:0.034172567070824014
spend:0.022283137036475817
things:0.012145249609457879
if:0.01821060923270134
of:0.0031702269385718257
looking:0.028194405928333086
fairly:0.021327209501347207
seems:0.01280699505098412
port:0.04532366451466892
using:0.01198054662307022
please:0.010409866070137254
they:0.0050702153505855635
good:0.017608802732168468
in:0.0009656505537744048
5:0.014124309168030886
or:0.007329472366337884
use:0.02711053577848937
and:0.001037492974159755
still:0.011096245012117104
subject:0.00014509215702183858
i:0.009337436767437795
possible:0.01400528055959012
unfortunately:0.020010288482749765
the:0.0016385934999762022
interest:0.01985209237319503
would:0.005068748076654217
can:0.009397456439540363
because:0.01918176411841863
may:0.010114269170868646
just:0.0063825465405754666
newsgroup:0.02089219478573016
finally:0.019763719977152747
replies:0.02435765346093265
many:0.010071744715098334
about:0.016060046418291382
interested:0.01563628377942891
is:0.002920354640115912
else:0.013731262094228569
128:0.03133458129682235
time:0.008584293314694095
printer:0.023619196615368647
does:0.013244443634103535
lot:0.013470398849268428
2:0.021178364696689225
serial:0.11248146543110957
smith:0.04280150602680937
under:0.013191975147313257
although:0.017172497047580206
midi:0.034659589672398405
bad:0.014894570906230347
ports:0.08026825233738437
while:0.011795339705861534
buying:0.02180009741976911
summary:0.023379548137840253
s:0.0033719363090000997
