know:0.025181125013434728
curtis:0.346129326152731
where:0.03770319996395432
access:0.13683170889871532
c:0.05277750398834612
to:0.008437954041372434
appreciate:0.07835129255947947
nasa:0.08755389423672276
need:0.03920820390810686
anyone:0.034141117339620226
this:0.010713927313702428
tools:0.09080556849323818
working:0.06466406144299197
backup:0.20371714851434347
washington:0.07835129255947947
not:0.012304285889305405
have:0.01043368598260516
device:0.1638430524453398
get:0.026823958679410658
but:0.01357720861735531
code:0.06613290837411624
703:0.11836834968747924
system:0.04561678222943928
subject:0.0005448358549391489
i:0.0077917839691997925
tape:0.16936196994768707
any:0.04176682719546152
the:0.0030765428979145017
do:0.014659549365438706
can:0.017644203927300272
an:0.01832445180738238
apple:0.15483130397098266
unit:0.08755389423672276
dc:0.09136988545916695
does:0.02486711865994949
under:0.09907442559614853
