taken:0.015468926289946762
mode:0.017978334490508126
read:0.010643206863370525
cable:0.12162387220814785
out:0.005531347883006854
know:0.0173785228965958
help:0.020094767324336123
graphics:0.049559738593517214
hand:0.04446816134440385
into:0.01681506012190034
my:0.02230549909226059
to:0.004529293014383012
london:0.023854114871940266
scanner:0.10453397715502306
besides:0.019014491991253
then:0.007492396008337105
us:0.019341562311596207
t:0.012095178661973906
engineer:0.02093241943536124
that:0.008143301066537014
me:0.005087270800021337
anything:0.010897845776147436
this:0.004929412566867784
he:0.007465414119813311
treated:0.02307909256978323
on:0.007140969369567464
you:0.015656309560809066
am:0.0076729406417904485
a:0.005900721658505894
hard:0.012695931467490654
as:0.0037564045080611193
forever:0.022155570061585795
scsi:0.059577074593422014
idiot:0.02488171652700014
also:0.006964775266101251
160:0.05446055525527214
advance:0.014852118388153285
plus:0.05036478667577001
solution:0.03652447951392722
computer:0.012585459648663453
pat:0.019028827378515398
works:0.013967727669252302
co:0.02143185794972073
it:0.0016096499048824976
not:0.005661126841088872
have:0.004800475240823032
has:0.009997882383911277
be:0.00543156109988236
asked:0.015832398585626437
14:0.017529825444866986
if:0.006292492204351261
of:0.0036514663956007257
what:0.0043213244272142315
powerbook:0.07639802527780894
port:0.039152836951638875
please:0.03597024144423014
edited:0.02606873690785278
rest:0.015336294992830088
email:0.012882153328487985
in:0.0025025310125984575
weeks:0.017091853921751693
and:0.007169904497479622
for:0.004582378350874282
subject:0.00012533782578412345
however:0.011253985465713207
i:0.005377428373109717
back:0.009888998685763086
will:0.026603411852189774
yet:0.012347740575991379
turned:0.01843614244090891
connect:0.021577823147232614
the:0.006369743746386363
wrong:0.012410432191689486
do:0.0033723845958051487
original:0.014489051705509293
solve:0.06997046590591383
got:0.010385698693101287
road:0.01695141965244371
needs:0.015724631749621347
an:0.004215484218599703
problem:0.039728925672217544
address:0.029979543229423575
about:0.004624489109492355
is:0.0037841215055023085
moderator:0.02676040223534977
new:0.008093894670814774
disk:0.01643652105070367
life:0.013100372550651222
e-mail:0.012909369843437872
side:0.015119080181085414
grateful:0.050598620716126995
aware:0.01923425921117784
respond:0.01898595186882867
by:0.009299863613306723
fit:0.038173221401862696
assembled:0.05732798858439121
s:0.002912846388995391
