know:0.018416046651616443
curtis:0.25313935793259434
where:0.027573982063190474
access:0.10007095128413508
with:0.008728766817754438
c:0.03859847306610388
from:0.012635406782539934
to:0.006171041015332078
appreciate:0.057301691573350653
mail:0.045736052310982926
nasa:0.06403195250148382
need:0.02867465658951099
re:0.005581201534002545
anyone:0.02496887686031927
this:0.01567111756332594
tools:0.06641004262938315
you:0.00829550730460779
working:0.047291627025471746
backup:0.14898716831646017
washington:0.057301691573350653
works:0.04440486557538418
it:0.005117245219999581
not:0.008998656844417386
have:0.007630606166382879
buy:0.04487822574990994
device:0.11982551596748733
writes:0.009869587925635259
get:0.019617522019270483
but:0.009929600332095676
order:0.04185547553929093
david:0.037260376706634235
code:0.048365858363159646
in:0.0026519358491714994
703:0.08656789753263407
system:0.03336152730212724
subject:0.0003984620431644522
combination:0.07403430567066659
i:0.005698468872996863
tape:0.12386173921547264
any:0.030545888545934544
the:0.0033750134775629237
do:0.01072116296875368
can:0.025807940072767564
an:0.013401464754652787
apple:0.11323483424743508
nicely:0.08060371859747338
unit:0.06403195250148382
dc:0.06682275205222658
does:0.018186400213992912
under:0.0724574157344967
article:0.012094520601740313
