pc:0.03366507133331195
at:0.008898636489438698
out:0.011900778778590505
there:0.009270494803809572
know:0.012463385107659616
help:0.021617098182240377
send:0.029629768897739626
thanks:0.0201352186355168
where:0.01866117978013901
with:0.0059073472402984585
ohio:0.051236523010660284
post:0.026086644489203847
via:0.03452758968298632
to:0.005568481454912448
mail:0.03095268186702885
r:0.03131535117908212
really:0.019711068113039656
nt:0.014425829327726031
could:0.015243526821475329
me:0.021890680412213027
wait:0.03708484651626382
so:0.010321319165504245
anyone:0.016898128784256478
reply:0.03627471231671863
cleveland:0.05443184955825783
on:0.005121301265043333
a:0.00846366136876603
want:0.057351453567035804
price:0.06323523640088814
mac:0.06931883100628558
also:0.014984819511914814
hey:0.03893069682455727
it:0.0034631861589896162
should:0.016594062042762422
centris:0.05098292784772012
opportunity:0.046478317045064554
650:0.05098292784772012
buy:0.09111639773466564
against:0.026093745375331788
robert:0.0645537783627819
has:0.010755297716025769
found:0.027015358638959572
get:0.013276504800920429
order:0.028326432940732244
women:0.038174900947812375
who:0.026122280287552493
now:0.016686004018972165
good:0.03272747174463635
one:0.009932433411874976
bob:0.0372121718588798
po.cwru.edu:0.14448262385718805
or:0.02043368053645713
and:0.0019282697701555045
for:0.00657270430125402
subject:0.0002696662312325081
i:0.007713079080622018
everybody:0.04119100302763827
power:0.027291467476470124
similar:0.031967255432996985
the:0.0015227333535132385
do:0.007255736554611078
less:0.027766318753497755
head:0.034877371065208926
is:0.005427729836175029
deal:0.033296111027883935
does:0.012307967821591164
unless:0.031091529552934257
wall:0.045318324523727485
e-mail:0.02777470481466936
s:0.006267033139959782
