pixel:0.07562841103636658
all:0.014677966625327558
thanks:0.030667486844864048
to:0.0021203064001397397
that:0.0053369942374534894
nt:0.0219716477453058
mean:0.040668031643536315
these:0.02548670727844527
on:0.007800135772912153
assume:0.0534075162352181
why:0.027380347386984714
a:0.0064454036577525926
how:0.02023635380352499
price:0.04815606464375328
coming:0.05348661468907069
jt:0.09962776265437782
display:0.05670956026054581
it:0.010549397838152985
have:0.015730788096850856
400:0.07062810729960621
regardless:0.06961508321041256
if:0.010310006457898604
powerbook:0.16690030137613646
drops:0.08607084862264114
they:0.014352609607811442
up:0.02066862108234438
or:0.03112206727860394
and:0.005873806376781383
still:0.03141090895737765
subject:0.00041072241372335844
i:0.005873806376781383
info:0.04531377629834458
any:0.015742881019827806
actually:0.037604832724632074
the:0.0011596200153677738
do:0.011051044906253795
magnus.acs.ohio-state.edu:0.07079005211479063
can:0.013301015268272515
10:0.04446725781378715
imply:0.07374222146571532
is:0.004133425029087137
new:0.026523070228977645
9:0.05478205624038503
questions:0.046525789803777105
keep:0.04076022437116802
does:0.01874598175903885
72:0.08027888598825787
2:0.0599510631413972
1:0.030131136798841673
dpi:0.09392970437288715
x:0.046848615223786194
resolution:0.06873572299749028
dimensions:0.09064394898368623
models:0.06866466229200882
