some:0.005926583122504335
okay:0.04371336178175123
ability:0.02034664804801232
large:0.015198142740546067
at:0.004471903616519954
folks:0.018798050001496334
quadra:0.02521778212852731
technology:0.017094759826481943
situation:0.017888996389718772
existing:0.02197802871246726
own:0.011505028606842615
your:0.025582380145812437
with:0.008906000661769756
much:0.017738039284872397
ca:0.010439332975087924
into:0.00909037514204257
reviews:0.030314210109711377
to:0.004197560893677657
designing:0.030421080207162304
most:0.009424342456685471
unique:0.02574830344190542
software:0.014293329383153586
t:0.026155056395943573
that:0.007043748739786331
cleveland.freenet.edu:0.04347633270563964
really:0.009905562148177288
nt:0.003624764221941312
its:0.020993142700854516
me:0.0055004501543377896
re:0.0018981751410059417
flat:0.025065104690774637
duo:0.08704516777882144
so:0.005186855824288934
040:0.09261777086539295
this:0.002664885473966594
mean:0.013418386075278479
parallel:0.023357123794220256
reply:0.018229423956117482
getting:0.013767520671191299
best:0.024722599796562782
on:0.005147297718165379
you:0.0028213146670493495
why:0.027102374317066087
more:0.006453903684369166
a:0.006379968087623125
how:0.006676969529081849
deliver:0.030530248761583438
solution:0.01974546735143781
far:0.012636436914321834
it:0.0017403828920810758
not:0.0030604568963246946
should:0.008339147930119185
have:0.002595180777399253
desk:0.02718002047100961
chipset:0.031635444111049786
ve:0.009264638066129108
heat:0.023198481441407542
able:0.02677629671178344
after:0.009792962881547976
digest:0.029907901948932003
struck:0.02765812816166799
without:0.01140715982133246
be:0.005872703118146917
get:0.0066719491131529045
of:0.002961024145671147
industry:0.02312098158287562
gives:0.018459515105563984
but:0.0033770721941645187
macintosh:0.023835563074657763
advantage:0.021641475007790914
powerbook:0.05506862735760847
well:0.008542476701286014
now:0.01677070454698725
one:0.009982851855590075
in:0.004509637103921078
use:0.016881010433983226
and:0.0019380579415776134
for:0.006606068282478659
subject:0.00013551754767521977
editor:0.02343834380105498
we:0.0068413396229135524
power:0.04114500426655648
face:0.018219652745916547
information:0.024759606949073754
will:0.005752819009661341
community:0.020652532268916876
source:0.015833847521318906
the:0.004591388893334333
users:0.020044150092670975
33mhz:0.030530248761583438
around:0.012016215396718962
got:0.011229207216398852
would:0.004734262162966376
because:0.008957981212662506
road:0.01832818470035792
needs:0.01700175920136724
an:0.004557858571379374
thought:0.013627342158333566
apple:0.0770226791327731
here:0.018278181782978638
people:0.007640980406462525
is:0.0013638204410693598
new:0.01750253365364007
right:0.009847074080153805
does:0.012370444815609392
1:0.00994174564428786
68040:0.03253356953317709
handle:0.020621100947861435
too:0.029733774637530404
release:0.02017159131668659
give:0.011996123204852825
answer:0.03082508672212037
by:0.005027591242726731
processor:0.12404247068324295
fashion:0.027849703430616452
s:0.012597690981848087
news:0.015578053381540195
