taken:0.02072252389785321
mode:0.024084183940114662
read:0.01425788089243976
cable:0.10862006197205658
out:0.007409918862141257
know:0.031040883664359795
help:0.02691940528354462
all:0.00600042660783831
graphics:0.04426089861810971
hand:0.039713703842171995
your:0.00792410202629725
into:0.01126291762882004
from:0.005324353801447646
my:0.029880951614160416
to:0.005200751547512569
london:0.0319555123756181
scanner:0.14003608260389883
engineer:0.028041543017182043
that:0.008727160388288725
me:0.01363004629439679
need:0.012083031393064379
anything:0.014599000945405055
this:0.00330177634195861
he:0.010000837783146133
on:0.006377469499865282
you:0.010486773385070224
a:0.002634913444993198
how:0.008272723253013361
hard:0.017007757248902574
as:0.005032164529666783
let:0.01449772165253349
scsi:0.05320719869349639
160:0.036478296444569076
advance:0.01989623406714874
plus:0.04497987237710278
solution:0.048929019726204385
computer:0.06743906679661171
it:0.0021563234574841004
not:0.007583773692779433
ve:0.011478828295770028
exists:0.023469390333448772
placed:0.02864675076620439
acted:0.03769152704912563
has:0.006696694804317931
be:0.003638121114072147
asked:0.021209439614707115
14:0.023483351067651998
get:0.008266502989252342
if:0.004214782514235279
of:0.003668690293693182
what:0.0057889440440039705
but:0.004184171209122078
powerbook:0.03411484147625431
port:0.026225013429871324
please:0.03613991239443877
find:0.013310985771530757
one:0.006184345331922155
in:0.0022349648037042827
external:0.027006442249218953
weeks:0.02289663449895038
and:0.004802483201142011
for:0.004092438527195899
subject:0.00016790538925797672
however:0.015076093737087504
i:0.008404345601998518
will:0.021383119715156308
yet:0.016541312847082792
connect:0.028906140442519164
the:0.0056887019621815315
managed:0.029755425246317545
solve:0.031244673454842022
can:0.005437521965017065
an:0.011294316208323734
problem:0.03991632626501102
address:0.020080637446123338
about:0.0061950703164897584
hold:0.02182251957826428
is:0.005069294846993659
switched:0.03426824684181506
save:0.022783083222775436
new:0.010842764559016019
disk:0.022018735747169067
life:0.01754955568106107
whenever:0.029831660218219085
e-mail:0.017293684129888468
grateful:0.03389152897023601
fit:0.02556885584464388
assembled:0.03839893574992242
s:0.0039021149739372225
