large:0.02153981381214083
case:0.017781374872710472
curtis:0.04067227093881012
supports:0.031090931544307816
access:0.024117819194377884
with:0.004207391199924801
though:0.01788161296122791
someone:0.015852216652251942
simpler:0.04311476835115809
to:0.006940571309809939
software:0.020257452435116955
might:0.03060554152343088
100:0.024305842437633608
make:0.012662449520501466
that:0.0024957167297444374
quite:0.019109348072729508
need:0.013821597061131197
140:0.041357955685603826
re:0.00269021944444727
server:0.028794667231277944
so:0.014702310753739858
this:0.0037768520746145253
2.0:0.03373963171239751
relative:0.035418125731603654
used:0.014204773441272415
working:0.0227952446813425
backup:0.1436279176575947
bill:0.04453976799556428
m:0.00984758785695016
includes:0.02710614655706726
a:0.002009358454455245
other:0.009923079049150439
advantages:0.03947044299159311
drive:0.06094540465048896
also:0.02134528247020959
are:0.009250523476276626
works:0.021403784126264317
it:0.0024665858254674243
not:0.0043374820760860786
have:0.0036780619650910278
drives:0.029115414760832098
probably:0.017174271331145383
worthwhile:0.0407821088678086
device:0.02887881140223616
be:0.00416159177796742
noticed:0.029181316698951982
writes:0.009514566777231113
get:0.009455927879792247
of:0.0013988531335664652
backing:0.040457501419747674
but:0.00957242046403468
central:0.03295259146486437
sense:0.02364260465009346
street:0.028690852376392847
utilities:0.037196198331360626
up:0.009665182520520753
cheaper:0.031722146755156784
david:0.017960037693125857
in:0.0025565424733020215
economic:0.03298996424815289
point:0.015838388210504036
system:0.0160807361816009
use:0.011962442645664375
and:0.0027467439891423733
for:0.007021917904577137
subject:0.0001920644380720741
combination:0.03568560057506951
i:0.005493487978284747
tape:0.14925785121288968
pay:0.023977281021567504
any:0.0073617788941640816
than:0.010292095555535691
the:0.0032536101150606603
do:0.005167754812276955
upgrade:0.03181701728955933
when:0.009407729804631193
38:0.03674030182824847
less:0.039552022397068745
extra:0.027947307262526987
an:0.012919397677147292
apple:0.1364520484636358
nicely:0.038852152129717384
unit:0.030864322428772777
is:0.005798689789007135
slow:0.02954336766217152
nice:0.022731938537804017
under:0.05238827540515768
significant:0.029949120816575293
article:0.011659465903835986
de:0.02907181314492065
going:0.031335477468340756
s:0.004463570365870636
