picks:0.030416697567719215
screw:0.026449276804563184
school:0.019240870242307435
obvious:0.04070527316298425
looks:0.01811166917658143
cleaning:0.028636421183479994
ask:0.015420966054795595
cat:0.026793528621214303
at:0.009322381084173872
mark:0.015892190287260265
computing:0.023081806768143077
there:0.0048559734686621555
know:0.006528439818297893
geoff:0.030974160613527823
true:0.013668152339459505
means:0.01499785830919975
split:0.025227124800461406
with:0.00309432474491824
from:0.004479218277408336
adb:0.07009761457833684
to:0.003646029524049817
look:0.012545864149607991
near:0.01907288771154246
ii:0.019425395794233427
that:0.0018354742086480254
think:0.007617714431368017
quite:0.014053964984705828
like:0.006162111447135837
really:0.01032484520206839
nt:0.015112773581427269
me:0.005733273441293887
re:0.001978521178720479
anyone:0.008851400791753393
ball:0.04718100888605232
consultant:0.030416697567719215
mean:0.01398636008904688
bus:0.021412924083363285
getting:0.014350272868913683
opening:0.026009770991343006
two:0.01973322150955885
on:0.005365172753854919
you:0.014703676968484704
tell:0.012751455310171708
support:0.014491832325574104
a:0.0007388910718763995
how:0.013919185155863748
vote:0.02409964746998147
as:0.012700224765349499
based:0.01598361381957959
business:0.01913525784779665
are:0.0034016475216996057
no:0.005956326646468306
it:0.010884299356824506
not:0.003190000045375475
being:0.010295258888492847
allowed:0.02027424988421625
mouse:0.16096045100843817
has:0.011267454750122231
open:0.06994625563499181
his:0.00975888381748813
be:0.0030606415721559327
dartmouth.edu:0.03159735127837641
found:0.014150902144216916
writes:0.0069974856192334635
get:0.006954359657624985
if:0.00709153883347523
of:0.0010287861670144902
what:0.009740128074038425
plate:0.027355934222535058
but:0.0035200170489439694
never:0.011661054131544234
heads:0.02567549108858358
alone:0.020313298070976156
visible:0.025096476056597004
shut:0.024968975783691928
up:0.01421651185558079
one:0.005202703215744034
in:0.0018802084856559837
minute:0.023663822086737406
5:0.013750650195331655
office:0.01931607361400085
clean:0.022972710010456643
and:0.003030138210244364
for:0.0017214225550903385
subject:0.00014125374016940898
i:0.007070322490570182
lives:0.0205950150790122
the:0.006779788978737513
do:0.011401871728674549
see:0.009361829425455957
original:0.048986793861483795
around:0.012524838270654157
can:0.009148846480822363
meant:0.02154317079042866
her:0.01749422648110967
once:0.014195932248279926
apple:0.06021217376649326
just:0.006213696102994105
is:0.002843096580853586
desktop:0.026491103151161665
done:0.01401409286465978
yesterday:0.0232611800574324
new:0.01824338163897933
spent:0.022972710010456643
easier:0.022098802721738628
does:0.006447030763690609
easily:0.019570977610557604
count:0.02255751627796196
article:0.004287475557230693
answer:0.016064926148829928
by:0.010480798675313926
mine:0.01727639706243379
sometimes:0.018542361504327247
poster:0.04819929493996294
