another:0.009239605543285744
okay:0.0358813844625208
ability:0.016701206939410115
large:0.02495028433239646
at:0.0036706875518934625
quadra:0.020699596163832837
technology:0.014031948690903929
situation:0.014683884536560826
existing:0.01804029856815021
own:0.00944371098144998
your:0.02099887036968771
with:0.009747122946492456
much:0.014559973912999428
ca:0.008568952483718004
into:0.007461682929093276
corporate:0.022310266803287057
from:0.003527384393459065
both:0.00935710034295099
to:0.004019747550264924
designing:0.024970636670045728
most:0.007735814433195991
unique:0.021135065741897368
hall:0.038170085113467894
that:0.0072271796965516
cleveland.freenet.edu:0.017843411547939607
really:0.008130815596628857
nt:0.0029753272988434936
could:0.012575909627717145
its:0.01723187130028475
re:0.0031161708564847544
server:0.01667691143811514
duo:0.07144957521844927
so:0.0042575441557705
040:0.10136500478045783
this:0.002187426826547579
mean:0.011014258570124419
parallel:0.019172305781089128
getting:0.011300839884269526
best:0.02029313399967862
internal:0.016510697567168053
two:0.007769955969388798
on:0.008450147087321499
you:0.0069474873676090235
great:0.01050521120305282
etc:0.009676349947742647
m:0.005703394633816967
why:0.02224653225192508
a:0.006982520629231975
how:0.005480679155121351
as:0.0033338090009042433
let:0.009604740594803436
also:0.01236247609732972
deliver:0.025060245858466407
solution:0.0162077377843052
1.5:0.022217670400017427
far:0.010372408633839173
brian:0.031133979289823154
reason:0.011134216350035532
it:0.005714257162332866
not:0.007536375107199561
should:0.006845050592639498
couple:0.013149965811060493
have:0.0042604217762304405
desk:0.022310266803287057
chipset:0.025967427041153367
ve:0.007604723745947643
heat:0.019042086849822025
machines:0.016441443895351217
able:0.021978876884255576
netcom.com:0.02682529312267616
without:0.009363377020010395
be:0.009641020952291189
writes:0.0027552599625731765
get:0.005476558230379677
if:0.002792293415680872
of:0.0024305073195717334
america:0.016407243976943594
pb:0.02439215148315316
gives:0.015152185315817105
but:0.002772013426043376
powerful:0.019172305781089128
advantage:0.017764044068895042
powerbook:0.045202164956036954
hd:0.0185775222488831
they:0.0038871651021155987
now:0.013765953315652035
one:0.008194257564796853
email:0.011432911079033086
in:0.0029613283649081745
use:0.02078474409684185
and:0.0023862338405674366
for:0.004066860786400925
subject:0.00011123732038340957
i:0.0007954112801891455
mighty:0.023556023585394197
we:0.005615599607141542
power:0.033773191002131775
will:0.004722105603763685
the:0.00408282880410737
users:0.01645290653440076
do:0.0029929913287770693
when:0.0054486435118489
33mhz:0.025060245858466407
around:0.009863310138140149
got:0.009217307590127392
serve:0.017446285798754915
would:0.015544160768406267
because:0.0073530095787271415
road:0.015044384941543792
instead:0.012782226298269339
needs:0.013955610677788945
an:0.007482484488014473
thought:0.011185776688298801
apple:0.06322278245481792
here:0.015003340880194968
people:0.006271971416971322
pinch:0.025642587285029567
is:0.0011194692787110997
new:0.014366663040696224
right:0.008082806640792915
does:0.01015407345281271
68040:0.026704638325149528
handle:0.016926487028036265
too:0.024406473348306208
mission:0.018733303632514853
release:0.016557514539113576
give:0.009846817797316694
answer:0.012651129342203568
by:0.004126814478404859
online:0.021099903789206266
processor:0.10181819468582859
fashion:0.02285996489929767
s:0.010340604680933639
