with:0.02016646126860508
c650:0.10699162487576978
clark:0.08646183905549537
my:0.01638300450569485
discovered:0.07818677077792807
to:0.004752410896864934
that:0.0059811142316289105
re:0.0064472500478994915
internal:0.13664025572828734
you:0.019165482393404203
a:0.007223297202653767
uunet:0.06512055711064285
anymore:0.07640438535631022
gary:0.21955233328565474
drive:0.048686271531137734
cheap:0.06407295204149738
cd:0.07695177670656161
it:0.005911300512758138
centris:0.17404516748014798
650:0.08702258374007399
has:0.01835818058425088
g:0.060948309672612104
writes:0.011401075707199351
get:0.04532324052728008
if:0.011554317582127747
gotten:0.07430536058264677
in:0.0030634431361119046
thomas:0.06351732782808793
external:0.07403490202803126
or:0.023252119231140872
and:0.0032913570214723265
for:0.005609463153656448
subject:0.000460292360207212
i:0.0032913570214723265
the:0.0025991483103070794
bought:0.06315661635980103
apple:0.06540287840153579
snow:0.18831288854645348
just:0.02024807868044631
too:0.03366410117007752
rom:0.08688067858254787
article:0.013971256557182775
mike:0.11018662168819666
include:0.057957297814562096
