locate:0.1340828595026817
to:0.006410228651585259
format:0.09348963969855847
that:0.008067549428708763
like:0.027084629383922632
need:0.04467911608133107
re:0.008696290762283036
he:0.03697984203535431
internal:0.09215273060744959
on:0.011790902912541626
you:0.01292555789322609
a:0.009743052040788803
how:0.030589837144863356
hard:0.06288914889710487
drive:0.13133970924679017
scsi:0.1967428974945564
third:0.08494848829460198
sc:0.1250509833457314
only:0.031012470657425267
suitable:0.11959581480764224
doing:0.062341928027100355
party:0.09871345217494554
installation:0.11535577860313166
apples:0.1462267986286423
what:0.021405630302247236
but:0.015471702843032797
hd:0.10368849627283591
or:0.015681661807048497
use:0.038669291342961584
unable:0.10640098240599313
subject:0.0006208594626050766
will:0.02635593825356475
wrong:0.0614749315541828
apple:0.17643567196693374
sold:0.09550065360562421
says:0.059558761498315536
s:0.014428750717581821
