picks:0.05926552412679311
school:0.037489943049444384
obvious:0.03965616818455683
looks:0.035289747158493714
cat:0.0522059475196856
computing:0.044973829682258167
know:0.01272036212018868
true:0.026631760743895325
means:0.029222631138543842
from:0.008727549014744079
adb:0.06829097502734878
to:0.0028416477527645994
near:0.037162636881252833
ii:0.03784948252690843
quite:0.027383498784633004
like:0.012006588283594568
really:0.020117481888566244
nt:0.022084903661518718
re:0.003855056729671861
anyone:0.017246543810735992
ball:0.045965003502391175
consultant:0.05926552412679311
bus:0.041722089193357334
you:0.02291954595499884
tell:0.02484561910950982
support:0.028236662984881502
a:0.0014396949750993763
how:0.013560443270403344
vote:0.04695704507037626
as:0.016497199179732337
business:0.0372841621982842
it:0.017672960295874843
being:0.02005983432912524
mouse:0.17921369803001364
has:0.010977056431820113
open:0.0681435170876982
be:0.005963518114819292
dartmouth.edu:0.06156597310941383
writes:0.0068171380517274465
if:0.006908767214055766
of:0.002004542119234419
what:0.01897818769065219
plate:0.05330176874287759
but:0.006858589920107322
never:0.02272102299857588
alone:0.03957951892179891
shut:0.04865089095997705
up:0.02770021382169865
in:0.001831749504066912
clean:0.04476125971109594
and:0.0039360558194926785
subject:0.00027522635971152884
i:0.0039360558194926785
lives:0.040128431442611405
the:0.003885324793758005
do:0.014810678740340137
see:0.018241090323826557
around:0.0244040663211715
can:0.01782610293686007
her:0.03408668871061575
once:0.02766011541159697
apple:0.1173206272357446
is:0.00276982089578004
desktop:0.051616685521335616
done:0.02730580980846081
new:0.01777319139055203
does:0.012561740353995104
easily:0.038133141942220485
by:0.010210674998115114
mine:0.03366225819381429
