choice:0.017304415938158454
mark:0.013778091579321975
there:0.0042099953466841625
quadra:0.0227885462354123
know:0.005659977640634412
all:0.004376457938744455
800:0.022016859108265077
case:0.011337665629847504
access:0.07688937770684692
with:0.008048083166828634
c:0.011862833465270459
compared:0.01891187443079643
into:0.008214696802671497
from:0.00776671793055207
wrote:0.011814564104095693
to:0.0018966043487488498
important:0.014414538041161572
manufacturer:0.02300360855604923
software:0.012916449029730536
think:0.006604348750130988
cds:0.0273940339064823
nt:0.003275589686800177
need:0.00881285317200567
re:0.0017153234072393145
yang:0.06006663794969454
best:0.011170532476887313
on:0.004651457112287064
you:0.005099073297327724
a:0.0032029911143265943
other:0.00632710086161427
same:0.008908685094167947
christian:0.044117096851879485
ms:0.03834990754481731
low:0.015577039174219359
want:0.008681642053725604
as:0.01101074532408741
vital:0.0273940339064823
ram:0.017843381046941508
driver:0.03375950090354488
drive:0.025906456411064118
deliver:0.02758926149555935
plus:0.016403210339356288
course:0.011220879816055135
andrew.cmu.edu:0.018691648654712203
cheap:0.017046932194526826
prices:0.02001129118889469
are:0.00884740433396182
those:0.008513374560952112
it:0.0015727313290824403
not:0.002765642241174151
should:0.0075358355148324755
have:0.0023451862988424443
centris:0.02315279750882703
drives:0.03712883166748313
only:0.0061171387076572785
machines:0.018100672178368315
buy:0.013792849198366817
somewhat:0.019733196593406454
has:0.01465285973238373
macs:0.024262493169360057
rates:0.02103488546097822
simms:0.02300360855604923
apples:0.028842900646934035
writes:0.0060666274405280956
get:0.006029238418766616
if:0.006148168988655132
of:0.005351575749515743
cmu.edu:0.02811710245787489
looking:0.011898556630305706
what:0.01266663444490777
but:0.00610351580046248
nec:0.12440962831936778
nearly:0.019679545034859705
toshiba:0.11246840983149956
good:0.007431237850272932
comment:0.01802567613248974
in:0.0032601780164126697
feature:0.02167480087203797
system:0.010253313436892317
speed:0.015405803517824685
or:0.0030931718243260796
install:0.020266744885502893
and:0.004378410716637499
for:0.0014924259766608899
subject:0.00012246310500925824
300:0.019080369886157578
mechanism:0.022046549541777084
i:0.003502728573309999
cd-rom:0.07089567688475078
rate:0.017819613346290144
any:0.004693978285728474
than:0.013124782405683131
the:0.00414909913755442
do:0.0032950363252591593
when:0.005998506618549247
less:0.012609475030258154
around:0.010858690060337779
drivers:0.01803809063523168
agree:0.01383740907781853
sony:0.02330700214551962
may:0.00853681434605427
an:0.008237597601483824
thought:0.012314616537576664
apple:0.08700382906626321
about:0.004518422845513173
is:0.009859545940941796
maximum:0.02245110326671039
new:0.007908254884786912
right:0.008898502723808713
average:0.01779596816010361
time:0.03622729288769985
easier:0.019159053735819272
nice:0.014494217691535588
every:0.011156644618978882
transfer:0.041695257210761436
article:0.011151369912613776
very:0.02398957557500157
models:0.020473408481562264
difference:0.014711714893735718
by:0.004543281994574156
data:0.026920602047759746
200:0.01906479378982208
included:0.017168722250004445
while:0.009955699568250103
s:0.008538113956734197
