ideas:0.030743535359311715
played:0.034668401890207916
all:0.008154425902959755
thanks:0.01703749269159114
grayscale:0.053741473000270254
with:0.014995573763834546
work:0.017308311658036785
to:0.004711792000310533
scanner:0.04757636139747845
software:0.04813309211079071
that:0.0029649967985852723
like:0.00995418002998866
re:0.00958821801995309
had:0.013114602441727652
these:0.014159281821358486
set:0.022644569095093346
you:0.009500837425790118
optical:0.050357749435381245
brand:0.03850907968221979
impressive:0.044941307041456935
m:0.011699271043727113
a:0.001193593269954184
how:0.011242418779736106
as:0.013677165131914847
character:0.03901697216487621
also:0.02535892532785584
course:0.020907280341025805
model:0.03127308984259444
it:0.005860776576751658
comparable:0.043281853926576956
opportunity:0.03932780673043924
ve:0.015599433325020806
recognition:0.048583054009926165
buy:0.02569949679695698
sufficient:0.03910463455946757
campus:0.04427060947358091
color:0.12631220877276536
quality:0.03285610120149017
demo:0.047817138123689526
be:0.004944113308867276
which:0.011041814807842033
found:0.022859149617581176
writes:0.005651815307842414
were:0.013259002542498285
of:0.004985656040147145
photographs:0.05140563253018751
what:0.007867026521338728
well:0.01438348641156705
toward:0.038226174140114276
pleased:0.04832004838029579
one:0.016808733466249958
in:0.006074519722888564
po.cwru.edu:0.040751509293053045
our:0.01905790959812302
office:0.031202888145693684
recommend:0.03750238706977207
use:0.014211790835447421
better:0.019112956164969257
and:0.004894838647317819
for:0.011123038048276034
subject:0.00022817911873519915
i:0.003263225764878546
we:0.04607671472526394
discount:0.048450539595088854
any:0.008746045011015448
leaning:0.05159348643376679
joseph:0.034907680586698735
the:0.004509633393096899
do:0.00613946939236322
original:0.02637750438695282
educational:0.04511754026541195
would:0.0079713644966186
apple:0.03242193972041945
note:0.025313582041696564
is:0.004592694476763486
midway.uchicago.edu:0.0450289694360483
article:0.006925922053988043
very:0.029799016953563205
comes:0.025847661002098392
