another:0.01945180114375946
some:0.010241551536257491
confused:0.042390044810743654
at:0.007727763267144132
dan:0.034857925345502264
returned:0.041660966681704124
with:0.01026012941736048
someone:0.019328579953184384
lciii:0.05072506484188258
manufacturing:0.04870737685414598
work:0.017763793543774595
longer:0.029773780775212064
several:0.024723257649714003
my:0.016670425637373705
to:0.0012089466316586234
schools:0.04318525856748165
that:0.006086046060253978
quite:0.02329999457990703
like:0.010216132136040992
really:0.01711750651921865
could:0.01323779960812331
re:0.0032801798489313205
ti:0.03323386891448827
getting:0.023791241861620054
two:0.01635780204081852
chen:0.049201700858980464
on:0.004447445835432368
you:0.004875429731655455
tell:0.02114057064581099
them:0.012858413785370533
m:0.04802858639003761
sure:0.019140737018940382
a:0.0012250036191635044
no:0.009874962598092191
daniel:0.0375314034666521
model:0.03209606589108377
not:0.005288684285754078
kind:0.024171286815465435
color:0.032409053566696364
details:0.03346334984465206
be:0.0050742215538374675
which:0.011332388881732611
claims:0.03295022522463795
14:0.13101237964058482
writes:0.00580054728962774
were:0.01360792366203771
of:0.006822476686517145
monitor:0.032870840702533405
but:0.005835817739038686
nearly:0.03763281418946856
please:0.01680188909566013
now:0.014490477174370563
in:0.0031171877525349207
po.cwru.edu:0.041823917432343906
compare:0.03780448169994309
our:0.01955943353491573
or:0.0059150127868691695
and:0.0033491001271121917
for:0.002853937393965561
subject:0.0002341838323861254
half:0.033172311259587854
inches:0.0488283709079384
i:0.006698200254224383
monitors:0.08100620576855844
mention:0.03311118258137651
unfortunately:0.032297307726543475
joseph:0.03582630376003291
the:0.005289494806940722
would:0.008181137246529614
can:0.007583912214365906
because:0.01548002016574135
sony:0.17827812167450094
thought:0.023549003554313268
apple:0.06655029732086097
just:0.03090496219647068
interested:0.025237510661534384
is:0.0023567774288654727
new:0.0453684096021986
article:0.007108183160671938
s:0.010884847032561724
