sent:0.030021898353384598
out:0.004808886118695755
returned:0.038770205728279765
ever:0.010789477782979024
replied:0.02272013993267338
your:0.005142580498699032
with:0.002387050517508357
ca:0.008394075902417638
someone:0.008993706590461307
followed:0.036285205722475754
my:0.015513702225800839
via:0.013951964810676103
to:0.0033751816165489734
within:0.013210000882950277
then:0.006513797346023687
us:0.025222976157367297
mail:0.03752223067145946
calls:0.01636036598146297
that:0.007079686233356669
memory:0.041407741544905896
bit:0.011122792645125305
like:0.004753628830647646
months:0.013860385877468654
me:0.008845621880853426
need:0.007841640781621374
re:0.0015262877664415126
duo:0.02333047354071813
had:0.01252578355658886
mean:0.010789477782979024
tools:0.01816111369864764
best:0.009939494203924221
on:0.004138847552973795
you:0.004537134607418138
went:0.013316168429535038
etc:0.01895774683639376
none:0.01478575605069916
them:0.011966197318630538
apparently:0.015463922678578216
card:0.012493503455160171
why:0.007264173796546966
a:0.0017100050520568102
lists:0.01933532623926715
price:0.038328296349109746
was:0.014456508311859358
old:0.021615616998712853
said:0.00894491766801401
ram:0.015876967625441833
also:0.006055090333385986
stuff:0.011932312459892336
chip:0.013193487174707242
no:0.009189761111693959
insure:0.02437509955760466
works:0.01214337140224792
it:0.0013994099173060082
not:0.0049217143557221624
should:0.013410711365171264
expecting:0.02283512310396602
purchase:0.017805965221138947
have:0.006260211589563096
received:0.015793023635313354
warned:0.023265166025018373
per:0.014436020879889868
after:0.007874341582305924
quality:0.01569046465540551
500:0.017019498511630777
minor:0.017738498682562578
explained:0.01933532623926715
installation:0.020246116244631275
be:0.0023610663556631484
which:0.01581908978592879
charged:0.021503630302112862
thinking:0.01421847564836186
credit:0.05917304214397685
found:0.021832820451077532
writes:0.002699030167418622
tech:0.018509521245387055
were:0.006331850193764487
of:0.0031745401725018557
pb:0.023894352473292895
but:0.0027154417234710624
powerbook:0.02213983589683443
never:0.008995670330048411
seems:0.009618314650535014
well:0.006868848612870796
loss:0.017370823445390954
they:0.015231340808289693
who:0.005277766833607545
up:0.005483511715724019
called:0.01094797753410912
box:0.012932812288598397
use:0.006786855215295299
weeks:0.014859448511563718
and:0.006233427175359835
complain:0.020773511066998648
few:0.009329091840433823
for:0.007967727254989567
subject:0.00010896717098782979
summer:0.01837047408390295
i:0.013246032747639648
offering:0.02272013993267338
person:0.034349319662128786
we:0.005500995533526409
gregory:0.02180934992730926
howard:0.04284065757050158
than:0.005839188907018209
the:0.002768888608123052
see:0.007221982699637454
original:0.012596604135810121
less:0.02243971882935737
got:0.018058398543923056
returning:0.023532910035164546
because:0.007202948158753119
did:0.013419681987289515
return:0.015062725338028281
come:0.009800790508038403
last:0.00889862266146734
developers:0.02374591310933014
an:0.003664890361476477
apple:0.030966260794196537
tax:0.018087568778228542
people:0.006143972000298439
finally:0.014842957044065738
many:0.0075640858268493615
about:0.00804094841079079
different:0.020630342024581617
is:0.0021932459338013383
chips:0.016949963053865195
their:0.012356600968013992
told:0.037961874694642406
ordered:0.019118551442067366
advice:0.015876967625441833
16:0.014232623436020988
instructions:0.05917304214397685
procedure:0.020635137386689748
almost:0.012334665021488033
although:0.012896895741856157
corporation:0.019385102864139882
by:0.004042593774763944
sales:0.059254948121333556
include:0.013720503156100416
s:0.0025323929830857895
