some:0.00912138183697933
ideas:0.028101512789370862
know:0.009639649419205483
all:0.0149073098538483
tried:0.024202062914348992
media:0.03087075148980673
sector:0.041658132000032676
with:0.013706891643505015
custom:0.041658132000032676
setting:0.03360810044814536
ca:0.01606678590697126
work:0.015820878624924248
to:0.003230154281462885
software:0.021998327253759817
format:0.031406675836234486
that:0.0108407695448274
think:0.011248031465066838
nt:0.005578738685331551
anyone:0.013069646481573369
this:0.020507126498883553
programs:0.02760298534605091
on:0.0039610064471819525
you:0.0043421796047556395
optical:0.09206026068655633
josh:0.040921329816663604
a:0.005455094241587481
low:0.026529644843592343
constantly:0.0407666217909122
idea:0.021659189806724658
drive:0.06618290036264035
are:0.005022745168759574
no:0.008794888563925858
it:0.002678558044843531
dip:0.04681994375633574
have:0.011982436245648114
ve:0.02851771404730366
kind:0.021527552320023905
per:0.027631446215414197
incompatible:0.04531288386473815
formatted:0.09206026068655633
mo:0.043597035355310294
uses:0.026679649451847164
be:0.00903845714277299
if:0.01047110030880327
of:0.004557201224197
5.25:0.04440794780594813
what:0.007190953929661181
please:0.014964182475822303
find:0.01653474013807336
refuses:0.04531288386473815
good:0.012656326963746087
or:0.010536116526610708
and:0.0014913961503546479
for:0.007625363974501734
subject:0.00020856997571889294
mechanism:0.07509605937667818
combination:0.038752331874489544
i:0.010439773052482535
possible:0.020132590804410797
any:0.007994431767881307
allow:0.027392770870114002
will:0.00885394800705691
the:0.003533217234323686
thing:0.035373944298827446
level:0.027504180957763663
got:0.01728245173148886
can:0.013508843631839271
drivers:0.03072112311312895
just:0.009174910652077234
newsgroup:0.030032530004487107
address:0.024943916827606334
about:0.0076954389087646215
is:0.0041980097951666235
formatting:0.04827764653430771
new:0.04040623980195813
disk:0.027351398310936574
mount:0.04099984806551909
every:0.019001160366698407
e-mail:0.021481998255095832
luck:0.032209286139950166
check:0.02585399659834132
