since:0.011498974847147594
andrew:0.04328112826634481
help:0.012299383448516074
vertical:0.031037064057647796
your:0.007240989782650934
with:0.006722153756201693
operations:0.026789177311660622
apparent:0.027811230440089506
from:0.004865357784081469
unusual:0.028820613018498458
to:0.0015841369656216446
colors:0.07861890816867319
line:0.016228757177045913
256:0.05617555568873302
then:0.0091717261481368
vram:0.03160514356705373
day:0.014616684113579725
worse:0.022385433410002223
memorial:0.0332336631722679
been:0.008432416018514018
that:0.0019937047438763037
like:0.006693327951199271
through:0.013617605138073717
generally:0.022222698236914362
anything:0.013340466381145999
so:0.0058724746976144835
anyone:0.009614452584145927
this:0.006034280900820908
these:0.00952089639712036
recently:0.01901903198038902
certain:0.037888678066212746
on:0.00291384382321431
set:0.015226520598424834
you:0.003194247065567367
fix:0.025000223903336116
used:0.011347491427223366
8:0.01696834070329808
particularly:0.023086783305405645
a:0.004012942890363204
how:0.007559557455339795
wondering:0.020683525872743084
as:0.004598357242626543
ram:0.022355500392145105
operation:0.02474578238794538
also:0.008525845584365324
obtained:0.02754738158202009
chip:0.018577036539099274
video:0.06027088263560384
computer:0.015406338535432846
are:0.0036948929977081925
no:0.006469803081508677
model:0.02102845696312385
it:0.0039408670085054245
not:0.010395000147861464
have:0.002938221914641683
centris:0.058015055826716
area:0.03687893154780859
moved:0.05124833723829821
suspect:0.022310891166079077
always:0.01526986263217648
configured:0.03397284350457878
has:0.024477574112334505
open:0.0189940263146745
screen:0.042969047932253424
be:0.0033244899835486856
which:0.007424668577686883
14:0.021458924251475102
were:0.008915536192369535
if:0.015405756776170327
inch:0.03021915473477276
of:0.0022349492593763064
monitor:0.08614427218594961
gotten:0.024768453527548924
seen:0.014899223509323867
but:0.011470400383627764
disappear:0.03313541930238686
hd:0.025624168619149106
lines:0.04061128878499444
windows:0.015788547019675296
please:0.01100813423508767
continued:0.027437909197131044
observed:0.029299817667573464
over:0.011528395129421597
or:0.0038753532051901455
610:0.06414276466068641
and:0.004388476028629768
molecular:0.03597460611531565
for:0.005609463153656448
subject:0.00015343078673573735
i:0.001097119007157442
away:0.015913698771975116
we:0.015491309261080114
developed:0.024352289288649628
horizontal:0.031105078182055854
program:0.01595766340450618
the:0.0038987224654606187
when:0.007515370361170896
thank:0.020864909809020196
can:0.004968770071481111
cancer:0.029933169047651708
an:0.0051603341296651535
apple:0.021800959467178593
problem:0.03647526365595835
biology:0.03408665170743038
is:0.009264573341057375
cards:0.0226150428985753
involved:0.020694696190033723
done:0.015222204318509762
white:0.019534305435750528
window:0.04008037634281772
spare:0.029299817667573464
1:0.011255884436348899
16:0.04008037634281772
bad:0.015750580728427492
respond:0.023241423839428198
appear:0.022693664185380356
