at:0.006337877787441951
there:0.013205453029887014
technology:0.024227825077819735
means:0.02039277137006297
take:0.015293159211048226
thanks:0.01434091111450477
your:0.009064260591232106
with:0.004207391199924801
ca:0.01479531364095195
service:0.0262056922912111
my:0.006836073822520153
to:0.005949061122694234
hill:0.03585099279251339
remember:0.020018877960584405
that:0.004991433459488875
guy:0.02436209170466813
like:0.016757396597247096
nt:0.005137255767787328
me:0.007795602017298883
tells:0.031848920865587146
this:0.0037768520746145253
best:0.017519252373823267
these:0.011918244410783761
on:0.010942636515955898
used:0.014204773441272415
card:0.11010461678108782
more:0.009146899466336157
board:0.025835946182411113
a:0.007032754590593356
ps/2:0.08928797471646975
price:0.022519023034848654
question:0.01570493585141802
rich:0.03266039924073351
mind:0.021796084913741996
are:0.004625261738138313
those:0.013351911181924893
internet:0.020550603907299327
reasonable:0.026894296187813294
it:0.0073997574764022725
not:0.0043374820760860786
should:0.011818792390168918
have:0.0036780619650910278
machines:0.028388104567512895
buy:0.021631950541323497
campus:0.037263750420208394
university:0.01690892159423492
expect:0.04972979975767465
has:0.00766024801357231
network:0.026427983237622854
be:0.01248477533390226
which:0.00929418944257207
of:0.005595412534265861
keeping:0.0300729490819071
what:0.00662188563306929
double:0.03178525456863043
experimental:0.03828281888828772
necessarily:0.027965921101123756
who:0.009302538663552866
now:0.011884276243728377
sounds:0.025630968083171498
chance:0.02586372322311226
one:0.007074179192630378
email:0.019740278122071516
in:0.0012782712366510107
office:0.026264301532706195
or:0.024255807831046233
rather:0.018514270884265206
and:0.0013733719945711867
for:0.004681278603051424
subject:0.0001920644380720741
however:0.01724531585753175
create:0.027358602095277833
i:0.0027467439891423733
appreciated:0.024350806612778726
back:0.01515364546811178
pay:0.023977281021567504
information:0.017545476866789676
than:0.010292095555535691
the:0.0054226835251011
would:0.01341941936840829
home:0.02107455432993776
here:0.012952524500887743
expressed:0.029566612414556024
replies:0.032243224725263364
bulletin:0.039378795324129585
carolina:0.04147887020586557
architecture:0.040564084770719905
ethernet:0.037540486253501884
cards:0.02830947816080649
guess:0.02155508822255866
opinions:0.0205439579533816
north:0.02887881140223616
s:0.008927140731741272
