since:0.026326600307943173
at:0.023183289801432395
all:0.012553524087451199
versus:0.07121425794312787
storage:0.06608972153836837
someone:0.028992869929776576
tight:0.06840407241289027
been:0.019305794568703148
that:0.009129069090380968
nt:0.009395770417400506
re:0.004920269773396981
30:0.04504086150491961
on:0.006671168753148551
them:0.0192876206780558
more:0.016729197708167446
a:0.0018375054287452564
looked:0.04901320005894322
budget:0.062093900304181236
1.00:0.09077186083361305
ccwf.cc.utexas.edu:0.074999548370125
question:0.028723501096672426
dollar:0.07418957609381666
cheap:0.048897779189563784
have:0.013453963503885601
per:0.3257602080133042
minimal:0.06802988905340955
60:0.10714892840502677
larry:0.05979977678911837
25:0.09678111969183191
myers:0.08130972047883403
writes:0.008700820934441609
were:0.020411885493056565
of:0.0025584287574439294
seen:0.0341113801397678
available:0.03554031352387144
year:0.032562641002758574
fact:0.03155614642932683
beginning:0.05329061571232748
in:0.00467578162880238
and:0.0025118250953341434
for:0.008561812181896684
subject:0.00035127574857918807
1.40:0.10391039807191736
p:0.04429115841620197
i:0.005023650190668287
20:0.0413793730053371
the:0.0049589013815069275
less:0.036169283639424704
jr:0.061481794835301064
last:0.028686349369203917
is:0.007070332286596418
disk:0.09213102588947056
time:0.020783025919785706
lee:0.056146727623351524
article:0.010662274741007907
sometimes:0.04611192531997171
