some:0.006949624256746155
okay:0.025629560330372003
read:0.013494065844630487
at:0.005243839359847804
help:0.012738647143105934
all:0.0056789751824184
with:0.006962230676066039
mentioned:0.020923592968999035
from:0.010078241124168757
work:0.012054002761847045
bits:0.026246299993849958
both:0.0133672862042157
via:0.02034661534890265
to:0.0016407132858224176
then:0.009499287796284542
us:0.012261168965386881
normally:0.025332450857861805
that:0.006194725454187085
problems:0.016327816880308172
quite:0.015810710607794057
like:0.006932375378027816
nt:0.012751402709329259
its:0.012308479500203393
anything:0.013816911609044068
behavior:0.025288029898328533
so:0.01216441187363
anyone:0.019915651781445134
this:0.0031248954664965414
reply:0.021376169758066332
certain:0.03924184514000606
registers:0.03663226755004224
set:0.015770324905511435
tell:0.01434538722394317
moment:0.02504946904376061
working:0.018860351254205994
specified:0.031178156050791314
card:0.09109846269387624
a:0.0033250098234437974
crashes:0.06925891323554623
crash:0.12159290366967945
as:0.009525168574012123
said:0.013044671599187097
adam:0.02764644863842385
mac:0.040848596842989714
fine:0.01928069391619381
lets:0.02758103720047388
science:0.020128763250995923
computer:0.015956564911698303
are:0.007653706923824113
flag:0.0989113448092297
works:0.01770908329494488
atoms:0.07240357484318416
not:0.0035887500510474097
should:0.009778643703770712
have:0.0030431584115931717
only:0.007937715703983848
university:0.013990119652372937
after:0.011483414807529471
sets:0.028306571829099098
of:0.005786922189456507
trying:0.0160495727563595
germany:0.025028248411829088
department:0.020643307039838906
but:0.003960019180061966
reading:0.019561440752160656
instance:0.025444975587856758
please:0.011401281886340802
beginning:0.02410765948891005
errors:0.025559668557296505
one:0.005853041117712038
code:0.019288764942450572
email:0.016332730112904408
in:0.0031728518195444726
system:0.026609789633839583
use:0.00989749718897231
and:0.006817810973049818
for:0.0019366003744766308
subject:0.0001589104576905851
i:0.0011363018288416363
group:0.01605426151670622
we:0.03208914061223738
the:0.007627262601079703
do:0.008551403796505912
when:0.007783776445498427
can:0.010292452290925158
because:0.01050429939818163
instruction:0.032890549339194775
problem:0.012592650547890383
eg:0.030092908688922542
about:0.005863191549534949
stops:0.03228726068288354
does:0.021758728827455807
created:0.022607708860029885
notice:0.02403550853336038
every:0.014477074565103547
almost:0.017988053156336715
e-mail:0.0163672367657873
before:0.012655918257277644
documentation:0.026649549925590363
iv:0.03142114411341188
understand:0.01783426942223603
by:0.011790898509728167
sometimes:0.020860156692368154
god:0.015792727570090623
s:0.0036930731003334424
