basically:0.029285123494387208
frequency:0.037305323254197324
at:0.013148731529170612
computing:0.03255568268044061
there:0.006849096907292145
your:0.009402479270009421
wonder:0.027540057521021857
times:0.04194740509691084
from:0.006317703391269967
wrote:0.019220708766364634
themselves:0.02415261355464789
several:0.02103321919453281
to:0.0010285068358886797
russ:0.0839342193633571
then:0.011909554849073158
boot:0.036631540816345835
that:0.0025888404883169912
jeff:0.06291760132582681
reboot:0.04556291630028107
need:0.014337328294755494
re:0.0027906007670012727
this:0.00783555878166297
reset:0.04154055435451476
on:0.007567295899093879
pushed:0.038111208612884605
inside:0.028015339754284975
a:0.004168669032377299
low:0.050683500596713726
constantly:0.07788250133189197
as:0.01791300358694817
mac:0.12803291547802745
plus:0.026685819805818436
button:0.03548883632304962
display:0.02750836878310058
are:0.019191384525409718
those:0.027700233646082987
it:0.005117245219999581
being:0.014520924850187673
probably:0.01781510235096424
only:0.009951762972158855
able:0.019682576314258723
has:0.00794607816333247
switches:0.1201290355531976
usually:0.02461008016557174
which:0.009640987556100879
writes:0.004934793962817629
were:0.011576890279644023
if:0.01500336760664349
of:0.00290209829202595
oregon:0.04382692902215605
but:0.004964800166047838
supply:0.06026814080006782
again:0.018222904015731477
they:0.006962086750057789
in:0.0013259679245857497
fully:0.03132577242446116
minute:0.03337658488353261
replacing:0.04185816341734159
5:0.019394573782967783
installed:0.029890820562351438
or:0.010064350114971423
and:0.0028492344364984316
still:0.015236634942011546
for:0.0024279765888960744
subject:0.0001992310215822261
i:0.0014246172182492158
power:0.02016309910575031
voltage:0.03858411617954572
the:0.00618752470886536
devices:0.0316767048024079
push:0.035818472280610344
an:0.006700732377326393
problem:0.015787800686907345
is:0.016040156829293366
desktop:0.037364317131116084
time:0.01178738783510234
center:0.024377842040841854
matter:0.02254405232761599
plastic:0.03798141948816917
article:0.0060472603008701565
little:0.01750252762610794
u:0.02822122002681355
bad:0.040904493235020656
before:0.015867121397183912
high:0.020875550937623295
sometimes:0.02615303227102873
