above:0.020019529633298127
at:0.032388419575530555
anyway:0.022415542806209807
with:0.008600402599846284
way:0.01273803543784223
work:0.044670716117433173
to:0.00202676347072181
most:0.01365143723505175
make:0.012941768259924291
that:0.005101538609330541
like:0.008563522525799068
nt:0.015751732758583204
re:0.008248687561283174
so:0.015026626432131178
this:0.0038601649880251397
sync:0.04507006129277004
1024x768:0.04062950212488766
on:0.007456012135871911
you:0.016347029100256524
posted:0.025098389150602172
why:0.01308619544230887
a:0.004107365076018809
same:0.014280098165651562
was:0.006510743633098424
mac:0.05046003139428141
fine:0.023817327778827647
video:0.025703758771066343
are:0.0047272895705972465
works:0.021875926423167207
digital:0.030362997036850466
it:0.0075629874207346764
not:0.008866323655528896
have:0.003759195684909212
probably:0.017553115551685355
only:0.00980541351668593
has:0.007829224072695228
without:0.0165236065059007
svga:0.07631088312299278
14:0.027454800145269614
get:0.02899354357259829
things:0.016431808295148894
if:0.009855153231814842
of:0.0014297101879833724
monitor:0.055106997648364825
what:0.013535913279362223
but:0.0048917883989000755
nec:0.0398842631965032
beyond:0.028717383804695636
1024:0.13870041928746218
p.s:0.03334435812588109
and:0.0028073339300793373
for:0.0023922710508240733
600:0.03614593174532226
subject:0.0001963011536177816
scan:0.03851419276862457
i:0.004211000895119006
horizontal:0.03979620296821852
rate:0.028563791981553316
controls:0.03664182351587766
pay:0.024506191632337377
driving:0.03078756317427338
the:0.00609653169844087
users:0.029034540943060162
would:0.027430871944246354
can:0.006357102885571422
tolerance:0.04202916189320545
adaptor:0.04543778497346608
68:0.03997339084747632
is:0.007902136085019527
deal:0.04847522046706631
guaranteed:0.037813382623004536
maximum:0.035987797883403415
figure:0.027150717897608482
does:0.008959476576011215
x:0.06717264682822285
too:0.014356749028415416
going:0.01601335061801237
while:0.015958400778518546
doubt:0.02558876690426888
s:0.009124062953764975
