some:0.0065591959277154725
24:0.041158244369308546
believe:0.012206021799608655
out:0.006618972466744156
quadra:0.05581913572269529
900:0.12357966248690672
with:0.006571094121230869
much:0.009815712750336693
into:0.01006069608417071
clark:0.02817295879336366
both:0.012616315069147404
my:0.005338282367024164
to:0.001548538382124529
mhz:0.05309108528207054
vram:0.12357966248690672
that:0.0019489023900813303
v:0.02161038378596636
13:0.044244253420971484
bit:0.06123784714731909
really:0.010962897433656887
nt:0.008023354513735264
could:0.008478141322056501
re:0.002100789341450396
16-bit:0.0670999931641926
so:0.005740508974072585
040:0.06833595827896034
on:0.011393456746950335
you:0.018734797395799613
2mb:0.03486243956626206
size:0.020229646837448694
support:0.015387394997379246
8:0.016587029676257675
more:0.007142803515846775
a:0.006276423037511887
same:0.010910636800722542
want:0.010632572852315626
as:0.008990046744011443
part:0.013759674788838635
local:0.017170693550089617
also:0.008334253548761609
21:0.02278765742221531
popular:0.023763889304117766
video:0.07855530770483196
brian:0.04197839904245818
care:0.017786612029628633
it:0.0019261540996627637
not:0.003387134879640252
hughes:0.028739958336003887
color:0.06226908044837167
able:0.014817220371408252
19:0.046032552943605386
has:0.017945637200335127
25:0.020661137911739395
without:0.012624778004508399
be:0.00324978234346894
which:0.007257822092795044
hades:0.06887110489681714
writes:0.01114487175872296
get:0.014768246913383397
if:0.0037648899986708387
of:0.003277088520770876
monitor:0.042104222922346154
but:0.003737546192418035
up:0.007547530170519015
box:0.01780078095902588
in:0.0019964011448819156
point:0.01236817955764079
yes:0.014982280171370162
use:0.009341458021052516
and:0.005362323237230194
still:0.011470275742862624
for:0.001827802600629629
subject:0.00014998290388774325
however:0.013466847776387151
i:0.0010724646474460388
faster:0.021911803524687256
monitors:0.051880378975368895
world.std.com:0.05164130708270277
any:0.005748804866791052
actually:0.013732101837646542
the:0.004658024219033473
do:0.008070987852881985
upgrade:0.0496917461039185
can:0.014571336951197417
put:0.013974490446892017
jim:0.03804866007807718
different:0.014197847741636222
is:0.0045281903408538856
motherboard:0.025366428279390178
does:0.006845442777177108
run:0.030076791330195446
bailey:0.07356475883726633
16:0.05876954059255857
capability:0.027576553198822143
33:0.025910066211609246
950:0.1006499897462889
processor:0.02745659182539198
s:0.003485597083460777
