iisi:0.7983337935211148
with:0.021660273214427678
to:0.005104441333669743
mhz:0.3500078955632798
clock:0.31778820871106783
a:0.0051722375031347965
owner:0.33198579531937833
mac:0.12708452351152355
25:0.13621046475146714
and:0.007070322490570182
subject:0.0009887761811858628
any:0.07579905676213387
upgrade:0.16379871863884246
reports:0.1464526831180797
an:0.03325548661339765
upgrades:0.21613952656624302
about:0.036482080752661905
new:0.06385183573642766
slow:0.1520936335200682
33:0.17081451058023875
