obvious:0.03561711401761122
read:0.02099076909164742
at:0.008157083448652139
out:0.021818094427415922
there:0.03399181428063509
know:0.03427430904606394
versions:0.04111502796896994
mentioned:0.03254781128510961
from:0.007838631985464589
post:0.04782551489687371
often:0.028771485076654685
options:0.041897966747007555
my:0.008798280197502789
via:0.03165029054273745
to:0.0012761103334174358
that:0.0032120798651340443
hour:0.12932540546334106
nt:0.01322367688374886
anyone:0.030979902771136873
had:0.014207485978538287
this:0.004860948503439064
reply:0.033251819623658745
he:0.014723455625187362
these:0.015339221973138356
on:0.0046945261596230544
you:0.005146286938969647
amp:0.15101058764602165
3:0.021680240228126105
a:0.009051415630485893
how:0.01217928701138078
quick:0.037585881668437925
looked:0.034490770411848934
no:0.010423571631319534
tom:0.07029126339768065
batteries:0.0977546705750592
determine:0.04039316184425039
be:0.005356122751272882
which:0.011961966041828868
battery:0.1309222690999433
if:0.006205096479290826
of:0.005401127376826073
powerbook:0.2008985109157198
who:0.011972711798461558
one:0.02731419188265618
email:0.02540646906451797
in:0.0016451824249489857
indication:0.04849935385678649
2.5:0.04505895055648572
and:0.005302741867927637
for:0.0030124894714080924
subject:0.0002471940452964657
i:0.008837903113212727
information:0.02258167856003486
will:0.010493568008363744
exist:0.03367152292403801
alternative:0.04031632107744765
the:0.001395838907387135
do:0.006651091841726821
would:0.008635644871336815
can:0.008005240670719567
did:0.015221398550397827
newsgroup:0.035594109634947683
btw:0.03473880111521606
is:0.004975419016493776
either:0.023181136176975536
query:0.05338484220940105
their:0.014015589060941795
grateful:0.049895862095069674
answer:0.028113620760452374
summary:0.03983182275335746
