generated:0.02267601783057148
at:0.004116658936702948
quadra:0.0464290007413073
microphone:0.11806990425990413
tried:0.01447600024783491
hand:0.014753455399311556
900:0.025697640096576397
with:0.013664191046484751
option:0.019582295431085896
much:0.008164471353083791
though:0.011614692530891025
ca:0.009610040168655706
previous:0.016229903830340214
such:0.008986061698447656
bits:0.020604571957788753
post:0.012068120581454114
options:0.021144768264844935
outputs:0.027715314939686386
my:0.00888050711523646
to:0.0019320548973235947
sound:0.04838107414666024
then:0.007457384812036463
worse:0.018201240249254142
next:0.012515794503500818
control:0.014250627429630949
like:0.01088447722905302
really:0.009118671697153859
through:0.011072258383293582
conversion:0.02347111606035512
nt:0.006673631324508771
need:0.008977579399519795
re:0.0034947710540015934
sample:0.022024306951392333
so:0.004774815875630467
this:0.002453188964352425
internal:0.0370333403375732
something:0.018604311375360026
on:0.009476800471762428
you:0.007791574617879278
great:0.01178154527445176
8:0.013796688235391897
why:0.008316460654925263
a:0.002610288085694196
other:0.0064453644291210775
sorry:0.014847741517470207
was:0.004137668850941054
mac:0.032068057334683514
drive:0.013195344620588731
also:0.006932229587287693
button:0.02222198162284415
panel:0.023039465031705515
cd:0.12513653408356748
brian:0.017458306143826065
works:0.013902457913788505
missed:0.02030809428611136
it:0.0032042563527100183
have:0.004778043113529465
centris:0.047171120158170946
made:0.010867194167841127
try:0.011384998468894358
machines:0.018439002499459307
650:0.047171120158170946
university:0.010982897671021745
bskendig:0.02938202028519448
netcom.com:0.030084440885244288
mixed:0.026143014768559222
be:0.0027030899866236973
found:0.012497759370359799
writes:0.009270033518937789
get:0.01842580339193162
analog:0.025181089281623947
if:0.006263088035172048
of:0.0009086008671296198
lawrence:0.02216464474157399
what:0.008602262644828329
using:0.010301030741331405
find:0.00988993802651117
one:0.004594910783998236
in:0.00415139490407688
recording:0.026786105319381876
installed:0.018716682034369592
yes:0.012461896591139667
or:0.003150988120107875
and:0.0008920500338569856
subject:0.0001247521350094313
i:0.011596650440140813
sampling:0.05684018959651841
world.std.com:0.04295398439589296
assumption:0.02216464474157399
any:0.009563432395222497
than:0.006685052720651687
filter:0.02442981254990548
the:0.006692199621398134
do:0.0033566257892826946
see:0.016536315527207253
can:0.004040028002045389
maybe:0.012373425618422074
put:0.011623641586667191
an:0.008391571388427445
jim:0.0316479509060642
myself:0.01557402832709291
about:0.013808638041895395
audio:0.13907378915704657
either:0.011698891154735318
new:0.008056072733100685
else:0.01180631880999092
motherboard:0.021099178662296502
expected:0.019389571325786604
bailey:0.0611893788459505
icon:0.05242050371891377
guess:0.01400073487353109
article:0.003786602244470098
admittedly:0.02710303333965646
kendig:0.02820765379790053
bad:0.025613093894826015
built-in:0.026417970376143022
playing:0.018716682034369592
needed:0.015587956495962714
by:0.004628203153351243
everything:0.014437675158519873
s:0.0028992349572711136
