iisi:0.03246236811004533
validity:0.03549311255385305
thanks:0.012008353282627489
carter:0.030113935638930375
with:0.00704611297336804
way:0.010435980840641828
4:0.04489643682250625
someone:0.01327384406423506
several:0.01697862272329757
via:0.020591755292865332
to:0.002490721373658128
add:0.020700122990673003
most:0.011184310023897819
been:0.008838797513382164
that:0.004179573800415383
memory:0.08148511388354977
r:0.018676022691139337
really:0.02351079208663766
laid:0.03433714262728615
nt:0.017206712089697315
could:0.009091019007988298
me:0.019582927959118278
need:0.023147011945749835
anything:0.013983380423610867
exactly:0.019375799116096437
so:0.006155485526415182
this:0.009487634428399137
getting:0.01633856368810052
best:0.014669735421454423
laws:0.022360686223119833
amount:0.022400102479679686
on:0.003054270031561988
performance:0.022837417069859135
etc:0.013989903538905035
m:0.008245871759735374
more:0.0076591507579561804
a:0.004206337728452997
same:0.011699357533304896
want:0.011401192576579408
budget:0.028428532669384183
standard:0.01833761771362793
wise:0.02948397898881244
worth:0.02117568445055324
question:0.013150518574380148
dogma:0.035975297539838205
helpful:0.027979538381055467
no:0.006781600820376566
manual:0.023672273475197368
meg:0.1402323673698879
it:0.006196182465180216
not:0.003631988003469668
should:0.009896458688153493
have:0.009239468912306979
only:0.00803335083294751
buy:0.018113500754481725
has:0.006414304059557537
feel:0.01835106436292878
call:0.01600575962649824
common:0.020277879756815363
simms:0.03020955822420923
if:0.012111152164398961
of:0.0035139864861278066
what:0.016634495837288515
but:0.01202319076356163
find:0.012749679142610784
rest:0.01967849899682415
in:0.00214071929993362
additional:0.025751541558794794
5:0.015655860764564357
frequent:0.03246236811004533
or:0.004062117215078828
use:0.02003348828611263
better:0.013471179947598815
and:0.005749961061608281
subject:0.00016082504151818252
i:0.010349929910894905
than:0.008618080013370248
the:0.003178476548146609
do:0.008654432757909598
10:0.01741187805961545
human:0.019312303441184193
upgrades:0.035155224200533505
just:0.014149259800793807
makes:0.01682516796537334
excuse:0.02666867470070249
about:0.005933832411577539
interests:0.029657346245138
is:0.006474039202184673
max:0.02868491588877452
bandwidth:0.032188498386691376
2:0.011737406940333789
told:0.018676022691139337
vast:0.030979638775473595
1:0.023596673396683237
wanted:0.018344337286422305
faqs:0.036637953535105246
e-mail:0.016564432389471487
very:0.01050146079387619
already:0.01750473687528525
respond:0.024361492458195824
checked:0.02711304909973628
happy:0.02288009089448808
