okay:0.04200747449270728
ask:0.014217378460274963
out:0.005747205361368097
effects:0.020984570035915154
help:0.010439476683130717
differences:0.022343464456664134
ever:0.012894741740633466
your:0.012292021679817196
with:0.0028528164721441335
c:0.01261511070940956
aaa:0.029131216544454348
harm:0.02347640234696877
to:0.002689169092860158
most:0.0090565632388636
connected:0.022169673346209735
100:0.016480546823566204
puts:0.02408695426381758
that:0.005076653055138686
think:0.007023161109895391
equivalent:0.02302017767374524
memory:0.016495766956913734
r:0.01512302325233722
like:0.005681166163456942
nt:0.003483310008402139
happens:0.01822476836477453
re:0.0018241000135520513
flat:0.02408695426381758
complete:0.01806446756241355
pack:0.025130500098984827
this:0.0025608899432752147
internal:0.019329597151806502
two:0.009096533817821032
you:0.00271121458248157
etc:0.011328409694918221
m:0.006677144937151571
more:0.01240408805678757
a:0.009537101347243674
how:0.0064164048645323135
dealing:0.02299122774438029
other:0.01345666329592108
as:0.0039029959034976506
running:0.01476809957291074
aa:0.029131216544454348
idea:0.02704757361230006
volts:0.02978258919140324
question:0.010648712601693193
are:0.003136153080981588
month:0.0193844072653037
d:0.00888704498720505
it:0.00668986204370677
not:0.005882048864155755
should:0.016027435533985168
have:0.0024939054299885507
due:0.016171426755602354
being:0.009491726487439747
only:0.013010109641651576
completely:0.1052778625474967
develop:0.021978352794242515
batteries:0.07725003235687605
netcom.com:0.0157026106083958
reducing:0.02757778370972979
without:0.010962002364890219
be:0.005643524459877769
aaron:0.02466150565726335
which:0.006301913817158623
common:0.03284027355737902
writes:0.00967701060025701
battery:0.16093859421066206
things:0.010901102088489023
if:0.003269026437870289
of:0.0028454719838888584
pb:0.05711333030201716
what:0.004489961478032347
powerbook:0.02645980387670456
well:0.008209111756845584
naive:0.027652259183538513
good:0.01580497415960487
over:0.009785076841557843
one:0.014389915723545695
in:0.002600190759431568
or:0.006578648367834979
for:0.0015870676239613365
subject:0.00013022905800984534
i:0.0018624264121501943
cells:0.05327876846680148
discharge:0.1121708456643694
cell:0.1625163208206627
any:0.004991645201408816
actually:0.011923483546834559
will:0.005528318755625777
than:0.0209356285202848
the:0.0025737907658162787
can:0.016869580340248064
effect:0.016909138803036128
once:0.026175914096828352
maybe:0.012916649182157678
individual:0.0376749872318688
an:0.00437999091981335
problem:0.010319830692905289
1.2:0.026119336745311677
about:0.004804956977179861
entire:0.018192284013116105
is:0.009174187259681207
time:0.007704926682457139
9:0.017369920271341592
periodically:0.028647846287653222
does:0.0059438478748171965
nigel:0.02955566228586718
1:0.009553775082559553
although:0.015413363203681746
article:0.003952843318617566
very:0.008503621911138766
difference:0.015644652911387252
side:0.01570909306620094
thus:0.016250512550616124
going:0.01062349114170577
while:0.010587036614041572
john:0.013080382436984613
defined:0.02132112062853443
s:0.0060530368864001784
