some:0.016444181339906397
go:0.00913348475020717
at:0.004135985973964465
there:0.008617643057062417
k:0.017787141109162737
know:0.0057928409655319335
knows:0.01640357470019359
switch:0.019962973812254346
own:0.021281602211718265
your:0.005915174752024707
with:0.008237005306895032
c:0.012141303734408262
into:0.00840753006095017
someone:0.020689747555521314
such:0.00902824978153896
from:0.011923552879298248
turn:0.0642531105110707
wrote:0.012091901289637845
batch:0.027571870840229627
my:0.008922199636904238
to:0.002588167436790293
then:0.007492396008337105
been:0.006888452522166382
that:0.004885980639922209
13:0.05546110640093609
its:0.019416193014405354
re:0.003511178429841977
this:0.002464706283433892
off:0.06150584360440424
apr:0.017498630408629104
certain:0.015475657238312249
on:0.021422908108702392
cap:0.02723027762763607
went:0.015316719555098985
a:0.0019669072195019647
as:0.0037564045080611193
doesnt:0.029656055764811604
cohen:0.02834008409742119
shed:0.026989464038962123
local:0.014349218084112452
let:0.010822242923722183
prevents:0.027940282180330546
turns:0.020721853397026254
minutes:0.018709705389847765
turning:0.06680611231967372
prevented:0.025191378347618903
computer:0.012585459648663453
no:0.005285191249683145
it:0.009657899429294984
not:0.002830563420544436
should:0.007712733062129012
have:0.004800475240823032
try:0.011438449165931421
date:0.016797179294757384
stay:0.018538486235944517
able:0.012382465850284831
hopefully:0.021703026185177034
after:0.009057341256642964
has:0.014996823575866916
usually:0.015482397850641377
screen:0.03510147577564364
anybody:0.014270399741374156
be:0.00543156109988236
which:0.0060652222183921025
writes:0.0062090365353761725
if:0.009438738306526891
even:0.007883377689042374
monitor:0.1583355988769919
sit:0.02185781500788863
but:0.003123395409626339
shop:0.022814524792547874
gmt:0.01989341941889688
seems:0.011063319668455767
using:0.010349392388004322
david:0.011720400184715934
over:0.009417562218400741
in:0.0025025310125984575
extension:0.023774539480795793
5:0.012201281159237949
and:0.003584952248739811
for:0.0030549189005828546
subject:0.0002506756515682469
i:0.005377428373109717
gregory:0.025085871982116283
back:0.009888998685763086
power:0.01268476657357062
similar:0.014858020130829583
monitors:0.021677717036656486
voltage:0.02427357543689731
tue:0.027148626253401944
will:0.005320682370437955
cost:0.015591584996952491
the:0.003892621178347222
when:0.006139316633069183
got:0.010385698693101287
would:0.013135910508512339
can:0.004058995269660626
tries:0.024229902231909923
leland.stanford.edu:0.023696290408095268
rgb:0.025299310358063497
apple:0.053427703482944726
problem:0.039728925672217544
long:0.011175170164829037
about:0.00924897821898471
is:0.0025227476703348723
night:0.01571753449100481
repair:0.024017429970932827
their:0.007106495861885981
light:0.016395374111766635
blank:0.025879657569177004
experience:0.01555034166570492
1993:0.01422373616436684
although:0.014834457543449569
falls:0.023217185927559253
article:0.0076087594395924975
very:0.008184237050626514
bad:0.01286667158096894
before:0.009982132709965466
by:0.004649931806653362
high:0.01313297570723719
strange:0.02064020202279213
