someone:0.3672430191105033
modem:0.7105617627558016
question:0.36383101389118405
pitt.edu:0.8229709373471006
subject:0.004449492815336383
mr:0.5628259463805689
