know:0.03427430904606394
all:0.026501884184619198
thanks:0.05537185124767119
where:0.10263648879076454
fax:0.08496231499676081
village:0.14440859731610167
global:0.14210312732801922
anyone:0.046469854156705306
hi:0.08752824055595568
modem:0.11842696045930028
price:0.17389690010244238
gold:0.14361865466830906
advance:0.08787503379657359
be:0.016068368253818646
get:0.07302077640506234
highly:0.1160187142891278
in:0.004935547274846957
for:0.009037468414224276
subject:0.0007415821358893971
i:0.010605483735855273
appreciated:0.09402116997711786
any:0.0284246462858002
will:0.03148070402509123
the:0.006281275083242108
can:0.04803144402431741
regards:0.1147046554725462
does:0.0338469115093757
answer:0.08434086228135712
by:0.027512096522699057
