some:0.019788760595480577
cable:0.07318046548117371
help:0.03627275796681012
tried:0.05250617039045205
printing:0.08236430136970672
with:0.019824656840323637
to:0.0023359307798149673
then:0.05409763897545095
laserwriter:0.2112604233856545
need:0.032562745618597226
account:0.06906405774114001
duo:0.09688077995721935
specified:0.08877847824632104
m:0.04640049871579905
a:0.009467824582009458
how:0.022294288088629224
driver:0.062369247431972745
stuff:0.04954943309616308
internet:0.04841582954431536
it:0.005811108978643593
not:0.01021881370467737
should:0.02784427359717762
university:0.03983627290845176
b:0.051879802483292235
sending:0.07694568634681284
saving:0.08947037645852876
print:0.07451462764160548
using:0.11208918196499597
now:0.02799854911658041
one:0.03333257314493635
use:0.028182703860124544
and:0.009706713927731946
subject:0.0004524907947799711
i:0.012942285236975928
the:0.0012775474745577169
printer:0.0736598674106412
does:0.041304705570763565
serial:0.07015793098075987
adapter:0.0847273443400414
iii:0.07835160300750352
hp:0.07331605942468347
says:0.04340723295639946
vacation:0.10019109779316453
