there:0.024152078567819667
with:0.015390194126040719
someone:0.05798573985955315
from:0.022278217221846724
to:0.007253679789951741
make:0.04631790745657115
could:0.03971339882436993
me:0.02851549158959328
best:0.12816716210323337
internal:0.10427808989790349
tell:0.06342171193743297
how:0.0346148157165559
drive:0.07431062496857864
have:0.013453963503885601
scratch:0.1483791521876333
available:0.07108062704774289
one:0.07762980850860177
in:0.00467578162880238
or:0.05323511508182252
for:0.017123624363793367
subject:0.0007025514971583761
welcome:0.11009521544108977
i:0.005023650190668287
suggestion:0.12179380644505387
cd-rom:0.1355724347445234
the:0.003967121105205542
do:0.01890310312911833
original:0.08121494771772314
is:0.007070332286596418
every:0.06400390860361568
