configuration:0.11858084936742086
thanks:0.049834666122904075
with:0.014620684419738683
1.0:0.13715978939578605
problems:0.06857683089729433
this:0.013124560959285476
on:0.025350441261964497
a:0.0034912603146159877
running:0.07568651031116755
lc:0.6486425065454386
video:0.08739277982162558
setup:0.1103438693391648
has:0.026619361847163778
his:0.046110726037631417
get:0.03285934938227806
7.1:0.14456643479936535
if:0.016753760494085234
of:0.004861014639143467
isaac:0.1551378560698662
extension:0.12659942273523758
system:0.05588055823106313
subject:0.0006674239223004575
i:0.009544935362269746
any:0.025582181657220184
would:0.023316241152609402
can:0.021614149810942836
friend:0.08682998549232016
an:0.02244745346404342
is:0.0067168156722665975
experience:0.0828055693698787
iii:0.3467058433082031
mine:0.08163097611999966
