at:0.005404693327941295
there:0.011261091847572362
with:0.01435159206845515
way:0.02125610821529501
c650:0.07614127905269506
setting:0.05278327432346756
lciii:0.03547642571763567
from:0.0051936948124550655
work:0.012423757447793275
both:0.013777325658332748
my:0.023318141382338682
adb:0.08127882917365438
to:0.0016910419142218784
keyboard:0.027882104515171754
software:0.01727476005203225
perhaps:0.017720622930307028
that:0.0021282492357943363
think:0.008832809984837762
control:0.018709412699024684
like:0.007145024929501063
movement:0.028879153162397368
nt:0.0043808500105671075
its:0.025372080442137058
happens:0.02292072094956306
anything:0.014240743253493275
re:0.0022941135139765063
this:0.0032207511556528773
off:0.01339544446598988
on:0.009331450771275274
machine:0.01995582425965857
them:0.008993001052345037
came:0.01851979590477268
a:0.0017135019949035522
same:0.011914683132077377
sorry:0.019493353894101992
cohen:0.037033361427918486
fine:0.019872126244911414
definitely:0.026109519902581493
exact:0.026202124971431096
turning:0.029099594936790395
panel:0.030248132004815832
no:0.006906415559401901
daniel:0.026248957025756685
works:0.018252306708900247
it:0.012620445266502037
have:0.0031365068291267046
centris:0.09289527344032439
plug:0.029099594936790395
interesting:0.04009846088247132
ve:0.011197139257837021
machines:0.02420826095021038
650:0.030965091146774797
suddenly:0.029897466889233327
mouse:0.18663512417542832
has:0.006532358735500313
switches:0.032918795018667645
without:0.01378656739142635
phenomenon:0.0681305639432226
noticed:0.04976936222275246
writes:0.004056824484770322
if:0.004111352268487174
of:0.002385774056021333
interface:0.025906132127631182
but:0.004081492161045462
again:0.0149807922583314
in:0.005450297604125475
thomas:0.022601257754779756
speed:0.06181224233532113
or:0.004136880108607886
and:0.004684630852647728
still:0.01252582259036532
subject:0.0001637850116074742
half:0.0232002667705093
i:0.007026946278971593
power:0.01657579926484995
normal:0.04628665858304961
the:0.007398802552039784
do:0.008813716796398733
an:0.005508577537188569
about:0.006043044051054427
is:0.0016482983244826006
either:0.015359280411738395
itself:0.020632244420824418
new:0.010576684447138324
hardware:0.021777184807819334
2:0.011953432834941158
change:0.018233184711107287
resolution:0.02740995088856974
article:0.004971367363905528
behaviour:0.032449223993377255
full:0.01895498456394634
occurs:0.02928954724110921
thus:0.02043776118329022
by:0.006076291256547031
mine:0.02003214137914102
check:0.020302524936120794
s:0.011419072653791749
