22:0.04208430909346214
above:0.0275015760619045
there:0.009270494803809572
11:0.039032471087069816
know:0.012463385107659616
forgive:0.05695361397101078
all:0.009637048794406983
with:0.0059073472402984585
much:0.017648453227878096
miller:0.04809793977309667
nubus:0.1803418213457699
such:0.019424416196644433
monthly:0.05541809672557012
my:0.009598123851821226
to:0.002784240727456224
been:0.014820609971933732
nt:0.007212914663863016
me:0.021890680412213027
carrying:0.046859532479234724
this:0.010605705825685234
mean:0.02670123289727132
he:0.01606195159111349
recently:0.03342738954128979
purchased:0.048352066638108336
them:0.014806658298305464
more:0.02568523284486315
board:0.03627471231671863
a:0.007053051140638359
hearing:0.0916127819216127
terrorism:0.05065441075978517
capable:0.044321002900639714
copy:0.034511231768316594
lc:0.15724666825343966
not:0.006090000086625909
has:0.010755297716025769
his:0.01863059637884098
asked:0.034063645441802334
pds:0.06053487677586843
if:0.013538392318452714
of:0.0039280926376916905
but:0.006720032547983943
year:0.02499758299201669
they:0.00942343055058327
called:0.027093479756128625
and:0.003856539540311009
for:0.00985905645188103
subject:0.0002696662312325081
i:0.003856539540311009
the:0.0022841000302698576
do:0.007255736554611078
quote:0.040757150631723124
wants:0.0355609612383207
friend:0.035082822421139456
here:0.018185867733569658
people:0.030409558385315505
17:0.03972023998465157
newspaper:0.049802479967525064
is:0.005427729836175029
deal:0.033296111027883935
today:0.028678043088872254
carry:0.03931775605993239
does:0.02461593564318233
goes:0.03255583026253209
adapter:0.05049407389962063
slot:0.051496649233917
e-mail:0.02777470481466936
iii:0.1400831690134154
before:0.021476709769925703
understand:0.030264214777127815
by:0.01000439873552693
says:0.02586895701441988
demon:0.05773703047955497
apply:0.040399555408986605
