some:0.011675368751333542
since:0.020008216234036813
at:0.008809650124544311
quadra:0.04967903079319881
versus:0.05412283603677719
wang:0.059929528008109745
means:0.02834595220438753
take:0.021257491303357034
c650:0.06205514242794648
mentioned:0.03515163618791838
post:0.05165155608862361
to:0.0013781991600908309
recall:0.039108552150730225
slightly:0.04329671656356051
been:0.014672403872214393
that:0.013876185017379073
nt:0.007140785517224385
bytes:0.05133570201208698
re:0.0037394050277817052
had:0.015344084856821353
on:0.0050700882523928995
used:0.019744635083368656
seeing:0.040082896654584275
inside:0.03754055527074187
a:0.0027930082516927903
was:0.008854611341013856
modes:0.04967903079319881
addressing:0.05388753106267525
course:0.02446151799900019
video:0.10487133578595068
it:0.01028566289219916
not:0.012058200171519299
should:0.016428121422334796
centris:0.05047309856924292
machines:0.03945946534884292
has:0.01064774473886551
adams:0.04633614249679612
erik:0.05552640961372642
be:0.005784612571374713
writes:0.006612623910175624
of:0.003888811711314773
what:0.018408842059932623
advantage:0.042633705765348105
commands:0.09678308193151149
in:0.008883985094724524
and:0.005726961217361847
subject:0.000266969568920183
i:0.0019089870724539493
faster:0.03900301027394332
the:0.006783777089901476
do:0.014366358378129933
just:0.02348777126931772
is:0.005373452537813278
new:0.03447999129767094
time:0.015795099699037137
dale:0.09651641131412218
2:0.01948409552095409
68040:0.06409113198035887
instructions:0.04832465108424777
rom:0.20156317431151105
words:0.03307859131507374
article:0.01620665760633202
s:0.006204362808560183
james:0.03459593767637027
