thanks:0.01434091111450477
graphics:0.02531468661971023
i.e:0.04970559707878278
your:0.009064260591232106
though:0.01788161296122791
meaning:0.028388104567512895
ca:0.01479531364095195
to:0.0009915101871157057
most:0.026713603798086877
software:0.020257452435116955
engineer:0.09622889222443046
that:0.007487150189233313
control:0.04387962978332408
nt:0.005137255767787328
database:0.036431488556902904
re:0.00269021944444727
scott:0.027496957217061198
cs:0.11041106295989984
programs:0.0254185764337735
joke:0.03531385949201685
these:0.011918244410783761
am:0.011757815515837163
etc:0.0334147336324926
vs:0.024579942050815415
more:0.009146899466336157
a:0.006028075363365734
other:0.009923079049150439
said:0.015766221788945555
part:0.017620302967001993
science:0.04865657879377432
college:0.02963680072351549
computer:0.1542850592900901
are:0.004625261738138313
not:0.0043374820760860786
systems:0.021585734678292164
whether:0.020557256006344064
machines:0.028388104567512895
between:0.016711265079470544
scientist:0.035470831056007054
be:0.00416159177796742
writes:0.019029133554462226
5000:0.12716237447351667
of:0.0013988531335664652
what:0.00662188563306929
but:0.00478621023201734
in:0.006391356183255053
processors:0.041357955685603826
system:0.0160807361816009
or:0.014553484698627741
use:0.011962442645664375
p.s:0.032624695720286534
and:0.0027467439891423733
word:0.022078248317722437
for:0.004681278603051424
seriously:0.027891752974081592
subject:0.0001920644380720741
flight:0.03382328666200268
car:0.022004628344484817
i:0.0013733719945711867
appreciated:0.024350806612778726
any:0.0073617788941640816
decide:0.029451132493617117
will:0.016306551725227113
suggestions:0.028467599791876817
than:0.010292095555535691
the:0.004338146820080881
devices:0.030537254989371643
major:0.02357142426415678
once:0.019302382697301484
an:0.006459698838573646
just:0.00844883858608551
makes:0.02009336605936672
people:0.021658606331987303
about:0.007086447340445119
is:0.009664482981678556
write:0.02341132320134902
advice:0.02798458322469963
engineering:0.027818341677864025
professor:0.03686763691529452
words:0.023797547708686147
article:0.005829732951917993
difference:0.06921914777340403
mike:0.045977151495794295
mine:0.023490928379856016
while:0.031227949724870828
main:0.026751201522495167
