replacement:0.04408772878645181
at:0.007865759039771705
out:0.010519438384646963
folks:0.0330644272347748
computing:0.038950548921241446
there:0.008194455228367387
all:0.008518462773627599
your:0.011249394840904129
with:0.00522167300704953
o:0.031258740926784656
service:0.0975694079056699
work:0.018081004142770567
dealer:0.03948719110043524
to:0.0024610699287336262
t:0.04600487598215075
been:0.013100360600191421
that:0.0030973627270935427
jeff:0.07527641587197136
think:0.012854893102933529
13:0.10547513985178024
r:0.055361067263020175
re:0.003338754489090808
this:0.009374686399489624
ti:0.03382733085938985
getting:0.02421608546629184
on:0.013580593533195264
you:0.014887472930590763
fix:0.038839633564111464
them:0.01308802831725215
a:0.004987514735165697
was:0.007905902983048085
bring:0.03386934774365246
are:0.005740280192868085
missed:0.03880296586810563
it:0.01224483677642757
not:0.005383125076571115
have:0.0045647376173897575
date:0.03194463562306538
after:0.034450244422588414
free:0.07734395877119828
heard:0.024130779994820307
without:0.020064379328593705
writes:0.005904128491228235
if:0.005983485890744726
of:0.0052082299705108566
monitor:0.03345782000079293
oregon:0.05243579008007956
year:0.02209607782330046
they:0.008329639504533425
up:0.01199518187814629
in:0.004759277729316709
replace:0.03925324134691717
force:0.03191075106084617
and:0.003408905486524909
for:0.011619602246859784
subject:0.00023836568653587764
i:0.0017044527432624546
we:0.012033427729589017
monitors:0.0824527451572827
will:0.020237595444701505
the:0.004710956312431581
putting:0.03589334381283941
got:0.03950274681483168
apple:0.03386934774365246
problem:0.018888975821835574
just:0.010485612173802552
is:0.0023988627400952133
deal:0.029431383855004545
today:0.025349341658913865
center:0.02916634672743579
notice:0.03605326280004057
article:0.007235115002826795
u:0.03376467396065192
