another:0.01928265504685721
bbs:0.07038335046531585
know:0.010729348918767843
all:0.008296242005619923
thanks:0.034667593824628924
with:0.00508545545034389
user:0.0657677127581394
someone:0.019160505344895825
to:0.0011984340522528964
ms-dos:0.04504053311659971
appreciate:0.033384463786212994
that:0.006033123920599597
technical:0.03336301950364609
esp:0.04627227674323472
nt:0.0062093787106299
could:0.013122688307183107
me:0.009422510264387346
greatly:0.033938514346092186
bus:0.035191675232657926
you:0.00966606938102125
specs:0.1264144729240935
speeds:0.043265790887525656
am:0.014211620493055353
etc:0.020194121630071615
trek:0.05175026177748179
m:0.01190273662709628
how:0.011437939106340212
following:0.023802732809041403
fine:0.028166578938439654
patrick:0.039874826352115235
files:0.028776622300762514
internet:0.024839425592300922
d:0.015842123672843787
hoping:0.04162482258411065
it:0.008944054688868833
systems:0.026090583654631398
only:0.011595967289298145
date:0.03111129730246368
against:0.02246331123615519
register:0.04504053311659971
call:0.023103966069553977
free:0.025108763427171613
pentium:0.05573141911335554
if:0.011654789908928858
whatever:0.028738787641333592
of:0.0016907877005716404
intel:0.04396181443251294
macintosh:0.12249406762715424
windows:0.023888758099334797
one:0.0085505296328315
in:0.0015450408860390476
star:0.039920234560646986
battle:0.04184923896633563
or:0.011727155786140614
blues:0.09609760502582125
and:0.001659988758655608
risc:0.051929559927070795
wpi.wpi.edu:0.10213579980815497
for:0.011316482188246052
subject:0.0002321474512349417
costs:0.03579350134725074
i:0.004979966275966824
info:0.10244853771799643
any:0.008898150141641803
yet:0.022870162979879684
cost:0.028878326994355486
the:0.004588061799933366
can:0.022553895454896868
fan:0.034778747699910205
people:0.013089331652809717
warning:0.03730557232695144
interested:0.02501805404708626
win:0.029473699161985577
estimated:0.04852539587373668
2:0.016942691757351382
run:0.02327682111641213
1:0.017030642538475728
68040:0.1671942573400666
e-mail:0.023910398057845797
release:0.03455481295119355
give:0.020549880620487015
s:0.00539509809440016
