laser:0.20422741582965534
pc:0.06943420962495589
to:0.0057424965003784615
line:0.058829244766791425
bare:0.1239850021752168
two:0.03884977984694399
etc:0.04838174973871324
3:0.04878054051328374
more:0.02648789637126512
a:0.008728150786539969
mac:0.07148504447523199
have:0.0106510544405761
network:0.1530620695845657
be:0.02410255238072797
minimum:0.10211370791482767
printers:0.23556023585394195
of:0.004050845532619555
what:0.0383517542915263
macintosh:0.09782512345224123
networking:0.12821293642514783
required:0.07797461355210351
for:0.006778101310668208
subject:0.0005561866019170479
purpose:0.07835169775301222
create:0.15845190380181745
i:0.003977056400945728
the:0.001570318770810527
would:0.03886040192101567
including:0.06624932721937979
general:0.061425632564323984
questions:0.12600734738522965
printer:0.09054025369224647
2:0.040591865668654345
primary:0.09586152890544564
approx:0.12047202899947113
1:0.04080258108176476
by:0.02063407239202429
