re:0.05342007182545293
system:0.319317475606075
subject:0.0038138509845740422
the:0.010767900142700756
dead:0.49018316211587654
news:0.8768218617609767
