screwed:0.06569520772187645
some:0.028828070990947013
believe:0.026823109633707903
quadra:0.06133213678172692
differences:0.05654827424217466
with:0.014440182142951785
my:0.011731040263337052
to:0.0017014804445565812
segment:0.0739870716149503
that:0.004282773153512059
problems:0.03386510167767621
duke:0.15670599607542104
den:0.08453540899959311
anyone:0.020653268514091248
fixed:0.05598558895209664
this:0.012962529342504173
ti:0.04677359328705756
getting:0.03348397002746526
unix:0.04892058538420164
on:0.0062593682128307395
intensive:0.07452392484877424
a:0.0034481583354231977
was:0.01093161893952328
standard:0.03758079679583008
also:0.018314779403451435
nc:0.06466580514238199
not:0.007443333439209443
have:0.006311735964785838
domain:0.055101272209636704
uucp:0.05226701984365523
university:0.029016544464180907
site:0.04821684194368649
robert:0.03944953122170004
details:0.04709656644802882
which:0.015949288055771824
sort:0.038734090218037406
g:0.08728399903732104
floating:0.07056748169723384
writes:0.00816373322243904
of:0.004801002112734288
what:0.011363482753044829
up:0.016585930498177588
david:0.030820311596845604
errors:0.15903793768984492
in:0.002193576566598648
cpu:0.055215584869053945
point:0.0271794563118526
sensitive:0.06596655224926874
system:0.027595337398055864
use:0.020528142317868495
and:0.002356774163523394
subject:0.0003295920603952876
gregory:0.13193310449853748
program:0.03427942509116142
the:0.004652796357957117
an:0.011085162204465884
disclaimers:0.0674206638005821
is:0.009950838032987552
having:0.03230730114099212
lot:0.030599424546486304
maps:0.07347259388160995
950:0.07372715298287828
calculations:0.07250380850578901
bug:0.061238252838699526
strange:0.05427608680067559
