keys:0.030496845175926077
another:0.00862842541007229
sent:0.014310048826029622
go:0.007569775298809834
cable:0.016800184682448437
know:0.004801070527853314
all:0.0037123261892851797
startup:0.02105946927501058
send:0.01141380202675573
tried:0.0120539457316602
technician:0.02292551238887006
your:0.004902460008487403
with:0.013653557434775424
way:0.006740750270609118
option:0.03261176048445434
meaning:0.01535387756764316
lciii:0.022500612420134684
from:0.0032940554647088545
work:0.00787965939295838
turn:0.013313144493052589
my:0.007394663512298064
adb:0.02577519290915499
to:0.002681321323133912
receive:0.016663108060332707
remember:0.010827330881405571
line:0.010987563224926026
otherwise:0.013826400123004031
connector:0.02049956974325934
day:0.009896120761723238
keyboard:0.15915582616247845
mail:0.011923406633602552
that:0.0013498234452703377
technical:0.014928977598907782
nt:0.002778515765456959
12:0.013826400123004031
happens:0.014537266594469956
me:0.016865193469331435
anything:0.009032066732760326
re:0.0014550214115882122
happened:0.01312179338030518
anyone:0.006509395913001522
phone:0.011429366249842681
had:0.0059704610337826276
this:0.0020427332232350933
recently:0.012876698694893732
on:0.00591839095610066
set:0.01030900616391409
you:0.004325283964270209
tell:0.01875505878305411
am:0.012718570869271327
them:0.022814928739801416
support:0.01065741754682298
3:0.009110762430496574
m:0.005326127284498335
a:0.003260320916372907
other:0.0053669571510969296
same:0.007556783465091877
running:0.01178000160485098
worked:0.029915671911084435
said:0.00852725614265927
fine:0.01260372209307611
are:0.005003201413239109
annoying:0.020266036631484036
works:0.011576365733660467
terry:0.06317840782503174
it:0.010672542559999127
not:0.0023459533407625094
dip:0.02331888249342792
should:0.006392265144877353
have:0.011935811980100845
centris:0.01963933796468596
shift:0.03771119166347796
try:0.009480115456589076
doing:0.010430750603756091
command:0.032033094590924786
switches:0.02087845754102267
free:0.011235438887644885
joshua:0.023001069143177847
writes:0.002573005412519698
down:0.018399732116366987
7.1:0.022500612420134684
if:0.005215178363917582
trying:0.010491549506102708
gotten:0.016769303166511724
key:0.012474094829714302
what:0.0035814867820880593
but:0.0025886506702350594
using:0.008577511979163116
well:0.013096248328041593
they:0.01089011234833942
david:0.0097137947056206
over:0.007805216935872988
in:0.00207408212328199
610:0.021713698542722638
weeks:0.014165622121918717
message:0.012635485947703196
and:0.008913558314960074
still:0.007944393316068277
for:0.002531897765852716
subject:0.00010387920969656924
however:0.009327233090260362
i:0.008170761788713402
info:0.011460682721371197
held:0.015818864121783568
similar:0.012314234583138914
program:0.010804021137681226
cost:0.01292220857724078
cs.uiuc.edu:0.043537783349974116
the:0.005572493069957979
do:0.0027950113576128274
when:0.00508822740406123
disable:0.022707265436920476
around:0.009210873280753446
got:0.008607602418796009
because:0.013733247462214116
did:0.006396541025069904
may:0.007241344464746424
bought:0.014253244159021248
an:0.003493767076115707
problem:0.024695314693139115
during:0.011394433890281986
btw:0.014598406694332043
about:0.003832747783353586
hold:0.013501091879159611
is:0.00209083756335147
desktop:0.05844535208836057
new:0.013416339026331105
else:0.009830942511043023
right:0.007548146279339687
time:0.01843785957086047
extensions:0.04500122484026937
their:0.005889819527555308
experience:0.012888026361070615
first:0.007305660814751133
nothing:0.019882147871602404
article:0.0031530462269128445
very:0.00678304471511069
little:0.009125831524896749
give:0.00919547187298057
checked:0.017512708757028102
seem:0.010738181147454232
strange:0.01710647093717791
s:0.002414148952747153
news:0.011941153759390734
