since:0.00939352874837409
iisi:0.025299310358063497
there:0.004308821528531208
pioneer:0.028893056095807966
know:0.0057928409655319335
happen:0.015876207634588337
50:0.016202738446612353
situation:0.016545222013026283
knowledge:0.017355733074423174
with:0.024711015920685097
mathematics:0.024982684626629073
into:0.00840753006095017
someone:0.010344873777760657
work:0.009507382460048374
added:0.019641399937847005
my:0.013383299455356356
to:0.0019411255775927195
mhz:0.044367198029148146
earl:0.053978928077924246
ii:0.017236618803333888
software:0.013219652058597448
sooner:0.02563884398050306
that:0.0032573204266148057
problems:0.03863483430833484
mi:0.025033994816921045
grand:0.023543599367224093
nt:0.0033524814634856267
anything:0.010897845776147436
re:0.0017555892149209884
so:0.00959446570314479
040:0.08566056742010522
this:0.004929412566867784
path:0.02082595601437049
best:0.011432751549114715
etc:0.010902929518583265
card:0.02874092344144828
bill:0.014532928993857828
m:0.006426360150779681
board:0.06744031022263182
a:0.003278178699169941
as:0.0037564045080611193
finished:0.023217185927559253
iici:0.028893056095807966
se/30:0.08938863156414863
let:0.010822242923722183
assured:0.027068370697724477
video:0.016411789637863956
college:0.019340447420510106
lose:0.01974059029665393
no:0.005285191249683145
works:0.013967727669252302
d:0.025659777779958245
it:0.003219299809764995
not:0.008491690261633308
have:0.004800475240823032
plug:0.02226870410655791
probably:0.022415246150509
buy:0.01411662500114538
kind:0.0129367450561646
has:0.004998941191955639
25:0.017266115250185975
free:0.013556374620303922
anybody:0.014270399741374156
be:0.00814734164982354
pds:0.028135928642305047
writes:0.0031045182676880862
were:0.007283114072639902
7.1:0.027148626253401944
if:0.0031462461021756305
of:0.004564332994500907
interface:0.019824880454478323
department:0.016282044989168715
seen:0.012171196669588512
available:0.012681050834808591
but:0.009370186228879017
released:0.040616408507571124
version:0.014650096749603684
again:0.011464174357314639
well:0.007900788310579084
they:0.004379904340411942
in:0.0008341770041994858
cpu:0.020997475936119107
requirement:0.025033994816921045
leaving:0.021728472511324166
or:0.006331562983127562
recommend:0.02059990275663536
use:0.007806476656090836
and:0.004481190310924764
for:0.009164756701748563
subject:0.00012533782578412345
until:0.013432702935984244
i:0.0026887141865548584
news.udel.edu:0.02723027762763607
power:0.01268476657357062
socket:0.025879657569177004
any:0.009608331138862041
will:0.01064136474087591
later:0.01500193440825213
the:0.0053081197886553026
compatibility:0.05352080447069954
waiting:0.041080190247754944
upgrade:0.06228965356688376
when:0.006139316633069183
reports:0.018564424620601653
may:0.008737209049013291
an:0.004215484218599703
just:0.005513561330825756
cache:0.0227824780081798
many:0.008700474307878374
about:0.004624489109492355
is:0.00630686917583718
ethernet:0.024498251592660853
cards:0.01847426039601926
3.0:0.021703026185177034
patient:0.023619324165016973
else:0.01186174753679839
turbo:0.046646977270609215
questions:0.014198010972983623
does:0.011441209524296012
68040:0.030089733324112147
guess:0.014066466023172082
accelerator:0.02488171652700014
slot:0.02393506231998959
article:0.0038043797197962487
going:0.010224486779575975
buying:0.018832009038673787
s:0.005825692777990782
