true:0.09935695354453257
thanks:0.03833435855608006
own:0.043586358375922986
lciii:0.333614849536997
powerpc:0.25181782832756555
that:0.020013728390450587
this:0.01009581612252729
hi:0.06059647423104625
recently:0.06364060701130171
a:0.005371169714793828
same:0.03734794904862716
as:0.0153868107734042
rumor:0.10651990979455506
chip:0.06216162226544758
not:0.011594423241845479
interesting:0.0628466261907964
has:0.02047643219012598
heard:0.15592196304345432
pds:0.11524909232328798
joshua:0.11367836095762898
david:0.09601712459017285
in:0.003416917344124817
and:0.003671128985488364
for:0.0062567089021552695
subject:0.000513403017154198
i:0.014684515941953457
the:0.005798100076838869
an:0.03453454379083603
is:0.015500343859076764
slot:0.2941250927398721
built:0.07100956988605296
