some:0.010241551536257491
at:0.007727763267144132
know:0.021646932029093013
all:0.0167380321166016
own:0.019881496803052588
with:0.00513006470868024
missing:0.07574820111209207
from:0.0074260724072822415
ship:0.04495264501075384
both:0.01969915861673893
t:0.022598886447372298
bruce:0.08081856911738743
that:0.003043023030126989
indeed:0.032353002706180835
anything:0.020361764476485997
re:0.006560359697862641
040:0.05335000251603044
he:0.013948536908072238
something:0.01746194137862739
you:0.00975085946331091
assume:0.030451653993764705
europe:0.07215790560609575
vs:0.029970280219853877
m:0.012007146597509403
a:0.0012250036191635044
shipped:0.09815096772757322
usa:0.03197036566691864
definitely:0.03733203284316477
also:0.013013132734031284
are:0.0056395735228177675
no:0.009874962598092191
model:0.03209606589108377
it:0.0030075037696488767
not:0.010577368571508155
ones:0.029759912108568914
have:0.0089693090025904
centris:0.13282394360327082
650:0.22137323933878472
per:0.06204956343110556
hm:0.04677404294740511
has:0.018680253927834227
without:0.019712372673706097
writes:0.01160109457925548
of:0.0017056191716292863
but:0.005835817739038686
least:0.021119845462337562
one:0.00862553427873353
in:0.006234375505069841
or:0.0059150127868691695
repeat:0.041240674087880465
and:0.006698200254224383
i:0.01172185044489267
fpu:0.24600850429490234
zealand:0.047795186384636784
the:0.005289494806940722
maybe:0.023227307739844945
bought:0.03213231358656544
here:0.04737897120061568
is:0.0023567774288654727
ethernet:0.09154609805678529
new:0.015122803200732867
right:0.03403287006649648
does:0.0106884983713818
smith:0.03454156626724967
sold:0.036022176360016145
models:0.03915090393842608
s:0.010884847032561724
