interior:0.16454721060210806
longer:0.09982973554041692
to:0.00405352694144362
pin:0.14333197361603037
that:0.010203077218661082
its:0.06081836929512265
re:0.010998250081710898
so:0.030053252864262355
had:0.04512966134359221
on:0.014912024271743821
fix:0.12794232232883776
support:0.08055753851569135
a:0.004107365076018809
andrew.cmu.edu:0.11984645313903707
no:0.03311016871125029
it:0.030251949682938706
probably:0.07021246220674142
against:0.07597884682817196
robert:0.0939827067340501
down:0.06954016402803406
subject:0.0007852046144711264
i:0.005614667860158675
similar:0.0930811261137265
the:0.006650761852844586
push:0.14116692016475843
problem:0.06222250858957601
just:0.03454084010193782
is:0.007902136085019527
blue:0.11754887139597966
little:0.06898055005583718
