read:0.039086259687895204
my:0.01638300450569485
to:0.004752410896864934
ii:0.06329999663982962
that:0.0059811142316289105
me:0.01868256345525077
re:0.0064472500478994915
mean:0.04557624235913552
something:0.034321746847646946
on:0.008741531469642929
modem:0.22051916775180053
a:0.004815531468435845
want:0.03263099944331348
jt:0.11165180297473376
question:0.03763769109219146
no:0.01940940924452603
have:0.00881466574392505
plug:0.08177989611546266
device:0.0692095652570832
writes:0.011401075707199351
print:0.0757993626009435
port:0.14378541846032897
one:0.01695363634095901
in:0.009190329408335715
and:0.0032913570214723265
subject:0.000460292360207212
each:0.043896713747596815
i:0.009874071064416979
the:0.009097019086074777
thing:0.03903331784698201
magnus.acs.ohio-state.edu:0.0793336790941619
eric:0.06875911172963113
an:0.01548100238899546
just:0.02024807868044631
is:0.0046322866705286875
time:0.027232930515581268
printer:0.14985973024923555
does:0.021008427833405608
article:0.04191376967154833
says:0.04415563352461324
