some:0.026534928980303504
looks:0.0777978516903157
at:0.02002193210123707
investigate:0.12848740137487744
to:0.003132270818388252
that:0.007884196032601746
like:0.026469069625197118
me:0.024627015463739653
re:0.008498647790412968
duo:0.25981663715799735
file:0.06905649732860021
this:0.023862838107791773
you:0.012631795213834588
crashes:0.13222156163149734
want:0.04301359017527685
fixes:0.1318192985156019
not:0.013702500194908294
have:0.01161933211699211
kind:0.06262560674916046
of:0.008838208434806302
but:0.01512007323296387
version:0.0709197865378542
230:0.13222156163149734
one:0.022347975176718694
point:0.050034908210455926
rep:0.12498397683334884
system:0.05080050748278466
subject:0.0006067490202731432
i:0.004338606982849885
eng.umd.edu:0.13304809899901723
do:0.016325407247874926
may:0.04229603471454161
an:0.02040677587640311
apple:0.17242577033132162
problem:0.09616205872934475
type:0.07364801159844765
told:0.07045954015293478
bug:0.1127340563621514
s:0.014100824564909508
