iisi:0.038768007958759176
report:0.054614794582370584
week:0.024804595715148082
at:0.006337877787441951
fast:0.02504890593487797
there:0.006602726514943507
final:0.027745671922565433
with:0.004207391199924801
user:0.027206068227287883
damage:0.0320105960875444
nubus:0.042814964779930985
into:0.012883481316420047
carson.u.washington.edu:0.03956327324221114
to:0.006940571309809939
mhz:0.06798714518135651
clock:0.061728644857545555
guy:0.04872418340933626
think:0.0103578994786227
quite:0.019109348072729508
higher:0.026704128870776205
arrived:0.0379766346118935
hot:0.030097972566628863
seattle:0.035009832087053654
re:0.00269021944444727
exactly:0.023139443548719486
on:0.0072950910106372654
used:0.014204773441272415
speeds:0.07159087700813598
m:0.00984758785695016
board:0.025835946182411113
a:0.010046792272276223
kuo:0.08928797471646975
was:0.006370223986340904
running:0.02178029073702663
definitely:0.030617638446912114
results:0.02635312049545655
no:0.008098890188363381
sink:0.042250420783949
d:0.013106792966741262
it:0.0024665858254674243
not:0.0043374820760860786
reported:0.029707680554040748
have:0.0073561239301820555
made:0.016730788143294973
due:0.047699891869042915
trial:0.03373963171239751
ve:0.013130458266384419
call:0.01911479207193315
be:0.00832318355593484
which:0.00929418944257207
pds:0.04311476835115809
were:0.011160455377498555
of:0.004196559400699395
iron:0.038852152129717384
62:0.041726972191989085
si:0.038937292112789346
shack:0.04100694731028418
in:0.0012782712366510107
cpu:0.09652796491496482
system:0.0160807361816009
speed:0.024161619905653103
and:0.005493487978284747
completed:0.038684836574578774
for:0.004681278603051424
subject:0.0001920644380720741
until:0.02058392608176003
i:0.00824023196742712
top:0.02432828939688716
the:0.0037958784675707702
waiting:0.031475109794143176
upgrade:0.03181701728955933
putting:0.02892125544631665
would:0.006709709684204145
radio:0.0258082759767458
reports:0.05689528696673601
last:0.015684622676687035
an:0.006459698838573646
locally:0.04409732615695486
upgrades:0.04198393681502563
problem:0.015219894187378305
just:0.00844883858608551
here:0.012952524500887743
including:0.022877465514605972
is:0.0019328965963357116
cards:0.02830947816080649
touch:0.034346735253962604
90:0.029006902226937643
poll:0.041726972191989085
too:0.014046891135715804
nice:0.022731938537804017
successful:0.03448377262785249
delivery:0.04024895798900485
needed:0.02399872438946778
happy:0.02732442509701454
