expensive:0.016397112526869997
believe:0.008796242430487208
at:0.0035666599694511377
there:0.00371570439504918
know:0.004995445852867619
all:0.007725245592277661
servicing:0.04682313677712238
happen:0.013690818729422329
swap:0.021543772572761105
hand:0.012782345973492605
your:0.005100940170774343
whom:0.017037695543934344
with:0.007103166519711102
way:0.014027310279729095
option:0.01696603733705418
c650:0.025123539444512743
someone:0.008920883055315871
such:0.007785494750881776
from:0.006854836068260531
adb:0.16091233791869228
to:0.0027898768422891314
might:0.008611680712058485
been:0.017820733448033674
that:0.007022360838754591
problems:0.011105559659480863
nt:0.008673018846831236
responses:0.017959225226967263
me:0.0043869987060912745
seattle:0.039403778624295206
re:0.00302785832209045
so:0.004136885009655547
had:0.018636540311928768
this:0.006376304919490919
mean:0.010702113590404294
blow:0.0197299072993726
on:0.008210669234644372
you:0.018001586701497065
fix:0.017611493761864307
sure:0.008834186316434022
board:0.01453925716338115
a:0.002261545143071085
other:0.005584242865716238
said:0.008872489184872195
worth:0.014231431655027684
scsi:0.03425078782293897
logic:0.033625432778922854
wa:0.02030278002112847
mind:0.012265812967652378
are:0.002602880087454354
no:0.013673025135819958
play:0.012963231711661707
it:0.009716550640404064
not:0.004881862417619149
should:0.013302122609177973
couple:0.02555458943040096
have:0.00620952161717797
boards:0.018940544245334083
probably:0.009664873340199224
only:0.010797864277484102
interesting:0.01323086867174661
ve:0.022167615777661145
gordon:0.03632804961821069
university:0.01903109394007007
has:0.004310827829500206
danger:0.019843959432841007
macs:0.04282772073619832
heard:0.010941892143400302
floppies:0.02276758177062723
anybody:0.012306053218270021
be:0.004683896818926893
asked:0.013653040075864093
sort:0.012702272500651944
writes:0.00267717567213588
get:0.005321352126684706
if:0.010852638376735373
of:0.005510461939110002
lawrence:0.019203376415776657
safe:0.016812716389461427
but:0.0026934543410947784
parts:0.01477204458063304
years:0.0180548617245376
ne:0.02320739489209604
they:0.003777002528371432
who:0.01047006375897853
rf:0.022212111643042272
one:0.003981015820953937
damaged:0.022950255597673667
in:0.001438702039631502
our:0.0090274308622688
yes:0.043187787376581195
and:0.004637215560616881
for:0.0026344037482759026
subject:0.00010808484571667326
cause:0.025534422132324427
i:0.005410084820719694
power:0.03281605603446002
rare:0.02053609626743064
pay:0.013493287700396287
filter:0.021165910468339166
the:0.002136142133572215
do:0.005816339424344103
thing:0.009165718360829784
risk:0.017368991164370105
devices:0.05155479890918208
around:0.019167566260353326
can:0.01400106870344475
major:0.013264890577804826
may:0.0075345163054244164
apple:0.015357760920198686
just:0.004754609568687797
people:0.006094223239162418
hit:0.014492721214289106
is:0.005438717143535707
number:0.010130626916590113
repair:0.06213416093694768
suite:0.02141386036809916
multiple:0.017384713836541752
addresses:0.01951101166669942
does:0.009866306188967815
trouble:0.015444623005224027
206:0.023481980302374424
too:0.01580986127825503
e-mail:0.011132371565393791
article:0.006561399840620251
behaviour:0.02141386036809916
supported:0.017695666918419263
by:0.004009860221931847
seem:0.011172925323464526
especially:0.01265301905869369
dangerous:0.017023262077681324
s:0.0025118877767450133
