believe:0.015630732952016838
at:0.006337877787441951
there:0.013205453029887014
know:0.00887679946516764
all:0.006863797342779074
vertical:0.038852152129717384
sector:0.03836144529499412
with:0.004207391199924801
though:0.01788161296122791
companies:0.028608865795595226
lciii:0.12480555522247369
my:0.006836073822520153
to:0.002974530561347117
important:0.02260697333074261
that:0.0024957167297444374
problems:0.059203019479678556
like:0.016757396597247096
nt:0.010274511535574656
its:0.014876435654922087
sum:0.039947057276062174
re:0.00269021944444727
fixed:0.032624695720286534
had:0.011038909968936224
something:0.014321304440025344
on:0.0036475455053186327
concerned:0.028963951385308124
apparently:0.027256554361522755
m:0.00984758785695016
a:0.003014037681682867
hard:0.03890983313058287
was:0.012740447972681809
as:0.0115124339599571
shipped:0.04024895798900485
drive:0.06094540465048896
160:0.12518091657596725
far:0.01790919476346332
computer:0.03857126482252252
are:0.004625261738138313
no:0.016197780376726763
meg:0.06698869923280976
d:0.013106792966741262
drives:0.029115414760832098
ve:0.026260916532768838
between:0.016711265079470544
second:0.019781984004692565
quality:0.02765585496816079
has:0.00766024801357231
be:0.00416159177796742
even:0.012080283796877884
hd:0.06415259481628698
up:0.019330365041041506
one:0.007074179192630378
in:0.003834813709953032
or:0.004851161566209247
and:0.006866859972855932
for:0.002340639301525712
subject:0.0001920644380720741
half:0.027206068227287883
forth:0.03552392535311226
i:0.006866859972855932
back:0.01515364546811178
cd-rom:0.0370629677718841
horizontal:0.038937292112789346
any:0.0073617788941640816
quantum:0.037263750420208394
mile:0.038205042513437246
the:0.0032536101150606603
do:0.01033550962455391
original:0.022202647577507048
ibm:0.0283486839505012
got:0.015914775695183986
leland.stanford.edu:0.03631158170449131
lane:0.03956327324221114
ends:0.03403678139686683
put:0.017895390644221434
an:0.006459698838573646
just:0.00844883858608551
finally:0.02616204658846119
about:0.021259342021335358
is:0.0077315863853428465
switched:0.039198929840637366
new:0.024805749135015064
else:0.01817663471466228
right:0.013955925135182012
life:0.020074671606393597
position:0.04953730873686636
supposed:0.026249604398678857
difference:0.023073049257801344
side:0.023168086896195636
bad:0.03943310858627891
everything:0.022227787654124125
