looks:0.013747411543670242
sleep:0.01977156416342533
at:0.003538012098210566
corrupted:0.02406808353739347
there:0.003685859379827901
know:0.009910643579584752
thanks:0.008005568855084992
with:0.004697408648912027
from:0.003399888572008737
post:0.010371798411370202
my:0.0038161215314469928
to:0.0033209618315441706
then:0.006409158031228125
fails:0.019224315651296082
wake:0.02193202316404478
owners:0.017339949652165655
software:0.01130837706217372
bruce:0.055501908911940775
make:0.0070685963186735085
that:0.0013931912668051277
problems:0.011016358377075392
technical:0.015408623465539357
memory:0.01358085231392496
control:0.012247527188518166
bit:0.010944113245203613
appears:0.04699157864330521
like:0.004677265315295876
me:0.008703523537385901
australia:0.018630898455599343
need:0.007715670648583277
account:0.016364575930631564
re:0.001501769087462532
duo:0.11477843408586227
anyone:0.013437066262179848
had:0.012324566150057309
this:0.006325089618932759
reset:0.02235515776508023
on:0.010180900105206624
you:0.006696373366370143
machine:0.039190353666558396
etc:0.009326602359270022
why:0.007147480241582354
a:0.004486760243683196
same:0.015599143377739858
crashes:0.02336445265777463
was:0.0035560688116521508
running:0.012158475551994785
standard:0.012225078475751954
let:0.018515162592392165
fine:0.013008660955504257
straight:0.0160508499094912
are:0.0025819734200852426
no:0.013563201640753132
internet:0.011472023867930144
it:0.005507717746826859
not:0.002421325335646445
have:0.012319291883075973
try:0.009784697479290732
only:0.005355567221965006
properly:0.01729223347591364
ve:0.007329854212961583
university:0.009439116873890175
recovered:0.024154453839485692
second:0.011042954926314323
after:0.007747846135200607
b:0.012292804604474865
open:0.013272934051218323
usually:0.013243978884283586
screen:0.03002656361530962
be:0.004646275157730693
which:0.00518832262055228
charged:0.02115819045790221
writes:0.0026556722530825796
battery:0.07571408333490698
7.1:0.023223523662548647
if:0.0053827342952884275
of:0.002342657657418538
even:0.006743612240024199
key:0.02574973792157892
what:0.003696554630508559
230:0.09345781063109852
lines:0.014189486442949864
pattern:0.020917154274262637
easy:0.0133079580893928
virtual:0.019830624996315674
who:0.005192983430658025
up:0.010790846348211924
now:0.006634194368988932
clear:0.013243978884283586
one:0.0039490397902635435
in:0.0007135730999778733
fully:0.016858046204328493
system:0.017953593005964056
or:0.005416156286771769
and:0.006133291799048832
for:0.002613243878811839
subject:0.00010721669434545499
i:0.005366630324167729
top:0.01358085231392496
back:0.008459263936014205
horizontal:0.02173607872962939
power:0.02170164883671118
the:0.005146104887475462
wrong:0.010616152838674137
see:0.007105966913297896
when:0.021006818358935513
hello:0.015539320444384623
can:0.010416457740213415
forward:0.0173720783375756
apple:0.0457032162323985
problem:0.04248123076396756
here:0.007230525725395164
people:0.006045273654912118
bar:0.020237266497139663
many:0.007442574407944149
about:0.003955888274385026
press:0.014407029561315928
is:0.0043160261347897815
broken:0.018037117546365326
new:0.01384738606332166
else:0.010146796085695006
hardware:0.014255747484636752
time:0.012686827067499707
extensions:0.023223523662548647
stock:0.01995141798923647
too:0.007841437220339344
image:0.014863706814994685
words:0.01328457482533082
although:0.012689716693794208
repeatedly:0.02107622711801784
behaviour:0.02124186148964053
ac:0.020653092516982392
occurs:0.019173478716067473
close:0.013955474763737109
going:0.008746247727107158
understand:0.012032760092111057
checked:0.01807536606649085
bug:0.01992087742945647
vacation:0.023740059316452636
s:0.00249171197130931
