know:0.04569907872808525
all:0.035335845579492264
versions:0.16446011187587975
liu:0.2298338608442462
to:0.005104441333669743
need:0.07115562931471245
88:0.18543772205813167
steve:0.11878347580868098
it:0.01269834924962859
drives:0.149890468583543
what:0.03409044825913449
version:0.11557298546909572
shipping:0.1519743514941407
title:0.1555997530215896
in:0.006580729699795943
and:0.007070322490570182
subject:0.0009887761811858628
i:0.007070322490570182
44:0.16832529762862947
the:0.00837503344432281
current:0.11712021199003028
is:0.009950838032987552
rom:0.37326513761390934
says:0.09485284238620621
