with:0.023393095071581892
from:0.016931445088603513
ls:0.24421723136950657
my:0.019004285226606025
to:0.0055127966403633235
then:0.03191760699551607
me:0.021671773608090895
on:0.040560706019143196
you:0.011115979788174437
tell:0.04820050107244905
used:0.03948927016673731
deskjet:0.6316739877904872
how:0.026307259944582488
want:0.03785195935424363
old:0.05295826164684648
not:0.012058200171519299
7.1:0.11565314783949228
but:0.013305664445008206
print:0.08792726061709447
please:0.0383083071381051
now:0.03303828795756489
system:0.0447044465848505
use:0.09976677166484088
subject:0.000533939137840366
i:0.019089870724539493
the:0.001507506019978106
thank:0.0726098861353903
can:0.034582639697508535
is:0.005373452537813278
japan:0.10359322616817933
update:0.08683684383952611
by:0.01980870949634332
hp:0.0865129501211265
