basically:0.05945767497345282
there:0.013905742205714356
all:0.014455573191610473
thanks:0.030202827953275196
with:0.008861020860447688
much:0.026472679841817143
response:0.053206038676171845
my:0.014397185777731839
via:0.05179138452447947
to:0.002088180545592168
appreciate:0.05816989902143173
problems:0.0415617156953299
think:0.02181436405346296
so:0.015481978748256365
anyone:0.025347193176384716
040:0.18430000869174154
had:0.02324861341942629
this:0.007954279369263925
big:0.04205728111920541
you:0.008421196809223059
m:0.020739616850243517
a:0.0021159153421915077
hearing:0.06870958644120952
advance:0.047931836616312874
product:0.06046815034464483
are:0.009741081539412508
results:0.0555012689222494
d:0.02760370033904599
it:0.005194779238484424
has:0.016132946574038652
thinking:0.05278070505831296
summarize:0.08685191724769276
if:0.020307588477679068
what:0.027892184939291857
please:0.02902144480159477
email:0.04157422210557486
in:0.002692116695371068
and:0.005784809310466513
subject:0.00040449934684876206
i:0.00867721396569977
faster:0.059095470112035337
any:0.031008705039054767
than:0.02167577700332517
the:0.004568200060539715
do:0.010883604831916617
upgrading:0.08476674485563142
about:0.029848975161268835
is:0.004070797377131272
turbo:0.07527125877757396
experience:0.05018519355750224
psuvm.psu.edu:0.07574111084943094
accelerator:0.08030008515531863
opinions:0.04326682053818246
respond:0.06127284466758343
s:0.009400549709939672
