okay:0.025033524043619165
looks:0.01990177601380169
at:0.005121889607293204
there:0.005335924334750857
help:0.012442399535126726
menus:0.03403556020905092
vertical:0.03139796015134137
much:0.010158121334650763
continues:0.028795065548251623
service:0.021177855979525248
loose:0.030337951100213728
my:0.005524501519362217
to:0.008012785814481574
connector:0.03063017106987006
software:0.016370848188844513
enough:0.014140398412426721
make:0.01023302606598665
that:0.004033774714354382
like:0.027084629383922632
nt:0.004151619486758363
its:0.012022235790896337
so:0.005940759287121628
this:0.003052223478903599
opening:0.02858050417071993
on:0.011790902912541626
books:0.02122522042468698
slowly:0.030690419831704632
am:0.009501955562217241
working:0.01842173843434074
m:0.00795822507044228
sure:0.012686302442786066
a:0.004059605016995335
pulling:0.03132995992016003
as:0.009303653025779283
related:0.022407784800181216
also:0.008624983323718409
far:0.014473128326287218
computer:0.04675644602032527
are:0.003737856869774567
taking:0.019807849035765147
manual:0.022846496493504436
it:0.009966727608720116
not:0.010515872242604038
have:0.0029723872857421677
buy:0.03496326889818565
between:0.013505033988641892
larry:0.05284631437177902
connection:0.025033524043619165
somewhat:0.025010679403270966
strongly:0.02713343412760002
has:0.006190549266782273
adams:0.026939617730695416
open:0.019214887085775366
feel:0.017710910954919636
screen:0.08693737604897785
erik:0.0645655925741005
be:0.0033631468438225075
down:0.01374631149391371
if:0.0038962233707174956
of:0.0022609370414620775
monitor:0.02178648744237679
what:0.005351407575561809
but:0.007735851421516398
shop:0.028252870818678468
macintosh:0.027300034451788253
least:0.013998037108758618
lines:0.04108351307319205
windows:0.01597213477571803
they:0.00542395130527758
one:0.011433847764832819
rest:0.018992039729493072
system:0.012995478658386773
or:0.007840830903524248
use:0.009667322835740396
and:0.00332962861474526
for:0.003783126312931093
subject:0.00015521486565126915
i:0.007769133434405608
person:0.016309269994615412
back:0.01224626000039266
will:0.006588984563391188
connect:0.02672137401372411
suggestions:0.02300579285506324
the:0.003944056447617138
do:0.008352533940773217
when:0.007602758388626372
would:0.01084476332679507
correctly:0.025338973657153364
apple:0.022054458995866718
10:0.016804486964512585
problem:0.01229979820956735
note:0.01721912266789824
long:0.013839018866910377
here:0.010467447125717419
about:0.0057268382576853
affected:0.029393073603133646
is:0.0046861504690232075
new:0.010023253284206668
keep:0.015403573163522796
does:0.00708423729266003
run:0.015562990862717412
involve:0.02870828851210816
too:0.01135184806897963
every:0.014140398412426721
very:0.010135130766182833
pixels:0.033326898478765826
by:0.005758345783820733
seem:0.016044840435440334
appear:0.02295754400148943
buying:0.023321034449055325
s:0.0036071876793954552
