technology:0.09621907673762693
with:0.03341870724511699
to:0.003937711885973802
nt:0.020402244334926815
duo:0.1633133147850269
so:0.029194588496712002
this:0.029998996478366798
a:0.003990011788132557
seth:0.3561247137072462
idea:0.07921075129316446
copy:0.09761748414466692
being:0.055594397997861374
buy:0.08590974643554188
kind:0.07872933419894457
fail:0.13042816409401473
of:0.011110890603756494
leo:0.16425016686568375
what:0.026298345799903748
advantage:0.12181058790099457
one:0.028094597365017782
subject:0.0007627701969148084
i:0.005454248778439855
any:0.029236779036823063
do:0.02052336911161419
see:0.05055387889746217
is:0.007676360768304683
new:0.0492571304252442
whatsoever:0.14853455723941886
dumb:0.14693200104938903
origin:0.13845394653591192
process:0.10333039237810192
