manager:0.0665575989815864
ability:0.06793711297387166
thanks:0.033786214320612934
access:0.05681994691556823
fax:0.20736565016158573
from:0.028697364556955103
to:0.0023359307798149673
platforms:0.09214205347892847
provide:0.057236536920057854
mainly:0.08157055052760336
anyone:0.02835448728205748
national:0.05515549025402565
on:0.008593369919309998
used:0.033465483192150265
am:0.027700616215277384
a:0.004733912291004729
other:0.023378101488676455
mac:0.05815732431883281
advance:0.05361866468943474
plus:0.06060847210135035
seeking:0.17929571223459295
internet:0.04841582954431536
it:0.005811108978643593
network:0.12452507356032463
be:0.029413284261227357
interface:0.07157117858989631
but:0.011275986817803564
net:0.056188855676245465
in:0.003011520371093059
our:0.037792803779328706
for:0.016543162520952916
subject:0.0004524907947799711
i:0.003235571309243982
info:0.04992195693885419
any:0.017343851970996735
the:0.0012775474745577169
would:0.06323048448165261
can:0.014653660888774803
peter:0.18721490241487918
ethernet:0.08844284049553833
los:0.07728638430140754
s:0.021031738334102316
