some:0.008460412138647493
rough:0.03896516147729311
music:0.033381582896312205
there:0.0066505723592546915
know:0.008941124098973201
matters:0.034460174400642384
thanks:0.014444830760262052
allows:0.02994690858801568
i.e:0.025032891282430456
with:0.004237879541953242
my:0.013771221178700018
to:0.005992170261264482
depend:0.03713479370453578
that:0.005027603267166331
jeff:0.030546951368336205
bay:0.034733655038199245
like:0.008439413503686037
nt:0.00517448225885825
me:0.01570418377397891
so:0.007404424618731305
anyone:0.03636771194872589
fixed:0.03286110655883934
pricing:0.04228816824122147
best:0.017646203477981407
blow:0.03531367465902197
internal:0.057428513277106276
something:0.014425082008431326
on:0.011021930983462824
curious:0.031059944498706485
m:0.009918947189246899
more:0.009213181346526999
a:0.0030358785344486846
hard:0.01959589422156166
price:0.04536440872237627
local:0.022147706173304
drive:0.040924692011680995
also:0.010749979215069322
mind:0.021954027558044473
prices:0.03161203970419595
product:0.028919550164830134
plan:0.028301189836511642
care:0.02294215174836157
it:0.0024844596357968983
application:0.026741794984180643
have:0.00740942917605294
probably:0.017298722572675423
area:0.023249761193183675
650:0.14629883643258818
money:0.022465360628471955
university:0.017031450011584445
between:0.016832361203234822
able:0.019112066855874413
adams:0.06715382970550163
mo:0.040437829894780564
list:0.021098757948707098
be:0.008383496480253208
get:0.009524449096312481
if:0.014568487386161072
of:0.001408989750476367
never:0.015970574136680148
hd:0.032308734345883654
san:0.0292606190840909
they:0.006760287134114085
good:0.011739201821445645
one:0.007125441360692916
email:0.019883323615709717
in:0.0012875340716992064
francisco:0.03616717491740156
or:0.014658944732675767
and:0.00553329586218536
for:0.002357600455884594
subject:0.00019345620936245142
i:0.00414997189663902
info:0.021343445357915925
paid:0.02997094302733447
any:0.007415125118034835
pretty:0.02085521780376541
the:0.0027309891666270035
do:0.005205202310916642
around:0.017153582848939388
would:0.02027499230661687
maybe:0.019187775959002347
may:0.013485692227824862
an:0.019519524751342103
just:0.008510062054100622
here:0.01304638337408258
about:0.007137798408129504
is:0.001946903093410608
does:0.008829629089402357
mount:0.07605768916502093
their:0.010968721873780536
faq:0.028131123644186663
midi:0.046212786229864536
difference:0.023240245266915843
s:0.013487745236000399
