know:0.041129170855276724
help:0.07133642400139323
with:0.019494245892984912
to:0.004593997200302769
like:0.03882130211695577
a:0.009310027505642634
compatible:0.15018541076065717
vga:0.15034605364185544
plus:0.2383933235986447
display:0.12287071389784926
it:0.011428514324665733
color:0.1231544035534462
be:0.019282041904582378
if:0.022338347325446976
monitor:0.24981838933925385
mizzou1.missouri.edu:0.20773941632922693
wong:0.20431761119389083
or:0.022477048590102845
subject:0.0008898985630672766
i:0.006363290241513164
any:0.03410957554296024
will:0.03777684483010948
would:0.031088321536812534
apple:0.12644556490963585
just:0.039146285448862866
is:0.017911508459377595
