thanks:0.033786214320612934
where:0.03131282708870783
versions:0.0752614071296399
ca:0.03485675586597154
415:0.08912089701441459
software:0.04772518455052977
bay:0.08124143042833044
me:0.018365909837365163
anyone:0.02835448728205748
internal:0.06716215959525988
tell:0.04084788226478733
inc:0.062051110098379686
support:0.046422988297178065
3:0.03968586346843423
bill:0.0524663368761308
a:0.0023669561455023644
uunet:0.06401681885453026
model:0.06201612731497542
area:0.054380797367107575
between:0.039370607560108566
b:0.051879802483292235
has:0.018047024981127983
park:0.07612275032279604
dr:0.0664210950018051
version:0.05288933233331499
find:0.03587197860463373
toshiba:0.20778062155310933
in:0.003011520371093059
external:0.14556014636019704
or:0.011429007757679412
and:0.009706713927731946
subject:0.0004524907947799711
p:0.17115905286261102
i:0.006471142618487964
cd-rom:0.08731783932698119
sf:0.09660958773100849
portable:0.17341398589182008
the:0.006387737372788584
can:0.029307321777549605
william:0.1380223484539328
e:0.10545388800182463
notice:0.06844009209499227
advanced:0.07835160300750352
difference:0.05435853977685401
