pc:0.04166052577497354
cable:0.053970593292365615
say:0.023719312178344294
all:0.011925847883078641
vertical:0.06750561432538396
stand:0.049221731930830785
with:0.014620684419738683
work:0.0253134057998788
to:0.0017227489501135387
recall:0.04888569018841278
ii:0.04589249756387648
that:0.00433630781793096
so:0.025545264934623002
this:0.013124560959285476
on:0.006337610315491124
specs:0.06057360160946147
used:0.02468079385421082
am:0.020429204458767072
computers:0.054222110832358374
fun:0.05145315818667295
a:0.0034912603146159877
other:0.017241349847898886
series:0.04484187950959583
mac:0.1715641067405568
vga:0.16913931034708737
lc:0.3243212532727193
are:0.016072784540030638
not:0.007536375107199561
have:0.006390632664345661
be:0.007230765714218392
asked:0.04215376123423039
of:0.004861014639143467
monitor:0.046840948001110105
what:0.011505526287457891
reading:0.04107902557953738
who:0.016163160927923106
use:0.02078474409684185
and:0.004772467681134873
for:0.004066860786400925
subject:0.00033371196115022873
i:0.00715870152170231
we:0.016846798821424626
horizontal:0.06765354504597149
monitors:0.17315076483029368
yet:0.03287585928357705
the:0.004710956312431581
can:0.021614149810942836
people:0.01881591425091397
e:0.038886121200672835
is:0.0033584078361332988
having:0.032711142405254516
presumably:0.06163056895981226
appropriate:0.050550096850756336
iii:0.05778430721803385
needed:0.04169778362670026
