some:0.0075324959686022845
since:0.012908526602604395
king:0.027081635515340617
sleep:0.06352412227990849
say:0.012242225640435764
ideas:0.04641282112308994
know:0.007960484681666463
coprocessor:0.03923806636662884
mb:0.029451520924454938
switch:0.027432989819420488
with:0.003773079850255144
4:0.01602754518824954
ca:0.013268055458660137
into:0.0231071471352566
times:0.018132104138664687
from:0.005461756480194681
my:0.012260829178455501
to:0.003556642993782789
bizarre:0.03765011107928105
lock:0.032616830062832176
manufacturer:0.03235346235624988
wake:0.035232733986110654
might:0.013723129908893199
that:0.002238094357641786
problems:0.01769724668317273
memory:0.04363396420861052
could:0.00973618809887779
happens:0.024103725901798573
me:0.01398178942457477
anyone:0.010792998384783169
had:0.009899409585046034
error:0.02429327844627096
this:0.0033869834733639935
reset:0.03591247924841921
bomb:0.03426129618946953
recently:0.021350397190888316
on:0.003271024678963161
fix:0.028064767478583767
machine:0.10492901142981763
causing:0.031668557867034465
card:0.039495591567925696
a:0.0009009704037718678
other:0.00889876121181878
crashes:0.03753386265668312
ram:0.0752875561593532
mac:0.04427460819111143
solution:0.02509585205311773
figures:0.030446041439469513
co:0.029451520924454938
it:0.008847882057805729
not:0.015558967963250707
have:0.006596782105131004
probably:0.015401443322769087
gene:0.17345781560859513
be:0.003732008110564331
pds:0.03866421161813532
of:0.0012544553907467009
what:0.011876672296730725
but:0.004292149820970388
they:0.006018836287146733
up:0.01733497252067593
box:0.020442187165849078
one:0.006343941340487887
in:0.0011463206573838094
installed:0.05168219297232378
or:0.004350396501310228
forcing:0.03405646587776256
better:0.014427199169686471
message:0.020950450893933686
and:0.004926418251494063
for:0.0020990249220133807
subject:0.00017223843156140837
cursor:0.03628124320867694
i:0.0036948136886205472
any:0.013203706661791062
will:0.014623294772945605
yet:0.016968185436684928
portable:0.06600919462978957
the:0.006321799438617864
when:0.008436609308669263
original:0.01991076137595793
wright:0.11001710940312312
push:0.030965647003882494
put:0.032096249026410055
bought:0.02363279837979652
problem:0.027297616671555926
just:0.015153400818914657
irvine:0.035152588695797383
is:0.00693348714556552
does:0.007861218157016292
goes:0.02079372384510114
slot:0.03289140822037279
give:0.015246685621651657
usual:0.027678327855480103
processor:0.03153079577367595
sometimes:0.022609718221405485
