expensive:0.021094202052796295
read:0.011807307614051675
at:0.004588359439866828
out:0.012272678115421456
bright:0.027386108978387814
tried:0.016134708609565993
i.e:0.01799239060924689
your:0.013124293981054818
with:0.012183903683115569
active:0.04653981244621737
from:0.008818460983647662
to:0.0057424965003784615
important:0.016366506734235533
front:0.018317452757114237
enough:0.012667440244465604
that:0.0036135898482758
think:0.007498687643377891
control:0.015883511822609497
les:0.030787889426024513
talking:0.01697755823105348
hot:0.02178967805604902
sometime:0.02712693444943436
me:0.00564369104377367
re:0.0019476067853029715
this:0.0027342835331844737
extremely:0.023011199922081407
something:0.010368027693560013
on:0.002640670964787968
you:0.017368718419022558
used:0.02056732821184235
am:0.008512168524486278
brand:0.023466470431352682
imho:0.02255037321018776
a:0.007273458988783308
screens:0.029855346553894383
want:0.009857281081834278
price:0.032605668769207945
audience:0.02928954529867149
mac:0.017871261118807998
canadian:0.025274311540324463
also:0.0077265475608310746
panel:0.05135880746651021
prices:0.02272115353739084
display:0.03839709809307789
are:0.0066969935583460986
those:0.009666227366081042
proper:0.021388167213759586
place:0.014163685506856382
it:0.005357116089687062
not:0.0062803125893329675
matrix:0.06410646821257392
have:0.00532552722028805
being:0.010134395468360147
kind:0.014351701546682603
money:0.016146977951714218
color:0.01924287555522597
liked:0.02646315868605873
stage:0.02599515697188237
jan:0.05531771780591434
sacrifice:0.028779230671795428
be:0.003012819047590996
writes:0.0034440749532164703
get:0.03422848893987298
if:0.00349036676960109
5000:0.03068675356218544
of:0.004050845532619555
lcd:0.09577388024713633
looking:0.01350981950732627
what:0.009587938572881574
but:0.00693003356510844
year:0.012889378730258604
particular:0.01766172629210316
oh:0.016821438459070172
must:0.02414021278624476
good:0.016875102618328114
one:0.005121410977998033
in:0.0027762453421014137
wash:0.030587544213379742
yes:0.013889822242207753
recommend:0.02285301712064235
1500:0.029213509885019653
and:0.00497132050118216
for:0.006778101310668208
subject:0.00013904665047926196
i:0.00497132050118216
we:0.007019499508926927
room:0.04154196333665214
overhead:0.12235017685351897
the:0.001570318770810527
do:0.0037412391609713365
can:0.009005895754559514
1000:0.024336543788973337
panels:0.0317991186679045
presentation:0.029855346553894383
drop:0.02255037321018776
an:0.014029658415027136
about:0.015390877817529243
unit:0.022344483424996956
is:0.002798673196777749
light:0.03637723631048222
dollars:0.023883359533819017
beam:0.029213509885019653
too:0.02033872779025517
designed:0.020466653108764388
image:0.01927636977569623
very:0.009079387978038787
models:0.023245849213440486
three:0.015200458367044128
needed:0.01737407651112511
substantially:0.0315568269198061
especially:0.016277581809881987
