since:0.01515773957124001
health:0.0157816159100483
cable:0.016354725240110793
out:0.004462792041971439
correct:0.012394763030990337
there:0.010429306654285767
know:0.004673769415372356
souls:0.02153112620894455
anyway:0.011547400839562629
take:0.008052080039150393
your:0.0047724705385653885
with:0.006645765645335765
much:0.006618169960454286
such:0.014568312147483322
o:0.013261284029545005
from:0.009620139254888358
dealer:0.016752141678972526
both:0.008506454857228174
my:0.007198592888865919
adb:0.07527527929150946
ground:0.014685430543171746
to:0.003132270818388252
proud:0.019150032802041618
death:0.012709910545592508
apart:0.01744946378670865
keyboard:0.12050561080231428
thoroughly:0.02246620226171548
appreciate:0.014542474755357932
that:0.001314032672100291
like:0.00441151160419952
really:0.007391650542389871
nt:0.008114528996845892
could:0.011432645116106496
me:0.008209005154579884
re:0.001416441298402161
greatly:0.014783822537123492
this:0.003977139684631962
on:0.0019204879743912498
you:0.006315897606917294
tell:0.009128882778872928
spirit:0.017369716024595652
them:0.005552496861864549
inside:0.014219907299523434
came:0.011434570956355859
input:0.016163451891570896
why:0.006741373409674267
board:0.013603017118769486
a:0.0037028518488351385
want:0.0071689316958794755
old:0.010029973796751227
red:0.013684162708115724
volts:0.023126631758476002
connections:0.02124618900728702
mac:0.025994561627357093
local:0.011577210045136182
cables:0.019956020545521404
jack:0.03238451438454497
plus:0.0541803008178738
lc:0.019655833531679958
are:0.004870540769706254
no:0.004264188394630719
it:0.005194779238484424
not:0.0022837500324847156
should:0.006222773266035908
couple:0.011954514373691359
have:0.005809666058496055
between:0.008798734265327294
extended:0.018107974884447223
has:0.004033236643509663
uses:0.012935587613016808
be:0.0021911411255207246
which:0.00978706312513271
if:0.007615345679129651
of:0.005892138956537535
what:0.003486523117411482
but:0.007560036616481935
years:0.008446119026440884
forgot:0.01818058820303707
oh:0.01223377342477831
brave:0.022542727668221237
order:0.010622412352774592
well:0.01274899931934352
breath:0.02159077907624811
please:0.0072553612003986925
they:0.0070675729129374525
find:0.008016843703308296
up:0.005088865039213578
one:0.014898650117812462
boxes:0.018675929987821898
in:0.001346058347685534
5:0.0098442154807488
use:0.006298407302073288
and:0.0028924046552332564
gets:0.012641349781790925
for:0.0036971461694553865
enjoy:0.017510396126676923
subject:0.00010112483671219052
fourth:0.018279623354947382
i:0.009400315129508082
signal:0.01706652395007468
directly:0.01375947092991053
ago:0.01083774895971456
any:0.003876088129881846
the:0.005995762579458376
wrong:0.010012962336476744
do:0.008162703623937463
see:0.006702218793224152
correlation:0.022542727668221237
original:0.011690030353308635
thank:0.013751872374126948
supplies:0.020981194353472968
got:0.008379370536479448
would:0.007065527622002849
did:0.006226935770617293
extra:0.029429361435539782
william:0.015422951815875066
bought:0.01387531723056235
an:0.013604517250935406
apple:0.043106442582830404
problem:0.008013504894112062
btw:0.014211327728952027
wires:0.06373856702186106
people:0.005701792197246657
eye:0.017389496115433348
is:0.001017699344282818
done:0.010032816482654161
white:0.012874883128108304
new:0.02612120552853859
does:0.0046154879330966864
converting:0.020781786272088792
experience:0.01254629838937556
serial:0.015679234575245577
hook:0.01947962135124476
nice:0.011968710063464992
e-mail:0.010415514305501009
very:0.006603191256755482
little:0.01776771743862473
replaced:0.016385028432031535
luck:0.015616623583006141
before:0.008053766163722139
ports:0.018648179835957984
black:0.013369516500924007
especially:0.011838241316277809
four:0.01328805360235975
s:0.009400549709939672
