looks:0.12678168423607
like:0.04313478012995085
need:0.07115562931471245
account:0.15091775580471334
re:0.013849648251043352
duo:0.21170244509170152
a:0.0051722375031347965
crashes:0.4309443490211765
internet:0.10579755344868912
have:0.01893520789435751
university:0.08704963339254272
b:0.11336697579682375
230:0.21547217451058825
now:0.06118201473623126
use:0.12316885390721095
and:0.014140644981140364
subject:0.0009887761811858628
i:0.02828128996228073
apple:0.1404950721218176
bug:0.18371475851609856
vacation:0.2189361025850632
