another:0.017460671892823455
uhura.cc.rochester.edu:0.09541591761579168
know:0.00971555217053781
all:0.007512345123199143
true:0.020340793639038162
own:0.01784638295707083
with:0.009209879949441691
c650:0.1465869506171964
4:0.03912235439651463
someone:0.01735006389498441
o:0.02756676365196757
my:0.0074820020577189075
near:0.02838406124001201
vram:0.043301535280845266
perhaps:0.022743791634960986
that:0.002731532483736038
horror:0.04639257231448508
could:0.02376549850907177
its:0.016282083118379292
sometime:0.04101079853772754
me:0.008532194333894053
re:0.00294441340770213
so:0.008045752735314332
simm:0.044052009137572234
two:0.029366762718949786
these:0.013044377740936556
on:0.003992195474325117
disclaimer:0.029559492339166823
8:0.04649592570667506
sure:0.017181448977631523
board:0.0282771379476783
a:0.003298828643731642
wondering:0.05667611813948499
was:0.006972134914184139
ram:0.09188638743858067
logic:0.03269874762359821
are:0.005062294343316736
meg:0.07331834010520123
play:0.025211954588822375
it:0.0053992981061412905
not:0.004747322902172952
centris:0.03974259729861647
ve:0.014371131488404994
650:0.03974259729861647
heard:0.02128068786944783
be:0.0045548130483265455
which:0.010172380571004077
simms:0.03948650917495064
if:0.005276774958767002
of:0.0015310282328010918
future:0.027594537986754725
what:0.007247575614146702
version:0.024570634706028226
megs:0.1290017425475705
they:0.014691647630043207
up:0.010578428113010902
clear:0.025966541277059947
in:0.0013990527708227596
speed:0.026444607613273864
or:0.0053095390370321675
stories:0.036442241298520056
total:0.02882689366775119
better:0.017607998986625222
and:0.003006278854258188
for:0.005123604140347622
subject:0.00021021225899227005
i:0.006012557708516376
the:0.004748050456623956
would:0.007343698000821858
needs:0.0263728075800736
come:0.018907036806845735
just:0.018494308086076945
about:0.015512065831840496
is:0.004231064990404156
picture:0.032208880029097636
time:0.012437086377194595
questions:0.04762482420859074
does:0.019188800225787797
2:0.030683614993628483
1:0.015421447967911091
dave:0.055216923958655
show:0.023701328108148286
little:0.018467233873216252
luck:0.03246290256624899
opinions:0.02248511933480348
takes:0.028156691763619453
main:0.029278874107297858
s:0.014655975138331142
