iisi:0.15396437446478642
there:0.02622225673077564
own:0.03237843765068565
secondly:0.0763327247455824
both:0.03208148689011768
single:0.04644895243589107
considering:0.05721957079078704
me:0.03095967658298699
you:0.015879971125963482
combined:0.07246308254364811
tell:0.06885785867492722
am:0.023347662238590937
etc:0.033176056963689075
reader:0.07359646457559842
a:0.007980023576265115
hard:0.0772638115021574
mac:0.09803663242317531
drive:0.08068010710874253
are:0.009184448308588935
feed:0.07118982854513373
christopher:0.06913077280822248
pds:0.08561361144015678
if:0.01914715485038312
of:0.0027777226509391236
what:0.013149172899951874
separate:0.06032427909719832
limitations:0.16425016686568375
or:0.00963302082432979
and:0.005454248778439855
for:0.013943522696231742
subject:0.0003813850984574042
each:0.03637156281943736
i:0.0027271243892199276
power:0.11579379772159466
the:0.003230370042810227
can:0.02470188549822038
leland.stanford.edu:0.07210442652748988
instead:0.04382477587978059
upgrades:0.08336810310412231
is:0.007676360768304683
cards:0.056214535205030024
limit:0.12686922916139295
new:0.0246285652126221
2:0.027834422172791553
1:0.02797891274178155
slot:0.07283097534511118
felix:0.08098161618036279
