some:0.01768995265353567
at:0.013347954734158047
out:0.03570233633577151
with:0.02658306258134306
to:0.002088180545592168
been:0.022230914957900597
that:0.005256130688401164
v:0.058282550210636545
13:0.05966270537070398
re:0.005665765193608644
larger:0.06448260218364824
on:0.015363903795129998
you:0.008421196809223059
working:0.04800816682888799
size:0.054558744500998
more:0.019263924633647362
a:0.004231830684383015
works:0.04507766656895061
it:0.005194779238484424
have:0.007746221411328073
screen:0.056641017728879514
minor:0.06584745723072472
edge:0.07141214678178727
be:0.008764564502082899
writes:0.010019127136629733
get:0.019914757201380643
7.1:0.08761602109052445
of:0.008838208434806302
monitor:0.056776906668012245
what:0.013946092469645928
powerbook:0.08218575446552175
ok:0.049452260462286846
version:0.0472798576919028
latest:0.0631264636401932
using:0.033400311797650316
virtual:0.07481553975882733
now:0.025029006028458246
in:0.002692116695371068
system:0.03386700498852311
use:0.025193629208293152
still:0.03093498609438708
for:0.004929528225940515
subject:0.00040449934684876206
i:0.005784809310466513
than:0.02167577700332517
the:0.0011420500151349288
sfu.ca:0.08842071541346307
would:0.014131055244005698
can:0.01309948473390475
problem:0.032054019576448246
is:0.004070797377131272
right:0.029392024148337872
time:0.02393196924096536
x:0.046138787720395494
fraser.sfu.ca:0.08761602109052445
article:0.012277770913887895
s:0.009400549709939672
icons:0.08842071541346307
