bbs:0.05325056120731133
posting:0.04341037574942422
true:0.03399053673891903
case:0.03252119878035205
access:0.044110221947612174
lciii:0.07608759726282387
bits:0.05801813682851043
to:0.0036268398949758705
pin:0.06412219872296095
that:0.004564534545190484
bit:0.03585637102704868
re:0.004920269773396981
this:0.006907663662781828
simm:0.14722645159135983
you:0.014626289194966363
ram:0.05118232984517432
lc:0.13655631716746075
are:0.008459360284226652
those:0.02441994281957316
it:0.004511255654473315
only:0.03509305890182333
fail:0.06006560188540151
32:0.11269523082909225
has:0.01401019044587567
uses:0.044934146445216275
be:0.015222664661512402
which:0.016998583322598917
613:0.08311499839348514
simms:0.06598403506866751
of:0.005116857514887859
what:0.024222160605174504
but:0.017507453217116057
saying:0.039691515512689984
fact:0.03155614642932683
author:0.05321062826395403
one:0.012938301418100295
in:0.00467578162880238
yes:0.03509007724347222
subject:0.00035127574857918807
each:0.03350012364948178
mention:0.04966677387206477
allow:0.04613519304440253
will:0.029823824865875904
the:0.006942461934109698
upgrade:0.058191650042746665
views:0.05329061571232748
individual:0.050811660411402004
expressed:0.05407577796872746
is:0.010605498429894627
number:0.03292453747891787
new:0.0226842048010993
72:0.06865957354258896
slow:0.05403326454002422
first:0.024704668807776855
slot:0.06708116150207609
iii:0.060825586545298786
