sells:0.06439511329379483
iisi:0.06908657828548109
there:0.01176639725098907
all:0.01223163885443963
where:0.047370687134199015
with:0.007497786881917273
from:0.010853490441412508
to:0.0017669220001164498
mail:0.03928609621584431
that:0.004447495197877908
through:0.03037773453877983
anyone:0.0428952499908049
this:0.006730544081684859
best:0.062440412306703434
on:0.01300022628818692
am:0.04190606042824014
market:0.05013916942401311
them:0.018793066301695395
a:0.0035807798098625512
hard:0.06933931801475665
mac:0.04399079660014277
drive:0.07240522432835868
cheap:0.04764398997957497
prices:0.05592899332280823
place:0.03486445663226186
have:0.006554495040354523
buy:0.03854924519543546
selling:0.05345868122243
be:0.007416169963300914
get:0.016850948401168235
hd:0.05716160691964031
order:0.03595278027092939
up:0.01722385090195365
cheaper:0.056530492294446066
net:0.04250182672946772
one:0.012606550099687468
in:0.002277944896083211
or:0.017290037377002188
and:0.004894838647317819
for:0.020855696340517562
subject:0.00034226867810279864
i:0.009789677294635637
appreciated:0.04339438614328516
info:0.03776148024862048
any:0.02623813503304634
the:0.004831750064032391
would:0.011957046744927898
can:0.011084179390227093
newsgroup:0.04928415180223525
is:0.010333562572717843
wanted:0.03904051268648849
filled:0.06398807870001814
almost:0.038743499105956
s:0.007954311293025875
