since:0.02532685599245166
at:0.03345436756156067
agate.berkeley.edu:0.07433934796163177
versus:0.06850991903389518
wang:0.07586016203558196
means:0.035880952157452566
4:0.06289289883996656
hacker:0.07175586243829614
w:0.03916887158265005
slightly:0.05480597033362089
h:0.08944764871631687
100:0.04276597593457052
that:0.008782395580619665
bytes:0.1949457038433683
re:0.004733424085799627
this:0.006645347321157203
jon:0.105047297815654
two:0.023604929527257106
on:0.006417833230877088
a:0.0053031802247331455
mac:0.043433951073558685
modes:0.06288484910531494
addressing:0.06821206463629778
video:0.04424950877044333
should:0.02079509040801873
has:0.013478157897298114
be:0.007322294394145206
24bit:0.07758896627616108
which:0.03270613500044349
writes:0.008370410012880535
of:0.0049225464700187
cheers:0.05511598324511831
even:0.02125518288311425
what:0.01165116586071685
commands:0.06125511514652625
one:0.02489394703229424
in:0.004498220301126341
subject:0.00033793616319010504
faster:0.04937089908094091
the:0.004770588670816791
do:0.009092631884892363
can:0.010943873321996372
instead:0.07766415978695294
instruction:0.06994445935423699
is:0.006801838655459845
printed:0.061599577975955166
new:0.04364555860464676
time:0.05998139126216634
2:0.024663412051840618
68040:0.08112801516501122
16:0.044139148630698
instructions:0.061170444410440214
rom:0.06378581465554148
article:0.01025737823185571
pixels:0.07255982959933825
james:0.0437923261726206
