mode:0.02026129760041392
some:0.00617744378377436
silent:0.027875076317553704
since:0.010586357795786674
manager:0.020777239893722738
entirely:0.021990079609424406
quadra:0.0788556044336489
all:0.005047977939927466
storage:0.026575761041883576
specification:0.029993191177912142
with:0.00618864948983648
much:0.009244427881269477
from:0.008958436554816672
name:0.014614986803334661
to:0.00218761771442989
sound:0.01826022904300757
corruption:0.030781739215798323
clock:0.022699157765076274
owners:0.02284469557348809
that:0.009177371043240127
problems:0.014513615004718376
really:0.01032484520206839
nt:0.007556386790713634
could:0.007984704525534694
me:0.005733273441293887
attention:0.022458616103294485
re:0.001978521178720479
meaningless:0.02902852685625101
so:0.005406405277168889
this:0.0055553697182160735
programs:0.0186940853137276
on:0.010730345507709838
registers:0.03256201560003755
used:0.031340690608521675
a:0.0022166732156291983
how:0.006959592577931874
was:0.004684979545509976
standard:0.016106055769641463
3.5:0.02539510733122638
timing:0.08729039651852935
mac:0.1089295915813059
scsi:0.11190402899822652
solution:0.020581254329276447
chip:0.05130800567941705
responsible:0.020692355635306994
experts:0.02563961972887258
results:0.01938139549665852
furthermore:0.026009770991343006
it:0.0018140498928040844
not:0.009570000136126426
should:0.017384255473370153
have:0.0027050296991939305
only:0.014111494584860175
hurt:0.023864452959024673
has:0.005633727375061116
mo:0.02952603452634771
macs:0.027985309581589905
without:0.011890002565092565
be:0.009181924716467798
which:0.013670818333518705
writes:0.0069974856192334635
if:0.00709153883347523
inch:0.02782080912090191
of:0.0020575723340289804
industry:0.02409964746998147
concluded:0.02902852685625101
suffer:0.026009770991343006
one:0.005202703215744034
tim:0.04315247936228771
in:0.0009401042428279919
installed:0.021192433626217422
use:0.008797775279086498
for:0.0017214225550903385
subject:0.00014125374016940898
each:0.013470949192384207
blind:0.08148524128902696
however:0.012683062985168851
i:0.0010100460700814546
example:0.014874916104539178
special:0.018495826417275252
will:0.005996324576207854
the:0.0075774112115301615
wrong:0.02797272017809376
do:0.007601247819116366
when:0.006918912395998602
disable:0.030877075223749002
devices:0.06737584830988345
level:0.018627170172453696
would:0.004934654212192466
sony:0.02688320882393268
an:0.004750783801913951
apple:0.020070724588831086
lower:0.021010490016114377
many:0.009805296442212135
about:0.005211725821808844
including:0.016825225960477405
handled:0.08362522895266111
affected:0.02674925216793115
is:0.008529289742560758
right:0.010263881448625924
does:0.006447030763690609
their:0.008008908034823884
byte:0.028573805005453524
smith:0.020834595526277578
nothing:0.01351775662169793
transfer:0.02404647108980421
although:0.016718198183887607
fault:0.023423280424955624
by:0.01572119801297089
data:0.01552563821802017
sometimes:0.018542361504327247
96:0.029993191177912142
s:0.0032827316447408376
