at:0.006936732381530953
cable:0.03399722412117519
there:0.00722660618564683
servicing:0.04553273536987885
happen:0.026627025402892246
means:0.02231964740502955
take:0.016738182128627585
whom:0.03313630550670695
with:0.0046049399747208454
c650:0.048862316872398795
though:0.019571214185910863
such:0.015141867743840933
hacker:0.04463553647736532
from:0.006665923263229729
adb:0.20863699457174273
to:0.004340784756191593
w:0.024364888622278376
connector:0.041483381291477564
h:0.05564066337471679
100:0.0266024574711108
centre:0.03942376768165004
been:0.011553073915129443
that:0.005463064967472076
re:0.00294441340770213
this:0.004133719987176527
jon:0.06534438210580053
pins:0.04124354501207041
on:0.011976586422975352
you:0.013129109986032799
sure:0.017181448977631523
a:0.004398438191642189
other:0.0108606928175741
same:0.015292073626209546
as:0.006300111497771798
mac:0.027017969565442015
physically:0.0422501069924632
logic:0.03269874762359821
are:0.005062294343316736
no:0.017728279309960786
it:0.0053992981061412905
couple:0.02485032909176786
have:0.004025595379115377
boards:0.03683712148501983
interesting:0.025732476865522932
university:0.018506614973217744
has:0.008384050975484654
danger:0.03859415732213959
macs:0.0416474292198464
heard:0.02128068786944783
component:0.041814967790297454
anybody:0.02393382003868264
be:0.0045548130483265455
asked:0.026553550383767173
writes:0.005206790480453247
if:0.010553549917534004
of:0.006124112931204367
lawrence:0.0373482990133609
cheers:0.03428474548318383
short:0.027267542248986358
years:0.017557286795121207
port:0.03283289082952394
well:0.013250928426404289
one:0.0077426055730363975
in:0.002798105541645519
our:0.017557286795121207
replace:0.034617031739013565
and:0.003006278854258188
for:0.005123604140347622
subject:0.00021021225899227005
each:0.020047318089453665
i:0.003006278854258188
power:0.021274451024964898
possible:0.020291115141453403
the:0.003561037842467967
devices:0.033422664909627225
an:0.007070064083163281
apple:0.05973806216203268
problem:0.01665799442555578
just:0.009247154043038473
is:0.006346597485606234
printed:0.03831784771732644
new:0.013574799723492495
repair:0.04028120144731254
motherboard:0.0355529467222949
goes:0.025378166897564385
serial:0.03259305455011679
article:0.006380573860760638
little:0.018467233873216252
behaviour:0.0416474292198464
close:0.02736152138716961
ports:0.038764720288920536
by:0.007798704526119418
while:0.017089311069909626
