another:0.015085070274752236
uhura.cc.rochester.edu:0.04121708005852225
know:0.008393708337811577
all:0.006490257351335314
true:0.017573338722162223
case:0.016813681002086772
own:0.015418303643183641
with:0.007956835058361188
user:0.02572546587478242
c650:0.12664314781213565
4:0.05069937763629957
someone:0.014989510984102176
wrote:0.01752091819518953
near:0.024522284200554592
vram:0.037410169936512576
pin:0.0331516129452043
perhaps:0.019649398215238402
that:0.0023598954111188897
memory:0.04600860171656211
could:0.02053209735137493
sometime:0.03543109805640406
me:0.007371351567377855
re:0.0025438129440691873
michael:0.04088020682549237
so:0.006951092499217143
simm:0.07611707701322006
two:0.025371284798004236
these:0.011269632470060834
on:0.006898079254956325
8:0.0401699494200526
sure:0.014843836871831316
board:0.048859816589865906
a:0.005700016840189367
wondering:0.048965081657922405
was:0.006023545129941399
ram:0.07938483812720915
logic:0.028249938423108654
mcguire:0.17716723516587288
meg:0.06334305573714664
it:0.00233234986217668
not:0.004101428629768468
centris:0.03433544120356661
ve:0.012415875503587987
650:0.06867088240713322
open:0.02248272502553308
heard:0.01838535618652976
be:0.0039351105927719135
which:0.008788383214404883
simms:0.06822839000297594
if:0.004558846392948362
of:0.001322725071875773
future:0.023840179076992176
what:0.006261510904738987
version:0.021227691208609418
megs:0.11145048505810512
up:0.009139186192873365
clear:0.022433678518276278
in:0.003626116365193683
leaving:0.0314841132306942
speed:0.02284670181554953
or:0.0045871527734903765
stories:0.0314841132306942
total:0.04980973463679458
better:0.015212352865995938
and:0.0025972613230665974
for:0.006639772712491305
subject:0.00018161195164638296
each:0.017319791818779694
sockets:0.04008065771387486
i:0.005194522646133195
4mb:0.03945611656249308
the:0.006153085795829003
would:0.0063445554156760274
needs:0.022784670494349298
come:0.01633465084673067
just:0.015978075693413415
about:0.013401580684651313
is:0.005483114834503345
questions:0.04114525628905458
does:0.016578079106632997
72:0.03549746659344736
2:0.03976346024684507
1:0.013323291781800738
dave:0.023852208648806748
article:0.005512468573582319
little:0.015954685046928326
luck:0.02804618112866409
main:0.025295353820590664
s:0.008441309943619297
