since:0.029423847402995314
at:0.01295536783021222
startup:0.07959240593643704
mathematics:0.07825458566870577
work:0.029780477411622115
reach:0.06409269807397615
my:0.013973739137210313
to:0.00202676347072181
keyboard:0.1336700892933234
that:0.005101538609330541
problems:0.040339312292526075
nt:0.010501155172388801
re:0.005499125040855449
michael:0.08837338828452027
mac:0.05046003139428141
section:0.06043763420034246
have:0.015036782739636849
shift:0.142526121434027
similarly:0.0728345775632247
left:0.04300595858089061
has:0.015658448145390455
which:0.01899841665466938
found:0.039331183900838194
down:0.06954016402803406
of:0.002859420375966745
cheers:0.06403180406418156
key:0.09428948150695811
unfortunate:0.08248520438123196
but:0.009783576797800151
one:0.02892090905222419
and:0.0028073339300793373
for:0.009569084203296293
subject:0.0003926023072355632
i:0.01122933572031735
similar:0.04654056305686325
research:0.045401933537305546
will:0.016666255072107124
the:0.005542301544037154
disable:0.0858201061365965
holding:0.06774497705428065
pair:0.07510149932539026
myself:0.049012383264674754
trained:0.08049489044197077
hold:0.05102618548447088
is:0.01185320412752929
desktop:0.14725936751675162
extensions:0.08503907929374432
smith:0.17372375975587337
