seemed:0.015014529880191084
some:0.00830987099739042
okay:0.030646022316743748
week:0.012269888983649762
at:0.0031351068058876547
out:0.004192801064343273
folks:0.026357408187151442
mark:0.010689053253708862
say:0.006752829089920083
there:0.006532234772791084
know:0.004391014682058014
all:0.0033952591837946304
true:0.009193170078853546
tried:0.011024427235005947
saw:0.012090322359912649
theories:0.018500745563628684
thanks:0.007093902650947199
with:0.004162472432665817
from:0.006025425298435413
work:0.00720666357291923
my:0.006763090827973674
to:0.004414161010967074
aid:0.03535874077807744
boot:0.017468421599253884
day:0.018101800966283787
t:0.009168231512457088
bruce:0.016393802276480726
die:0.013408378546022594
that:0.009876288268597204
indeed:0.013125417467987954
like:0.00828924600362045
could:0.005370495214683478
account:0.01450099432999025
anything:0.008260644663058377
happened:0.024002141628031534
so:0.007272673290995872
phone:0.010453192619962878
had:0.010921056837595268
this:0.0056047947157091
internal:0.09871164381794423
something:0.014168407951341798
on:0.0018043018691789676
etc:0.008264498176007955
suggest:0.013065479733487963
size:0.012814509384576041
inside:0.013359628210228422
m:0.004871226733509153
includes:0.013408378546022594
a:0.00646069524412923
hard:0.009623606414859463
was:0.0189066434327698
as:0.002847381353085475
running:0.010773880471340576
ram:0.013842907716132556
drive:0.050245618306156384
question:0.007768633748566208
scsi:0.015053282192643994
fine:0.01152724760825822
definitely:0.015145379872315954
lc:0.09233345288903042
town:0.0158506358459236
far:0.00885899669794093
others:0.00959547410344625
no:0.004006212584279394
reasonable:0.013303584235252838
d:0.012966862792719113
it:0.008540882591387201
not:0.0021455872191315476
have:0.003638794399627422
only:0.004745680563235895
properly:0.015323011158371874
able:0.018771994491890882
talk:0.012311721593014332
chain:0.01853512958822561
personal:0.011935571071870875
be:0.0020585809862543464
noticed:0.014434886196278737
down:0.008414112373498782
7.1:0.020578851928735282
things:0.02385828393032295
if:0.0023848769386598193
of:0.002767837516950016
trying:0.00959547410344625
what:0.006551189345171752
but:0.009470223804276302
year:0.008806977637756768
hd:0.06346769166878212
well:0.011977707545575407
shut:0.01679407979757215
they:0.0033199986637286252
find:0.007531838924104591
up:0.00956199551852231
now:0.005878698924833609
errors:0.015281225329629227
over:0.007138579190460348
in:0.003161560531930436
floppy:0.015676231649814368
point:0.007834647548968187
installed:0.01425398560624588
system:0.02386358358621913
external:0.030562450659258455
or:0.007199054708573864
and:0.006114193470493076
few:0.008133905697175396
for:0.004631300539673651
subject:9.500696402853486e-05
fits:0.018205382860529154
i:0.008152257960657435
we:0.004796241657345089
blinking:0.023045567873788465
power:0.00961514334580264
signal:0.016034029618575498
any:0.0036415916949779615
sick:0.015983068573113757
quantum:0.01843295839291447
the:0.002682395053341826
devices:0.015105617236735437
got:0.015744867057868855
can:0.006153494608097603
put:0.00885216832578925
last:0.007758585594517786
an:0.009586101123434911
warning:0.015267405044837777
about:0.007010791319016879
claimed:0.03029075974463191
is:0.006692912413646432
either:0.008909475826026185
else:0.008991289058142551
disk:0.024917999884696663
time:0.0056210319213655284
hear:0.011792461082771556
smith:0.01401330446429346
first:0.013363379568619509
sign:0.015422462867946816
backed:0.019177057317678024
upon:0.01234190598823109
says:0.009113974179457538
seem:0.009821041120625401
while:0.007723638810955596
sometimes:0.012471552755579537
s:0.00441591658972255
