replacement:0.05367201765307177
bbs:0.0439895940408224
help:0.02326187739175866
thanks:0.021667246140393077
where:0.020081052154714802
own:0.0246357677776956
with:0.006356819312929862
into:0.038930519630051875
from:0.018403744661525556
work:0.02201165721728591
trick:0.05399894651434653
tm:0.09991470283392494
name:0.03002426636772012
to:0.002996085130632241
scanner:0.06050472047288019
gui:0.0626691625936447
its:0.04495270773987326
re:0.004064570682371419
tells:0.04811956522083275
anyone:0.018183855974362947
voice:0.03941841631995835
off:0.02373323312996033
bc:0.06285497165189798
you:0.006041293363138281
working:0.03444064142072399
a:0.0030358785344486846
cover:0.12796325700808323
are:0.006988167191317668
it:0.007453378907390695
have:0.0055570718820397045
only:0.01449495911162268
suitable:0.05589804387748496
careful:0.050014710733275985
edge:0.05123045312606478
without:0.02442620092176625
be:0.006287622360189905
of:0.0021134846257145506
sticking:0.0640419204776044
vancouver:0.05359179909548892
author:0.043956605957179415
or:0.007329472366337884
use:0.018073690518992915
and:0.00207498594831951
for:0.0035364006838268913
subject:0.00029018431404367716
i:0.00414997189663902
tape:0.04510182895346014
any:0.011122687677052252
will:0.012318536357644395
the:0.006554373999904809
when:0.014213852639605824
views:0.044022682544966184
got:0.024045150235114936
can:0.018794912879080725
ralph:0.06020690553605285
come:0.0260999312442327
individual:0.04197484990507122
an:0.009759762375671052
jim:0.036807942901618144
here:0.01956957506112387
expressed:0.044671294843731384
is:0.002920354640115912
white:0.03694531680239774
printer:0.047238393230737294
spare:0.05541487254519329
fool:0.05375283263663175
604:0.13272675617907964
needed:0.03625894228408719
by:0.02153120597428622
north:0.04363211722729158
apply:0.04347343462488775
rubber:0.0608109256573008
