iisi:0.02578350768549055
true:0.01236019517778874
thanks:0.009537735143139535
with:0.0055964342276511704
way:0.008288865165294465
motorola:0.06995148951595741
4:0.04754582783117089
someone:0.010542861792646028
from:0.004050584949426677
several:0.013485413263480366
my:0.0045464797192837384
to:0.0032971271772507913
add:0.01644124601173071
most:0.00888323188500975
cuts:0.025839469598233092
death:0.01605462384706422
been:0.007020288934073872
that:0.0033196614874112613
quite:0.012709087952676562
memory:0.06472023399363283
bit:0.013038680373472247
really:0.018673643475511252
nt:0.010249931364436917
could:0.0072206179680672595
me:0.01036926966894301
need:0.01838470805260513
anything:0.01110641698717418
re:0.003578378017015986
so:0.009778091841004019
this:0.007535633086671086
bus:0.0387276808780446
best:0.011651560191203034
amount:0.017791468955152285
8-bit:0.026700576676936448
on:0.0024258795465994733
you:0.007977975924527108
performance:0.01813880973012735
etc:0.011111598026115959
m:0.006549352689550584
more:0.0060833446211517985
a:0.003340918961355012
same:0.009292312681955083
sorry:0.015202950644682413
want:0.009055492668479338
austin:0.02395606935679213
budget:0.02257960011061136
standard:0.014564806413694911
wise:0.023417897187286433
usa:0.017438381272864713
mac:0.03283523573981948
question:0.010444909489699063
therefore:0.016425480959592658
ride:0.02020430400384633
helpful:0.022222982637584723
are:0.0030761310124460548
complex:0.021511927616285
no:0.005386343235323014
manual:0.01880190142049169
meg:0.11138073197799708
it:0.00164045660162666
not:0.008654210649415763
should:0.00786034517815062
texas:0.018986457759181827
have:0.0048923503650493095
only:0.006380556163967878
buy:0.014386799642315626
rights:0.033236358083184744
32:0.020490041968925864
has:0.005094614707591153
greg:0.06286031479658502
uses:0.01633968961644228
yourself:0.016776433834328194
list:0.013931237305844878
be:0.005535514422368147
simms:0.0479883891408491
writes:0.0031639348852514943
if:0.006412922677161811
of:0.003721350919918443
short:0.016569272084312286
mailing:0.021118443892663118
what:0.013212087602822458
but:0.00954951993660876
equal:0.021333039903023657
must:0.01108832740420812
find:0.010126539414705217
si:0.025896093797501046
rest:0.015629812600348365
in:0.002550426342983117
additional:0.020453377506028398
5:0.012434798501998483
frequent:0.02578350768549055
use:0.023867648723646145
and:0.0036535637750314816
subject:0.00012773663584697749
welcome:0.02001731189837996
i:0.008220518493820834
special:0.01672589087495226
back:0.010078261818504963
will:0.005422513611977437
than:0.006844982211576369
the:0.003606473732005038
do:0.006873855683315757
would:0.0044624384981070625
10:0.01382952994208691
upgrades:0.02792233118319886
just:0.011238168071443884
here:0.008614358400111943
excuse:0.021181818183333076
is:0.0038565448835980467
max:0.02278323462936158
512:0.0254090952601329
2:0.009322533742083295
silence:0.025673509990635533
told:0.014833587400617847
1:0.01874185542511683
wanted:0.014570143490651206
first:0.008983515930100675
faqs:0.029100001372380238
words:0.01582707718424581
faq:0.0185746175258266
very:0.008340873166427978
already:0.013903283833958618
wide:0.04116590294126896
answer:0.029055225283529728
checked:0.021534766270603932
data:0.014039931211511062
s:0.0029685946452441066
