at:0.008233317873405897
out:0.011011000925985606
versions:0.04149928056681078
with:0.0054656764185939
from:0.007911890228319398
post:0.024136241162908228
to:0.002576073196431459
then:0.014914769624072927
us:0.019251181179299026
software:0.026315755967114544
that:0.006484198606251903
its:0.01932546314050626
re:0.0034947710540015934
so:0.009549631751260935
this:0.00490637792870485
announced:0.04510112678230008
something:0.018604311375360026
these:0.015482579187840585
set:0.024760883963793653
you:0.005194383078586185
tell:0.02252359863198554
3:0.021882859295678687
a:0.001305144042847098
desire.wright.edu:0.11241979450526986
coming:0.032491868736351355
prices:0.04077066802971067
are:0.018025552755174548
it:0.0032042563527100183
not:0.011269345954690932
have:0.00955608622705893
machines:0.07375600999783723
kind:0.025752585952925792
400:0.08580984999017575
always:0.024831365401857076
selling:0.03896987976962187
details:0.035652540955984434
macs:0.049431995429163475
be:0.005406179973247395
modems:0.04963084962025959
writes:0.006180022345958526
if:0.012526176070344097
of:0.0072688069370369585
what:0.025806787934484987
but:0.006217600207947759
least:0.022501517595387682
they:0.017437749990798945
in:0.001660557961630752
world:0.02356309054890352
and:0.0035682001354279424
subject:0.0002495042700188626
will:0.03177491621224162
the:0.004931094457872309
do:0.006713251578565389
start:0.026332355961518807
announce:0.05202275031313063
joe:0.03719130118619566
450:0.055245558596230905
substantial:0.05047148734608146
apple:0.07090405508951542
about:0.00920575869459693
is:0.0025109591298192887
new:0.1127850182634096
expected:0.03877914265157321
boomer:0.05775269865786342
article:0.007573204488940196
models:0.08342435605571165
three:0.027275588845537126
give:0.02208632029304679
built-in:0.052835940752286044
by:0.018512812613404973
demon:0.05342024315398076
range:0.037379027901772645
s:0.005798469914542227
