cartridges:0.09615970231886088
some:0.00912138183697933
at:0.013765078319600485
mark:0.023465812221032736
quadra:0.03881174280718657
know:0.009639649419205483
case:0.01930946177583403
means:0.022145275159677756
suggested:0.03431298397621353
your:0.009843220485791114
with:0.0045689638811683385
mentioned:0.027462215771811235
my:0.04454129349985787
to:0.004306872375283846
h:0.02760298534605091
ocean:0.04769867800185675
software:0.021998327253759817
might:0.01661785262405036
enough:0.019001160366698407
make:0.01375062877616956
that:0.0108407695448274
problems:0.042860519310808955
nt:0.011157477370663102
re:0.0029214101779544573
had:0.023975132588783362
this:0.004101425299776711
fix:0.03398467936859753
none:0.02830086119079136
purchased:0.03739730154041191
support:0.021398096168230515
bill:0.04836740430768308
more:0.00993296113922442
a:0.0010910188483174961
was:0.01383533022033415
worked:0.060065060008974214
worth:0.027462215771811235
scsi:0.06609331712707754
definitely:0.03324884175094362
whole:0.04674867929730141
solution:0.030389508345572254
computer:0.020942991446604026
drives:0.06323504143368221
only:0.010418251861478801
microsystems:0.04681994375633574
between:0.018147389422237543
loop:0.08021203439388591
writes:0.010332224859649412
get:0.020537093363923786
tech:0.03542838050874866
whatever:0.025820004521510648
of:0.0030381341494646664
but:0.00519752517383133
year:0.019334068095387905
macintosh:0.036684421294590465
street:0.031156472502489107
fact:0.018736461942412807
in:0.005552490684202827
message:0.025369686629372824
and:0.0014913961503546479
for:0.002541787991500578
subject:0.00020856997571889294
each:0.019890698416879807
blind:0.040106017196942956
i:0.0059655846014185915
20:0.024569002721918906
than:0.01117657251733954
the:0.005299825851485529
do:0.005611858741457005
thing:0.017686972149413723
38:0.039897671516613574
would:0.007286325360190438
specific:0.028634033503675254
drivers:0.03072112311312895
last:0.017032519937964827
rid:0.03607307600631118
10:0.022581029358563785
problem:0.04958356153231838
about:0.0076954389087646215
is:0.0020990048975833117
cartridge:0.04531288386473815
involved:0.02813185263332709
guys:0.0303490289804004
90:0.031499682887065096
article:0.006330725627473445
de:0.03157017208706227
doubt:0.027188064835785685
