marc:0.09849132319051018
bnr.ca:0.06393083109516717
fax:0.020949611917009517
with:0.02002833482155984
1.0:0.037578024491996175
from:0.005798440098836819
ls:0.16727207628048393
upgraded:0.038126262215787514
my:0.01301663371685344
to:0.0066078041922163116
then:0.010930687327231528
us:0.01410874237113011
that:0.0047521181566366685
helps:0.028972412987212072
me:0.007421840276743456
font:0.03418541190822887
re:0.002561236320398428
so:0.00699870272181452
voice:0.02483900206463129
this:0.0035957701258316366
swiss:0.04149938882604638
on:0.017363315932852393
you:0.0038068423932104234
tell:0.016507020915222277
used:0.013523722659841544
disclaimer:0.025712709089549222
am:0.01119408463494086
state:0.01820351634890833
size:0.024663542034697724
came:0.02067621049642429
deskjet:0.2595920497769125
a:0.0009565096752372569
how:0.009009335597459756
want:0.012962999778850558
was:0.0060648022883656545
old:0.018136390974947424
40:0.026195254712498617
definitely:0.029149669480279337
course:0.01675446438287684
ie:0.028654919087406926
talked:0.03377017477249987
responsible:0.026786679555294672
works:0.04075515059658548
it:0.0046966497224653694
not:0.004129520606684691
have:0.003501716528408581
due:0.022706455376017003
only:0.018267619702318993
hope:0.019783983134520858
613:0.08653068325897084
writes:0.0045291944590243995
7.1:0.039607242410785025
of:0.0013317848326420455
but:0.004556734398975412
print:0.09033622666139841
please:0.013119283266474347
must:0.0158730166265719
they:0.00638986044183386
now:0.011314482177248248
one:0.00673500621764125
in:0.0012169842595513047
requirement:0.03652219791783686
system:0.015309741981113184
use:0.05694450437490918
and:0.003922576176275238
for:0.0022284168692607805
subject:0.000182855869123413
however:0.016418485645184337
i:0.014382779313009205
micro:0.038826802278256134
currently:0.024650229464776005
the:0.0030976151095440533
upgrade:0.030291543857868128
when:0.008956674266052985
thank:0.02486639936143503
can:0.01184336975942073
an:0.006149987250422854
1.2:0.03667441118348557
definition:0.0279094479912826
is:0.0018402234718538622
ver:0.08299877765209276
fonts:0.03392295393355671
japan:0.03547713224937648
update:0.02973864515052264
article:0.0055502252076479516
passed:0.029600270442868396
by:0.006783804622035384
hp:0.08888316793266421
