believe:0.03148799826565711
there:0.013301144718509383
true:0.0748777041205173
own:0.0328476903702608
such:0.027869814543011573
lciii:0.2514198866075919
powerpc:0.28466363202246536
that:0.015082809801498991
v:0.055748526288434956
nt:0.0103489645177165
re:0.005419427576495225
this:0.007608441135817667
hi:0.045666908116150796
recently:0.04796103716793752
a:0.006071757068897369
same:0.028146280442443657
as:0.023191714788899084
rumor:0.08027587404807048
chip:0.04684643996816339
no:0.016315155596847968
brian:0.05414605093882288
not:0.008737826211245869
interesting:0.04736267481045525
hughes:0.07414076208418395
has:0.01543151411429784
heard:0.11750640693129889
pds:0.08685438841755036
joshua:0.08567064883763344
hades:0.08883374399734384
writes:0.009583512913298006
david:0.036180365787601365
in:0.0025750681433984127
and:0.00276664793109268
for:0.004715200911769188
subject:0.00038691241872490284
i:0.01106659172437072
the:0.005461978333254007
do:0.010410404621833284
thing:0.03281061500181096
an:0.026026033001789472
is:0.015575224747284865
slot:0.29554598690769757
built:0.0535144584648515
