there:0.011617455513634778
know:0.015618672476687365
means:0.035880952157452566
miller:0.06027463338653886
nubus:0.30133063819799527
such:0.024341989917313907
my:0.012028028624434193
to:0.003489111797698306
family:0.04987932998885654
that:0.004391197790309833
v:0.04869175080888623
nt:0.009038969009144792
re:0.004733424085799627
exactly:0.04071370447179758
carrying:0.05872270525878781
this:0.006645347321157203
mean:0.033461038694048865
he:0.020128268449623232
recently:0.041890019804907454
purchased:0.06059309616674335
them:0.01855517938648406
board:0.04545818378930562
a:0.0053031802247331455
capable:0.0555415099640928
lc:0.26274126847410173
are:0.008138118754445893
brian:0.0472921204402377
it:0.00433994214860724
not:0.007631772260455251
only:0.01688020554771249
hughes:0.06475585549124926
able:0.033385635773552774
macs:0.06695219634076573
his:0.023347203057028566
pds:0.15172032407116393
hades:0.07758896627616108
writes:0.008370410012880535
if:0.00848291670586594
of:0.0049225464700187
what:0.01165116586071685
they:0.023618218341968193
called:0.03395258855514853
yes:0.03375754266460619
use:0.0420956842467683
and:0.004832878664440378
for:0.004118340036861696
subject:0.00033793616319010504
the:0.0009541177341633582
do:0.009092631884892363
can:0.010943873321996372
wants:0.04456373623536391
friend:0.04396454961636463
is:0.010202757983189769
cards:0.04981034765002661
carry:0.04927161835358616
does:0.015423909042247155
adapter:0.06327738374762584
slot:0.06453377562225042
iii:0.17554726243453322
says:0.03241806005604517
demon:0.07235400022121445
