since:0.010420945955227506
at:0.013765078319600485
tomorrow:0.026331295102807226
know:0.006426432946136988
vertical:0.05625467860448663
means:0.014763516773118504
take:0.011071610053831789
your:0.013124293981054818
with:0.003045975920778892
way:0.009022775101804912
response:0.018289575794934072
someone:0.011476344347203227
lciii:0.03011800724986778
from:0.008818460983647662
work:0.010547252416616165
my:0.004949032611095319
to:0.0007178120625473077
most:0.009669768041494988
manufacturer:0.026118680548014226
t:0.013418088828127301
mail:0.015959976587686747
that:0.0090339746206895
problems:0.028573679540539302
integrity:0.029855346553894383
nt:0.007438318247108734
months:0.017686429895728228
me:0.00564369104377367
re:0.0019476067853029715
so:0.005321930194713125
this:0.005468567066368947
internal:0.020638371958960067
on:0.010562683859151873
you:0.005789572806340852
am:0.008512168524486278
etc:0.01209543743467831
constitutes:0.030891028109858783
m:0.0071292432922712085
why:0.009269388438302117
more:0.00662197409281628
a:0.008728150786539969
hard:0.028169097943494887
sorry:0.01654904523301367
want:0.009857281081834278
idea:0.014439459871149772
drive:0.07353655595848929
question:0.011369719184099502
stating:0.02837839191587809
no:0.005863259042617239
forces:0.02294281819582207
month:0.02069689317389197
place:0.014163685506856382
it:0.008928526816145104
not:0.012560625178665935
have:0.007988290830432076
received:0.02015255620131131
drives:0.04215669428912147
calling:0.021421878226809677
try:0.01268952954345517
only:0.006945501240985867
650:0.026288072171480686
fail:0.023775967412971433
completely:0.018734341859580575
formatted:0.09206026068655633
placed:0.023723090478263008
be:0.003012819047590996
asked:0.017564067180929326
writes:0.0034440749532164703
if:0.01047110030880327
what:0.004793969286440787
but:0.00346501678255422
hd:0.023221902811103874
saying:0.015711224890439787
least:0.012539908243262928
well:0.00876493703204867
please:0.009976121650548201
now:0.008603720822282522
seagate:0.029941436668223603
good:0.008437551309164057
chance:0.01872425795839898
newer:0.10241347327841308
in:0.003701660456135218
pull:0.023542137621784504
or:0.0035120388422035693
message:0.01691312441958188
and:0.000994264100236432
for:0.003389050655334104
subject:0.00013904665047926196
i:0.007954112801891455
6:0.015303904336245804
info:0.01534060135100207
horizontal:0.02818897710248812
ago:0.029803809639215043
gravity:0.02818897710248812
will:0.005902632004704606
quantum:0.026977402647963365
detailed:0.025756565638386048
later:0.016642770984154703
the:0.0027480578489184225
do:0.007482478321942673
got:0.011521634487659239
can:0.018011791509119027
problem:0.011018569229404085
is:0.002798673196777749
disk:0.03646853108124876
position:0.05379442120644081
article:0.004220483751648963
very:0.009079387978038787
side:0.03354545915178326
data:0.015283050120863605
chair:0.029941436668223603
while:0.02260773443623461
s:0.012925755851167047
