basically:0.03567460498407169
go:0.017685747743582975
know:0.022434093193787304
tried:0.028162400482151552
someone:0.020031437406027454
work:0.03681949934527825
to:0.006264541636776504
keyboard:0.041316209417936324
nt:0.01947486959243014
me:0.01970161237099172
re:0.0033994591161651865
michael:0.027315410924306265
phone:0.026703155692814264
he:0.014455756432002137
something:0.018096921065122933
on:0.004609171138538999
set:0.024085587128417463
support:0.024899602813940963
m:0.012443770110146109
why:0.01617929618321824
a:0.0012695492053149044
said:0.019922771169667564
play:0.029108347570731285
terry:0.04920257821525199
it:0.012467470172362617
should:0.014934655838486178
have:0.0046477328467968435
ve:0.01659212453661304
buy:0.02733491932039969
similarly:0.0450250115845389
writes:0.0060114762819778395
tech:0.041225751864725706
down:0.02149423251775598
things:0.02031569025582045
of:0.0017676416869612604
what:0.008367655481787556
ok:0.029671356277372107
well:0.015298799183212225
they:0.016962174991049885
now:0.015017403617074947
better:0.02032923519364912
and:0.015618985138259584
for:0.0059154338711286175
subject:0.00024269960810925723
i:0.00867721396569977
back:0.03829739491031886
will:0.01030277586275713
than:0.013005466201995101
cs.uiuc.edu:0.05086004691337885
the:0.002740920036323829
do:0.01306032579829994
got:0.06033146786265202
holding:0.16751485235240304
did:0.014944645849481502
pair:0.04642638140115034
myself:0.030298564199980754
trained:0.04976047772776374
finally:0.03305931341632823
hold:0.03154346011767291
is:0.002442478426278763
desktop:0.13654959533371513
guys:0.035315233722647735
else:0.045937313187964665
right:0.03527042897800545
does:0.011077171039432046
their:0.013760760168924671
smith:0.07159524644484477
guess:0.02723779329941503
s:0.005640329825963803
