another:0.012528278702760333
uhura.cc.rochester.edu:0.03423113428589136
know:0.006971045907674021
all:0.005390213732464922
800:0.027116809523173933
true:0.014594806735355065
case:0.013963904561055117
own:0.012805031839254211
with:0.006608218946774546
c650:0.10517820750499403
4:0.042106262782689474
someone:0.01244891590205096
times:0.01587839627962162
from:0.0047828940928258505
wrote:0.029102542086924983
both:0.012687593685357277
several:0.015923454079476818
to:0.0007786435932716558
require:0.02191819807289597
near:0.02036596484452839
vram:0.03106946316761214
pin:0.02753269549686459
perhaps:0.016318991738079353
that:0.0019599131380478915
memory:0.03821053362900921
could:0.01705208085114189
sometime:0.029425827199386426
me:0.006121969945788388
re:0.002112658207786274
michael:0.01697567910550107
so:0.00577294122816339
simm:0.06321587751945394
two:0.021071067035630636
these:0.00935952527174544
on:0.005728913279539999
8:0.033361483416653855
ns:0.06846226857178273
sure:0.012327932317283635
board:0.04057849174412592
a:0.003944926909170607
wondering:0.020332957637611847
was:0.005002605277408958
ram:0.06592978081751269
logic:0.02346181326664956
computer:0.015145214153476357
mcguire:0.07356944511125231
meg:0.05260694459525738
d:0.010292905211169693
requires:0.02267884059271653
it:0.001937036326214531
not:0.006812542469784914
centris:0.05703174979575471
only:0.0075341030410694156
ve:0.010311489825013754
650:0.08554762469363206
postings:0.026026318868311207
60:0.04600744948464426
adams:0.0261786115801108
open:0.018672093665273237
heard:0.01526919412101624
be:0.0032681426956919285
which:0.007298826737387106
simms:0.11332851220833291
if:0.0037861605636350807
of:0.002197068763454674
future:0.01979947075885791
seen:0.014646694297301428
what:0.005200237870037465
version:0.017629777444438333
megs:0.0925605723363924
up:0.007590171583911777
clear:0.018631360125348096
in:0.004015360494790746
according:0.019432351438340215
leaving:0.026147822852610435
speed:0.018974379473930967
or:0.003809669252559804
stories:0.026147822852610435
total:0.04136740673225312
610:0.031527799578981455
better:0.012633987973454254
and:0.003235571309243982
for:0.005514387506984305
subject:0.00015083026492665705
each:0.014384233883393306
sockets:0.03328732589796387
i:0.004314095078991976
4mb:0.032768639179019676
the:0.00681358653097449
would:0.0052692070401377175
peter:0.02080165582387546
needs:0.01892286193598501
come:0.013566065957454285
apple:0.021431451679599298
just:0.0066349636354004855
about:0.011130126331320583
is:0.004553773337129897
questions:0.03417148403667245
does:0.013768235190254522
dale:0.02726452297009101
72:0.02948094683184611
2:0.0330238907134815
1:0.011065106734037902
dave:0.019809461420195438
article:0.009156303732390972
little:0.013250501140669288
luck:0.02329259110685662
main:0.021008005715405807
s:0.007010579444700772
