rd:0.3984354852622282
rod:1.308164569067399
ms:0.32154922479885284
fort:0.4734016114159305
co:0.3511527494838858
collins:0.4409405029498248
email:0.21106912761291854
37:0.3999007310292047
subject:0.002053612068616792
regards:0.3176436613085895
east:0.3132045599531552
