basically:0.04409220840727962
expensive:0.045506593192549315
king:0.04716464612222242
there:0.010312123433451094
static:0.06422433727501058
mb:0.051291974643713656
chris:0.08621903916672584
much:0.05889427650202016
wood:0.1132377383772534
wrote:0.02893904465947035
store:0.05014834886495026
single:0.03653288393834129
to:0.003097076764249058
ultb.isc.rit.edu:0.13033818280194343
that:0.0038978047801626605
bit:0.030618923573659546
nt:0.01604670902747053
dynamic:0.06193670856443485
re:0.004201578682900792
apple.com:0.06178983124345336
simm:0.12572146428026232
on:0.011393456746950335
8:0.03317405935251535
more:0.01428560703169355
a:0.0031382115187559437
how:0.014779359519428362
bigger:0.052374346654257845
price:0.03517015957128048
ram:0.13111877758089602
based:0.06788546094158522
are:0.007223723388777814
not:0.006774269759280504
thermal:0.06335289643966367
have:0.00574438891177138
christopher:0.054372517939051394
has:0.011963758133556752
anybody:0.034152754437221294
writes:0.007429914505815307
if:0.0075297799973416775
expansion:0.05194095030834503
parts:0.04099657316198158
they:0.01048224297199712
in:0.003992802289763831
1024:0.14129780541644088
moving:0.04765147844540822
and:0.010724646474460389
subject:0.0002999658077754865
each:0.028606847161355226
any:0.011497609733582104
than:0.016074171710331025
do:0.01614197570576397
less:0.030886129849396374
last:0.024496208450106718
an:0.010088743129907153
long:0.02674507016975938
about:0.011067597531706422
is:0.009056380681707771
move:0.07947921608029251
ignored:0.057680564058524696
does:0.013690885554354215
1:0.022005886426120322
article:0.018209727647564067
neither:0.04205372416293223
s:0.013942388333843108
