rumors:0.15904097952871366
lciii:0.33043756525569223
width:0.1615270188712745
that:0.009911560726699338
anyone:0.047797564275468316
bus:0.11562979005016175
on:0.014485966435408284
card:0.1749090483722424
a:0.003990011788132557
l:0.09442744510723894
internet:0.08161525551756017
releases:0.1633133147850269
it:0.009795869421142056
has:0.030422127825330027
heard:0.07721849598342498
pds:0.17122722288031356
of:0.005555445301878247
seen:0.07407042544635294
now:0.04719755422509269
or:0.01926604164865958
for:0.009295681797487828
subject:0.0007627701969148084
any:0.058473558073646126
the:0.006460740085620454
cache:0.2772953037567027
press:0.10249572459336188
slot:0.14566195069022236
full:0.0882760709692358
data:0.08383844637730892
