since:0.01053064012317727
simply:0.01609812284149152
click:0.029835332276975764
believe:0.01143511515963337
generated:0.025540356924959456
cable:0.022724460333627624
there:0.004830415713563934
quadra:0.0261468583122099
microphone:0.09973799807218219
900:0.028943657792986046
with:0.006156077650416288
though:0.01308181158742463
wrote:0.013555657761541374
options:0.04763137272291385
outputs:0.031216196826804668
several:0.014833954589828403
to:0.004352207873971045
sound:0.01816412257436016
obviously:0.019378384635926088
design:0.019806143196976014
then:0.008399370261977911
next:0.014096736967100922
that:0.0018258138180761937
control:0.016050706683900122
v:0.020245517441589537
bay:0.05045520416075259
nt:0.011274924500880608
months:0.01787260284199905
yup:0.030619730062030965
re:0.0019681079093587924
sample:0.02480632467156821
apple.com:0.05788731558597209
this:0.008289196395338195
internal:0.0625668539387421
on:0.016010805007556524
you:0.011701031355973092
came:0.015888035434094457
a:0.0007350021714981026
how:0.0069229631433111805
same:0.020443087900301183
sorry:0.016723245709150656
price:0.016474443167599804
as:0.004211127159036939
worked:0.020232441266180786
mac:0.03611875931380143
also:0.00780787964041877
button:0.10011587510081366
panel:0.025949713246236742
cd:0.023490542363055648
computer:0.014108962658764816
brian:0.01966356586725673
it:0.001804502261789326
not:0.0031732105714524467
have:0.005381585401554241
centris:0.053129577441308334
made:0.012239892378515796
mistake:0.023514852604404567
ve:0.009605966836986496
hughes:0.026924803072677327
machines:0.020768139657285748
650:0.026564788720654167
sun:0.019097327916309692
hades:0.03226067545166698
writes:0.010440985121329932
get:0.006917757764690118
analog:0.028361858454039605
down:0.012444029352385042
of:0.0020467430059551437
seen:0.01364455205590712
what:0.004844432121034901
macintosh:0.024713715398460945
never:0.011599680162430844
latest:0.02192814000133027
using:0.011602213571815371
they:0.004910103286882861
up:0.007070844054486235
removed:0.024301861730567535
tim:0.021462680524927308
in:0.0018703126515209523
yes:0.014036030897388889
word:0.016151981664017993
subject:0.00014051029943167525
i:0.005023650190668287
cd-rom:0.02711448694890468
world.std.com:0.07256962626885075
ago:0.01505876697560339
will:0.005964764973175181
assumed:0.025722491289051432
the:0.009124378541972747
do:0.011341861877471
when:0.01376499413519722
can:0.004550347328619544
put:0.013091891050246206
jim:0.0356455868099881
apple:0.039930178392516585
audio:0.07832050231475782
is:0.004242199371957851
select:0.049864788722320544
issue:0.01648084214455186
new:0.009073681920439721
hardware:0.018682532229866062
motherboard:0.0475286761445416
bailey:0.0689185635422811
icon:0.02952102051538828
smith:0.0207249397603498
nothing:0.013446610534215309
various:0.018760941991343098
supposed:0.019203657954822952
article:0.004264909896403163
opinions:0.01502952713431601
before:0.011190496143277075
by:0.005212818288511401
check:0.017417429287303627
s:0.0032654541097685173
