bottom:0.047226464503673904
technology:0.03544913353491519
with:0.006156077650416288
missing:0.04544892066725525
313:0.06452135090333395
longer:0.035728536930254476
line:0.029724249987431457
ai:0.05108071384991891
that:0.0036516276361523874
mi:0.05612885153688613
view:0.03584577634510138
like:0.012259358563249192
nt:0.0075166163339204055
re:0.003936215818717585
phone:0.030919443433784936
on:0.005336935002518841
you:0.005850515677986546
a:0.005880017371984821
how:0.013845926286622361
ms:0.04400147286721144
border:0.05108071384991891
worth:0.03700172230307198
worst:0.045365378039931716
no:0.01184995511771063
internet:0.030068778348574802
it:0.014436018094314608
expense:0.058164339884049704
have:0.010763170803108481
only:0.014037223560729332
university:0.02474042212209109
formatted:0.062019544041469525
be:0.006089065864604961
found:0.028152847423757867
ave:0.05503136721768182
if:0.007054214944877992
of:0.004093486011910287
visible:0.04992877868101931
up:0.01414168810897247
michigan:0.05422897389780936
in:0.0018703126515209523
additional:0.04499743051326248
or:0.007098015344243003
and:0.002009460076267315
word:0.06460792665607197
subject:0.0002810205988633505
table:0.09536619838903676
feedback:0.05830563483491435
i:0.00401892015253463
cells:0.05748498702997001
room:0.04197924716124848
will:0.011929529946350362
than:0.015058960865468011
the:0.006347393768328867
page:0.22130240700985718
last:0.022949079495363133
problem:0.02226910833732194
makes:0.02939976718159973
lab:0.045365378039931716
is:0.014140664573192836
does:0.01282619804565816
lot:0.026090035665951482
first:0.019763735046221486
advanced:0.048660469236239026
show:0.03168493336562982
difference:0.03375951417720407
opinions:0.03005905426863202
ann:0.059509954320995866
hp:0.045533131642698156
s:0.006530908219537035
