some:0.008712961754726523
silent:0.039316338985206346
since:0.014931504652266277
quadra:0.07414780715402808
all:0.007119909183927546
storage:0.03748372266355221
specification:0.04230382934795071
with:0.008728766817754438
from:0.012635406782539934
wrote:0.019220708766364634
name:0.04122735083328733
to:0.004114027343554719
sound:0.02575509917260023
encountered:0.04164492929462476
corruption:0.04341603516258122
design:0.02808333736884659
most:0.01385519002960476
owners:0.03222124972678544
track:0.03395369834176523
that:0.007766521464950973
problems:0.040941391580474225
nt:0.010657888831678187
yup:0.04341603516258122
me:0.008086482689586155
attention:0.0316767048024079
re:0.0027906007670012727
so:0.015250904438580896
apple.com:0.08207902956219924
this:0.011753338172494455
curious:0.03198710702105593
you:0.004147753652303895
used:0.014734802301021385
m:0.010215035165045313
why:0.013281511792194077
price:0.023359285088387784
standard:0.02271675030195699
timing:0.08207902956219924
mac:0.07681974928681647
scsi:0.1262678297353123
fine:0.024172810282989256
chip:0.024122420580621445
experts:0.07232668848890922
computer:0.02000524556093519
are:0.0047978461313524295
results:0.02733644588707806
it:0.0025586226099997907
not:0.01349798526662608
have:0.0038153030831914393
due:0.02473986929028718
try:0.01818201248017457
ve:0.013620400739010703
has:0.00794607816333247
sun:0.027078300776857023
down:0.017644519230993715
kinda:0.038111208612884605
if:0.00500112253554783
of:0.00290209829202595
industry:0.03399129381960073
concluded:0.04094322071516001
suffer:0.03668542326390917
but:0.004964800166047838
macintosh:0.035041835266474475
tim:0.03043215895325514
in:0.0026519358491714994
use:0.012408802445875732
subject:0.0001992310215822261
i:0.005698468872996863
will:0.008457502573905108
the:0.004500017970083898
do:0.01072116296875368
when:0.00975876449883385
devices:0.09503011440722368
would:0.006960071985853552
can:0.006451985018191891
apple:0.05661741712371754
many:0.013829858414761892
including:0.023731102287539028
handled:0.039316338985206346
is:0.002005019603661671
right:0.01447666861037537
hardware:0.026490157639362324
does:0.009093200106996456
their:0.011296146407326223
smith:0.02938610861542136
nothing:0.019066089563439616
although:0.023580145199662374
article:0.0060472603008701565
opinions:0.02131052354865703
fault:0.033037313435198605
by:0.007391309513560941
data:0.021898101665715018
s:0.013890364496776528
