root:0.06221085626898489
at:0.010876111264869518
50:0.042607201100350996
mb:0.16907354604779687
my:0.011731040263337052
to:0.005104441333669743
scanner:0.13744282181493772
0:0.0452488430675362
5.0:0.06262241701302923
reboot:0.07537568869429215
memory:0.041748546002065616
12:0.043868948538420195
need:0.0474370862098083
this:0.0064812646712520865
mean:0.03263484020777605
on:0.0062593682128307395
more:0.015696531182971922
a:0.0051722375031347965
iici:0.0759780364000876
mac:0.04236150783717452
also:0.018314779403451435
minutes:0.04919959565478486
it:0.00846556616641906
have:0.01893520789435751
try:0.030078884843745587
buy:0.037121495373382295
color:0.09122548411366385
after:0.0238174529341352
free:0.03564824437191031
making:0.037958113467560534
captain:0.06942707033759168
of:0.004801002112734288
what:0.011363482753044829
shop:0.05999375038040366
print:0.05427608680067559
operator:0.06773322933125236
now:0.020394004912077088
and:0.004713548327046788
600:0.06068946564646701
subject:0.0003295920603952876
i:0.01649741914466376
hangs:0.07297870086168774
noise:0.05654827424217466
the:0.0018611185431828467
do:0.008868122455635761
when:0.016144128923996737
would:0.01151419316178242
photo:0.0674206638005821
scanned:0.15525314422300293
10:0.03568360194933536
about:0.02432138716844127
is:0.0033169460109958504
picture:0.10100068552334321
disk:0.043221962762961495
printer:0.05365348366947939
does:0.015043071781944755
dpi:0.07537568869429215
