fax:0.11994679764248586
my:0.018631652182947083
adb:0.2597735128491307
to:0.0027023512942957466
village:0.10193548045842472
software:0.0552114880094364
global:0.1003080898786018
through:0.046460064588722094
consider:0.06314439369747438
asking:0.07030260420859596
me:0.021246836870677348
peak:0.23419213300443692
am:0.0640916218314261
modem:0.1671910030013651
other:0.0270452546633708
mac:0.06728004185904188
internet:0.05601046947283542
reasonable:0.07330014059031466
it:0.006722655485097489
selling:0.08176033598724589
sending:0.08901559793062662
port:0.08176033598724589
please:0.037557163860887345
david:0.04894990665381361
offers:0.0886292239878946
for:0.012758778937728392
subject:0.000523469742980751
however:0.04700193929797869
i:0.01122933572031735
will:0.022221673429476164
the:0.004433841235229724
bps:0.11407350415266439
paul:0.06421612727664819
is:0.005268090723346351
90:0.07905802763812417
sale:0.06225239517850254
dave:0.13750096750488597
e-mail:0.05391560346376993
2400:0.10914577026480349
included:0.07338787157845036
