iisi:0.05335399115116361
frequency:0.024747095624071496
at:0.004361212932942728
boeing:0.06378121802830572
know:0.006108292701278722
small:0.014795771783495105
thanks:0.009868250717406747
switch:0.12630039867356957
with:0.011580740134446483
way:0.008576103067062095
further:0.017563536639016768
signals:0.025153101325362758
my:0.00470403099668466
to:0.008187321743113846
then:0.007900397771167342
mhz:0.023391616782694444
clock:0.06371496263761509
front:0.01741064816517789
next:0.013259307048263244
been:0.007263566273373462
problems:0.027159140949423496
through:0.011730016307053599
nt:0.007070084670519193
could:0.007470837402604244
re:0.0018511906078127255
started:0.01623388552469755
anyone:0.008281756186343522
this:0.005197845924469495
two:0.009231630854719364
these:0.008201168183658132
slower:0.024194422499602835
on:0.007529834038207276
speeds:0.07389454384255618
inside:0.01858443330234746
board:0.05333460177260115
a:0.003456693380807909
want:0.01873859373972457
running:0.014987427784389613
route:0.025325309820835112
services:0.01978545360130351
also:0.007344045206334487
course:0.012109662375742668
chip:0.016002001771303336
computer:0.013270806461214433
are:0.003182729611887255
plan:0.03866895244988719
sink:0.02907330935133124
desired:0.02703501865270867
it:0.006789216430494494
not:0.008954109038256905
have:0.007592830888331478
heat:0.022624261603748943
tom:0.03758146755915599
between:0.01149933587151686
expect:0.017110005362170236
able:0.026113517090204645
mother:0.021087148978907594
crystal:0.028542390884234225
without:0.01112480438021037
be:0.005727339179578924
applications:0.019308420927694712
get:0.006506801857876843
if:0.003317576335462422
of:0.0009625771562660329
even:0.008312670533495176
but:0.009880443894808072
using:0.010912973161608518
si:0.026793483186523363
in:0.0008796024846261905
cpu:0.022140902843531533
system:0.011065457075458045
speed:0.016626065182602876
or:0.0033381755331835907
use:0.008231581820531426
weeks:0.01802259844224312
watching:0.021087148978907594
and:0.004725215525876112
few:0.022629975256497886
subject:0.00013216315293078365
i:0.010395474156927447
back:0.01042750851518583
power:0.01337552118896308
directly:0.01798267487869495
voltage:0.025595403802272904
20:0.01556847697230505
any:0.015197335637952582
yet:0.013020142290525564
the:0.005597175816750393
do:0.0035560293015173103
upgrade:0.021893888134894787
when:0.019420907566986174
33mhz:0.029774549534811574
around:0.01171878432254275
level:0.01742839189402846
would:0.009234154911924516
can:0.012840088996599703
put:0.012314154948251383
reports:0.019575358634594812
upgrades:0.028889936719250307
statements:0.020868709350645526
different:0.03753292422788981
idle:0.026793483186523363
is:0.0013300625093597223
select:0.023451262022873526
does:0.006032122843255075
run:0.026503311172152426
build:0.018473431005041358
experience:0.01639714244948093
stock:0.02459357960059347
too:0.009665930038933152
needed:0.01651397371354466
mine:0.016164549726732605
reduce:0.022573745909817054
