preference:0.055652684838327394
there:0.01782095117625529
know:0.023958740304044695
send:0.0284790982609342
thanks:0.0193532683972443
where:0.01793647376925982
i.e:0.03353921356286799
into:0.01738644566002317
both:0.021802952255419783
my:0.01845076235592818
to:0.004014172310944168
ccu.umanitoba.ca:0.11516655139986187
mail:0.02975063596928015
that:0.0033680060721793864
considering:0.03888708694519507
bit:0.0264571281364631
like:0.011307175373870612
michael:0.029171798074501834
so:0.009920491236746796
these:0.01608384439901886
on:0.004922415779022232
performance:0.03680593430676326
etc:0.022546834829691605
purchased:0.04647431647740509
infinity:0.06077263557344585
m:0.013289463224427884
necessity:0.05364672125227885
a:0.004067487745183675
other:0.013391339687688453
adding:0.045874821263148326
capable:0.04259979890449836
worth:0.0341278021241926
handling:0.09370525370303123
drive:0.027415570376757167
advance:0.030713604045404363
far:0.024168719146809722
are:0.024967432295193222
not:0.005853495228892862
drives:0.19645838115318742
only:0.012946953769604723
quality:0.03732197903470242
floppies:0.10919597470572671
be:0.011232257420145074
which:0.025085288010048886
recommended:0.04765656766398389
of:0.0037755453507910416
looking:0.025183352868025668
what:0.00893633109705467
but:0.0064590604101981575
order:0.027226377292548464
please:0.01859626560102189
they:0.009057472082599452
in:0.0017250456494610725
system:0.021701187662548783
and:0.007413542028947375
for:0.006317453648778135
subject:0.0002591937562331873
i:0.005560156521710532
info:0.02859607242128541
directly:0.03526699345142116
any:0.019869655656093343
the:0.0014635980776486464
would:0.01810970186610439
can:0.008393844586773915
places:0.03703710565330422
replies:0.04351270132826803
about:0.009563263886620111
current:0.030701414793503082
is:0.005216944211469202
either:0.024306434049644252
their:0.014695957461958387
request:0.03786700026596439
mike:0.031023417756870904
