all:0.028060818548420328
with:0.017200805199692568
adb:0.389660269273696
to:0.00405352694144362
ii:0.21596469441824223
jeff:0.12398468496559989
compuserve:0.15347434085990475
a:0.004107365076018809
jeffrey:0.1617439700196279
internet:0.08401570420925313
university:0.06912765004701922
mouse:0.25564306924869595
scientist:0.14501310343485238
of:0.00571884075193349
institute:0.11448405440980312
southern:0.14869437234526434
subject:0.0007852046144711264
al:0.1120592406094774
sciences:0.14969147680631378
information:0.07173003777893426
research:0.09080386707461109
the:0.002216920617614862
when:0.07692202604963153
start:0.08286947317301507
apple:0.11156961609673752
is:0.007902136085019527
et:0.1338175169940159
new:0.050705869555398436
sold:0.12078023838358355
supposed:0.10731455915930473
