pc:0.30298564199980754
re:0.03399459116165187
this:0.047725676215583546
a:0.025390984106298094
test:0.3250818049072428
buy:0.2733491932039969
macs:0.48083850099277203
suck:0.501124278384973
subject:0.0024269960810925726
is:0.024424784262787626
