4:0.04072572957669966
sell:0.05705036555705849
my:0.015577282972627891
to:0.00451868577078961
100:0.055385444243132326
that:0.005686961072696341
like:0.01909244366407661
months:0.05566876295048886
consider:0.05279285374706874
me:0.0177637488590909
peak:0.09789999002644495
had:0.025154237470198938
two:0.030570318568087073
am:0.02679239929018632
them:0.024030478221840016
a:0.002289351025977697
other:0.022611606357900178
old:0.043408411185939744
also:0.02431962510950109
lc:0.08506786971087721
are:0.02107906169184346
internet:0.04682842529696076
meg:0.07632319010951276
reasonable:0.06128372410009915
have:0.016762315185168946
only:0.021861249807693224
simms:0.24662885238780646
get:0.021547114349034793
trying:0.04420210201751469
please:0.03140025175254516
they:0.03058752867238504
david:0.040925331792532695
one:0.016119850947141353
in:0.002912781998270336
offers:0.07409984300627254
and:0.003129487004022868
for:0.010667175833182755
subject:0.0004376550310166934
each:0.04173785897312484
i:0.01564743502011434
4mb:0.09508277269977841
will:0.018578776145955482
would:0.015289338460727477
paul:0.053688893296869794
2:0.031941140198285395
sale:0.05204708449350213
dave:0.057479912645485125
e-mail:0.045076979945119125
three:0.047844065679876605
lifetime:0.0921900442187693
