say:0.04628158473823277
there:0.04476970661351939
thanks:0.04861918646136983
graphics:0.17164592390925473
to:0.003361461366075197
matt:0.23944519362879715
that:0.016922176850462285
se:0.1231051184615681
040:0.14833903138603588
none:0.08835390810783644
card:0.0746563011344937
se/30:0.4643848420283819
also:0.03618285687023333
are:0.01568076540490794
have:0.012469527149942754
ve:0.04451545607383986
be:0.014108811149694422
of:0.00474245330648143
seen:0.0632308509907891
but:0.016226420054888054
for:0.023806014359420046
subject:0.0006511452900492268
i:0.004656066030375486
any:0.02495822600704408
the:0.005515265926749168
an:0.02189995459906675
cards:0.19195207143180987
accelerator:0.12926355171343976
seem:0.0673100623145302
plenty:0.11369065493241337
