reached:0.02497662726440202
sells:0.026717121472957427
at:0.014057952326400494
out:0.012533798926387871
preferably:0.028023348000093883
there:0.0048818031147720604
know:0.013126331124024487
all:0.005074828886416442
true:0.027481710554870708
fax:0.016269379467464838
your:0.006701767139262035
with:0.006221567838186674
though:0.013220979795801488
such:0.010228814912062758
buffer:0.028190455426867177
from:0.009006087813086974
clark:0.026674397155418784
wrote:0.013699866886664155
corp:0.024617897047404507
to:0.002199253978868347
ii:0.03905744473521402
100:0.017970809036335487
that:0.00553571210799697
bit:0.05798051485224893
like:0.006194888635684432
nt:0.00759658033747275
rob:0.02340788665957042
need:0.010219159529240619
re:0.0019890452275434603
charles:0.021894960930499124
prefer:0.02184323460128639
national:0.017309435771210177
this:0.0027924597785713777
you:0.011825510412951528
speeds:0.02646577634077367
etc:0.01235278716733104
them:0.007797123252831068
specified:0.027861330939005006
card:0.032562854750151506
board:0.019102109145506085
a:0.004456928061211899
other:0.01467348923225437
samples:0.03023519850617745
want:0.010067010466554158
khz:0.06445649753832736
mac:0.03650300143416102
accuracy:0.02574018136476369
plus:0.019020743904147184
ratio:0.056725966978767896
are:0.0034197413914958804
brian:0.019872752738184993
plan:0.020774277645950034
d:0.009690660757324656
it:0.0018236990943615529
not:0.0032069681307232176
have:0.00815825446512212
boards:0.099538604863777
buy:0.015993835772574287
expect:0.018384154697651
careful:0.02447528397585846
differential:0.02991272711353684
has:0.005663694010034846
be:0.009230764741555392
converter:0.028663580352486832
writes:0.003517353143710438
of:0.00517129216930156
freedom:0.021212917448503222
looking:0.013797262475567255
distortion:0.03247569566083864
but:0.0070774810877703214
least:0.012806714801630224
who:0.00687794082039281
good:0.025851221032332432
one:0.005230377169019269
in:0.0028353143919333584
vendor:0.029251569046102918
clearly:0.01933250200225747
or:0.0035867630728887516
douglas:0.04798278307718791
and:0.007107930588924279
for:0.0069223162321717865
subject:0.00014200508985116116
i:0.004061674622242445
dma:0.06309656805417964
rate:0.020663168667506653
any:0.005443017373876634
than:0.0076095812884013885
the:0.004009324521218367
do:0.007641679988366986
would:0.01488270711868685
can:0.01379626583677202
many:0.009857452274351561
about:0.005239447767669529
e:0.01654728561730759
is:0.0014291097175035314
checking:0.02584837117453562
does:0.012962646961037503
run:0.014238481002060611
16:0.07419133493244982
nice:0.016807124769972117
resolution:0.023765010610834403
instruments:0.028023348000093883
terms:0.020474143485183317
article:0.008620562556559585
very:0.01854513289131327
high:0.014879382051284688
200:0.022107048117985174
check:0.01760272108823239
range:0.021274233965370603
