preferably:0.054313293031109794
know:0.01272036212018868
printing:0.050097874028996875
where:0.019045946373543936
with:0.00602914821432523
my:0.009796023312683519
via:0.0352394987486149
to:0.007104119381911499
usable:0.059794320976149305
software:0.029028720499806766
mail:0.03159088149315315
client:0.051616685521335616
terminal:0.04921851752887424
and/or:0.041659608527257426
me:0.011171017323758192
account:0.04200803512089959
anyone:0.017246543810735992
ps:0.04644909611154346
these:0.01707872137215405
used:0.02035529390038006
them:0.015111950221981864
modem:0.04395227398489495
a:0.0071984748754968814
other:0.014219669977648565
y:0.04395227398489495
as:0.008248599589866169
mac:0.07074808525383786
also:0.015293784862675942
cheap:0.03831166204543142
are:0.0066279523876415
have:0.005270624877810854
able:0.027190363155780092
uses:0.035206135359138524
his:0.01901473238665213
be:0.017890554344457875
of:0.004009084238468838
what:0.009489093845326094
but:0.006858589920107322
order:0.02891048310445868
latest:0.042952026806729396
who:0.013330442002410807
up:0.02770021382169865
net:0.03417672664843796
pick:0.08288772179459823
one:0.010137225853356932
system:0.02304352916744871
yes:0.02749325639694731
for:0.010062335966352804
subject:0.00027522635971152884
i:0.007872111638985357
power:0.055708356292176124
will:0.023367120513469782
connect:0.047382230209902544
the:0.001554129917503202
do:0.007405339370170069
supplies:0.11420691359416212
can:0.008913051468430034
pair:0.052648473753881826
needs:0.03452934600690048
friend:0.03580617958446192
just:0.012107098592431814
is:0.00276982089578004
planned:0.050905418804975296
512:0.054747432055337907
their:0.01560498575857437
run:0.027596231220488605
sold:0.042335341289091145
dead:0.03537404262691893
nothing:0.02633872166495782
e-mail:0.028347379140745015
by:0.010210674998115114
s:0.019188750954309844
