with:0.015806145318636416
c650:0.3354332023132242
to:0.0037248625948400837
jeff:0.1139318726710918
you:0.015021594308343834
compuserve:0.14103047538477734
a:0.011323006425781582
jeffrey:0.14862959407209053
question:0.058999623874246065
cover:0.10605963643913206
internet:0.07720362008417855
it:0.009266362965945189
centris:0.13641377991687276
650:0.13641377991687276
university:0.06352270544861226
scientist:0.1332552842374319
get:0.03552362095381412
if:0.018112173507119172
of:0.00525515096123618
institute:0.10520156351171099
southern:0.1366380718848375
subject:0.000721539375459954
al:0.102973356235736
sciences:0.1375543300382343
information:0.06591408876983149
research:0.08344139136585885
the:0.002037170297267711
upgrade:0.23905758936479715
et:0.12296744804855517
new:0.04659458283469046
does:0.03293213011723041
sticker:0.16029938911061856
include:0.09085198035796221
