some:0.008981052885641187
at:0.006776653941957162
locate:0.044350484297040874
there:0.007059838350593442
know:0.009491347120448477
ah:0.036210015119005935
miller:0.036628431057973615
nubus:0.2746744663574034
into:0.01377541463832605
such:0.014792440026675374
o:0.026930607567691396
my:0.007309340471771549
to:0.004240612800279479
us:0.015845202970653817
family:0.030311285147074363
been:0.011286464517087995
plugs:0.04475191316758372
make:0.013539080641151568
that:0.0026684971187267447
v:0.029589602414630864
re:0.0028764654059859275
national:0.025032107115288565
this:0.004038326449010915
bitnet:0.037540429017393274
he:0.01223179390400181
recently:0.025456242804520687
tell:0.018538654258634255
cage:0.040850006995136745
fnal.fnal.gov:0.04643413779039011
purchased:0.03682195843979019
card:0.02354544881934032
vs:0.026281630346641095
bill:0.047623290395257194
why:0.013690173693492357
a:0.004296935771835062
was:0.006811239493087582
capable:0.03375214836279486
lc:0.1197493858237733
are:0.0049454721661632735
brian:0.028739057805990606
internet:0.02197333802395851
reason:0.020555476338527136
it:0.002637349459538246
not:0.009275538593476384
have:0.003932697024212714
fundamental:0.03759441034553671
only:0.010257971063609898
hughes:0.03935163526006687
between:0.017868198815741584
able:0.0405763880940103
has:0.008190572876050392
higgins:0.2376745675535149
macs:0.040686334699388406
his:0.01418791570388659
pds:0.23049818464657595
hades:0.047150217967820963
writes:0.010173267554116345
if:0.005155003228949302
of:0.0014956968120441434
what:0.014160647738409712
but:0.005117563248080079
least:0.01852047986697294
they:0.007176304803905721
called:0.020632726891205645
one:0.007563930059812481
in:0.0027335338752998537
use:0.025581223503805355
and:0.005873806376781383
for:0.005005367121724215
subject:0.00020536120686167922
i:0.0014684515941953457
impossible:0.031663481961029506
the:0.0017394300230516608
can:0.013301015268272515
ends:0.036393173955111456
wants:0.027081039712259607
friend:0.053433837226043175
laboratory:0.03682195843979019
is:0.008266850058174274
cards:0.030269365110400785
beam:0.04314610690710595
adapter:0.03845317935432648
accelerator:0.040767735540392536
slot:0.03921667903198295
article:0.006233329848589239
iii:0.07111914734527243
neither:0.028790626542315147
difference:0.02467041420641836
demon:0.043968969365199555
s:0.004772586775815526
