24:0.021052205453267015
cable:0.049628131763094815
quadra:0.028551167122528052
final:0.04432929192225971
tower:0.03160514356705373
with:0.0033610768781008465
into:0.01029197645392176
carson.u.washington.edu:0.03160514356705373
longer:0.019506959818242388
added:0.0480875653650737
my:0.005461001501898283
to:0.007128616345297401
add:0.01974839319799838
connector:0.030278100138032473
been:0.008432416018514018
guy:0.019461670959476263
problems:0.015764788712021683
equivalent:0.027121473696079163
bit:0.015661403437101724
its:0.011884049172610173
me:0.006227521151750257
re:0.002149083349299831
flat:0.028378308184382778
had:0.008818439572885833
this:0.003017140450410454
hooked:0.03313541930238686
internal:0.04554675190942911
two:0.021434361294865648
you:0.003194247065567367
onto:0.0250239234273813
board:0.02063906045606405
a:0.007223297202653767
hard:0.04662471383750878
kuo:0.03566387495858993
was:0.015266571277610096
cx:0.07870538079272461
ram:0.022355500392145105
adding:0.027155785000599297
mac:0.019720012269029516
drive:0.08114378588522955
scsi:0.12155092804979778
definitely:0.024458918069659673
video:0.020090294211867945
no:0.006469803081508677
meg:0.026756980440691254
works:0.01709842525029161
it:0.007881734017010849
not:0.006930000098574309
have:0.002938221914641683
drives:0.04651773162937541
between:0.013349803712910377
able:0.01515784612707281
second:0.01580284929110498
after:0.011087434986580179
technologies:0.056756616368765556
has:0.006119393528083626
chain:0.029933169047651708
which:0.007424668577686883
recommended:0.028210496950519203
if:0.003851439194042582
of:0.0011174746296881532
but:0.0076469335890851755
hd:0.05124833723829821
supply:0.02320669789427899
well:0.009671654656053706
removed:0.02653651568280363
yes:0.015326700405194764
or:0.0038753532051901455
resistor:0.03522717434377428
and:0.00548559503578721
still:0.011733960242698547
for:0.003739642102437632
subject:0.00015343078673573735
i:0.0032913570214723265
power:0.031055807818052207
possible:0.014810181741175758
20:0.01807374912876793
quantum:0.02976816843913199
the:0.005198296620614159
do:0.004128263901761475
int:0.031105078182055854
extra:0.022325722468340525
an:0.0051603341296651535
apple:0.021800959467178593
problem:0.012158421218652782
upgrading:0.03215290322110157
about:0.005661012530585469
changed:0.02172020226341049
cooling:0.03386124530999773
is:0.0046322866705286875
either:0.014388291420191714
occur:0.026148250447106558
simultaneously:0.03175639246542944
done:0.015222204318509762
angle:0.030708567426383726
new:0.019816086952684445
disk:0.020120568872413112
motherboard:0.05189912912335002
mount:0.03016080777233588
proceed:0.03333361571658898
stock:0.028551167122528052
procedure:0.029055222182407973
accelerator:0.030458652989948445
very:0.010018635010249697
by:0.011384315802496162
wish:0.021471709855050453
700:0.03090340393026695
s:0.003565725752046082
