there:0.03824079106571447
thanks:0.08305777687150678
track:0.18957481574152252
on:0.021125367718303745
how:0.10961358310242703
are:0.026787974233384394
per:0.2947354262977514
mo:0.23251752189498823
disc:0.7824476830081154
5.25:0.47368477659678004
or:0.028096310737628555
and:0.007954112801891455
subject:0.0011123732038340957
an:0.03741242244007236
jim:0.14109711445620288
many:0.1544334189648411
revolution:0.2208252341771262
cup.portal.com:0.22453137942781354
