another:0.024368190443830536
iisi:0.05921706710184094
go:0.021378376393342058
configuration:0.05212345027139379
insight:0.06281281337885651
know:0.013559067314926395
help:0.04703500483608345
mb:0.10032935699539595
situation:0.03872672844807251
thanks:0.021905347746331464
with:0.012853348940429613
c:0.028418655993724836
4:0.027299664881084387
someone:0.024213825435857362
from:0.009302991806925008
to:0.0030290091430567713
add:0.03776066391705186
pin:0.10710521105373698
usable:0.06373680367787345
that:0.003812138741038207
memory:0.03716079369414633
like:0.012798231467128277
rob:0.0967183009230602
me:0.01190756791653346
need:0.021112109796672926
30:0.03761654367443836
simm:0.06147917758760082
more:0.027943275292763206
a:0.0030692398370250444
ie:0.045973826228147385
have:0.0056181386060181636
probably:0.026233227637683612
robert:0.035114417900634104
regarding:0.04348347660517448
be:0.012713434222801568
which:0.028393238077308085
simms:0.22043018308653767
get:0.014443670058144202
powerful:0.050564322939136166
years:0.04900605325231634
please:0.021048520405552253
newer:0.054020293597404706
in:0.0019525241966427526
po.cwru.edu:0.05239479766249677
5:0.02855904271338113
system:0.02456288273892885
or:0.014820032037430448
for:0.0035752622298030113
subject:0.00029337315265954173
i:0.01258672795024582
faster:0.04286045085048717
appreciated:0.03719518812281586
any:0.011244915014162719
4mb:0.06373680367787345
will:0.024907809778094165
the:0.0016566000219539628
would:0.030746691629814596
can:0.009500725191623224
17:0.04321212921407149
current:0.03474995300803097
today:0.031199189734047835
keep:0.02911444597940573
72:0.0573420614201842
2:0.042822187958140856
x:0.03346329658841871
understand:0.03292480508720499
