another:0.024368190443830536
read:0.024912121559317824
week:0.03788833850995147
out:0.038841003266388785
there:0.010085483357990631
behind:0.03876640001097471
thanks:0.021905347746331464
supports:0.04749054378745919
your:0.013845409034958931
much:0.019199965599559686
my:0.010441914959673641
to:0.0015145045715283857
then:0.017537146700833003
us:0.022636004243791166
hang:0.058357152850195354
id:0.051536360527728066
nt:0.007847017051894929
so:0.01122868788335077
phone:0.03227853984845681
reply:0.0394636980148917
getting:0.02980441288158996
he:0.017473991291431158
blow:0.10710521105373698
on:0.00557152555208011
you:0.006107681202293647
am:0.01795974018353149
why:0.019557390990703367
more:0.013971637646381603
a:0.006138479674050089
wondering:0.039548719800629635
as:0.008792463299088116
steve:0.03524344886631194
question:0.04797771611751878
also:0.01630216628219304
video:0.038414408712802446
d:0.020020266179967425
it:0.0037676420850546372
have:0.011236277212036327
netcom.com:0.07074802581804703
anybody:0.033402144449590054
asked:0.037058251634488254
if:0.007364290327070432
of:0.004273419462983268
monitor:0.0411788553855913
what:0.010114748384578365
please:0.021048520405552253
one:0.010805614371160687
email:0.06030546503226244
or:0.014820032037430448
and:0.004195575983415274
subject:0.00029337315265954173
steven:0.09860470610657189
i:0.00629336397512291
ago:0.03144138159741367
the:0.002484900032930944
sky:0.10244652422481206
do:0.007893603504466997
maybe:0.02909794595980576
about:0.010824353629910678
is:0.002952446449347955
number:0.027497415916458882
cards:0.04324195015771541
window:0.038318601558518045
does:0.013389986970742037
string:0.11647924440112153
him:0.026335333003992396
going:0.023932040484062448
by:0.010883906316672156
s:0.013635962216615788
news:0.03372391776003757
