since:0.009012710015331897
configuration:0.021365918804940695
at:0.003968310866911851
vertical:0.024326347504642867
switch:0.0191536640631089
enter:0.02133853571450654
with:0.007903072659318208
4:0.011190403171976032
operations:0.020996922757788056
apparent:0.0217979914260161
from:0.0038133885334692592
my:0.012840733261220288
discovered:0.020427174347386612
to:0.0012416208649466945
colors:0.08216030042852332
line:0.012719836706333282
design:0.016951203637051545
256:0.044029489593871825
then:0.00718865022421533
vram:0.024771599012015085
day:0.011456319980913838
worse:0.017545339699731474
been:0.006609190933429906
that:0.0015626334479030488
smaller:0.020230821031734084
really:0.00879007091527444
through:0.021346516162385826
nt:0.003216570052803777
generally:0.01741779051001396
re:0.0016844166791809482
exactly:0.014488210149873912
anyone:0.007535652025411672
alpha:0.025398233257342643
this:0.0023647857584298154
these:0.00746232420314839
certain:0.029696531457301882
on:0.0022838235371139184
set:0.01193429992849514
used:0.008893979767283178
particularly:0.018095046374507127
m:0.012331664073117766
a:0.005032447300347369
same:0.00874816824562438
as:0.007208235677630796
ram:0.017521878685735355
operation:0.01939534295271395
fine:0.01459079539603856
also:0.006682419512070119
chip:0.014560379990104837
video:0.03149289362941462
computer:0.012075238311555474
are:0.002895997214419935
no:0.005070926739560855
model:0.016481763565691667
it:0.006177575310630125
not:0.00814743254832385
centris:0.045471259972290914
area:0.028905108510444567
moved:0.040167615673260756
suspect:0.017486914697737655
hope:0.013011088007387591
always:0.01196827071170589
after:0.008690151746238519
configured:0.026627363827913093
has:0.009592562827806767
open:0.014887209814204338
screen:0.03367844297392836
be:0.002605681338457078
which:0.00581933483115999
14:0.016819156845750756
if:0.006037391169039723
inch:0.02368528344076784
of:0.00262757548061809
monitor:0.11815734630910654
gotten:0.019413112224295103
but:0.008990313814194734
disappear:0.025971004318086997
hd:0.020083807836630378
mag:0.04954319802403017
lines:0.03183046958823889
again:0.010999410532018099
seems:0.010614806708923775
using:0.009929822426328472
well:0.007580486081771824
windows:0.012374807123529286
continued:0.02150538828964325
observed:0.02296472195566569
over:0.009035769155492602
in:0.0008003590175427499
or:0.012149755994650185
610:0.05027405878810556
and:0.0025797122600729047
word:0.01382376809082621
for:0.004396606255568568
subject:0.000120256562576659
i:0.006019328606836776
away:0.01247289903749401
horizontal:0.024379655872422155
ago:0.012888133898038938
the:0.00373481221165747
when:0.023561701672860105
can:0.003894441407377087
listening:0.022242457766137855
adaptor:0.027835760163925166
push:0.04324031788830438
return:0.016623277963139317
apple:0.03417447700260428
problem:0.04764786693796361
just:0.005290038574170658
is:0.012102370580660535
cards:0.017725303893477935
involved:0.016220167284080485
either:0.011277309491501613
done:0.011930916898291434
having:0.023575598129913167
white:0.015310671828020685
new:0.007765763805781743
window:0.04712152353817759
512:0.023921175267422417
spare:0.02296472195566569
1:0.008822179693354543
16:0.04712152353817759
guess:0.013496203887097538
resolution:0.020125324301066973
little:0.010564588747290379
bad:0.024690099520237693
while:0.009776317594047398
appear:0.03557385196627191
s:0.0027947580218739563
