there:0.009270494803809572
mb:0.046110967103944606
media:0.07982739779182348
storage:0.05073554380723229
someone:0.02225715267336384
my:0.009598123851821226
to:0.001392120363728112
stop:0.03357528398566301
most:0.018753489535020585
might:0.021485708443216626
hall:0.046266769834506546
that:0.0035040871256007762
reliable:0.046859532479234724
huh:0.05049407389962063
re:0.0037771767957390967
behavior:0.04291302043352722
recommendations:0.05443184955825783
comments:0.0372121718588798
bitnet:0.049295512851122485
jon:0.08382562148925926
on:0.010242602530086665
curious:0.043295680210318134
you:0.005614131206148706
serious:0.03633326906100475
am:0.033016896094977086
optical:0.11902740775635567
concerned:0.04066655800563464
why:0.01797699575913138
a:0.005642440912510688
crashes:0.05876513850288772
as:0.008081961214313317
drive:0.028523270189959482
lose:0.04247217912310391
are:0.006494054359608339
no:0.011371169052348586
internet:0.028853878213278852
have:0.010328295215104099
uucp:0.042763925326627004
buy:0.06074426515644376
university:0.023740809107057108
heard:0.02729946827696843
writes:0.0066794180910864885
if:0.013538392318452714
but:0.006720032547983943
wear:0.09901935312952988
they:0.00942343055058327
in:0.001794744463580712
or:0.006811226845485711
opposed:0.04522347866160789
and:0.0019282697701555045
for:0.00657270430125402
subject:0.0002696662312325081
mechanism:0.04854694747583237
i:0.00964134885077752
elaborate:0.05622660892429271
the:0.003806833383783096
do:0.007255736554611078
can:0.008732989822603166
friends:0.08033600698157044
consensus:0.05695361397101078
ny:0.04243629627861535
note:0.02991605150382321
about:0.03979863354835845
general:0.029782124879672238
is:0.0027138649180875143
cartridge:0.11717270979164612
mostly:0.041222717371119766
128:0.05823800968298297
smell:0.05990987269790795
wanted:0.030759191813596997
article:0.008185180609258597
bad:0.027682838856024083
s:0.006267033139959782
