bbs:0.13955319488812626
posting:0.11376512265366347
way:0.05973699377746701
from:0.029192146704488813
value:0.1287535455088506
se:0.34809033496029596
this:0.018102842702462724
pricing:0.20123335232029524
contained:0.17701966211064477
official:0.13986906969497673
not:0.020790000295722928
of:0.013409695556257838
what:0.0317393828619528
in:0.012253772544447619
message:0.11197654788136971
subject:0.000920584720414424
any:0.03528576780306232
the:0.007797444930921237
planet:0.16314181428153413
an:0.03096200477799092
is:0.009264573341057375
does:0.042016855666811216
reflect:0.16314181428153413
s:0.021394354512276493
