basically:0.05163429668747218
iisi:0.283618584540396
at:0.011591644900716198
with:0.0076950970630203595
nubus:0.07830631716329481
though:0.032704528968561575
work:0.02664569031566189
upgraded:0.0732425563619076
t:0.06779665934211689
that:0.004564534545190484
memory:0.044495160870622566
so:0.013444876281380526
math:0.06421389174027796
this:0.006907663662781828
off:0.028729703262583558
reduced:0.06577517521134792
on:0.006671168753148551
you:0.007313144597483182
8:0.03884856950491929
below:0.048840446224182786
owner:0.05897116101067904
no:0.014812443897138287
works:0.03914639465198342
fighting:0.059998640444513744
it:0.004511255654473315
not:0.007933026428631116
pitt.edu:0.06497138979056057
whether:0.03759813927476085
between:0.03056402429008428
25mhz:0.15357282150759372
poor:0.05199284461441134
be:0.007611332330756201
of:0.005116857514887859
even:0.022094203260079284
macintosh:0.06178428849615236
never:0.02899920040607711
1.50:0.08664478769078356
well:0.022142998817807166
virtual:0.06497138979056057
cpu:0.11769637827350972
system:0.05882164024322434
or:0.008872519180303753
use:0.02187867799667563
and:0.005023650190668287
for:0.004280906090948342
subject:0.00035127574857918807
however:0.03154077505522254
fpu:0.0738025512884707
pretty:0.03786868495946877
the:0.005950681657808312
when:0.017206242668996525
can:0.01137586832154886
adaptor:0.08130972047883403
7:0.041993796433306654
cache:0.06385089231239864
is:0.007070332286596418
disk:0.13819653883420585
does:0.0160327475570727
useful:0.05045114759313734
