reference:0.07463266126036709
there:0.0367111594230859
help:0.04280185440083594
codes:0.10998589961334698
where:0.03694913596467524
q:0.08489356887045317
young:0.15016222108296748
re:0.0074788100555634104
news.answers:0.12754728999442613
am:0.03268672713402731
a:0.005586016503385581
mac:0.06862564269622272
driver:0.07359571196972783
are:0.02571645526404902
those:0.037118313085751205
it:0.0068571085947994395
ftp:0.15173467789156303
sites:0.18219333487305991
asked:0.06744601797476862
writes:0.013225247820351248
if:0.013403008395268185
looking:0.10375541381626575
macintosh:0.0939121185141516
in:0.0035535940378898095
or:0.013486229154061707
for:0.01952093177472444
subject:0.001067878275680732
i:0.0038179741449078986
appreciated:0.06769524238352485
any:0.020465745325776146
information:0.0487764256896753
will:0.02266610689806569
source:0.06238535923399649
f:0.07432462436813696
frequently:0.09333901339894407
is:0.005373452537813278
questions:0.06048352674491023
lot:0.049571067765307814
faq:0.0776419012579552
newsgroups:0.08572544681642989
