some:0.013735727942745343
at:0.010364294264169778
music:0.05419598164342452
there:0.021594799660638764
know:0.014516177948921198
help:0.05035512282451287
thanks:0.023451607587248978
your:0.014822732025661912
into:0.021068281211557485
work:0.02382438192929769
my:0.01117899130976825
to:0.001621410776577448
ii:0.043192938883648446
software:0.03312689280566184
thoroughly:0.06977738114226925
that:0.004081230887464433
nt:0.00840092413791104
could:0.017754225356777145
need:0.022602376370555722
performed:0.058356452705113665
simm:0.06581888424084321
on:0.011929619417395057
why:0.020937912707694194
a:0.004928838091222571
how:0.015474858790930874
test:0.12620823014045895
ram:0.045763024332155865
advance:0.037217661372666466
lc:0.12209741299678845
computer:0.031537681237239004
display:0.043366134316887975
no:0.013244067484500115
not:0.007093058924423116
rely:0.05918724761351312
screen:0.0439800843541888
be:0.006805426554558486
which:0.015198733323735503
simms:0.1769924705371317
if:0.007884122585451873
of:0.002287536300773396
least:0.02832543979654685
up:0.01580541612179276
one:0.011568363620889676
in:0.0020903494340528293
installed:0.047121999474765794
or:0.01586615194595495
and:0.00224586714406347
subject:0.0003140818457884505
i:0.01122933572031735
the:0.002660304741137834
do:0.008450799045958784
magnus.acs.ohio-state.edu:0.054133569264251655
when:0.015384405209926304
hello:0.04552106812531496
start:0.03314778926920603
got:0.026025339078006752
would:0.010972348777698543
can:0.010171364616914275
an:0.02112701502498204
just:0.027632672081550257
during:0.03445140599767612
is:0.0031608544340078104
does:0.014335162521617944
dead:0.04036802511542513
by:0.011652182056672542
strange:0.051721918010055566
