out:0.012401864200846945
quadra:0.0522937166244198
know:0.012988159217455808
800:0.1515686932295301
times:0.02958395938413712
from:0.01782257377747738
both:0.023638990340086714
several:0.029667909179656806
to:0.0029014719159806963
require:0.04083706377792196
been:0.015444635654962518
that:0.007303255272304775
think:0.015155242395037424
me:0.011406196635837312
re:0.003936215818717585
joel:0.17245496108991004
you:0.005850515677986546
machine:0.03423999320341418
am:0.01720354059685648
ns:0.12755601618111098
a:0.005880017371984821
ram:0.04094586387613946
computer:0.028217925317529632
express:0.049007522070318714
yeah:0.04162339414934897
requires:0.04225426089379816
it:0.003609004523578652
not:0.012692842285809787
have:0.005381585401554241
centris:0.159388732323925
probably:0.025128670684517983
only:0.028074447121458665
650:0.10625915488261667
postings:0.04849114147043246
60:0.08571914272402141
able:0.027762791853796515
real:0.026922040568402604
west:0.042925361049854616
adams:0.04877488683873275
be:0.006089065864604961
simms:0.10557445610986803
of:0.0020467430059551437
seen:0.02728910411181424
what:0.009688864242069802
but:0.014005962573692847
never:0.02319936032486169
pete:0.054723257930312214
find:0.022278386712351474
called:0.028234257851123514
according:0.0362055389956444
610:0.05874126868926018
and:0.002009460076267315
subject:0.0002810205988633505
i:0.010047300381336574
the:0.003967121105205542
would:0.009817364695835537
meant:0.042859571362010705
needs:0.035256279607045755
apple:0.039930178392516585
myself:0.03508254802103035
about:0.010368591371809174
is:0.0028281329146385673
questions:0.03183343512890012
dale:0.05079811121795904
2:0.02050957423258325
whenever:0.04992877868101931
nice:0.033260415334260614
s:0.006530908219537035
