pc:0.026662736495983066
mark:0.024028991714337523
confuse:0.04585781230678178
help:0.017120741760334377
send:0.023466776967009783
graphics:0.028149931521117777
fax:0.024469146719067116
text:0.02893250986586854
with:0.004678619014316379
service:0.029140729827826742
ease:0.04599004672239146
to:0.003307677984217994
colors:0.07295834678052872
line:0.02259042999044791
256:0.03909818675935818
village:0.04158967602703729
software:0.09010514843140022
that:0.0027752370034758145
nt:0.005712628413779508
on:0.00405607060191432
you:0.004446391915269775
american:0.025816281739105728
spec:0.041983844419091546
went:0.02609969012188867
support:0.06573495142880414
computers:0.03470215093270936
a:0.002234406601354232
hard:0.021633867220604074
want:0.015140783741697453
timothy:0.04071608169131735
as:0.006400913281736148
ram:0.031118856545865988
drive:0.02259042999044791
heritage:0.04811567204825551
electronic:0.03450937052007688
display:0.02948897133548382
works:0.023801007948405922
dot:0.046124503668922505
it:0.0027428434379197755
collins:0.04585781230678178
have:0.004090004905181223
only:0.010668289906154293
trial:0.03751847046418603
edition:0.03898629682356026
mouse:0.034767457417822646
free:0.04620012470599577
pitch:0.03992856110881132
list:0.023293028775372638
exchange:0.03876710503005534
anybody:0.02431676115930156
get:0.010514991802328979
of:0.006222098738103637
expansion:0.036981956619541664
what:0.00736353682397305
but:0.005322265778003282
year:0.03959617145935443
macintosh:0.037564847405660635
version:0.024963764861324678
warranty:0.04106856160966959
corrected:0.04559972540903601
in:0.0042643128454677715
floppy:0.0352401687487827
speaker:0.0421471153921412
system:0.0178817786339402
and:0.009163137947778956
for:0.010411163613186367
subject:0.00021357565513614637
membership:0.0430175382709316
i:0.004581568973889478
special:0.027965689542920183
limited:0.031056760503182075
quicktime:0.05180643658027647
mere:0.04248400727494222
the:0.0024120096319649696
dictionary:0.039443564134279845
mm:0.04585781230678178
did:0.013151288347543724
collection:0.03850129984902878
450:0.09458039631674732
7:0.025532228231450446
note:0.023693512791027983
here:0.014403207244987169
ma:0.03208974340190013
today:0.022713010126386823
disk:0.056015663740798104
sheet:0.041666971314331176
x:0.02436127991636882
slot:0.04078534619326227
pixels:0.04585781230678178
online:0.04051181527527603
s:0.019853960987392588
