another:0.011795241119088185
some:0.006210302527305075
go:0.020696087785043907
at:0.014057952326400494
send:0.015602910217426717
tony:0.024589066901291
with:0.012443135676373347
4:0.013214199490312122
from:0.004503043906543487
both:0.011945234480362967
my:0.010108662354577674
to:0.0065977619366050415
cash:0.027026204615549346
connected:0.02417437785092019
ii:0.058586167102821024
misc:0.03057848851222836
normally:0.022637509277238208
that:0.0018452373693323234
nt:0.003798290168736375
me:0.005763769576619919
se:0.1073895714239211
prefer:0.02184323460128639
this:0.0027924597785713777
internal:0.021077486255959215
subjects:0.028663580352486832
machine:0.017302124225129504
3:0.012454606088497976
m:0.00728092931976634
a:0.0037141067176765827
other:0.01467348923225437
want:0.020134020933108315
as:0.008511852768266152
dogs:0.027652710124359898
baseball:0.01993231829834472
mac:0.12776050501956357
drive:0.030040465412829665
equipment:0.021462542087981856
stuff:0.015550088046136288
plus:0.019020743904147184
lc:0.0276018087891676
business:0.019237041134221103
are:0.0034197413914958804
meg:0.024764439344044032
d:0.019381321514649313
care:0.016840515645073918
it:0.005471097283084658
not:0.0032069681307232176
only:0.014186555726269005
ve:0.009708157973550182
buy:0.015993835772574287
color:0.11791379063627827
has:0.005663694010034846
willing:0.019020743904147184
call:0.014132745202120784
leonard:0.06398360644714828
highest:0.025101789484669013
be:0.0030769215805184643
outright:0.030758815914758583
modems:0.028247345262594557
get:0.006991350932399587
if:0.010693889677075678
of:0.002068516867720624
what:0.009791937265921608
but:0.0070774810877703214
ok:0.017360899949526234
present:0.019279256823560128
now:0.00878677871211832
u.s:0.01876458723935478
system:0.0713368828481657
cats:0.03144295090317397
external:0.045681109761976736
or:0.010760289218666255
and:0.004061674622242445
for:0.00519173717412884
subject:0.00014200508985116116
secondary:0.029391554728642137
i:0.007107930588924279
faster:0.02074628206060815
20:0.016727831640455423
information:0.012972453640871089
will:0.012056439839396643
connect:0.0244472145231944
the:0.0028065271648528567
do:0.007641679988366986
got:0.011766775646971138
can:0.0045987552789240075
an:0.004776053928519876
here:0.009576600561826574
many:0.019714904548703123
interested:0.015303596890504893
trade:0.044883860599294625
is:0.002858219435007063
right:0.01031847656271436
512:0.028247345262594557
dale:0.025669258328223983
primary:0.02447528397585846
1:0.010417680276195258
e-mail:0.01462604136517163
2400:0.05921738599473381
full:0.01643437491448539
give:0.012570405698702164
data:0.015608221400030917
9600:0.09371502907929112
s:0.00990057894983008
