sells:0.029545993158329387
go:0.011443719128200748
out:0.006930453524002705
there:0.010797399830319382
case:0.014538888866510327
grayscale:0.03698677847665658
with:0.010320483119815541
compared:0.02425169779949189
into:0.010534140605778742
item:0.02862568623588505
to:0.003242821553154896
sound:0.02030107817134371
add:0.020213061273245403
w:0.018202005029584436
plugs:0.034222051245799315
that:0.004081230887464433
like:0.006850818020639254
really:0.011478798489358387
mainly:0.028309779300756458
need:0.022602376370555722
re:0.0021996500163421794
se:0.1187602319276304
ifi.uio.no:0.07025763990133108
anyone:0.009840674997890536
this:0.009264395971260336
93:0.021535385269437657
jon:0.07322414583032352
simm:0.03290944212042161
big:0.03265624181020656
you:0.00653881164010261
combined:0.02983773987091393
am:0.01922748654942783
e.g:0.023878089530537033
ns:0.0356406515800163
m:0.0080518512477416
board:0.021124685407971435
a:0.004107365076018809
how:0.007737429395465437
ram:0.022881512166077932
se/30:0.03733289906502678
21:0.04772003554299206
no:0.019866101226750175
those:0.010917150907573883
month:0.02337531464345446
not:0.003546529462211558
have:0.00300735654792737
buy:0.017687300736729212
after:0.01134831580979383
25mhz:0.0343280424546386
b:0.01800534321478966
has:0.0062633792581561825
open:0.019440944580902134
screen:0.0219900421770944
simms:0.02949874508952195
get:0.007731611619359543
were:0.009125313514542936
monitor:0.02204279905934593
expansion:0.027192615161427694
looking:0.015258149090627317
what:0.005414365311744889
but:0.00782686143824012
particular:0.019947361459316512
port:0.024528100796173766
using:0.012967179874381887
up:0.00790270806089638
in:0.005225873585132073
additional:0.025145622933881975
speed:0.0395113549045386
or:0.003966537986488737
use:0.009781056045572636
install:0.025989119911997826
and:0.0033688007160952048
for:0.011482901043955553
subject:0.00015704092289422526
however:0.014100581789393607
i:0.0067376014321904095
rate:0.022851033585242653
any:0.006019336860522396
will:0.0066665020288428495
the:0.001330152370568917
compatibility:0.033529209859585296
upgrade:0.02601509060734557
can:0.010171364616914275
1000:0.02748597886754636
pair:0.030040599730156103
maine.maine.edu:0.0761859361474654
an:0.01584526126873653
slots:0.03258256064304037
myself:0.0196049533058699
just:0.006908168020387564
long:0.01400183085357991
about:0.017382638476268322
e:0.018299351153257804
15:0.019657710188121433
interested:0.01692397773773482
n:0.021535385269437657
is:0.0015804272170039052
deal:0.019390088186826523
maximum:0.028790238306722733
new:0.010141173911079687
hardware:0.020880477198085598
does:0.007167581260808972
experience:0.038967326762295855
1993:0.01782150472358904
every:0.014306756040808213
accelerator:0.06235065435589446
article:0.004766664001862359
eight:0.028832105764186638
thus:0.01959620631103709
comes:0.017789272572032423
champions:0.033345371368384676
says:0.015064863202515107
black:0.02076207268378787
bears:0.03577588404016159
s:0.00729925036301198
