iisi:0.0402145754199069
report:0.028326330025931008
rating:0.04103951478109962
configuration:0.03539726846788682
at:0.006574365764585306
hours:0.02922518191455688
800:0.035818472280610344
i.e:0.025780141768473156
oscillator:0.04692352493307178
your:0.009402479270009421
with:0.004364383408877219
user:0.02822122002681355
damage:0.06641004262938315
nubus:0.04441253809261497
c:0.01929923653305194
setting:0.03210326012957169
4:0.018539324658049843
generate:0.03499857319420339
achieved:0.04030185929873669
carson.u.washington.edu:0.04103951478109962
unusual:0.03742378108372188
both:0.016758985688867446
to:0.004114027343554719
mhz:0.035261989478390134
clock:0.06403195250148382
day:0.01897987340121546
guy:0.05054224995446074
produce:0.03145880066291341
higher:0.027700551589835015
me:0.008086482689586155
two:0.013916339049651578
on:0.015134591798187758
you:0.004147753652303895
numbers:0.026326435828348493
used:0.014734802301021385
am:0.012196539975383325
8:0.022033517032640792
3:0.01747362645251955
m:0.010215035165045313
more:0.028464605055687892
a:0.004168669032377299
other:0.010293343192775454
kuo:0.09261961556409921
following:0.02042771845552061
drive:0.021073162304522303
attempted:0.03858411617954572
obtained:0.03577048056172758
results:0.02733644588707806
d:0.013595852405798772
have:0.0038153030831914393
due:0.02473986929028718
heat:0.034105230178785716
disks:0.03216202174472771
b:0.02284259960085255
details:0.02846882001709205
if:0.00500112253554783
of:0.0058041965840519
please:0.028588288909033654
si:0.040390176146848644
cpu:0.10012975465059783
additional:0.03190116342358161
floppy:0.032873291743267447
accurate:0.03337658488353261
presence:0.03562832985299105
5:0.019394573782967783
system:0.01668076365106362
speed:0.07518951866162196
comprehensive:0.04133608439788704
use:0.012408802445875732
and:0.0014246172182492158
subject:0.0001992310215822261
i:0.004273851654747647
6:0.021927982332531303
top:0.050472122778616645
fpu:0.04185816341734159
possible:0.01923113151466106
will:0.008457502573905108
the:0.005062520216344386
collect:0.0393936732168149
reports:0.05901824543564406
drop:0.03231098251011978
last:0.01626986979148879
continuing:0.039239797939182544
upgrades:0.04355050162155643
note:0.022102157454317147
during:0.02185350380449605
is:0.002005019603661671
printed:0.0363161691052273
cards:0.02936580197277688
length:0.034498093861512744
average:0.028951649693302887
time:0.01178738783510234
2:0.01454036979175678
experience:0.024718080408919013
1:0.01461584993973663
procedure:0.03772842283387304
functionality:0.042777809987669564
usual:0.03201597625074191
include:0.02508599457645225
