read:0.019543129843947602
laser:0.042253948102687316
pc:0.02873139708618865
at:0.00759452596943475
all:0.008224722677985269
with:0.00504161531715127
compared:0.03554128125787605
work:0.017457521241295723
except:0.02779621912934322
my:0.01638300450569485
to:0.004752410896864934
amongst:0.04786759449459174
been:0.012648624027771027
that:0.0059811142316289105
australia:0.03999218720210549
re:0.0032236250239497458
so:0.026426136139265175
ps:0.038841054507066514
on:0.0043707657348214645
am:0.014089106523287634
m:0.011800126828586829
why:0.0306848720716208
a:0.0012038828671089613
other:0.01189058610199923
beating:0.045596754404487
low:0.05854818172379
price:0.026984001740034163
standard:0.02624176327984687
mac:0.029580018403544274
manufacturers:0.043511291870036994
anthony:0.09271021179080086
hands:0.03452905133926804
are:0.016627018489686868
comparable:0.04365497335697848
purchase:0.03760742654464691
rated:0.09855113823234382
buy:0.025921044183137638
quality:0.03313934345322715
has:0.00917909029212544
be:0.0049867349753230285
which:0.011137002866530325
printers:0.24368300260752618
writes:0.005700537853599676
get:0.01133081013182002
down:0.020382461870285844
of:0.005028635833596689
trying:0.023244208819555138
print:0.03789968130047175
using:0.019003625677973455
one:0.01695363634095901
in:0.0015317215680559523
and:0.0016456785107361632
for:0.002804731576828224
subject:0.000230146180103606
guide:0.04052962798291701
300:0.03585793651019269
i:0.004937035532208489
special:0.03013544131780192
favorite:0.04165918196917911
the:0.008447232008498007
would:0.008040083156072207
eric:0.034379555864815566
just:0.010124039340223155
people:0.012976492586837219
about:0.016983037591756407
is:0.009264573341057375
issue:0.02699448282297287
new:0.014862065214513335
printer:0.07492986512461777
dpi:0.05263302400204883
very:0.015027952515374546
by:0.00853823685187212
hp:0.14916025882952844
buying:0.034579464872737206
