know:0.018695077661489423
all:0.014455573191610473
with:0.017722041720895376
hacker:0.0858895929185666
my:0.028794371555463678
adb:0.20073407811069188
to:0.002088180545592168
w:0.04688395234892961
h:0.10706612497862171
day:0.03853489448125564
ii:0.11125453954879146
keyboard:0.06886034902989388
jeff:0.06387089831561206
months:0.05145143242393667
re:0.005665765193608644
jon:0.1257384322338889
on:0.015363903795129998
you:0.008421196809223059
came:0.045738283825423436
a:0.0021159153421915077
other:0.020898605876241073
as:0.024245883642939954
mac:0.10397824650942837
far:0.037717849577596996
mouse:0.13169491446144943
disc:0.09484214339492308
seek:0.07362869364867723
writes:0.010019127136629733
cheers:0.06597216176309616
order:0.04248964941109837
they:0.014135145825874905
clear:0.04996592033616081
one:0.014898650117812462
in:0.002692116695371068
and:0.0028924046552332564
for:0.004929528225940515
subject:0.00040449934684876206
i:0.005784809310466513
the:0.0022841000302698576
when:0.039626498267992
start:0.04269033466488655
got:0.03351748214591779
can:0.01309948473390475
did:0.024907743082469173
apple:0.05747525677710721
is:0.004070797377131272
yesterday:0.06661156107355641
new:0.05224241105707718
sold:0.062220122803664256
too:0.029583604058552978
supposed:0.05528325774873274
three:0.044219515249582925
