above:0.014180500156919506
mode:0.05983414447622236
some:0.006080921224652886
week:0.017957493772945747
large:0.031187855415495576
at:0.004588359439866828
ideas:0.018734341859580575
help:0.011146316250217692
all:0.0099382065692322
true:0.0269091749183109
with:0.012183903683115569
mentioned:0.018308143847874155
work:0.010547252416616165
turn:0.017820198618304764
themselves:0.016856511543348007
my:0.019796130444381277
to:0.0007178120625473077
then:0.008311876821748974
that:0.0018067949241379
ran:0.023644768200322692
memory:0.14090134275697147
control:0.031767023645218995
bit:0.05677258745949374
could:0.007859943517323215
so:0.01064386038942625
anyone:0.008713097654382246
this:0.008202850599553422
followup:0.03068675356218544
amount:0.03873351053777946
on:0.005281341929575936
set:0.013799034292322505
used:0.010283664105921174
them:0.007634683185063754
temporary:0.027439528250091928
size:0.05626370526665418
support:0.02853079489097402
parity:0.0317991186679045
posted:0.017778025648343205
a:0.003636729494391654
how:0.006850848943901689
other:0.007183895769957868
load:0.023416629540643566
low:0.017686429895728228
was:0.004611776740111383
crash:0.02659844767774238
ram:0.081038688921526
capable:0.02285301712064235
se/30:0.033055171047159125
addressing:0.056132844856953384
panel:0.05135880746651021
others:0.014043376161814562
not:0.0031401562946664838
ken:0.021489961984972973
have:0.002662763610144025
area:0.016710765857600764
32:0.11152132217462254
real:0.013320801322907538
be:0.003012819047590996
if:0.00349036676960109
of:0.005063556915774444
what:0.004793969286440787
huge:0.022385015406465994
present:0.018877605639735957
megs:0.028443092540870577
latest:0.021699721876316413
well:0.00876493703204867
virtual:0.025717841792096893
zone:0.07625399644158008
up:0.00699718942891867
sounds:0.018555752935212697
in:0.0009254151140338045
system:0.06985069778882891
or:0.017560194211017847
total:0.019067789040647924
use:0.01732062008070154
and:0.0029827923007092957
subject:0.00013904665047926196
until:0.014901904819607521
i:0.006959848701655024
info:0.01534060135100207
ago:0.014901904819607521
20:0.016379335147945935
any:0.005329621178587538
information:0.012702194190019608
physical:0.022224746350909978
will:0.005902632004704606
yet:0.013698274701490435
than:0.0074510483448930265
the:0.001570318770810527
got:0.011521634487659239
can:0.009005895754559514
meant:0.021206558746828214
64k:0.03132530732308301
increase:0.02189971736035045
apple:0.0395142390342612
problem:0.02203713845880817
note:0.01542546405665884
cache:0.025274311540324463
here:0.009377088050121853
about:0.00513029260584308
is:0.005597346393555498
logical:0.02451719773682693
having:0.013629642668856048
methods:0.02317433779254516
disk:0.01823426554062438
extensions:0.09035402174960334
fonts:0.02579557955364208
comes:0.015750918423153706
before:0.011073928475117938
by:0.010317036196012146
s:0.009694316888375286
