since:0.01667351352836401
formats:0.041992327981564805
know:0.010282292713819181
help:0.017834106000348307
your:0.04199774073937542
continue:0.03256838505751204
with:0.009747122946492456
damage:0.03707894046807226
c:0.021550814128574666
someone:0.018362150955525167
my:0.00791845217775251
to:0.008039495100529847
then:0.02659800582959672
fails:0.03989045497643937
format:0.033500454225316785
problems:0.04571788726486289
helps:0.035249769134441354
nt:0.005950654597686987
affect:0.04084548316593107
re:0.0031161708564847544
had:0.012786737380684459
this:0.013124560959285476
bus:0.06745071086259435
on:0.016900294174642998
you:0.004631658245072682
performance:0.0315917602799718
more:0.010595158548506048
controller:0.03509907183916389
mac:0.0285940177900928
drive:0.04706339581343314
scsi:0.14099907653776542
fine:0.026992971482671334
also:0.01236247609732972
official:0.03380169184295271
no:0.009381214468187581
causes:0.03555959416145597
it:0.011428514324665733
not:0.015072750214399123
elses:0.055542054768109056
have:0.0042604217762304405
probably:0.019893530958576735
try:0.04060649453905654
only:0.011112801985577387
whether:0.023812154874015206
hope:0.024070512813667046
get:0.010953116460759353
if:0.016753760494085234
failure:0.03957791834761892
but:0.005544026852086752
david:0.041607420655741564
errors:0.03578353598021511
one:0.008194257564796853
according:0.028662718371551817
system:0.037253705487375416
or:0.005619262147525711
use:0.013856496064561234
subject:0.00022247464076681915
fourth:0.04021517138088424
i:0.007954112801891455
connect:0.038300636086337894
than:0.011921677351828842
the:0.003140637541621054
do:0.011971965315108277
thing:0.018866103626041304
devices:0.035372320362688815
would:0.0077720803842031335
can:0.021614149810942836
major:0.027303566439314933
needs:0.02791122135557789
bought:0.03052569790723717
problem:0.017629710767046537
is:0.0067168156722665975
first:0.015646290244925344
three:0.024320733387270605
documentation:0.037309369895826505
