another:0.011199521870649388
go:0.009825415413101652
large:0.015121384443876645
at:0.008898636489438698
fast:0.01758483800478807
roughly:0.025575640956613657
all:0.004818524397203492
where:0.009330589890069504
versions:0.022426378892165425
your:0.006363294051420518
with:0.0029536736201492293
much:0.008824226613939048
motorola:0.024612561125985016
into:0.0090444641564767
times:0.014194323946934479
from:0.008551234893234097
to:0.000696060181864056
lies:0.022779705097250826
then:0.00806000176654446
mhz:0.04772834939499271
clock:0.10833688933331857
powerpc:0.06613397511633035
memory:0.06831580254883465
re:0.0037771767957390967
040:0.030716668115290256
slower:0.024683198711716023
enemies:0.028868515239777483
you:0.008421196809223059
m:0.00691320561674784
ray:0.08763169427451858
more:0.006421308211215788
sure:0.022040848688476805
a:0.002821220456255344
how:0.013286494921506306
factor:0.02285343640745867
below:0.01874683794463582
as:0.024245883642939954
truth:0.01815685620208386
following:0.027649639121613754
given:0.028159470294760416
486:0.024080437309531345
overall:0.046804184340198104
video:0.017655107034671835
computer:0.027077807122881974
role:0.02229169077558885
are:0.006494054359608339
no:0.005685584526174293
play:0.01617130420596183
it:0.005194779238484424
have:0.0025820738037760247
only:0.006735031506410539
netcom.com:0.032515506815365046
list:0.014705194933947372
be:0.0029215215006942997
fastest:0.02840198331992387
rates:0.023159621366127536
pentium:0.06473851715187764
6th:0.030056970224294984
greatest:0.025168121202825057
simms:0.025327205379892585
writes:0.0033397090455432443
fill:0.024406389436488773
if:0.0033845980796131784
of:0.0039280926376916905
286:0.027907132772650115
intel:0.025533377069388827
but:0.006720032547983943
reading:0.016597586092742377
partly:0.02985492307978135
double:0.022313890833533488
they:0.004711715275291635
up:0.006785153385618105
in:0.003589488927161424
compare:0.021766216736330876
competing:0.028629864306188867
system:0.04515600665136415
speed:0.2035433434476231
and:0.00482067442538876
word:0.01549937634425969
for:0.00328635215062701
subject:0.00013483311561625404
twice:0.022779705097250826
i:0.0009641348850777523
becomes:0.021746293613648975
we:0.006806787402595808
386:0.02383402233897866
will:0.011447528736396814
than:0.007225259001108391
cost:0.016772765678539803
the:0.006090933414052954
do:0.007255736554611078
can:0.008732989822603166
put:0.012562925755286765
10:0.014597837161091741
i/o:0.02606550088584249
about:0.004974829193544806
is:0.004070797377131272
dependent:0.027774217074077522
does:0.012307967821591164
fischer:0.05622660892429271
1st:0.022731142174526375
68040:0.06473851715187764
first:0.009482600148439602
dave:0.017708457936235315
every:0.01228357841887574
somewhere:0.019593540701528217
fit:0.02053256605706251
while:0.010961325787265266
processor:0.07404959613514807
dangerous:0.021236089561551954
s:0.003133516569979891
