know:0.030846878141457548
help:0.05350231800104493
send:0.07333367802190557
access:0.08380942170046314
cooper:0.16996444911994024
o:0.08752447459499704
to:0.006890995800454155
could:0.037727728883151436
me:0.027089717010113618
ti:0.09471652640629158
you:0.027789949470436094
m:0.0342203678029018
advance:0.07908753041691624
it:0.0171427714869986
have:0.012781265328691322
of:0.009722029278286934
looking:0.0648471336351661
court:0.09991654068658273
please:0.04788538392263137
find:0.05291116844183476
in:0.004441992547362262
for:0.00813372157280185
subject:0.0006674239223004575
the:0.005653147574917897
address:0.39910266924170135
is:0.013433631344533195
corporation:0.3562012651285703
