some:0.030724654608772474
go:0.017065195191176552
feeling:0.038303832022715104
there:0.00805069285593989
all:0.0167380321166016
default:0.04210241478598058
i.e:0.03030297365767897
with:0.00513006470868024
from:0.014852144814564483
name:0.02423010970026536
to:0.007253679789951741
laserwriter:0.05466826745505972
that:0.009129069090380968
nt:0.00626384694493367
its:0.01813881189503658
ps:0.07904495303192483
finger:0.04364531536899517
unix:0.06951872659860232
you:0.014626289194966363
a:0.006125018095817522
factory:0.0976567418158768
usa:0.03197036566691864
lw:0.058465320808535844
lets:0.04064573903227729
it:0.012030015078595507
should:0.01441063282660947
purchase:0.038267205957710895
have:0.0179386180051808
machines:0.03461356609547624
completely:0.03155257576350413
settings:0.044130842518847496
has:0.009340126963917113
network:0.03222359359675067
list:0.025540601727382276
of:0.0017056191716292863
interface:0.0370412240070516
seen:0.022740920093178532
available:0.023693542349247632
what:0.008074053535058167
print:0.038564587989953714
zone:0.12842778348055592
up:0.01178474009081039
code:0.0568510966724859
in:0.0031171877525349207
ours:0.04823942965497674
use:0.014585785331117087
for:0.002853937393965561
subject:0.0002341838323861254
i:0.005023650190668287
back:0.018476813333925767
any:0.008976204090252696
currently:0.03156959212155523
the:0.001983560552602771
can:0.015167824428731812
maybe:0.023227307739844945
long:0.020879923202706884
here:0.015792990400205226
about:0.008640492809840979
including:0.027894453566054647
south:0.03790911828648058
ma:0.035186122151206284
is:0.007070332286596418
discussion:0.030156771442896413
items:0.04064573903227729
does:0.0106884983713818
request:0.034213166906967823
serial:0.03630980638477923
dead:0.030098966094834523
change:0.026070255332548135
show:0.026404111138024846
changing:0.03756507694303075
live:0.02716393222761104
respond:0.035473752175969354
needed:0.029261602545052813
s:0.016327270548842587
