some:0.010711347478287654
at:0.016164495641365708
music:0.042262921465055815
there:0.025259972080104977
know:0.011319955281268824
help:0.039267756331042146
thanks:0.01828795087079049
your:0.011559011212672134
into:0.016429393605342995
such:0.01764235966484219
work:0.01857864645862664
my:0.008717562030553223
to:0.0012644028991659
most:0.017032985907954476
ii:0.03368256701935888
software:0.02583289805946107
thoroughly:0.0544135541017696
that:0.006365222485036272
think:0.013208697500261976
nt:0.006551179373600354
could:0.013845038122257408
need:0.01762570634401134
performed:0.04550732550398772
re:0.003430646814478629
simm:0.051326652848363984
on:0.009302914224574127
why:0.016327730093156023
a:0.005124785782922551
how:0.01206755043329472
test:0.09841926203613773
as:0.00734049688272494
ram:0.035686762093883016
advance:0.029022946941987614
lc:0.09521357894244971
computer:0.02459360463454418
display:0.033817627678307136
no:0.010327942533784494
terry:0.04965397801539192
it:0.0031454626581648806
not:0.005531284482348302
ftp:0.03480153162650528
rely:0.04615519309310656
shareware:0.04550732550398772
sites:0.041787462126848605
screen:0.03429639605601879
be:0.005306984010435517
which:0.01185222323410567
simms:0.13802165133629538
writes:0.0060666274405280956
if:0.006148168988655132
of:0.0017838585831719143
available:0.02478040209003881
least:0.022088645712903508
up:0.012325324498645731
called:0.02460783941152967
one:0.00902120098876718
in:0.0016300890082063348
installed:0.03674651335188159
or:0.012372687297304319
and:0.003502728573309999
subject:0.0002449262100185165
i:0.010508185719929997
cs.uiuc.edu:0.051326652848363984
the:0.00207454956877721
do:0.006590072650518319
magnus.acs.ohio-state.edu:0.08442850252222736
when:0.011997013237098494
hello:0.03549808064818139
start:0.025849193466812043
got:0.020294989189271324
would:0.00855641877159978
can:0.007931798095758839
an:0.016475195202967648
just:0.02154841400854837
during:0.026865775319288722
is:0.009859545940941796
does:0.01117879646181216
dead:0.031479652612946205
by:0.009086563989148312
strange:0.04033360578765802
