week:0.08209140010489484
at:0.020975357439391214
technology:0.08018256394802244
service:0.08672836258281769
hill:0.11864971424188954
se:0.12017404421248314
board:0.08550467903226533
a:0.0033250098234437974
are:0.030614827695296453
those:0.044188467959227616
internet:0.06801271293130014
not:0.014355000204189639
campus:0.12332526924783252
university:0.05596047860949175
of:0.009259075503130411
3-4:0.13768231885653842
but:0.015840076720247863
shipping:0.09769779738909046
experimental:0.126697900606476
necessarily:0.09255388173943338
they:0.022212372012089133
office:0.08692233126300382
or:0.03211006941443263
for:0.015492802995813047
subject:0.0006356418307623404
information:0.05806717344008964
the:0.008973250118917296
expressed:0.09785140775293541
bulletin:0.1303250607155717
carolina:0.13727530853845984
is:0.006396967306920569
opinions:0.06799071798857242
north:0.09557511392644823
vincent:0.13851782647109245
