iisi:0.13305563225351913
there:0.022661209520423393
know:0.015233026242695083
thanks:0.02460971166563164
own:0.027981365870962904
secondly:0.06596655224926874
both:0.027724741756891824
single:0.040141070006325615
to:0.0017014804445565812
line:0.03486177467661714
considering:0.049449011794507315
me:0.04013291408905721
these:0.020452295964184474
you:0.020585147755878587
combined:0.06262241701302923
tell:0.05950679144746797
am:0.02017699205804155
etc:0.028670666511830065
answers:0.05173594101546151
a:0.006896316670846395
hard:0.06677119512532122
mac:0.08472301567434903
drive:0.06972354935323428
are:0.007937177550632413
feed:0.061522074051350135
christopher:0.059742643167599675
pds:0.0739870716149503
if:0.024820385917163304
what:0.011363482753044829
separate:0.05213209304696151
please:0.02364710317166981
limitations:0.14194458864935633
or:0.0083248328111492
and:0.004713548327046788
for:0.01204995788563237
subject:0.0003295920603952876
each:0.031432214782229816
i:0.002356774163523394
power:0.10006871408039043
the:0.0037222370863656934
can:0.021347308455252182
leland.stanford.edu:0.0623124673694357
instead:0.037873263105983226
drop:0.053452736498222846
upgrades:0.07204650885541435
is:0.006633892021991701
cards:0.04858046252286545
limit:0.10964007458391985
readers:0.05617031577526593
questions:0.03733551033636434
2:0.02405443891475813
1:0.02417930730771245
slot:0.06294034906367633
felix:0.06998411274846167
