coprocessor:0.17887942020080794
mathematica:0.2029018065692527
own:0.03333074464041169
with:0.008600402599846284
such:0.028279664756879392
from:0.012449591976914347
beast:0.07959240593643704
my:0.027947478274420626
to:0.00202676347072181
considering:0.058902499343457246
could:0.02219278169597143
duo:0.1681166475728218
math:0.0717684672391342
announced:0.07096794949567807
he:0.04676862375059515
disclaimer:0.05520669892756157
a:0.01848314284208464
180:0.08454052706321959
it:0.005041991613823117
purchase:0.06415384528204474
have:0.007518391369818424
university:0.03456382502350961
towards:0.061320251990434414
get:0.01932902904839886
understood:0.0704888881657573
if:0.009855153231814842
of:0.00571884075193349
available:0.03972152687962103
but:0.009783576797800151
powerbook:0.0797685263930064
never:0.03241087104208618
find:0.031124216730491032
in:0.0026129367925660364
or:0.009916344966221843
and:0.0028073339300793373
for:0.004784542101648147
subject:0.0003926023072355632
boss:0.08454052706321959
any:0.01504834215130599
alan:0.06471592194116528
leaning:0.08877114577574578
the:0.004433841235229724
would:0.013715435972123177
because:0.025951798513154618
is:0.01185320412752929
time:0.02322808779270167
afford:0.06948686161918055
opinions:0.041994266992941794
s:0.009124062953764975
