startup:0.07731833719539598
thanks:0.0284769520702309
switch:0.06074447745728822
from:0.036281668047007526
ext:0.07801533954067358
to:0.003937711885973802
boot:0.21036970583101464
make:0.025144006904995766
internal:0.05660810594457618
on:0.028971932870816567
how:0.037581799920832125
hard:0.0386319057510787
as:0.011430202288814549
mac:0.09803663242317531
drive:0.040340053554371265
advance:0.04519287452395214
it:0.014693804131713084
have:0.007303580187823612
if:0.00957357742519156
boots:0.16571568956247093
but:0.009504046032148718
hd:0.12738872399234127
please:0.027363076527217926
email:0.039198552270970584
in:0.002538281455635578
external:0.18402961361253484
use:0.023753993253533542
subject:0.0003813850984574042
i:0.013635621946099637
power:0.03859793257386489
possible:0.03681388032806546
directly:0.051892861792805424
warm:0.07556033587029275
the:0.005383950071350378
do:0.010261684555807095
when:0.037362126938392456
an:0.012827116265167667
problem:0.030222361314936916
replies:0.06402583195445154
sy:0.09855230604792274
jerry:0.06971793960373036
is:0.0038381803841523415
disk:0.05001398548285545
wish:0.05337253592541112
yfn.ysu.edu:0.07952048976435683
