sells:0.03893658013113175
out:0.01826631161365054
say:0.01470965096331429
with:0.013600636669524355
c650:0.1924190462882061
ca:0.015942237179010242
into:0.013882200798313073
my:0.007366002025816289
to:0.0021367428838617534
look:0.018381149800588453
might:0.016489032061073224
that:0.0026891831429029208
jeff:0.03267813402194106
quite:0.020590692884569002
bit:0.021124683705858138
higher:0.0287742163801387
nt:0.005535492649011151
re:0.0028987635874276785
something:0.015431483078786999
you:0.01292555789322609
them:0.011363249391722797
sure:0.016915069923714755
a:0.0032476840135962676
hard:0.020963049632368287
same:0.030109974426800194
price:0.02426468373522452
old:0.020526458002653673
question:0.01692237273912484
wondered:0.04359374183988315
turns:0.03421515328346195
course:0.01896241705348852
lc:0.12067767563636067
cover:0.03042020580037121
are:0.004983809159699423
brian:0.05792368239967099
those:0.014386943056492714
it:0.0053155880579840616
centris:0.03912643299941312
drives:0.09411727097106189
only:0.010337490219141756
ve:0.014148323248274685
650:0.03912643299941312
macs:0.04100173264279451
without:0.01742023631629841
be:0.008968391583526686
stick:0.0327622426732904
writes:0.00512606504664777
get:0.01018894554489242
if:0.005194964494289994
of:0.0030145827219494365
but:0.0051572342810109325
who:0.010023665691735259
one:0.015245130353110425
in:0.0027547240603796974
cpu:0.03467025096428969
floppy:0.03414745033796773
pull:0.03503946064637693
and:0.0029596698797735646
for:0.0050441684172414574
subject:0.00020695315420169222
i:0.004439504819660347
any:0.007932459428595405
actually:0.018948171527915385
the:0.007011655906874911
thing:0.03509972767635591
upgrade:0.1714172636918119
when:0.010137011184835162
got:0.01714847923744631
may:0.014426554476277758
an:0.013920901373050182
apple:0.02940594532782229
people:0.011668784031574553
entire:0.028910218780533344
is:0.004165467083576184
new:0.026728675424551113
disk:0.027139371967440942
does:0.009445649723546707
sticker:0.04597734416351075
ordered:0.03631042715741476
article:0.006281650235012411
iii:0.07167045856500322
minus:0.0456733076274388
include:0.02605831994763257
