some:0.00634530910398562
iisi:0.029286701664497417
out:0.012806272816091955
there:0.009975858538882037
know:0.006705843074229901
story:0.01953835613050328
thanks:0.010833623070196538
with:0.003178409656464931
4:0.013501464696623255
tcp/ip:0.03257039565658138
from:0.013802808496144167
trick:0.026999473257173265
my:0.005164207942012507
via:0.01857734444899807
to:0.008988255391896722
everyone:0.0166169171603973
w:0.016817069864289966
then:0.008673262770520669
us:0.011194980359701064
connected:0.04939981560840213
software:0.015303184176528567
next:0.07278206586274932
that:0.005656053675562122
slip:0.0632363990411509
nt:0.01552344677657475
so:0.005553318464048478
unix:0.02153569247891485
on:0.005510965491731412
numbers:0.019172513048905968
them:0.007966625932240439
card:0.016635371448446967
modem:0.02317049226377614
a:0.0030358785344486846
air:0.020946407530604182
want:0.0102858585201749
price:0.017011653270891103
running:0.0164535891980799
route:0.02780278578156898
mac:0.05594481741539895
advance:0.01719294139498179
are:0.003494083595658834
internet:0.015524640995188077
ip:0.03133458129682235
it:0.0018633447268476737
have:0.0055570718820397045
laugh:0.027567477054648737
ben:0.03048366248871616
machines:0.02144536160263202
baud:0.029479672797415406
able:0.01433405014190581
messages:0.023777392724923376
connection:0.023400902910339656
has:0.00578681779286169
macs:0.0574915599013097
network:0.019964617771899874
heard:0.014688300866412362
be:0.009431433540284858
sort:0.017051420150331686
get:0.007143336822234361
if:0.003642121846540268
of:0.005283711564286376
what:0.010004805467354686
but:0.003615669686143534
impression:0.025712568555241788
again:0.026542055849000195
oh:0.017552805348594963
well:0.009146021250833395
good:0.008804401366084234
michigan:0.027998655001586357
over:0.010901851915866075
one:0.005344081020519687
rest:0.017753428442787003
in:0.0009656505537744048
our:0.012118344690110834
world:0.013702449395286287
and:0.00414997189663902
for:0.0017682003419134456
subject:0.00014509215702183858
i:0.00207498594831951
we:0.02197408541924951
any:0.005561343838526126
allow:0.019055840605296696
will:0.006159268178822197
currently:0.039118842411492355
the:0.005735077249916708
do:0.007807803466374963
interest:0.01985209237319503
got:0.012022575117557468
would:0.005068748076654217
can:0.004698728219770181
an:0.004879881187835526
solutions:0.025583162855819408
long:0.01293647415819883
here:0.01956957506112387
immediate:0.026085191769574925
is:0.010221241240405693
number:0.013599265480422599
ethernet:0.08507816721581676
hardware:0.019291745237361692
does:0.013244443634103535
1:0.010644151586547329
too:0.010611510151437482
sessions:0.030563003789918077
consulting:0.03257039565658138
going:0.011835954804617839
telnet:0.12356994172089915
9600:0.03191743744004843
s:0.0033719363090000997
