turn:0.11404927115715051
my:0.03167380871101004
nt:0.02380261839074795
re:0.012464683425939017
happened:0.11241002995794769
bus:0.1349014217251887
on:0.016900294174642998
ve:0.12167557993516229
shortly:0.18745308991149753
after:0.06430712292216505
noticed:0.13520676737181084
battery:0.157106722919932
of:0.006481352852191288
lately:0.175271097461682
errors:0.14313414392086043
in:0.005922656729816349
and:0.006363290241513164
subject:0.0008898985630672766
i:0.012726580483026328
the:0.0075375300998905305
thing:0.07546441450416522
an:0.02992993795205789
problem:0.07051884306818615
changed:0.12597717312778084
number:0.08340882827992527
first:0.06258516097970138
