library:0.07900204890002226
since:0.01887567569248756
believe:0.020496904531418305
go:0.03670626890177598
know:0.011640331374134923
tried:0.02922513257581765
floor:0.04637591242796064
someone:0.02078734070436811
to:0.0026003757737562846
look:0.022369512493168965
appreciate:0.036218993730325416
100:0.03187275564934973
that:0.0032726851456082715
helps:0.03990539902012229
nt:0.006736590110589042
could:0.014236878823830729
finding:0.04206231452577306
me:0.010222534720797592
re:0.003527740592246892
greatly:0.036820086318873596
so:0.009639722616838868
this:0.004952664512937915
on:0.009566204249797922
you:0.026216933462675562
specs:0.045715925742989785
spec:0.049509250494211725
posted:0.03220170683473486
m:0.01291334634071766
ray:0.08184469559601264
sure:0.020585320944898147
a:0.002634913444993198
following:0.02582371955697888
fine:0.030558080923778867
stuff:0.02757940144031719
internet:0.026948433425609493
d:0.01718720964506637
508:0.054553371622402015
it:0.012937940744904602
deleted:0.03314508959432393
have:0.004823118991958989
only:0.01258053054971025
hope:0.027249637147547596
has:0.02009008441295379
netcom.com:0.06073651273058753
which:0.012187663514316206
writes:0.012476648887123817
kill:0.034855019873616847
if:0.012644347542705835
of:0.001834345146846591
institute:0.036721300471068925
box:0.029891877459496292
one:0.00927651799788323
in:0.001676223602778212
and:0.001800931200428254
wpi.wpi.edu:0.05540385366951802
subject:0.00025185808388696507
i:0.007203724801713016
info:0.02778674961690941
the:0.004266526471636149
do:0.006776584140627327
around:0.022332022954279582
an:0.008470737156242799
10:0.027267658093360042
just:0.011079137391187602
long:0.022455766463288535
chase:0.11228830385680011
ma:0.03784167853997657
is:0.0025346474234968293
sheet:0.04913557938010752
fischer:0.05251353097646205
matter:0.028499085017929644
request:0.03679529271126728
pages:0.04241502709248646
68040:0.06046333205694233
first:0.017712781409349444
professor:0.04834529746439564
e-mail:0.0259405261948327
article:0.007644649814307556
s:0.011706344921811666
