out:0.008069706158085341
there:0.0062861574354599135
know:0.016902398981620572
help:0.014658169315354772
where:0.012653813686532614
your:0.008629672754666182
nubus:0.08152438499192337
ca:0.014085949288303569
someone:0.01509217886755493
mentioned:0.024076463142409847
longer:0.02324802060530257
upgraded:0.038126262215787514
to:0.0047198601372973655
remember:0.038118137486592214
software:0.019286204715625043
make:0.012055345776367833
that:0.0047521181566366685
memory:0.02316186456278983
like:0.015953959774091413
talking:0.022326651920289507
nt:0.009781897968800527
me:0.014843680553486912
greatly:0.02673239143699042
anyone:0.03437496060906968
had:0.010509647162206405
this:0.007191540251663273
he:0.010891323339179693
simm:0.07663842685577635
on:0.0034726631865704786
you:0.0038068423932104234
used:0.02704744531968309
magazines:0.036373293899779294
compuserve:0.03574059992627919
access.digex.com:0.03063330393420116
m:0.009375443233671727
board:0.09838894573575738
a:0.0047825483761862846
as:0.005480233974089167
old:0.018136390974947424
running:0.020736030222237682
idea:0.018988878734662713
ram:0.026642856631734577
mac:0.04700386486042652
waste:0.029305342432865335
act:0.025559130568618867
across:0.02643263097146467
business:0.024770984474202513
are:0.008807005227414047
no:0.007710587234126779
internet:0.019565300980237028
it:0.007044974583698053
have:0.003501716528408581
made:0.03185725413586303
has:0.00729297584853802
be:0.007924126810102346
simms:0.10304356161408353
get:0.018005122949193455
if:0.004590071368242529
captain:0.038517758200992645
of:0.002663569665284091
seen:0.035513217679758256
what:0.0063043979657303505
but:0.004556734398975412
years:0.015272434403975297
latest:0.02853662054967638
please:0.013119283266474347
they:0.01277972088366772
who:0.01771305307169655
good:0.011095957886023966
sounds:0.02440208605178656
one:0.0134700124352825
in:0.0036509527786539138
or:0.004618571628103324
and:0.001307525392091746
few:0.01565498288291977
still:0.013984308782394157
for:0.0022284168692607805
subject:0.000182855869123413
i:0.005230101568366984
appreciated:0.02318330218613865
back:0.014427100822380393
ago:0.01959702551619619
any:0.014017633784778182
the:0.0025813459246200442
when:0.008956674266052985
would:0.006388011274687507
can:0.005921684879710365
rid:0.03162571047128652
an:0.006149987250422854
slots:0.03793859800901961
about:0.006746686166588161
save:0.02481171392069379
ad:0.029655285317507194
disk:0.023979308108218366
does:0.01669162759366473
e-mail:0.018833532716796345
est:0.04181801907012098
included:0.025635489386992935
