some:0.005507249411006387
since:0.00943783784624378
ask:0.01374793671866211
at:0.004155495341766184
folks:0.01746799929384329
there:0.008658292316765542
posting:0.01556221017432189
all:0.009000639911757464
thanks:0.01880553438600154
fax:0.04328268877193476
option:0.059301102201684656
much:0.008241494667735525
4:0.011718252378201316
from:0.007986530702171467
reviews:0.028169336752892175
possibility:0.020004630102081755
both:0.01059294378447282
my:0.0044821427421240624
to:0.004550657604073498
sound:0.016279166458152975
add:0.016208586870055275
near:0.017003659327743042
most:0.008757525773429423
village:0.024522214638583305
software:0.013282008907930454
global:0.02413071973494666
t:0.012152231391511519
that:0.0032726851456082715
problems:0.012939024697602703
think:0.006791264280795071
kinds:0.021508946574448323
like:0.010987160976496916
re:0.005291610888370338
so:0.014459583925258304
anyone:0.007891107309629204
voice:0.05131831558636087
this:0.007428996769406873
reply:0.016939606223373323
getting:0.012793403642569274
best:0.011486679622459594
hi:0.014863286132143418
on:0.004783102124898961
you:0.002621693346267556
magazines:0.025049532591357438
etc:0.01095435843140677
modem:0.0804409542742417
posted:0.01610085341736743
3:0.011044650682252922
why:0.008394917830915125
answers:0.01976703406722822
more:0.0059972595557581405
a:0.004611098528738097
other:0.006506169753924107
same:0.0091608176911727
sorry:0.01498781455065389
want:0.008927348904302744
responded:0.024707218002513874
advantages:0.025879205546374722
coming:0.01639919789995092
mac:0.032370586177463544
gold:0.04877614686848232
advance:0.014922175550361554
are:0.006065201713219108
d:0.008593604822533185
it:0.0032344851862261504
not:0.002843915134792287
should:0.007749113878459809
have:0.0024115594959794946
buy:0.028366425709848736
kind:0.012997767438504998
complaints:0.024707218002513874
hope:0.013624818573773798
second:0.01297026309741635
has:0.005022521103238448
decided:0.017602042750086578
topic:0.020597343634856234
heard:0.02549667320207429
fastest:0.026526380647853426
writes:0.0031191622217809543
if:0.009483260657029377
of:0.004585862867116478
future:0.01653069020904646
what:0.013025124099008932
but:0.003138128406841558
again:0.011518250651452915
please:0.009034978098609692
they:0.008801128533091921
brands:0.028473763739390156
who:0.00609930601053702
cheaper:0.020798954712107513
good:0.007641555902639147
over:0.009461984681695084
in:0.002514335404167318
promise:0.023506075463015853
5:0.012258834372253221
use:0.007843299659185603
message:0.015317546644149629
and:0.001800931200428254
few:0.010781261796727766
for:0.006138657790793848
subject:0.00012592904194348253
summer:0.02123002901205765
offer:0.016580960465999234
i:0.008104190401927143
6:0.013860139776222614
person:0.01323204924091439
info:0.013893374808454704
possible:0.02431105304683568
mention:0.01780506987866473
any:0.009653653455554785
necessary:0.017003659327743042
will:0.005345779928789077
the:0.0028443509810907657
zoom:0.05737641780025915
did:0.007754297374730969
regards:0.03895629808501569
repost:0.05238340529596832
many:0.017483028562057485
about:0.004646302737367319
is:0.003801971135245244
new:0.008132073419262014
time:0.007450518725960913
questions:0.028529965445712374
2:0.009190611094789664
hear:0.01563057341631513
request:0.01839764635563364
1:0.009238320244927871
various:0.03362810356938857
article:0.003822324907153778
already:0.0137065392514026
by:0.004671865447250783
buying:0.018920839269988284
