some:0.02202899764402555
help:0.040379107925316925
send:0.0553461720920042
thanks:0.03761106877200308
someone:0.04157468140873622
to:0.010401503095025138
vram:0.20752056530820184
that:0.006545370291216543
nt:0.013473180221178084
could:0.028473757647661458
me:0.020445069441595184
need:0.036249094179193135
installing:0.19919819664351687
reply:0.13551684978698658
he:0.0600050266988768
a:0.002634913444993198
quick:0.07659009849417539
it:0.006468970372452301
has:0.02009008441295379
his:0.03480054795292937
simms:0.2838558489746452
gotten:0.08131530026025495
please:0.03613991239443877
in:0.006704894411112848
thomas:0.06950952856658679
po.cwru.edu:0.17992175801083793
and:0.014407449603426032
for:0.012277315581587697
subject:0.0005037161677739301
do:0.013553168281254654
extra:0.07329576810360851
wants:0.06642519174705186
drop:0.08169191804445378
just:0.022158274782375205
instructions:0.09117858695141087
700:0.20291291637231884
s:0.011706344921811666
