above:0.03729665794696637
configuration:0.06497580787255937
at:0.01206801386923878
with:0.01602266785724787
mentioned:0.048152926284819694
from:0.011596880197673638
my:0.01301663371685344
vram:0.15066561590869448
that:0.0047521181566366685
problems:0.03757634569714757
memory:0.04632372912557966
like:0.015953959774091413
happens:0.051179144038065456
re:0.005122472640796856
anyone:0.022916640406046452
this:0.007191540251663273
off:0.02991037599940206
these:0.045387286934217605
m:0.018750886467343453
a:0.0038260387009490275
as:0.02192093589635667
also:0.04064375703231689
video:0.09577290939356226
are:0.008807005227414047
it:0.014089949167396107
not:0.016518082426738762
have:0.007003433056817162
centris:0.13828246183354223
only:0.018267619702318993
simms:0.06869570774272235
suffer:0.06734036599128532
conditions:0.062120995960545586
nec:0.07430492869485526
seems:0.03228064506001477
well:0.02305298507059376
virtual:0.06764144690524114
removed:0.06325142094257304
in:0.004867937038205219
installed:0.05486808158020675
610:0.22933235036218017
subject:0.000365711738246826
i:0.005230101568366984
1mb:0.08124763557661488
the:0.0030976151095440533
sfu.ca:0.07994201667518577
when:0.01791334853210597
canada:0.05096722730146091
colour:0.07245511658795195
william:0.05577615451220572
problem:0.028980346466377864
during:0.04011465081921192
is:0.0036804469437077244
having:0.035847827293429606
does:0.03338325518732946
occurs:0.06539994794932605
