manager:0.0263550224155275
out:0.007907228852888993
there:0.0061595905072291774
posting:0.022142205080243227
with:0.0039250159516077
way:0.011626663218433177
remove:0.029652016006977384
from:0.005681692982752856
work:0.013591090362351031
wrote:0.017285738085186988
my:0.006377276921679874
to:0.006474761154789138
that:0.0023282189626474955
memory:0.04539103659284987
me:0.0072724072510372125
re:0.002509667803880339
so:0.006857789244194094
national:0.021840093456292037
this:0.007046744139213678
best:0.03268692724780448
drag:0.03502099053179034
on:0.006805487587104563
you:0.014920778239160317
2mb:0.12494323978781169
etc:0.015586067029921043
bill:0.062325782732047995
m:0.009186675920242094
board:0.024101990062786204
a:0.003749004364688309
other:0.009257100589475912
ram:0.10442569310693284
logic:0.027870744618771624
are:0.004314841487256547
internet:0.01917136874573561
hoping:0.03212654092062231
it:0.0023010431526172613
have:0.0034312121687761934
calling:0.027604031003674215
try:0.0163516085392174
only:0.008949907639391184
real:0.01716505942280703
network:0.02465429308744682
which:0.008670418339043744
get:0.01764260369518285
of:0.005219881491697682
trying:0.01809616257092883
expansion:0.09307539417669881
what:0.01235492755700176
powerbook:0.036404428152512984
latest:0.02796205771981712
well:0.011294415504384864
find:0.01420434052129792
170:0.07988295442161619
one:0.0065994020656082045
in:0.002384962441536785
or:0.004525580253040841
total:0.024570573797344977
install:0.029652016006977384
and:0.00640599688742936
for:0.002183549415517275
subject:0.00017917420732898185
vendors:0.036821419972023095
i:0.0038435981324576158
group:0.018101449226890234
info:0.019767754761022802
any:0.006867699773750385
4mb:0.11677951277892247
cost:0.022288641639938798
the:0.005058745033483577
users:0.026501325961450887
do:0.009641851260489888
thing:0.015194177416946017
upgrade:0.02968164700166944
when:0.008776338542575408
original:0.02071253700183543
can:0.017407368975255973
peter:0.04942138363524774
upgrading:0.037547685640749486
unit:0.02879289139328467
is:0.007212687970219165
maximum:0.06569584580057536
max:0.031957691527091076
slot:0.03421589445743478
article:0.005438475706822825
roberts:0.037358619352382404
going:0.014616212644628741
by:0.006647217951793061
los:0.03060333338109426
giving:0.0509176771448198
s:0.00832800376987944
