know:0.025705731784547953
with:0.012183903683115569
way:0.03609110040721965
both:0.04678550171475496
my:0.019796130444381277
to:0.011484993000756923
w:0.0644654344797782
cleveland.freenet.edu:0.08921705773969803
like:0.024263313823097356
anyone:0.03485239061752898
on:0.010562683859151873
you:0.011579145612681705
machine:0.06776665321509055
a:0.008728150786539969
want:0.03942912432733711
as:0.016669045004521217
have:0.0106510544405761
centris:0.10515228868592275
desk:0.11155133401643527
get:0.02738279115189838
of:0.004050845532619555
monitor:0.15613649333703367
well:0.03505974812819468
david:0.05200927581967696
one:0.040971287823984265
610:0.11625876094749411
use:0.03464124016140308
for:0.006778101310668208
subject:0.0005561866019170479
space:0.06369818244818964
i:0.007954112801891455
do:0.014964956643885346
ibm:0.08209306393999305
would:0.019430200960507835
can:0.018011791509119027
an:0.01870621122003618
save:0.07546896317544362
does:0.025385183632031773
2:0.040591865668654345
share:0.0850218545779345
