above:0.011994079427879055
at:0.011642709415697327
out:0.010380414969871894
there:0.00808615846323478
know:0.005435573240785471
all:0.008405883970451906
50:0.015203450612900578
true:0.022760183190818035
own:0.009984540244704826
with:0.0025763320563416186
nubus:0.026217092970970954
c:0.01139250086092053
4:0.010943918520610923
though:0.010949533927800351
from:0.007458786382644719
clark:0.04418314242483464
bits:0.019424574444787637
wrote:0.011346145262964147
single:0.01432346550886509
to:0.004249953357108289
sharing:0.024225969077829732
ii:0.01617356742339259
inputs:0.05008120986045252
software:0.012404343121062806
100:0.014883313210709568
channels:0.048451938155659464
that:0.003056428417924906
bit:0.07202865721733127
conversion:0.02212695522870483
nt:0.003145720492169333
its:0.00910935927768357
12:0.01565367767229972
need:0.008463444896463597
re:0.0016473149902122052
sample:0.04152600605813181
so:0.004501368270418151
national:0.014335567951486845
this:0.004625395932787833
reply:0.01582024898394337
two:0.008214931421380228
you:0.007345361093507337
specs:0.08539009918514393
used:0.008698077129237295
etc:0.010230502147393109
them:0.0064575293900098725
specified:0.02307458245168697
igor:0.031147628547494505
8:0.013006569525876064
board:0.01582024898394337
a:0.0006152000554389406
same:0.01711095463020804
samples:0.02504060493022626
price:0.013789181505920543
khz:0.08007371059827452
as:0.0035247319833348833
mac:0.015115780329564477
driver:0.016210509244433447
accuracy:0.06395357836884019
plus:0.015752862792861987
ratio:0.04698009600003685
output:0.01800598321116353
are:0.01132883491808327
no:0.009918464635969251
brian:0.03291698250906413
plan:0.017205128623077562
d:0.00802574547302659
not:0.005311982454413788
have:0.006756616032788364
term:0.017170395567905103
boards:0.08243725865370077
only:0.005874608979159853
per:0.015580727381378933
expect:0.01522564353814268
careful:0.02027027923991802
quality:0.03386928493898106
channel:0.02134752479628598
has:0.004690636448839432
follows:0.01891640668557627
be:0.005096574952753051
found:0.011782028657519813
14:0.032897381671864914
converter:0.11869500234069438
of:0.0034262658249469367
freedom:0.01756840740228461
interface:0.01860220060266028
distortion:0.026896170855672533
but:0.0029307630936141423
must:0.010209076773037434
good:0.00713660727471145
box:0.013958321633068755
in:0.002348189892878729
clearly:0.016011058926979755
external:0.01891640668557627
rather:0.011336932391686623
use:0.00732501994602356
and:0.005045780808248324
for:0.010032784318874529
subject:0.00011760773961241542
each:0.01121590042890139
i:0.00336385387216555
example:0.012384842042986365
rate:0.03422621770476873
information:0.010743706099047423
than:0.006302208291715688
the:0.007305095250995227
do:0.0031643961185308226
did:0.0072418988697927995
myself:0.01468212362113605
many:0.008163881178758122
about:0.004339278327409126
unknown:0.020789147238404294
is:0.0035507395624316818
time:0.0069581937000163605
checking:0.021407461589483246
16:0.06144480602335052
resolution:0.019682035219545674
instruments:0.023208763982456613
terms:0.016956559362178256
article:0.0035697483714387714
very:0.015358964685316718
already:0.012800820798666747
thus:0.014675573008265663
high:0.012323012447760007
200:0.018308920908287285
check:0.014578465042236517
range:0.017619189363390634
s:0.002733199475136645
