statistics:0.029348488137293648
at:0.01641549712648008
out:0.007317870180623974
folks:0.04600268137012146
there:0.005700490593646878
uiuc.edu:0.035603891542532434
form:0.021201123754545935
thanks:0.024762567017592087
where:0.011474886945551314
increases:0.03265921070714572
hand:0.019610182953122193
with:0.003632468178817064
further:0.022036238516033455
much:0.010852154469316344
motorola:0.030268863993447404
into:0.01112300560858625
from:0.010516425520871746
work:0.01257808983844909
my:0.005901951933728579
to:0.0025680729691133493
mhz:0.058696976274587295
clock:0.10658734950557554
powerpc:0.04066623314606648
appreciate:0.023846045561580705
been:0.009113294330567945
make:0.01093217691521555
nt:0.004435270507592785
me:0.006730364474562389
re:0.004645223636995907
reply:0.022305568443199652
you:0.0034521676360790175
performance:0.0235466536248237
m:0.008501954733640198
sure:0.01355306844819381
a:0.003469575467941354
how:0.016339913009057443
below:0.023055117472285044
hearing:0.02816666276471943
idea:0.017219728541992274
vital:0.03709254280505057
following:0.03400390401291629
blessed:0.03399784192580131
given:0.017315450678144603
stuff:0.01815786678679268
overall:0.028780212730929264
70:0.026719483586103144
are:0.003993238395038667
no:0.006992209541506272
d:0.011315802623459846
it:0.004259073661366111
not:0.007489565323925029
should:0.010203802125673785
deleted:0.021822232900610784
have:0.003175469646879831
typing:0.03520939833928817
systems:0.018636131181879567
try:0.015132855107722935
real:0.015885676111790356
command:0.02556678667660767
list:0.01808464967032037
pentium:0.039808156509539665
6th:0.03696447269820128
writes:0.004107219819984859
applications:0.02422547221984057
ux4.cso.uiuc.edu:0.0354035135163323
fill:0.030015311232452026
of:0.002415411000816629
totally:0.025587051556327033
intel:0.03140129602322352
but:0.004132193927021181
lately:0.03265921070714572
least:0.029908849474614686
sense:0.02041193817616764
lines:0.021945230585680226
double:0.027441927857389005
they:0.0057945318292406435
explanations:0.03696447269820128
good:0.010062172989810552
in:0.001103600632885034
processors:0.03570655801427908
compare:0.05353678153780761
competing:0.03520939833928817
speed:0.10430016046229133
world:0.015659942166041472
p.s:0.02816666276471943
and:0.004742825024730308
for:0.010104001953791117
subject:0.00016581960802495836
i:0.002371412512365154
experienced:0.031719887913829424
we:0.008371080159714099
power:0.016781709814723864
any:0.01271164305948829
will:0.007039163632939654
the:0.003745356571374176
do:0.008923203961571386
address:0.019831188533749135
about:0.01223622584250772
different:0.015696999366529487
is:0.0016687740800662354
having:0.016253983803853175
does:0.01513650701040404
1st:0.02795506925811318
trouble:0.023694545852734998
68040:0.039808156509539665
too:0.012127440173071406
dave:0.04355620709782102
very:0.010827593116667374
by:0.012303546271020696
fit:0.025251230306201095
while:0.013480388235270325
processor:0.06071147012322698
s:0.0038536414960001135
