since:0.012350750761751118
help:0.013210448889146895
vertical:0.033336105839695776
with:0.0036100455357379463
operations:0.02877356081622807
apparent:0.029871321583799838
from:0.010451509313952785
colors:0.0844425309959823
line:0.01743088733830857
design:0.02322942720632989
256:0.06033670796197249
then:0.009851113270221007
day:0.01569940145532637
worse:0.02404361366259498
been:0.009057039427292834
that:0.004282773153512059
problems:0.016932550838838104
cleveland.freenet.edu:0.02643468377472534
through:0.01462631662978288
generally:0.023868824032241352
re:0.004616549417014451
anyone:0.010326634257045624
had:0.009471657319025524
this:0.0032406323356260433
apr:0.02300745850023456
these:0.020452295964184474
certain:0.040695246811858134
on:0.0031296841064153698
set:0.01635441101312297
used:0.012188046347758429
etc:0.014335333255915033
particularly:0.024796915402102358
m:0.016898947063161383
a:0.0034481583354231977
as:0.009877952595271832
ram:0.024011463384155853
operation:0.026578803305570966
given:0.017208565180131363
also:0.018314779403451435
chip:0.019953113319773296
video:0.06473539246046338
computer:0.01654754879731676
are:0.0039685887753162065
it:0.00423278308320953
not:0.014886666878418886
centris:0.0623124673694357
area:0.03961070425505366
date:0.022085180183847673
moved:0.05504451036706104
suspect:0.023963549770973824
always:0.016400963567893254
configured:0.03648935043084387
has:0.019718045812713907
open:0.020400991226872608
screen:0.0461519403716796
be:0.003570748500848588
which:0.007974644027885912
14:0.02304847419602881
if:0.008273461972387769
inch:0.03245761064105222
of:0.002400501056367144
monitor:0.06939399703868163
gotten:0.02660315378884884
but:0.012320059671303892
disappear:0.03558989480626736
gmt:0.02615616256929034
lines:0.04361953239869773
sat:0.03209079940357815
windows:0.016958069021132723
continued:0.029470346915437047
observed:0.03147017453183817
david:0.015410155798422802
over:0.012382350324193566
in:0.001096788283299324
or:0.0041624164055746
610:0.06889408056147799
and:0.002356774163523394
for:0.004016652628544123
subject:0.0003295920603952876
i:0.003535161245285091
away:0.017092491273602902
horizontal:0.03340915804739333
the:0.005118075993752829
when:0.008072064461998369
would:0.00575709658089121
can:0.0053368271138130455
push:0.02962762521976411
apple:0.023415845353636267
problem:0.05223618005050825
17:0.024273479990620402
is:0.009950838032987552
involved:0.022227636648554736
done:0.016349775008769742
having:0.03230730114099212
white:0.0209812910235839
eliminate:0.03326390806337978
window:0.04304929310895236
spare:0.03147017453183817
1993:0.01870157903092677
1:0.012089653653856225
16:0.02152464655447618
bad:0.016917290412014716
appear:0.02437467634726038
