at:0.01182503372422055
fast:0.02336777130837609
behind:0.02367612349663556
50:0.023162303953882087
way:0.011626663218433177
motorola:0.03270662485198008
hacker:0.03804505458137849
stream:0.0358610116254414
to:0.002774897637766773
significance:0.035427867188276486
w:0.02076738828878761
80:0.02682323239908261
mhz:0.09513637429740156
clock:0.02879289139328467
h:0.04742526341334921
t:0.01729042318792243
100:0.022674577844503836
been:0.009847250920949256
that:0.006984656887942486
think:0.009662738439788961
quite:0.017826841490667125
memory:0.022695518296424935
bytes:0.034453491283279854
re:0.002509667803880339
alpha:0.037841662974027294
this:0.003523372069606839
jon:0.05569621830494407
something:0.013360143068211563
on:0.0034027437935522814
you:0.007460389119580159
performance:0.025443028413400105
cycle:0.03393025946133549
intelligent:0.03421589445743478
a:0.0009372510911720772
how:0.01765587915743791
hard:0.018149217466949728
as:0.010739787385463334
cycles:0.039941477210808096
40:0.025667833476676498
odd:0.03261405222021944
mac:0.023028739159806282
486:0.03199950729722957
chip:0.02169398897854546
far:0.01670723538336511
57:0.036908020004478855
it:0.004602086305234523
not:0.008092751792965971
comparable:0.03398642221080204
application:0.024767568508838447
have:0.01029363650632858
interesting:0.02193305075115042
32:0.028741065580573863
real:0.01716505942280703
be:0.003882290316358868
which:0.008670418339043744
pentium:0.043014182537153604
writes:0.004438002624278942
get:0.008821301847591424
soon:0.02414089689288235
making:0.020634947589747675
ux4.cso.uiuc.edu:0.0382548031955
of:0.0013049703729244204
cheers:0.02922256829774729
available:0.018127945153115638
what:0.00617746377850088
intel:0.10179077838400645
but:0.0178599522751788
version:0.020942755756144862
they:0.012522411067218036
highly:0.02803136721079598
one:0.0065994020656082045
in:0.0035774436623051773
compare:0.02892423432076183
speed:0.022540034677085777
or:0.004525580253040841
world:0.016921145561964272
66:0.03433364150207176
subject:0.00017917420732898185
each:0.017087311391681983
i:0.001281199377485872
faster:0.05235303392475613
news.cso.uiuc.edu:0.03077587268787417
power:0.018133256913896254
mention:0.02533338801528136
any:0.006867699773750385
will:0.007606076140290499
turned:0.0263550224155275
than:0.009601350887378934
the:0.0025293725167417885
do:0.009641851260489888
less:0.01844876212480723
around:0.015887210960762656
can:0.005802456325085324
an:0.01205232400754009
instruction:0.07416929246959358
makes:0.018744818001691102
15:0.02242825994617882
is:0.01262220394788354
number:0.016793723814750056
printed:0.032660178926848714
chips:0.05574148923754325
65:0.03284792290028768
their:0.01015895046027996
goes:0.021631055006648837
68040:0.043014182537153604
16:0.023402635851175448
slow:0.027560591309005643
although:0.021206305078890993
article:0.005438475706822825
200:0.02789345668577995
