there:0.021098367484532126
bnr.ca:0.05364311114881843
know:0.014182472708716113
access:0.0385330674484888
such:0.02210364601687125
my:0.010922003003796567
to:0.007920684828108223
like:0.013386655902398542
anyone:0.019228905168291854
on:0.00582768764642862
am:0.018785475364383512
working:0.03641998862881157
8:0.03393668140659616
a:0.0016051771561452815
mac:0.07888004907611806
are:0.022169357986249156
application:0.04241801963007964
able:0.03031569225414562
exists:0.04289233405768224
device:0.0461397101713888
be:0.006648979967097371
which:0.014849337155373767
if:0.015405756776170327
of:0.008939797037505226
available:0.06209342132906276
must:0.026637476177925255
up:0.015442073222441203
one:0.011302424227306006
use:0.03822481672982409
for:0.011218926307312896
subject:0.0003068615734714747
each:0.02926447583173121
steven:0.10313825581262116
i:0.008776952057259537
appreciated:0.03890531171466946
any:0.03528576780306232
information:0.028032428557284654
limits:0.05684207589161059
will:0.013026498217279131
connect:0.05282846356736261
the:0.004331913850511799
devices:0.1463682221904365
would:0.010720110874762942
can:0.009937540142962222
increasing:0.05859963533514693
increase:0.04833041072629065
an:0.010320668259330307
is:0.003088191113685792
number:0.08628499477233649
simultaneously:0.06351278493085888
does:0.014005618555603738
serial:0.19031346794780837
ports:0.113175160383745
