know:0.033347976369143294
thanks:0.05387531472746387
where:0.0499312648171287
sound:0.18655044806099627
could:0.040786733927731286
anyone:0.04521391215247003
national:0.08795064662128416
on:0.013702941222683512
a:0.0037743354752605273
mac:0.18547470998979115
it:0.009266362965945189
hughes:0.2765250045301996
what:0.024876813594503548
secretary:0.1380243771385551
find:0.0572012631803619
david:0.1349429859105132
required:0.10115625541894512
recording:0.3098500831539309
and:0.005159424520145809
for:0.017586425022274272
subject:0.000721539375459954
i:0.005159424520145809
portable:0.2765250045301996
the:0.002037170297267711
is:0.007261422348396322
capital:0.1380243771385551
hardware:0.09593732766687978
does:0.03293213011723041
freenet.carleton.ca:0.3001427546687915
