there:0.006038019641954917
true:0.016995268369459516
case:0.016260599390176024
own:0.014911122602289441
with:0.019237742657550898
into:0.01178160462488412
companies:0.05232410981036495
from:0.022278217221846724
dealers:0.06477788785122247
sell:0.04579042498658641
prevent:0.026467220211635997
dealer:0.029095825021373332
often:0.020442897291307275
several:0.018542443237285502
to:0.007253679789951741
mail:0.060479911279655046
that:0.009129069090380968
through:0.015588574302794912
obscure:0.03863689795374283
re:0.0024601348866984903
this:0.006907663662781828
you:0.003656572298741591
numbers:0.02320883158551775
machine:0.02139999575213386
market:0.10291724250192164
state:0.01748495649303037
more:0.008364598854083723
a:0.002756258143117885
price:0.020593053959499754
as:0.010527817897592348
authorized:0.0366212781809538
are:0.008459360284226652
no:0.0074062219485691435
those:0.01220997140978658
internet:0.01879298646785925
supplied:0.03626557277785988
not:0.003966513214315558
flame:0.027616141479459178
zero:0.03048430427420797
have:0.013453963503885601
machines:0.07788052371482156
dig:0.038274662577538705
absolutely:0.026331965428602853
macs:0.06959504619632226
which:0.008499291661299459
get:0.008647197205862647
affairs:0.03515322850125505
of:0.0025584287574439294
result:0.046513183697519764
warranty:0.033773488165846695
order:0.055348359101299184
tracing:0.039713407320728374
please:0.012601416821745096
they:0.01841288732581073
find:0.013923991695219672
who:0.008506926804170055
one:0.0064691507090501475
in:0.001168945407200595
replace:0.028923440992465282
identity:0.03739616657343
or:0.004436259590151877
better:0.014711946521719756
subject:0.00017563787428959404
grey:0.036094681419943694
i:0.0012559125476670717
vat:0.04504847453267791
unfortunately:0.02422298079490761
than:0.009411850540917506
the:0.0024794506907534638
do:0.004725775782279583
educational:0.03472863296745524
around:0.015573647586537075
can:0.00568793416077443
eric:0.0524740589515606
gray:0.03782076210722981
come:0.01579732680571979
apple:0.07486908448596859
problem:0.013918192710826211
different:0.016626426960600314
is:0.005302749214947313
number:0.016462268739458934
either:0.03294161456728103
obtain:0.030134277721158863
does:0.00801637377853635
their:0.02987533457727067
protect:0.027166892085603047
serial:0.08169706436575326
ordered:0.03081608620596384
sold:0.02701663227001211
nothing:0.016808263167769136
legitimate:0.0301002779174849
very:0.011468700603838469
by:0.013032045721278501
sales:0.03183654010904983
void:0.036179572241232555
