another:0.01712359328485389
iisi:0.020805996549295463
at:0.006802818628991745
out:0.004548946328495984
tried:0.011960865069639656
thanks:0.007696473532494838
i.e:0.026675976810620873
specifically:0.015625647304075913
with:0.002258020759805202
powered:0.021386236715509124
much:0.006745933859304754
though:0.009596695759114593
mathematics:0.020545605503752867
from:0.009805856228920952
turn:0.013210340288473031
both:0.01734134426492848
several:0.021764103259207697
my:0.003668780931777225
to:0.0021284929113371907
look:0.009155090055119346
then:0.006161700192184569
boot:0.03790445150108372
connected:0.017547424849316588
normally:0.032863720031820726
that:0.0013394000982026133
memory:0.013056495081727086
like:0.008993351841765817
id:0.0181073699151477
nt:0.005514120090520761
its:0.007983878594726527
server:0.015453508668523684
so:0.011835643985153514
anyone:0.006459130307495719
had:0.005924357087575812
this:0.004053918443022541
hooked:0.02226086084407457
tail:0.02194678501606703
begins:0.020630466147454705
internal:0.04589846427938609
on:0.00587268909543579
identical:0.018869781254516497
etc:0.00896650188207813
state:0.010261441648419368
more:0.00981790753529518
a:0.0043135262574406025
hard:0.0208821112167993
old:0.010223602634526348
failed:0.016360225236390098
removing:0.019650618576890613
mac:0.0794891614241962
cables:0.020341271907404056
drive:0.06541630306114259
scsi:0.09799163620385241
solution:0.015018753159201733
works:0.022973945896144713
it:0.003971298413976509
not:0.0023278378709496715
ones:0.013098957453192497
ftp:0.01464620442968755
have:0.003947881182607358
ve:0.007046848258793183
university:0.009074672206944608
second:0.010616586010240412
connection:0.016624579673754813
has:0.008222196709548657
shows:0.014919747635598113
device:0.015498667123207821
network:0.014183357799341996
chain:0.04021908428024245
anybody:0.011735888590396506
noticed:0.015661015525692375
get:0.005074802993402017
if:0.0025874533581598815
of:0.0022522075548155056
trying:0.031231601039402267
electrical:0.018290173469577033
even:0.006483241111065736
boots:0.022394012103036615
department:0.013390253215030642
seen:0.010009516952209857
what:0.003553830513500507
but:0.002568661089769924
year:0.019110121360692293
never:0.008509417879775523
order:0.01082747822831078
please:0.0073954260884372775
up:0.020748422708144938
now:0.00637804786825577
over:0.007744944990422231
box:0.02446748270815913
one:0.00379656721148889
purely:0.019240494201387494
installed:0.015464748862374877
external:0.03315848893919547
or:0.010414076566843017
use:0.006419998176630687
and:0.0036853032286755776
for:0.0012561732158767336
subject:0.00010307705363713628
i:0.005896485165880924
hangs:0.022823454709639795
power:0.020863747337224264
face:0.013858191470832277
pretty:0.011112046551813231
the:0.008148681189070844
when:0.005048936072755738
devices:0.04916615957748252
can:0.0033380926348946464
drivers:0.015182639994133227
because:0.006813599609631328
once:0.020718387605597733
eric:0.030795586720606994
an:0.0034667881797750453
problem:0.016336411521587525
just:0.01360295633358169
makes:0.01078369838707326
during:0.011306445983793323
here:0.00695135484796678
relatively:0.01721469243139747
e:0.012011157127620953
different:0.009757594200815628
head:0.013331504770099162
stops:0.020943088010519053
is:0.002074692099541806
tests:0.018174911063593712
disk:0.040551880121234146
does:0.014113770050241604
lot:0.009569704201796876
illinois:0.018607026570172807
goes:0.01244412044784045
light:0.013483454385352483
1:0.007561868308589608
too:0.007538679026503848
adapter:0.038601647228281404
late:0.014880845504367449
changing:0.033068870822436335
initial:0.017786326021973296
before:0.008209244274990904
process:0.013963566537581342
happy:0.014664459801100468
s:0.004791013751783925
