ability:0.03485469274311676
there:0.00798068683110563
nanao:0.11091068695167489
form:0.02968157325636431
know:0.010729348918767843
financial:0.04696042735678884
your:0.021911864733587177
with:0.00508545545034389
ca:0.01788303127036801
happiness:0.050589119232920726
my:0.008262732707220012
to:0.002396868104505793
experiences:0.04108788339221111
famous:0.04374709606216187
software:0.02448509468244571
reliable:0.04033994535168902
nt:0.0062093787106299
anyone:0.014547084779490358
on:0.00440877239338513
am:0.014211620493055353
brand:0.03917880280712796
card:0.026616594317515146
m:0.01190273662709628
a:0.006071757068897369
j:0.05311528103528457
old:0.023025331150802818
standard:0.02646995252575858
mac:0.059674471909758886
compatible:0.07835760561425592
waste:0.0372050434365073
drive:0.0245548152070086
21:0.07054266123746653
course:0.021270885216521904
popular:0.036782367792460545
video:0.09119246590082668
cheap:0.032315054073103026
display:0.032053229712482416
are:0.005590533753054135
it:0.005962703125912556
have:0.004445657505631764
being:0.01692003417326216
ve:0.015870727817629864
color:0.032127235709594665
always:0.023103966069553977
heard:0.02350128138625978
be:0.005030097888151924
get:0.011429338915574978
things:0.019432399375132605
if:0.011654789908928858
of:0.006763150802286562
monitor:0.03258500730512007
what:0.0160076887477675
but:0.011570142995659309
macintosh:0.04083135587571808
nec:0.04716747647586465
using:0.019168874596912355
david:0.043416438945121635
good:0.014087042185734776
one:0.0085505296328315
in:0.0015450408860390476
and:0.003319977517311216
for:0.005658241094123026
subject:0.0004642949024698834
i:0.00829994379327804
everybody:0.035460080867271204
any:0.017796300283283606
will:0.009854829086115516
the:0.0019663121999714426
an:0.007807809900536841
about:0.008565358089755405
definition:0.035432864406324004
is:0.007008851136278188
cards:0.06843508633655829
new:0.014991300564204755
time:0.013734869303510554
does:0.010595554907282829
every:0.021149117625542575
very:0.015158630363334324
while:0.018872543529378456
s:0.01079019618880032
