at:0.010126034625913001
anyway:0.03504038875453487
access:0.0385330674484888
missing:0.049628131763094815
to:0.003168273931243289
0:0.04212823320080957
besides:0.04655272177168838
calculate:0.06840551844149892
mhz:0.05431157000119859
clock:0.04931196342068294
h:0.04061128878499444
that:0.011962228463257821
memory:0.03886933593295765
den:0.07870538079272461
need:0.022082781511462486
re:0.004298166698599662
wait:0.042199997759886414
this:0.006034280900820908
mean:0.03038416157275702
something:0.022881164565097964
you:0.012776988262269468
performance:0.043574841765478343
am:0.018785475364383512
assume:0.03990216730217444
state:0.03054842973494961
computers:0.049859412259639885
more:0.014614011791042826
board:0.0412781209121281
a:0.004815531468435845
how:0.03023822982135918
stuff:0.06720497822238211
d:0.041881476376483574
deleted:0.08076734475858245
bank:0.05473213836248931
uses:0.03925281758432686
personal:0.03855052265742202
simms:0.057641226036996916
writes:0.007600717138132901
ux4.cso.uiuc.edu:0.06551684685206323
of:0.004469898518752613
even:0.019300683307655466
oh:0.03712317453036176
they:0.010723214074801651
who:0.014862676715331589
es:0.0719492122306313
in:0.004084590848149206
compare:0.04953690705509785
speed:0.15441219158095545
or:0.007750706410380291
use:0.019112408364912046
for:0.003739642102437632
subject:0.0003068615734714747
i:0.006582714042944653
news.cso.uiuc.edu:0.052708103798773005
will:0.013026498217279131
the:0.0025991483103070794
do:0.0165130556070459
would:0.010720110874762942
note:0.03404240343538503
cache:0.05577779098554365
here:0.02069426328302754
figure:0.04244250154108912
man:0.0333109119401747
runs:0.04312402897061304
switching:0.06091730597989689
article:0.00931417103812185
processor:0.05617555568873302
