at:0.005611242117544147
out:0.00750431273299656
uiuc.edu:0.036510997059539634
form:0.021741279773770036
help:0.013631163821922275
anyway:0.019417285488181744
access:0.042705437809153195
missing:0.027500939257256364
ca:0.013099035643900135
previous:0.02212228929740641
both:0.014303847658014256
to:0.002633501579791396
0:0.023344944512550526
besides:0.025796731172846428
calculate:0.037906242703251
mhz:0.060192440638271054
clock:0.027325737691716024
that:0.013257501608960897
memory:0.043078117530793825
nt:0.004548271030079226
could:0.028836480675020204
need:0.01223695535985501
anything:0.014784975479741426
re:0.0023817866418991756
wait:0.02338471213445935
this:0.003343837187079102
mean:0.016837083164521406
something:0.01267937144690142
slower:0.03112912958547626
you:0.02124072570988746
performance:0.024146568366857427
machine:0.062155401674987516
am:0.010409785711473666
assume:0.022111392071905583
state:0.01692811074484469
computers:0.027629101061074333
more:0.008098210355546025
board:0.022873863180606014
a:0.007115944590300102
how:0.016756216525211774
blessed:0.034864028981235744
pointed:0.02755189494303392
stuff:0.03724097519329455
no:0.00717035500753191
d:0.02320820665448453
not:0.0038401911374265282
deleted:0.04475642671335461
only:0.016987722780500467
machines:0.025133417419645174
bank:0.060658548248873505
referred:0.03108443167045303
uses:0.021751561336537818
personal:0.021362391536278447
considered:0.021928936033198804
simms:0.15970658169486407
writes:0.008423724726338374
were:0.009880912722753498
ux4.cso.uiuc.edu:0.07261102772139491
if:0.004268474011231906
of:0.003715425201893095
even:0.010695283106789973
but:0.004237472753187327
fact:0.015275586806553117
they:0.005942163213425119
who:0.008236005568368461
in:0.007922024925232059
compare:0.027450387985945943
speed:0.08556599151301353
or:0.0042949774375992695
use:0.05295476203017032
and:0.0012159153327732162
for:0.0020722857510323185
subject:0.0001700443114141293
i:0.004863661331092865
example:0.01790674613858538
faster:0.02484268170314861
news.cso.uiuc.edu:0.029207675353460204
than:0.009112110077830964
the:0.0024004872929587672
do:0.009150546737662378
would:0.011880887211520716
just:0.007480181932903732
note:0.018864261776296163
cache:0.03090871220218024
here:0.011467521691868765
is:0.0017112906171379866
either:0.015946259280976805
figure:0.02351909321066722
runs:0.023896754907282387
switching:0.06751344739173286
although:0.020125729023915656
article:0.010322711851166892
processor:0.03112912958547626
