some:0.030724654608772474
go:0.017065195191176552
feeling:0.038303832022715104
there:0.00805069285593989
all:0.0083690160583008
default:0.04210241478598058
true:0.022660357825946022
i.e:0.03030297365767897
with:0.00513006470868024
from:0.022278217221846724
name:0.02423010970026536
to:0.006044733158293117
0:0.03215049375851257
add:0.030142284354839635
laserwriter:0.10933653491011944
that:0.009129069090380968
nt:0.00626384694493367
its:0.01813881189503658
re:0.0032801798489313205
ps:0.07904495303192483
you:0.014626289194966363
a:0.003675010857490513
factory:0.0976567418158768
following:0.0240115287108751
lw:0.058465320808535844
lets:0.04064573903227729
begin:0.0732143768340441
works:0.026097596434655614
it:0.012030015078595507
have:0.0179386180051808
completely:0.03155257576350413
settings:0.044130842518847496
exit:0.046678173907649056
robert:0.028029930078576345
has:0.009340126963917113
network:0.03222359359675067
quit:0.044130842518847496
loop:0.04503131755446226
writes:0.00580054728962774
if:0.005878512454064994
interface:0.0370412240070516
seen:0.022740920093178532
what:0.008074053535058167
version:0.027372549190048986
print:0.038564587989953714
zone:0.12842778348055592
up:0.01178474009081039
postscript:0.044130842518847496
code:0.0568510966724859
in:0.00467578162880238
ours:0.04823942965497674
use:0.014585785331117087
pop:0.046304843956606986
for:0.002853937393965561
i:0.005023650190668287
back:0.018476813333925767
any:0.008976204090252696
the:0.002644747403470361
can:0.015167824428731812
maybe:0.023227307739844945
here:0.015792990400205226
about:0.008640492809840979
including:0.027894453566054647
is:0.004713554857730945
discussion:0.030156771442896413
does:0.0106884983713818
2:0.01709131186048604
le:0.04706810164949848
serial:0.03630980638477923
change:0.026070255332548135
show:0.026404111138024846
changing:0.03756507694303075
article:0.007108183160671938
needed:0.029261602545052813
s:0.021769694065123447
