pc:0.07935338242852102
cable:0.2056022601613928
there:0.0218518806089797
differences:0.1090573860384797
thanks:0.04746158678371817
with:0.013924461352132078
c:0.06157375465307047
via:0.0813864613956106
to:0.0065628531432896705
rob:0.2095563186666304
creative:0.13533850759908
on:0.01207163869617357
a:0.009975029470331393
mac:0.16339438737195885
drive:0.13446684518123755
ie:0.09960995682765265
it:0.016326449035236758
robert:0.07608123878470723
whatever:0.07868953758936578
of:0.0046295377515652054
po.cwru.edu:0.11352206160207631
or:0.03211006941443263
subject:0.0006356418307623404
possible:0.06135646721344243
any:0.024363982530685887
the:0.003589300047566919
just:0.02796163246347347
is:0.019190901920761706
hook:0.1224433342078242
difference:0.0763608058770092
