some:0.018148241582383744
since:0.010366951416599386
read:0.011746129854393378
hmmm:0.025740430462797313
configuration:0.024576341837807433
correct:0.0508634835261365
confusing:0.027036930514180112
know:0.012786270732210381
all:0.009886713270946023
saw:0.017603008202774377
with:0.003030193662122007
way:0.008976024971743749
c650:0.0964587706133883
literature:0.024513536860955906
funny:0.023320031868166956
into:0.009278776699390603
someone:0.011416881423124456
from:0.00877276947596037
except:0.01670653584976069
to:0.00214227848718782
player:0.020141259238633174
us:0.010672934643445575
100:0.017505244035394153
perhaps:0.014966121956684173
that:0.007189733169626462
les:0.030628366682884493
nt:0.003699888869028179
re:0.001937515558436117
so:0.005294355426864871
anyone:0.008667952070680784
this:0.008160348782975425
recently:0.0171466920444958
on:0.010507954927239169
why:0.027664081556798028
more:0.006587663346221378
a:0.004341463603667549
other:0.00714667351208244
lists:0.04908968837948655
price:0.04865509122037248
was:0.009175763047682754
as:0.008291338447844751
copy:0.01770265256509504
mac:0.01777866391093853
cd:0.04625080879772615
reason:0.013845657637349885
it:0.007105812015336207
not:0.0031238860547977455
should:0.008511980011572433
have:0.005297933815001584
only:0.0069095141879237645
ve:0.02836995387089276
optional:0.02898759150503458
always:0.013766611906729054
has:0.0055169661859406785
macs:0.027405303165391155
regarding:0.020502571870833562
familiar:0.02386869657871028
list:0.015086158533272434
be:0.005994417172409029
noticed:0.021016595964530184
writes:0.003426230005272344
were:0.008037840919545592
of:0.0020149283478314885
seen:0.026864921146345627
what:0.009538260134680116
together:0.018440239593006377
edited:0.02877016042161991
they:0.004833780437863957
who:0.006699755825045847
clear:0.017086791410293335
one:0.005094875169821878
in:0.004603101085349494
feature:0.04896483513061428
message:0.05047647495170551
and:0.0029673374183222007
word:0.015900914591520304
for:0.0016857454036895026
subject:0.00013832620151304817
i:0.004945562363870335
we:0.0069831290451501035
fpu:0.11624857819531137
information:0.012636379712351114
the:0.005077092813397767
older:0.02289197090694109
would:0.009664763172066073
can:0.004479616541128049
maybe:0.013719756903328105
auto:0.04896483513061428
refer:0.02322180433581144
put:0.01288839015309212
simple:0.017094241227752542
an:0.004652321961459776
thought:0.013909774120164314
apple:0.07861900408889276
newsgroup:0.01991794736048886
people:0.007799342694679365
about:0.005103710778869801
changed:0.01958194400949961
is:0.004176258449077677
discussed:0.023522256447989418
issue:0.032449326502226455
printer:0.022517783301698607
does:0.018940240637370858
their:0.007842920303532197
marketing:0.025661923701032537
guess:0.015524130896039656
every:0.012601805839053867
capability:0.025433297768861874
give:0.01224474751997931
unclear:0.030730970969393197
built:0.038264224187303145
s:0.003214695755730665
