believe:0.029762628497675893
coprocessor:0.16662740511856083
mathematica:0.09450221127883002
with:0.008011333928623935
ca:0.028171898576607138
such:0.026342701417367102
beast:0.07414087128325642
wrote:0.035281848968395355
my:0.01301663371685344
415:0.07202921813493782
might:0.02913815254628008
that:0.0047521181566366685
produce:0.057746291627813646
considering:0.05486808158020675
could:0.02067272815515147
re:0.005122472640796856
rahul.net:0.08736115753042885
duo:0.156601808697971
math:0.0668528187980976
this:0.007191540251663273
announced:0.06610713103706999
he:0.04356529335671877
something:0.027269333111829077
a:0.01530415480379611
180:0.07875008000409495
internet:0.039130601960474055
telephone:0.06133047106163261
purchase:0.05975974629012386
have:0.007003433056817162
towards:0.057120234730815615
electric:0.07161616281753114
get:0.018005122949193455
ave:0.07161616281753114
if:0.009180142736485057
of:0.007990708995852273
institute:0.05332134041004529
available:0.03700087435361959
but:0.009113468797950825
powerbook:0.07430492869485526
nature:0.0522248649624626
find:0.02899242106401904
visualization:0.08736115753042885
or:0.009237143256206648
for:0.004456833738521561
subject:0.000365711738246826
i:0.002615050784183492
boss:0.07875008000409495
power:0.03701171616671975
any:0.014017633784778182
research:0.04229221206214763
leaning:0.0826909303116536
the:0.0020650767396960357
would:0.012776022549375014
because:0.024174278067048135
jonathan:0.261945499698305
is:0.007360893887415449
