selected:0.07064658003671602
out:0.01683110141543514
there:0.01311112836538782
all:0.01362954043780416
send:0.04190495886966032
where:0.026392239974768025
with:0.008354676811279247
way:0.02474818313637919
someone:0.03147797306661457
work:0.02892960662843291
to:0.009844279714934505
within:0.046235003090325966
that:0.004955780363349669
broadcast:0.07258466382461824
helps:0.06042817565904232
bell:0.06376004355686533
you:0.015879971125963482
tell:0.03442892933746361
m:0.01955449588737246
sure:0.031172057430845765
a:0.003990011788132557
how:0.037581799920832125
want:0.027037113824459735
it:0.009795869421142056
have:0.007303580187823612
machines:0.05637066478406132
hope:0.041263736252000645
messages:0.06250057516265574
has:0.015211063912665013
macs:0.07556033587029275
network:0.05247842385756538
get:0.01877677107558746
what:0.013149172899951874
but:0.009504046032148718
networking:0.08791744212010137
using:0.03149172255207029
together:0.05084237487786044
brief:0.07295574220180767
called:0.03831792136938191
or:0.00963302082432979
use:0.023753993253533542
and:0.0027271243892199276
subject:0.0003813850984574042
i:0.008181373167659782
we:0.07701393746936971
program:0.039666191891201075
the:0.0010767900142700756
do:0.030785053667421285
can:0.01235094274911019
peter:0.05259847258322795
10:0.041291025112802346
about:0.014071659718883878
15:0.047740153314009194
ma:0.0573031132176788
connectors:0.0818889505478246
