some:0.025198637592806206
since:0.01439440016837181
read:0.016309374546028214
hmmm:0.03574030992316461
correct:0.07062339798952767
confusing:0.037540486253501884
anyway:0.021931754112550605
saw:0.02444158692903205
with:0.004207391199924801
way:0.012463113809687362
literature:0.03403678139686683
funny:0.03237961259392966
into:0.012883481316420047
someone:0.015852216652251942
from:0.006090447873598386
to:0.003966040748462823
player:0.027965921101123756
us:0.014819254576870475
100:0.024305842437633608
that:0.007487150189233313
think:0.0103578994786227
les:0.0425271566172425
re:0.00269021944444727
this:0.0037768520746145253
something:0.014321304440025344
recently:0.023807996867537335
on:0.014590182021274531
you:0.003998553880638287
ta:0.03321837214969663
why:0.012803759569453285
more:0.009146899466336157
a:0.006028075363365734
how:0.009463043145533269
other:0.009923079049150439
was:0.012740447972681809
as:0.00575621697997855
surface:0.03284162405244975
copy:0.024579942050815415
cd:0.1284374978123906
it:0.009866343301869697
not:0.0043374820760860786
cool:0.03302753219046333
should:0.011818792390168918
have:0.0073561239301820555
only:0.0095937858868294
ve:0.013130458266384419
always:0.01911479207193315
macs:0.03805196770446398
writing:0.028794667231277944
familiar:0.03314142762367686
be:0.00416159177796742
noticed:0.029181316698951982
writes:0.004757283388615557
get:0.009455927879792247
of:0.004196559400699395
seen:0.01865082655123995
what:0.00662188563306929
edited:0.039947057276062174
they:0.013423303949751709
one:0.007074179192630378
in:0.0012782712366510107
feature:0.06798714518135651
thomas:0.02650363319445396
message:0.023362013586760585
and:0.0027467439891423733
word:0.022078248317722437
subject:0.0001920644380720741
i:0.00412011598371356
top:0.04865657879377432
information:0.017545476866789676
images:0.030617638446912114
the:0.004880415172590991
do:0.01033550962455391
older:0.03178525456863043
got:0.015914775695183986
would:0.006709709684204145
can:0.0062198992261706
auto:0.06798714518135651
refer:0.032243224725263364
thought:0.019313571260372035
apple:0.08187122907818149
changed:0.02718931794124766
is:0.0038657931926714233
printer:0.03126569911674699
does:0.017532213155935616
guess:0.02155508822255866
article:0.005829732951917993
capability:0.03531385949201685
give:0.017001699793928106
built:0.026564731180393913
s:0.008927140731741272
