simply:0.0170873929602424
ability:0.022392679695298477
believe:0.012137831733689052
grayscale:0.21076264830273583
with:0.009801576147310849
someone:0.02461964373925162
mentioned:0.019637785579842672
password:0.03133516144091494
to:0.0038497183242760637
signature:0.02792689003386839
attached:0.02754438836192727
software:0.015730647421682998
might:0.01188315718367847
t:0.01439258689944381
enough:0.013587421938197744
that:0.005814044001695142
technical:0.02143434213921397
think:0.00804328506999193
could:0.016861554808112373
its:0.011552092491811007
me:0.006053568046952764
need:0.010732972019537632
re:0.0020890530881462043
se:0.11278904708210709
so:0.005708439091535867
this:0.005865725568395743
something:0.011121012945047614
on:0.0028324515376496645
set:0.01480119879399956
you:0.015525111435997815
specs:0.02707200071931239
knowledgeable:0.03324737488497434
seeing:0.022392679695298477
a:0.003120679610829933
hard:0.015107449176399494
other:0.007705631216938049
want:0.010573173003978668
was:0.009893420492752911
mac:0.0958458696874619
video:0.019529112809301804
features:0.02416562852545433
straight:0.022327718589180496
display:0.020592857077851832
proper:0.022941497793529837
d:0.010177900683670589
hoping:0.02674220445347891
it:0.0038307869244689607
not:0.010104637015239636
have:0.00285614867680253
equipped:0.03133516144091494
able:0.014734442603970218
facts:0.022626183207468654
technologies:0.027585618011634658
netcom.com:0.03596687346057139
screen:0.02088439759835781
armed:0.024806832517590804
be:0.003231627134846209
g:0.01974861430732683
writes:0.007388406603548183
but:0.0037166660460916773
print:0.09824274929284298
find:0.011823724791471453
up:0.007505365197499355
login:0.030795346716394986
pro:0.025143944975174425
in:0.0049631201646505715
system:0.012487275582360475
or:0.015068412462638778
use:0.009289271104733788
and:0.0010664732248346085
for:0.003635182825833229
subject:0.00014914501056993463
however:0.013391613989926889
doug:0.04828647468892499
guide:0.026265010312951805
i:0.004265892899338434
info:0.016454723236829037
any:0.005716688638484957
information:0.013624699913317122
impossible:0.022995824887898524
will:0.006331314775996002
images:0.023775708067713876
capabilities:0.02862905883366446
the:0.0037898196032969144
colour:0.029548734697879848
would:0.0052103332184602015
can:0.009659955222767748
because:0.009858783792706782
wright:0.031755404017661235
william:0.02274669988486602
apple:0.042383988237866765
about:0.005502883688949003
press:0.020041063467975788
is:0.0030019287920744573
sean:0.02862905883366446
time:0.008824078044154825
cook:0.029976332894094
told:0.017319663501280058
experience:0.018504037848017588
loaded:0.026072350111436892
under:0.013560466073215862
rom:0.08445384398526999
image:0.020676329591808252
article:0.004526999331377659
little:0.013102450848594772
release:0.022200019493783568
construction:0.029206591540110467
somewhere:0.021673302005042385
online:0.028290373795583818
guest:0.06649474976994868
while:0.012124818468595098
s:0.010398373422167904
