cable:0.0415158409941274
there:0.008824797938241803
quadra:0.04776829883961425
know:0.011864183900560595
graphics:0.033834052309035786
where:0.017764007675324635
fax:0.029410032114263362
way:0.016657430957178303
supporting:0.04726775689772912
operations:0.044820354348355275
to:0.0013251915000873373
connected:0.04369983688435573
software:0.05414972862463955
that:0.013342485593633725
its:0.019882928423405482
australia:0.04460667034080997
re:0.0035955817574824093
so:0.009825101897931924
this:0.005047908061263645
these:0.015929192049028294
on:0.004875084858070096
you:0.005344221052006941
tell:0.023173317823292818
support:0.052672236721798195
card:0.029431811024175403
3:0.045028191243031146
why:0.017112717116865447
a:0.00402837728609537
air:0.03705902870799201
as:0.0153868107734042
cables:0.05065759061555433
given:0.02680564960751232
therefore:0.033008899236104484
video:0.03361260762370214
no:0.010824478232524134
radius:0.05527649846441281
have:0.0049158712802658934
domain:0.04291541393250552
ve:0.017549362490648406
has:0.01023821609506299
public:0.028497544212121095
heard:0.025986993840575717
writes:0.006358292221322715
if:0.006443754036186628
of:0.0018696210150551795
monitor:0.10809449538717716
available:0.02597176757513683
what:0.00885040483650607
author:0.03888468988519718
email:0.026383640951614818
in:0.0017084586720624085
st:0.03689180041268558
or:0.00648376401637582
for:0.0062567089021552695
subject:0.000256701508577099
i:0.003671128985488364
we:0.012959076016480482
similar:0.030430368152564436
silly:0.04492900391810463
any:0.009839300637392379
actually:0.023503020452895047
research:0.029685879620545936
will:0.021794333555832393
program:0.026698398388308415
the:0.003623812548024293
can:0.008313134542670322
laboratory:0.04602744804973774
just:0.011292197725633519
is:0.0051667812863589214
either:0.024072718337628446
division:0.03810160977038782
61:0.09706365109469793
dpi:0.058706065233054466
switching:0.05095966942549067
resolution:0.12887948062029428
article:0.007791662310736549
lewis:0.19136792123328655
john:0.025783446149825442
s:0.005965733469769407
