at:0.011012062655680388
help:0.026751159000522464
posting:0.04123985696195301
mb:0.11412464358226289
thanks:0.024917333061452038
with:0.007310342209869342
someone:0.02754322643328775
from:0.010582153180377196
both:0.028071301028852975
to:0.005168246850340615
pin:0.12183217757362581
us:0.0514969096546249
direct:0.04992219528217717
relevant:0.05619991089754456
reliable:0.05798867144305297
could:0.018863864441575718
me:0.027089717010113618
account:0.05093474258409075
uk:0.05402049355823483
this:0.006562280479642738
reply:0.044889956491939303
simm:0.20979769351768776
on:0.006337610315491124
you:0.0069474873676090235
am:0.020429204458767072
taxes:0.05952120046920713
8:0.03690614102967333
a:0.0034912603146159877
as:0.010001427002712731
following:0.03421642841299702
mac:0.0428910266851392
advance:0.03954376520845812
lc:0.06486425065454386
prices:0.10906153697947606
are:0.016072784540030638
without:0.02809013106003119
be:0.007230765714218392
if:0.008376880247042617
street:0.04985035600398258
please:0.07182807588394705
they:0.011661495306346796
in:0.004441992547362262
recommend:0.05484724108954164
and:0.0023862338405674366
for:0.00813372157280185
subject:0.00033371196115022873
i:0.0023862338405674366
possible:0.03221214528705728
any:0.03837327248583027
the:0.0037687650499452652
can:0.010807074905471418
friend:0.04341499274616008
tax:0.055393179383324914
current:0.03952807154663523
72:0.13045318973091904
16:0.04358740927281427
iii:0.05778430721803385
give:0.029540453391950085
s:0.007755453510700229
