configuration:0.03513506647923581
out:0.00872723777096637
say:0.0140558886982781
there:0.013596725712254036
50:0.0255643206602106
graphics:0.05212950281688477
with:0.017328218571542143
mathematics:0.039417124633125876
to:0.0010208882667339487
matt:0.036360196069558086
mhz:0.03500078955632798
earl:0.08516675318961381
next:0.01983985202777167
that:0.005139327784214471
mi:0.039498080711142095
grand:0.03714656789050912
along:0.025881195638083224
re:0.0027699296502086707
se:0.03738748042166142
040:0.1351533397072771
this:0.007777517605502504
you:0.012351088653527152
am:0.01210619523482493
none:0.026833409129046623
card:0.045346790318729506
m:0.01013936823789683
a:0.0020688950012539187
running:0.022425632684790385
se/30:0.18804719529050526
also:0.010988867642070863
plus:0.02648814706651608
video:0.025894156984185353
college:0.03051492815236039
are:0.004762306530379449
radius:0.042583376594806904
early:0.02594623036143171
d:0.02699028477595608
it:0.0025396698499257184
not:0.004466000063525666
have:0.011361124736614507
due:0.02455661099924802
ve:0.013519508881684699
color:0.027367645234099156
open:0.024481189472247134
be:0.004284898201018306
pds:0.04439224296897019
credit:0.03579603784018353
writes:0.004898239933463425
get:0.01947220704134996
of:0.002880601267640573
department:0.02568944876068842
seen:0.01920344363423965
available:0.020007880206031333
but:0.009856047737043116
year:0.018331560860812238
version:0.046229194187638295
policy:0.028420349947550372
now:0.012236402947246254
one:0.0072837845020416484
in:0.0026322918799183775
cpu:0.06625870184286474
and:0.002828128996228073
for:0.014459949462758845
subject:0.00019775523623717257
i:0.00424219349434211
becomes:0.03189456396668516
fpu:0.04154810294758351
any:0.007579905676213388
precision:0.04522541321657529
the:0.006700026755458249
upgrade:0.0327597437277685
when:0.009686477354398045
can:0.006404192536575655
an:0.013302194645359063
satisfied:0.04017970218314396
is:0.0019901676065975107
cards:0.05829655502743855
does:0.009025843069166853
their:0.022424942497506876
accelerator:0.07851563881853377
slot:0.0377642094382058
article:0.006002465780122971
very:0.012912907346544053
ics.uci.edu:0.052852223714213505
seem:0.02044231522144991
plenty:0.03452827297947369
