configuration:0.04273183760988139
confusing:0.04701015846159245
know:0.033347976369143294
all:0.017190411362996236
c650:0.1677166011566121
from:0.0076267770669385185
except:0.029048301072106427
us:0.018557444920585548
perhaps:0.052044352029550364
that:0.0031252668958060975
les:0.05325472765582619
nt:0.012866280211215109
re:0.0033688333583618965
so:0.009205500877341623
anyone:0.015071304050823344
this:0.009459143033719261
on:0.004567647074227837
why:0.04810061027443261
a:0.0012581118250868423
lists:0.08535414285802616
price:0.08459849194172873
as:0.007208235677630796
mac:0.030912451664965188
terry:0.04875931174484431
reason:0.024073981297374123
have:0.004605861379708584
ve:0.032885291874368186
optional:0.050401848292537604
has:0.009592562827806767
regarding:0.03564861595559349
list:0.02623088826055477
be:0.005211362676914156
writes:0.011914637675992113
were:0.013975705382633326
seen:0.023355539555156332
what:0.016584542396335698
together:0.03206275893198406
they:0.008404681301871565
who:0.011649124993097733
clear:0.029709466145825345
in:0.008003590175427499
message:0.08776540239350598
and:0.0017198081733819362
for:0.0029310708370457114
subject:0.000240513125153318
i:0.0034396163467638723
we:0.012141836988414144
fpu:0.2526573827893592
cs.uiuc.edu:0.050401848292537604
the:0.005432454126047229
do:0.006471332602761231
would:0.008402249064003388
maybe:0.02385507281389481
put:0.022409543239160175
simple:0.029722419432038204
an:0.016178344838950212
apple:0.06834895400520856
newsgroup:0.03463210667184099
people:0.02712203855987599
about:0.008874019642539383
is:0.004840948232264214
discussed:0.040899058508666285
issue:0.05642090103540276
does:0.02195475341148694
their:0.013636789356592018
marketing:0.08923876169908611
every:0.021911247990426992
give:0.021290416859063122
unclear:0.05343312970353952
built:0.0332657444511239
