since:0.024106284619321464
say:0.02286198764177763
quadra:0.17956276190312823
know:0.04459789610813139
all:0.034484379420950284
thanks:0.024016706565254977
1992:0.04754152451667822
from:0.010199665716026212
dealer:0.1598517615632077
software:0.033925131186521164
been:0.035355190053528655
that:0.004179573800415383
problems:0.03304907513122619
like:0.01403179594588763
nt:0.008603356044848657
re:0.004505307262387597
this:0.006325089618932759
der:0.1397602201129273
on:0.006108540063123976
working:0.038175168803694065
more:0.030636603031824722
a:0.001682535091381199
was:0.010668206434956454
said:0.026403672634499185
scsi:0.10192704328031237
experts:0.058384194322372504
van:0.11049650675887354
it:0.012392364930360432
have:0.0061596459415379865
has:0.025657216238230147
anybody:0.07324325650392037
september:0.06549856813562385
if:0.008074101442932642
trying:0.03248588220564333
industry:0.05487751050393371
what:0.011089663891525678
never:0.02655348470917904
they:0.022479990951993826
our:0.08059429239688169
or:0.008124234430157655
subject:0.00032165008303636504
i:0.004599968849286625
special:0.042117002323674976
we:0.04871363514628807
info:0.03548669228183612
the:0.004540680783066584
do:0.008654432757909598
thing:0.027276294399095864
would:0.01123674272414911
last:0.026267018699512024
apple:0.0457032162323985
replaced:0.05211623501272681
950:0.07195059507967641
fault:0.05333734940140498
needed:0.04019063482091592
s:0.0074751359139279315
