thanks:0.07119238017557725
someone:0.07869493266653642
r:0.11072213452604035
me:0.038699595728733736
am:0.05836915559647734
onto:0.15550580987015522
advance:0.11298218630988034
ring:0.17797457136283432
macs:0.18890083967573185
of:0.006944306627347808
looking:0.09263876233595156
macintosh:0.16770021163241355
direction:0.15779108517998677
in:0.01269140727817789
thomas:0.13157160764389642
point:0.07862628433071644
bringing:0.18927877215182246
for:0.034858806740579354
subject:0.0009534627461435106
i:0.006817810973049818
information:0.08710076016013446
the:0.002691975035675189
can:0.030877356872775475
cards:0.14053633801257506
right:0.06928119977822499
