some:0.010152494566376992
go:0.01691680218951415
sleep:0.08561946915987666
at:0.007660565325690705
andrew:0.0654862288551652
technology:0.029284066833190806
with:0.01525636635103167
setting:0.0374072770205444
decision:0.03656300637554163
ca:0.01788303127036801
im:0.05140238930258006
to:0.010785906470276068
require:0.03373496572958771
then:0.01387722043283307
wake:0.04748759798127958
make:0.04591514304390531
that:0.0030165619602997985
nt:0.0124187574212598
effort:0.035324842493293075
vi:0.049845448159545405
dsp:0.05229964353071251
consultant:0.049989181219990714
error:0.0327431144275826
this:0.0045650646814906
two:0.01621556028394184
am:0.028423240986110706
sure:0.018974295827471337
a:0.002428702827558948
want:0.01645737363227984
mac:0.08951170786463833
minutes:0.03465362824380499
files:0.028776622300762514
setup:0.03838047629188341
are:0.005590533753054135
it:0.008944054688868833
between:0.02019883344388179
call:0.023103966069553977
be:0.010060195776303849
get:0.011429338915574978
of:0.0016907877005716404
what:0.0160076887477675
but:0.011570142995659309
macintosh:0.04083135587571808
order:0.024385364009847758
using:0.019168874596912355
up:0.011682264090020737
in:0.003090081772078095
and:0.00829994379327804
subject:0.0002321474512349417
i:0.00829994379327804
we:0.023439024447199478
world.std.com:0.039965881133569976
the:0.005243499199923847
putting:0.03495699571337404
can:0.007517965151632291
page:0.07312601275108326
appointed:0.05123353638208352
about:0.008565358089755405
e:0.05410242949658829
is:0.0023362837120927296
having:0.022755577325394447
time:0.027469738607021107
does:0.021191109814565658
trouble:0.033172364193829
header:0.04572289499000401
difference:0.027888294320299014
aware:0.03562519314765982
seem:0.04799500095470848
everything:0.02686663029498481
