some:0.006991238773253618
believe:0.013010011259463118
out:0.007054952689104551
correct:0.019594116408272147
fast:0.020849089370946334
know:0.007388473806337137
help:0.01281492646731615
means:0.01697362407448355
text:0.02165607025888364
with:0.0035019603400571696
way:0.010373489937404452
into:0.010723376664565189
buffer:0.15867681497757574
my:0.011379811512937741
via:0.020468451368955958
to:0.0033010758325528883
receive:0.025643226176679676
relevant:0.026922113004811767
that:0.018695458855750247
bit:0.016317869449435328
could:0.03614632707367802
its:0.012382182970264492
bytes:0.06147988264920597
me:0.025954219889929218
scott:0.022886688941146746
lost:0.02098506781028653
duo:0.06845468284402326
he:0.01904351146730821
something:0.011920127647685765
you:0.006656275322260143
tell:0.028862575492484468
assume:0.02078735661849806
size:0.043124277090609196
a:0.0016724600309537666
how:0.007876425133108529
other:0.008259329268454556
soul:0.025242390951080218
are:0.003849768752103147
no:0.006740992432230598
play:0.01917316307054157
it:0.0041060530507781075
not:0.007220479144622334
have:0.009184142751155441
being:0.011651520538473941
kind:0.01650015986205425
his:0.011044485278474592
be:0.003463839863098631
stats:0.027811996235061122
get:0.007870502846054625
if:0.00802575353010071
of:0.002328629767254355
monitor:0.022438777485561726
what:0.005511629359261265
but:0.007967463739525872
never:0.013197240903364434
sense:0.0196785751279221
port:0.09987490144549797
using:0.026400246450837377
beyond:0.023386611960710218
please:0.011469553035360808
one:0.0058880892681175
in:0.002127900621490904
or:0.0040377931598987145
and:0.004572424125638202
gets:0.01998393019396889
for:0.0038963935678092694
subject:0.00015986201731747483
i:0.011431060314095505
vnet.ibm.com:0.032776362575173724
any:0.00612746866041202
pretty:0.017233653035446866
will:0.006786259550319068
than:0.008566474743829109
the:0.002708094646667256
do:0.012903914710895149
when:0.007830385885291832
around:0.014174816964991831
would:0.0055847284197866835
can:0.010354083741769023
did:0.00984377870325129
maybe:0.015855766960133678
increasing:0.030527953737471757
makes:0.01672441845659865
btw:0.02246581149966069
address:0.01911869074211743
is:0.0048264543752813876
maximum:0.02930742821642434
else:0.015129055241545251
hardware:0.02125557559086558
told:0.018564190219934912
serial:0.049572669794788415
resource:0.08910715832217955
change:0.03559292344802979
e-mail:0.01646524417157046
changing:0.025643226176679676
useful:0.02295980369508047
grateful:0.03226798267226063
data:0.017570931875483906
says:0.01533548948759023
