cartridges:0.06063271870351819
some:0.005751413177996818
at:0.008679458250782571
mark:0.029592354328001873
there:0.004521078746685455
quadra:0.0734172868865007
know:0.012156405178899526
all:0.004699841530277297
case:0.012175424173924905
means:0.013963523253392871
suggested:0.021635773147563212
your:0.006206562670843658
with:0.011523692153488618
though:0.01224406010645655
mentioned:0.017316076939861272
from:0.004170306672069831
both:0.011062581686247477
my:0.037446867441588226
to:0.0033945792120463813
h:0.03480967610142381
ocean:0.030076013715456474
software:0.013870866445720475
might:0.010478251900879044
enough:0.011981027226292592
make:0.00867034720861923
that:0.008544448902327015
problems:0.02702535207775146
nt:0.007035256667216143
140:0.028318994287186858
re:0.0018420714422569978
had:0.022675987473135
this:0.00775836115819831
something:0.009806213385041984
on:0.0024975804198979798
fix:0.02142876334571667
none:0.01784487799222312
purchased:0.02358056451809224
support:0.013492395613465547
bill:0.015248836826067574
more:0.0062631479104469255
a:0.0020637992007582194
occurred:0.025114129429348684
was:0.017447510031554397
worked:0.07574707075023349
worth:0.017316076939861272
mac:0.016902867659168156
drive:0.027820726589221564
scsi:0.04167460390278781
definitely:0.02096478691685115
whole:0.029476999753963447
plus:0.017615270216648625
solution:0.01916185747898152
computer:0.013205433030371012
no:0.005545545498436009
reason:0.013163605536987822
it:0.003377886007290364
drives:0.0398723413966075
only:0.006569144030883186
microsystems:0.02952193497936441
between:0.011442688896780323
formatted:0.029023924551426626
be:0.0028495628430417305
dialog:0.02770242708051688
loop:0.050577046317327075
perfectly:0.02200897534402398
writes:0.009772350606170871
get:0.012949497293508595
tech:0.022339077365122306
whatever:0.016280593984006712
of:0.0019156707937511197
even:0.01654344283513326
but:0.0032772572524650753
year:0.012190939488717497
macintosh:0.023131063673436352
powerbook:0.02672049159962776
saying:0.014859877728888863
ok:0.016078074830103112
fact:0.011814123786348963
must:0.011416061219110823
they:0.004595663174914994
up:0.00661803138104623
boxes:0.024287908949679707
in:0.005251616804763265
message:0.01599664969733853
and:0.0018807754408413293
for:0.003205407516375113
subject:0.0001315121029163463
each:0.01254191821359909
blind:0.025288523158663537
i:0.006582714042944653
news.udel.edu:0.028571670614219127
20:0.01549178496751537
assumed:0.02407523815231415
than:0.007047296956746114
the:0.005569603522086599
do:0.0070770238315911
thing:0.011152376527709146
when:0.006441746023860768
start:0.013879616196465579
would:0.009188666464082522
specific:0.018054957086061245
drivers:0.019370954475273428
last:0.010739717005219201
rid:0.02274558487097454
10:0.014238284521655983
problem:0.05210751950851193
about:0.004852296454787544
is:0.002647020954587822
cartridge:0.11428668245687651
involved:0.017738311020028905
guys:0.019136333544291877
mostly:0.02010368975241801
90:0.019861869012533655
article:0.007983575175533015
doubt:0.017143213295470777
