some:0.005586300837958632
go:0.009308288286096303
at:0.004215143600260435
circuit:0.044288656889110496
know:0.005903708735207186
all:0.00912983569996451
solder:0.061969421746742186
thanks:0.009537735143139535
switch:0.040690080593398806
i.e:0.01652889472237035
with:0.0027982171138255852
way:0.008288865165294465
ca:0.009839945435848426
someone:0.010542861792646028
from:0.008101169898853355
work:0.01937868386593592
turn:0.04911212633561505
wrote:0.012323325237764885
post:0.012356831600149188
name:0.013216423472872014
my:0.009092959438567477
to:0.0032971271772507913
remember:0.013313990605364746
then:0.015271582294505292
most:0.00888323188500975
tool:0.02249491313884389
us:0.009855867876483234
keyboard:0.021745373377861223
plugs:0.02783611823820997
that:0.0016598307437056307
guy:0.0162025394590855
nt:0.013666575152582554
me:0.01036926966894301
re:0.001789189008507993
anyone:0.00800437679254254
fixed:0.02169776413932932
this:0.005023755391114057
he:0.007608292858948494
best:0.011651560191203034
on:0.00727763863979842
you:0.005318650616351405
facing:0.02792233118319886
machine:0.031127266548558342
took:0.016150247255582197
deserves:0.026978027670478785
reader:0.024649533589913345
card:0.02929098896185877
a:0.003340918961355012
same:0.018584625363910166
sorry:0.015202950644682413
low:0.016247820765453683
cx:0.03276252693285666
rpi.edu:0.028283611338740224
immediately:0.02020430400384633
cohen:0.057764956102877636
minutes:0.03813557175155573
are:0.0030761310124460548
likely:0.015820137822630278
it:0.01312365281301328
not:0.002884736883138588
due:0.01586192576506451
plug:0.022694899400463323
only:0.006380556163967878
heat:0.021866511215106632
left:0.01399236929904575
credit:0.023121842624041992
get:0.012577741390345667
if:0.0032064613385809054
of:0.0018606754599592215
even:0.008034255730937922
andy:0.021444058549337834
what:0.004404029200940819
iron:0.025839469598233092
supply:0.038640817546454966
saving:0.02525718761269472
least:0.01151991570672958
please:0.00916466677945098
good:0.007751243307940187
repeated:0.02478306846128692
one:0.009409673758618396
shack:0.027272563043681818
in:0.005100852685966234
or:0.0032263706110195467
and:0.0045669547187893525
few:0.010936016750747781
usenet:0.019541620232745225
for:0.007783465619906076
subject:0.00012773663584697749
cause:0.015088522169100796
300:0.019902012608528
i:0.0036535637750314816
away:0.013248725293414691
back:0.030234785455514893
power:0.03878261167708912
the:0.006131005344408564
users:0.018893289800268814
do:0.0034369278416578786
when:0.006256815515998737
less:0.013152466777972618
would:0.0044624384981070625
can:0.008273358779308262
radio:0.017164355793146728
lower:0.018999916808830702
10:0.01382952994208691
problem:0.020244643943019943
long:0.0113890490196583
hit:0.03425552287013788
is:0.006427574805996744
either:0.011978768933556738
new:0.008248801745854292
time:0.01511492794166233
somebody:0.018161379059687822
figure:0.017667452794616043
does:0.011660180041507418
easily:0.0176981567865808
article:0.0038771908149119664
very:0.008340873166427978
saved:0.022170403108514886
ac:0.02460583749630917
bad:0.013112923668642985
sometimes:0.016767972843626078
s:0.0029685946452441066
