some:0.0103321847356934
know:0.021838497799261978
thanks:0.01764058977801914
buffer:0.09380186938497397
sue:0.04901801158687489
post:0.022854670835674162
my:0.008408975763984966
via:0.03024983520898801
hayes:0.19704192153999922
to:0.0036589358232499932
relevant:0.039787547538084646
that:0.006139904874946492
like:0.010306540385032505
could:0.05341979310888698
me:0.03835712143024937
re:0.00330920798918735
lost:0.031013330303697788
so:0.00904257165827363
he:0.028143950575579384
you:0.004918575127510813
tell:0.042655310683583234
assume:0.030721137657426338
size:0.0637323387091304
m:0.012113404532000637
sure:0.01931012407220534
how:0.011640380506452427
as:0.007080656285106357
soul:0.03730512644982652
others:0.023861311708569876
kevin:0.07974446589061443
it:0.006068237694512778
not:0.010670973603114423
have:0.004524341709271264
kind:0.024385192008522655
university:0.020799469925651803
b:0.02708768448242692
his:0.016322380898276607
writes:0.0058518795665271
of:0.003441426293198914
what:0.008145505336253373
but:0.00588746214380894
port:0.07380136522742549
using:0.019508146713671865
please:0.05085173513907756
necessarily:0.03440055781465665
net:0.029337544114145863
one:0.008701866440492234
in:0.0031447734848582386
or:0.005967358032770666
and:0.005068107272001635
subject:0.00023625625568157783
i:0.011825583634670482
vnet.ibm.com:0.04843940309782311
any:0.00905563952467971
the:0.00266815224774886
do:0.019070387227606105
canada:0.03292573091156324
would:0.008253536691189169
did:0.014547885340203234
myself:0.029494177539804274
address:0.02825505622950098
many:0.016400009093611445
is:0.002377633866289061
else:0.022358869250779262
told:0.027435573156894957
serial:0.036631132104998514
too:0.017278919184641563
resource:0.043896446725085504
reflect:0.0418682532226946
change:0.052601931113459954
e-mail:0.024333590943825367
changing:0.03789751125226111
opinions:0.05054177266407154
