pc:0.09802476652934951
post:0.07595817071856413
that:0.010203077218661082
account:0.11984645313903707
re:0.010998250081710898
size:0.10590815109017257
a:0.008214730152037619
those:0.054585754537869416
missed:0.12782153462434798
buy:0.08843650368364606
real:0.07522334864700728
robert:0.0939827067340501
macs:0.1555653973800145
his:0.054247912985448725
writes:0.019448893853457716
of:0.00571884075193349
who:0.038030966889230834
david:0.07342485998072042
email:0.0807029017343512
in:0.005225873585132073
message:0.09550940848705063
for:0.009569084203296293
suck:0.324256886013806
subject:0.0007852046144711264
limits:0.1454488412520624
the:0.002216920617614862
is:0.007902136085019527
tests:0.13845005780796385
presumably:0.14501310343485238
article:0.023833320009311793
testing:0.14479763166743848
s:0.01824812590752995
