root:0.06855890282704458
another:0.015085070274752236
at:0.00599295926839749
infinite:0.035171915428973646
photoshop:0.04359940951044821
50:0.02347743734100973
mb:0.09316297435286766
tried:0.021073905122698442
printing:0.06611556164371016
such:0.013081749683454411
from:0.011517989856192864
my:0.006464042594083682
to:0.0028126513471241443
scanner:0.11360069966336689
0:0.049866071951978674
5.0:0.03450622978268958
that:0.004719790822237779
reboot:0.04153354274991608
problems:0.018660362148923627
memory:0.023004300858281056
through:0.016118797918536237
12:0.024172685929333578
need:0.026138802605404573
re:0.0025438129440691873
eat:0.0307158111138194
file:0.020669971989512988
tiff:0.03706565474726935
this:0.003571309104567476
mean:0.017982462971631703
apr:0.02535515834719727
on:0.0034490396274781624
you:0.007561891012363563
more:0.008649109019188611
a:0.0038000112267929115
other:0.009383047536271501
as:0.00544295347086407
iici:0.041865448628619704
cohen:0.04106420348810009
mac:0.023342055338851263
occasional:0.03995107815625109
also:0.010091817222309975
minutes:0.027109981279167167
files:0.022512323568623736
it:0.00699704958653004
application:0.025104542230047135
have:0.017389476637675268
try:0.016574079403696547
date:0.024338769998526005
beware:0.03945611656249308
buy:0.020454701532271878
color:0.05026710349120253
after:0.013123902637176539
has:0.007243363767935721
call:0.01807453127890277
free:0.019642910164113847
found:0.018194017042564608
writes:0.004498383612364369
applications:0.02653266005030158
making:0.020915695176002745
captain:0.0382557326349995
of:0.003968175215627319
what:0.006261510904738987
shop:0.06611556164371016
print:0.059814463004826166
gmt:0.02882515874983017
operator:0.07464478334464546
now:0.011237512910736354
in:0.001208705455064561
or:0.013761458320471128
and:0.0025972613230665974
for:0.002213257570830435
600:0.03344113413172672
subject:0.0003632239032927659
i:0.011687675953799688
hangs:0.04021275353603202
gregory:0.036348916545515426
noise:0.031159253153851343
will:0.007709560169410098
the:0.002051028598609668
do:0.004886516455146235
when:0.00889574450914106
supplies:0.03768051230827798
would:0.0063445554156760274
can:0.005881401309100091
photo:0.07430032337207008
scanned:0.08554765089838938
fri:0.03957652184888356
10:0.01966239291085826
about:0.013401580684651313
is:0.0018277049448344482
picture:0.055653438961842175
write:0.02213723758494907
disk:0.0238161835632645
printer:0.029564164470937626
does:0.008289039553316498
1993:0.020609903421837668
dpi:0.04153354274991608
16:0.023721039060034976
article:0.005512468573582319
data:0.01996153485174022
