iisi:0.09133479841131398
at:0.004977203460194525
out:0.006656367791415027
take:0.01200988209229211
your:0.00711826114226702
with:0.006608218946774546
much:0.019742337509151768
ya:0.05770510682628856
such:0.010864503974394342
work:0.011441087367176857
my:0.010736884308816964
to:0.0007786435932716558
mhz:0.02669551745821626
connector:0.02976491200009972
t:0.014555215000002498
think:0.01626833929410797
really:0.011024834707293367
nt:0.004034342100126771
need:0.032562745618597226
so:0.00577294122816339
ti:0.04280972944917133
best:0.027516113897869312
empty:0.02875429497974389
you:0.0031401072847950387
ala:0.0341041689985916
performance:0.04283628512538549
card:0.12105287246101522
graphic:0.02976491200009972
fi:0.0689879184659623
m:0.007733416452633176
a:0.003944926909170607
how:0.014862858725752817
price:0.017684430518892447
250:0.025819778779419697
lc:0.029317175437081972
dual:0.03137085288911097
l:0.018672093665273237
it:0.007748145304858124
not:0.003406271234892457
should:0.01856284906478508
46:0.029317175437081972
have:0.0028884215432070782
buy:0.016987802967480033
between:0.013123535853369523
expect:0.01952667278620558
get:0.007425841668311425
spend:0.023164391043568083
if:0.0037861605636350807
of:0.001098534381727337
looking:0.01465471946557426
what:0.005200237870037465
but:0.003758662272601188
least:0.013602612331675042
kb:0.07171291345824353
in:0.0010038401236976864
and:0.004314095078991976
for:0.014705033351958146
subject:0.00015083026492665705
each:0.014384233883393306
al:0.021525503845888316
i:0.017256380315967903
fpu:0.15844615530858117
possible:0.014559161711664305
pay:0.018829616169479566
socket:0.062286633471578555
20:0.017767414397771863
the:0.004684340740044962
do:0.008116586654310696
would:0.010538414080275435
can:0.024422768147958004
64:0.05722007807242377
extra:0.02194732039260594
increase:0.02375562561122761
put:0.014053442370320787
an:0.010145741678663691
cache:0.10966480939530615
about:0.005565063165660291
lab:0.024348649230471822
is:0.003035848891419931
ethernet:0.02948094683184611
max:0.02690223750020661
keep:0.014968443978112549
sh:0.03397999438436123
does:0.006884117595127261
spare:0.02880321058846205
advice:0.021976593605837563
adapter:0.02824244811334713
slot:0.02880321058846205
de:0.02283040693301678
felix:0.03202662786794009
u:0.0640956522642884
difference:0.018119513258951336
s:0.007010579444700772
