correct:0.054536957336357474
quadra:0.08279838465533135
800:0.23998376428008933
times:0.046841269024883773
from:0.01410953757383626
both:0.03742840137180396
several:0.04697418953445661
except:0.05373935698339689
to:0.0022969986001513845
require:0.06465868431504311
that:0.00578174375724128
v:0.0641108052317002
re:0.012464683425939017
you:0.009263316490145364
ns:0.20196369228675906
ram:0.0648309511372208
computer:0.04467838175275526
brian:0.06226795857964631
d:0.03036407037295059
requires:0.06690257974851375
not:0.020097000285865495
centris:0.2523654928462146
only:0.022225603971154775
hughes:0.08526187639681154
650:0.1682436618974764
postings:0.07677764066151807
60:0.13572197597970057
adams:0.07722690416132687
simms:0.16715955550729106
hades:0.10215880559694542
writes:0.011021039850292706
of:0.003240676426095644
seen:0.043207748177039214
according:0.057325436743103635
610:0.0930070087579953
and:0.003181645120756582
subject:0.0004449492815336383
the:0.006281275083242108
peter:0.06136488468043261
apple:0.06322278245481792
about:0.016416936338697858
questions:0.05040293895409186
dale:0.08043034276176848
2:0.03247349253492348
s:0.020681209361867278
