school:0.03710739261016434
some:0.011913641582993408
technology:0.0343639559777239
thanks:0.020340680050164928
split:0.04865231211517557
hand:0.06443345827454436
with:0.005967626293770891
yours:0.04312580923320879
my:0.009696063891125522
to:0.0014063256735620722
martin:0.04739391195158374
keyboard:0.09275067420353052
that:0.0035398431166783345
re:0.0038157194161037807
so:0.010426638748825713
this:0.005356963656851214
on:0.010347118882434487
you:0.005671418259272671
american:0.03292893078967567
a:0.0028500084200946837
was:0.009035317694912098
part:0.02499206237156405
40:0.03902558355127345
advance:0.03228062465996581
science:0.03450645128742158
far:0.02540181706246328
frank:0.0799219260520535
computer:0.027354111277197092
internet:0.029148305541985775
learned:0.04632444382104038
it:0.00349852479326502
have:0.00521684299130258
typing:0.11568802311480397
only:0.013607512635400882
university:0.02398306226121075
between:0.02370271271475924
left:0.05968173843878696
after:0.019685853955764807
b:0.1249350345516017
placed:0.04647789154924997
usually:0.033650517777414415
writes:0.006747575418546554
of:0.007936350431254638
germany:0.08581113741198544
department:0.035388526354009554
seen:0.026453723373697478
what:0.009392266357108481
but:0.006788604308677655
years:0.02275281043857544
seems:0.02404578662633753
in:0.007252232730387366
thomas:0.03759188789825612
pictures:0.04745044440439614
or:0.006880729160235564
use:0.016967138038238246
and:0.0019479459922999481
for:0.0033198863562456525
subject:0.00027241792746957445
however:0.024460192899968498
i:0.005843837976899844
taught:0.04937912343444463
ago:0.029195568626169836
the:0.004614814346871753
when:0.01334361676371159
17:0.040125548555923526
is:0.005483114834503345
write:0.033205856377423605
new:0.01759183229473007
right:0.01979462850806428
lot:0.02529136110474888
position:0.035131050583798076
article:0.008268702860373478
difference:0.03272605966157537
