hide:0.016500953636289277
out:0.007802497344903707
correct:0.03250547126008062
behind:0.011681266228472511
quadra:0.049350030589270344
800:0.04767889356558066
static:0.018927039792966692
knows:0.011569408646163029
tried:0.010257827990187653
take:0.035194522025425556
watch:0.012729019339650165
where:0.006117406616668085
access:0.011100585655690482
hand:0.020908870565911744
with:0.007746057970722481
much:0.005785420097880568
into:0.005929814248286047
from:0.011212877542121531
both:0.007436106232808735
to:0.004563573377784208
colors:0.015098995608553129
256k:0.01984421457222177
vram:0.27314379043049747
make:0.005828081070694383
that:0.0045947632507877725
v:0.012737246072523219
like:0.0038564207400949443
really:0.012923150617158449
could:0.004997050183198865
yup:0.019264068582072462
need:0.012723191996670439
anything:0.015372457949135124
re:0.0012382135853581805
16-bit:0.03954900259346451
so:0.010150436397863444
this:0.006953409779753894
off:0.014459983099048678
simm:0.018525182650568458
amount:0.012312639111347112
8-bit:0.018478213660528868
two:0.006174799445871892
on:0.008394185848332614
you:0.011042364027987852
2mb:0.04109612081320958
them:0.004853838316331923
answers:0.013876196100173451
sure:0.0072253113250304755
a:0.0032369300930214454
how:0.008711013226682942
other:0.009134489985641793
technically:0.018386228348916032
capable:0.029058140974591598
question:0.021685292218679847
display:0.012205700056077741
brian:0.012371117598605227
daniel:0.014167483427809071
it:0.006811697279602093
not:0.005989172270622168
should:0.010879550610817745
precise:0.018720018743359625
couple:0.010450303955809663
have:0.018621711074914508
only:0.01766273163270578
hughes:0.016939445641750636
machines:0.013066048128755935
color:0.04893552459077333
32-bit:0.018386228348916032
mo:0.018478213660528868
regarding:0.013102636990300918
be:0.003830869252566035
which:0.008555578361043164
simms:0.09963152315004103
hades:0.02029645144310174
writes:0.002189610566283319
get:0.017408926825047976
if:0.0022190411250444016
of:0.005794586987058437
monitor:0.03722459443796829
but:0.004405849153976227
ok:0.01080744765069845
supply:0.04011223940666766
must:0.015347420049533093
they:0.00308913782949584
find:0.007008101780375464
one:0.003255996383362988
in:0.001765030151269773
leaving:0.01532504849308625
yes:0.026491846395733997
and:0.0025284596986145024
for:0.002154628231205788
subject:8.840051950999436e-05
i:0.004424804472575379
we:0.00892545632923159
info:0.00975296509732582
power:0.026839621988449094
1mb:0.03927865825889329
possible:0.01706603723817604
will:0.003752666704977763
the:0.004742154698606625
do:0.007135608465958576
putting:0.013311438765026537
would:0.0030882438612727684
can:0.002862801299462627
because:0.005843451320842762
put:0.008236620197174766
slots:0.018341176520916765
just:0.003888703852536046
many:0.006136427243636071
is:0.0071171556792228845
motherboard:0.014951073621627325
does:0.0040347311733030635
512:0.017584440097244296
2:0.012903374517188138
1:0.006485178450081817
16:0.03463900074660737
capability:0.016253730031093847
950:0.09887250648366129
comes:0.010013828931276529
documentation:0.029649830380789277
by:0.0032795876649575036
seem:0.009138121042701118
millions:0.015767205422306522
everything:0.010230670476567063
s:0.004108849542092836
