know:0.027419447236851153
suggested:0.04880068832172591
c650:0.06895015825327386
ship:0.05694001701362154
dealer:0.049139615591652745
my:0.03167380871101004
to:0.006125329600403693
like:0.012940434038985258
really:0.02168217492434362
nt:0.02380261839074795
anyone:0.018587941662682125
this:0.0058331382041268785
he:0.017668146750224836
m:0.015209052356845247
a:0.003103342501880878
want:0.02102886630791313
part:0.05442715805362838
local:0.03395981613239947
drive:0.03137559720895543
it:0.0038095047748885774
not:0.0066990000952884985
cdrom:0.06986391490035132
have:0.005680562368307254
drives:0.0899342811501258
buy:0.03340934583604407
be:0.012854694603054918
get:0.01460415528101247
of:0.004320901901460859
even:0.018657327197400285
available:0.060023640618094
what:0.010227134477740348
but:0.014784071605564672
supply:0.044866282595606044
they:0.010365773605641598
rodney:0.06682732228924376
one:0.021851353506124944
external:0.04771138130695348
use:0.018475328086081644
and:0.002121096747171055
for:0.010844962097069134
subject:0.00029663285435575884
i:0.00848438698868422
pay:0.03703157846664315
will:0.025184563220072988
yet:0.029222986029846264
the:0.002512510033296843
do:0.007981310210072185
when:0.0435891480947912
would:0.01036277384560418
extra:0.04316306343879168
apple:0.12644556490963585
is:0.0059705028197925315
number:0.05560588551995018
new:0.0191555507209283
does:0.04061629381125084
going:0.04839590408999295
s:0.006893736453955759
