since:0.010586357795786674
help:0.011323241904983052
vertical:0.028573805005453524
with:0.00618864948983648
operations:0.02466305212819549
apparent:0.02560398992897129
from:0.008958436554816672
colors:0.07237931228227054
line:0.01494076057569306
design:0.019910937605425623
256:0.05171717825311928
then:0.008443811374475148
day:0.013456629818851174
worse:0.020608811710795698
been:0.0077631766519652865
that:0.003670948417296051
problems:0.02902723000943675
cleveland.freenet.edu:0.022658300378336008
through:0.012536842825528183
generally:0.020458992027635445
re:0.003957042357440958
anyone:0.008851400791753393
had:0.008118563416307593
this:0.0027776848591080368
apr:0.019720678714486767
these:0.026295809096808613
certain:0.03488164012444983
on:0.0026825863769274596
set:0.014018066582676831
used:0.010446896869507224
etc:0.012287428505070029
particularly:0.021254498916087737
m:0.021727217652636063
a:0.0044333464312583965
as:0.012700224765349499
ram:0.020581254329276447
operation:0.02278183140477511
given:0.014750198725826884
also:0.015698382345815515
chip:0.017102668559805682
explanation:0.024402072940034106
video:0.055487479251825754
computer:0.014183613254842938
are:0.0034016475216996057
it:0.003628099785608169
not:0.015950000226877377
have:0.0027050296991939305
centris:0.08011602947498875
area:0.03395203221861743
date:0.018930154443298004
moved:0.04718100888605232
suspect:0.020540185517977563
always:0.014057968772479933
configured:0.03127658608358046
has:0.016901182125183347
open:0.017486563908747952
screen:0.03955880603286823
be:0.0030606415721559327
which:0.006835409166759353
14:0.01975583502516755
writes:0.0034987428096167317
if:0.00709153883347523
inch:0.02782080912090191
of:0.0020575723340289804
monitor:0.07930742518706471
gotten:0.022802703247584724
but:0.010560051146831909
disappear:0.03050562411965774
gmt:0.02241956791653458
lines:0.0373881706274552
sat:0.027506399488781273
using:0.01166360094521122
windows:0.014535487732399478
continued:0.025260297356088895
observed:0.02697443531300414
david:0.026417409940153375
over:0.010613443135023057
in:0.0018802084856559837
point:0.0116483384193654
or:0.0035677854904925146
610:0.08857810357904314
and:0.003030138210244364
for:0.003442845110180677
subject:0.00028250748033881797
i:0.004040184280325819
usenet.ins.cwru.edu:0.027557520710536493
away:0.014650706805945346
horizontal:0.028636421183479994
the:0.0047857333967558915
do:0.003800623909558183
when:0.006918912395998602
would:0.004934654212192466
can:0.004574423240411182
push:0.02539510733122638
apple:0.04014144917766217
problem:0.04477386861472136
17:0.020805839991960347
is:0.008529289742560758
involved:0.01905225998447549
done:0.01401409286465978
having:0.02769197240656467
white:0.017983963734500487
eliminate:0.02851192119718267
window:0.03689939409338774
spare:0.02697443531300414
1993:0.016029924883651517
1:0.010362560274733907
16:0.03689939409338774
article:0.004287475557230693
bad:0.014500534638869755
data:0.01552563821802017
appear:0.020892579726223184
