iisi:0.17962510354225084
saw:0.11324601943784848
ever:0.08811406856099535
from:0.02821907514767252
w:0.10314469516764513
that:0.01156348751448256
think:0.047991600917618504
re:0.012464683425939017
hi:0.10503388866714682
card:0.20406055643428278
a:0.01396504125846395
was:0.0590307422734257
it:0.011428514324665733
for:0.010844962097069134
subject:0.0008898985630672766
i:0.019089870724539493
fpu:0.18696646326412578
ago:0.09537219084548813
the:0.002512510033296843
peter:0.12272976936086522
bought:0.12210279162894867
cache:0.3235111877161531
while:0.07234475019595074
