another:0.015399342572142908
iisi:0.0748437931426045
generated:0.03369908205376595
all:0.0066254710461547996
mb:0.03170128988396191
produces:0.03658603766678924
thanks:0.013842962811917797
fax:0.021240578749190202
i.e:0.047979708291325036
with:0.00406130122770519
array:0.037924123387827434
fred:0.09653363020165857
contents:0.034606166653884454
2.1:0.03644430939157252
to:0.0009570827500630769
slightly:0.03006716428025035
80:0.027754594635161865
apart:0.031990683608965856
that:0.0024090598988505334
problems:0.019049119693692867
produce:0.02927416172798886
bit:0.018924195819831246
updated:0.035712639143948725
atmospheric:0.04003863165705079
vague:0.040653585805255264
re:0.0025968090470706285
phone:0.020398243932010895
this:0.010937134132737895
big:0.01927625384630248
on:0.007041789239434582
ns:0.042075769226408134
a:0.005818767191026646
following:0.019009126896109455
ram:0.027012896307175335
mac:0.04765669631682133
netherlands:0.0404010327207353
video:0.02427577217267377
70:0.0298738670650181
are:0.022323311861153664
internet:0.01983704127162921
admit:0.028472897324385765
have:0.0035503514801920335
being:0.013512527291146862
ve:0.012674539576579404
machines:0.027402406492252028
university:0.01632180626110176
screen:0.051920932918139547
environment:0.029150371561651355
be:0.0040170920634546615
which:0.0179429490627433
simms:0.0348249073973523
writes:0.004592099937621961
applications:0.027085423801349526
if:0.009307644718936239
of:0.006751409221032592
institute:0.027030957291203514
seen:0.018003228407099673
but:0.00462002237673896
lines:0.04907197394853495
they:0.019435825510577993
translate:0.041617727783409546
rest:0.022684936343561172
in:0.0012338868187117393
installed:0.027815069134410366
clearly:0.02523965539183614
or:0.004682718456271426
and:0.003977056400945728
few:0.0158724132007381
still:0.014178535293260743
for:0.004518734207112138
subject:0.00018539553397234928
i:0.0026513709339638183
top:0.02348355712616191
horizontal:0.03758530280331749
room:0.02769464222443476
any:0.00710616157145005
information:0.016936258920026145
research:0.021439801948172063
program:0.019282176613778297
than:0.009934731126524035
the:0.005757835492971933
can:0.006003930503039676
effect:0.048144075758644524
lower:0.027576268146150117
problem:0.029382851278410893
om:0.04327904506858894
1.2:0.07436755601095685
about:0.006840390141124107
17:0.027307664989447953
is:0.0037315642623703318
window:0.024215227373785706
lot:0.017212176307398547
their:0.010511691795706346
dark:0.032027720733794764
three:0.020267277822725503
built-in:0.03926003930899032
while:0.015071822957489739
especially:0.021703442413175983
strange:0.030530298825380022
