out:0.014194904808198312
know:0.014865965369377131
help:0.05156849927811559
thanks:0.024016706565254977
access:0.040390082747211155
much:0.02105056469349315
decision:0.050659587146834786
from:0.010199665716026212
download:0.06926211855781846
longer:0.040894108534628625
to:0.0016604809157720853
q:0.05114070413882721
compressed:0.06535252764728235
software:0.033925131186521164
that:0.008359147600830766
v:0.04634516040845798
higher:0.044721372446239666
through:0.0285477505304196
me:0.026110570612157706
anyone:0.020155599393269774
stack:0.14655181414042098
on:0.006108540063123976
you:0.006696373366370143
used:0.04757743393582809
modem:0.051365910560660366
compuserve:0.1257380141984762
a:0.005047605274143596
budget:0.056857065338768366
mac:0.08268149722436473
let:0.02777274388858825
features:0.05211623501272681
based:0.03639642183012702
no:0.013563201640753132
not:0.007263976006939336
should:0.019792917376306986
have:0.012319291883075973
buy:0.03622700150896345
which:0.031129935723313684
making:0.037043460130992814
if:0.016148202885865284
of:0.002342657657418538
version:0.03759603141765765
please:0.023077293456689817
in:0.00214071929993362
speed:0.04046343574561182
and:0.0022999844246433124
for:0.007839731636435518
subject:0.00032165008303636504
i:0.004599968849286625
any:0.012328762244443462
later:0.03849894010792414
than:0.017236160026740496
cost:0.0400121398114564
the:0.0009081361566133169
do:0.008654432757909598
can:0.010416457740213415
myself:0.04015472363852871
about:0.011867664823155079
is:0.012948078404369345
does:0.014680588124548498
dale:0.05814241645429047
advice:0.04686574781003914
fraser.sfu.ca:0.06967057098764595
check:0.0398712236697312
buying:0.04832792681009056
main:0.04480020495935937
