at:0.012407957921893396
coprocessor:0.17132113484021044
mathematica:0.09716424539936046
thanks:0.028075868238255818
with:0.008237005306895032
much:0.02460840661352016
to:0.003882251155185439
that:0.004885980639922209
guy:0.04769479925280098
think:0.020278141232796552
like:0.016403367091671454
really:0.02748444708719614
nt:0.01005744439045688
need:0.027059182978834313
so:0.014391698554717185
had:0.021611387122283596
math:0.06873599679241021
he:0.022396242359439933
a:0.013768350536513754
richard:0.05262081006730674
want:0.026656309404396925
advance:0.044556355164459854
no:0.015855573749049435
it:0.004828949714647492
not:0.008491690261633308
buy:0.04234987500343614
of:0.0027385997967005445
but:0.018740372457758035
powerbook:0.15279605055561787
please:0.026977681083172604
who:0.01821201231315279
one:0.013849449405290457
in:0.005005062025196915
and:0.0026887141865548584
subject:0.0003760134773523704
i:0.010754856746219434
possible:0.036295374971332145
the:0.002123247915462121
ross:0.22919407583342682
would:0.013135910508512339
can:0.036530957426945634
did:0.02315367666821078
put:0.03503463802178562
is:0.0037841215055023085
run:0.03770189335756894
too:0.027500251660063334
afford:0.06655079704372223
e-mail:0.038728109530313616
respond:0.05695785560648601
by:0.013949795419960087
says:0.036070799217289694
clue:0.0714424757472587
