tv:0.05740395539775247
some:0.008844976326767834
iisi:0.040823887168693375
help:0.01621282363668028
small:0.022642014395954632
thanks:0.015101413976637598
nubus:0.045085455336442475
from:0.006413426169925573
options:0.034280154611188
my:0.021595778666597756
to:0.00522045136398042
perhaps:0.0437645687521219
format:0.030454958386651625
like:0.01764604641679808
through:0.017950479500188084
television:0.03960590822484677
larger:0.03224130109182412
merely:0.03091703802833982
on:0.0038409759487824996
regular:0.03065941402845198
am:0.02476267207123281
input:0.03232690378314179
a:0.009521619039861784
want:0.014337863391758951
as:0.024245883642939954
mac:0.10397824650942837
wife:0.03061350020563614
question:0.016537773358690184
capture:0.041467064773136456
also:0.01123861463393611
advance:0.023965918308156437
video:0.07944798165602325
display:0.027925162249511196
are:0.004870540769706254
displaying:0.04249237801457404
it:0.002597389619242212
not:0.004567500064969431
have:0.007746221411328073
buy:0.02277909943366641
second:0.020831028611002018
willing:0.0270901504089369
if:0.010153794238839534
of:0.0014730347391343837
monitor:0.028388453334006122
what:0.006973046234822964
well:0.01274899931934352
accept:0.027061454323202526
george:0.06033809362204799
in:0.00673029173842767
our:0.01689223805288177
use:0.03779044381243973
watching:0.032269727982873746
and:0.004338606982849885
for:0.004929528225940515
subject:0.00020224967342438103
however:0.018159840183309947
i:0.013015820948549653
any:0.007752176259763692
quicktime:0.09811825109900847
review:0.03273969306559687
the:0.0034261500454047865
when:0.009906624566998
would:0.014131055244005698
can:0.006549742366952375
sony:0.03849186717972179
correctly:0.03301745052295741
about:0.007462243790317209
interested:0.021796031934961515
general:0.022336593659754177
is:0.002035398688565636
cards:0.029810738366303803
time:0.02393196924096536
window:0.052833223360986996
nice:0.023937420126929985
adapter:0.03787055542471547
understand:0.02269816108284586
data:0.022229891084892518
