iisi:0.055554155734716754
week:0.035544729942325604
saw:0.03502454209417995
ever:0.02725177378175114
from:0.008727549014744079
except:0.033240839371173336
to:0.0014208238763822997
w:0.031900421185869623
that:0.003576336344685328
think:0.014842763170397476
re:0.003855056729671861
anyone:0.017246543810735992
phone:0.03028192913618112
had:0.015818644182290054
this:0.005412190086303288
hi:0.03248470783520005
on:0.01045379021111938
regular:0.041722089193357334
card:0.09466726844889407
a:0.005758779900397505
price:0.032269527854061474
was:0.01825693060002857
as:0.016497199179732337
idea:0.02858119892021398
mac:0.07074808525383786
no:0.034816878438634326
place:0.056070672521988156
it:0.0035345920591749688
relation:0.0578246793600389
customer:0.055796738182244524
without:0.02316711840002572
pds:0.0617830185650616
found:0.027572376342855642
writes:0.0068171380517274465
get:0.013550247167949715
if:0.013817534428111532
of:0.002004542119234419
but:0.006858589920107322
one:0.010137225853356932
in:0.003663499008133824
still:0.021048547239479867
for:0.010062335966352804
subject:0.00027522635971152884
i:0.009840139548731697
fpu:0.17347403808011672
ago:0.0294965538697386
socket:0.05682852641479074
the:0.002331194876254803
can:0.008913051468430034
peter:0.03795766062707172
last:0.022475902598551523
bought:0.03776374998833464
jim:0.06982125251440968
cache:0.1500825097652257
satisfied:0.05592020406932407
interested:0.02966057954036
is:0.00830946268734012
ad:0.04463579027171186
applied:0.04563917526099601
sale:0.032730640763954946
their:0.01560498575857437
engineering:0.03986339683735154
slot:0.052558435816059616
article:0.008353947219758772
going:0.022451708082986417
while:0.02237466500905693
s:0.012792500636206563
