there:0.0043496634387542536
thanks:0.009447330070692716
allows:0.019586129787422576
access:0.01588804202852382
with:0.0027716937288604143
powered:0.026251352176857173
setting:0.020387852404562118
times:0.013319792139777378
from:0.008024381558579863
longer:0.016086308096560073
often:0.01472663691127349
several:0.013357589441077709
to:0.007184924531279212
then:0.007563413979980111
80:0.018941524300773976
boot:0.09305453022540933
been:0.006953745911002082
that:0.0032881955017485956
reboot:0.028935690920557654
me:0.0051354913763248565
wait:0.017399999076351272
fixed:0.04298419625705999
indiana:0.02774462727941592
this:0.0049761368566011285
off:0.0413925582550967
getting:0.012854035887320788
on:0.012014427138371798
tell:0.011421919685414469
1989:0.04484466932857337
am:0.007745669936973297
purchased:0.02268651467854372
m:0.006487273517137783
more:0.006025682586828085
a:0.003971101779657996
how:0.006233947854166467
hard:0.025632544100241794
same:0.009204233888761197
wondering:0.01705655688084027
j:0.028949086820178795
was:0.004196498265883345
as:0.007584020475990697
old:0.012549351101148456
said:0.010386278808831433
se/30:0.060157278114261165
given:0.013212263313655362
drive:0.04014886846643585
scsi:0.02004726206698087
fine:0.015351452975926827
button:0.02253793396819265
science:0.016026693015010973
turning:0.044959563741202226
computer:0.050819012420195556
furthermore:0.023297851741060797
no:0.005335287849206208
meg:0.022064998088532125
works:0.014100123192183603
requires:0.019024430260240883
it:0.008124536249762369
have:0.004845977375807137
university:0.01113905261421163
always:0.025184417990509078
after:0.009143192832535315
has:0.005046324520789342
anybody:0.014405664193899029
be:0.0027415225456752196
which:0.006122712476386341
get:0.006229260546403424
soon:0.01704736320871787
if:0.00635213668022189
of:0.0009215193628707994
trying:0.012778806744399983
failure:0.022508768728503655
boots:0.02748838452458049
what:0.004362284848325267
but:0.0031530010533194802
lately:0.02492006125047612
hd:0.06339249298197076
again:0.011572839517099613
up:0.012734221519927818
now:0.00782897818899642
in:0.000842083895234552
required:0.017738300713274736
speed:0.01591689652552503
or:0.0063915777981335105
and:0.005428399258162889
few:0.01083235782420041
subject:0.00012652586204748008
however:0.011360658313729446
i:0.006333132467856704
experienced:0.024203326796808235
back:0.009982733270462264
power:0.03841500398346742
similar:0.014998854444865883
any:0.0048497026838332105
suggestions:0.018753537303653447
the:0.005358433720301325
originally:0.021563012217045218
upgrade:0.02096002560781397
when:0.012395018415580435
can:0.004097469158472576
instead:0.014539025173386927
come:0.011380064807911889
an:0.004255441414984534
problem:0.07018463054179665
just:0.005565822575667706
different:0.011977331270195488
press:0.01700166047757188
dates:0.02651471640033969
is:0.0050933199410552405
disk:0.01659231745876721
time:0.0074858292412498285
does:0.005774828503969314
light:0.016550780501451628
icon:0.02658290946883305
rom:0.02388189269093733
little:0.011115349298096988
april:0.016123951952076363
occurs:0.02262652227630712
before:0.020153500163247816
by:0.004694006989654816
upon:0.016436377169160837
s:0.0029404563073744945
