some:0.013118391855430945
read:0.025471944515706984
there:0.005156061716725547
all:0.010719863265688665
true:0.014512813439089027
thanks:0.0111988013759335
ever:0.014850685712527305
with:0.0032855470606154343
miss:0.02711135149273095
into:0.01006069608417071
post:0.014508864069838092
both:0.012616315069147404
my:0.010676564734048329
to:0.0046456151463735865
colors:0.025617397043724968
sound:0.01938867016364287
w:0.01738393738780536
displays:0.028641394798639228
software:0.01581902184540032
that:0.0038978047801626605
like:0.0065429160871273775
nt:0.008023354513735264
could:0.008478141322056501
me:0.006087576856205307
anything:0.01304068061977193
charles:0.023125014915358625
ghost:0.03486243956626206
this:0.011797358165649864
sync:0.03443555244840857
two:0.010476345127265795
on:0.005696728373475167
them:0.01647032777002518
m:0.007689970292786921
sure:0.012258674270557322
a:0.006276423037511887
same:0.010910636800722542
red:0.04059122421283765
mac:0.01927686592590526
also:0.016668507097523218
vga:0.10135689009563288
solution:0.043706259193632004
ie:0.023503472959333773
display:0.02070854728615437
are:0.007223723388777814
model:0.02055590736844691
it:0.007704616398651055
have:0.00861658336765707
due:0.018624395982575745
university:0.013204157874149738
details:0.04286316721674533
screen:0.021001725674753075
be:0.00649956468693788
pb:0.03288829413458853
monitor:0.021052111461173077
but:0.003737546192418035
seems:0.013238691513376843
find:0.01189015021164826
up:0.007547530170519015
good:0.009101178940221905
one:0.01104843716601823
in:0.002994601717322873
or:0.003788266616309468
yellow:0.063693405984555
and:0.004289858589784155
green:0.04728439100395262
for:0.003655605201259258
subject:0.00014998290388774325
i:0.00857971717956831
monitors:0.025940189487684447
signal:0.050624295762019274
ago:0.016073964749239573
any:0.005748804866791052
research:0.017344558879420095
will:0.006366883960130811
images:0.023909279461352715
currently:0.020218727538524137
background:0.024870786518632657
the:0.003811110724663751
do:0.004035493926440993
thing:0.012718721545645822
ibm:0.02213745544449251
putting:0.022584575882236033
would:0.010479209506790743
can:0.004857112317065805
did:0.018470910600482757
an:0.005044371564953577
thought:0.015081946096582654
problem:0.011885198269919012
about:0.011067597531706422
is:0.0030187935605692573
steel:0.02989501025546063
having:0.014701637036069446
hardware:0.019942028784688492
time:0.008873651516312997
window:0.01958984686418619
somebody:0.021324315862217724
does:0.013690885554354215
blue:0.022453155210468027
trouble:0.04286316721674533
hook:0.02889112380184616
image:0.020792488746818407
faq:0.02180952282526831
e-mail:0.015447729082316104
little:0.01317606012302508
charlie:0.030822424583322704
before:0.011944911613610361
somewhere:0.021795062128666217
checked:0.025285203093012482
demon:0.03211216863750529
s:0.003485597083460777
