another:0.01679928280597408
some:0.026534928980303504
choice:0.028578505109988963
at:0.013347954734158047
out:0.008925584083942877
there:0.006952871102857178
help:0.01621282363668028
thanks:0.015101413976637598
your:0.009544941077130777
with:0.004430510430223844
to:0.006264541636776504
that:0.002628065344200582
really:0.014783301084779743
could:0.011432645116106496
me:0.008209005154579884
need:0.02910912108329146
mean:0.02002592467295349
bell:0.06762428862091778
recently:0.025070542155967344
on:0.0038409759487824996
link:0.03671127370270392
modem:0.16149130971722767
compuserve:0.03953126961543001
m:0.020739616850243517
why:0.013482746819348534
sure:0.03306127303271521
a:0.004231830684383015
other:0.010449302938120537
want:0.014337863391758951
as:0.0060614709107349885
worth:0.026630027415089682
question:0.016537773358690184
are:0.004870540769706254
those:0.028119934155872123
internet:0.02164040865995914
it:0.010389558476968848
not:0.004567500064969431
have:0.0038731107056640367
centris:0.03823719588579009
systems:0.02273043272941372
only:0.010102547259615808
ve:0.013826770447177533
650:0.03823719588579009
buy:0.02277909943366641
baud:0.04109287723276087
be:0.013146846753124348
which:0.00978706312513271
rates:0.034739432049191304
get:0.009957378600690322
if:0.005076897119419767
of:0.0014730347391343837
what:0.013946092469645928
but:0.01512007323296387
supply:0.03059064722427685
who:0.009795855107832185
good:0.02454560380847726
over:0.015196520852419378
in:0.001346058347685534
or:0.005108420134114283
use:0.012596814604146576
and:0.004338606982849885
for:0.004929528225940515
subject:0.00020224967342438103
300:0.03151151996350267
i:0.013015820948549653
decide:0.031012934974339237
pretty:0.021803182249391113
suggestions:0.029977245235385436
the:0.0017130750227023932
around:0.017933291160254817
would:0.014131055244005698
can:0.01309948473390475
forget:0.029084949510715864
is:0.004070797377131272
time:0.01196598462048268
selection:0.04015004257765931
does:0.009230975866193373
run:0.020279048699904507
ordered:0.03548519017656442
dave:0.053125373808705946
primarily:0.03597992577056266
condemned:0.042275913071816044
past:0.025026624597752754
understand:0.02269816108284586
data:0.022229891084892518
especially:0.023676482632555618
