ask:0.03785146213449828
at:0.011441104057849755
help:0.02779341194859477
your:0.01636275613222419
with:0.007595160737526589
surprised:0.05715172327271739
my:0.012340444952341576
to:0.007159476156316005
important:0.08161998163566812
t:0.03345809162338237
class:0.051534671060636396
that:0.004505254875772426
technical:0.09965577254335845
like:0.015125182642969782
re:0.004856370165950267
michael:0.03902201560615181
anyone:0.02172616557975833
this:0.006817953745083364
hi:0.04092229428590136
on:0.013169060395825712
am:0.021225147489628126
working:0.08229971456380798
bill:0.04020147890508724
m:0.017776814443065874
a:0.007254566887513741
learn:0.04948070364574327
andrew.cmu.edu:0.10583842614876002
terribly:0.14931833351425797
product:0.051829843152552714
are:0.01669899692470716
plan:0.10144322590749627
d:0.02366031457632514
it:0.004452667918700935
not:0.023490000334128503
screen:0.048549443767611014
writes:0.008587823259968343
pb:0.07602748514229557
up:0.017447537277303696
in:0.002307528596032344
point:0.02859137612026053
and:0.004958407980399869
for:0.008450619815898026
subject:0.0003467137258703675
create:0.04938760637978726
i:0.007437611970599802
the:0.0009789000129727962
page:0.05460708744399074
come:0.031184333434667644
is:0.003489254894683947
issues:0.09883712941815313
marketing:0.19296433536230959
article:0.010523803640475338
full:0.0401254868041981
project:0.05002124487549417
