practices:0.026878431337508092
at:0.004636657960286479
there:0.004830415713563934
know:0.012988159217455808
all:0.00502140963498048
document:0.02397280722013946
suggested:0.023116115520817538
with:0.003078038825208144
c650:0.06532120255573313
from:0.004455643444369345
ship:0.026971587006452306
wrote:0.013555657761541374
dealer:0.023276660017098667
my:0.025005638456060558
to:0.0029014719159806963
front:0.018510268049294388
like:0.006129679281624596
really:0.01027050391153119
through:0.012470859442235931
nt:0.011274924500880608
re:0.0019681079093587924
anyone:0.008804814471796795
policies:0.02751568360884091
this:0.0027630654651127316
he:0.008369122144843344
you:0.002925257838993273
disclaimer:0.01975818698460098
m:0.007204287958505642
a:0.004410013028988616
want:0.00996104193532727
part:0.05156257078764794
local:0.016086228694294484
drive:0.04458637498114719
panel:0.025949713246236742
cd:0.023490542363055648
are:0.0033837441136906603
it:0.003609004523578652
not:0.009519631714357341
cdrom:0.03309343337385063
have:0.005381585401554241
drives:0.042600448965849066
buy:0.015825479606547187
states:0.018172945976082544
after:0.010153756250868165
has:0.005604076178350268
personal:0.017652081427345874
be:0.012178131729209922
which:0.013598866658079134
writes:0.0034803283737766437
get:0.006917757764690118
of:0.004093486011910287
even:0.008837681304031713
kit:0.08148898697994969
seen:0.01364455205590712
available:0.028432250819097157
what:0.004844432121034901
but:0.0070029812868464235
supply:0.02125244965055023
separate:0.02222473440423096
they:0.004910103286882861
rodney:0.06331009480033618
one:0.010350641134480237
bob:0.038779000147674735
in:0.0028054689772814287
our:0.011735660120949438
office:0.019214410068664003
external:0.045200255975008555
or:0.0035490076721215015
use:0.008751471198670252
better:0.011769557217375805
and:0.00401892015253463
for:0.008561812181896684
subject:0.00014051029943167525
i:0.006028380228801945
pay:0.017541274010515175
will:0.011929529946350362
yet:0.013842467066769282
the:0.005950681657808312
do:0.007561241251647333
when:0.02064749120279583
got:0.011642914850687231
would:0.0049086823479177685
extra:0.02044566162890132
may:0.019589742394103483
an:0.004725779676640719
apple:0.07986035678503317
unit:0.022579688513681136
is:0.0028281329146385673
number:0.05267925996626859
deal:0.017349026272423733
new:0.018147363840879442
items:0.024387443419366377
does:0.01923929706848724
insert:0.027311263433492154
reflect:0.02490059270612889
slot:0.026832464600830434
article:0.008529819792806327
opinions:0.03005905426863202
going:0.022924375621575604
represent:0.025295514737407387
while:0.011422855294097487
announcement:0.024053162336617296
s:0.0032654541097685173
