pc:0.04565537071229977
cable:0.11829171132573284
there:0.012572314870919827
differences:0.06274534539200202
thanks:0.02730666636871456
with:0.008011333928623935
c:0.03542599582779397
companies:0.05447441569298268
via:0.04682508737829651
to:0.0037758881098378925
w:0.04238823089081306
id:0.06424395627429115
rob:0.12056664909586956
re:0.005122472640796856
package:0.053250178535016464
so:0.01399740544362904
creative:0.0778659906734433
on:0.006945326373140957
you:0.007613684786420847
a:0.007652077401898055
mac:0.18801545944170608
drive:0.07736448626865722
jason:0.062464337997028004
ie:0.05730983817481385
are:0.008807005227414047
it:0.009393299444930739
drives:0.055438940435009056
buy:0.041189604455396794
robert:0.04377276751996854
writes:0.009058388918048799
whatever:0.0452734325856625
of:0.002663569665284091
using:0.03019754217321809
one:0.0134700124352825
in:0.0024339685191026093
po.cwru.edu:0.1306281256791015
or:0.018474286512413295
world:0.034537680667570916
for:0.008913667477043122
subject:0.000365711738246826
usenet.ins.cwru.edu:0.07134755362043009
possible:0.035300981136501125
any:0.014017633784778182
the:0.004130153479392071
ibm:0.05397900094684475
ready:0.057746291627813646
just:0.016087514568025835
many:0.025386315446275252
is:0.011041340831123174
unless:0.04216522501014371
hook:0.07044684981820022
article:0.011100450415295903
difference:0.043933614340197075
already:0.03980529207256645
