cable:0.022141781863534608
bbs:0.020754064880798263
there:0.004706558900395627
know:0.006327564746965651
posting:0.01691891567669867
all:0.004892655541775853
800:0.024613719413342495
means:0.014536385745839759
specifically:0.020754064880798263
your:0.006461190882980834
with:0.008997344258300729
way:0.008883963177161761
much:0.008959983946461187
compared:0.021142505773916007
lciii:0.029654653292177507
from:0.013024188529695009
both:0.011516431191324297
my:0.004872893647847699
to:0.0021203064001397397
calls:0.020555331617735526
been:0.007524309678058663
that:0.0035579961583023264
jeff:0.021617842506822544
think:0.0073833232180951554
r:0.015898562906303232
higher:0.019035250836091755
nt:0.0036619412908843
me:0.005556865027715614
anything:0.011903800770868738
re:0.001917643603990618
had:0.015737522930073182
this:0.0026922176326739434
ci:0.032393537835409596
these:0.00849556909281509
on:0.002600045257637384
used:0.020250907777814006
contained:0.026326001031839477
them:0.007517226520678159
modem:0.02186343885402467
why:0.009126782462328238
answers:0.02149031396026863
more:0.006520097568311414
a:0.004296935771835062
j:0.015662198253994168
was:0.0045408263287250545
as:0.004103149539574453
mac:0.017596318640057108
vga:0.046260324197493985
lc:0.05322194925501035
video:0.017926724065974474
helpful:0.02381847882694978
official:0.020801041134124745
prices:0.02237159732912329
are:0.0032969814441088487
works:0.015257056377183283
it:0.008791164865127486
not:0.009275538593476384
comparable:0.02596911235594617
have:0.010487192064567238
only:0.020515942127219796
decent:0.023105447809331874
always:0.01362541588717286
second:0.014101003982832136
after:0.009893403526486929
selling:0.021383472488972002
love:0.016780602257340762
macs:0.0271242231329256
be:0.0029664679853203656
which:0.01987526665411566
found:0.013715489770548704
14:0.01914796317823932
were:0.01591080305099794
of:0.002991393624088287
monitor:0.05765039753982782
reasons:0.018648843465621054
but:0.006823417664106772
year:0.012691080595946933
they:0.019136812810415255
one:0.010085240079749975
in:0.0027335338752998537
recommend:0.04500286448372648
use:0.008527074501268451
message:0.01665292250543447
and:0.0039158709178542545
for:0.008342278536207025
subject:0.00013690747124111947
half:0.01939304350560521
i:0.0107686450240992
monitors:0.02367873707080939
20:0.016127345376439076
any:0.005247627006609268
capabilities:0.02628000785244071
cost:0.017030808227440415
the:0.0038654000512259126
do:0.0036836816354179317
planet:0.024262115970074306
specific:0.018795673274207347
because:0.00904985794304879
sony:0.026056033167811677
did:0.008430313043297258
return:0.01892496260418938
ready:0.021617842506822544
about:0.010102730054583299
is:0.008266850058174274
number:0.012832127427680811
questions:0.015508596601259035
does:0.006248660586346283
told:0.015898562906303232
first:0.009628486304569441
designed:0.020151781522475706
reflect:0.024262115970074306
engineering:0.019829484580631277
explaining:0.028617541156306246
little:0.012027377958453662
complaint:0.030625125085195597
takes:0.018337947969126515
s:0.012726898068841402
james:0.017741506500702702
