pc:0.034717104812477945
at:0.009176718879733656
bbs:0.04215669428912147
there:0.009560197766428618
know:0.012852865892273977
posting:0.03436654746829417
true:0.0269091749183109
way:0.018045550203609824
motorola:0.050763407322344085
from:0.008818460983647662
my:0.009898065222190638
to:0.0028712482501892307
recall:0.040738075157010646
that:0.0072271796965516
technical:0.039966117113742705
nt:0.007438318247108734
re:0.003895213570605943
anyone:0.01742619530876449
this:0.010937134132737895
on:0.01584402578872781
contained:0.05347468959592394
a:0.005818767191026646
how:0.013701697887803378
same:0.02023013906800638
as:0.008334522502260609
running:0.09460813788895943
mac:0.035742522237615995
question:0.022739438368199003
official:0.042252114803690885
are:0.0066969935583460986
not:0.0062803125893329675
comparable:0.05274975947301566
being:0.020268790936720293
real:0.026641602645815075
25mhz:0.060789241846755854
has:0.011091400769651573
love:0.03408559833522342
if:0.01396146707840436
of:0.0020254227663097776
opinion:0.03447199546445509
what:0.01917587714576315
intel:0.05266259020561445
but:0.00693003356510844
windows:0.057233482946322946
they:0.009717912755288997
in:0.007403320912270436
conversation:0.05199031394376474
processors:0.11976574667289441
compare:0.04489282201868242
system:0.04656713185921927
speed:0.034984012155060216
message:0.03382624883916376
subject:0.0002780933009585239
i:0.0059655846014185915
any:0.02131848471435015
the:0.003140637541621054
do:0.014964956643885346
would:0.009715100480253917
planet:0.04928242306421343
7:0.06649017768606887
here:0.03750835220048741
about:0.01026058521168616
is:0.005597346393555498
does:0.012692591816015886
hear:0.034517516294362574
reflect:0.04928242306421343
data:0.03056610024172721
s:0.006462877925583524
