some:0.04025989224597773
with:0.02016646126860508
to:0.009504821793729868
require:0.13377658823802024
ii:0.12659999327965923
re:0.012894500095798983
had:0.05291063743731501
starting:0.13522489596128334
kenneth:0.16951195577116648
a:0.00963106293687169
mac:0.1183200736141771
it:0.011822601025516275
real:0.08819289151718095
batteries:0.1820259383121792
battery:0.16252419612406757
jump:0.17104477517016076
but:0.022940800767255527
easy:0.11426488152616578
in:0.006126886272223809
replace:0.151598725201887
install:0.15235001327722864
subject:0.000920584720414424
the:0.0025991483103070794
once:0.09251831706637607
apple:0.13080575680307158
microsoft.com:0.19242829398205924
does:0.042016855666811216
