know:0.016902398981620572
all:0.013069422337620427
50:0.04727648341271823
send:0.08036567454455404
way:0.04746226902867242
my:0.01301663371685344
to:0.0037758881098378925
colors:0.062464337997028004
256:0.06694894993040784
vram:0.15066561590869448
class:0.054358488653000026
asking:0.04911551800874512
anyone:0.022916640406046452
best:0.06671715287565573
on:0.006945326373140957
size:0.04932708406939545
bill:0.04240429966700982
a:0.005739058051423541
speaking:0.057746291627813646
worked:0.052659778638004785
ct:0.07606357481332386
fine:0.044372007916720003
lc:0.07108411030634944
chip:0.08855902350145956
cover:0.05375625408558748
it:0.0046966497224653694
have:0.014006866113634324
p.o:0.06310491013275457
screen:0.05120968726172668
which:0.017697155239965998
of:0.002663569665284091
what:0.025217591862921402
but:0.009113468797950825
box:0.04340464398228229
in:0.004867937038205219
or:0.009237143256206648
and:0.002615050784183492
for:0.008913667477043122
subject:0.000365711738246826
station:0.05665739914756379
i:0.007845152352550476
appreciated:0.0463666043722773
info:0.040347883005375305
will:0.015524730752099786
the:0.0020650767396960357
an:0.012299974500845709
is:0.0036804469437077244
envelope:0.0869396279596514
new:0.023616432395665025
lee:0.05845412738869474
does:0.01669162759366473
sale:0.08698279874256519
x:0.04171452040474113
first:0.025719929169740287
plastic:0.0697193179645845
give:0.03237309960761653
s:0.008499127135013948
