some:0.022892879904575572
quadra:0.09740986430038982
thanks:0.07817202529082992
your:0.024704553376103187
with:0.011467203466461712
way:0.033968094500912614
though:0.04873616081589568
my:0.018631652182947083
to:0.0027023512942957466
sound:0.1353405211422914
ii:0.07198823147274741
make:0.034511382026464775
nt:0.014001540229851735
re:0.007332166721140599
comments:0.07223539243194314
this:0.010293773301400373
on:0.01988269902899176
old:0.051919864359653414
steve:0.06288536954577228
mac:0.20184012557712563
addressing:0.10566182561308872
helpful:0.09107065433833739
are:0.012606105521592657
book:0.06097448060164065
it:0.006722655485097489
stereo:0.20239094805477698
one:0.019280606034816128
in:0.003483915723421382
and:0.0037431119067724496
for:0.006379389468864196
subject:0.000523469742980751
p:0.06600251058100687
doug:0.0847380291109566
i:0.0037431119067724496
games:0.06529157434526914
the:0.0029558941568198155
did:0.03223354987143069
developers:0.11407350415266439
problem:0.08296334478610135
superior:0.09880547760368188
too:0.03828466407577444
replaced:0.08481661776581029
bad:0.05373727542639969
