some:0.01883123992150571
know:0.019901211704166158
thanks:0.03215139749864779
with:0.00943269962563786
work:0.0326624590966178
reach:0.14059043448485092
my:0.03065207294613875
to:0.008891607484456972
appreciate:0.061922795732491834
anyone:0.026982495961957922
phone:0.04737656655176724
reply:0.05792252450572813
getting:0.04374518664878526
you:0.008964499829172932
am:0.02636026381776396
card:0.04936948945990712
answers:0.06759050358471584
a:0.0022524260094296694
how:0.04243106442674594
se/30:0.1023644006621702
are:0.010369538412922992
those:0.029934123456250968
d:0.029384584231887667
not:0.009724354977031691
have:0.008245977631413756
hughes:0.08251149328723698
types:0.06607898729001419
be:0.009330020276410828
if:0.010808877738119504
of:0.006272276953733505
aircraft:0.09070310802169236
what:0.014845840370913407
in:0.002865801643459524
or:0.021751982506551137
for:0.0052475623050334515
subject:0.0004305960789035209
i:0.0061580228143675786
specifics:0.09472271756401468
monitors:0.07447344723883599
the:0.0024314613225453322
intended:0.06562175575768749
would:0.015042736227489936
about:0.01588735774712696
interested:0.04640445508733742
number:0.040359110458028355
either:0.040380043663118675
questions:0.048777037697508255
does:0.01965304539254073
their:0.02441425191260829
reflect:0.07630826797039499
e-mail:0.04434993188148817
opinions:0.04605822831483939
