delta:0.05687523230107754
looks:0.03260100451784658
technology:0.032073025579208984
800:0.09142238639241498
wave:0.04688685215898008
from:0.008062592899335006
adb:0.06308785312050316
to:0.0026251412573158684
add:0.03272590872811161
look:0.02258255546929439
village:0.0495115190798063
berkeley:0.05177505862149315
global:0.04872107222674946
t:0.09814373542858827
sources:0.03665846643061394
technical:0.036540449932564764
memory:0.06441204240318696
nt:0.013601496223284545
dynamic:0.05249873392604479
me:0.010319892194328998
anything:0.02210705857447051
so:0.009731529498904002
alpha:0.05369912174409588
associates:0.05837646034111167
directory:0.04014742179838473
you:0.005293323708654494
numbers:0.06719509335235616
products:0.03857225518225609
a:0.0013300039293775191
other:0.013136266550780104
assistance:0.14881061183689706
services:0.03806344407107914
mac:0.16339438737195885
compatible:0.042910117360187766
fine:0.0308491102659101
silicon:0.05177505862149315
chip:0.030784803407650232
third:0.06957685707938831
electronic:0.041082583952472475
computer:0.02553050385871729
place:0.025899310641108817
it:0.006530579614094705
fifth:0.047683985672091006
texas:0.03779209211113336
have:0.004869053458549075
university:0.022384191443796702
customer:0.05154555813026399
formatted:0.056112920799424815
list:0.027729796161157904
anybody:0.028948525189644716
modems:0.050576199136835975
coast:0.05099489555037042
if:0.006382384950127708
of:0.0018518151006260825
zone:0.046478626402486914
good:0.01542866525104285
newer:0.046817587784417414
thomas:0.03508576203837239
compiled:0.050273830581459025
and:0.003636165852293237
complain:0.048471525822996846
for:0.009295681797487828
subject:0.00025425673230493616
i:0.0018180829261466185
research:0.02940315695749312
micro:0.05398774412024187
the:0.0007178600095133839
do:0.006841123037204731
educational:0.050273830581459025
got:0.0210681316345769
apple:0.10838191277968787
here:0.017146675291651394
south:0.04115847128246464
general:0.028080289172262397
disk:0.0333426569885703
turbo:0.047313362660189345
does:0.011604655374643098
2:0.018556281448527705
1:0.018652608494521036
sales:0.04608718187214833
lifetime:0.053558025688999304
s:0.01772675088160052
