bottom:0.03677470596597558
some:0.00956997438633897
looks:0.028058241593228613
laser:0.08035177016248736
at:0.007221024692249435
help:0.017541743606899977
tried:0.02539232830357927
document:0.037334699769069654
printing:0.03983191623616965
thanks:0.01633923479439478
fax:0.025070847048224505
with:0.004793667022865143
user:0.030997077734368984
such:0.01576243609399835
from:0.006939116839591603
several:0.02310206042678194
to:0.00451868577078961
changes:0.033425486063411385
5.0:0.04157717850865056
she:0.02717329905654494
that:0.0028434805363481705
problems:0.022484206851571913
nt:0.005853102882970807
happens:0.0306235861867113
phone:0.024076615788603026
this:0.004303134740749336
bitnet:0.04000209649394365
two:0.015285159284043537
on:0.020779050214724995
etc:0.019035442520149472
a:0.003434026538966545
other:0.022611606357900178
as:0.006558312788664086
gary:0.20875467755029467
character:0.03741791592861078
quotes:0.03983191623616965
fine:0.053100927506894435
advance:0.025930337841611882
plus:0.058621309081633946
computer:0.021972974632502584
no:0.009227424067069754
internet:0.02341421264848038
it:0.005620580815409376
have:0.0041905787962922365
hal:0.04813777449974517
university:0.019265082799988963
400:0.03762972929897052
between:0.01903988398398693
west:0.033425486063411385
doing:0.021972974632502584
has:0.008727659622020911
shows:0.03167389047229435
macs:0.04335429107311879
screen:0.030641862050049574
printers:0.046339718528644325
down:0.019380045712730803
of:0.004781325874567343
what:0.007544607401611732
print:0.036035762547989535
using:0.01806902113643378
double:0.03621434741835763
up:0.011011970248790038
net:0.02717329905654494
in:0.001456390999135168
and:0.00782371751005717
word:0.05030945108464621
for:0.0026667939582956887
we:0.011047081194376803
any:0.00838760054335088
circles:0.04574115184819441
the:0.0024713213442264033
wrong:0.021667393908441482
when:0.010718642974128983
marshall:0.04845307188357957
tries:0.042303026027842736
instead:0.025145363209710177
an:0.014719641615766176
pi:0.10130391403920307
different:0.020714892606649573
is:0.0022022346466447863
printer:0.03562239489531009
center:0.026775662569449254
virginia:0.04000209649394365
change:0.024360730392708915
words:0.02711359943858504
little:0.019224087720479215
appear:0.03236637351029658
s:0.015256629857115204
news:0.025154725542323106
