another:0.01606887920571434
read:0.032855116839100314
typical:0.032308734345883654
at:0.006383804438075587
there:0.0066505723592546915
quadra:0.1439971907049241
all:0.0069135350046832696
startup:0.039219446403461734
produces:0.07635346991329928
with:0.004237879541953242
setting:0.031172730850453672
extensive:0.03840438855254369
from:0.012269163107683704
my:0.006885610589350009
to:0.002996085130632241
sound:0.12504287279450838
then:0.034693051082082677
boot:0.07113951404913539
that:0.005027603267166331
problems:0.01987734228907082
control:0.0441975981150873
its:0.014984235913291089
re:0.0027097137882476125
wait:0.026604346413841434
error:0.027285928689652163
this:0.0038042205679088333
routines:0.03788391221507082
something:0.014425082008431326
on:0.003673976994487608
registers:0.04459580397396447
you:0.008055057817517709
incorrect:0.036818307737125196
board:0.02602316318373293
a:0.0040478380459315795
controller:0.030520932034055558
steve:0.046480490533831686
mac:0.04972872659146574
scsi:0.03065197316038379
logic:0.030092325711572263
are:0.004658778127545112
steveh:0.04424225205969322
it:0.0024844596357968983
not:0.013106739316868801
routine:0.03795601606183291
session:0.034921883200541716
feel:0.02207446872642158
device:0.05817615630305545
be:0.004191748240126604
if:0.014568487386161072
of:0.005635959001905468
even:0.012167822085261055
dram:0.04477926635066223
up:0.02920566022505184
code:0.023481974712548523
or:0.014658944732675767
and:0.00276664793109268
for:0.002357600455884594
subject:0.00019345620936245142
i:0.00138332396554634
info:0.021343445357915925
possible:0.018673707412786827
sad:0.03428342474032239
the:0.0076467696665556105
start:0.020417116578858786
can:0.01252994191938715
last:0.015798279362749985
an:0.006506508250447368
including:0.023043244250219058
general:0.02136543741367791
is:0.005840709280231824
having:0.01896298110449537
hardware:0.025722326983148924
does:0.008829629089402357
goes:0.023355269536164323
thru:0.03739832735794792
volume:0.06415942029444367
procedure:0.07326969072085489
show:0.0218120918096727
respond:0.029304403971452946
700:0.11689548443187933
s:0.008991830157333599
