go:0.03602652318137272
out:0.021818094427415922
quadra:0.18399641034518077
800:0.17776575131858466
take:0.03936572463584636
thanks:0.03691456749844746
from:0.015677263970929178
my:0.017596560395005578
to:0.01276110333417436
add:0.06363371141577256
w:0.05730260842646951
vram:0.3055163878148527
t:0.047708760277785964
need:0.07115562931471245
on:0.018778104638492218
more:0.023544796774457886
board:0.06650363924731749
how:0.02435857402276156
want:0.03504811051318855
adding:0.08750197389081996
buy:0.05568224306007344
simms:0.0928664197262728
or:0.012487249216723801
subject:0.0004943880905929314
i:0.014140644981140364
the:0.004187516722161405
do:0.026604367366907283
stuart:0.34475079126636926
many:0.03431853754774247
jones:0.27557213777414785
current:0.11712021199003028
is:0.004975419016493776
before:0.03937396791153045
