acting:0.02804874551846094
entirely:0.02258763612055007
mb:0.024809705126578888
modify:0.029039623544515045
where:0.010040526077357401
with:0.006356819312929862
remove:0.04802337375043076
someone:0.011975315840559891
such:0.01045118045362934
work:0.011005828608642954
unusual:0.027254275354449627
both:0.01220491349080564
my:0.010328415884025013
to:0.005243148978606422
100:0.018361478797994952
legs:0.061956148653581525
that:0.007541404900749496
think:0.00782471754091606
equivalent:0.025647480560422688
provide:0.018353019990670724
like:0.012659120255529056
nt:0.007761723388287375
permanent:0.027754901924600745
me:0.01177813783048418
so:0.011106636928096957
this:0.002853165425931625
97:0.03257039565658138
something:0.010818811506323493
two:0.010134725177463649
on:0.008266448237597118
performance:0.02060332192172074
causing:0.02667731776842577
3:0.012725358394769671
m:0.014878420783870349
onto:0.023663927588936665
sure:0.02371786978433917
board:0.05855211716339909
a:0.003794848168060856
as:0.004348446522918578
removing:0.027660381583775373
mac:0.018648272471799652
also:0.00806248441130199
plus:0.019434238336846037
are:0.006988167191317668
book:0.0169005353841504
it:0.011180068361086043
not:0.006553369658434401
should:0.008928326859964563
clip:0.03191743744004843
have:0.008335607823059556
plug:0.025778445514656707
whether:0.01552966622218383
occasionally:0.029350267097993023
larry:0.024699907804201063
has:0.00578681779286169
adams:0.025182686139563107
details:0.020732727621143122
erik:0.12070958611679657
be:0.0031438111800949527
of:0.004226969251429101
what:0.010004805467354686
fairly:0.021327209501347207
seems:0.01280699505098412
well:0.009146021250833395
easy:0.036018277872378344
errors:0.023337088682748985
one:0.005344081020519687
in:0.0019313011075488096
system:0.024295894883070924
clean:0.023596968434653833
and:0.00414997189663902
subject:0.00029018431404367716
i:0.00829994379327804
socket:0.0299585166425799
any:0.005561343838526126
will:0.018477804536466594
currently:0.019559421205746177
the:0.006964022374898859
do:0.011711705199562446
thing:0.012303980625679112
upgrade:0.04807136307879072
would:0.015206244229962652
can:0.004698728219770181
effect:0.018838986166426118
extra:0.021112367986365496
put:0.013518800541015103
7:0.017345263744191878
an:0.004879881187835526
upgrades:0.0317161261809161
problem:0.01149763745676948
makes:0.015179227620934642
here:0.009784787530561934
about:0.005353348806097128
is:0.0043805319601738675
itself:0.018277477394534673
periodically:0.03191743744004843
under:0.013191975147313257
says:0.013918623611019391
identify:0.027083086946518266
s:0.010115808927000298
