another:0.018028498621045358
above:0.022135414879093866
inexpensive:0.08900248048868313
know:0.020063010173305723
help:0.017399127805217865
all:0.007756649029644644
with:0.01901877648096089
modern:0.03338640735806375
gain:0.03728134171132725
alexander:0.04137813180011926
work:0.016464003772278895
my:0.015450638395614657
to:0.004481948488100264
w:0.02515724272381589
direct:0.032469720508733126
that:0.002820362808410381
anyone:0.0272018658478275
samuel:0.04525556328052828
this:0.008536299810917383
used:0.016052548848267203
more:0.010336740047322976
a:0.0034061076240155977
same:0.015789376833565957
as:0.006504993172496086
old:0.021527748636929467
idea:0.022539644676916718
driver:0.05983391217051044
drive:0.06887326216599972
question:0.017747854336155323
andrew.cmu.edu:0.033128287859571226
no:0.009152404359207398
it:0.0027874425182111543
not:0.004901707386796463
have:0.024939054299885507
try:0.01980804611661295
ancient:0.03728134171132725
device:0.03263540475537257
which:0.021006379390528747
utility:0.0771257556861274
if:0.010896754792900965
of:0.0031616355376542873
seen:0.021076950330263033
understanding:0.03263540475537257
order:0.022799324074247906
they:0.007584712394371901
one:0.01598879524838411
in:0.0014445504219064269
system:0.0726901570485374
use:0.0405555982377402
and:0.0015520220101251621
for:0.007935338119806684
subject:0.00021704843001640894
mechanism:0.03907437235859678
i:0.012416176081001297
tape:0.06746940266208673
6:0.023889021402920284
back:0.01712485138266291
20:0.025567742669964394
will:0.00921386459270963
program:0.022574255547838012
the:0.00306403662597176
do:0.005839983080540624
essentially:0.03659159471996929
can:0.014057983616873389
bought:0.029781168689987488
an:0.02189995459906675
is:0.004368660599848194
new:0.014016256625069489
tapes:0.04242380153851026
does:0.009906413124695328
2:0.015840728065816333
1:0.015922958470932592
advice:0.031624854213278444
150:0.03831871290730049
