above:0.02347117267352194
out:0.010156699130003964
quadra:0.042826750683792075
800:0.04137651108277402
with:0.01512484595145381
4:0.02141611641533344
ship:0.044177599407120155
my:0.008191502252847425
to:0.007128616345297401
everyone:0.02635786859925089
experiences:0.04073367750089894
alice:0.054454654119869585
ocean:0.05263302400204883
enough:0.020966797646012034
that:0.008971671347443366
really:0.0168223770964735
re:0.0032236250239497458
anyone:0.01442167887621889
comments:0.031758663914043965
derek:0.0950408114178397
getting:0.02338104803641971
on:0.0043707657348214645
assume:0.02992662547663083
8:0.07635753316484137
came:0.026023506314465056
3:0.02018505124687603
a:0.0024077657342179226
drive:0.024343135765568867
plus:0.030826722879135092
athena.mit.edu:0.04213166676654976
cd:0.03847588835328081
missed:0.037464932562308886
should:0.014162173639943789
cdrom:0.1626142846818522
application:0.03181351472255973
have:0.00881466574392505
only:0.011496002054045574
disks:0.07430536058264677
has:0.01835818058425088
feel:0.026261005898673945
demo:0.09645870966330472
call:0.02290479394826472
heard:0.023298684132929952
be:0.0049867349753230285
noticed:0.03496726742374418
get:0.01133081013182002
gotten:0.03715268029132338
what:0.0158696914309764
seems:0.02031454387397481
they:0.016084821112202476
up:0.011581554916830902
5:0.022404076611359337
system:0.019269158010711423
external:0.03701745101401563
install:0.03808750331930716
and:0.0032913570214723265
complain:0.0438750880294368
subject:0.000230146180103606
i:0.008228392553680816
6:0.02533060028068271
games:0.05741155675187458
any:0.00882144195076558
than:0.0123327696743057
the:0.0025991483103070794
titles:0.10332677242777542
when:0.011273055541756343
less:0.023697116867209288
got:0.01907029156578081
photo:0.04707822213661337
7:0.02751317697354574
apple:0.09810431760230368
people:0.012976492586837219
is:0.006948430005793032
else:0.021780622632224626
disk:0.03018085330861967
2:0.016796634069788006
their:0.013048996711911327
1:0.01688382665452335
supposed:0.03145426733979621
going:0.018774273138359332
s:0.005348588628069123
