at:0.006776653941957162
reserve:0.040686334699388406
quadra:0.0764292781433828
all:0.007338983312663779
case:0.019012393133128892
with:0.008997344258300729
my:0.007309340471771549
to:0.005300766000349349
colors:0.035076128259869575
256:0.03759441034553671
256k:0.046099636929315194
vram:0.08460453816411306
been:0.011286464517087995
make:0.013539080641151568
that:0.0026684971187267447
control:0.04691745030678498
charles:0.06332696392205901
simm:0.04303542431132057
something:0.03062555872559266
on:0.0039000678864560766
western:0.03146559818227231
you:0.012826130524816659
am:0.012571818128472044
them:0.011275839781017238
support:0.021068894688719277
8:0.022711471402875896
a:0.0010742339429587655
closest:0.043372367562538976
lists:0.036439653297080404
as:0.006154724309361681
running:0.023288157018820782
ram:0.05984395489589613
mac:0.026394477960085663
question:0.016792200641131575
video:0.026890086098961714
panel:0.07585300795053818
computer:0.020620791578194735
display:0.028354780130272907
results:0.028177567298988158
no:0.008659582586019307
those:0.014276274263750463
it:0.002637349459538246
should:0.012637016478719074
have:0.011798091072638144
calling:0.031638466304211216
university:0.018079539243066566
color:0.0568404939477444
familiar:0.03543583415146988
highest:0.03630104940859827
24bit:0.047150217967820963
which:0.00993763332705783
simms:0.07715056408028818
7.1:0.04448197993826626
of:0.0014956968120441434
macintosh:0.036120045582366
least:0.01852047986697294
megs:0.0420082597526704
in:0.004100300812949781
po.cwru.edu:0.03667635836374774
system:0.017194017917250195
and:0.0029369031883906913
still:0.015705454478688825
for:0.0025026835608621075
subject:0.00020536120686167922
however:0.018439222339976257
p:0.051786585225097694
i:0.005873806376781383
possible:0.019822858638189094
monitors:0.07103621121242817
cox:0.19720348301648885
any:0.007871440509913903
the:0.0040586700537872085
do:0.02210208981250759
got:0.017016567858696725
jr:0.0718864062689674
maybe:0.020368562171864033
put:0.03826860460841199
slots:0.12782389175346606
btw:0.028859927080333348
does:0.009372990879519425
2:0.0299755315706986
told:0.023847844359454848
engineering:0.029744226870946917
whatsoever:0.03999007310292047
difference:0.02467041420641836
built-in:0.04348804354226621
700:0.04136301756820346
