believe:0.014388555498876427
out:0.015604994689807415
quadra:0.032900020392846896
coprocessor:0.08055497068645656
mathematica:0.04568649949241452
beth:0.08532321881932288
with:0.0038730289853612407
such:0.012735213267998665
beast:0.035842937772700124
wrote:0.01705678791187325
options:0.0299667576733564
name:0.018292930502187093
my:0.0062928096776841145
to:0.0009127146755568416
sound:0.022855518471049212
might:0.01408665652899633
that:0.0022973816253938862
produce:0.027917081382982756
considering:0.02652562884341121
helps:0.028013061563794454
could:0.00999410036639773
me:0.007176083976189037
re:0.002476427170716361
16-bit:0.03954900259346451
rahul.net:0.04223420198490931
duo:0.07570815917186677
math:0.03231957465073593
this:0.006953409779753894
announced:0.03195907659408019
he:0.021061366987022982
something:0.013183187530884257
two:0.012349598891743785
these:0.010971099159595647
none:0.02399013398954499
support:0.01813878350684441
a:0.010173208863781685
idea:0.01836010791563415
180:0.038071230730456505
standard:0.02015923536729958
drive:0.018700687078185355
scsi:0.028013061563794454
also:0.009824484315758717
plus:0.023681455986620335
video:0.02315040525076174
no:0.014910539552086223
it:0.009082263039469456
comparable:0.03353627092324175
purchase:0.028890473372046636
have:0.006771531299968912
color:0.024467762295386664
hope:0.01912888435523209
towards:0.027614418114897617
has:0.02115445974609042
svga:0.034365165909692116
writes:0.004379221132566638
get:0.008704463412523988
if:0.008876164500177607
of:0.006438429985620485
future:0.023208651154422846
available:0.01788783991929954
but:0.008811698307952453
powerbook:0.03592225029618831
nature:0.025247782399071324
port:0.11045767245959047
variety:0.030944479519754178
find:0.014016203560750928
now:0.010939830449524797
in:0.002353373535026364
floppy:0.029172325123164488
yes:0.01766123093048933
speed:0.022241491171429012
or:0.0044656387927356645
offers:0.029934373664785595
and:0.0063211492465362566
for:0.002154628231205788
subject:0.00017680103901998871
i:0.0012642298493072512
boss:0.038071230730456505
power:0.017893081325632727
fpu:0.07429130990627514
any:0.006776736862839783
unfortunately:0.024383397886264615
leaning:0.03997641001821665
the:0.004991741788006974
putting:0.026622877530053074
would:0.006176487722545537
because:0.011686902641685523
rgb:0.035687106664023346
an:0.011892690576976646
jonathan:0.031658975956914345
makes:0.018496542266569365
including:0.021059388784968408
is:0.0071171556792228845
ethernet:0.034557136352561336
blocks:0.035610544926267876
serial:0.027412701509038625
supposed:0.024163543121962654
article:0.00536644291600398
built-in:0.03744003748671925
ports:0.03260344024299939
