ask:0.03202816026765239
there:0.010085483357990631
all:0.01048426187523397
where:0.020301723057513866
own:0.02490649050052742
with:0.019280023410644418
work:0.08901417424133204
longer:0.03729902207004589
my:0.020883829919347282
to:0.0030290091430567713
sound:0.03792509108932342
ha:0.062125776488951734
clock:0.09428880917800915
make:0.019341543773073667
problems:0.03014366193287663
think:0.01582140689591819
like:0.012798231467128277
its:0.022723346769606266
me:0.01190756791653346
this:0.011538075568602616
on:0.00557152555208011
you:0.006107681202293647
a:0.00767309959256261
how:0.01445453843108928
mac:0.07541279417167332
question:0.02398885805875939
scsi:0.04648321204541717
plus:0.039295602790985394
solution:0.04274568206849724
it:0.01130292625516391
not:0.013250769419251976
talk:0.038017513930077226
be:0.006356717111400784
if:0.022092870981211297
of:0.006410129194474901
oh:0.035491386638917294
seems:0.02589546252067119
rest:0.03589704212607482
in:0.0019525241966427526
speed:0.03690621062511847
and:0.002097787991707637
subject:0.00029337315265954173
i:0.002097787991707637
any:0.022489830028325438
the:0.004969800065861888
would:0.040995588839752795
home:0.03219080276770713
simple:0.03625481930721144
just:0.01290536882929545
makes:0.030692064640131588
about:0.010824353629910678
shared:0.054933113363323544
new:0.018945050163555462
slow:0.04512668247298727
dead:0.03770639708583666
changing:0.047059546939620944
little:0.025772952768114993
replaced:0.047534587978640935
live:0.03402954147195229
by:0.010883906316672156
alex:0.06163729558157993
