at:0.007104556552051863
quadra:0.08012746902128841
all:0.007694095408437832
wang:0.04833026452266915
your:0.010160743727268245
with:0.00471634981281893
my:0.007663018236534687
to:0.002222901871114243
colors:0.036773360272443906
256:0.03941349471709494
256k:0.04833026452266915
vram:0.13304745920969394
been:0.011832583767914831
that:0.0027976179470522323
control:0.024593824757588898
higher:0.029934467040628163
depth:0.042404297772987584
re:0.003015649215952988
charles:0.03319558592688577
this:0.004233729341704992
simm:0.04511778355219092
on:0.004088780848703951
you:0.008964499829172932
2mb:0.05004446969995683
support:0.022088357334947628
answers:0.03379525179235792
a:0.0033786390141445043
closest:0.04547103050911344
lists:0.03820286232758429
want:0.01526288683638856
altogether:0.04511778355219092
as:0.0064525335501372455
ram:0.03136981506639717
mac:0.027671630119444644
question:0.01760472647860568
21:0.03271131468672843
video:0.028191219297298568
panel:0.03976165739342726
display:0.0297267856204474
results:0.029540997974745648
no:0.009078594646633143
those:0.014967061728125484
it:0.00276496314306429
should:0.013248485018011931
have:0.004122988815706878
calling:0.03316935983506015
only:0.010754324502171666
color:0.11918168085817374
hope:0.023294044658387462
familiar:0.03715047128783132
highest:0.03805755179933689
24bit:0.09886336025510847
simms:0.04044182794531235
writes:0.005332761217883567
get:0.010599790123315501
if:0.005404438869059752
of:0.0015680692384333762
monitor:0.06043993290465819
macintosh:0.037867789723448224
least:0.019416632118600664
up:0.010834357825422457
in:0.004298702465189285
or:0.005437995626637784
and:0.0030790114071837893
still:0.016465395824431833
for:0.007871343457550178
subject:0.00021529803945176046
however:0.019331442775781558
p:0.02714619386799476
i:0.004618517110775684
usenet.ins.cwru.edu:0.042002995276543525
possible:0.020782029217456307
monitors:0.037236723619417995
cox:0.10337279351670785
will:0.009139559233091003
the:0.004255057314454331
do:0.005792886442794328
got:0.017839950174440112
jr:0.03768239038292646
can:0.00697230639062672
maybe:0.021354137760825193
put:0.020060155641506285
slots:0.08933927918253004
max:0.03840077449626266
questions:0.024388518848754127
2:0.031425960517667884
told:0.025001772312331694
16:0.02812090920826727
whatsoever:0.04192507664015855
article:0.006534942583198395
built-in:0.04559230371366618
700:0.043364453902148783
s:0.010007036788000296
james:0.055799899478016564
