some:0.014151962122828534
at:0.010678363787326436
fast:0.02110180560574568
roughly:0.030690769147936385
all:0.005782229276644189
anyway:0.018475841343300207
with:0.0035444083441790748
both:0.013610327771565078
to:0.0016705444364737343
lies:0.02733564611670099
0:0.02221306841497232
besides:0.0245459805705266
look:0.0143707171168237
then:0.009672002119853352
mhz:0.02863700963699562
clock:0.07800256031998938
make:0.010667154444543659
that:0.004204904550720931
memory:0.04098948152930079
need:0.011643648433316584
re:0.002266306077443458
wait:0.02225090790975829
040:0.0737200034766966
this:0.0031817117477055696
mean:0.01602073973836279
enemies:0.03464221828773298
you:0.006736957447378447
numbers:0.04276051395149937
performance:0.06892747697448393
them:0.008883994978983277
state:0.01610735386024616
computers:0.026289508282355576
ray:0.15773704969413344
more:0.007705569853458945
a:0.004231830684383015
how:0.01594379390580757
as:0.009698353457175981
truth:0.02178822744250063
given:0.01689568217685625
486:0.05779304954287522
overall:0.02808251060411886
are:0.011689297847295008
d:0.011041480135618396
it:0.0020779116953937695
application:0.022365864895860173
being:0.011792751090455444
systems:0.018184346183530972
only:0.008082037807692646
kind:0.016700161799776122
netcom.com:0.05852791226765707
uses:0.020696940180826892
yourself:0.02125014952348238
simms:0.0303926464558711
writes:0.008015301709303787
ux4.cso.uiuc.edu:0.034545246521996975
if:0.004061517695535814
end:0.016389293348942482
of:0.00824899453915255
even:0.0101767239258547
286:0.03348855932718013
ok:0.019780904184914738
aspects:0.02920739322227125
they:0.005654058330349962
who:0.007836684086265748
up:0.008142184062741725
good:0.009818241523390904
one:0.005959460047124984
cpu:0.054211665144162056
compare:0.026119460083597047
point:0.013342642189454914
system:0.013546801995409244
speed:0.14248034041333618
and:0.003470885586279908
for:0.003943622580752412
subject:0.00016179973873950483
twice:0.02733564611670099
i:0.0011569618620933025
faster:0.023638188044814133
386:0.02860082680677439
will:0.006868517241838087
program:0.016828081408388335
than:0.017340621602660134
the:0.004568200060539715
do:0.0043534419327666465
note:0.017949630902293925
i/o:0.03127860106301099
cache:0.02941010797419574
here:0.010911520640141795
many:0.011231521379261172
about:0.005969795032253767
contribute:0.032451297168417534
is:0.006513275803410034
architecture:0.06834433676521293
fischer:0.10120789606372686
their:0.009173840112616448
runs:0.02273812436632324
marketing:0.0300166743896926
68040:0.03884311029112659
happy:0.02301875811203043
especially:0.018941186106044495
processor:0.08885951536217768
dangerous:0.025483307473862345
