at:0.02753015663920097
fast:0.054403092577313086
way:0.02706832530541474
someone:0.034429033041609686
to:0.002153436187641923
lies:0.07047471264461974
mhz:0.14765958094075868
tough:0.07489444367611713
make:0.02750125755233912
could:0.023579830551969647
finding:0.06966570843331163
re:0.005842820355908915
alpha:0.08810012161140729
jon:0.06483387912059896
enemies:0.08931196902306159
you:0.008684359209511279
ray:0.27111055416179186
more:0.01986592227844884
a:0.0021820376966349923
how:0.041105093663410135
truth:0.05617277387519694
computer:0.04188598289320805
are:0.010045490337519149
only:0.020836503722957603
interesting:0.05106288378002207
netcom.com:0.1005948492100356
be:0.01807691428554598
writes:0.010332224859649412
get:0.020537093363923786
of:0.0030381341494646664
but:0.02079010069532532
they:0.014576869132933495
who:0.02020395115990388
compare:0.06733923302802364
system:0.034925348894414454
66:0.07993300912201082
subject:0.0004171399514377859
than:0.02235314503467908
the:0.0023554781562157906
do:0.01122371748291401
can:0.027017687263678543
an:0.014029658415027136
problem:0.033055707688212255
is:0.012594029385499871
chips:0.06488657731557769
fischer:0.17395107135953056
slow:0.06416450164127876
going:0.03402837006327629
200:0.06493945384658145
dangerous:0.06569915208105136
