tv:0.1369395562500601
from:0.010199665716026212
my:0.02289672918868196
to:0.006641923663088341
montreal:0.05940295803355399
jeff:0.10157781418868425
like:0.02806359189177526
nt:0.008603356044848657
television:0.06298770946602138
re:0.004505307262387597
scott:0.1841964844901931
merely:0.04916926529808261
on:0.006108540063123976
curious:0.05164183543158428
regular:0.04875955002115255
am:0.019690799478329708
a:0.006730140365524796
other:0.016618168528095313
as:0.019279859282337795
mac:0.08268149722436473
wife:0.048686530447517716
que:0.06829774858584814
also:0.0178734594178261
stuff:0.07044377235358126
it:0.00826157662024029
not:0.007263976006939336
deleted:0.08465974691562257
have:0.0061596459415379865
buy:0.03622700150896345
second:0.033128864778942974
be:0.006969412736596041
inch:0.06335099908253568
monitor:0.04514790168781697
cheaper:0.05312504095140715
george:0.04797968890427912
in:0.00214071929993362
our:0.026864764132293897
use:0.04006697657222526
watching:0.051320531249871494
and:0.004599968849286625
subject:0.00032165008303636504
i:0.00919993769857325
quicktime:0.07802174183776577
the:0.0009081361566133169
when:0.015755113769201638
canada:0.04482659750610418
colour:0.0637255844689216
would:0.03371022817244733
sony:0.06121598153883467
just:0.028298519601587614
interested:0.034663568860420726
is:0.0032370196010923363
time:0.03806048120249913
nice:0.03806915008138263
little:0.0282570927939574
