configuration:0.05329476376063859
out:0.013237944933488312
fax:0.034366779099813366
with:0.006571094121230869
1.0:0.06164484916664541
hamilton:0.06193670856443485
mail:0.03443051129029052
problems:0.030821047594289584
re:0.004201578682900792
fixed:0.050953176462020536
this:0.005898679082824932
he:0.01786666525303635
26:0.04939733742533397
on:0.011393456746950335
a:0.0031382115187559437
was:0.009949001506757142
running:0.03401640912861462
services:0.044906310420936055
also:0.016668507097523218
lc:0.3498296664514725
video:0.03927765385241598
computer:0.030120257361408036
setup:0.049592750264793165
it:0.0038523081993255275
university:0.05281663149659895
19:0.046032552943605386
has:0.011963758133556752
electric:0.05874134703010981
his:0.041447843629331606
which:0.014515644185590088
47:0.05979002051092126
writes:0.007429914505815307
get:0.014768246913383397
dept:0.04610457854316628
7.1:0.06497367856151251
things:0.025109280091463477
if:0.0075297799973416775
of:0.006554177041541752
lawrence:0.10658952752127718
version:0.035061467501860503
isaac:0.06972487913252412
latest:0.04681288314890732
using:0.02476877054657214
in:0.005989203434645746
extension:0.05689861695965734
37:0.05841246633010855
system:0.02511485763193848
subject:0.0002999658077754865
i:0.004289858589784155
any:0.011497609733582104
zealand:0.06122080053762465
175:0.06620063689819781
turned:0.04412245325745615
the:0.0008469134943697224
would:0.010479209506790743
can:0.00971422463413161
friend:0.03902471258081804
7:0.035859871111587706
an:0.010088743129907153
e:0.03495381680959356
is:0.0030187935605692573
having:0.029403274072138892
new:0.01937078162790502
somebody:0.04264863172443545
trouble:0.04286316721674533
experience:0.037215986233653346
article:0.009104863823782033
iii:0.20776380123338012
needed:0.037481153821753044
mine:0.03668807915505602
s:0.006971194166921554
