know:0.014347385182073277
switch:0.049443179325699714
with:0.006800318334762178
way:0.020143869994727247
both:0.026112838166374858
my:0.022098006077448867
to:0.006410228651585259
lies:0.0524462977820426
w:0.035980707616620394
that:0.004033774714354382
cleveland.freenet.edu:0.04979556711052913
like:0.013542314691961316
re:0.004348145381141518
anyone:0.019452497088853386
this:0.006104446957807198
on:0.011790902912541626
enemies:0.06646472113344118
you:0.006462778946613045
machine:0.037823248306097054
ray:0.20175669146924044
more:0.014783942160706115
sure:0.025372604885572133
a:0.00811921003399067
want:0.022006953112932343
as:0.009303653025779283
truth:0.041802994511774466
fine:0.037664611371169304
are:0.007475713739549134
works:0.03459448829710163
it:0.003986691043488046
have:0.011889549142968671
centris:0.05868964949911967
desk:0.12452241936718357
buy:0.03496326889818565
netcom.com:0.07486128313304975
writes:0.007689097569971655
get:0.015283418317338631
of:0.004521874082924155
monitor:0.13071892465426074
well:0.019568231513410986
david:0.02902843301563365
box:0.03684347686868148
one:0.022867695529665638
610:0.06488861076139206
use:0.019334645671480792
and:0.004439504819660347
for:0.003783126312931093
subject:0.0003104297313025383
space:0.03555247392457097
i:0.00665925722949052
than:0.01663489863045885
do:0.008352533940773217
ibm:0.04581938452464729
would:0.01084476332679507
can:0.010053092935322248
an:0.010440676029787635
just:0.013655680970533558
save:0.04212221200489877
does:0.01416847458532006
fischer:0.1294519600815111
2:0.02265592502436522
dangerous:0.0488923922463638
share:0.047454058369079725
