go:0.019851349508103338
out:0.012022215296739386
computing:0.04451491305284736
technology:0.0343639559777239
43:0.05238336940008875
mb:0.04658148717643383
printing:0.04958667123278262
thanks:0.020340680050164928
where:0.03770319996395432
fax:0.031210646325340707
with:0.005967626293770891
85:0.05061529061157818
mathematics:0.05429910025991829
someone:0.022484266476153262
from:0.017276984784289295
upgraded:0.11360069966336689
my:0.009696063891125522
to:0.008437954041372434
software:0.028732509066135267
that:0.0035398431166783345
nt:0.007286515833902433
me:0.022114054702133564
voice:0.0370050438922058
recently:0.0337684853529356
you:0.005671418259272671
tell:0.024592092383902576
2.2:0.05084987753223837
how:0.013422071400297185
want:0.019312224160328382
40:0.0780511671025469
also:0.015137725833464963
science:0.03450645128742158
files:0.0337684853529356
internet:0.029148305541985775
it:0.00349852479326502
not:0.006152142944652703
tom:0.03873192064770158
university:0.02398306226121075
left:0.02984086921939348
25:0.03752737294173074
be:0.00590266588915787
which:0.013182574821607323
47:0.05429910025991829
po:0.053246199890171035
dept:0.04187048459532448
7.1:0.05900670808137361
if:0.006838269589422543
of:0.005952262823440979
3.1:0.08003106087504525
what:0.028176799071325444
but:0.006788604308677655
instance:0.043619958150611586
now:0.016856269366104532
clear:0.033650517777414415
box:0.032332030721495986
system:0.02280839111471964
66:0.052201148814374404
41:0.05108998464866893
install:0.09016633438856388
and:0.0038958919845998963
for:0.006639772712491305
subject:0.00027241792746957445
purpose:0.03837634175657741
i:0.005843837976899844
background:0.04517346939098584
the:0.0015382714489572508
do:0.014659549365438706
got:0.022572998179903814
can:0.017644203927300272
drivers:0.08025109711184705
come:0.024501976270096003
is:0.0027415574172516724
31:0.09512891535161118
