go:0.020918626363377713
sleep:0.052936768566590416
out:0.012668570957854407
andrew:0.040488797410451596
know:0.013267474469444106
with:0.012576932834183815
ca:0.02211342576443356
my:0.010217357648712918
to:0.004445803742228486
wake:0.05872122331018442
100:0.036328087084205075
make:0.03785119319031621
think:0.015481161586328552
bit:0.029301980624254837
nt:0.023034791991046404
140:0.06181457892794551
re:0.0040208656212706514
had:0.032998031950153446
this:0.011289944911213313
on:0.005451707798271935
timer:0.06255643776113853
took:0.03629464168189978
a:0.004504852018859339
nor:0.03714558061263874
steve:0.0689710504695567
mac:0.0737910136518524
cd:0.047991430634199715
it:0.01105985257225716
have:0.005497318420942504
kind:0.02962931932218344
found:0.028758285002763416
writes:0.007110348290511424
get:0.014133053497754004
of:0.002090758984577835
but:0.014307166069901296
powerbook:0.11665074827364377
using:0.02370344708220345
up:0.01444581043389661
170:0.06399225918720867
newer:0.0528585668533745
one:0.021146471134959623
and:0.004105348542911719
subject:0.0002870640526023473
i:0.014368719900191016
world.std.com:0.0494201755952747
portable:0.05500766219149132
the:0.005673409752605775
do:0.007723848590392437
around:0.02545370358229716
got:0.02378660023258682
can:0.009296408520835629
page:0.04521231971169126
about:0.010591571831417974
e:0.033450426839288463
hardware:0.0381686142330597
does:0.02620406052338764
too:0.02099481578348921
before:0.022862303948630588
by:0.010649843815238346
seem:0.029674328547266
while:0.02333701619224218
doubt:0.03742013224710288
