there:0.022384853306759694
know:0.03009451525995858
anyway:0.07435399564986668
to:0.003361461366075197
that:0.016922176850462285
re:0.009120500067760258
michael:0.14657049764261898
anyone:0.04080279877174125
great:0.061493919237382365
card:0.1493126022689874
a:0.0034061076240155977
place:0.06632750286137623
uses:0.08329256414235213
be:0.028217622299388845
aaron:0.12330752828631676
writes:0.01612835100042835
if:0.016345132189351446
of:0.00474245330648143
what:0.02244980739016174
advantage:0.10398464820816611
in:0.00866730253143856
extension:0.24702326387363432
or:0.016446620919587446
subject:0.0006511452900492268
the:0.0036768439511661124
do:0.017519949241621872
an:0.02189995459906675
is:0.00655299089977229
ethernet:0.25454280923106154
does:0.059438478748171965
article:0.01976421659308783
takes:0.08721706960926026
