go:0.017685747743582975
there:0.02503033597028584
mb:0.04149987039355014
small:0.027170417275145554
anyway:0.027713762014950308
with:0.010633225032537224
4:0.02258426821980617
hacker:0.051533755751139956
upgraded:0.05060394803186343
to:0.0025058166547106014
w:0.02813037140935776
death:0.030503785309422018
h:0.06423967498717302
software:0.025598053531647784
been:0.013338548974740357
that:0.012614713652162792
nt:0.01947486959243014
could:0.013719174139327793
re:0.0033994591161651865
se:0.045884635062948105
parties:0.04449400465584422
jon:0.07544305934033332
you:0.005052718085533835
market:0.07110645845587313
size:0.0654704934011976
dying:0.046268274649224256
computers:0.03943426242353336
a:0.002539098410629809
classic:0.046506478034624474
mac:0.06238694790565701
1,000:0.053052429248077834
are:0.011689297847295008
no:0.010234052147113726
reason:0.04858567134560959
it:0.003116867543090654
should:0.014934655838486178
have:0.0046477328467968435
buy:0.02733491932039969
money:0.028183816061173907
color:0.10076269381645597
able:0.023976956601006082
be:0.005258738701249739
which:0.023488951500318503
perfectly:0.04061656358942607
writes:0.0060114762819778395
of:0.0017676416869612604
cheers:0.039583297057857694
but:0.006048029293185548
beyond:0.035505129067623695
they:0.008481087495524942
one:0.008939190070687476
difficult:0.03388371160943635
in:0.0016152700172226407
processors:0.05226141672999029
fear:0.03914332850456815
and:0.00867721396569977
for:0.008873150806692926
subject:0.00024269960810925723
i:0.001735442793139954
cost:0.03019097822137164
patches:0.05139496054995097
the:0.0013704600181619145
do:0.01306032579829994
older:0.04016500350036027
would:0.008478633146403418
can:0.007859690840342848
extra:0.035315233722647735
instead:0.027888493741678556
apple:0.03448515406626432
just:0.01067625966787169
is:0.007327435278836288
deal:0.029966499925095536
having:0.02378992174927601
too:0.017750162435131785
rom:0.045809812343525234
wont:0.05428999446921037
release:0.03612548626715689
lots:0.03316995464923964
3rd:0.04012504339605993
s:0.005640329825963803
