out:0.017326133810006764
your:0.01852841503207739
with:0.008600402599846284
miss:0.07096794949567807
from:0.012449591976914347
ship:0.07536178722391085
wire:0.07497306285526151
to:0.00810705388288724
sound:0.15225808628507784
connector:0.07747631505908309
that:0.005101538609330541
les:0.0869305113205398
nt:0.010501155172388801
re:0.005499125040855449
on:0.022368036407615734
you:0.03269405820051305
input:0.1255044499816093
a:0.0020536825380094046
output:0.060108208660795893
cd:0.06563533895559667
computer:0.03942210154654875
are:0.009454579141194493
centris:0.07422514495476899
willing:0.05258676255852457
stereo:0.07589660552054137
get:0.01932902904839886
if:0.009855153231814842
of:0.002859420375966745
port:0.061320251990434414
feature:0.06948686161918055
external:0.06314741643567372
or:0.009916344966221843
for:0.004784542101648147
subject:0.0003926023072355632
back:0.030975834118640258
will:0.016666255072107124
the:0.008867682470459447
do:0.01056349880744848
when:0.01923050651240788
can:0.012714205771142843
apple:0.05578480804836876
note:0.043554251454095555
is:0.003951068042509763
motherboard:0.0664003563784037
run:0.03936521218216757
unless:0.0905312184041321
going:0.03202670123602474
live:0.045539533440406746
s:0.009124062953764975
