some:0.009649065083746728
sells:0.0415108994786446
ask:0.024087294085589815
case:0.020426538076915336
split:0.039404351961051284
method:0.03298262746071536
owned:0.04164528394865931
companies:0.032864730128824265
from:0.006996464912646079
sell:0.028760928090748494
often:0.025680333787427324
throw:0.03523446757466785
to:0.003417022710969002
bet:0.03565017615710422
day:0.021019033353412167
might:0.01757921599899542
next:0.022135372097100623
that:0.008600941126474632
memory:0.05589474753995562
like:0.009625116227344407
its:0.017089459140778265
re:0.003090417378331988
michael:0.04966438349873867
so:0.008444715680867108
ti:0.031311248398774076
something:0.01645174642283903
these:0.01369120638924746
you:0.004593380077758032
used:0.03263576046837795
great:0.02083678255150973
m:0.01131251828195101
a:0.006924813847172207
air:0.0318523883110014
other:0.011399239568858768
anymore:0.03662358967492556
driver:0.030411451227160265
plus:0.029552891355203892
place:0.022474608407573766
it:0.005667031896528462
not:0.004982727343603016
suitable:0.04250099203907948
buy:0.02484992665490881
after:0.015943914774090507
selling:0.034460968060740005
call:0.02195831485949345
usually:0.027254138365178624
be:0.014342014639772017
writes:0.005464978438161672
of:0.003213893976293201
kit:0.0426526378131968
but:0.005498208448350498
version:0.025789013286492437
shipping:0.03391163215158512
they:0.015420159082772623
login:0.04555675258045208
box:0.026186272815757083
one:0.008126536427897707
in:0.0029368545767684377
or:0.005572821964488308
use:0.013741979568159902
and:0.004733025799472602
still:0.01687362877875659
for:0.005377667155571471
subject:0.00022063600737205204
offer:0.029050938998279655
austin.ibm.com:0.08625004279730185
i:0.004733025799472602
away:0.022884161870443558
ago:0.023645997730286316
any:0.008456919556105846
em:0.03930168650651776
the:0.004360554603242455
upgrade:0.03655012729957642
when:0.010807226800361454
an:0.007420645773237494
upgrades:0.04822948113461622
just:0.009705690607156082
toolkit:0.04534207913910282
company:0.027819239996953307
is:0.0022204349329806934
9:0.029428377319215094
told:0.025621650964703556
ordered:0.038711116556252104
wanted:0.025166611483852085
too:0.01613651130466526
plastic:0.042062067862931145
article:0.00669696595302976
give:0.01953087827566948
before:0.017571853448121028
included:0.030932078103313793
while:0.017936714924615887
