believe:0.011199339589331652
feeling:0.022508437374172793
out:0.006073077830311649
correct:0.03373420041424174
there:0.004730819513284265
bnr.ca:0.02405644675230517
form:0.017594747033411833
help:0.011031405773411324
your:0.006494495990625065
with:0.00602914821432523
former:0.020571638777044116
4:0.012805512908137522
into:0.009230947953517456
someone:0.011358031518881546
from:0.004363774507372039
ls:0.031471292702256
sell:0.017938517005054472
dealer:0.0227967288827255
my:0.0048980116563417594
to:0.0028416477527645994
require:0.019997531231456634
recall:0.020159047500376403
add:0.017712476373462467
look:0.012222517135442838
256:0.1007685225756654
northern:0.026897564892972996
256k:0.15445754641265397
connector:0.027156646515554897
pin:0.05024007322623745
laserwriter:0.09637395602902281
that:0.001788168172342664
think:0.007421381585198738
memory:0.08715546974658028
like:0.012006588283594568
me:0.011171017323758192
need:0.019806206097909652
re:0.0019275283648359305
se:0.026017061118166453
exactly:0.0165792920271753
anyone:0.008623271905367996
this:0.002706095043151644
module:0.029063957645000343
30:0.017644873579246857
he:0.008196562925362038
contact:0.017938517005054472
simm:0.17302902558159816
bell:0.02300620128340502
pins:0.026999640291406914
two:0.009612316663161398
on:0.002613447552779845
you:0.00572988648874971
tell:0.01242280955475491
arthur:0.0275427357329421
8:0.01521902722873127
vs:0.01761140177867702
a:0.00791832236304657
want:0.009755659627382379
as:0.004124299794933084
mac:0.017687021313459464
chip:0.0499856343990197
are:0.00994192858146225
those:0.009566575537564743
it:0.0017672960295874844
not:0.009323350648081931
have:0.002635312438905427
ve:0.009407905665089868
kind:0.01420374586063433
between:0.011973535288898997
edge:0.024294854059783298
be:0.002981759057409646
printers:0.029141472476776325
simms:0.07754824740028966
writes:0.0034085690258637232
making:0.015848490674600018
of:0.003006813178851629
seen:0.01336322108568223
what:0.009489093845326094
but:0.003429294960053661
never:0.01136051149928794
dram:0.12741317023487395
they:0.0048088640438543485
find:0.010909519266357682
removed:0.023800792416535214
in:0.003663499008133824
or:0.006951664512402941
total:0.018871213895898978
and:0.0019680279097463393
subject:0.00013761317985576442
each:0.013123759780209358
sockets:0.0607407905560784
i:0.004920069774365848
offering:0.028692960224252464
special:0.018019129860128984
appreciated:0.01744722741843424
20:0.01621047602270938
actually:0.012599557356191157
research:0.015914079796581326
will:0.0058417801283674456
the:0.003885324793758005
can:0.004456525734215017
64:0.0261029737598428
peter:0.03795766062707172
whereas:0.025932556944065027
may:0.009592915089896036
an:0.004628340920421323
apple:0.0391068757452482
10:0.014898823494310126
is:0.0069245522394501
chips:0.08562352470509221
either:0.012904962407800815
assuming:0.02045448284365465
article:0.004176973609879386
difference:0.016531720859971063
fit:0.020955917934527713
