andrew:0.14482531381430763
know:0.02372836780112119
tel:0.07818169383266109
fax:0.058820064228526724
own:0.043586358375922986
my:0.03654670235885774
via:0.06573521881953164
to:0.0026503830001746746
quite:0.051080757348257726
generally:0.0743605671773673
australia:0.08921334068161994
anyone:0.03217143749310368
consultant:0.11055299692882561
this:0.01009581612252729
a:0.010742339429587655
wa:0.09643820510036023
are:0.012363680415408184
those:0.03569068565937616
internet:0.05493334505989628
d:0.03503546581494299
not:0.011594423241845479
received:0.07440943828176484
systems:0.05770032923620405
be:0.011124254944951372
which:0.024844083317644573
of:0.007478484060220718
proving:0.11087621074260219
postscript:0.1934967710441775
one:0.0189098251495312
world:0.0484855901679361
for:0.0062567089021552695
subject:0.000513403017154198
any:0.019678601274784758
hello:0.07440943828176484
expressed:0.07903382933890937
replies:0.08618861993868476
is:0.010333562572717843
does:0.023432477198798565
advanced:0.08889893418159055
69:0.10575567270514133
e-mail:0.05287876493562051
very:0.0335238940727586
opinions:0.05491557991384697
by:0.019046836054176272
