go:0.01801326159068636
out:0.010909047213707961
there:0.025493860710476317
andrew:0.0697307066513333
technology:0.03118210820200873
allows:0.03826549430690892
way:0.0160404890698754
setting:0.03983182275335746
though:0.023014298163061848
decision:0.03893283086284525
work:0.03750134192574636
to:0.00638055166708718
then:0.01477666990533151
wake:0.05056549785043658
that:0.009636239595402133
control:0.056474708702611544
140:0.05322922074350862
re:0.003462412062760838
effort:0.03761441561785836
so:0.009461209235045556
dsp:0.05568943524103646
consultant:0.05322922074350862
this:0.004860948503439064
on:0.009389052319246109
set:0.024531616519684454
you:0.01543886081690894
tell:0.022315046792800487
assume:0.032143412548973856
a:0.003879178127351097
want:0.017524055256594274
mac:0.06354226175576178
panel:0.09130454660712926
are:0.01190576632594862
works:0.027547462903247593
it:0.009523761937221443
have:0.004733801973589378
between:0.02150801709302227
open:0.06120297368061783
tested:0.043862545635374554
7.1:0.05354312399976494
if:0.006205096479290826
pb:0.054204781073673686
what:0.017045224129567244
macintosh:0.04347783264544055
powerbook:0.05022462772892995
present:0.03356018780397503
230:0.10773608725529413
up:0.012439447873633191
170:0.05510444541120746
one:0.009104730627552059
and:0.012373064358497818
subject:0.0002471940452964657
i:0.0017675806226425455
we:0.024958220476184626
world.std.com:0.04255626231815321
will:0.010493568008363744
the:0.004885436175854973
when:0.012108096692997554
would:0.008635644871336815
can:0.008005240670719567
page:0.0778656617256905
e:0.05760906844544123
is:0.0074631285247406635
time:0.014625092313923274
does:0.011282303836458566
difference:0.029695868952170246
seem:0.025552894026812385
