some:0.007119127287398501
iisi:0.06571650129594543
report:0.023144684289480216
read:0.013823189401816597
week:0.021023407343936484
know:0.007523628814989645
small:0.01822406036747568
access:0.02044132236596662
with:0.007132041180360334
miss:0.029425735156744567
from:0.005162025941647413
post:0.015747425636775492
longer:0.020696408587647413
via:0.020842874259851495
to:0.0016807306830375986
0:0.022348513954088003
software:0.017169426149275954
that:0.004230544212615571
memory:0.02061970869614217
nt:0.008708275021005348
re:0.0022801250169400644
so:0.0062305524230787815
anyone:0.010200699692935312
phone:0.01791065320859493
had:0.00935614930293985
this:0.0032011124290940184
on:0.006183034454137682
you:0.013556072912407851
numbers:0.043021248792667055
regular:0.024677089339973545
card:0.09332037641811712
a:0.005109161436023396
price:0.019086245133194898
as:0.004878744879372064
idea:0.01690473350768754
worth:0.02143392450482828
mac:0.041844904083062635
also:0.009045714217558332
watson.ibm.com:0.035583946446881475
no:0.013728606538811096
place:0.016581875715344058
it:0.004181163777316732
not:0.003676280540097347
have:0.006234763574971377
only:0.01626263705206447
interesting:0.019926979036106175
kind:0.016801992054652805
indicate:0.02895945244947726
without:0.013702502956112774
be:0.0035272027874236056
which:0.00787739227144828
pds:0.036542395126896186
found:0.03261610372264631
notes:0.028526307491448286
get:0.032057901836368835
tech:0.02765141893365749
if:0.008172566094675723
of:0.0035568399798610725
gives:0.022173929730464056
what:0.005612451847540435
but:0.0040566050137220136
seems:0.014368823715738282
please:0.011679361932349116
they:0.005688534295778925
good:0.009878108849753044
one:0.011991596436288079
in:0.00216682563285964
or:0.004111655229896862
and:0.0011640165075938716
still:0.024898891246701797
for:0.0059515035898550115
subject:0.0001627863225123067
i:0.006984099045563228
fpu:0.06840236460882651
socket:0.03361199428191892
the:0.00229802746947882
do:0.008759974620810936
when:0.007973624651486195
disable:0.035583946446881475
can:0.01581523156898256
64k:0.03667353052458499
may:0.011347716630730677
last:0.013293674097923768
cache:0.20712606530607366
people:0.0091784947565434
about:0.012012392442949653
interested:0.017543147654969025
is:0.00655299089977229
deal:0.020099481657076274
cards:0.09597603571590493
ad:0.02640043692900031
applied:0.026993902440954957
sale:0.019358976549412377
their:0.009229778162083622
1:0.011942218853199443
engineering:0.023577740812335973
slot:0.03108639191559624
takes:0.021804267402315065
thus:0.020313140688270157
going:0.01327936392713221
s:0.0037831480540001117
99:0.032447023326048735
