bnr.ca:0.05691403256033175
where:0.04505992190814053
from:0.010324051883294825
work:0.024696005658418337
my:0.011587978796710991
to:0.0016807306830375986
northern:0.06363570230776538
make:0.021464396138411022
that:0.004230544212615571
like:0.014202915408642356
re:0.004560250033880129
so:0.012461104846157563
phone:0.03582130641718986
had:0.0187122986058797
simm:0.06822689220087408
best:0.02969726926782237
bell:0.05442930547537285
two:0.02274133454455258
numbers:0.043021248792667055
am:0.019930931179284947
them:0.03575266272029856
8:0.07201198249692357
a:0.005109161436023396
as:0.019514979517488255
immediately:0.0514963358146815
mac:0.041844904083062635
are:0.00784038270245397
meg:0.11355401455317753
place:0.033163751430688115
purchase:0.05320074974608588
centris:0.06155255923078405
try:0.029712069174919423
ve:0.02225772803691993
simms:0.06115593494169185
writes:0.008064175500214175
soon:0.04386577606145696
if:0.008172566094675723
available:0.03293980277822232
looking:0.03163274811471517
variety:0.05698312692052294
order:0.03419898611137186
shipping:0.05004033524807072
they:0.034131205774673545
one:0.023983192872576158
in:0.00433365126571928
610:0.06805390884731363
weeks:0.04439713274796476
and:0.006984099045563228
for:0.011903007179710023
subject:0.0003255726450246134
steven:0.05471358692498806
i:0.009312132060750973
possible:0.06285296641377029
research:0.03765038390898509
the:0.0009192109877915281
can:0.010543487712655042
peter:0.08980227026404773
pair:0.06227929212349436
is:0.003276495449886145
ordered:0.057122501259835416
stock:0.06058418389414489
article:0.009882108296543915
