some:0.023827283165986816
there:0.018730183379125458
thanks:0.040681360100329855
to:0.005625302694248289
vram:0.22446101961907544
us:0.04203829359561216
that:0.007079686233356669
think:0.029382612806705205
could:0.030798146027062392
me:0.022114054702133564
so:0.020853277497651427
hi:0.06430646244927356
tell:0.04918418476780515
them:0.02991549329657634
price:0.12776098783036582
worth:0.07173803303656812
compatible:0.09195025148611663
soul:0.08603018956796726
it:0.00699704958653004
try:0.04972223821108964
kind:0.05623523871353183
simms:0.2046851700089278
get:0.026823958679410658
of:0.003968175215627319
what:0.018784532714216963
kb:0.1295223028786643
over:0.04093756637794607
in:0.007252232730387366
subject:0.0005448358549391489
each:0.05195937545633908
finland:0.11069917948417213
i:0.0038958919845998963
the:0.006153085795829003
here:0.03674287562496727
about:0.02010237102697697
is:0.016449344503510033
512:0.10837756957893421
trouble:0.07785350780184357
high:0.05708824133962288
