out:0.019314378673450164
there:0.015045557140608975
help:0.03508348721379995
all:0.015640456240103136
where:0.030286177020225603
with:0.009587334045730285
someone:0.0361222641748036
such:0.0315248721879967
that:0.01706088321808902
like:0.01909244366407661
me:0.0355274977181818
re:0.006130172176691321
anyone:0.027424831961334283
this:0.008606269481498672
he:0.07820327250099518
something:0.06526758416929583
you:0.009111458842765933
sure:0.03577121344523285
a:0.002289351025977697
was:0.029031512593488053
said:0.03592630866661364
freeware:0.1045469590118247
it:0.005620580815409376
kind:0.04517256880267311
dialog:0.0921900442187693
asked:0.05528362129079395
get:0.021547114349034793
if:0.010986072455137857
of:0.003187550583044896
but:0.01090628233197394
powerbook:0.08892229171679401
gon:0.07836894048350929
or:0.033162858575561574
and:0.003129487004022868
subject:0.0004376550310166934
i:0.006258974008045736
the:0.0037069820163396047
users:0.06473274702059316
thing:0.03711364647745831
when:0.021437285948257966
can:0.028346425981564373
na:0.07144759785295703
an:0.014719641615766176
thought:0.04400961319986414
btw:0.061504762630218604
falls:0.08106984594377248
existed:0.16603202981670503
