go:0.022887438256401497
out:0.01386090704800541
there:0.010797399830319382
quadra:0.11689183716046779
800:0.11293353613180673
take:0.0250088132980671
your:0.014822732025661912
from:0.019919347163062956
my:0.01117899130976825
to:0.011349875436042135
add:0.040426122546490806
w:0.03640401005916887
256k:0.0705053270683644
vram:0.25879035203140466
memory:0.03978390854314488
v:0.045254686045906024
need:0.06780712911166716
re:0.004399300032684359
30:0.040271829110281064
simm:0.06581888424084321
on:0.011929619417395057
you:0.00653881164010261
none:0.04261776744025052
more:0.01495787089200854
board:0.08449874163188574
how:0.015474858790930874
want:0.022265858443672723
adding:0.05558948929534444
logic:0.04885577586114085
are:0.007563663312955595
brian:0.043953853115044454
hughes:0.06018485392716109
buy:0.07074920294691685
simms:0.1179949803580878
hades:0.07211209806843207
writes:0.007779557541383086
expansion:0.05438523032285539
they:0.010975524994208749
or:0.007933075972977474
for:0.0038276336813185177
subject:0.0003140818457884505
each:0.0299530517336543
i:0.00898346857625388
favorite:0.056852530687350314
cost:0.039070677698245654
the:0.004433841235229724
do:0.016901598091917568
stuart:0.07300604991523114
slots:0.06516512128608073
many:0.02180236503033051
jones:0.058356452705113665
about:0.011588425650845547
current:0.07440578173484277
is:0.006321708868015621
2:0.04584493063753903
before:0.025014050202619344
