at:0.008722425865885456
preferably:0.05216227152492723
there:0.018173841298557376
knows:0.03459367733803203
50:0.03417013157552902
vertical:0.0534697935250566
thanks:0.019736501434813494
wonder:0.03653829413680128
nubus:0.05892356539020204
though:0.024609348530798807
from:0.01676380701841932
to:0.005458214495409231
within:0.03204406154775067
that:0.0034346992617274932
quite:0.0262990037832614
like:0.011531079836719537
me:0.0107286007960846
anything:0.02298258564672677
anyone:0.016563512372687043
hi:0.031198184752617868
1024x768:0.05470903256420517
something:0.019709517991718047
these:0.016402336367316264
on:0.005019889358804851
am:0.016181548086152134
market:0.03872133876309923
card:0.09091806969844282
more:0.02517661437268764
a:0.00414803205696949
3d:0.09263988967519839
freely:0.05156803380486532
khz:0.11997843106144103
capable:0.043443359278844865
display:0.10948875495847953
it:0.003394608215247247
hz:0.11555974687700123
800x600:0.05872353858507809
be:0.011454678359157849
which:0.01279101319324275
14:0.07393767959914194
if:0.006635152670924844
even:0.016625341066990353
looking:0.02568203312283806
nec:0.10741108504404821
least:0.023838241412935467
find:0.02095491819478604
good:0.03207940299721781
or:0.006676351066367181
recommend:0.043443359278844865
and:0.007560344841401779
for:0.009663827611249723
subject:0.0002643263058615673
programmed:0.05912771674864497
i:0.0037801724207008895
horizontal:0.053586966373046725
limits:0.04896297626307051
driving:0.041456520709912674
the:0.0014925802178001049
do:0.014224117206069241
38:0.05056338568442116
would:0.009234154911924516
can:0.03424023732426588
is:0.005320250037438889
refresh:0.05933616634466311
max:0.04714550532214426
90:0.039920390193508244
nice:0.031284549076779786
very:0.01725982665132126
comes:0.029942339972727838
close:0.03440508134822318
