some:0.01883123992150571
there:0.01480288686414754
know:0.019901211704166158
media:0.0637331643660526
thanks:0.03215139749864779
your:0.02032148745453649
with:0.00943269962563786
to:0.002222901871114243
software:0.04541590142711704
like:0.018784501024333437
nt:0.011517395995523202
mainly:0.07762358840529997
need:0.061974257790233425
hi:0.050822849355071045
more:0.020506758480979447
a:0.004504852018859339
driver:0.11870276124149651
drive:0.0455452217549353
features:0.06976850816219879
it:0.01658977885838574
not:0.009724354977031691
have:0.008245977631413756
drives:0.19582464443979006
heard:0.04359108644225604
be:0.009330020276410828
7.1:0.09326866761249378
things:0.036043966582907254
seen:0.041813949848747624
what:0.014845840370913407
but:0.021460749104851944
good:0.07838757345287899
and:0.0030790114071837893
for:0.026237811525167257
subject:0.0004305960789035209
i:0.009237034221551367
any:0.016504633327238828
normal:0.06084455926642811
do:0.011585772885588656
would:0.015042736227489936
fancy:0.08618210858372206
maybe:0.042708275521650386
about:0.01588735774712696
is:0.00433342946597845
does:0.01965304539254073
filled:0.08050113126776476
too:0.03149222367523381
