perform:0.08027094132207375
some:0.020129946122988865
at:0.0151890519388695
bbs:0.06977659744406313
know:0.02127370906307417
posting:0.05688256132683173
true:0.044539324002721495
with:0.01008323063430254
way:0.029868496888733505
someone:0.03799065714936241
from:0.014596073352244407
to:0.004752410896864934
that:0.011962228463257821
suggesting:0.09394226289394128
me:0.01868256345525077
exactly:0.05545487333227601
so:0.017617424092843448
anyone:0.02884335775243778
this:0.018102842702462724
contained:0.08850983105532238
how:0.04535734473203877
was:0.015266571277610096
official:0.06993453484748836
digital:0.07119599305192523
not:0.020790000295722928
able:0.04547353838121843
be:0.009973469950646057
if:0.011554317582127747
of:0.0033524238890644594
pb:0.10093304061994411
in:0.006126886272223809
message:0.055988273940684855
and:0.0032913570214723265
subject:0.000460292360207212
any:0.01764288390153116
the:0.0025991483103070794
upgrade:0.07625112764221978
33mhz:0.10369756906951617
planet:0.08157090714076706
may:0.032086647024824666
upgrades:0.10061667616014762
is:0.0046322866705286875
deal:0.05683301709931912
chips:0.07159898186546504
does:0.08403371133362243
their:0.026097993423822654
reflect:0.08157090714076706
s:0.010697177256138246
