since:0.011304076968382381
manager:0.022185866327195467
read:0.012807926903378088
generated:0.027416202348826538
at:0.014931610380583576
say:0.010720593074957872
there:0.005185192008910437
help:0.012090919322270039
all:0.005390213732464922
versus:0.030577873467105755
thanks:0.01126207144020431
specifically:0.022864647750031983
with:0.006608218946774546
though:0.014042622607969941
response:0.019839539845352215
post:0.014590835053283506
my:0.010736884308816964
via:0.01931204168709404
to:0.0015572871865433117
ii:0.02074237178028315
appreciate:0.021690470821550813
enough:0.013740952129589808
direct:0.022563704082339965
been:0.008289493713115477
that:0.007839652552191566
problems:0.015497588903343351
nt:0.004034342100126771
advise:0.033858490400062
me:0.012243939891576777
need:0.010854248539532409
anyone:0.009451495760685826
ps:0.02545515436621308
prefer:0.023200723757298536
this:0.005932004953349368
two:0.010535533517815318
on:0.0028644566397699996
set:0.014968443978112549
speeds:0.05622108420412938
locks:0.0323854606686312
modem:0.024086839415450905
m:0.015466832905266351
board:0.02028924587206296
a:0.003155941527336486
other:0.01558540099245097
145:0.03536486702861538
as:0.00904083796855388
ccwf.cc.utexas.edu:0.06440639182067233
mac:0.038771549545888545
question:0.012333254708175732
also:0.0083813397270032
inform:0.03267038074561929
plus:0.02020282403378345
fixes:0.032768639179019676
are:0.003632267692662291
it:0.001937036326214531
not:0.003406271234892457
have:0.011553686172828313
baud:0.030645535563414886
between:0.013123535853369523
has:0.006015674993709328
topic:0.02467026469259617
heard:0.03053838824203248
7.1:0.03267038074561929
if:0.007572321127270161
interface:0.02385705952996544
powerbook:0.09193660669024466
particular:0.019158482757535632
fact:0.013549531800162934
port:0.04711612582315865
using:0.01245435355166622
please:0.010821555688730253
up:0.015180343167823554
email:0.015502252310553338
in:0.002007680247395373
system:0.012628374741483192
or:0.007619338505119608
use:0.009394234620041514
and:0.002157047539495988
for:0.0018381291689947682
subject:0.00015083026492665705
i:0.01078523769747994
we:0.007614372348666497
power:0.015264719097008711
any:0.01156256798066449
will:0.0064028550559507595
currently:0.020332957637611847
the:0.004258491581859056
do:0.004058293327155348
allowing:0.02656179009049928
hello:0.02186039994718515
would:0.010538414080275435
can:0.004884553629591601
apple:0.021431451679599298
problem:0.011952346282743415
places:0.02155266600164031
just:0.013269927270800971
excuse:0.025011299436817024
about:0.005565063165660291
lab:0.024348649230471822
is:0.004553773337129897
discussed:0.02564856211560428
new:0.009740110536065237
appropriate:0.02284750140147179
serial:0.1169298849679331
nothing:0.014434214697745248
difference:0.018119513258951336
confirmed:0.03012565477968465
already:0.01641687187173645
ports:0.1112569373263934
by:0.0055956806486845544
high:0.015804089410404076
9600:0.03317970897722548
summary:0.02430416303594693
everything:0.017455720248153974
s:0.003505289722350386
news:0.017338285402053212
