some:0.0076811636521931185
there:0.012076039283909833
quadra:0.03268357289026237
know:0.02435279853272964
technology:0.02215570845932199
coprocessor:0.04001250188702283
anyway:0.020056011984503512
own:0.014911122602289441
with:0.011542645594530538
motorola:0.03206109936148047
nubus:0.11745947574494223
from:0.005569554305461681
to:0.0009067099737439676
perhaps:0.019003036431842403
that:0.004564534545190484
les:0.03888996559076781
nt:0.009395770417400506
re:0.004920269773396981
michael:0.01976773158995848
so:0.006722438140690263
anyone:0.011006018089745995
this:0.003453831831390914
apr:0.024521107085776307
these:0.021797841751301877
card:0.08055021964511162
a:0.003675010857490513
mon:0.0355292706975705
ram:0.02559116492258716
40:0.025161231500163146
science:0.022247580435311283
organization:0.025209429132347836
frank:0.05152861021777134
computer:0.017636203323456022
are:0.012689040426339976
internet:0.01879298646785925
meg:0.030629701293949197
centris:0.033205985900817706
only:0.008773264725455832
date:0.023538152564363965
university:0.01546276382630693
real:0.01682627535525163
19:0.02695327113145315
uses:0.022467073222608137
environment:0.027616141479459178
aaron:0.033260583287756496
writes:0.008700820934441609
if:0.004408884340548745
of:0.003837643136165894
germany:0.055325601752464294
department:0.022816286728243002
what:0.006055540151293626
but:0.004376863304279014
macintosh:0.03089214424807618
advantage:0.028048490635097435
gmt:0.0278769627383226
kb:0.04175390027009574
using:0.014502766964769214
they:0.012275258217207152
in:0.00233789081440119
extension:0.09994691268571387
system:0.02941082012161217
use:0.010939338998337815
and:0.0037677376430012154
for:0.006421359136422513
subject:0.00035127574857918807
i:0.0025118250953341434
platform:0.06878920902210228
currently:0.023677194091166424
the:0.004463011243356235
do:0.009451551564559166
can:0.00568793416077443
operating:0.03023734427868781
development:0.02557409890168554
an:0.011814449191601798
apple:0.09982544598129145
17:0.025870419463687535
is:0.007070332286596418
ethernet:0.06865957354258896
cards:0.10355309116716056
new:0.01134210240054965
time:0.010391512959892853
does:0.0160327475570727
512:0.03493750598268274
1993:0.019931946072435112
1:0.012885025604767819
serial:0.02723235478858442
article:0.005331137370503954
models:0.02936317795381956
takes:0.02352565693407678
thus:0.02191680968997569
needed:0.02194620190878961
processor:0.06430622822262858
main:0.024463269813334392
newsgroups:0.028199160136983516
