jhunix.hcf.jhu.edu:0.22471050023241407
someone:0.04006287481205491
post:0.04695596008056691
liu:0.22565506337435082
ink:0.22289193948424454
v:0.06993906025276385
could:0.027438348278655586
vv:0.7584794885045311
a:0.002539098410629809
steve:0.11662377624852314
cheap:0.06756784033466996
ee:0.4328203712298477
are:0.023378595694590016
tt:0.43741520043868637
settle:0.10120789606372686
quality:0.06989388801044272
if:0.01218455308660744
of:0.0035352833739225207
but:0.012096058586371096
please:0.034825733761913724
they:0.016962174991049885
brands:0.10975341659546752
good:0.02945472457017271
or:0.012260208321874277
for:0.02366173548451447
subject:0.00048539921621851447
i:0.003470885586279908
preferred:0.09285276280230068
will:0.02060555172551426
source:0.1134279258799936
the:0.0013704600181619145
original:0.056112145695881445
e-mail:0.04999446866640484
hp:0.1572962729475027
