at:0.012585214463634729
know:0.017626787509404312
all:0.01362954043780416
where:0.026392239974768025
via:0.04883187683736636
to:0.003937711885973802
garage:0.07856135686667641
connected:0.06492547194247136
legal:0.05399021705476321
that:0.009911560726699338
nt:0.010201122167463408
re:0.005342007182545293
duo:0.08165665739251345
you:0.015879971125963482
why:0.025424608287914378
a:0.005985017682198836
same:0.02774419072183732
steve:0.09163296705241104
are:0.009184448308588935
no:0.032164163890928854
it:0.004897934710571028
have:0.007303580187823612
only:0.019050517689561237
gordon:0.06409305896927173
allowed:0.05474047468738387
macs:0.07556033587029275
network:0.05247842385756538
writes:0.009446605585965176
department:0.04954393689561337
mizzou1.missouri.edu:0.1780623568536231
fact:0.03426095898041199
they:0.013327423207253481
one:0.014047298682508891
in:0.005076562911271156
cpu:0.063892319634191
use:0.023753993253533542
known:0.04652755353809083
subject:0.0003813850984574042
info:0.04207707799131996
silly:0.06675166296404116
the:0.006460740085620454
do:0.010261684555807095
apple:0.16257286916953181
is:0.007676360768304683
division:0.05660810594457618
new:0.0246285652126221
right:0.027712479911289993
cellular:0.07497115074837776
article:0.011576184004522871
little:0.03350483859854949
built:0.05274996620106791
s:0.01772675088160052
