to:0.0065628531432896705
re:0.01780669060848431
chen:0.26709494752017965
modem:0.20301764650165763
a:0.006650019646887595
want:0.09012371274819912
daniel:0.20374190453325425
it:0.016326449035236758
what:0.04383057633317291
speed:0.1599269127088467
use:0.07917997751177848
and:0.00909041463073309
subject:0.0012712836615246807
i:0.00909041463073309
do:0.03420561518602365
when:0.06227021156398742
is:0.012793934613841138
hardware:0.1690324344606929
high:0.13320589645912007
buying:0.19101037739226268
s:0.02954458480266754
