keys:0.03378314314746984
explains:0.04822935483165236
quadra:0.042826750683792075
800:0.04137651108277402
with:0.01008323063430254
from:0.014596073352244407
ship:0.044177599407120155
my:0.008191502252847425
to:0.004752410896864934
recall:0.033714269095457085
then:0.0275151784444104
boot:0.12694723627733642
front:0.03031854249453391
that:0.0059811142316289105
think:0.012411620926970304
les:0.05095926525686816
nt:0.006155849583814125
me:0.009341281727625385
re:0.0032236250239497458
off:0.01882290903410647
you:0.009582741196702101
used:0.017021237140835047
machine:0.056082747488350806
a:0.0024077657342179226
how:0.011339336183009693
hard:0.02331235691875439
as:0.0068975358639398136
running:0.02609879665902329
mac:0.029580018403544274
drive:0.024343135765568867
cd:0.15390355341312323
manual:0.06775167925659936
it:0.008866950769137205
not:0.005197500073930732
have:0.004407332871962525
ve:0.015733911198512363
heard:0.023298684132929952
be:0.0049867349753230285
writes:0.005700537853599676
down:0.020382461870285844
of:0.005028635833596689
menu:0.0444116596576887
key:0.02763657216583255
but:0.005735200191813882
accept:0.03079406871260977
david:0.0215210796495215
in:0.0030634431361119046
system:0.019269158010711423
or:0.005813029807785218
force:0.0308103803346101
install:0.03808750331930716
and:0.0016456785107361632
subject:0.000230146180103606
however:0.020664645725835457
combination:0.04276119379254019
i:0.006582714042944653
special:0.06027088263560384
will:0.009769873662959347
the:0.007797444930921237
do:0.006192395852642213
when:0.011273055541756343
can:0.014906310214443334
sequence:0.04481646123603156
instead:0.026445985444695185
apple:0.032701439200767894
btw:0.03234302172795978
hold:0.02991190183572431
is:0.01158071667632172
select:0.040837542488107344
disk:0.03018085330861967
insert:0.04473396596865094
comes:0.026070485665909582
going:0.018774273138359332
while:0.018709849188607953
s:0.005348588628069123
