perform:0.024122873557928904
pc:0.017268611720196288
there:0.004755331531487811
dos:0.018287836042714705
your:0.006528146228918459
with:0.003030193662122007
motorola:0.02525019224323851
compared:0.02136159909799804
from:0.004386384737980185
considerations:0.03023713584087338
wrote:0.013344948055403425
wisdom:0.02517872425291553
except:0.01670653584976069
my:0.019693559820317126
to:0.00428455697437564
design:0.01949827568614219
amiga:0.052218438940805974
cases:0.019066246624281823
day:0.013177735936595193
software:0.014589564189022056
speak:0.01857737209657199
2.00:0.03304333937679434
that:0.003594866584813231
nt:0.011099666607084537
could:0.01563843684275707
re:0.001937515558436117
so:0.005294355426864871
ci:0.03272922216531022
on:0.0052539774636195845
you:0.011519150039559002
performance:0.01964254525179594
great:0.013063475071153767
m:0.007092304207855296
why:0.009221360518932676
sure:0.011305927565591728
a:0.004341463603667549
how:0.027261409268997398
other:0.00714667351208244
price:0.01621836374012416
as:0.008291338447844751
running:0.03137264676110572
iici:0.03188715517309376
worth:0.018213282998921443
mac:0.01777866391093853
question:0.011310808722005723
stuff:0.015147236024215659
course:0.012674361657513053
daily:0.02310158207114997
are:0.009993441164785889
no:0.011665758924171087
proper:0.02127734769451731
care:0.016404232856341436
it:0.0017764530038340517
comparable:0.02623822232854665
deleted:0.01820403884455097
have:0.010595867630003168
properly:0.02230966909586786
ve:0.009456651290297588
real:0.013251781626933926
returns:0.027351047725664233
showing:0.022248830661273644
get:0.006810227851249339
if:0.0034722819676860587
of:0.0030223925217472327
even:0.008700308019513086
3.1:0.02031876675065916
department:0.0179693035372691
opinion:0.0171466920444958
what:0.009538260134680116
intel:0.026194863521963666
but:0.013788253310889332
oh:0.016734280746847012
well:0.01743904570107093
windows:0.02846846820127981
they:0.01450134131359187
beginning:0.020984905669103052
david:0.01293494942665541
good:0.008393833426733157
one:0.005094875169821878
email:0.014217091497243216
in:0.0036824808682795955
processors:0.059572599381336085
compare:0.02233010836162442
system:0.023162925691632384
better:0.023173221464263247
and:0.001978224945548134
few:0.011842629538374541
still:0.01057880353486812
for:0.0016857454036895026
subject:0.00013832620151304817
tasks:0.0299619553988322
i:0.004945562363870335
6:0.015224609495125361
will:0.005872048419188002
than:0.007412441876784773
2000:0.022412681378530183
the:0.001952728005152987
do:0.011165563506318602
got:0.022923873799280563
can:0.004479616541128049
peter:0.0381543324437923
home:0.015178046900836004
did:0.008517673800222619
butt:0.02877016042161991
7:0.016536417248348735
apple:0.01965475102222319
here:0.009328502101675627
about:0.005103710778869801
is:0.004176258449077677
either:0.012971827497996675
done:0.027447290688297394
write:0.016861004792681416
else:0.013090944172736046
hardware:0.01839213017447954
does:0.006313413545790287
goes:0.016699622777153766
marketing:0.025661923701032537
nice:0.0163717070298174
show:0.015596210724014677
very:0.00903234451701268
kicked:0.029700655639107367
give:0.01224474751997931
bad:0.014200005423556395
answer:0.01573197431154848
understand:0.015524130896039656
by:0.00513179002495941
happy:0.019679249163134824
share:0.021145331708501847
