some:0.0103321847356934
at:0.00779615055269408
there:0.008121937925461481
50:0.030541445036534786
media:0.03496863885571028
own:0.020057439252637126
your:0.011149842674170464
with:0.005175463511411923
much:0.01546191919964541
work:0.01792099525655136
wrote:0.022792698891087267
both:0.019873487454055202
to:0.002439290548833329
us:0.018228994568008815
software:0.024918459190099614
enough:0.021523438291481383
that:0.006139904874946492
think:0.012741132986978364
v:0.034041135521256746
like:0.010306540385032505
mainly:0.042589933461315024
me:0.009589280357562343
need:0.01700178753537377
re:0.00330920798918735
had:0.013578836156479071
this:0.004645862286472734
hi:0.027885103185968183
you:0.004918575127510813
used:0.01747312839236164
imho:0.0383156783748323
m:0.012113404532000637
a:0.0037075330774683055
hard:0.02393126904934079
want:0.01674865458152373
driver:0.06512894864577684
drive:0.049978827412495375
it:0.009102356541769167
not:0.005335486801557212
drives:0.10744361022360162
ve:0.01615162565511004
edition:0.04312643453933657
has:0.009422782954748238
personal:0.029680490895537308
familiar:0.04076688884682375
be:0.005119126169358153
which:0.011432675509004581
7.1:0.05117395922101428
interface:0.03736902244959188
what:0.02443651600876012
but:0.01766238643142682
version:0.02761478413863349
who:0.011442945789680073
good:0.0430091110980398
in:0.0015723867424291193
offers:0.04000080020692588
better:0.039579041969936335
and:0.006757476362668847
for:0.020154354339685997
subject:0.00023625625568157783
i:0.011825583634670482
any:0.00905563952467971
normal:0.03338374048246498
than:0.01266018833822532
the:0.000667038061937215
users:0.03494422626775383
do:0.006356795742535368
less:0.024326243863683872
around:0.020948623302244562
would:0.008253536691189169
can:0.007651026481749676
fancy:0.0472857586919537
maybe:0.02343285913577278
toolkit:0.048552137839216296
is:0.007132901598867183
easier:0.036961714286801776
too:0.017278919184641563
article:0.007171087436430097
full:0.027342145875427017
understand:0.02651466604367835
