take:0.027970383293890833
thanks:0.026228771643633724
cambridge:0.061481794835301064
from:0.011139108610923362
to:0.009067099737439676
might:0.027987962314190075
100:0.08890821312713346
memorial:0.07608759726282387
that:0.004564534545190484
duo:0.07521007917731501
phone:0.038649304292231165
he:0.020922805362108356
617:0.06853120281962365
recently:0.043543573218259066
on:0.006671168753148551
you:0.007313144597483182
a:0.00551251628623577
price:0.04118610791899951
athena.mit.edu:0.12861245644525715
those:0.02441994281957316
internet:0.0375859729357185
daniel:0.056297105199978145
have:0.013453963503885601
kind:0.036256930223198154
cam:0.2419550658875023
site:0.0513890025978764
selling:0.10973097724604053
be:0.007611332330756201
550:0.07972251011319435
get:0.017294394411725294
soon:0.04732886364525619
of:0.010233715029775717
pb:0.15405569357780943
what:0.012111080302587252
dr:0.051563744804032904
advantage:0.05609698127019487
powerbook:0.07137183940426887
who:0.03402770721668022
or:0.008872519180303753
and:0.0025118250953341434
subject:0.00035127574857918807
i:0.005023650190668287
appreciated:0.044536343673371614
away:0.0364339945568904
info:0.03875520341305786
discount:0.0745883306924394
any:0.013464306135379042
lives:0.05121655065701718
the:0.001983560552602771
upgrade:0.058191650042746665
educational:0.06945726593491049
did:0.021630408466354806
bought:0.04819847037984816
ma:0.05277918322680942
runs:0.04936566474267545
sold:0.05403326454002422
before:0.027976240358192687
