out:0.009425416792643679
computing:0.034899691833432334
know:0.009871001005266415
thanks:0.015947093159329306
fax:0.024469146719067116
with:0.014035857042949136
4:0.019874156033429433
lciii:0.13878377740739073
my:0.00760171409064241
to:0.003307677984217994
so-called:0.040118293321749855
been:0.011737923097771514
that:0.0027752370034758145
toronto:0.06427360472224931
anyone:0.01338331799713113
phone:0.023498777009676553
math:0.07808409235617801
this:0.008399719013942705
hi:0.025208133280115237
on:0.012168211805742958
performance:0.030328089868772928
am:0.013074690853610925
card:0.024487266772113936
sure:0.017456352161273628
board:0.028729572154841156
a:0.001117203300677116
how:0.010522903977832995
local:0.02445106761532762
416:0.09658300660401142
question:0.017463888666776835
advance:0.025308009733413198
chip:0.02585923486242619
ontario:0.037994801613714164
it:0.0027428434379197755
not:0.0048232800686077194
should:0.013142497137867836
have:0.008180009810362446
university:0.01880272081278923
optional:0.04475684128377339
always:0.02125564878398966
placed:0.03643866697461198
has:0.008518195791092408
sun:0.05805587686558146
be:0.0046276900570997705
pds:0.0958872448129756
of:0.004666574053577728
andy:0.1792723294724643
department:0.027744604661543493
but:0.005322265778003282
good:0.012960078810875993
in:0.0014214376151559238
cpu:0.03577969899514696
or:0.0053944916616246825
for:0.002602790903296592
subject:0.00021357565513614637
i:0.004581568973889478
fpu:0.044871951183390185
socket:0.08819787299575524
any:0.008186298130310458
will:0.01813288551845255
the:0.005427021671921181
when:0.010461395542749887
canada:0.029764860744053174
industrial:0.043789220400432094
road:0.02888521908776408
instead:0.02454187449267713
put:0.019899674396374235
come:0.019209549395755268
an:0.007183185108493894
apple:0.030346935578312605
is:0.0042987620302506226
ethernet:0.12523506214168229
throughout:0.03702531715929638
itself:0.02690444672475504
motherboard:0.036121793869851614
does:0.009747910514700201
told:0.024801758133833042
experience:0.026497782198361183
engineering:0.030933995945784793
adapter:0.1199739195854986
slot:0.04078534619326227
comes:0.024193410697964095
close:0.027799305729364326
answer:0.024290168337030852
by:0.007923483798537329
sales:0.03871323277260459
s:0.004963490246848147
