bbs:0.10117606629389153
preferably:0.13170973560044127
thanks:0.049834666122904075
someone:0.0550864528665755
post:0.06456444511077951
appreciate:0.09598033338536235
could:0.037727728883151436
re:0.009348512569454263
greatly:0.09757322874501505
ti:0.09471652640629158
la:0.10895758672575946
chen:0.14022484744809435
m:0.0342203678029018
a:0.0034912603146159877
mac:0.1715641067405568
also:0.07417485658397832
based:0.07552257529751356
daniel:0.10696449987995849
it:0.0085713857434993
not:0.015072750214399123
area:0.08021167611648368
list:0.0727907149230395
if:0.016753760494085234
of:0.004861014639143467
but:0.033264161112520514
in:0.013325977642086786
subject:0.0006674239223004575
i:0.004772467681134873
818:0.1538555237101774
the:0.0018843825249726326
would:0.023316241152609402
interested:0.071926905385373
oriented:0.13814030722461806
chicago:0.10556748842009707
s:0.015510907021400459
