at:0.007221024692249435
there:0.007522778570304488
all:0.007820228120051568
chris:0.06289749578556231
supports:0.03542327446441628
where:0.015143088510112802
with:0.004793667022865143
ca:0.03371391141134953
added:0.03429195235050338
my:0.0077886414863139455
to:0.002259342885394805
remember:0.022808393741977313
boot:0.040234643191724116
been:0.012026560550995404
expand:0.04417010742842234
that:0.014217402681740852
nt:0.011706205765941615
need:0.031495114614708795
so:0.01675099339975279
off:0.01789719219636353
path:0.036360070746400935
on:0.004155810042944999
2mb:0.05086487084257908
assume:0.028454824223681775
a:0.004578702051955394
how:0.010781663911714135
other:0.011305803178950089
sorry:0.02604439905523463
was:0.007257878148372013
ram:0.09565222298934217
mac:0.05625052680018256
question:0.017893328552025446
plus:0.08793196362245091
are:0.005269765422960865
row:0.045291904008071496
it:0.005620580815409376
have:0.02095289398146118
after:0.015813226948073373
be:0.009482971428483138
which:0.010589281414078016
simms:0.12331442619390323
get:0.021547114349034793
were:0.012715600798953272
looking:0.021261355290218394
but:0.00545314116598697
code:0.026561577953538494
install:0.03621434741835763
and:0.001564743502011434
subject:0.0002188275155083467
however:0.01964835167374519
i:0.01721217852212577
appreciated:0.027743951796526584
1mb:0.04861538850076137
sad:0.03877961159151221
any:0.01677520108670176
4mb:0.047541386349889206
will:0.009289388072977741
the:0.0030891516802830036
do:0.011775703588631094
see:0.014503161978780132
when:0.010718642974128983
can:0.014173212990782186
extra:0.0636832083523156
instead:0.025145363209710177
bought:0.03002527663006935
an:0.007359820807883088
just:0.00962613576611382
is:0.0022022346466447863
done:0.021710356978858186
max:0.03903029538964402
motherboard:0.03701003470271682
2:0.031941140198285395
1:0.016053474523973023
advice:0.03188407432978073
first:0.015389793683533125
says:0.020992022495307936
