bbs:0.08259270717868696
il:0.26237857330248043
access:0.03420792722467883
312:0.18618062102533073
post:0.026352834739093677
to:0.004218977020686217
most:0.018944851673133038
t:0.026288500561228997
civil:0.04258387224020932
re:0.0038157194161037807
complete:0.03778791683974263
anyone:0.017070558669810113
numbers:0.03599737143876222
libertarians:0.06115257960011198
machine:0.0331918301461668
more:0.012973663528782917
a:0.0028500084200946837
member:0.04072344819129141
mac:0.14005233203310757
local:0.031187586244040326
jason:0.0930591157914907
120:0.05175934467403436
fidonet:0.05611525490476886
based:0.030825540937760635
dual:0.05665960164665961
files:0.0337684853529356
systems:0.06123300245474715
domain:0.04554288825490381
free:0.029464365246170767
list:0.05942099177390978
glad:0.047337690973920786
be:0.01180533177831574
if:0.006838269589422543
of:0.005952262823440979
looking:0.026468217810271876
megs:0.05572524252905256
universe:0.04521892194557135
net:0.033827984539780434
in:0.0054391745477905245
frequent:0.05498727659456658
and:0.0019479459922999481
usenet:0.041675496210650524
for:0.0033198863562456525
subject:0.00027241792746957445
i:0.0038958919845998963
appreciated:0.03453838897118615
vernon:0.06387328024556044
leads:0.04632444382104038
any:0.01044170679886538
the:0.0038456786223931274
users:0.04029283232914471
would:0.01903366624702808
wants:0.03592382818973213
insane:0.05918417484373962
here:0.018371437812483633
is:0.005483114834503345
hills:0.06230031412487412
oriented:0.11276759773438208
illinois:0.04917571307831384
chicago:0.2585326247022785
hst:0.05463738808968258
dedicated:0.055598482120904014
vt:0.06445652936637623
online:0.051673233769484725
