24:0.024258832773963315
pc:0.044143603470170635
cable:0.05718738362104965
hours:0.02593492964603061
tried:0.020515655980375306
take:0.014077808810170222
thanks:0.013201236059047437
from:0.011212877542121531
to:0.008214432080011574
male:0.03182879337819473
that:0.006892144876181659
think:0.00953475514919573
really:0.012923150617158449
nt:0.009457994062548854
could:0.00999410036639773
need:0.050892767986681756
anyone:0.01107890562676418
this:0.013906819559507788
map:0.06569931761502863
pins:0.034688279579688355
on:0.0067153486786660915
fix:0.028808205027685326
modem:0.02823424222870735
a:0.009248371694346988
how:0.008711013226682942
sorry:0.021042494600918043
quick:0.026882617352260236
as:0.010597538545920774
iici:0.0407564301219013
mac:0.04544744549418723
cables:0.034889996185547355
those:0.012290832147599736
care:0.02096699961108541
place:0.018009454419314078
it:0.004541131519734728
have:0.003385765649984456
plug:0.0314121455277936
null:0.036772456697832065
able:0.017466657126560724
connection:0.028515007519884082
demo:0.037050365301136916
be:0.00766173850513207
things:0.014799509457882448
of:0.00901380197986868
short:0.022933628249147468
but:0.004405849153976227
macintosh:0.03109672798481841
port:0.055228836229795235
well:0.011144820597042018
must:0.015347420049533093
now:0.010939830449524797
one:0.006511992766725976
in:0.002353373535026364
better:0.014809376631135119
and:0.0012642298493072512
for:0.004309256462411576
subject:0.00017680103901998871
i:0.0063211492465362566
allow:0.023220362062083392
connect:0.060875183183583405
than:0.01894836135390015
the:0.00549091596680767
do:0.0095141446212781
less:0.018204407659577995
would:0.012352975445091074
did:0.010886828102271293
adaptor:0.04092409772444627
correctly:0.028862936880995883
apple:0.025121635412510432
just:0.007777407705072092
is:0.0017792889198057211
handy:0.03475483809527446
printer:0.0287810077962108
does:0.008069462346606127
serial:0.13706350754519314
sold:0.027195550364515503
faq:0.02570923882713748
era:0.03342589309221385
side:0.021326914427623796
before:0.014080756736573804
answer:0.02010775524588647
data:0.01943275247156167
tx:0.0313718869445063
rx:0.046423093102416005
s:0.004108849542092836
