believe:0.010702817144484436
go:0.009583410107360232
out:0.00580382807428798
mark:0.014796177164000937
computing:0.021489958025512523
say:0.009347512188510066
know:0.006078202589449763
anyway:0.015017309466229232
thanks:0.009819638644907208
fax:0.015067208570854135
with:0.014404615191860773
4:0.012237780808761966
lciii:0.1709159820288063
my:0.004680858430198528
to:0.0033945792120463813
building:0.01872151511743178
so-called:0.024703382587284394
been:0.007227785158726302
that:0.001708889780465403
problems:0.01351267603887573
toronto:0.03957734280926682
re:0.0018420714422569978
anyone:0.008240959357839365
fixed:0.022339077365122306
phone:0.014469690276894428
math:0.048081337657745075
this:0.005172240772132207
hi:0.015522249556721206
on:0.019980643359183838
performance:0.018674932185205006
am:0.008050918013307219
them:0.007220981140552911
card:0.06031346495594565
why:0.017534212612354744
more:0.0062631479104469255
sure:0.010748985320981298
board:0.0707624929922196
a:0.0006879330669194065
how:0.006479620676005538
local:0.015056076117812572
416:0.05947229470690358
question:0.010753626026340416
advance:0.015583749835845566
logic:0.04091370392312288
chip:0.01592317417637081
ontario:0.02339581380154813
it:0.001688943003645182
not:0.005940000084492265
should:0.008092670651396452
have:0.010073903707342914
fail:0.022487614498968057
university:0.011578030057136224
optional:0.027559631332372776
always:0.026176907369445394
placed:0.0224376028168793
has:0.005245194452643109
bother:0.04517837468466258
heard:0.013313533790245687
sun:0.03574869265122011
be:0.0028495628430417305
pds:0.11808773991745763
writes:0.0032574502020569574
of:0.0038313415875022394
andy:0.11038936543870956
department:0.017084116170901165
gives:0.01791391367387244
but:0.006554514504930151
alone:0.018912380962632976
good:0.00798034409536699
chance:0.01770964299513598
one:0.00484389609741686
in:0.004376347337302721
cpu:0.022031834356617586
or:0.0033217313187344105
for:0.0016027037581875566
subject:0.0001315121029163463
i:0.005642326322523988
fpu:0.11052204724972953
socket:0.08146355264386258
any:0.005040823971866046
will:0.011165569900524969
the:0.005940910423559038
when:0.006441746023860768
canada:0.01832811622170762
industrial:0.026963805665290698
extra:0.019136333544291877
road:0.017786464955519755
instead:0.015111991682682962
put:0.012253494086437337
may:0.009167613435664192
come:0.011828540268322208
an:0.013269430619138966
apple:0.018686536686153082
is:0.003970531431881732
ethernet:0.10282024806377855
throughout:0.022798840615330284
itself:0.016566777539873793
motherboard:0.022242483910007153
does:0.006002407952401602
told:0.015272018555315911
experience:0.01631636834874457
engineering:0.019048027060212313
adapter:0.0738755662472282
slot:0.05022825885869737
supposed:0.017973867051312122
article:0.0039917875877665075
comes:0.014897420380519763
close:0.01711779909443616
answer:0.014957000207531313
by:0.004878992486784069
sales:0.02383819752007672
main:0.018317325180427724
s:0.0030563363588966418
