some:0.010241551536257491
since:0.017551066871962114
week:0.030244200038645468
know:0.021646932029093013
take:0.018646922195927222
thanks:0.01748584776242248
someone:0.019328579953184384
mentioned:0.030834768585893315
scheduled:0.04487467178779554
reduction:0.09815096772757322
to:0.0012089466316586234
us:0.01806909110688593
enough:0.021334636201205227
that:0.009129069090380968
think:0.012629368662531186
13:0.03454156626724967
really:0.01711750651921865
nt:0.00626384694493367
re:0.0032801798489313205
happened:0.029581586831038866
duo:0.10028010556975335
anyone:0.014674690786327993
this:0.004605109108521219
sure:0.019140737018940382
a:0.003675010857490513
price:0.08237221583799902
was:0.007767202930713909
as:0.021055635795184695
coming:0.03049675398938241
jt:0.056805303267847
local:0.026810381157157472
athena.mit.edu:0.04287081881508572
far:0.02183664975545089
others:0.023652001956740314
prices:0.038267205957710895
daniel:0.0375314034666521
it:0.00902251130894663
have:0.0089693090025904
cam:0.05376779241944495
after:0.016922927084780274
writes:0.00580054728962774
were:0.01360792366203771
reasons:0.03189933750698338
what:0.008074053535058167
but:0.005835817739038686
years:0.01955943353491573
saying:0.026461010341793323
well:0.014761999211871445
now:0.014490477174370563
over:0.017595971513327698
email:0.024069286482174917
in:0.0031171877525349207
210:0.05185328745435708
definite:0.049591628600829885
according:0.03017128249637033
dropped:0.08715619437403299
weeks:0.031934779695904476
and:0.005023650190668287
for:0.005707874787931122
subject:0.0002341838323861254
i:0.010047300381336574
ago:0.05019588991867796
will:0.009941274955291967
the:0.003967121105205542
magnus.acs.ohio-state.edu:0.040362749012819214
when:0.011470828445997682
educational:0.046304843956606986
around:0.0415297268974322
got:0.01940485808447872
effect:0.030406784689670226
imagine:0.03454156626724967
about:0.008640492809840979
is:0.007070332286596418
does:0.0106884983713818
extend:0.049201700858980464
article:0.007108183160671938
already:0.0254893536955908
three:0.025600771986600636
past:0.028978196902661083
checked:0.03948040482944054
while:0.019038092156829143
