basically:0.0509637214058167
themselves:0.04203182099120543
added:0.05433270372417418
to:0.0035797380781580025
add:0.04462623917469764
boot:0.06374839570636807
enough:0.03158634450568047
been:0.019055069963914796
that:0.004505254875772426
reboot:0.07929130888620343
re:0.004856370165950267
fixed:0.058893931235322446
had:0.01992738293093682
this:0.006817953745083364
pushed:0.06632340200164334
a:0.005440925165635305
constantly:0.1355357815386172
was:0.011499495248069943
as:0.010391092989831409
ram:0.05051762426276946
adding:0.061365020650704906
mac:0.1336863169406936
plus:0.04644025784389183
button:0.06175979308167077
are:0.00834949846235358
jefferson:0.07402552826142209
it:0.004452667918700935
twist:0.0757891846401112
due:0.0430537985051751
being:0.02527018090811881
able:0.034252795144294405
environment:0.05451498058282851
found:0.03473403253580516
were:0.040293592142137645
if:0.008703252204719602
year:0.03213974956116431
well:0.021855427404588894
up:0.017447537277303696
george:0.15515509788526624
over:0.026051178604147504
in:0.002307528596032344
fully:0.05451498058282851
external:0.05576654957955602
and:0.0024792039901999343
subject:0.0003467137258703675
i:0.004958407980399869
we:0.017503167606674936
ago:0.03715799643330707
4mb:0.0753253134374868
the:0.003915600051891185
constant:0.06441946077837224
fan:0.05194228552583992
operating:0.05968930299169542
an:0.011661014786516061
long:0.030913133053358247
cooling:0.07651761927194294
is:0.006978509789367894
threads:0.07361965107305708
right:0.025193163555718177
non:0.06441946077837224
ac:0.06678727320426775
going:0.028283320572073802
sometimes:0.045513069146985066
