dan:0.12818720933507285
know:0.019901211704166158
take:0.034286276295737154
someone:0.03553964701069387
mentioned:0.056696187399868356
scheduled:0.08251149328723698
wrote:0.04154153184988486
reduction:0.18047113420876368
to:0.002222901871114243
most:0.02994508812850061
that:0.0055952358941044646
re:0.006031298431905976
duo:0.18438600056374005
anyone:0.026982495961957922
310:0.09023556710438184
this:0.008467458683409984
reduced:0.08062763413003939
la:0.07029521724242546
on:0.008177561697407902
a:0.004504852018859339
price:0.15145859041180465
local:0.049296507288966965
athena.mit.edu:0.07882698943418988
prices:0.07036228192224261
daniel:0.06900935476126353
it:0.00552992628612858
have:0.008245977631413756
cam:0.09886336025510847
list:0.04696175156325128
were:0.025021020926972566
what:0.014845840370913407
in:0.002865801643459524
definite:0.09118460742733236
stores:0.08748806120523282
according:0.05547622910622932
dropped:0.08012746902128841
and:0.0030790114071837893
for:0.0052475623050334515
subject:0.0004305960789035209
ago:0.046147834280074906
will:0.018279118466182007
the:0.0024314613225453322
when:0.02109152327167316
effect:0.05590924926810332
apple:0.06118333785950122
is:0.0086668589319569
does:0.01965304539254073
although:0.05096353962507674
article:0.01306988516639679
already:0.0468675213112476
by:0.03194953144571504
200:0.06703427493840666
while:0.03500552428836327
