some:0.0068277010241716615
at:0.005151842178096088
out:0.006889924556026081
there:0.0053671285706265925
know:0.007215644009697671
all:0.005579344038867199
case:0.02890773224920182
thanks:0.011657231841614988
your:0.007368024691118494
with:0.017100215695600798
way:0.010130835202026569
though:0.014535346208249589
from:0.009901429876376322
work:0.011842529029183061
wood:0.02946830033794021
wrote:0.015061841957268193
to:0.004029822105528745
software:0.016466584143165243
mail:0.03583994742498077
next:0.01566304107455658
knock:0.03186345758975786
that:0.0020286820200846596
nt:0.004175897963289114
me:0.006336775908798506
covered:0.027002068589519482
re:0.0021867865659542136
so:0.005975500569502456
anyone:0.009783127190885327
had:0.008973149039076813
this:0.003070072739014146
lowest:0.03315036919663974
big:0.01623263481793893
on:0.002964963890288245
set:0.015493652538748076
you:0.003250286487770303
suggest:0.021470174298889578
holes:0.02803066897819588
working:0.018529467898869046
apparently:0.022155912609658844
inside:0.02195354109400109
m:0.008004764398339602
a:0.0016333381588846726
other:0.008066128583812343
sorry:0.018581384121278504
was:0.015534405861427817
shipped:0.032716989242524405
let:0.013480337676917102
drive:0.09908083329143819
fine:0.01894243612819041
worst:0.02520298779996206
prices:0.025511470638473928
are:0.007519431363757023
no:0.006583308398728127
model:0.02139737726072251
hey:0.04507764895475052
it:0.008020010052397004
not:0.003525789523836052
purchase:0.025511470638473928
drives:0.04733383218427674
mistake:0.026127614004893964
buy:0.017583866229496876
technologies:0.08662851972074742
kelly:0.034021922291145514
points:0.021433662505675043
mileage:0.03131265516250815
usually:0.019285092059570838
which:0.007554925921155075
found:0.015640470790976593
of:0.0022741588955057152
even:0.00981964589336857
available:0.01579569489949842
what:0.005382702356705445
but:0.003890545159359124
forgot:0.028068276523987055
order:0.01639951380779235
they:0.016367010956276205
up:0.007856493393873594
now:0.009660318116247043
david:0.014599094966926865
good:0.009473741820815784
one:0.005750356185822353
in:0.0020781251683566135
jumpers:0.0668534037131689
or:0.003943341857912779
clean:0.02539089001155734
and:0.0033491001271121917
subject:0.0001561225549240836
offer:0.020556512390595544
vendors:0.03208416126217217
mechanism:0.056212254972016415
i:0.0033491001271121917
the:0.005730286040852449
when:0.01529443792799691
putting:0.02350909068443283
roy:0.02946830033794021
did:0.00961351487393547
compression:0.028458284561990982
may:0.01088319021894638
bought:0.021421542391043626
just:0.006867769376993484
expressed:0.024033679097212206
about:0.011520657079787971
is:0.0031423699051539634
vary:0.029763217610612097
new:0.010081868800488577
opened:0.029763217610612097
does:0.0071256655809212
their:0.008851950985857976
first:0.01097985280345638
dave:0.04100906048391336
metal:0.029326237808296674
opinions:0.016699474593684455
bad:0.016026906706119202
before:0.012433884603641195
by:0.005792020320568222
hp:0.050592368491886835
s:0.0036282823441872412
