above:0.0160156237066385
since:0.011769538961198126
pc:0.0196049533058699
fast:0.02048116426440022
bbs:0.023806133245621537
there:0.005398699915159691
all:0.022448654838736263
800:0.028233384032951683
microphone:0.03715729339944042
mb:0.05370571462694724
with:0.006880322079877027
option:0.024650654248543426
ca:0.012097344682896007
313:0.03605604903421603
via:0.020107243403621442
to:0.003242821553154896
ii:0.021596469441824223
keyboard:0.026734017858664683
mail:0.03605077064512772
13:0.02316316796744978
nt:0.00420046206895552
voice:0.021332319420212752
phone:0.01727851250711511
this:0.009264395971260336
tools:0.026173369742168655
reply:0.021124685407971435
on:0.002982404854348764
used:0.03484347367653292
serious:0.02115878610023218
brand:0.02650330778129244
posted:0.020078711320481737
a:0.0032858920608150473
member:0.023475870133803287
other:0.00811357639901124
sorry:0.018690686380815436
was:0.005208594906478739
buyer:0.033079957043205446
as:0.00470655388362952
running:0.017808590661451185
serving:0.03343657246565506
1.00:0.04058036131385054
ram:0.022881512166077932
40:0.022497101106028226
mac:0.08073605023085026
also:0.008726453715762155
minutes:0.023442160282573964
eff:0.03274373107944104
lc:0.06104870649839422
purchase:0.025661538112817895
morgan:0.034222051245799315
couple:0.018564657615614814
only:0.01568866162669749
hal:0.03454593228805242
60:0.02395093693759422
mint:0.03512881995066554
disks:0.025351240669373606
after:0.01134831580979383
mouse:0.025564306924869593
absolutely:0.02354387497145667
manuals:0.05749733346964438
call:0.03125830703527891
free:0.01698533996543962
get:0.007731611619359543
of:0.0034313044511600937
monitor:0.02204279905934593
kit:0.030358642208216546
but:0.00391343071912006
macintosh:0.027621211327691644
never:0.012964348416834472
shipping:0.04827420576872705
using:0.012967179874381887
please:0.011267149158266205
who:0.0076061933778461665
david:0.014684971996144082
in:0.0020903494340528293
system:0.026296733285206177
or:0.007933075972977474
total:0.021535385269437657
weeks:0.021415087560783003
and:0.005614667860158675
usenet:0.02402469781555148
for:0.0038276336813185177
subject:0.00015704092289422526
costs:0.048426501822751
i:0.00224586714406347
faster:0.022942947219966658
person:0.016501143759257944
ago:0.016830386619792023
the:0.0017735364940918894
wrong:0.015549541510763886
originally:0.026763503398803182
conference:0.02563707922959046
rgb:0.03169854768392662
gateway:0.02838717979827123
come:0.014124668673349461
7:0.01877369722900768
an:0.00528175375624551
apple:0.044627846438695
just:0.006908168020387564
1.2:0.03149684725169937
replies:0.026363577863597693
is:0.0015804272170039052
number:0.014719204990575047
ad:0.025468656802094414
new:0.010141173911079687
hardware:0.020880477198085598
disk:0.020593994022352242
printer:0.025564306924869593
served:0.029738874469052864
2:0.011461232659384757
sale:0.03735143710710152
v.32bis:0.034888690571134626
1:0.011520728776027698
first:0.03313332051866543
nothing:0.015028564714711227
loaded:0.02745265099968943
e-mail:0.01617468103913098
leave:0.020783424260555978
killed:0.02148697056863462
condition:0.02234173581461777
ann:0.033255562708791805
documentation:0.026336025808818712
200:0.048895588778602506
included:0.022016361473535112
four:0.020635565594252787
newsgroups:0.025213366710714676
