know:0.008941124098973201
all:0.0069135350046832696
small:0.021657578987434863
thanks:0.014444830760262052
i.e:0.025032891282430456
with:0.02118939770976621
such:0.013934907271505786
lciii:0.0838066288691973
from:0.012269163107683704
post:0.018714331916167976
to:0.002996085130632241
connected:0.03293321040560142
bunch:0.029392775515611053
technical:0.027802516253038406
bit:0.019746986942432605
like:0.008439413503686037
could:0.010935573589319257
anyone:0.012122570649575299
had:0.0111189020701604
this:0.0038042205679088333
two:0.013512966903284865
recently:0.02398051858396876
fix:0.031522021443336844
concerned:0.029173835090998763
purchased:0.03468735215342554
m:0.009918947189246899
more:0.009213181346526999
board:0.10409265273493172
a:0.006071757068897369
other:0.009994985419071817
same:0.014073140221221829
as:0.005797928697224771
running:0.0219381189307732
following:0.01983561067420117
logic:0.060184651423144525
chip:0.023423219984081697
are:0.004658778127545112
those:0.01344866416150406
d:0.013201769727369823
releases:0.04142004360489813
it:0.009937838543187593
couple:0.022869505758366077
boards:0.03390082919273564
keith:0.05710821839303865
incompatible:0.04202934155569915
details:0.02764363682819083
heard:0.019584401155216483
without:0.016284133947844167
be:0.008383496480253208
found:0.019380583371427517
of:0.00986292825333457
future:0.0253949733646221
even:0.012167822085261055
looking:0.018796270618888725
what:0.006669870311569791
please:0.013879821426849672
up:0.00973522007501728
one:0.007125441360692916
system:0.016197263255380616
or:0.004886314910891923
and:0.00414997189663902
green:0.030495005792404224
for:0.004715200911769188
subject:0.00019345620936245142
purpose:0.02725276443583034
i:0.006916619827731701
any:0.022245375354104504
information:0.017672618003505544
the:0.00710057183323021
operating:0.03330490094464165
an:0.006506508250447368
wires:0.08128976663657643
finally:0.026351626636203662
about:0.021413395224388513
e:0.02254267895691179
different:0.01831316592761774
chips:0.09027697713471679
new:0.01249275047017063
opened:0.03688050877836716
does:0.017659258178804715
accomplish:0.04033648031525346
mine:0.023661152498550626
cup.portal.com:0.03904893555266323
