rating:0.027090123057474626
at:0.008679458250782571
bbs:0.01993617069830375
ideas:0.01771918047802695
andrew:0.055647164913871894
activity:0.02198622191616046
hours:0.019291499391874987
all:0.004699841530277297
mb:0.044975228997936115
access:0.016514171763638057
among:0.016968007231457267
with:0.011523692153488618
much:0.0086068811308371
4:0.02447556161752393
though:0.01224406010645655
hacker:0.02792469523460786
from:0.004170306672069831
often:0.015306996986594611
my:0.004680858430198528
to:0.002715663369637105
encountered:0.02748975628315132
256k:0.02952193497936441
mhz:0.04655277428674165
cases:0.018127022652642325
vram:0.027090123057474626
ii:0.03617142665133121
software:0.013870866445720475
mail:0.01509515027012737
laserwriter:0.030700406354072948
think:0.007092354815411602
like:0.005737138243885089
saint:0.028237569154422274
master:0.023426128410288908
so:0.010067099481624828
anyone:0.01648191871567873
this:0.005172240772132207
these:0.00816076834038888
on:0.0049951608397959596
machine:0.016023642139528803
am:0.016101836026614438
a:0.007567263736113471
hard:0.013321346810716795
other:0.0067946206297138465
same:0.009566962317874938
was:0.004361877507888599
running:0.014913598090870452
ram:0.01916185747898152
mac:0.016902867659168156
drive:0.04173108988383234
plus:0.017615270216648625
lc:0.10224906507120216
overall:0.022825685959012867
moves:0.02542349347486115
works:0.014655793071678523
it:0.010133658021871092
not:0.008910000126738397
have:0.010073903707342914
pace:0.030700406354072948
45:0.02221862861702297
occasionally:0.02660319776369811
always:0.026176907369445394
snail:0.028001070537740695
disks:0.021230103023613365
mouse:0.021408532892747936
has:0.010490388905286217
public:0.014599727084042334
floppies:0.02770242708051688
be:0.0028495628430417305
7.1:0.028485997004801054
of:0.0009578353968755598
short:0.017059004264144174
gives:0.01791391367387244
but:0.006554514504930151
hd:0.043927146204255606
fairly:0.01933106674013737
nearly:0.021133698608864118
they:0.004595663174914994
in:0.0017505389349210885
1-2:0.029023924551426626
installed:0.01973088647958174
firing:0.026963805665290698
system:0.011010947434692242
speed:0.016544163383673798
external:0.021152829150866075
and:0.006582714042944653
usenet:0.0201192050672106
pop:0.026003705473168458
for:0.0016027037581875566
subject:0.0001315121029163463
i:0.006582714042944653
appreciated:0.016673705020572624
any:0.005040823971866046
will:0.0055827849502624845
currently:0.017728736462351215
quantum:0.02551557294782742
the:0.002970455211779519
got:0.010897309466160464
would:0.004594333232041261
can:0.004258945775555238
increasing:0.025114129429348684
problem:0.031264511705107155
makes:0.0137585117352314
many:0.00912906910136992
toolkit:0.027026559486854392
about:0.004852296454787544
lab:0.021230103023613365
paul:0.016133115719749052
is:0.002647020954587822
3.0:0.022772140775579843
done:0.013047603701579796
managing:0.02921713003494033
hardware:0.017486113909726854
disk:0.03449240378127962
time:0.0077808372901660774
does:0.006002407952401602
run:0.02637275298903837
labs:0.025753595495959476
1:0.009647900945441915
16:0.017177304146921882
slow:0.020229202487890844
nothing:0.012585497544339451
very:0.017174802874713766
three:0.014376788209224004
before:0.010473863385333224
seem:0.02718928625513042
everything:0.015220012236075138
s:0.0061126727177932836
news:0.015117618306223737
