cable:0.13492648323091402
there:0.014340296649642929
know:0.019279298838410966
help:0.03343894875065308
dos:0.05514925556631153
printing:0.30371836130079355
where:0.028866512472402527
from:0.026455382950942987
to:0.00646030856292577
ii:0.17209686586453676
she:0.05179910132653879
nt:0.011157477370663102
se:0.07886421651444206
30:0.05348602303709204
on:0.007922012894363905
modem:0.06661516525835641
m:0.021387729876813626
a:0.0043640753932699845
worked:0.060065060008974214
daughter:0.08633769201538628
are:0.010045490337519149
no:0.03517955425570343
begin:0.06520655436782052
not:0.009420468883999451
moved:0.06966570843331163
b:0.04782669291428503
has:0.01663710115447736
but:0.01039505034766266
print:0.06869317235710505
port:0.06515276773983657
well:0.026294811096146013
now:0.025811162466847566
or:0.010536116526610708
message:0.05073937325874565
and:0.0059655846014185915
still:0.06380340881967335
for:0.005083575983001156
until:0.044705714458822564
i:0.0029827923007092957
person:0.04383116311052892
the:0.0011777390781078953
do:0.01122371748291401
when:0.020432413169433374
tries:0.0806401433655752
bought:0.057235683576069694
problem:0.033055707688212255
yesterday:0.06869317235710505
new:0.02693749320130542
cunyvm.bitnet:0.09502969198167922
comes:0.04725275526946112
needed:0.05212222953337533
