some:0.005586300837958632
okay:0.02060175184450955
trash:0.027197212053403638
at:0.004215143600260435
out:0.011274422000769951
technology:0.01611324251587054
all:0.00912983569996451
case:0.023651780931165125
thanks:0.009537735143139535
own:0.010844452801665048
your:0.0060283838381878585
with:0.013991085569127926
way:0.008288865165294465
ca:0.009839945435848426
from:0.004050584949426677
manufacturing:0.026567660102261446
loose:0.024967117651850532
work:0.00968934193296796
wood:0.02411042754922381
my:0.0045464797192837384
to:0.0032971271772507913
manufacturer:0.02399419457042455
trust:0.01985343666850877
software:0.013472659753498834
knock:0.02607010166434734
that:0.0033196614874112613
think:0.006888746543198828
nt:0.010249931364436917
covered:0.022092601573243213
re:0.001789189008507993
so:0.0048890459205020095
anyone:0.00800437679254254
ps:0.021557714463252227
had:0.007341667395608302
this:0.005023755391114057
carefully:0.02224949067765944
these:0.007926487909564319
big:0.013281246669222762
on:0.004851759093198947
set:0.012676624804430244
you:0.0026593253081757025
none:0.01733258484412102
holes:0.022934183709432995
working:0.015160473735438312
apparently:0.018127564862448146
inside:0.017961988167819073
m:0.006549352689550584
a:0.0006681837922710024
how:0.006293602857555618
other:0.0065995597503919175
sorry:0.015202950644682413
was:0.016946624576103072
shipped:0.026768445743883606
following:0.013097197478659145
drive:0.06755511360779877
fine:0.01549835683215579
equipment:0.0193060187202899
fidonet:0.02631241617544186
observe:0.026837291377625708
worst:0.020620626381787143
no:0.005386343235323014
internet:0.013667626522079455
model:0.01750694503150024
play:0.015320182931963834
magic:0.024649533589913345
it:0.009842739609759961
not:0.002884736883138588
should:0.00786034517815062
purchase:0.020873021431478667
have:0.0024461751825246548
due:0.01586192576506451
drives:0.0193638404390223
mistake:0.02137713873127688
ve:0.008732697124533178
gene:0.025728192745772486
atlanta:0.022903610512788154
technologies:0.047251919847680415
open:0.01581320851078164
found:0.025593497657961695
writes:0.0031639348852514943
were:0.007422503815656933
things:0.010692468555694975
if:0.0032064613385809054
of:0.003721350919918443
dr:0.018750452656011964
forgot:0.022964953519625773
isaac:0.029691455707151423
mistakes:0.025061867064750915
they:0.013391190782407804
up:0.019284120148598823
now:0.007903896640565762
david:0.011944714063849253
box:0.015160473735438312
one:0.004704836879309198
in:0.0017002842286554113
jumpers:0.08204735910252547
clean:0.0415487291098211
and:0.0045669547187893525
for:0.004670079371943646
subject:0.00012773663584697749
i:0.007307127550062963
tape:0.01985343666850877
power:0.012927537225696372
any:0.0048961113219560155
the:0.005409710598007557
when:0.01877044654799621
putting:0.019234710559990497
hate:0.019263106423721667
did:0.007865603078674475
compression:0.023284051005265347
bought:0.03505343300352594
jim:0.0162025394590855
jonathan:0.0686196942989579
wires:0.026837291377625708
many:0.00886699056257461
n:0.017516820554088045
unit:0.04105397911578388
is:0.0012855149611993488
mel:0.030223635779449146
new:0.016497603491708583
right:0.009281691836317222
opened:0.024351723499591714
goes:0.015421182755936251
1:0.009370927712558414
first:0.008983515930100675
almost:0.014459296317055349
picking:0.026129539559077278
metal:0.02399419457042455
before:0.01017317831207007
by:0.004738925716828546
hp:0.02069687801940825
check:0.04750207987446444
