y:0.8526741153069621
oo:2.538637136421821
system:0.44704446584850505
subject:0.00533939137840366
