some:0.024323684898611544
all:0.0198764131384644
tried:0.06453883443826397
work:0.04218900966646466
turn:0.07128079447321906
my:0.019796130444381277
to:0.0057424965003784615
sharing:0.3437059362917093
attached:0.10271761493302042
me:0.02257476417509468
so:0.042575441557705
anyone:0.03485239061752898
file:0.12660357843576703
had:0.0639336869034223
he:0.03312777515667156
hi:0.06564618041696677
on:0.010562683859151873
tell:0.0502088552838011
great:0.0525260560152641
a:0.002909383595513323
how:0.027403395775606756
mac:0.07148504447523199
drive:0.058829244766791425
success:0.09337100493357516
are:0.013393987116692197
works:0.06198179153230708
it:0.007142821452916082
not:0.012560625178665935
has:0.04436560307860629
his:0.038425605031359514
if:0.01396146707840436
but:0.01386006713021688
please:0.039904486602192805
in:0.003701660456135218
message:0.06765249767832753
for:0.006778101310668208
subject:0.0005561866019170479
however:0.04993956050410235
just:0.024466428405539288
about:0.02052117042337232
him:0.049927402153402245
