some:0.01768995265353567
out:0.03570233633577151
there:0.02781148441142871
know:0.037390155322978846
all:0.014455573191610473
where:0.027991769670208513
someone:0.03338572901004576
service:0.0551907761890658
from:0.012826852339851145
gain:0.06947886409838261
to:0.002088180545592168
appreciate:0.05816989902143173
anyone:0.05069438635276943
comments:0.0558182577883197
this:0.01590855873852785
on:0.007681951897564999
computers:0.06572377070588893
a:0.0021159153421915077
how:0.01992974238225946
as:0.012122941821469977
also:0.02247722926787222
authorized:0.08433991338643906
college:0.062416898493464434
computer:0.04061671068432296
internet:0.04328081731991828
being:0.02948187772613861
ben:0.08498475602914808
has:0.016132946574038652
poor:0.059870548343867604
of:0.008838208434806302
even:0.025441809814636753
macintosh:0.07114554432890272
who:0.01959171021566437
one:0.029797300235624925
in:0.002692116695371068
become:0.05018519355750224
or:0.010216840268228566
pcs:0.08413092365716125
and:0.0028924046552332564
subject:0.00040449934684876206
i:0.0028924046552332564
person:0.042502946046573495
any:0.031008705039054767
actually:0.03703506253183462
the:0.0022841000302698576
educated:0.09215000434587077
would:0.014131055244005698
can:0.01309948473390475
roy:0.07634968723920874
did:0.024907743082469173
maybe:0.04011989518700491
apple:0.05747525677710721
done:0.040131265930616646
does:0.03692390346477349
art:0.06987866341918858
