picks:0.0974365396660836
some:0.019788760595480577
since:0.03391223090514714
ideas:0.060965993848126614
there:0.015555576026731313
with:0.009912328420161818
my:0.016105326463225447
sound:0.05849463201912595
been:0.049736962278692856
that:0.005879739414143674
like:0.0197396451442148
anything:0.03934307034439667
this:0.0177960148600481
240:0.09891130876760275
ti:0.064214594173757
getting:0.045969518173299764
on:0.017186739838619996
regular:0.06859394325009595
sam:0.08356687316584713
a:0.0023669561455023644
3.5:0.08135042856952181
jason:0.07728638430140754
it:0.011622217957287186
not:0.01021881370467737
have:0.008665264629621234
centris:0.17109524938726411
ve:0.03093446947504126
doing:0.045435642460429075
has:0.018047024981127983
short:0.05869454009527572
but:0.02255197363560713
up:0.022770514751735332
610:0.18916679747388873
and:0.003235571309243982
subject:0.0004524907947799711
i:0.003235571309243982
any:0.017343851970996735
quantum:0.08779086963405028
the:0.0012775474745577169
got:0.037494132570009726
long:0.040344258391670926
is:0.01366132001138969
3.0:0.07835160300750352
disk:0.05933862684406579
neither:0.06343697373730456
random:0.07564750930475549
virus:0.09342995020736783
going:0.03691213023813021
sometimes:0.11879682455314745
