read:0.02411705384997789
at:0.00937196821760033
know:0.013126331124024487
all:0.010149657772832884
thanks:0.021206240903363437
specifically:0.043053645231443206
with:0.006221567838186674
my:0.010108662354577674
to:0.0029323386384911294
ccu.umanitoba.ca:0.12619313610835928
software:0.029955169026396347
that:0.003690474738664647
nt:0.00759658033747275
mainly:0.10239707406656591
its:0.021998133574831595
need:0.020438319058481237
charles:0.13136976558299474
this:0.01116983911428551
getting:0.028853208215156235
multimedia:0.06445649753832736
contains:0.04465588834976378
on:0.01618113272040287
material:0.04492233549791364
support:0.02913783308014368
m:0.01456185863953268
a:0.007428213435353165
want:0.020134020933108315
mac:0.07300600286832204
driver:0.03914665530304672
drive:0.06008093082565933
scsi:0.04499970527801024
cheap:0.03953437466390264
cd:0.14244265049937999
are:0.013678965565983522
it:0.0036473981887231058
drives:0.043053645231443206
only:0.014186555726269005
without:0.023906494519175477
get:0.013982701864799173
prior:0.0488944290463888
looking:0.02759452495113451
what:0.009791937265921608
but:0.0070774810877703214
nec:0.05770489143323867
they:0.009924676856465357
distributed:0.05148036272952738
system:0.023778960949388563
or:0.007173526145777503
use:0.01768914391220583
for:0.01038347434825768
subject:0.0002840101797023223
each:0.027085206354900162
i:0.00812334924448489
will:0.012056439839396643
interest:0.038859414858168996
specific:0.07798204869086027
drivers:0.04183301870723942
because:0.018773641477601213
may:0.01979814390893437
warning:0.04563979593190868
different:0.026885286149055825
is:0.002858219435007063
does:0.012962646961037503
notice:0.04295707908089941
slow:0.04368646920257278
rom:0.10721445442101651
article:0.008620562556559585
needed:0.0709749508539579
s:0.006600385966553386
