barbara:0.13732308347536415
at:0.019577000276765136
there:0.020395088568381056
all:0.02120150734769536
ca:0.04570107991316269
from:0.018812716765115013
photography:0.12496872660766503
that:0.007708991676321707
cleveland.freenet.edu:0.09516486158901123
anyone:0.03717588332536425
this:0.011666276408253757
student:0.08940038827041492
wan:0.1216367233345336
santa:0.11707532053372556
a:0.006206685003761756
price:0.1391175200819539
coming:0.07725844343976877
mind:0.06732568451133639
foreign:0.09808343941259094
second:0.061104350592272594
june:0.10213502956356771
heard:0.060058830209330547
be:0.012854694603054918
of:0.008641803802921719
brooks:0.1322506689868979
institute:0.08649906333185126
drops:0.12432455912159275
and:0.00424219349434211
subject:0.0005932657087115177
i:0.00424219349434211
will:0.025184563220072988
the:0.005025020066593686
can:0.019212577609726965
major:0.07280951050483983
drop:0.09621492569680112
an:0.019953291968038595
apple:0.08429704327309057
is:0.0059705028197925315
picture:0.09090061697100889
motion:0.1136825018624154
