sells:0.06787593022859455
at:0.02380986520147111
fast:0.04705132331010862
know:0.016673988184571647
literature:0.06393395424546608
compared:0.05571335980964354
from:0.01144016560040778
my:0.012840733261220288
to:0.0037248625948400837
russ:0.07599449591006657
mail:0.04140966898426832
that:0.004687900343709146
so:0.013808251316012434
this:0.0070943572752894465
assume:0.04691200750390779
snyder:0.16501164281723418
a:0.0018871677376302637
how:0.01777517563823141
price:0.04229924597086437
labels:0.08098584865960777
part:0.03309759611369294
question:0.029499811937123033
lc:0.0701235142211285
cheap:0.05021934078928173
no:0.015212780218682566
it:0.009266362965945189
25mhz:0.07886171915254814
of:0.00262757548061809
what:0.012438406797251774
least:0.0325359781446822
order:0.03789617379908773
one:0.013287985240211115
in:0.00240107705262825
and:0.0025797122600729047
for:0.004396606255568568
600:0.06643036104545715
subject:0.000360769687729977
i:0.005159424520145809
fpu:0.22739164451042326
rate:0.05249561769582772
directly:0.04908784223643757
any:0.013828206301200099
will:0.015314937093287628
the:0.006111510891803133
do:0.009706998904141848
can:0.011683324222131263
put:0.03361431485874026
apple:0.2563085775195321
78:0.0733008080368167
is:0.014522844696792644
maximum:0.06613973665057926
houses:0.06901218856927754
iii:0.062469521316793356
answer:0.041030689758498065
s:0.00838427406562187
