read:0.03022670749197229
know:0.032903336684221386
help:0.028534569600557294
dennis:0.14464692785931826
tm:0.06128101773814063
via:0.04557641838154194
amiga:0.06718772477050369
pin:0.12995432274520088
t:0.03435030740000589
that:0.004625395005793024
control:0.040661790265880314
nt:0.01904209471259836
me:0.014447849072060598
so:0.013624141298465602
anyone:0.02230552999521855
had:0.020458779809095138
this:0.013999531689904508
you:0.022231959576348874
disclaimer:0.05005407369432249
3:0.06243909185700319
mac:0.04575042846414848
lc:0.20756560209454036
far:0.033191707628285355
internet:0.038087119241528085
it:0.009142811459732586
have:0.01363334968393741
has:0.014196992985154014
of:0.0025925411408765156
america:0.10500636145243901
flow:0.06881292233862418
what:0.012272561373288417
but:0.008870442963338804
macintosh:0.0626080790094344
never:0.029385856411491475
please:0.025538871425403398
yes:0.03555794494005186
use:0.022170393703297975
better:0.029816211617352043
message:0.08659519702825924
subject:0.00035595942522691063
i:0.005090632193210532
the:0.004020016053274949
do:0.009577572252086622
thank:0.04840659075692686
reports:0.0527229659225087
7:0.04255371371908408
btw:0.05002387360591114
about:0.013133549070958287
does:0.04873955257350101
2:0.025978794027938786
1:0.026113651892329448
e-mail:0.036662610355363556
corporation:0.06332466935619029
online:0.06751969212546005
s:0.00827248374474691
