iisi:0.031513176060044
believe:0.025411367021407488
fast:0.02036139137396513
say:0.01109675423548271
know:0.014431288019395342
river:0.06387220781107779
with:0.013680172556480638
into:0.01047253744434144
someone:0.012885719968789589
from:0.004950714938188161
both:0.013132772411159285
add:0.020094856236559756
otherwise:0.020780028255041143
mhz:0.0828966068439347
formerly:0.03215961976998449
software:0.016466584143165243
perhaps:0.01689158793941547
that:0.006086046060253978
williams:0.03118269529827007
cleveland.freenet.edu:0.025043384628687167
nt:0.004175897963289114
could:0.008825199738748873
me:0.006336775908798506
re:0.0021867865659542136
so:0.005975500569502456
charles:0.024071652952829446
had:0.008973149039076813
generation:0.027129203014293782
md:0.029279640324968156
these:0.009687929667245278
you:0.003250286487770303
machine:0.019022218446341208
card:0.017900048810024806
m:0.008004764398339602
sure:0.012760491345960254
a:0.003266676317769345
other:0.008066128583812343
hopkins:0.0326340381607001
also:0.008675421822687523
rich:0.05309702332704044
universal:0.08624292486603206
based:0.017666099484798494
computer:0.0313532503528107
prices:0.025511470638473928
are:0.0037597156818785114
proper:0.024014784240010766
301:0.03239201935273019
it:0.002005002513099251
not:0.017628947619180258
analysis:0.02517991892106723
macs:0.030931131642809896
500:0.02438466161023123
june:0.026877639358833607
be:0.006765628738449957
g:0.020672526087786563
writes:0.003867031526418493
were:0.00907194910802514
if:0.003919008302709996
johns:0.03828809085682283
but:0.003890545159359124
good:0.01894748364163157
called:0.01568569880617973
one:0.011500712371644706
in:0.0020781251683566135
or:0.007886683715825559
and:0.0033491001271121917
still:0.023879638388649673
for:0.007610499717241496
subject:0.0001561225549240836
i:0.00781456696326178
usenet.ins.cwru.edu:0.030458312364277176
group:0.015772607805886813
fpu:0.032801133905986976
actually:0.014294234661409852
than:0.008366089369704451
the:0.006171077274764176
do:0.004200689584248518
older:0.02583713675461772
would:0.01636227449305923
can:0.015167824428731812
specific:0.021433662505675043
adaptor:0.07227530709229692
road:0.02111492623374567
falling:0.032009664035403576
cache:0.028378174361066065
many:0.010837432909813411
about:0.005760328539893986
different:0.014779046187200278
is:0.010998294668038873
deal:0.05783008757474577
cards:0.023011798037146793
night:0.019577981558970902
hardware:0.020758369144295623
primary:0.026908499341879475
mission:0.026292355975459442
article:0.004738788773781292
very:0.010194400536745305
33:0.08091213659063941
difference:0.01875528565400226
bad:0.016026906706119202
going:0.012735764234208668
fit:0.023774550171335534
while:0.012692061437886095
s:0.0036282823441872412
99:0.03111878260509937
