folks:0.12769709828602682
all:0.032898890711941076
line:0.09737254306227547
ii:0.25319998655931847
this:0.018102842702462724
hi:0.10865574689704843
you:0.019165482393404203
a:0.00963106293687169
sorry:0.10956609257719395
mac:0.1183200736141771
lc:0.3578717277492075
it:0.011822601025516275
which:0.0445480114661213
if:0.023108635164255494
cheers:0.1501435405642878
recommend:0.15130273404011488
for:0.022437852614625792
subject:0.001841169440828848
info:0.10156536066870336
can:0.029812620428886667
accelerator:0.18275191793969067
faq:0.13386534699647445
needed:0.11502836862538003
says:0.08831126704922648
