screw:0.03702898752638846
iisi:0.039916689676055744
go:0.01441060927254909
at:0.006525666758921711
there:0.006798362856127018
case:0.018308230424494486
your:0.02799849382625028
with:0.004332054642885536
compound:0.03172162052967041
loose:0.07730559391461869
to:0.004083553066935795
remember:0.020612029900157276
then:0.011821335924265208
enough:0.018015915014351083
make:0.013037633209997805
bit:0.020185808874486667
nt:0.01057894150699909
re:0.0055398593004173415
on:0.003755620927698444
cap:0.04296332692360358
you:0.020585147755878587
inside:0.02780781871906805
more:0.009417918709783155
sure:0.016163289038216323
a:0.006206685003761756
hard:0.020031358537596366
want:0.01401924420527542
running:0.022425632684790385
mac:0.05083380940460942
plus:0.02648814706651608
chip:0.023943735983727957
sink:0.17400914041389365
place:0.020143908276417967
it:0.017777688949480026
should:0.012168978831359109
heat:0.10155779653238414
buy:0.022272897224029378
tube:0.07899616142228419
between:0.01720641367441782
25mhz:0.04322790531324861
usually:0.024427783275456395
be:0.004284898201018306
down:0.01751381908854191
things:0.016553525393631478
if:0.004964077183432661
of:0.005761202535281146
catalog:0.040452398280349265
piece:0.031923784546618615
but:0.004928023868521558
well:0.01246568822335811
shack:0.08444393594265927
in:0.005264583759836755
or:0.004994899686689521
and:0.011312515984912293
for:0.002409991577126474
subject:0.00019775523623717257
gravity:0.040090989656871995
than:0.010597046534958972
the:0.0033500133777291247
do:0.005320873473381457
around:0.01753477357891582
would:0.013817031794138904
radio:0.053145931270632094
just:0.008699174544191748
chopin.udel.edu:0.04210531347526934
mix:0.03822940129923565
hold:0.02570207861440015
number:0.018535295173316726
move:0.02619870455980013
bolt:0.04522541321657529
methods:0.03295905819384201
white:0.025177549228300684
blue:0.02960490094417266
very:0.012912907346544053
little:0.017372879273321956
metal:0.03714656789050912
comes:0.022401306201818606
black:0.026144832268473615
processor:0.0362020247771835
s:0.022979121513185864
