at:0.007341375103786925
cable:0.03598039552824374
ideas:0.02997494697532892
help:0.017834106000348307
hours:0.03263478647125519
thanks:0.016611555374301357
with:0.009747122946492456
times:0.023420634512441887
service:0.03035492690398619
work:0.016875603866585865
several:0.023487094767228305
to:0.0034454979002270774
q:0.035372320362688815
recall:0.03259046012560852
near:0.030039798145679374
then:0.02659800582959672
day:0.0211941919646906
connected:0.037873191966441636
that:0.00289087187862064
think:0.011997900229404626
appears:0.03250250856161943
se:0.0420609154743691
anyone:0.027881912494023185
ps:0.03754635269016429
reply:0.02992663766129287
two:0.03107982387755519
on:0.004225073543660749
used:0.01645386256947388
suggest:0.030594998375917646
more:0.010595158548506048
board:0.02992663766129287
stable:0.041856823640966635
a:0.004655013752821317
was:0.007378842784178213
also:0.01236247609732972
died:0.03380169184295271
calm:0.049425644975774057
minutes:0.03320972706697978
video:0.05826185321441704
computer:0.04467838175275526
it:0.002857128581166433
couple:0.026299931622120985
occasionally:0.045003742883589305
has:0.008873120615721259
environment:0.03498044587398163
be:0.004820510476145594
end:0.02253527835479591
inch:0.0438177743654205
of:0.003240676426095644
monitor:0.09368189600222021
what:0.01534070171661052
powerbook:0.045202164956036954
please:0.015961794640877124
direction:0.03681791987533025
in:0.0014806641824540872
required:0.031189845420841408
or:0.005619262147525711
and:0.003181645120756582
few:0.01904689584088572
for:0.005422481048534567
subject:0.00022247464076681915
i:0.003181645120756582
power:0.02251546066808785
any:0.025582181657220184
will:0.00944421120752737
the:0.005653147574917897
sfu.ca:0.09726278695480936
when:0.0108972870236978
around:0.019726620276280298
can:0.007204716603647611
page:0.07007909555312145
an:0.014964968976028946
problem:0.017629710767046537
just:0.009786571362215717
introduced:0.04316384423674138
here:0.015003340880194968
about:0.008208468169348929
is:0.004477877114844399
picture:0.06817546272825667
does:0.01015407345281271
dale:0.04021517138088424
nothing:0.02129046667917424
adapter:0.041657610967187016
accelerator:0.04416504683542524
fraser.sfu.ca:0.04818881159978845
e-mail:0.02291413147210222
remain:0.03742701890870805
