there:0.03990343415552815
know:0.05364674459383921
case:0.21492270498319616
thanks:0.08666898456157231
anyone:0.07273542389745179
carrying:0.40339945351689016
a:0.006071757068897369
centris:0.43889650929776447
if:0.029136974772322143
610:0.48525395873736676
for:0.042436808205922695
subject:0.0011607372561747086
info:0.12806067214749553
any:0.04449075070820901
the:0.0032771869999524044
is:0.011681418560463648
does:0.05297777453641414
