24:0.11447136715213939
know:0.019279298838410966
hours:0.12238044926720694
take:0.033214830161495366
thanks:0.031146666326815047
ohio:0.15851299306423025
generate:0.07327826262536334
day:0.07947821986758975
nt:0.011157477370663102
math:0.15250799288316016
on:0.023766038683091715
them:0.022904049555191264
state:0.04152677167094713
computers:0.06777763854044797
a:0.006546113089904977
columbus:0.09035402174960334
care:0.04946901470740464
should:0.10267575888959247
drives:0.06323504143368221
heat:0.0714078256868326
university:0.03672406408747896
always:0.041514939031229804
u.s.a:0.08021203439388591
be:0.01807691428554598
dept:0.12822835907318123
of:0.0030381341494646664
kept:0.062402744102721466
what:0.014381907859322363
but:0.01039505034766266
they:0.02915373826586699
yes:0.041669466726623264
office:0.05704277989134626
or:0.010536116526610708
and:0.0029827923007092957
subject:0.0004171399514377859
i:0.008948376902127887
monitors:0.14429230402524473
any:0.015988863535762614
about:0.015390877817529243
paul:0.15351667927073706
harddisk:0.09696116004366637
keep:0.04139710287696752
advice:0.06077901669114451
lots:0.05701085955338064
