iisi:0.08164777433738675
at:0.013347954734158047
ideas:0.05449990359150713
coprocessor:0.09215000434587077
thanks:0.030202827953275196
where:0.027991769670208513
oscillator:0.09526897486411544
into:0.027133392469430098
my:0.014397185777731839
to:0.006264541636776504
like:0.01764604641679808
nt:0.010819371995794523
040:0.09215000434587077
math:0.07394326927668372
on:0.015363903795129998
a:0.004231830684383015
it:0.005194779238484424
ones:0.051403484551164495
have:0.007746221411328073
centris:0.3058975670863207
25mhz:0.17684143082692613
but:0.010080048821975914
up:0.020355460156854313
now:0.025029006028458246
cpu:0.06776458143020257
speed:0.05088583586190577
or:0.02043368053645713
610:0.16910365228726418
for:0.004929528225940515
subject:0.00040449934684876206
i:0.00867721396569977
possible:0.03904502459037246
any:0.031008705039054767
the:0.006852300090809573
see:0.02680887517289661
33mhz:0.273384500274179
did:0.024907743082469173
put:0.03768877726586029
just:0.017793766113119485
is:0.008141594754262543
either:0.03793276828959634
motherboard:0.13682497677974098
run:0.040558097399809014
s:0.009400549709939672
