keys:0.024960793663098734
out:0.01500862546599312
help:0.013631163821922275
send:0.01868373962341543
tried:0.019731618172208098
pressing:0.1157753650051485
hand:0.020109805448743145
with:0.007450030277573852
from:0.010784359929046824
ship:0.032640774084241646
smiley:0.03969542987182681
my:0.006052320135861792
to:0.00790050473937419
keyboard:0.14473831324754763
that:0.0066287508044804485
guy:0.021568985649355856
like:0.007418083207061613
really:0.012429272249623733
could:0.009612160225006735
me:0.006901838728691368
sucks:0.036942988119022184
wait:0.0467694242689187
so:0.0065083477540440774
had:0.00977330245657411
this:0.006687674374158204
off:0.013907372279976755
on:0.01291742229909019
you:0.00354012095164791
fix:0.02770725451707315
great:0.016058921584284565
them:0.009336682621224465
support:0.05233674476815616
posted:0.021741279773770036
a:0.003557972295150051
other:0.008785401196381598
same:0.012370021340946577
was:0.005639879835040673
failed:0.026989161377229526
worked:0.04897024000731656
immediately:0.026896175393655304
turns:0.028113087729723516
no:0.00717035500753191
terry:0.03447314397246955
it:0.013102755276686827
centris:0.06429694085253876
shift:0.061731058965056276
try:0.015518405556327343
able:0.01679914156758388
after:0.024575970543502565
absolutely:0.025493367803488116
glad:0.029548367614294507
be:0.003684466605971155
get:0.008371808759816066
tech:0.08665285423795849
if:0.008536948022463813
offered:0.029478755700076735
key:0.040838756321485044
shut:0.030058193777820222
they:0.011884326426850238
called:0.017084423540488752
one:0.006263126801118615
in:0.001131717846461723
or:0.0042949774375992695
610:0.035544079780125595
and:0.0036477459983196483
for:0.004144571502064637
subject:0.0001700443114141293
i:0.007295491996639297
back:0.013416284841194507
face:0.02286160249009911
will:0.007218505381549583
cs.uiuc.edu:0.03563442777370493
the:0.005281072044509288
when:0.008329136578622522
disable:0.037170491829863456
start:0.01794625533683129
got:0.014090151730131046
named:0.02968991625623534
problem:0.026949876331790884
here:0.011467521691868765
about:0.00627398840969345
is:0.0034225812342759732
desktop:0.06378112733209625
new:0.010980888948302847
keep:0.01687525212819058
their:0.019282593867282982
dave:0.022332959690284027
before:0.01354263864473022
by:0.006308506209026536
while:0.013823837617060653
pressed:0.036305513860697455
s:0.003951823444942792
