out:0.012022215296739386
there:0.028095275068688186
thanks:0.020340680050164928
your:0.012856451246747577
with:0.005967626293770891
way:0.017677273668842277
work:0.020664004734594933
my:0.03878425556450209
to:0.009844279714934505
w:0.031574906683972996
that:0.0035398431166783345
like:0.011884072076619113
12:0.036259028894000365
me:0.011057027351066782
need:0.01960410195405343
anyone:0.034141117339620226
this:0.010713927313702428
hi:0.03215323122463678
two:0.019028463598503177
you:0.005671418259272671
a:0.005700016840189367
how:0.013422071400297185
question:0.022275368197419432
therefore:0.03502985225055985
lc:0.10590081739517365
cheap:0.03792072671843722
computer:0.027354111277197092
it:0.00349852479326502
have:0.01043368598260516
color:0.0754006552368038
hope:0.029474097322857603
b:0.031233758637900424
has:0.01086504565190358
love:0.03338997387940253
talk:0.03530197722078599
writing:0.04084141576681259
soon:0.036704016704484387
of:0.0019840876078136595
monitor:0.07647501714466955
please:0.019545054662298517
up:0.013708779289310045
good:0.01653071276897448
or:0.006880729160235564
and:0.0019479459922999481
for:0.006639772712491305
subject:0.00027241792746957445
however:0.024460192899968498
i:0.005843837976899844
monitors:0.09423170875118023
directly:0.03706632985200387
the:0.0023074071734358764
do:0.014659549365438706
would:0.00951683312351404
home:0.0298914597128709
extra:0.039639548056033175
here:0.018371437812483633
jerry:0.1991941131535153
is:0.01096622966900669
netters:0.05038597575594493
done:0.027027179096129575
time:0.01611744867248687
hook:0.05247571466049608
majority:0.04206927169299613
respond:0.04126538518429088
sometimes:0.03576026861548826
