sent:0.012466720502676653
at:0.005972644152233431
ideas:0.012193198769625322
there:0.006222230410692525
help:0.007254551593362023
tel:0.013781179929825006
all:0.006468256478957906
fax:0.010368282508079286
with:0.011894794104194181
response:0.011903723907211328
to:0.0023359307798149673
within:0.010971017682450228
displays:0.01728192635307723
boot:0.016639411760645227
connector:0.07143578880023932
pin:0.04955885189435626
connected:0.030812088379477937
software:0.009545036910105954
that:0.0035278436484862045
problems:0.02789566002601803
think:0.004880501788232391
nt:0.002420605260076063
exactly:0.01090299204498986
uk:0.014649625371724699
had:0.005201384697227577
error:0.03829279483903727
this:0.007118405944019241
best:0.008254834169360794
pins:0.035511391298528414
hi:0.01068141240682849
internal:0.08059459151431185
on:0.008593369919309998
you:0.0018840643708770233
machine:0.011026438489235074
great:0.008546612504178566
cycle:0.017137656473691483
8:0.030025335074988467
seconds:0.01568869371156626
a:0.0014201736873014185
other:0.0046756202977352905
same:0.006583367289927499
want:0.006415586331227734
was:0.003001563166445375
as:0.005424502781132328
following:0.009279031434033089
volts:0.020696375539788692
mac:0.034894394591299685
drive:0.0478610804882371
fine:0.03294057536868366
seeking:0.017929571223459295
are:0.0021793606155973747
no:0.01908043620648322
works:0.010085172859494035
it:0.0034866653871861554
not:0.004087525481870948
have:0.006932211703696988
due:0.011237771135249094
whether:0.009686300287735
suitable:0.01743261029399531
spin:0.01990782538633529
225:0.04034766172481631
disks:0.014609189538283093
after:0.006539707415813394
surgery:0.018512114467278476
has:0.0036094049962255965
shows:0.026198065339796007
follows:0.014556014636019705
tested:0.016058152300408312
regardless:0.015338916639582428
anybody:0.010303712355636254
be:0.001960885617415157
which:0.004379296042432264
get:0.004455505000986855
were:0.00525865524566881
of:0.003295603145182011
failure:0.016099492209200917
boots:0.03932236701482361
gives:0.012327201612868153
but:0.009020789454242851
supply:0.027376036837996907
street:0.01351874061124951
continuous:0.0203150942400372
find:0.007174395720926746
net:0.011237771135249094
now:0.016799129469948246
errors:0.014556014636019705
in:0.0012046081484372235
floppy:0.014932274893551992
external:0.08733608781611822
or:0.004571603103071765
and:0.00711825688033676
for:0.002205755002793722
subject:9.049815895599423e-05
showed:0.014490697961898086
combination:0.01681457111842258
i:0.005824028356639167
44:0.030812088379477937
6:0.029881521687042653
away:0.009386385038385323
power:0.018317662916410453
voltage:0.01752634429850551
20:0.010660448638663118
any:0.0034687703941993467
revision:0.020387996630616738
the:0.007409775352434759
do:0.0048699519925864175
when:0.004432794721504189
ross:0.01838732133804893
got:0.007498826514001946
would:0.0031615242240826307
can:0.0029307321777549606
sequence:0.017622744079253086
symptoms:0.017494810764056994
reports:0.040212431635811716
may:0.006308561109965528
7:0.03245622232811497
an:0.009131167510797322
apple:0.012858871007759577
repost:0.018822511733466583
just:0.0039809781812402915
company:0.011410603524174067
head:0.011704609272731129
paul:0.022203542312603776
is:0.006375282671981855
tests:0.015956955815155157
either:0.008486653244452061
having:0.008870818279391054
formatting:0.020947589004716567
repair:0.017341398589182006
disk:0.023735450737626316
time:0.005354271084419368
does:0.008260941114152712
2:0.0066047781426963005
approx:0.019602228447371573
trouble:0.012931599600984186
wishes:0.017688568099107665
engineering:0.013107625400756268
every:0.008244571277753885
rom:0.017081624941653478
show:0.020407245218541235
although:0.010710981209338163
occurs:0.016183715933223056
respond:0.013708500840883073
checked:0.01525683440866516
by:0.0033574083892107323
functions:0.015878118994259335
giving:0.012858871007759577
