bnr.ca:0.20291089869335666
so:0.044426547712387826
anyone:0.07273542389745179
phone:0.12771074461780735
them:0.06373300745792351
a:0.012143514137794739
have:0.022228287528158818
call:0.11551983034776989
for:0.02829120547061513
subject:0.0011607372561747086
steven:0.3901316632912192
i:0.00829994379327804
can:0.03758982575816145
number:0.21758824768676158
applied:0.384956521766662
engineering:0.336239086367226
give:0.10274940310243506
