out:0.016363570820561942
know:0.01713715452303197
help:0.029723510000580513
happen:0.04696711425232382
thanks:0.027685925623835594
via:0.04747543581410618
to:0.00957082750063077
that:0.009636239595402133
produce:0.05854832345597772
broadcast:0.07056842316282329
uxa.cso.uiuc.edu:0.06192507416294367
could:0.020959849379528574
anything:0.03223946042110283
so:0.014191813852568333
anyone:0.023234927078352653
great:0.035017370676842734
m:0.019011315446056557
a:0.0019395890636755486
video:0.1456546330360426
far:0.03457469544613058
d:0.025303391977458824
it:0.009523761937221443
have:0.007100702960384067
quality:0.05339116445242152
determine:0.060589742766375576
be:0.008034184126909323
if:0.009307644718936239
trying:0.037449003098172166
even:0.023321658996750354
what:0.012783918097175433
but:0.00924004475347792
using:0.030616952481179453
in:0.004935547274846957
system:0.031044754572812847
bringing:0.07360841139237541
and:0.0026513709339638183
for:0.009037468414224276
subject:0.00037079106794469857
i:0.005302741867927637
possible:0.03579127254117475
quicktime:0.35976692069636435
yet:0.036528732537307824
the:0.003140637541621054
see:0.02457480224182189
including:0.04416621814625319
is:0.0037315642623703318
edit:0.07360841139237541
max:0.06613466718800791
hear:0.0460233550591501
resolution:0.12410616652324633
close:0.04826268355792417
alex:0.15580538605343813
s:0.0172343411348894
