24:0.0704439182474704
know:0.011864183900560595
hours:0.07531104570289658
take:0.02043989548399715
thanks:0.01916717927804003
fax:0.029410032114263362
ya:0.04910482648198594
ohio:0.09754645727029554
generate:0.04509431546176206
to:0.0013251915000873373
day:0.07336451064700593
t:0.024771856298081176
nt:0.0068661399204080625
re:0.010786745272447228
math:0.09385107254348318
on:0.014625254574210288
you:0.005344221052006941
them:0.014094799726271548
ta:0.04439763200776761
state:0.02555493641289054
computers:0.04170931602489106
a:0.005371169714793828
hard:0.026002244255533744
anymore:0.04261013798717301
as:0.0153868107734042
columbus:0.05560247492283283
care:0.03044247058917209
not:0.0057972116209227395
should:0.06318508239359537
drives:0.03891387165149675
heat:0.04394327734574314
university:0.02259942405383321
always:0.02554765478844911
alleg.edu:0.05783133659646095
u.s.a:0.04936125193469903
macs:0.050857918374235506
be:0.016686382417427058
writes:0.006358292221322715
were:0.014916377860310569
dept:0.07890975942964999
of:0.0018696210150551795
kept:0.03840168867859783
what:0.00885040483650607
but:0.006396954060100099
they:0.017940762009764303
in:0.0017084586720624085
yes:0.025642748754845086
office:0.03510324916390539
or:0.00648376401637582
and:0.003671128985488364
subject:0.000256701508577099
i:0.007342257970976728
we:0.025918152032960964
monitors:0.08879526401553522
any:0.009839300637392379
actually:0.023503020452895047
the:0.0007247625096048586
riding:0.04341561763203319
got:0.021270709823370905
once:0.025798376874277947
jim:0.06512174513363211
thought:0.025813330819151083
just:0.011292197725633519
about:0.009471309426171842
paul:0.09447180262814589
harddisk:0.05966840618071777
keep:0.025475140231980012
life:0.026830570704699137
advice:0.037402471809935084
article:0.007791662310736549
lots:0.03508360587900347
teeth:0.05393263363388244
by:0.009523418027088136
sometimes:0.03369717619536394
