at:0.008989438902596235
out:0.012022215296739386
there:0.009365091689562729
photoshop:0.06539911426567231
tried:0.03161085768404766
printing:0.09917334246556524
thanks:0.020340680050164928
to:0.004218977020686217
scanner:0.11360069966336689
appreciate:0.03917564627973973
laserwriter:0.06359369887629396
higher:0.037876264418753997
appears:0.039798990075452366
like:0.011884072076619113
this:0.005356963656851214
getting:0.055351052494381346
something:0.02031287058330125
on:0.010347118882434487
am:0.016676901598993526
state:0.027119524356536896
a:0.004275012630142025
coming:0.03547581586519995
advance:0.03228062465996581
output:0.041707736621776736
display:0.03761348384628038
are:0.006560320220420668
reasonable:0.03814599153169436
should:0.016763389206464075
have:0.00521684299130258
received:0.03948255908828338
due:0.033827984539780434
color:0.0377003276184019
quality:0.07845232327702754
screen:0.03814599153169436
be:0.00590266588915787
get:0.013411979339705329
of:0.0019840876078136595
version:0.03184153681291413
up:0.013708779289310045
michigan:0.05256890326828458
in:0.0018130581825968415
our:0.02275281043857544
or:0.013761458320471128
better:0.022818529298993907
and:0.0038958919845998963
for:0.0033198863562456525
subject:0.00027241792746957445
tricks:0.05832618385179532
however:0.048920385799936995
i:0.005843837976899844
we:0.027504977667632036
ugly:0.05598358750848409
any:0.01044170679886538
pretty:0.029367551601220676
will:0.011564340254115147
capabilities:0.052291852359448346
suggestions:0.04037751399051915
the:0.004614814346871753
when:0.01334361676371159
photo:0.05572524252905256
scanned:0.12832147634758406
an:0.00916222590369119
just:0.01198355677006006
lab:0.08795328395496964
is:0.005483114834503345
printed:0.049656802654086306
involved:0.03674364425577416
having:0.026702973392044502
printer:0.04434624670640643
trouble:0.03892675390092178
nice:0.032242239354640385
image:0.03776594894830282
resolution:0.09118004071095648
very:0.017788188691667827
