since:0.009573309202888427
24:0.03505343300352594
large:0.014325522104725241
at:0.004215143600260435
there:0.008782574024661698
know:0.005903708735207186
hours:0.03747535288565188
all:0.004564917849982255
your:0.012056767676375717
generate:0.0224392765934127
turn:0.0327414175570767
except:0.01542756659810437
my:0.018185918877134954
to:0.0013188508709003166
day:0.03650674214013692
been:0.007020288934073872
consistently:0.025896093797501046
problems:0.013124752324841019
think:0.006888746543198828
v:0.018405015855990487
really:0.009336821737755626
nt:0.006833287576291277
months:0.016247820765453683
generally:0.018501193747478942
re:0.001789189008507993
server:0.057451560935133504
file:0.029076419927831665
had:0.007341667395608302
this:0.005023755391114057
largest:0.025673509990635533
off:0.031341494468272973
on:0.019407036372795786
you:0.007977975924527108
them:0.007013680246565746
working:0.015160473735438312
bill:0.014811071175558455
computers:0.0207548749597544
m:0.006549352689550584
a:0.003340918961355012
crash:0.02443493757955281
running:0.01448545651888374
mac:0.01641761786990974
occasional:0.028099562148176604
drain:0.02783611823820997
also:0.0141961448007614
straight:0.019122782906523007
computer:0.012826329689786198
are:0.0030761310124460548
no:0.010772686470646027
brian:0.01787596897023339
reason:0.012785702985686735
it:0.00164045660162666
not:0.002884736883138588
should:0.03144138071260248
have:0.0048923503650493095
being:0.00931006665035956
drives:0.0193638404390223
heat:0.021866511215106632
hughes:0.024477093702433932
tube:0.02551311433494824
color:0.01767766558183438
always:0.01271270860286463
after:0.00923068750078924
has:0.010189229415182306
macs:0.02530728952593537
electric:0.02501425782621901
screen:0.0178866371775409
be:0.00830327163355222
hades:0.029327886774242702
writes:0.0063278697705029885
were:0.007422503815656933
if:0.0032064613385809054
of:0.0009303377299796108
monitor:0.08964774737054565
kept:0.019108974270689826
looking:0.012410934667017435
what:0.013212087602822458
but:0.00636634662440584
well:0.008051999570111698
they:0.008927460521605202
in:0.0008501421143277056
yes:0.012760028088535352
office:0.03493529103393455
or:0.009679111833058642
and:0.0018267818875157408
for:0.004670079371943646
subject:0.00012773663584697749
each:0.0121818631452661
i:0.010047300381336574
power:0.012927537225696372
monitors:0.044185203146486426
any:0.009792222643912031
actually:0.023390565809579756
turned:0.018788987272313862
the:0.003967121105205542
do:0.006873855683315757
when:0.025027262063994946
greater:0.02018699950398897
once:0.012837469832176584
last:0.010431399770619607
jim:0.0162025394590855
thought:0.012844911029625419
note:0.014170761238653098
makes:0.013363530537090785
about:0.004712996078095079
paul:0.01566996407229214
is:0.005142059844797395
picture:0.019571903175576076
night:0.01601834854824892
harddisk:0.029691455707151423
itself:0.016091176270786507
time:0.007557463970831165
keep:0.025353249608860488
2:0.009322533742083295
advice:0.018611756307336115
16:0.01668417579820642
dark:0.022066946342901655
leave:0.033810355256406854
lots:0.017457870868020864
before:0.01017317831207007
especially:0.01495356797845618
s:0.0029685946452441066
