since:0.037052252285253356
at:0.016314166897304277
rumours:0.11137887048207291
from:0.015677263970929178
themselves:0.059934263265237354
been:0.05434223656375701
that:0.006424159730268089
v:0.07123422803522245
re:0.006924824125521676
on:0.009389052319246109
price:0.05796563336748079
plus:0.13244073533258038
official:0.07511487076211713
brian:0.06918662064405146
it:0.02539669849925718
hughes:0.09473541821867948
has:0.019718045812713907
list:0.05391904809114036
hades:0.11350978399660601
writes:0.012245599833658562
what:0.017045224129567244
released:0.08010458344548749
never:0.04081368946040482
they:0.017276289342735993
called:0.09934275910580495
in:0.0032903648498979715
and:0.003535161245285091
subject:0.0004943880905929314
station:0.07659240995874364
i:0.003535161245285091
mats:0.11809934258743159
the:0.006979194536935675
got:0.040965811511677296
apple:0.1404950721218176
here:0.03334075751154437
about:0.036482080752661905
is:0.004975419016493776
new:0.06385183573642766
paper:0.1428388295272813
s:0.011489560756592932
