24:0.07793795210358426
at:0.01874393643520066
know:0.026252662248048973
hours:0.08332285907554515
true:0.054963421109741416
day:0.05411283054814622
that:0.007380949477329294
re:0.007956180910173841
this:0.02233967822857102
bitnet:0.10383522919704521
on:0.021574843627203827
state:0.056547093339162045
computers:0.09229295460826957
a:0.002971285374141266
was:0.01883959859790182
internet:0.06077731793860864
should:0.06990689966950976
drives:0.08610729046288641
always:0.056530980808483136
univ:0.09882134832457887
be:0.024615372644147714
g:0.07521280768109578
writes:0.014069412574841752
of:0.004137033735441248
kept:0.08497394941647178
york:0.08006738739203069
they:0.019849353712930715
in:0.0037804191892444783
yes:0.05674140150008274
and:0.004061674622242445
subject:0.0005680203594046446
i:0.00812334924448489
monitors:0.09824156869803896
peter:0.15667630131174284
thought:0.05711885968493005
is:0.005716438870014126
harddisk:0.132032217931801
white:0.14463698492853583
new:0.03668084180603291
article:0.01724112511311917
