iisi:0.07381853570229485
ideas:0.04927388543889685
thanks:0.02730666636871456
hand:0.04324985555414621
much:0.023934203692601796
to:0.007551776219675785
been:0.020099183386595058
that:0.0047521181566366685
nt:0.009781897968800527
me:0.014843680553486912
so:0.01399740544362904
anyone:0.045833280812092904
this:0.007191540251663273
pieces:0.0697193179645845
am:0.02238816926988172
a:0.0019130193504745137
gathered:0.07744446110266584
sink:0.160898862711477
thermal:0.07723846278260364
have:0.007003433056817162
only:0.018267619702318993
ve:0.025001831493526496
heat:0.1252082423001996
tom:0.05199627703390075
able:0.036129660631653
25mhz:0.07994201667518577
decided:0.05111826113723773
heard:0.03702256656739554
which:0.017697155239965998
of:0.002663569665284091
even:0.023002184215972953
what:0.012608795931460701
together:0.048752962211646995
find:0.02899242106401904
who:0.01771305307169655
in:0.0024339685191026093
thomas:0.05046582210998767
use:0.02277780174996367
for:0.013370501215564684
subject:0.000365711738246826
i:0.010460203136733967
tape:0.05684066114682648
any:0.014017633784778182
the:0.007227768588936124
upgrade:0.060583087715736256
risk:0.058769052295882404
problem:0.028980346466377864
just:0.016087514568025835
here:0.02466302610443008
finally:0.04981540377802884
is:0.007360893887415449
faq:0.10635876884651395
processor:0.06694894993040784
s:0.008499127135013948
