at:0.011012062655680388
chris:0.04795934053649126
with:0.007310342209869342
january:0.06498386879224576
wood:0.12597698394469442
1980:0.06721490354833062
to:0.0034454979002270774
memory:0.04227040282709144
nt:0.008925981896530481
re:0.0046742562847271315
barry:0.06572666154813077
1983:0.06309137321155366
came:0.03773408415597434
hard:0.03380291753219387
same:0.024276166881607657
was:0.03320479252880196
as:0.010001427002712731
drive:0.03529754686007486
no:0.014071821702281374
it:0.00428569287174965
have:0.006390632664345661
drives:0.1517640994408373
christopher:0.06048942620719468
writes:0.008265779887719529
were:0.01939129121840374
if:0.008376880247042617
5.25:0.07105271648951701
what:0.011505526287457891
but:0.008316040278130129
initially:0.06765354504597149
well:0.021035848876916813
now:0.020648929973478055
in:0.006662988821043393
floppy:0.11012552733994595
or:0.008428893221288567
and:0.004772467681134873
for:0.00813372157280185
subject:0.00033371196115022873
i:0.004772467681134873
1mb:0.07413846746366108
the:0.008479721362376846
originally:0.05687244472245676
do:0.008978973986331209
see:0.022117322017639704
did:0.020548888043037068
forget:0.04799016669268118
apple:0.0948341736822269
introduced:0.12949153271022415
e:0.038886121200672835
time:0.019743874623796422
2:0.024355119401192612
sold:0.051331601313023015
too:0.024406473348306208
article:0.010129161003957513
davis:0.061909390928740995
81:0.06451211469246017
close:0.04343641520213176
check:0.041366394557346114
