iisi:0.052317991322985674
cable:0.0419189074115461
out:0.011438612612431648
andrew:0.03655784620555338
quadra:0.04823206873126098
mb:0.04432024993485937
among:0.03344180066005655
with:0.011355871393971791
from:0.01643829620252768
my:0.00922538117796409
to:0.006690287184906945
positive:0.042980582527345754
ii:0.07128931660407994
puts:0.04794005460274372
laserwriter:0.06050662611530881
that:0.0033680060721793864
happens:0.036272597230861924
re:0.0036304903182346653
this:0.005096916877392417
something:0.01932680890450022
these:0.03216768879803772
on:0.004922415779022232
am:0.015867343268945296
a:0.00813497549036735
other:0.013391339687688453
immediately:0.04099708288159109
mac:0.06662683756914826
plus:0.034717474310482235
lc:0.15114000152515075
are:0.0062418580737983054
fools:0.05488782194654958
it:0.003328693492621087
have:0.004963598185899542
only:0.012946953769604723
pace:0.06050662611530881
45:0.043790112711220026
snail:0.05518657591418796
macs:0.10270336914408722
network:0.03566494825271433
writes:0.0064200232137627405
down:0.02295500560148697
making:0.02985055525118838
end:0.02625469322888844
of:0.0018877726753955208
department:0.03367063672517414
hd:0.043287430482834406
seems:0.02287851543088425
david:0.048474664841640654
in:0.003450091298922145
our:0.04329661015495909
external:0.04168955648180401
and:0.0018533855072368438
few:0.02219055826122608
subject:0.0002591937562331873
i:0.0037067710144736876
currently:0.03494110195977958
the:0.00439079423294594
can:0.008393844586773915
effect:0.033654111209926264
problem:0.020539468854811498
many:0.01799224298619508
lab:0.04184185353197585
ethernet:0.05066143290521127
managing:0.057583275699930936
days:0.028915074024758954
labs:0.05075708626873566
slow:0.07973840980663768
every:0.023613092494537826
article:0.007867309517636902
950:0.0579796057438169
three:0.02833483501429585
packet:0.05431655495603566
by:0.009615878396283166
seem:0.02679332577568677
s:0.012047306424388704
