some:0.014066709338956075
there:0.011057578139483704
extreme:0.058384194322372504
send:0.03534153157682196
thanks:0.024016706565254977
with:0.01409222594673608
from:0.010199665716026212
to:0.0033209618315441706
software:0.033925131186521164
mail:0.036919463913685016
that:0.004179573800415383
me:0.013055285306078853
se:0.12162192426323595
anyone:0.04031119878653955
on:0.012217080126247951
brown:0.05595907676211093
used:0.04757743393582809
support:0.03299947360883742
m:0.032983487038941495
board:0.12980228383211365
a:0.003365070182762398
video:0.042117002323674976
anywhere:0.050919630178969416
are:0.007745920260255729
those:0.02236042956972964
radius:0.06926211855781846
boards:0.05636523407948818
systems:0.03614960385882664
between:0.027986335494535008
extended:0.05759645023486827
has:0.025657216238230147
without:0.02707482511810235
stats:0.05595907676211093
trying:0.03248588220564333
monitor:0.04514790168781697
looking:0.03125163066754993
please:0.023077293456689817
virtual:0.059491874988947036
find:0.02549935828522157
one:0.011847119370790632
bob:0.13315680773599156
in:0.00428143859986724
speed:0.04046343574561182
or:0.008124234430157655
and:0.0022999844246433124
for:0.007839731636435518
subject:0.00032165008303636504
i:0.004599968849286625
fpu:0.06757823973402137
directly:0.04376506416260699
any:0.03698628673333038
information:0.029383388969683916
will:0.013654281263894993
the:0.0027244084698399506
an:0.010818049862189599
their:0.01823715203110499
accelerator:0.1277061595241212
difference:0.03864040779318538
past:0.03980137887835378
especially:0.07530833030114076
s:0.0074751359139279315
