know:0.018695077661489423
help:0.03242564727336056
thanks:0.030202827953275196
with:0.008861020860447688
to:0.004176361091184336
software:0.04266342255274631
that:0.010512261376802327
duo:0.25981663715799735
anyone:0.025347193176384716
file:0.04603766488573347
had:0.02324861341942629
recently:0.05014108431193469
on:0.015363903795129998
used:0.02991611376267978
how:0.01992974238225946
other:0.020898605876241073
crashes:0.08814770775433158
ram:0.05893722830656437
no:0.017056753578522876
have:0.015492442822656147
being:0.02948187772613861
only:0.04041018903846323
left:0.04430916944697821
noticed:0.061457621532641296
of:0.0029460694782687674
gives:0.055098855693880386
what:0.013946092469645928
but:0.010080048821975914
230:0.2644431232629947
in:0.002692116695371068
system:0.06773400997704622
or:0.010216840268228566
for:0.00985905645188103
subject:0.00040449934684876206
i:0.005784809310466513
actually:0.03703506253183462
yet:0.03984952640433582
normal:0.057157010219977926
the:0.010278450136214357
problem:0.032054019576448246
bar:0.07634968723920874
about:0.014924487580634417
is:0.008141594754262543
checking:0.07362869364867723
does:0.018461951732386746
