sent:0.05657973151214789
manager:0.060413820614055355
out:0.01812580152431477
pass:0.062450388002943016
text:0.0556394420497472
to:0.008481225600558959
then:0.024552005381166205
make:0.027078161282303136
perfect:0.062309027602105986
re:0.005752930811971855
voice:0.0557922200220949
two:0.02868906819466633
certain:0.05071253833477706
them:0.022551679562034476
a:0.0064454036577525926
as:0.024618897237446723
listen:0.06570686723605029
it:0.005274698919076492
talk:0.05322451950210812
writes:0.010173267554116345
applications:0.060004631190682035
of:0.002991393624088287
well:0.02589027554082069
news.duke.edu:0.08923152514902281
now:0.025414067659665297
called:0.04126545378241129
in:0.0027335338752998537
system:0.03438803583450039
ought:0.07678569444002178
and:0.008810709565172074
for:0.005005367121724215
subject:0.00041072241372335844
mrs:0.0981132999957124
license:0.07197406813226952
tempest:0.09253013855433752
info:0.04531377629834458
will:0.03487093368933183
the:0.004638480061471095
apple:0.05835949149675501
strings:0.09506982702140596
new:0.026523070228977645
right:0.02984420913523538
run:0.041182068129036846
speech:0.21920077854065867
acpub.duke.edu:0.0918753752555868
article:0.012466659697178478
convert:0.065824307618436
models:0.06866466229200882
needed:0.05132034907901571
by:0.015237468843341017
facility:0.0785677223711775
