there:0.011192426653379847
till:0.06096235751295661
with:0.007132041180360334
from:0.010324051883294825
both:0.027386635150100463
to:0.0016807306830375986
been:0.017893175453919993
uxa.cso.uiuc.edu:0.05437323585038956
nt:0.008708275021005348
anyone:0.04080279877174125
this:0.012804449716376074
8:0.03600599124846179
board:0.04379507950433103
a:0.005109161436023396
other:0.01682082911990135
price:0.15268996106555918
course:0.029831119510975845
quoted:0.054485634083376436
prices:0.05320074974608588
are:0.00784038270245397
meg:0.05677700727658876
it:0.004181163777316732
have:0.012469527149942754
centris:0.18465767769235214
ve:0.02225772803691993
650:0.1231051184615681
university:0.02866268416583724
after:0.02352699619103599
which:0.01575478454289656
of:0.00948490661296286
who:0.015768937490656686
one:0.011991596436288079
and:0.002328033015187743
gets:0.0406989797852781
for:0.011903007179710023
subject:0.0003255726450246134
offer:0.04286784900965656
vendors:0.06690721433940783
i:0.002328033015187743
info:0.03591945682185851
fpu:0.06840236460882651
similar:0.03859461326666709
any:0.02495822600704408
will:0.013820796889064443
cost:0.04050009273598635
the:0.00459605493895764
upgrade:0.10786744885972553
e:0.03793767922016862
is:0.003276495449886145
ethernet:0.06363570230776538
else:0.030811612504122645
center:0.03983696138381474
does:0.014859619687042991
illinois:0.05877097416676533
thus:0.04062628137654031
vx:0.21699063647900804
include:0.04099418625908051
august:0.06096235751295661
