report:0.13556172226695554
pc:0.3570902209283446
at:0.03146303615908682
work:0.07232401657108227
to:0.0049221398574672524
experiences:0.1687538067894385
h:0.12618507586766128
re:0.013355017956363232
anyone:0.0597469553443354
these:0.059165570467819374
ken:0.2947194786510579
have:0.01825895046955903
thinking:0.12441166192316626
of:0.006944306627347808
using:0.07872930638017574
one:0.03511824670627223
in:0.006345703639088945
our:0.07963483653501405
for:0.011619602246859784
subject:0.0009534627461435106
we:0.04813371091835607
any:0.03654597379602883
about:0.035179149297209694
cards:0.14053633801257506
cup.portal.com:0.19245546808098302
