at:0.035238600498177244
with:0.011696547535790946
compared:0.08245577251827242
work:0.040501449279806076
colors:0.0911979334756609
256:0.09774546689839544
think:0.028794960550571104
duo:0.22863864069903767
these:0.033132719461978856
used:0.03948927016673731
a:0.0027930082516927903
other:0.027586159756638216
same:0.03884186701057225
as:0.01600228320434037
mon:0.10800898292061434
drive:0.056476074976119776
also:0.02966994263359133
are:0.01285822763202451
points:0.07330312576940866
be:0.011569225142749426
of:0.003888811711314773
monitor:0.14989103360355233
what:0.036817684119865246
well:0.033657358203066895
and:0.0038179741449078986
for:0.00650697725824148
subject:0.000533939137840366
i:0.0038179741449078986
monitors:0.18469414915231328
the:0.006030024079912424
when:0.02615348885687472
would:0.01865299292208752
can:0.034582639697508535
apple:0.15173467789156303
16:0.06973985483650283
resolution:0.17871287979347472
s:0.0372261768513611
