know:0.037390155322978846
where:0.05598353934041703
work:0.061365832242130415
that:0.010512261376802327
on:0.015363903795129998
os:0.14391970308225063
a:0.00846366136876603
y:0.12919304777378213
copy:0.10353369530494977
mac:0.20795649301885674
modified:0.14963107951765467
oo:0.3846419903669426
it:0.010389558476968848
anybody:0.09210894378523318
get:0.039829514402761286
of:0.01178427791307507
version:0.0945597153838056
newer:0.14896505204132812
system:0.13546801995409244
subject:0.0008089986936975241
i:0.005784809310466513
6:0.08904089795633922
will:0.03434258620919044
the:0.0022841000302698576
can:0.0261989694678095
is:0.008141594754262543
does:0.03692390346477349
models:0.13524857724183556
