form:0.0975251692709113
know:0.035253575018808624
thanks:0.0569539041404618
supports:0.12347541384739388
denver:0.16833876239827442
everyone:0.08735750735751724
anyone:0.047797564275468316
had:0.043840242448061006
hi:0.09002904742898299
support:0.07825589455810017
a:0.003990011788132557
quick:0.1159792920054656
question:0.06237103095277441
scsi:0.12085635131808464
scsi-2:0.1780623568536231
internet:0.08161525551756017
it:0.009795869421142056
not:0.017226000245027566
whether:0.08164167385376642
macs:0.1511206717405855
reading:0.09389491561037115
or:0.03853208329731916
for:0.009295681797487828
subject:0.0007627701969148084
i:0.005454248778439855
info:0.08415415598263992
any:0.029236779036823063
the:0.004307160057080302
do:0.02052336911161419
just:0.03355395895616817
new:0.0492571304252442
does:0.03481396612392929
needed:0.09530921971817202
