cleveland.freenet.edu:0.2253904616581845
re:0.019681079093587923
you:0.05850515677986545
magazine:0.2222473440423096
want:0.09961041935327271
call:0.13983979463151092
they:0.04910103286882861
david:0.13139185470234177
subject:0.0014051029943167523
i:0.020094600762673148
will:0.05964764973175181
the:0.003967121105205542
can:0.04550347328619544
number:0.13169814991567147
guess:0.1576924875229291
give:0.12438085638715823
s:0.032654541097685175
