king:0.07995530485481515
know:0.04700476669174484
where:0.017594826649845352
your:0.02399870899392881
eos.ncsu.edu:0.11081426117687398
much:0.01663997018628506
compared:0.03926465358012973
name:0.026306976246002395
to:0.003937711885973802
stop:0.03165669632933941
line:0.026893369036247512
african:0.05910013564566331
that:0.003303853575566446
european:0.04220432714919994
nt:0.006800748111642272
re:0.0035613381216968625
so:0.009731529498904002
mean:0.02517544816028439
these:0.015777485458085168
on:0.004828655478469428
you:0.021173294834617978
fall:0.037145724070422215
arthur:0.254442415818608
state:0.02531155606610111
computers:0.04131208444370162
a:0.0013300039293775191
how:0.012527266640277375
price:0.08943269148125609
idea:0.026403583764388158
velocity:0.05648645140088464
brian:0.07116338123388151
it:0.0032652898070473523
ones:0.03231076171787483
have:0.004869053458549075
seek:0.046280893150597115
things:0.021283104077526187
of:0.00740726040250433
what:0.04383057633317291
well:0.016027313430031855
in:0.0016921876370903856
or:0.012844027765773055
quest:0.056678858137241966
subject:0.00025425673230493616
keeper:0.2335058413644467
i:0.0018180829261466185
tempest:0.05728056196220894
any:0.009745593012274355
will:0.010793384237174138
the:0.005025020066593686
do:0.02052336911161419
when:0.012454042312797486
an:0.017102821686890226
about:0.00938110647925592
current:0.030116625940293507
carolina:0.05491012341538394
is:0.01023514769107291
new:0.0164190434750814
lee:0.08127907236904222
smith:0.07500454389459929
holy:0.0431418516521833
north:0.038230045570579296
range:0.03809100938561594
