dallas:0.12012200628227657
louis:0.10246090625212956
own:0.0492715355553912
line:0.06138703801752149
re:0.008129141364742838
started:0.07128793208671533
so:0.022213273856193913
anyone:0.03636771194872589
phone:0.06385537230890367
these:0.036013825502150924
on:0.011021930983462824
you:0.012082586726276563
them:0.031866503728961756
support:0.05954252846811969
a:0.006071757068897369
should:0.035713307439858254
have:0.011114143764079409
try:0.05296499287703027
adams:0.10073074455825243
call:0.05775991517388494
be:0.01257524472037981
get:0.028573347288937442
tech:0.098583319676518
of:0.004226969251429101
but:0.014462678744574136
good:0.035217605464336936
one:0.02137632408207875
in:0.003862602215097619
or:0.014658944732675767
for:0.014145602735307565
subject:0.0005803686280873543
i:0.00414997189663902
can:0.018794912879080725
may:0.040457076683474584
paul:0.07119614111106647
is:0.005840709280231824
number:0.10879412384338079
applied:0.192478260883331
their:0.032906165621341604
engineering:0.168119543183613
give:0.05137470155121753
