laser:0.11810742120269226
at:0.0106140362946317
know:0.014865965369377131
help:0.05156849927811559
thanks:0.024016706565254977
with:0.01409222594673608
to:0.0016604809157720853
gcc:0.21899677476877488
ii:0.08846746518337634
make:0.021205788956020526
dirty:0.06437699677338275
anyone:0.020155599393269774
charles:0.0991868109622611
phone:0.03538972441216348
on:0.012217080126247951
more:0.015318301515912361
a:0.003365070182762398
other:0.016618168528095313
same:0.02339871506660979
advance:0.03811447249008012
across:0.046495953275106534
portion:0.06121598153883467
not:0.014527952013878673
have:0.012319291883075973
always:0.03201151925299648
technologies:0.11898374997789407
if:0.008074101442932642
of:0.002342657657418538
but:0.008015460509041087
print:0.052968229287406306
one:0.011847119370790632
in:0.00214071929993362
or:0.008124234430157655
still:0.02459890460517527
subject:0.00032165008303636504
offer:0.04235136890110648
i:0.00919993769857325
top:0.040742556941774886
ng:0.0744522741733902
any:0.012328762244443462
than:0.017236160026740496
the:0.006356953096293218
can:0.010416457740213415
page:0.15197876144050435
solutions:0.05671448151169604
problem:0.05097747691676107
is:0.0032370196010923363
occur:0.05481681419031977
time:0.019030240601249564
printer:0.1570818859238975
does:0.029361176249096996
pages:0.05416858881691042
first:0.04524228504556726
by:0.011932957527917664
black:0.0425247271836619
