at:0.013983571626260809
thanks:0.03164105785581211
with:0.009282974234754719
much:0.02773328364380843
4:0.03943284927267744
into:0.028425458777498195
turn:0.05430917674150024
to:0.00218761771442989
cash:0.08064962647179805
100:0.10725435234384353
that:0.011012845251888151
like:0.01848633434140751
me:0.017199820323881662
so:0.016219215831506668
internal:0.06289789549397354
you:0.017644412362181644
brand:0.0715168622669796
a:0.006650019646887595
hard:0.04292433972342078
ram:0.06174376298782934
40:0.06070646330198093
mac:0.05446479579065295
drive:0.08964456345415836
also:0.023547573518723275
meg:0.1478004633866755
d:0.028918162259952942
it:0.005442149678412253
should:0.026076383210055232
have:0.01623017819516358
be:0.009181924716467798
if:0.010637308250212845
of:0.0030863585010434706
pb:0.09292248184058347
looking:0.04117278326042292
macintosh:0.0745334273921838
powerbook:0.08609936182102278
least:0.03821686321756321
please:0.03040341836357547
good:0.025714442085071412
in:0.0028203127284839756
floppy:0.06992096973964822
external:0.06815911615279067
and:0.003030138210244364
for:0.0051642676652710155
subject:0.0004237612205082269
the:0.0011964333491889729
would:0.014803962636577397
write:0.051653554364881164
new:0.027365072458468996
ideal:0.08572141501636057
wanted:0.04833587284993813
very:0.0276705157425944
condition:0.060287223626746364
include:0.05335751227372383
s:0.009848194934222513
