some:0.008164593532401078
read:0.015853168265020433
out:0.00823900069287035
say:0.013269545274598206
know:0.03451398952890355
rick:0.03365498238551467
thanks:0.013939766747665476
where:0.012919278309327006
with:0.00408970193559124
active:0.03124351045340467
someone:0.015408798004636503
from:0.005920085695315913
to:0.006746429454990081
sound:0.024134148875023992
everyone:0.021381208094497225
look:0.016581596673258116
software:0.019690810408959834
engineer:0.031179058319803808
that:0.002425906471569768
its:0.014460311580658532
me:0.015155086439224402
need:0.013434978961519135
these:0.0231697338894957
on:0.0035455162604146146
spec:0.1467966588080124
them:0.010250763437288398
parity:0.04269532016949416
answers:0.029304973582184493
more:0.008891042138606475
a:0.0029297289353420876
want:0.03970485246948633
was:0.006192035902806892
as:0.011190407835203055
mac:0.04798995992742847
deals:0.03768358815571696
let:0.01611984435491486
drive:0.019746879362279642
question:0.015265636946483249
enable:0.03892611387066418
scsi:0.23664180677666924
far:0.017408238266583227
are:0.004495883787421158
it:0.0047951808355240835
not:0.004216153906125629
have:0.007150358225841299
regarding:0.02767130329420194
chain:0.07284435544463493
heard:0.018899631884055065
if:0.004686366571772093
of:0.0013597243745855849
what:0.006436658062913505
but:0.004652330225527345
please:0.013394512985351431
find:0.014800326836876855
up:0.00939482776470199
good:0.011328740219297197
tim:0.08555054474971026
or:0.00943092947836483
message:0.02270853068922882
and:0.004004867984169124
few:0.01598340909724676
for:0.004550333747022014
subject:0.0001866920062378902
passive:0.04286383451620088
i:0.008009735968338249
person:0.01961674432918777
any:0.007155855009012639
will:0.00792521220212087
than:0.010004204770765463
the:0.004216800055882814
see:0.024746654005750716
can:0.006045916031032961
wants:0.024619127011145096
bought:0.025615970271807415
repost:0.03882965707253596
just:0.008212507436824378
about:0.01377645007443177
is:0.0018788295586759714
time:0.011045524265060934
checking:0.03398247399169718
questions:0.042296172548888275
does:0.04260450399781557
blast:0.08063724417643794
faq:0.027147517922361954
very:0.012190506935548582
answer:0.021232664630271725
s:0.004338715250741387
