pc:0.016832535666655976
at:0.004449318244719349
hung:0.027644709848757637
rumors:0.028113304462146355
access:0.01693119630312387
with:0.0059073472402984585
previous:0.017541411210569728
from:0.008551234893234097
ship:0.025881825915282517
my:0.009598123851821226
weekend:0.02549146392386006
to:0.002088180545592168
recall:0.019751794015520317
been:0.007410304985966866
that:0.0035040871256007762
quite:0.013415148394491927
nt:0.003606457331931508
me:0.005472670103053257
re:0.0018885883978695484
so:0.005160659582752122
had:0.015499075612950861
searching:0.026820711663473624
paying:0.023685903070824518
federal:0.01995684944795587
internal:0.020012966748082492
two:0.009418128447743998
you:0.011228262412297412
them:0.007403329149152732
8:0.014911572133201345
a:0.004231830684383015
how:0.006643247460753153
want:0.009558575594505968
price:0.015808809100222036
was:0.004472025929804978
as:0.004040980607156659
copy:0.017255615884158297
mac:0.03465941550314279
local:0.015436280060181577
drive:0.014261635094979741
also:0.007492409755957407
course:0.012354302019697068
demand:0.023925024892022487
cd:0.04508285908061185
computer:0.013538903561440987
express:0.02351371008424383
are:0.009741081539412508
ken:0.02083875101573137
couple:0.015939352498255146
have:0.0025820738037760247
drives:0.04087921870460264
ve:0.018435693929570045
campus:0.026159905598025085
placed:0.02300420894861868
has:0.005377648858012884
call:0.013418970191912665
free:0.014583372697599677
heard:0.013649734138484216
list:0.014705194933947372
exchange:0.02447418246846928
which:0.013049417500176949
recommended:0.024791042774698697
writes:0.0033397090455432443
get:0.006638252400460214
were:0.007834865138748986
listed:0.02292826007304019
if:0.0033845980796131784
of:0.0039280926376916905
trying:0.013617819308426244
catalog:0.05516236129138537
seen:0.013093257023345217
but:0.0033600162739919714
version:0.0472798576919028
anyways:0.028552755861083877
order:0.028326432940732244
shipping:0.04144755040749293
well:0.008499332879562348
they:0.01884686110116654
up:0.01357030677123621
now:0.008343002009486082
newer:0.02482750867355469
in:0.001794744463580712
stores:0.027395251488507247
visit:0.024791042774698697
ended:0.025090419592524654
external:0.04337398300632135
or:0.0034056134227428555
and:0.003856539540311009
for:0.00657270430125402
subject:0.00013483311561625404
until:0.014450331946286083
300:0.021007679975668443
i:0.010605483735855273
back:0.010638165252866353
mention:0.03812802842703963
rare:0.025618261505330142
any:0.005168117506509128
pretty:0.014535454832927409
later:0.016138444590695473
the:0.003045466707026477
do:0.007255736554611078
when:0.019813249133996
units:0.02454289788289241
older:0.022313890833533488
around:0.011955527440169878
got:0.011172494048639264
can:0.004366494911301583
did:0.016605162054979448
conflict:0.023864174697496354
may:0.018798237650907382
an:0.009069678167290271
apple:0.07663367570280961
btw:0.018948436971936038
audio:0.025052012524922534
is:0.0027138649180875143
disk:0.01768171203939334
days:0.015041679921970568
spent:0.02192849591907225
told:0.01565767558954106
ordered:0.023656793451042952
guess:0.015132107388563907
article:0.008185180609258597
already:0.014675688491400767
going:0.010999069111362034
high:0.014127898109300614
check:0.016713694770644896
s:0.006267033139959782
