at:0.011746200166059081
out:0.015709027987739467
there:0.012237053141028633
know:0.016451668342110693
1919:0.06573927355713308
though:0.03314058935480906
from:0.011287630059069008
reduction:0.07459473547295566
to:0.001837598880121108
berkeley:0.0724850820700904
been:0.019563205162952523
that:0.009250790011586048
nt:0.00952104735629918
me:0.014447849072060598
re:0.004985873370375608
joel:0.21844295071388606
duo:0.45727728139807533
so:0.013624141298465602
you:0.007410653192116292
am:0.021791151422684875
a:0.005586016503385581
price:0.08347051204917234
old:0.03530550776456432
prices:0.058166153055720565
express:0.06207619462240371
it:0.004571405729866293
have:0.020450024525906114
only:0.017780483176923823
able:0.035166203014808925
west:0.05437212399648252
list:0.03882171462562106
what:0.012272561373288417
but:0.008870442963338804
never:0.029385856411491475
230:0.23270994847143534
find:0.05643857967129041
called:0.035763393278089785
in:0.00236906269192654
210:0.07881699693062276
dropped:0.06623870772426509
yes:0.03555794494005186
subject:0.00035595942522691063
i:0.012726580483026328
the:0.0020100080266374745
do:0.009577572252086622
educational:0.07038336281404263
can:0.01152754656583618
myself:0.04443789415997178
here:0.024005345408311948
is:0.003582301691875519
recent:0.05064126784646695
new:0.02298666086511396
whenever:0.06324311966262446
s:0.00827248374474691
