believe:0.021511602775547926
laser:0.09705857385963819
at:0.008722425865885456
know:0.012216585402557444
help:0.042378073664194
with:0.011580740134446483
to:0.0013645536238523078
gcc:0.23995686212288206
ii:0.07270098623980431
make:0.01742653943910598
dirty:0.05290386863555216
nt:0.007070084670519193
re:0.003702381215625451
anyone:0.016563512372687043
charles:0.04075497678152312
phone:0.05816528962791226
on:0.010039778717609702
support:0.02711837930231194
more:0.01258830718634382
a:0.0027653547046463268
other:0.013656514731009017
same:0.019228647034936756
across:0.038209545760731115
portion:0.050306202650725516
d:0.01803806160769342
not:0.011938812051009206
have:0.015185661776662956
always:0.026306496019789183
technologies:0.09777872522935849
writes:0.006547152386312498
tech:0.0448993337140577
if:0.006635152670924844
of:0.0019251543125320659
but:0.006586962596538715
print:0.043528346840145775
one:0.009735751562134876
or:0.006676351066367181
still:0.02021494140821334
for:0.006442551740833149
subject:0.0002643263058615673
offer:0.034803600186057805
i:0.011340517262102669
top:0.0334815071897754
ng:0.06118355204347908
any:0.010131557091968389
alan:0.0435711157623687
than:0.014164369130885755
the:0.006716610980100472
do:0.007112058603034621
can:0.00856005933106647
page:0.12489343761942436
solutions:0.04660695015317595
problem:0.04189238202070464
is:0.005320250037438889
number:0.04954979897817343
occur:0.04504748096828258
handy:0.05196020348897469
time:0.015638712573304094
printer:0.1290870943731039
does:0.0241284913730203
pages:0.044514780908946186
first:0.03717930355229784
by:0.009806291829872932
black:0.03494606293310829
