go:0.030161740337893445
out:0.00913315580682527
ideas:0.05576734320991427
there:0.014229131559335619
send:0.022739124968032733
printing:0.037670494424904624
thanks:0.015452609650512891
versions:0.034421883880998094
with:0.009067091113016238
to:0.004273485767723507
experiences:0.03662873325662231
software:0.04365559517025204
appreciate:0.029761343685383673
been:0.02274791298017735
laserwriter:0.14493447650876298
problems:0.04252826722312827
communication:0.03730746109402014
could:0.011698520583922926
me:0.008399912251198021
anyone:0.012968331392568923
had:0.01189463942389252
on:0.011790902912541626
you:0.01292555789322609
causing:0.03805136797977009
a:0.0010825613378654226
running:0.023468685367803888
driver:0.0855764092671254
also:0.02299995552991576
are:0.009967618319398845
pain:0.034317829459818705
it:0.007973382086976092
have:0.023779098285937342
conflicts:0.08992324239824004
machines:0.030588732828560405
real:0.019826308945722848
network:0.08542999232626923
be:0.004484195791763343
7.1:0.044826801488175305
things:0.017323456807288758
of:0.0015072913609747182
what:0.007135210100749079
but:0.0051572342810109325
print:0.13632133429006893
seems:0.036534683556295786
over:0.031099856628207096
email:0.021270532240061556
replacing:0.04348057285212228
our:0.05185524239489287
or:0.010454441204698997
and:0.005919339759547129
known:0.025247509671832234
subject:0.00020695315420169222
i:0.0014798349398867823
we:0.03134288152823186
similar:0.0245330099834628
directly:0.028158917251909922
any:0.01586491885719081
the:0.002921523294531213
would:0.00722984221786338
drivers:0.030482974871941904
may:0.028853108952555516
an:0.006960450686525091
problem:0.0163997309460898
just:0.009103787313689039
people:0.023337568063149107
about:0.0152715686871608
frequently:0.03617791217013336
is:0.002082733541788092
having:0.02028597978620435
keep:0.02053809755136373
does:0.009445649723546707
various:0.027632395181047972
bad:0.06373490806386939
going:0.016882292124416144
by:0.007677794378427644
s:0.004809583572527274
