read:0.0795439670841376
go:0.06826078076470621
help:0.03754548631652275
small:0.05243413860115809
tried:0.054348492158538084
to:0.007253679789951741
make:0.03087860497104743
that:0.018258138180761937
higher:0.06512059496557705
could:0.05295119843249324
1024x768:0.09694056647341617
these:0.029063789001735833
on:0.01778978334172947
vs:0.05994056043970775
a:0.002450007238327009
running:0.05311334056924038
resolutions:0.1008553656192795
only:0.023395372601215554
has:0.018680253927834227
adams:0.08129147806455458
anybody:0.05332623061250342
be:0.010148443107674935
were:0.02721584732407542
monitor:0.06574168140506681
nec:0.19032490507805033
5:0.045594261173994434
and:0.0033491001271121917
subject:0.0004683676647722508
steven:0.07871077417278984
i:0.006698200254224383
appreciated:0.05938179156449549
we:0.02364462992480649
any:0.01795240818050539
the:0.006611868508675903
would:0.01636227449305923
may:0.032649570656839134
thought:0.047098007108626536
17:0.0689877852365001
type:0.0568510966724859
told:0.0543898204689321
too:0.034254699436219234
resolution:0.07838284201468189
somewhere:0.06806177296320327
