some:0.01853233135132308
bbs:0.06423877225008985
there:0.029135840811972933
posting:0.05236807233263874
with:0.009282974234754719
way:0.027497981262643544
such:0.03052408259472696
from:0.013437654832225008
appears:0.06190954011737034
re:0.005935563536161437
math:0.07746437733747817
this:0.00833305457732411
am:0.025941846931767706
contained:0.08148524128902696
m:0.021727217652636063
sure:0.0346356193676064
a:0.0022166732156291983
low:0.053901500634600315
demand:0.1503858707498556
official:0.06438417493895754
are:0.010204942565098817
no:0.01786897993940492
not:0.019140000272252853
sufficient:0.0726228927532969
device:0.06371674261763215
were:0.024623861864639666
if:0.010637308250212845
of:0.006172717002086941
available:0.08574805802584856
but:0.010560051146831909
lynn:0.09479205383512923
now:0.052441726916769654
one:0.015608109647232101
in:0.008460938185451928
vendor:0.08729039651852935
message:0.05154476013586859
and:0.003030138210244364
for:0.0051642676652710155
subject:0.0004237612205082269
create:0.06036263001973998
i:0.006060276420488728
any:0.03248531004091452
the:0.0023928666983779458
would:0.014803962636577397
planet:0.07509702562165856
development:0.06170258782628892
right:0.061583288691755535
does:0.019341092291071827
reflect:0.07509702562165856
aware:0.06503011447588697
s:0.009848194934222513
