at:0.011441104057849755
1919:0.0640317599582465
though:0.03227979482611273
wrote:0.033449025645361834
reduction:0.07265720987625551
berkeley:0.07060235266567247
speak:0.04656406252777135
nt:0.009273747424966734
re:0.004856370165950267
joel:0.0709230359460669
duo:0.6680999241205646
michael:0.03902201560615181
bitnet:0.06337994509430034
pricing:0.0757891846401112
you:0.0072181686936197646
state:0.034515758271956055
support:0.035570861162772804
a:0.0036272834437568705
price:0.0813024468011419
old:0.034388481588861354
mac:0.08912421129379575
local:0.039693291583324054
drive:0.03667277595851934
prices:0.056655343885442105
internet:0.03709784341707281
it:0.004452667918700935
have:0.013279236705133842
only:0.01731865244505567
university:0.03052389742335914
list:0.037813358401578956
of:0.002525202409944658
pb:0.07602748514229557
but:0.008640041847407926
powerbook:0.07044493239901864
hd:0.057903965451064215
230:0.22666553422542401
find:0.02748632126848559
michigan:0.06690587688690766
in:0.002307528596032344
210:0.3070792088206082
dropped:0.0645182218093491
yes:0.03463436195459596
and:0.0024792039901999343
for:0.004225309907949013
subject:0.0003467137258703675
i:0.004958407980399869
portable:0.06643782576374925
the:0.003915600051891185
do:0.009328804141642815
educational:0.06855522352017139
can:0.011228129771918356
myself:0.04328366314282965
here:0.02338182994316099
recent:0.04932591024006521
new:0.022389604738747362
s:0.008057614037091147
