some:0.016444181339906397
read:0.031929620590111576
know:0.0173785228965958
technology:0.04743193923685835
rumors:0.0784004828662673
take:0.029940128596277513
with:0.016474010613790065
much:0.02460840661352016
nubus:0.1676416930819833
someone:0.03103462133328197
from:0.011923552879298248
to:0.0019411255775927195
powerpc:0.27664493816267766
us:0.02901234346739431
that:0.009771961279844418
nt:0.01005744439045688
me:0.015261812400064011
anything:0.03269353732844231
so:0.014391698554717185
this:0.014788237700603352
mean:0.03723129657506846
getting:0.038200022144009665
on:0.007140969369567464
tell:0.03394401483975286
them:0.02064590382439776
card:0.043111385162172416
a:0.0039338144390039295
how:0.018526239397593302
old:0.03729455045552569
chip:0.045526821940891186
athena.mit.edu:0.06883483584394046
are:0.009055089881707402
those:0.026139657102641694
able:0.03714739755085449
be:0.01629468329964708
apples:0.0885598921272059
of:0.008215799390101633
advantage:0.06004747290894099
released:0.06092461276135669
in:0.0025025310125984575
risc:0.08411125903680482
subject:0.0003760134773523704
i:0.005377428373109717
will:0.015962047111313864
the:0.002123247915462121
do:0.010117153787415446
when:0.018417949899207548
would:0.013135910508512339
can:0.01217698580898188
developers:0.08194012270120962
apple:0.053427703482944726
just:0.016540683992477268
about:0.013873467328477064
is:0.0037841215055023085
cards:0.055422781188057775
chips:0.058489309129534824
hardware:0.049995508784148615
does:0.01716181428644402
by:0.013949795419960087
