some:0.015162816560173431
choice:0.048991723045695365
out:0.01530100128675922
there:0.01191920760489802
know:0.016024352281276646
into:0.023257193545225797
nicholas:0.1515783692802224
prevent:0.0522469801580347
to:0.005369607117237003
mail:0.03979630525760852
that:0.009010509751544852
bay:0.06224992721131813
nt:0.009273747424966734
could:0.019598820199039708
its:0.026854864364080133
me:0.014072580264994089
need:0.024950675214249825
anyone:0.02172616557975833
he:0.020651080617145913
overwhelming:0.07509944664902096
empty:0.06609753521317752
fork:0.0820355828299334
on:0.006584530197912856
purchased:0.062166942820425
a:0.0036272834437568705
drive:0.07334555191703868
it:0.02226333959350467
centris:0.06554947866135444
650:0.06554947866135444
has:0.013828239920604559
his:0.023953623915652686
be:0.0150249677178564
1/4:0.07247299383739894
if:0.008703252204719602
of:0.005050404819889316
but:0.008640041847407926
they:0.012115839279321347
who:0.01679289447056946
5:0.03375159593399588
external:0.11153309915911204
install:0.05737857642908611
and:0.0024792039901999343
subject:0.0003467137258703675
i:0.0024792039901999343
special:0.04539884666058471
power:0.03508902961260445
possible:0.033467163934604964
controls:0.12943605190024315
any:0.013289445016737757
the:0.002936700038918388
would:0.0242246661325812
an:0.023322029573032123
is:0.006978509789367894
done:0.034398227940528554
does:0.0158245300563315
instructions:0.0627592871223997
slot:0.06620997758646471
seem:0.03584042279085374
