since:0.014931504652266277
say:0.014160783390056294
there:0.01369819381458429
coprocessor:0.136161946720018
c650:0.04630980778204961
motorola:0.03636781420108233
funny:0.03358780709370315
into:0.013364208231211839
such:0.02870174930548953
from:0.006317703391269967
to:0.0020570136717773593
within:0.02415261355464789
been:0.010949555128518203
that:0.007766521464950973
v:0.028706330700761284
like:0.008691336294840845
nt:0.010657888831678187
re:0.0027906007670012727
040:0.18154926229335733
had:0.0114508095946428
this:0.011753338172494455
simm:0.04175078477963936
on:0.007567295899093879
a:0.010421672580943247
price:0.023359285088387784
as:0.011942002391298782
chip:0.024122420580621445
are:0.0047978461313524295
no:0.025203262750354696
brian:0.02788117548342372
it:0.010234490439999163
have:0.0038153030831914393
centris:0.037666491469584264
calling:0.03069403447423476
hughes:0.03817695958066188
650:0.037666491469584264
call:0.019828030582079905
without:0.05031068249557824
which:0.009640987556100879
hades:0.04574274877475168
writes:0.004934793962817629
of:0.0043531474380389245
but:0.004964800166047838
redesign:0.04630980778204961
hd:0.03327317417710406
saying:0.022511605813167457
well:0.01255871574741302
good:0.012089625756414172
called:0.020016824595945774
sounds:0.026587347489259984
system:0.01668076365106362
and:0.0014246172182492158
subject:0.0001992310215822261
i:0.0014246172182492158
fpu:0.08371632683468318
4mb:0.08656789753263407
actually:0.0364823004044938
the:0.004500017970083898
thing:0.03379003634514861
instead:0.022893539638691354
drop:0.03231098251011978
an:0.013401464754652787
just:0.017528187514416208
people:0.03370014492701009
is:0.012030117621970024
number:0.01867361827162506
deal:0.02459936561015305
ethernet:0.03894125066594598
hardware:0.026490157639362324
motherboard:0.03369570323680188
keep:0.01977175062780538
does:0.009093200106996456
told:0.023135968408426345
although:0.023580145199662374
full:0.04611436543169035
by:0.007391309513560941
built:0.027555952493095174
s:0.009260242997851019
integrated:0.04113706762861718
