another:0.03037678534778875
basically:0.05375625408558748
media:0.0541295368588392
with:0.008011333928623935
wrote:0.035281848968395355
themselves:0.04433493447017558
my:0.01301663371685344
to:0.0018879440549189463
add:0.047071512554133124
boot:0.06724145848479919
enough:0.033317103108731455
been:0.020099183386595058
reboot:0.08363603814024197
re:0.005122472640796856
se:0.06914123091677112
this:0.007191540251663273
pushed:0.06995756101543202
m:0.018750886467343453
a:0.0019130193504745137
same:0.02660401850039195
constantly:0.14296239970511676
as:0.02192093589635667
mac:0.14101159458127954
plus:0.04898492950657083
button:0.06514389133272121
science:0.04632372912557966
are:0.008807005227414047
internet:0.039130601960474055
not:0.008259041213369381
twist:0.15988403335037155
being:0.026654848355139014
kind:0.03774694105428849
university:0.03219643974792676
able:0.036129660631653
were:0.02125073010236026
dept:0.056209691648517794
if:0.009180142736485057
of:0.007990708995852273
well:0.02305298507059376
george:0.05455224902815297
in:0.0024339685191026093
fully:0.05750210280654514
frequent:0.07381853570229485
and:0.002615050784183492
subject:0.000365711738246826
i:0.005230101568366984
any:0.014017633784778182
information:0.03340851074635294
yet:0.03602833894090635
suggestions:0.05420542974069695
the:0.004130153479392071
problem:0.028980346466377864
long:0.03260700335765185
is:0.007360893887415449
threads:0.07765360455651227
karl:0.160898862711477
although:0.04328410214732545
article:0.011100450415295903
going:0.029833091562324415
sometimes:0.048006935949559584
