taken:0.02059300812349163
some:0.007297105469583464
large:0.01871271324929735
at:0.011012062655680388
louis:0.02945751054748725
there:0.005736118659857172
roughly:0.031649855683809396
know:0.007711719535364387
differences:0.028627563835100924
true:0.01614550495098654
anyway:0.019053211385278337
media:0.024696601191845385
user:0.023635271772456348
corporate:0.033465400204930586
dealer:0.02764103377030467
tm:0.02872547706475342
my:0.011877678266628767
hayes:0.06958042854381223
to:0.004306872375283846
t:0.016101706593752763
been:0.009170252420133996
knock:0.03405407029905371
that:0.00650446172689644
think:0.008998425172053471
equivalent:0.02949460264448609
like:0.007278994146929208
really:0.012196223394943287
re:0.0023371281423635658
pricing:0.036473545108053514
off:0.013646609049727192
teacher:0.035334035378091294
you:0.0069474873676090235
great:0.01575781680457923
e.g:0.0253704701261956
3:0.014634162153985122
m:0.00855509195072545
more:0.007946368911379537
a:0.0017456301573079939
price:0.058690203784574305
as:0.020002854005425463
budget:0.02949460264448609
worth:0.02196977261744899
nyx.cs.du.edu:0.029383980287614832
step:0.0259970039698897
computer:0.01675439315728322
are:0.0040181961350076595
those:0.011599472839297251
kevin:0.028159764517623222
it:0.00428569287174965
not:0.0037681875535997807
employee:0.036705053056055696
able:0.01648415766319168
b:0.01913067716571401
has:0.01996452138537283
usually:0.04122188427733267
be:0.003615382857109196
which:0.01614865415646897
writes:0.008265779887719529
get:0.01642967469113903
end:0.016901458766096934
of:0.006076268298929333
what:0.017258289431186836
but:0.008316040278130129
advantage:0.026646066103342567
least:0.015047889891915515
fairly:0.024526290926549288
seems:0.014728044308631739
beyond:0.024409776233991293
good:0.01012506157099687
one:0.01843707952079292
bob:0.023025031337681877
in:0.0033314944105216964
st:0.02397967026824563
5:0.03248591108647104
and:0.0011931169202837183
for:0.0020334303932004623
subject:0.00016685598057511437
vendors:0.03428994734894651
steven:0.028040713299056382
i:0.0011931169202837183
we:0.008423399410712313
discount:0.07085891415781745
pay:0.02083026288748677
20:0.03931040435507025
community:0.025428430356103905
the:0.0018843825249726326
educational:0.13196880527632993
less:0.017180409728726736
canada:0.023253797456291542
around:0.029589930414420446
can:0.005403537452735709
radio:0.022420939754797916
leland.stanford.edu:0.06309137321155366
maybe:0.016549456764639526
an:0.005611863366010855
apple:0.023708543420556723
10:0.01806482348685103
just:0.0073399285216617875
here:0.02250501132029245
about:0.012312702254023394
different:0.0157951056125703
south:0.027010246779117415
is:0.0067168156722665975
retail:0.036360929448661775
experience:0.020701392342469677
article:0.005064580501978756
purposes:0.027668750001978833
corporation:0.029683438760714193
s:0.0038777267553501147
confusion:0.03237288317755604
