24:0.08721627973496333
go:0.015439938506302596
at:0.0069917858131304045
know:0.00979265972744684
hours:0.12432299608097212
take:0.016871024843934154
thanks:0.015820528927906054
with:0.004641487117377359
generate:0.037220704825581374
harmful:0.042407069303101334
from:0.006718827416112504
work:0.016072003682462727
turn:0.05430917674150024
then:0.012665717061712723
day:0.04036988945655352
that:0.002753211312972038
hour:0.03695011584666887
nt:0.011334580186070451
along:0.02772985246937488
re:0.0029677817680807184
so:0.008109607915753334
off:0.08664513682366469
on:0.01609551826156476
you:0.004411103090545411
etc:0.018431142757605042
them:0.04653521179467431
computers:0.03442673703641801
a:0.007758356254702194
vote:0.0361494712049722
old:0.021015183193193048
idea:0.02200298647032346
stress:0.04451582458669661
turning:0.07528942816979102
are:0.005102471282549408
care:0.025127118581538863
it:0.0027210748392061264
should:0.052152766420110463
have:0.004057544548790895
drives:0.032119386125044926
heat:0.07254128323741724
machines:0.03131703599114517
always:0.0210869531587199
be:0.009181924716467798
down:0.018764806166294903
if:0.0053186541251064225
of:0.0046295377515652054
kept:0.03169663192519186
what:0.007305096055528819
but:0.015840076720247863
they:0.022212372012089133
who:0.010262324398681334
cares:0.040190292931821456
good:0.012857221042535706
in:0.0014101563642419878
yes:0.02116544341669753
or:0.010703356471477543
consumption:0.04790823740278344
and:0.001515069105122182
still:0.016204040335155136
for:0.0051642676652710155
i:0.006060276420488728
we:0.010696380204079125
back:0.016717116825932837
monitors:0.07329132902869573
any:0.00812132751022863
will:0.00899448686431178
later:0.02536041292823574
the:0.0017946500237834594
do:0.005700935864337274
an:0.007126175702870926
about:0.007817588732713265
jerry:0.038732188668739086
paul:0.025992241992929026
is:0.004264644871280379
night:0.02657011783003194
harddisk:0.049250113038052754
keep:0.021027099874015246
lot:0.01967105863702691
advice:0.03087188149391467
little:0.018613799221416382
lots:0.02895789691600286
