pc:0.04628947308330393
ask:0.04048003589383843
cable:0.05996732588040623
story:0.09986270911146122
own:0.03147903660483327
with:0.01624520491082076
such:0.02670857227038609
my:0.013197420296254184
to:0.0038283310002523076
make:0.024445562268745884
that:0.009636239595402133
nt:0.009917757662811645
need:0.026683360993017168
internal:0.05503565855722684
a:0.0019395890636755486
mac:0.04765669631682133
video:0.04855154434534754
prices:0.060589742766375576
are:0.008929324744461465
it:0.009523761937221443
not:0.008373750119110623
centris:0.1402030515812303
real:0.07104427372217353
doing:0.03723198479396271
has:0.01478853435953543
svga:0.21621416884847955
tech:0.06298378757110872
if:0.009307644718936239
of:0.0027005636884130367
what:0.012783918097175433
released:0.06007843758411562
seems:0.03272898735251497
up:0.018659171810449786
one:0.01365709594132809
and:0.0026513709339638183
for:0.009037468414224276
subject:0.00037079106794469857
i:0.007954112801891455
monitors:0.06412991290010876
any:0.0142123231429001
than:0.01986946225304807
the:0.006281275083242108
do:0.00997663776259023
can:0.012007861006079352
come:0.03334991214540845
apple:0.0526856520456816
lower:0.055152536292300235
note:0.041134570817756906
here:0.025005568133658278
is:0.0074631285247406635
does:0.01692345575468785
their:0.021023383591412693
hook:0.07142527828789745
mike:0.04438072262441255
