there:0.010197544284190528
marty:0.1351533397072771
quadra:0.05519892310355424
il:0.05714022263031796
800:0.05332972539557541
mb:0.05072206381433906
with:0.019494245892984912
from:0.009406358382557507
sell:0.03866746998867297
both:0.04990453516240529
my:0.010557936237003348
to:0.0015313324001009231
hall:0.0508934468179572
been:0.016302670969127103
that:0.007708991676321707
need:0.021346688794413735
so:0.011353451082054667
phone:0.032637190291217436
bitnet:0.05422506413623473
used:0.021938483425965175
purchased:0.053187273301919163
them:0.01628732412813601
ns:0.13464246152450604
a:0.001551671250940439
was:0.019676914091141903
chip:0.07183120795118386
internet:0.031739266034606736
works:0.033056955483897116
should:0.018253468247038662
turner:0.06264897536811186
only:0.02963413862820637
composite:0.13464246152450604
ve:0.02027926332252705
fail:0.05072206381433906
60:0.09048131731980039
careful:0.051126148749571006
be:0.019282041904582378
simms:0.3343191110145821
presently:0.06546507426599561
ave:0.05808866539644193
but:0.007392035802782336
together:0.03954406934944701
alone:0.042657925949049935
they:0.010365773605641598
called:0.029802827731741487
one:0.010925676753062472
in:0.001974218909938783
and:0.00424219349434211
for:0.010844962097069134
subject:0.00029663285435575884
i:0.006363290241513164
the:0.0016750066888645623
apple:0.04214852163654528
problem:0.023506281022728715
satisfied:0.06026955327471595
either:0.027817363412370646
ux1.cso.uiuc.edu:0.13972782980070264
told:0.03444688629699034
advice:0.04322063409148054
very:0.01936936101981608
confirmed:0.05924712106671314
before:0.02362438074691827
past:0.03670571607670404
buying:0.04456908805819463
s:0.006893736453955759
