since:0.03449692454144278
there:0.03164755122679819
11:0.06662439030379157
know:0.02127370906307417
with:0.02016646126860508
possibility:0.07312037209726435
to:0.009504821793729868
lq:0.23788487666739971
software:0.048548032560021666
t:0.04441850094828348
like:0.020079983853597813
need:0.033124172267193726
a:0.0024077657342179226
other:0.02378117220399846
was:0.015266571277610096
compatible:0.15536421802826605
are:0.011084678993124578
no:0.01940940924452603
talk:0.1192963368150699
if:0.011554317582127747
net:0.11431525809994768
or:0.011626059615570436
and:0.0032913570214723265
subject:0.000460292360207212
i:0.006582714042944653
directly:0.06262931595683413
any:0.03528576780306232
connect:0.07924269535104392
do:0.012384791705284426
writer:0.0878994530027204
ibm:0.06793908739861494
would:0.016080166312144414
an:0.03096200477799092
apple:0.13080575680307158
15:0.05761742641345938
is:0.009264573341057375
hardware:0.06120139868404399
printer:0.22478959537385332
serial:0.07136755048042814
paper:0.06649393788338957
image:0.06381143098161511
needed:0.057514184312690016
