some:0.006991238773253618
iisi:0.06453596534452126
read:0.013574868634119292
at:0.026376197977677575
there:0.005495682548366153
coprocessor:0.03641856459178126
where:0.011062615558285999
oscillator:0.11295363486883148
meaning:0.0236284223645766
into:0.010723376664565189
my:0.0056899057564688705
located:0.029265109849818997
to:0.004951613748829332
most:0.011117338107587055
that:0.0041545464123889445
think:0.008621245673823684
v:0.023033822238934205
higher:0.022226789898430493
like:0.0209216598235091
talking:0.01951910886444472
nt:0.008551838942783696
re:0.0022391646872944346
040:0.07283712918356253
math:0.029223088456653445
this:0.006287214830795438
posts:0.02408992498304594
slower:0.029265109849818997
on:0.009107942968370477
you:0.0033281376611300714
more:0.007613287579764826
a:0.0033449200619075333
other:0.008259329268454556
was:0.005302162479649016
chip:0.019355714717384877
are:0.003849768752103147
brian:0.02237172164538191
it:0.0041060530507781075
not:0.007220479144622334
ones:0.020315149583094952
have:0.006122761834103627
centris:0.12089364926764772
hughes:0.030633009483884387
25mhz:0.10483414162793823
without:0.013456350208398174
be:0.003463839863098631
hades:0.036703762489920515
writes:0.003959655036033308
if:0.004012876765050355
of:0.00465725953450871
what:0.005511629359261265
but:0.007967463739525872
least:0.01441714001620648
up:0.008044672876361585
now:0.009891702981306852
one:0.0058880892681175
in:0.002127900621490904
cpu:0.10712484729085917
replacing:0.03358678980792679
speed:0.08044227944636602
or:0.008075586319797429
610:0.06683138353867926
and:0.0011431060314095506
for:0.0038963935678092694
subject:0.00015986201731747483
forced:0.027184404158454835
i:0.005715530157047752
group:0.01615039481920147
possible:0.015430967802183128
socket:0.033008186001405405
any:0.00612746866041202
actually:0.014636611539527453
than:0.008566474743829109
the:0.008124283940001769
see:0.010595124319827402
33mhz:0.10804417376105277
did:0.00984377870325129
put:0.014894965865549578
just:0.007032266847101114
about:0.005898300480969291
is:0.01126172687565657
chips:0.024866712264652528
either:0.014991393455768613
motherboard:0.10814908344266952
run:0.06411579469191366
designed:0.023530523334627323
under:0.014534870820991853
s:0.00371518731051508
