expensive:0.06328260615838889
switch:0.066439272218909
to:0.008613744750567693
that:0.0108407695448274
v:0.06010387990471894
talking:0.05093267469316044
re:0.005842820355908915
started:0.051238201187326644
so:0.015965790584139376
this:0.016405701199106844
you:0.008684359209511279
a:0.0021820376966349923
how:0.041105093663410135
was:0.01383533022033415
rumor:0.08654742670807598
course:0.0382211218734378
andrew.cmu.edu:0.06366842823011344
are:0.010045490337519149
brian:0.058376211168418415
month:0.062090679521675914
it:0.005357116089687062
probably:0.03730037054733138
hughes:0.07993300912201082
kind:0.04305510464004781
be:0.01807691428554598
hades:0.09577388024713633
writes:0.010332224859649412
if:0.01047110030880327
of:0.006076268298929333
david:0.03900695686475772
gon:0.07469539639834478
subject:0.0004171399514377859
tempest:0.18795184393849806
we:0.02105849852678078
possible:0.040265181608821594
the:0.0011777390781078953
upgrade:0.13820516885152334
would:0.014572650720380876
na:0.06809849170359966
last:0.034065039875929654
an:0.014029658415027136
apple:0.0592713585513918
here:0.028131264150365563
about:0.015390877817529243
current:0.04941008943329403
is:0.008396019590333247
else:0.03947737852090714
right:0.03031052490297343
motherboard:0.07055037865205394
accomplish:0.08697553567976528
going:0.03402837006327629
by:0.01547555429401822
s:0.009694316888375286
