at:0.033883269709785814
quadra:0.06369106511948565
carson.u.washington.edu:0.07050378180342755
my:0.012182234119619247
to:0.0035338440002328996
mhz:0.3028914480836075
clock:0.165005416061516
guy:0.04341449675575473
problems:0.07033521117671213
hot:0.053636130599505276
re:0.004794109009976545
had:0.019671903662591476
followup:0.07553662415307186
hi:0.040397649487364164
on:0.01300022628818692
m:0.017548906565590668
a:0.0071615596197251025
kuo:0.07955787490762369
as:0.010257873848936134
ram:0.049869962413246774
also:0.019019193995891876
chip:0.041441081510298385
far:0.03191510348873592
it:0.004395582432563743
not:0.015459230989127304
cool:0.05885675608300517
have:0.006554495040354523
rated:0.07328161560866592
ve:0.023399149987531207
moved:0.05716160691964031
fail:0.058525458247314296
32:0.0549028047628911
25:0.04714977626012324
without:0.028810390830801218
of:0.0024928280200735725
piece:0.05525270402299375
using:0.028261802290319497
cpu:0.057339261210171404
speed:0.08611449145860976
and:0.004894838647317819
subject:0.00034226867810279864
combination:0.06359357025557258
i:0.009789677294635637
faster:0.050003859325568355
than:0.01834104207973668
the:0.0019327000256129563
got:0.028360946431161205
would:0.011957046744927898
previously:0.06096800086267498
is:0.003444520857572614
chips:0.05324026856662785
run:0.034318390107530704
runs:0.04809987846722224
aluminum:0.08061220950040537
stock:0.06369106511948565
very:0.0223492627151724
thus:0.04270968042149109
