out:0.015921312149735946
folks:0.05004345743641592
all:0.012892808522247178
with:0.015806145318636416
to:0.007449725189680167
experiences:0.06385279175816592
enough:0.03286687198564049
considering:0.05412662101831207
nt:0.009649710158411332
se:0.06820688995843638
so:0.013808251316012434
had:0.02073524980651534
this:0.0070943572752894465
a:0.007548670950521055
wondering:0.04863423651158509
was:0.011965691001370076
old:0.07156521844168444
mac:0.04636867749744779
equipment:0.05452645827757553
plus:0.04832297099972528
are:0.008687991643259806
have:0.02072637620868863
machines:0.053323601822760705
buy:0.04063298817897251
money:0.04189486171255581
disks:0.05823933667288531
macs:0.14295198678163493
sort:0.042398125779203114
of:0.00525515096123618
what:0.012438406797251774
density:0.0756027724388064
good:0.021892025018371612
in:0.00240107705262825
our:0.06026420062109172
or:0.01822463399197528
use:0.04493998723641481
and:0.0025797122600729047
few:0.030886858120355225
for:0.004396606255568568
subject:0.000360769687729977
i:0.0025797122600729047
we:0.05463826644786365
allow:0.047382090153710706
do:0.009706998904141848
upgrade:0.05976439734119929
hello:0.0522877133871861
upgrading:0.0756027724388064
people:0.020341528919906992
lab:0.05823933667288531
new:0.02329729141734523
bad:0.03703514928035654
high:0.03780167331948002
buying:0.05420564763834482
murray:0.29004127502934196
