there:0.0066505723592546915
till:0.036224009536684365
employees:0.04033648031525346
with:0.004237879541953242
from:0.012269163107683704
both:0.016273217987740854
to:0.002996085130632241
physics:0.03322902196009603
nasa:0.0310879769391262
been:0.010632176718995936
uxa.cso.uiuc.edu:0.032308734345883654
nt:0.00517448225885825
re:0.0027097137882476125
anyone:0.024245141299150598
this:0.007608441135817667
federal:0.05726748102456901
md:0.07256258689231239
on:0.003673976994487608
market:0.028339530544007407
8:0.021394864365028018
board:0.02602316318373293
a:0.0030358785344486846
other:0.009994985419071817
price:0.09072881744475254
services:0.02896131614103847
usa:0.02641030207267192
therefore:0.024876271888078737
act:0.027040819297234453
course:0.017725737680434922
quoted:0.03237552170171643
prices:0.0632240794083919
are:0.013976334382635337
meg:0.033737062294784625
it:0.0024844596357968983
have:0.00740942917605294
centris:0.10972412732444112
ve:0.013225606514691552
herein:0.042157599360767274
650:0.07314941821629409
university:0.017031450011584445
microsystems:0.04342719420877518
after:0.013979809330905445
b:0.022180495264595954
has:0.00771575705714892
open:0.023948989701111326
be:0.004191748240126604
which:0.00936153864143129
writes:0.004791756456649003
of:0.007044948752381835
who:0.009369948364013394
one:0.007125441360692916
government:0.01950445607692969
and:0.00138332396554634
gets:0.024183451756469597
for:0.0070728013676537825
subject:0.00019345620936245142
flight:0.03406838294216212
space:0.0221558895471964
offer:0.02547220013617274
vendors:0.039756460694430736
i:0.00138332396554634
branch:0.03304272952016699
info:0.021343445357915925
fpu:0.040644883318288215
similar:0.04586606214299567
solar:0.03567477881661528
any:0.022245375354104504
will:0.00821235757176293
yet:0.019058469149899736
schedule:0.036943248363462196
joseph:0.029595642236548928
cost:0.024065272495296237
the:0.004915780499928606
upgrade:0.09614272615758145
holding:0.033381582896312205
expressed:0.029780863229154256
e:0.02254267895691179
general:0.02136543741367791
is:0.003893806186821216
ethernet:0.03781251876258523
new:0.01249275047017063
else:0.03661669891794285
somebody:0.027505276981701125
center:0.04734247584743201
sole:0.04013793702403524
does:0.008829629089402357
illinois:0.034921883200541716
too:0.014148680201916642
under:0.017589300196417676
opinions:0.0413856544278267
thus:0.024140254151277574
vx:0.12893646515419319
include:0.024358864298873927
august:0.036224009536684365
