at:0.015455526534288264
reduction:0.09815096772757322
then:0.027997900873259703
might:0.03731728308558677
speak:0.06290233008137533
that:0.006086046060253978
re:0.006560359697862641
duo:0.4011204222790134
michael:0.05271395090655595
bitnet:0.08561852232037061
pricing:0.10238188100506249
mn:0.1005653778657495
state:0.04662655064808098
support:0.04805186507953519
a:0.004900014476654018
same:0.03407181316716864
price:0.05491481055866601
mac:0.1203958643793381
local:0.053620762314314944
drive:0.04954041664571909
internet:0.050114630580958
it:0.006015007539297753
only:0.023395372601215554
university:0.04123403687015181
be:0.010148443107674935
writes:0.01160109457925548
of:0.006822476686517145
pb:0.10270379571853962
powerbook:0.09516245253902517
hd:0.07822114631108673
cheaper:0.07735751577134724
michigan:0.09038162316301561
210:0.31111972472614247
and:0.0033491001271121917
for:0.011415749575862244
subject:0.0004683676647722508
i:0.0033491001271121917
portable:0.08974934357559108
the:0.003967121105205542
peter:0.1291892309061739
myself:0.05847091336838391
here:0.03158598080041045
u:0.06634462251917571
already:0.0509787073911816
200:0.07291447449440724
