someone:0.03497552562957174
such:0.03052408259472696
to:0.00437523542885978
front:0.05582461792644339
formerly:0.08729039651852935
been:0.02328952995589586
think:0.02285314329410405
me:0.017199820323881662
this:0.00833305457732411
on:0.03219103652312952
tell:0.03825436593051512
used:0.06268138121704335
etc:0.036862285515210085
card:0.09717169354013465
a:0.006650019646887595
mac:0.1089295915813059
also:0.023547573518723275
are:0.010204942565098817
it:0.010884299356824506
should:0.026076383210055232
have:0.01623017819516358
viking:0.08926337614833216
19:0.06503011447588697
robert:0.05072082585647148
has:0.033802364250366694
macs:0.08395592874476972
which:0.02050622750027806
get:0.020863078972874958
monitor:0.11896113778059707
what:0.029220384222115276
saying:0.047881828237530774
in:0.0028203127284839756
st:0.060900749887607936
use:0.07917997751177848
and:0.003030138210244364
subject:0.0004237612205082269
i:0.00909041463073309
monitors:0.07329132902869573
the:0.0011964333491889729
can:0.02744653944246709
label:0.0874978898767413
an:0.014252351405741851
atari:0.09850022607610551
nice:0.05015459455166282
