pc:0.02415102943476727
ask:0.021120018727220052
configuration:0.034371260686208945
at:0.006383804438075587
cable:0.03128730045934238
story:0.05210228301467542
own:0.0164238451851304
with:0.008475759083906484
such:0.013934907271505786
from:0.006134581553841852
alexander:0.03688050877836716
my:0.013771221178700018
to:0.001997390087088161
q:0.030758539445816364
slightly:0.03137443229243515
been:0.010632176718995936
make:0.01275420640108481
510:0.04202934155569915
that:0.005027603267166331
think:0.010432956721221414
helps:0.03065197316038379
nt:0.00517448225885825
need:0.013921753561574176
re:0.0027097137882476125
samuel:0.04033648031525346
this:0.007608441135817667
sync:0.04441687199867192
internal:0.028714256638553138
on:0.003673976994487608
you:0.008055057817517709
a:0.0020239190229657898
capable:0.031795502080893705
mac:0.04972872659146574
let:0.016703896686614674
vga:0.032683924704751184
andrew.cmu.edu:0.029527387005270002
video:0.02533124052800741
prices:0.03161203970419595
display:0.026711024760402012
are:0.004658778127545112
requires:0.029088078151527724
it:0.007453378907390695
not:0.004368913105622934
centris:0.07314941821629409
hope:0.02093088070753656
real:0.0370665775941775
doing:0.019425383370763154
has:0.00771575705714892
screen:0.02708918239207281
800x600:0.0859576434361288
svga:0.11280739244268498
get:0.009524449096312481
tech:0.03286110655883934
if:0.00971232492410738
of:0.001408989750476367
monitor:0.027154172754266726
gives:0.026351626636203662
what:0.006669870311569791
released:0.03134527178301685
least:0.0174468288601919
seems:0.01707599340131216
up:0.00973522007501728
called:0.019436626781570536
one:0.007125441360692916
yes:0.019324970076115135
use:0.012049127012661942
and:0.00414997189663902
for:0.0070728013676537825
subject:0.00019345620936245142
i:0.006916619827731701
wider:0.04374230371558488
horizontal:0.039219446403461734
monitors:0.0334590849913611
any:0.007415125118034835
will:0.00821235757176293
than:0.020733351916224076
the:0.006008176166579407
do:0.005205202310916642
essentially:0.032614247467798715
can:0.01252994191938715
sony:0.036818307737125196
adaptor:0.08955853270132445
come:0.0173999541628218
an:0.006506508250447368
apple:0.027488166284703446
lower:0.028775236326417517
note:0.021461515209264474
here:0.01304638337408258
is:0.007787612373642432
having:0.01896298110449537
does:0.008829629089402357
their:0.010968721873780536
engineering:0.0280199238639355
hook:0.037265362584989976
answer:0.022001964073397513
mike:0.023155159630128288
james:0.02506952005534078
