some:0.00912138183697933
24:0.028617841788034847
go:0.015198689467141618
know:0.009639649419205483
committed:0.03462073711457807
hours:0.030595112316801735
where:0.014433256236201264
i.e:0.026988585913870336
own:0.017706958090218713
wonder:0.028830997717319756
cut:0.028601683560971886
with:0.013706891643505015
work:0.015820878624924248
turn:0.02673029792745715
several:0.022019151344276535
my:0.007423548916642979
to:0.004306872375283846
design:0.05879948761602254
add:0.02684547200352905
powerpc:0.05115049637903675
day:0.019869554966897438
that:0.00813057715862055
along:0.054593147049081796
re:0.0029214101779544573
off:0.017058261312158988
announced:0.037701723169578975
ti:0.029598914501966115
amount:0.029050132903334594
on:0.0039610064471819525
you:0.0043421796047556395
machine:0.02541249495565896
them:0.011452024777595632
more:0.00993296113922442
a:0.0032730565449524884
how:0.010276273415852534
hard:0.021126823457621166
other:0.010775843654936803
was:0.006917665110167075
austin:0.03911576949663715
wasted:0.044783019830841576
waste:0.03342640621248703
manufacturers:0.03943210825722103
are:0.005022745168759574
administration:0.03479709900550416
it:0.008035674134530593
should:0.01283446986119906
fuel:0.037701723169578975
have:0.003994145415216038
heat:0.0357039128434163
machines:0.061655414607567065
buy:0.023490946290968484
be:0.00903845714277299
which:0.010092908847793108
down:0.018471606069946547
if:0.01047110030880327
of:0.0015190670747323332
monitor:0.029275592500693812
kept:0.031201372051360733
what:0.007190953929661181
they:0.0072884345664667475
in:0.0027762453421014137
feature:0.03691489523518967
thomas:0.028781289172102344
consumption:0.14147901358009485
and:0.0059655846014185915
for:0.005083575983001156
subject:0.00020856997571889294
austin.ibm.com:0.0815332435818244
i:0.004474188451063944
power:0.04221648875266472
monitors:0.07214615201262237
pay:0.026037828609358462
will:0.00885394800705691
buildings:0.042862434186183136
than:0.01117657251733954
cost:0.025945371908991256
the:0.0029443476952697384
ibm:0.030784898977497397
would:0.021858976080571316
apple:0.0296356792756959
just:0.009174910652077234
efforts:0.037911467310486696
idle:0.04228346565373218
is:0.0020990048975833117
desktop:0.03911576949663715
new:0.01346874660065271
time:0.012339921639872763
does:0.009519443862011916
automatically:0.03682188818435906
already:0.022701455635135558
by:0.00773777714700911
built:0.028847637766209012
reduce:0.035624192763930036
s:0.004847158444187643
