go:0.01473812311965248
there:0.006952871102857178
know:0.02804261649223413
much:0.013236339920908571
lciii:0.043808010545262226
to:0.00522045136398042
ii:0.05562726977439573
software:0.021331711276373157
might:0.01611428133241247
like:0.00882302320839904
me:0.008209005154579884
re:0.002832882596804322
so:0.007740989374128183
this:0.003977139684631962
hi:0.02387133833344246
on:0.0038409759487824996
you:0.012631795213834588
tell:0.018257765557745855
etc:0.01759336354135027
them:0.011104993723729098
computers:0.032861885352944466
a:0.004231830684383015
desire.wright.edu:0.045564083379029834
want:0.014337863391758951
price:0.02371321365033305
classic:0.03875539836218706
as:0.018184412732204964
intellectual:0.04047947524386945
question:0.016537773358690184
lc:0.11793500119007976
far:0.018858924788798498
frank:0.029667987701141076
prices:0.033048950599841226
business:0.0273982101002543
are:0.004870540769706254
no:0.008528376789261438
d:0.013801850169522996
conviction:0.04238337242781571
not:0.004567500064969431
have:0.01161933211699211
made:0.017618026908469708
carlos:0.04742107169746154
buy:0.02277909943366641
400:0.034778992230866695
between:0.035194937061309176
able:0.01998079716750507
party:0.03215665487517165
be:0.008764564502082899
which:0.01957412625026542
modems:0.04023106749521043
14:0.02828676378603536
writes:0.005009563568314866
get:0.009957378600690322
if:0.005076897119419767
of:0.0014730347391343837
monitor:0.056776906668012245
shop:0.036814346824338616
well:0.01274899931934352
they:0.0070675729129374525
cheaper:0.033404381810354496
email:0.02078711105278743
in:0.002692116695371068
or:0.005108420134114283
better:0.016941029328040935
and:0.004338606982849885
600:0.03724126301033203
subject:0.00020224967342438103
i:0.004338606982849885
discount:0.0429447964592833
monitors:0.03497995249096842
the:0.005139225068107179
interest:0.027672613611120347
around:0.017933291160254817
can:0.006549742366952375
450:0.044782384619672023
an:0.006802258625467703
apple:0.028737628388553604
solutions:0.035661378526293724
is:0.004070797377131272
white:0.025749766256216607
sean:0.03882273887292378
specifications:0.04449097340127963
retail:0.04407385387716579
boomer:0.046814687548419595
too:0.014791802029276489
nothing:0.03870993941668044
article:0.006138885456943947
iii:0.03502079225335385
brett:0.03968128951918895
by:0.015006598103290397
200:0.03148579580440313
demon:0.04330277285966622
3rd:0.033437536163383276
s:0.004700274854969836
