pc:0.05049760699996793
cable:0.06541890096044317
thanx:0.07352526993548936
swap:0.08062593674957565
ever:0.04005184934590698
hayes:0.08433991338643906
to:0.012529083273553008
pin:0.07383768337795504
scott:0.05791025838138646
anyone:0.025347193176384716
this:0.007954279369263925
hooked:0.08735701452447445
pins:0.0793625790383779
two:0.02825438534323199
on:0.007681951897564999
modem:0.12919304777378213
a:0.00846366136876603
ps/2:0.09402294307264618
mac:0.15596736976414255
advance:0.047931836616312874
van:0.06947886409838261
70:0.06517934632367586
are:0.009741081539412508
have:0.015492442822656147
has:0.016132946574038652
25:0.05572246285287292
outs:0.08761602109052445
what:0.013946092469645928
macintosh:0.07114554432890272
port:0.12635688288938002
together:0.053923730931064104
up:0.020355460156854313
in:0.002692116695371068
subject:0.00040449934684876206
i:0.00867721396569977
the:0.004568200060539715
do:0.021767209663833234
db:0.08842071541346307
can:0.01309948473390475
printer:0.06584745723072472
serial:0.12543387660196462
hook:0.23375545621493712
2400:0.08433991338643906
ports:0.07459271934383194
