k:0.0997016067434648
know:0.03247039804363952
where:0.04861728416404636
like:0.030648396408122978
need:0.050557947144664106
anyone:0.04402407235898398
reply:0.09450517156197748
hi:0.08292149105301065
state:0.06993982597212148
mac:0.09029689828450357
oo:0.16701560108038296
lc:0.13655631716746075
internet:0.075171945871437
model:0.09628819767325131
centris:0.13282394360327082
notes:0.2462270751893431
get:0.03458878882345059
arizona:0.147989281509077
latest:0.10964070000665134
please:0.050405667286980385
email:0.07220785944652476
for:0.017123624363793367
subject:0.0007025514971583761
i:0.005023650190668287
any:0.026928612270758084
information:0.06417950748641486
the:0.003967121105205542
thank:0.09553932386235564
can:0.02275173664309772
new:0.0453684096021986
does:0.0320654951141454
iii:0.12165117309059757
models:0.11745271181527824
by:0.026064091442557002
s:0.016327270548842587
