24:0.08231648873861709
week:0.038739761847253744
large:0.03364083280772557
at:0.009898483286004843
corrupted:0.06733654832371881
hours:0.08800391857417128
all:0.010719863265688665
ordinary:0.057282789597278456
cnn:0.1168249326602171
recall:0.04394219342778677
most:0.020860623190640876
day:0.05715287720815443
that:0.0038978047801626605
nt:0.008023354513735264
months:0.038154994831233933
re:0.004201578682900792
murphy:0.18581012569330455
big:0.031188545549073677
game:0.033393360763039184
on:0.011393456746950335
great:0.02832865942396266
computers:0.048738976029086174
a:0.006276423037511887
finished:0.05556472587157439
40:0.04297199087668313
are:0.014447446777555628
no:0.012648828496432694
those:0.020852984879635505
yeah:0.04442946566503542
not:0.006774269759280504
should:0.018458563395881793
have:0.00574438891177138
systems:0.03371255191328776
left:0.03285848520787148
stated:0.04361904565053662
be:0.00649956468693788
which:0.014515644185590088
of:0.006554177041541752
kept:0.04487388339970982
but:0.00747509238483607
ok:0.03667246281472957
they:0.01048224297199712
programmer:0.057282789597278456
david:0.028049946509488697
one:0.01104843716601823
in:0.003992802289763831
st:0.04310951958336292
703:0.06516909140097171
u.s:0.0396375550674011
or:0.007576533232618936
few:0.025681207875351532
subject:0.0002999658077754865
p:0.03782166336664438
i:0.0021449292948920776
monitors:0.10376075795073779
information:0.02740248634251421
source:0.035047954625840726
the:0.0033876539774788895
do:0.008070987852881985
when:0.014692971267907145
last:0.024496208450106718
7:0.035859871111587706
jones:0.05573369078578271
is:0.006037587121138515
days:0.033463512635395196
dead:0.03855373185181052
every:0.027327511538622427
before:0.023889823227220722
s:0.006971194166921554
va:0.05607943975956646
