sells:0.047385083367132035
go:0.01835313445088799
there:0.008658292316765542
anyway:0.028759564355137112
case:0.02331708591798826
with:0.005517239403674975
ca:0.019401401849927558
sell:0.032830870745099695
to:0.0026003757737562846
might:0.02006684090451364
problems:0.025878049395205407
technical:0.03619572870678585
provide:0.03185807243663598
nt:0.006736590110589042
re:0.003527740592246892
justify:0.044921660731477076
so:0.009639722616838868
this:0.00990532902587583
getting:0.025586807285138548
used:0.01862701422959307
market:0.03689486051955681
them:0.013828860108794725
bill:0.029202961091431296
m:0.01291334634071766
a:0.007904740334979595
other:0.02602467901569643
as:0.007548246794500174
iici:0.11611737638503955
fine:0.030558080923778867
features:0.04080799534015401
no:0.01062024279417462
works:0.028067226354252264
reason:0.05041909290582128
not:0.005687830269584574
morgan:0.05488442180930079
boards:0.044135041779221874
probably:0.022520978443671777
mother:0.040184944280559756
has:0.010045042206476895
32-bit:0.20953362118387328
writes:0.0062383244435619085
7.1:0.054553371622402015
if:0.006322173771352918
of:0.003668690293693182
what:0.008683416066005955
but:0.006276256813683116
particular:0.031991051397017044
well:0.015876112359937213
they:0.008801128533091921
in:0.006704894411112848
offers:0.04264236248474174
clean:0.08192155079200576
and:0.001800931200428254
still:0.019261406436127802
for:0.015346644476984623
subject:0.00025185808388696507
i:0.005402793601284762
news.udel.edu:0.05471744466685361
any:0.01930730691110957
than:0.01349623851150435
the:0.0021332632358180745
see:0.01669231850387902
when:0.012336551347582414
would:0.008798581567022415
450:0.055766743111289686
apple:0.035786480634802595
just:0.011079137391187602
upgrading:0.0527792939667139
about:0.009292605474734638
is:0.0025346474234968293
trouble:0.03598888568198429
rom:0.28523090704459114
davis:0.046724068625464896
aware:0.03864997369793282
