reached:0.021056528814832196
some:0.005235591368311005
there:0.004115600832184518
marty:0.027273095456625426
quadra:0.022277592283945654
800:0.021523207558752405
mb:0.26612024512455923
with:0.010490177162144346
4:0.055701109959163206
though:0.011145938123814706
ca:0.00922219101386691
from:0.0037962881364581864
sell:0.015605705376594474
both:0.020140843787517827
my:0.004261050499239019
to:0.004326185704320994
most:0.008325540197161604
been:0.006579553305925736
that:0.004666878369073679
problems:0.012300776842564004
memory:0.015164270072499172
bit:0.02444021702292107
nt:0.0032021459718495
could:0.006767305629264832
need:0.00861525556725218
re:0.0016768632411577153
so:0.00458211030217453
this:0.0047083626759768515
simm:0.12543957758905097
two:0.016724568902720283
on:0.0045471643519218825
you:0.0024923721498148962
used:0.026562289349823305
purchased:0.0214657156823889
them:0.006573359513597493
parity:0.027378613382231676
8:0.05295948488562989
ns:0.0543400068932984
m:0.006138182565542924
why:0.00798081874508523
sure:0.009784950763045756
a:0.0031311751700591815
same:0.008708938791608127
want:0.008486986402296778
price:0.014036521084502075
was:0.007941355462792695
as:0.007175911750825277
chip:0.028990173612585417
are:0.0028830106798261234
works:0.013341372168388968
d:0.008169705033080876
it:0.003074936589596161
not:0.0054072646509055146
ones:0.015213587355950029
should:0.007366870592975245
have:0.0022926036464020307
probably:0.010705039080848468
only:0.011959966262504812
composite:0.1086800137865968
ve:0.008184456049450377
fail:0.020470788086504554
per:0.015860202311986624
60:0.03651712358198222
careful:0.020633871692651976
adams:0.020778539236231443
be:0.01815797668144529
simms:0.24736615837401812
presently:0.02642088199076056
writes:0.002965302201872477
of:0.0008719308769764065
but:0.0029833328352036332
parts:0.049085583113224585
banks:0.0423240934808769
dram:0.027710936127315636
using:0.0197705881492818
together:0.01595948987197413
alone:0.017216203297822842
they:0.004183496074025756
cheaper:0.039545994609567654
called:0.012028047066622125
one:0.01322839786245232
in:0.0023903098909572713
use:0.007456410438328915
and:0.0025681440436600214
for:0.007294817554082376
subject:0.00011971729547990268
cause:0.014141260687632586
i:0.004280240072766702
news.cso.uiuc.edu:0.020563251257817272
possible:0.011555926560379291
ago:0.012830339575626206
allow:0.01572320480437037
than:0.0064152523866343545
the:0.002028035004454851
do:0.006442313174049297
devices:0.019034432482164385
would:0.008364570817079605
imagine:0.017658020423616423
an:0.004026449051846353
apple:0.017010614113403925
problem:0.009486839874643875
satisfied:0.02432403495392123
many:0.008310318509318805
either:0.011226738596920888
ux1.cso.uiuc.edu:0.02819619883870681
time:0.007083004349344007
dale:0.043280901934583935
build:0.05020134165495545
told:0.013902330792507309
1:0.01756523669887631
advice:0.017443305238714117
16:0.01563673875257911
although:0.014169235232084116
article:0.0036337797323614395
very:0.007817230904858507
confirmed:0.023911394152485124
thus:0.0149388119859924
before:0.009534503440460288
past:0.014813966129611495
buying:0.017987524328419355
s:0.002782225474690665
