week:0.024627420031468453
help:0.015286376571727121
all:0.00681477021890208
saw:0.024267004165253247
thanks:0.01423847603511545
replied:0.039760244882178414
wonder:0.02635976934154949
with:0.008354676811279247
way:0.012374091568189595
much:0.012479977639713796
my:0.013574489447575732
to:0.006890995800454155
keyboard:0.12985094388494273
that:0.004955780363349669
could:0.010779351109471837
re:0.0026710035912726466
so:0.0072986471241780005
this:0.01124962367938755
appeared:0.03396788619491892
on:0.010864474826556213
tell:0.017214464668731805
am:0.023347662238590937
assume:0.024796346823494117
identical:0.03490909532085552
apparently:0.027061864687511875
posted:0.024381292317727826
a:0.004987514735165697
y:0.030452646975248642
as:0.011430202288814549
said:0.015653605919024514
oil:0.03201291597722577
question:0.015592757738193602
fine:0.023136832699432574
160:0.04142892239061773
lc:0.07413057217662156
far:0.017781271943724298
no:0.008041040972732214
those:0.013256540387768287
works:0.02125089995393386
rated:0.04082832869625672
earlier:0.02818533239203066
extended:0.10243940077487285
mouse:0.06208474538896901
electric:0.03734271346914124
be:0.004131866122410509
which:0.009227802375125127
thinking:0.024882332384633252
writes:0.004723302792982588
if:0.00957357742519156
of:0.0013888613254695618
pb:0.08363023365652512
what:0.006574586449975937
but:0.009504046032148718
powerbook:0.03874471281946025
ok:0.023313208503649513
seems:0.01683205063843627
order:0.020030834722374942
who:0.009236091958813203
net:0.04735917835569261
now:0.023598777112546345
good:0.011571498938282137
in:0.001269140727817789
or:0.00963302082432979
p.s:0.03239166217942734
and:0.004090686583829891
for:0.002323920449371957
subject:0.0001906925492287021
i:0.009544935362269746
ago:0.020436898038318885
any:0.007309194759205766
necessary:0.02574839841058232
will:0.008095038177880603
the:0.005383950071350378
hello:0.027637791361798367
would:0.013323566372919657
consensus:0.0402743413080719
an:0.006413558132583833
apple:0.027095478194921967
about:0.007035829859441939
general:0.021060216879196795
is:0.007676360768304683
new:0.01231428260631105
article:0.005788092002261436
very:0.01245173208416748
answer:0.021687650300920402
apply:0.028568257039211953
john:0.019153417139870326
