tv:0.018127564862448146
24:0.03505343300352594
at:0.00843028720052087
there:0.013173861036992546
know:0.011807417470414371
hours:0.03747535288565188
startup:0.025896093797501046
true:0.01236019517778874
take:0.010171048470505758
thanks:0.009537735143139535
damage:0.021289343809419478
much:0.008359793634258044
times:0.013447254265516873
generate:0.0224392765934127
my:0.009092959438567477
to:0.0032971271772507913
line:0.013511022721559754
day:0.03650674214013692
t:0.012326665334930344
engineer:0.021333039903023657
potential:0.020508480099624377
been:0.007020288934073872
she:0.01586192576506451
that:0.0016598307437056307
think:0.006888746543198828
nt:0.006833287576291277
television:0.02501425782621901
re:0.001789189008507993
so:0.0048890459205020095
off:0.010447164822757657
internal:0.018959652708709727
on:0.016981156826196313
possibly:0.01855001752821694
them:0.007013680246565746
size:0.01722907721084147
support:0.013105054112600507
modem:0.020398902280070862
computers:0.0207548749597544
more:0.0060833446211517985
a:0.00868638929952303
desire.wright.edu:0.02877731581833463
same:0.018584625363910166
as:0.015313189669225232
intellectual:0.02556598436454913
mac:0.01641761786990974
wife:0.01933484223513861
waste:0.020471674618173872
empirical:0.029212587484390738
evidence:0.015395732222550607
far:0.011910899866609577
frank:0.01873767644282594
computer:0.012826329689786198
no:0.005386343235323014
care:0.015148406417578454
it:0.00164045660162666
conviction:0.026768445743883606
not:0.005769473766277176
should:0.0393017258907531
statement:0.016618179041592372
being:0.00931006665035956
drives:0.0193638404390223
ve:0.008732697124533178
heat:0.021866511215106632
always:0.01271270860286463
has:0.010189229415182306
electric:0.02501425782621901
uses:0.01633968961644228
without:0.01075220327656696
be:0.005535514422368147
writes:0.0031639348852514943
depends:0.02060175184450955
of:0.0018606754599592215
monitor:0.05378864842232739
kept:0.019108974270689826
what:0.004404029200940819
but:0.00636634662440584
years:0.010668781928135853
iron:0.025839469598233092
supply:0.038640817546454966
they:0.008927460521605202
one:0.004704836879309198
in:0.0017002842286554113
seven:0.02305846833337204
yes:0.012760028088535352
or:0.009679111833058642
use:0.007955882907882048
better:0.01069959747034164
and:0.0036535637750314816
still:0.009768942977174866
for:0.001556693123981215
subject:0.00012773663584697749
twice:0.021580773250027097
austin.ibm.com:0.049934235303701065
i:0.0036535637750314816
power:0.03878261167708912
monitors:0.044185203146486426
any:0.0048961113219560155
turned:0.018788987272313862
than:0.006844982211576369
the:0.0028851789856040306
do:0.006873855683315757
thing:0.01083221260825338
interest:0.017477440175444427
less:0.013152466777972618
electricity:0.05424605868541048
her:0.015820137822630278
an:0.004296163342400654
problem:0.010122321971509972
about:0.004712996078095079
paul:0.01566996407229214
is:0.007713089767196093
harddisk:0.029691455707151423
white:0.016263010267084172
itself:0.016091176270786507
new:0.008248801745854292
sean:0.024519624551320278
keep:0.012676624804430244
does:0.005830090020753709
lot:0.011859107120887037
boomer:0.029567171083212378
six:0.020274154718780073
advice:0.018611756307336115
first:0.008983515930100675
nothing:0.01222419139474119
leave:0.016905177628203427
article:0.0038771908149119664
brett:0.025061867064750915
three:0.013964057447236711
lots:0.017457870868020864
fault:0.021181818183333076
by:0.004738925716828546
demon:0.027349119700841824
s:0.0029685946452441066
