pc:0.015288266339439832
go:0.008924001155018933
ask:0.013369553139249393
cable:0.019805722309124994
out:0.01080896421174734
know:0.005659977640634412
all:0.004376457938744455
story:0.032982179156078935
vertical:0.02477270250472806
own:0.010396746034623832
your:0.005779505606336067
with:0.01073077755577151
sizes:0.026525951339333092
into:0.008214696802671497
such:0.008821179832421096
my:0.0043587810152766115
to:0.0037932086974976995
make:0.008073763685090385
that:0.004773916863777204
like:0.01602714307580743
nt:0.013102358747200707
advise:0.027490609178031995
need:0.01762570634401134
re:0.003430646814478629
30:0.01570231868978849
internal:0.018176914752845566
you:0.007648609945991585
them:0.006724124640056151
answers:0.019222987258038452
a:0.004484187560057232
other:0.01265420172322854
as:0.00367024844136247
mac:0.031479652612946205
cables:0.04833384792676744
idiot:0.02431103495527995
also:0.0068050327141264515
video:0.032070744888669935
prices:0.02001129118889469
are:0.002949134777987273
works:0.013647366942893304
it:0.004718193987247321
not:0.002765642241174151
have:0.007035558896527333
centris:0.04630559501765406
try:0.011176099414419233
real:0.02346416379814906
doing:0.01229680231727209
has:0.004884286577461244
personal:0.015384841610989523
wasting:0.025933236974745904
svga:0.09521357894244971
rates:0.08413954184391288
thinking:0.01597947951306723
14:0.017127765228241595
writes:0.0030333137202640478
get:0.012058476837533232
tech:0.02080198488587077
if:0.003074084494327566
of:0.0017838585831719143
monitor:0.03437867743200741
opinion:0.015180328277925181
what:0.004222211481635923
but:0.00610351580046248
treat:0.02213679158580784
released:0.01984241975255195
nec:0.024881925663873556
fairly:0.018000947469027
seems:0.010809573804500358
well:0.007719577569510756
they:0.008558895637685722
up:0.0061626622493228655
good:0.007431237850272932
one:0.00451060049438359
in:0.002445133512309502
system:0.010253313436892317
use:0.022882287079091946
and:0.005254092859964999
few:0.01048452982067104
for:0.0029848519533217798
subject:0.00012246310500925824
half:0.0173469884568487
tricks:0.02622002760310065
i:0.008756821433274997
horizontal:0.02482698900769596
monitors:0.04236104338355809
any:0.009387956571456949
mile:0.024360095914531088
than:0.0065623912028415655
the:0.00414909913755442
do:0.009885108975777478
thing:0.010385011170297966
would:0.00427820938579989
can:0.003965899047879419
adaptor:0.05669301611368245
leland.stanford.edu:0.02315279750882703
lane:0.025226123764529124
ends:0.021702351441121513
may:0.00853681434605427
come:0.011014649882887195
an:0.012356396402225736
apple:0.08700382906626321
lower:0.01821551657360375
just:0.010774207004274184
note:0.013585729811369256
here:0.008258719750566038
about:0.004518422845513173
is:0.004929772970470898
match:0.02195804861088406
else:0.011589689107055308
right:0.008898502723808713
time:0.007245458577539971
does:0.00558939823090608
life:0.012799905290315184
their:0.006943502837530798
16:0.015995379549656612
first:0.008612636832068997
hook:0.023590000168479893
article:0.0037171233042045918
mike:0.014657853343842677
everything:0.014172763687721345
s:0.01423018992789033
