some:0.01242060505461015
iisi:0.057327160704973665
thanks:0.021206240903363437
with:0.006221567838186674
much:0.01858720073999927
from:0.009006087813086974
my:0.010108662354577674
to:0.0029323386384911294
choices:0.054612448949028704
like:0.012389777271368864
really:0.02075952918288219
nt:0.00759658033747275
its:0.021998133574831595
so:0.02174065100818979
charles:0.04378992186099825
this:0.01116983911428551
you:0.005912755206475764
am:0.01738655698618474
them:0.015594246505662136
support:0.02913783308014368
card:0.032562854750151506
m:0.02912371727906536
more:0.013525734317241763
a:0.004456928061211899
how:0.013993223374777918
wondering:0.03828652661550316
deals:0.057327160704973665
question:0.023223256205820258
video:0.11156525083611774
l:0.035159155093120883
display:0.039214057626973164
are:0.006839482782991761
fighting:0.04850953908279835
it:0.0036473981887231058
have:0.010877672620162827
only:0.014186555726269005
peace:0.0819496990513415
able:0.02805814070330499
develop:0.04793151407255016
love:0.03481082383171754
be:0.006153843161036929
get:0.027965403729598347
things:0.0237736800865984
if:0.00712925978471712
of:0.004137033735441248
monitor:0.03986463659668944
but:0.0070774810877703214
tend:0.04531493716743972
oh:0.034358682810015674
using:0.023451282751541708
up:0.014292131599493453
speed:0.035728352839210435
and:0.006092511933363668
for:0.0069223162321717865
subject:0.0002840101797023223
i:0.01624669848896978
stupid:0.041081767992197364
will:0.012056439839396643
than:0.015219162576802777
the:0.0016037298084873467
do:0.007641679988366986
just:0.012493495356020063
is:0.002858219435007063
cards:0.04186188791863938
limit:0.047238542772859084
does:0.025925293922075005
16:0.03709566746622491
slow:0.04368646920257278
opinions:0.030378831441702576
built-in:0.06014303894143199
