sent:0.018957126537575322
mode:0.019739099208650676
some:0.006018231315120382
at:0.004541056765229026
tel:0.020955917934527713
knows:0.018010110366707396
mb:0.023530854346858327
dos:0.018193568846618234
pressing:0.031231498807230782
thanks:0.010275188891320428
graphics:0.01813784247494702
versions:0.02288877845695234
with:0.01205829642865046
from:0.008727549014744079
work:0.010438517855620121
ext:0.028149864782717273
upgraded:0.028692960224252464
to:0.0007104119381911499
then:0.016452374739956734
boot:0.05060439659165301
h:0.03642455798241769
mail:0.015795440746576576
been:0.007563094779491955
problems:0.014139552762328728
control:0.015719764278046514
me:0.005585508661879096
re:0.0019275283648359305
so:0.005267064934973815
fixed:0.02337542631505066
voice:0.018693269595031793
this:0.002706095043151644
finger:0.025647247175595102
he:0.008196562925362038
generation:0.02391285420332081
these:0.008539360686077024
unix:0.020425605237733672
you:0.01145977297749942
great:0.012996137570786994
support:0.028236662984881502
card:0.04733363422444704
a:0.005038932412847817
worked:0.01981527752873376
said:0.011296416642595012
ram:0.020050809630068292
se/30:0.06542879217582012
panel:0.025414667612293714
fixes:0.029897160488074653
early:0.01805536648862516
works:0.015335700997684228
it:0.0070691841183499375
not:0.015538917746803218
have:0.002635312438905427
shift:0.02497880478740679
systems:0.015466067630322735
properly:0.02219467080155926
32:0.02207432356446137
after:0.009944400451881191
32-bit:0.028621860625632177
public:0.015277034010621617
screen:0.019269624588175504
pgp:0.023426716680273175
free:0.0148840607944574
without:0.01158355920001286
be:0.002981759057409646
pds:0.0308915092825308
writes:0.0034085690258637232
get:0.006775123583974857
tech:0.02337542631505066
if:0.006908767214055766
of:0.0010022710596172095
germany:0.02167394707828498
monitor:0.019315854845818596
boots:0.029897160488074653
key:0.016524960676477195
what:0.004744546922663047
but:0.006858589920107322
happening:0.02340100770341215
macintosh:0.048408308512449275
ok:0.03364792979908177
easy:0.01708083280545777
please:0.009873275035594096
must:0.011945672306595346
they:0.0048088640438543485
pope:0.05543497199862319
now:0.008515022669475486
email:0.014143807520453303
in:0.001831749504066912
24-bit:0.0303703952780392
5:0.013396251994421045
system:0.02304352916744871
or:0.010427496768604412
rather:0.013265379654190017
clean:0.02238062985554797
and:0.006888097684112187
for:0.005031167983176402
subject:0.00013761317985576442
until:0.0147482769348693
grey:0.02828036894758475
i:0.002952041864619509
44:0.023426716680273175
person:0.01445976514986521
20:0.01621047602270938
any:0.005274676630354676
will:0.0058417801283674456
patches:0.029141472476776325
the:0.003108259835006404
see:0.009120545161913279
upgrade:0.0227967288827255
when:0.020221769734696946
disable:0.030081274315920423
can:0.004456525734215017
did:0.008473768265169924
people:0.00775913989728411
about:0.005077402991349853
17:0.020269607002476833
is:0.00138491044789002
cards:0.02028359517707269
either:0.012904962407800815
having:0.01348913088876475
right:0.009999348421599483
does:0.01884261053099266
lot:0.01277604839312057
run:0.013798115610244303
goes:0.016613542247374623
advice:0.020050809630068292
guess:0.0154441096027611
too:0.010064525092085034
rom:0.025974635864885444
very:0.008985786040120862
full:0.015926095277954914
answer:0.015650881660458024
by:0.005105337499057557
black:0.018193568846618234
while:0.011187332504528465
sometimes:0.01806446558926727
check:0.01705830703395716
s:0.003198125159051641
