24:0.02348130608249013
at:0.022588846473190538
quadra:0.0955365976792285
know:0.007909455933707062
all:0.01223163885443963
take:0.013626596989331432
supports:0.11081126883740477
900:0.1410075636068551
with:0.007497786881917273
sizes:0.037068316615221884
both:0.028791077978310743
to:0.0026503830001746746
besides:0.025962094834210827
vram:0.07050378180342755
that:0.002223747598938954
bit:0.03493697689814999
its:0.013255285615603655
re:0.0023970545049882726
bus:0.051885162201995655
certain:0.02113022430615711
on:0.01300022628818692
support:0.03511482448119879
a:0.0008951949524656378
same:0.012449316349542387
controller:0.02699928603012607
as:0.020515747697872268
running:0.019406797515683985
handling:0.0309347472160648
scsi:0.10846082810597339
also:0.009509596997945938
output:0.02620101403162898
video:0.022408405082468094
far:0.01595755174436796
are:0.008242453610272121
those:0.011896895219792052
meg:0.05968864867538818
it:0.0021977912162818715
not:0.007729615494563652
have:0.0032772475201772616
due:0.02125091336473386
drives:0.025942581100997827
machines:0.0252945290697711
color:0.0236835391448935
25mhz:0.037408764213388214
has:0.00682547739670866
24bit:0.03929184830651747
writes:0.00423886148088181
of:0.0024928280200735725
monitor:0.04804199794985651
but:0.0042646360400667325
advantage:0.027329298567530833
present:0.023233976171982716
separate:0.02706858677438386
well:0.010787614808675287
they:0.005980254003254767
commands:0.03102021856779214
up:0.008611925450976825
in:0.0011389724480416056
processors:0.0737019979525504
1024:0.08061220950040537
speed:0.02152862286465244
or:0.008645018688501094
and:0.006118548309147273
subject:0.00017113433905139932
i:0.0012237096618294546
faster:0.1250096483139209
actually:0.01566868030193003
the:0.005798100076838869
users:0.025312163899078092
can:0.011084179390227093
i/o:0.13233254295889263
different:0.01620010832058492
is:0.003444520857572614
does:0.007810825732932854
2:0.03746941446337325
runs:0.02404993923361112
1:0.012554640332850696
16:0.04470503515160438
x:0.05856076902973274
resolution:0.05727976916457523
950:0.19140703178247248
functions:0.030025930149400665
while:0.01391245196075976
processor:0.03132867528794726
s:0.003977155646512937
