go:0.014627310163865617
out:0.008858474429176389
bbs:0.030428892118463616
posting:0.024805928999670983
all:0.014346884671372798
printing:0.10961264167246684
where:0.01389065261829896
tony:0.03475747802588502
your:0.018946349205733272
with:0.004397198321725919
someone:0.016567354245586616
to:0.006217439819958635
remember:0.02092198523700174
basic:0.028719194056842104
bare:0.04474646695045418
that:0.0026083054543945623
nt:0.01610703500125801
me:0.008147283311312366
need:0.028890255511236633
anything:0.03490588195969028
re:0.0028115827276554172
this:0.003947236378732473
drag:0.03923404202433655
on:0.0076241928607412015
you:0.01671575907996156
tell:0.01812048912498085
a:0.0010500031021401467
how:0.0098899473475874
want:0.028460119815220775
as:0.012031791882962682
driver:0.08300268267262538
far:0.01871712836181505
straight:0.030050087424536156
files:0.024882041839005182
those:0.01395425303975609
have:0.003843989572538743
only:0.010026588257663808
left:0.02198800889850046
be:0.004349332760432115
which:0.009713476184342238
613:0.04749428479627723
get:0.009882511092414453
if:0.010077449921254275
of:0.0029239185799359193
3.1:0.08845538307241843
what:0.013841234631528289
instance:0.032141021795187484
print:0.033055361134246036
using:0.033149181633758205
up:0.010101205792123192
depending:0.03384034699666332
author:0.030406073293688017
in:0.0013359376082292516
installed:0.03011556357409844
system:0.016806182926635525
or:0.010140021920347147
install:0.03321917582736564
and:0.0057413145036209
still:0.015351196106989075
for:0.004892464103940962
subject:0.00020072899918810748
purpose:0.028277304452214935
i:0.00287065725181045
bones:0.04429967431533537
background:0.033285714288094834
the:0.003967121105205542
do:0.027004433041597616
views:0.030451780407044278
can:0.02600198473496882
drivers:0.029566193672785755
forward:0.03252366545907011
needs:0.025183056862175538
come:0.018054087777965477
individual:0.029035234520801145
expressed:0.03090044455355855
is:0.006060284817082644
number:0.018814021416524496
either:0.018823779752732014
itself:0.025286134139807365
else:0.03799326654643694
serial:0.031122691186953624
first:0.014116953604443917
fonts:0.037238731385708865
hp:0.03252366545907011
