another:0.041839723214878846
at:0.016621981367064737
out:0.02222975658642377
know:0.023280662748269846
active:0.1685970564089384
to:0.0026003757737562846
that:0.01963611087364963
months:0.06407159509395886
jon:0.07828996723996855
two:0.03518470627647757
on:0.019132408499595844
working:0.059783754918992585
rumor:0.10451010017578986
andrew.cmu.edu:0.07688263031560869
l:0.062357746768931376
it:0.019406911117356904
matrix:0.2322347527700791
color:0.06971003974723369
heard:0.05099334640414858
be:0.021828726684432878
boston:0.07867504028961396
pb:0.11045502558408977
seen:0.048914431898534956
what:0.01736683213201191
powerbook:0.10234452442876292
in:0.006704894411112848
and:0.003601862400856508
word:0.05790333049364941
subject:0.0005037161677739301
i:0.007203724801713016
will:0.042766239430312616
the:0.0028443509810907657
when:0.024673102695164827
come:0.04530554102772469
an:0.016941474312485598
apple:0.07157296126960519
jonathan:0.09019821451875597
is:0.010138589693987317
going:0.04109086196320155
s:0.011706344921811666
