re:0.031161708564847544
centris:0.420609154743691
real:0.2131328211665206
svga:0.4324283376969591
system:0.18626852743687708
and:0.01590822560378291
subject:0.0022247464076681914
monitors:0.3847794774006526
the:0.012562550166484216
news:0.5114794193605697
