some:0.0061449309217544955
read:0.011931595062620641
go:0.010239117114705933
at:0.004636657960286479
objective:0.02346634389332602
there:0.004830415713563934
all:0.00502140963498048
pass:0.02136460642205945
case:0.02601695902428164
switch:0.022379544326369346
with:0.006156077650416288
c:0.013611040502257683
though:0.01308181158742463
led:0.022186733099107347
from:0.013366930333108037
my:0.015003383073636337
to:0.0014507359579903482
observations:0.026924803072677327
normally:0.02239921970589886
that:0.0018258138180761937
problems:0.02887445511465024
think:0.007577621197518712
bit:0.014342548410819472
like:0.006129679281624596
through:0.012470859442235931
nt:0.0075166163339204055
along:0.01838927058495387
240:0.030714564301518747
installing:0.027782906373964196
recently:0.017417429287303627
on:0.0026684675012594206
set:0.013944287284873269
knowledgeable:0.031322526865317925
friendly:0.02726137530741561
helmet:0.027838018478528907
came:0.015888035434094457
m:0.007204287958505642
a:0.0029400086859924105
richard:0.01966356586725673
price:0.016474443167599804
was:0.013980965275285036
as:0.004211127159036939
red:0.019013783973381847
immediately:0.02222473440423096
mac:0.018059379656900715
drive:0.07431062496857864
scsi:0.02226301208491033
also:0.01561575928083754
rich:0.04778732099433639
promised:0.02812258280100404
quoted:0.023514852604404567
no:0.005924977558855315
manual:0.020682091562540857
ludicrous:0.03143104942954285
it:0.007218009047157304
have:0.005381585401554241
shareware:0.02610683410491927
spin:0.030909518362994267
quality:0.020232441266180786
without:0.011827423604223657
be:0.0030445329323024804
which:0.006799433329039567
even:0.008837681304031713
but:0.0035014906434232117
ok:0.017178153634268063
seems:0.024805127256642925
order:0.014759562427013116
up:0.01414168810897247
good:0.034105470554936825
one:0.005175320567240118
point:0.01158703137505295
speed:0.035352264914587164
external:0.022600127987504277
and:0.005023650190668287
still:0.010745837274892353
green:0.022149004207114648
for:0.0017123624363793368
subject:0.00014051029943167525
i:0.010047300381336574
power:0.02844058189653202
any:0.010771444908303235
pretty:0.030294947967575016
quantum:0.02726137530741561
than:0.007529480432734006
the:0.006744105878849421
when:0.00688249706759861
older:0.023253423079155948
would:0.009817364695835537
can:0.004550347328619544
did:0.008652163386541923
quickly:0.02234041286064557
simple:0.017364150299769687
an:0.004725779676640719
thought:0.01412940213258796
just:0.012361984878588273
long:0.06263976960812065
address:0.016804322915440057
hit:0.018840537578575837
is:0.009898465201234986
tests:0.02477527350247774
run:0.014088602254670499
experience:0.0348655028925805
ordered:0.024652868964771073
plastic:0.026786895849550886
dark:0.024273640977191823
almost:0.015905225948760884
although:0.016630207667130307
very:0.009174960483070775
metal:0.026393614027467007
comes:0.01591671756445006
going:0.011462187810787802
by:0.005212818288511401
data:0.01544392433266217
while:0.011422855294097487
s:0.0032654541097685173
