go:0.028194670315856915
cable:0.06257460091868476
there:0.0066505723592546915
quadra:0.10799789302869306
technology:0.024403389027659005
800:0.03478025569276657
existing:0.03137443229243515
thanks:0.014444830760262052
allows:0.02994690858801568
where:0.0133873681031432
cambridge:0.03385953918465856
though:0.018011189866744055
into:0.051907359506735834
clark:0.03633903380593284
both:0.03254643597548171
my:0.020656831768050027
to:0.003994780174176322
hole:0.0676369662311189
then:0.011564350360694226
keyboard:0.03293321040560142
that:0.005027603267166331
like:0.008439413503686037
could:0.010935573589319257
its:0.014984235913291089
me:0.007852091886989454
so:0.01480884923746261
comments:0.02669568850745725
had:0.0111189020701604
derek:0.1198340665703196
this:0.0038042205679088333
off:0.015822155419973553
617:0.03774182184269129
on:0.003673976994487608
a:0.0020239190229657898
advance:0.022923921859975722
button:0.034460174400642384
ie:0.03031607381711168
athena.mit.edu:0.03541502423854907
computer:0.03885076674152631
508:0.04190331443459865
have:0.00370471458802647
plug:0.13748504274483578
buy:0.021788703806115695
be:0.004191748240126604
which:0.00936153864143129
get:0.019048898192624963
down:0.017133083890964913
dept:0.02973411224885362
if:0.00485616246205369
of:0.002817979500952734
monitor:0.1086166910170669
institute:0.028206216303864537
supply:0.0585212381681818
shut:0.03419664074723025
up:0.00973522007501728
email:0.019883323615709717
in:0.0012875340716992064
extension:0.07339096970158701
thoughts:0.031116118243665312
and:0.00553329586218536
subject:0.00019345620936245142
i:0.01106659172437072
appreciated:0.02452726173316118
power:0.11747196870306705
directly:0.026322466126785363
any:0.007415125118034835
physical:0.030921386227353017
the:0.0027309891666270035
when:0.018951803519474435
would:0.01351666153774458
can:0.006264970959693575
sony:0.036818307737125196
an:0.013013016500894736
apple:0.027488166284703446
laboratory:0.03468735215342554
hit:0.025939870579198616
ma:0.05813359311938429
is:0.001946903093410608
institution:0.04424225205969322
type:0.023481974712548523
massachusetts:0.040644883318288215
hook:0.037265362584989976
woods:0.08955853270132445
s:0.004495915078666799
