at:0.00937196821760033
music:0.04900700467756472
there:0.009763606229544121
startup:0.057577485145507645
tried:0.032956000564219906
thanks:0.021206240903363437
c:0.055023355221892764
ca:0.02187817655417363
from:0.009006087813086974
unusual:0.05334879431083757
my:0.010108662354577674
to:0.005864677276982259
remember:0.02960238336724715
ii:0.03905744473521402
that:0.003690474738664647
mi:0.056725966978767896
memory:0.035974810916673566
like:0.012389777271368864
nt:0.00759658033747275
me:0.011527539153239837
willie:0.06445649753832736
happened:0.035875541475940756
anyone:0.017796965421716927
had:0.016323494528533353
error:0.04005806552310637
this:0.005584919557142755
mean:0.028121511242870857
on:0.005393710906800957
tell:0.02563856440023886
a:0.001485642687070633
other:0.01467348923225437
classic:0.05442247429583715
was:0.00941979929895091
mac:0.03650300143416102
avail:0.062476686052860754
scale:0.05148036272952738
no:0.0119760184700267
those:0.01974378355625064
it:0.0072947963774462115
ftp:0.040354967524351866
ve:0.019416315947100363
after:0.020523549868776077
sites:0.048455674168367
asked:0.035875541475940756
g:0.03760640384054789
were:0.016503226568854244
kinda:0.0543287441928355
what:0.019583874531843216
but:0.014154962175540643
2nd:0.09290716703381961
find:0.02251539082631266
or:0.007173526145777503
and:0.004061674622242445
subject:0.0002840101797023223
i:0.006092511933363668
the:0.00481118942546204
do:0.015283359976733971
can:0.009197510557848015
once:0.02854288505239262
e:0.03309457123461518
1st:0.2872829457801844
faqs:0.0647010668811433
before:0.04523817589835413
answer:0.06460151153465653
usual:0.04563979593190868
happy:0.04040526689877682
giving:0.040354967524351866
check:0.03520544217646478
tone:0.0579643749771127
s:0.006600385966553386
