above:0.0165009456371427
some:0.007075981061414267
24:0.044401015137799524
week:0.020895992753973233
say:0.011500272571318445
resulting:0.02970580593885896
stations:0.06650171607068414
hours:0.04746878032182572
all:0.005782229276644189
allows:0.025046505364522204
cnn:0.06301466064702618
your:0.007635952861704621
from:0.005130740935940458
work:0.012273166448426083
suns:0.07490350007747136
harm:0.02916765140077938
to:0.0016705444364737343
recall:0.023702152818624377
schools:0.029837087737532776
matthew:0.051954816252381755
day:0.03082791558500451
t:0.03122755218182354
make:0.021334308889087317
that:0.006307356826081396
nt:0.004327748798317809
months:0.020580572969574665
its:0.012532270036570729
consider:0.019517358051946626
re:0.002266306077443458
off:0.0396992263264791
installing:0.031992437642746646
yang:0.11904115520939461
contact:0.021091347266548894
unix:0.024015560097698986
on:0.006145561518051999
you:0.0033684787236892234
used:0.011966445505071912
disclaimer:0.022751851679237496
etc:0.02814938166616043
none:0.021954607469219962
them:0.017767989957966555
computers:0.026289508282355576
a:0.004231830684383015
following:0.01658978347296825
40:0.023178831442574536
turns:0.026750028930706618
responsible:0.023702152818624377
officials:0.029369018962163138
are:0.0038964326157650032
no:0.00682270143140915
seizures:0.03729830877822483
works:0.018031066627580243
police:0.02227626613110722
it:0.0020779116953937695
not:0.0036540000519755447
should:0.019912874451314903
have:0.0030984885645312294
probably:0.014468022515328536
ve:0.011061416357742026
energy:0.02779154563935304
expect:0.02094679444338417
left:0.05317100333637385
stated:0.023527848866047026
uses:0.020696940180826892
be:0.0035058258008331595
which:0.007829650500106169
writes:0.012022952563955679
dec:0.03006241502990704
if:0.004061517695535814
of:0.0035352833739225207
monitor:0.0681322880016147
kept:0.024204700742873782
but:0.004032019528790365
min:0.03435583716742664
they:0.011308116660699924
in:0.005384233390742136
5:0.015750744769198077
u.s:0.021380256975749686
or:0.008173472214582853
force:0.021660631023119825
industries:0.036068364269153975
use:0.010077451683317262
and:0.003470885586279908
few:0.013852287884280525
for:0.003943622580752412
subject:0.00016179973873950483
i:0.002313923724186605
monitors:0.027983961992774736
eng.umd.edu:0.0354794930664046
institutions:0.035368286165385225
necessary:0.021847125924130455
turned:0.02379938387826423
source:0.01890465431333227
the:0.0031977400423778006
do:0.0043534419327666465
when:0.0079252996535984
educational:0.031992437642746646
ibm:0.023881618600725255
wam.umd.edu:0.03348855932718013
last:0.013213106376118168
7:0.019342597145038217
just:0.0071175064452477935
here:0.010911520640141795
jones:0.03006241502990704
readers:0.02757451865331237
save:0.021954607469219962
mostly:0.024733630422671855
days:0.01805001590636468
does:0.0073847806929546985
lot:0.015021535686456913
automatically:0.028564858712714906
article:0.014733325096665473
included:0.022683523942430114
s:0.0037602198839758686
news:0.018599251613111628
