cable:0.08108258147209857
there:0.004308821528531208
quadra:0.046646977270609215
technology:0.015810646412286116
800:0.04506737357372569
thanks:0.009358622746085272
allows:0.019402222465474947
where:0.008673506094994187
your:0.005915174752024707
with:0.013728342178158387
cambridge:0.021937166232313995
into:0.00840753006095017
such:0.01805649956307792
clark:0.023543599367224093
both:0.010543211654029286
my:0.02230549909226059
to:0.003882251155185439
recall:0.018360822605976632
hole:0.04382113305114745
owners:0.020270645368024642
enough:0.011418537685152094
been:0.013776905044332764
that:0.0016286602133074029
provide:0.01585425201072025
so:0.004797232851572395
derek:0.07763897270753102
this:0.007394118850301676
getting:0.012733340714669888
he:0.022396242359439933
617:0.024452447954419705
two:0.01750975993101701
on:0.00476064624637831
machine:0.015271358471006323
am:0.0076729406417904485
card:0.01437046172072414
came:0.014172425974074868
a:0.005245085918671907
as:0.007512809016122239
shipped:0.02626575192709706
se/30:0.1191848420855315
cables:0.02473422264797019
separately:0.026471398042864164
question:0.010248760954681241
advance:0.014852118388153285
video:0.016411789637863956
athena.mit.edu:0.022944945281313484
no:0.005285191249683145
month:0.01865635441026882
508:0.027148626253401944
it:0.004828949714647492
purchase:0.02048103980835231
have:0.004800475240823032
plug:0.04453740821311582
buy:0.01411662500114538
kind:0.0388102351684938
types:0.03846851842235568
has:0.004998941191955639
which:0.0060652222183921025
14:0.03505965088973397
get:0.006170769837047523
dept:0.01926435441475023
if:0.0031462461021756305
of:0.007302932791201451
monitor:0.08796422159832883
institute:0.018274449999686884
what:0.008642648854428463
years:0.010468429215870392
supply:0.018957584195326498
using:0.020698784776008644
who:0.006070670771050931
up:0.006307325682405562
now:0.007755466656705372
one:0.009232966270193639
email:0.012882153328487985
in:0.0008341770041994858
yes:0.012520403147905581
or:0.003165781491563781
use:0.007806476656090836
and:0.0017924761243699055
for:0.0030549189005828546
subject:0.00012533782578412345
however:0.011253985465713207
i:0.0026887141865548584
back:0.009888998685763086
power:0.05073906629428248
socket:0.025879657569177004
allow:0.016461383433683533
physical:0.020033574175468152
will:0.015962047111313864
the:0.0035387465257702014
do:0.0033723845958051487
can:0.008117990539321253
home:0.01375287817775281
sony:0.04770822974388053
extra:0.018237914129066907
rgb:0.025299310358063497
needs:0.015724631749621347
come:0.022546419478585995
bought:0.01719757628576742
an:0.012646452655799108
apple:0.07123693797725963
laboratory:0.022473495761374293
here:0.008452586411377446
different:0.011864868065780507
ma:0.03766401807734757
is:0.0037841215055023085
institution:0.028663994292195606
does:0.011441209524296012
massachusetts:0.026333304685088137
hook:0.02414375604097942
him:0.01125124555569628
woods:0.05802383808818204
planning:0.02175405751023292
past:0.03101891499439778
father:0.04065419395639484
s:0.008738539166986173
