some:0.010241551536257491
believe:0.01905852526605562
there:0.00805069285593989
watch:0.033720735443634645
thanks:0.01748584776242248
with:0.00513006470868024
such:0.016868571960243845
from:0.0074260724072822415
to:0.004835786526634494
remember:0.024408982776502035
been:0.012870529712468765
that:0.003043023030126989
generally:0.03391885520371139
so:0.008963250854253684
anyone:0.014674690786327993
this:0.009210218217042439
on:0.004447445835432368
curious:0.03759888018264469
you:0.004875429731655455
serious:0.03155257576350413
etc:0.06111378914363778
state:0.02331327532404049
board:0.12600689541596996
a:0.002450007238327009
price:0.027457405279333005
was:0.015534405861427817
as:0.007018545265061565
also:0.013013132734031284
plus:0.03136754257876904
video:0.03066413327074581
radius:0.1008553656192795
d:0.015981089669973993
it:0.006015007539297753
texas:0.06961701178366671
have:0.0089693090025904
due:0.0290801972359516
opportunity:0.040362749012819214
composite:0.10629668015092582
buy:0.026375799344245315
kind:0.024171286815465435
generating:0.05238508238257141
has:0.009340126963917113
be:0.0050742215538374675
which:0.033997166645197835
if:0.005878512454064994
of:0.0034112383432585726
what:0.008074053535058167
street:0.03498270596770706
one:0.00862553427873353
bob:0.06463166691279122
in:0.0031171877525349207
for:0.005707874787931122
subject:0.0002341838323861254
i:0.006698200254224383
any:0.008976204090252696
information:0.02139316916213829
quicktime:0.056805303267847
normal:0.03309090065367143
the:0.001983560552602771
upgrade:0.03879443336183111
commerce:0.05168295336789127
maybe:0.023227307739844945
movies:0.049591628600829885
an:0.015752598922135732
problem:0.018557590281101616
here:0.015792990400205226
address:0.02800720485906676
about:0.025921478429522932
disclaimers:0.04790415585830834
is:0.004713554857730945
architecture:0.049459717395877775
east:0.035716309468342256
issue:0.027468070240919764
does:0.0213769967427636
hear:0.029067382142621116
insert:0.04551877238915358
change:0.026070255332548135
very:0.015291600805117957
u:0.033172311259587854
april:0.029843454928843088
usual:0.03763281418946856
s:0.005442423516280862
