at:0.0050630173129565005
out:0.006771132753335976
know:0.007091236354358057
thanks:0.011456245085725075
fax:0.017578409999329823
with:0.013444307512403386
lciii:0.1329346526890716
from:0.009730715568162938
my:0.005461001501898283
08:0.03630310274657972
to:0.003960342414054112
clock:0.04931196342068294
so-called:0.028820613018498458
mail:0.01761100864848193
been:0.008432416018514018
that:0.0019937047438763037
re:0.002149083349299831
anyone:0.009614452584145927
phone:0.0168813053230435
math:0.056094893934035925
this:0.006034280900820908
hi:0.018109291149508072
on:0.008741531469642929
performance:0.021787420882739172
am:0.009392737682191756
card:0.01759142727881748
sure:0.012540482874478181
board:0.0412781209121281
a:0.0024077657342179226
how:0.007559557455339795
old:0.015217891277829448
local:0.017565422137448
compatible:0.02589403633804434
question:0.012545897030730484
advance:0.01818104147515316
lc:0.029822643979100626
chip:0.018577036539099274
18:0.044445396473828724
it:0.0019704335042527122
not:0.0034650000492871544
should:0.00944144909329586
46:0.05964528795820125
ab:0.030045861411952722
have:0.005876443829283366
boards:0.02688686453216965
only:0.007664001369363716
ve:0.010489274132341577
optional:0.03215290322110157
real:0.014698815252863491
always:0.01526986263217648
snail:0.03266791562736414
25mhz:0.06707778410676508
extended:0.027474168790195784
placed:0.026177203286359182
has:0.006119393528083626
heard:0.015532456088619969
sun:0.020853404046545065
be:0.006648979967097371
pds:0.13776902990370057
writes:0.0038003585690664504
get:0.007553873421213346
of:0.0011174746296881532
style:0.02638406307169197
andy:0.05151503720473112
what:0.0052898971436588
but:0.0038234667945425877
good:0.009310401444594822
box:0.018209994314405786
email:0.015769532522804258
in:0.002042295424074603
cpu:0.05140761349877437
thomas:0.04234488521872529
or:0.0038753532051901455
for:0.003739642102437632
subject:0.00015343078673573735
i:0.00548559503578721
fpu:0.06447119422900889
socket:0.12672108189045292
any:0.005880961300510386
will:0.013026498217279131
the:0.0064978707757676986
when:0.007515370361170896
can:0.004968770071481111
instead:0.017630656963130122
put:0.014295743100843559
come:0.013799963646375911
an:0.0051603341296651535
apple:0.021800959467178593
is:0.006176382227371584
ethernet:0.08996771705580624
throughout:0.026598647384551994
itself:0.01932790712985276
motherboard:0.02594956456167501
does:0.007002809277801869
life:0.016036662949935113
told:0.017817354981201898
experience:0.01903576307353533
guess:0.017219294614572722
designed:0.02258389308553312
adapter:0.08618816062176624
slot:0.05859963533514693
article:0.004657085519060925
comes:0.017380323777273055
close:0.03994153122035104
answer:0.017449833575453197
by:0.005692157901248081
sales:0.027811230440089506
while:0.0124732327924053
s:0.007131451504092164
