since:0.05196939281568004
proven:0.06160044122982902
options:0.05876597933346515
to:0.0017898690390790012
that:0.004505254875772426
considering:0.052017791627988225
choices:0.06666974287284025
reliable:0.06024797033044464
nt:0.009273747424966734
me:0.014072580264994089
extremely:0.05737857642908611
etc:0.030160051785171893
3:0.0304086486316574
answers:0.10884704473382813
a:0.0018136417218784352
how:0.017082636327650967
price:0.04065122340057095
mac:0.04456210564689787
plus:0.04644025784389183
helpful:0.06031952430201568
prices:0.056655343885442105
reasonable:0.048549443767611014
have:0.006639618352566921
ve:0.023703035052304342
buy:0.03904988474342813
gene:0.27933466409695845
be:0.0075124838589282
applications:0.050653260096030286
were:0.020146796071068823
if:0.008703252204719602
of:0.007575607229833973
future:0.045513069146985066
seen:0.0336683752028877
looking:0.03368682266761876
what:0.02390758709082159
using:0.02862883868370027
they:0.012115839279321347
now:0.021453433738678498
one:0.02554054305910708
use:0.021594539321394133
for:0.012675929723847039
subject:0.0003467137258703675
i:0.004958407980399869
limited:0.0504168189986722
any:0.013289445016737757
exist:0.04722759059475462
the:0.00489450006486398
would:0.0242246661325812
wright:0.14764200828990548
company:0.04371594856664091
is:0.003489254894683947
limit:0.05766783143699681
questions:0.03927501736682483
2:0.025304020157083232
their:0.03931645762549907
1:0.025435375219801413
high:0.03632888085248729
seem:0.03584042279085374
