some:0.009050673450646156
since:0.015510245142664195
at:0.01365837228611521
computing:0.03381753084634916
know:0.009564923454715518
fax:0.023710413487468135
rumours:0.046623713225053785
someone:0.017081070656302478
from:0.01312515123147559
wrote:0.019965697478239234
themselves:0.025088761366843546
been:0.02274791298017735
that:0.0053783662858058415
think:0.01116083742270198
v:0.029818979177534975
arrived:0.04092055977560618
could:0.011698520583922926
re:0.0028987635874276785
announced:0.037409461749659756
on:0.007860601941694417
medical:0.031186181954795902
products:0.03139602165997588
them:0.011363249391722797
a:0.002165122675730845
price:0.07279405120567356
was:0.013728079598471095
sweden:0.12375143780167425
plus:0.08316046172045746
official:0.03144343427251415
straight:0.03098187308111092
brian:0.028961841199835494
18:0.05994960454609456
it:0.021262352231936246
46:0.08045178375757378
systems:0.023259047444051245
mistake:0.03463427902974316
only:0.010337490219141756
hughes:0.039656686696191414
university:0.01821969071006708
has:0.00825406568904303
list:0.06771229295166464
be:0.008968391583526686
hades:0.047515723533462985
writes:0.00512606504664777
if:0.005194964494289994
of:0.0030145827219494365
department:0.0268843068425809
what:0.007135210100749079
released:0.03353215120973895
never:0.017084800239239226
ph:0.0425301672545073
they:0.007231935073703439
up:0.01041442147559988
called:0.062378011531551945
one:0.007622565176555213
in:0.0027547240603796974
and:0.0029596698797735646
still:0.015827202187825948
subject:0.00020695315420169222
station:0.06412387810499467
showed:0.033137642626046016
i:0.0029596698797735646
mats:0.14831080231910015
the:0.005843046589062426
got:0.01714847923744631
apple:0.11762378131128916
here:0.013956596167623224
about:0.0152715686871608
is:0.002082733541788092
new:0.05345735084910223
center:0.025322719639324098
paper:0.11958599681353783
before:0.01648212610250112
by:0.007677794378427644
s:0.009619167145054548
