some:0.05076247283188496
read:0.049282675258650474
thanks:0.043334492280786154
work:0.04402331443457182
to:0.005992170261264482
clock:0.0932639308173786
ii:0.0798130392415243
make:0.038262619203254425
so:0.044426547712387826
brad:0.10392402977161014
this:0.0114126617037265
same:0.042219420663665484
as:0.017393786091674312
lc:0.22561478488536996
have:0.011114143764079409
area:0.06974928357955103
400:0.09980058640161746
doing:0.05827615011228946
if:0.014568487386161072
speed:0.14602022464720787
and:0.00414997189663902
for:0.0070728013676537825
subject:0.0005803686280873543
i:0.00414997189663902
faster:0.084789152769442
the:0.00819296749988101
thing:0.04921592250271645
upgrade:0.09614272615758145
hello:0.08411501718808198
would:0.02027499230661687
an:0.019519524751342103
upgrades:0.1268645047236644
about:0.042826790448777026
is:0.005840709280231824
new:0.037478251410511886
run:0.05819205279103032
