some:0.014414035495473506
at:0.005438055632434759
there:0.011330604760211697
small:0.018449048767074143
fax:0.03776102888744925
with:0.007220091071475893
option:0.025867970507730754
much:0.010785165861481058
post:0.015941838298957903
upgraded:0.03436070545373443
to:0.0034029608891131624
add:0.021211237138590855
w:0.019100869475489838
manufacturer:0.030955473242090935
day:0.01569940145532637
might:0.013130155159743492
100:0.020855012955747355
that:0.0021413865767560296
nt:0.004407892294582954
me:0.006688819014842868
re:0.004616549417014451
larger:0.026270689778523353
map:0.030619126419349763
uncle:0.037126290160690974
internal:0.07338087807630246
you:0.010292573877939293
magazines:0.0327808698109122
vs:0.021090197191749024
modem:0.052634204648577904
answers:0.025867970507730754
a:0.0025861187515673983
hard:0.016692798781330304
other:0.008514246838468584
want:0.011682703504396182
mac:0.04236150783717452
drive:0.01743088733830857
stuff:0.018045781189343343
third:0.022548055534986948
computer:0.01654754879731676
are:0.0039685887753162065
internet:0.017632925574781518
d:0.0224919039799634
it:0.00846556616641906
voted:0.03613652071578246
have:0.003155867982392919
cry:0.03558989480626736
buy:0.018560747686691147
350:0.034191575983437424
able:0.01628064954389302
gene:0.1327701798485543
batteries:0.0325848901916864
party:0.0262017187871769
be:0.003570748500848588
writes:0.00408186661121952
listed:0.02802342897816023
if:0.004136730986193884
of:0.0036007515845507157
catalog:0.0674206638005821
but:0.008213373114202595
asks:0.03174456812795442
powerbook:0.03348308515261997
hd:0.05504451036706104
again:0.030146532569234788
find:0.013064486035020927
in:0.001096788283299324
external:0.053012645896614974
use:0.010264071158934247
p.s:0.02799279447604832
and:0.001178387081761697
still:0.01260314248289844
for:0.01204995788563237
subject:0.0001647960301976438
capacity:0.03209079940357815
i:0.007070322490570182
any:0.012633176127022312
than:0.00883087211246581
portable:0.1263138909582393
the:0.004187516722161405
do:0.0044340612278178804
see:0.010922134329698617
greater:0.026043721582306754
can:0.010673654227626091
wright:0.07017552245878222
eric:0.04923491951010624
bps:0.035912029085098045
450:0.03648935043084387
an:0.011085162204465884
apple:0.046831690707272534
just:0.007249312120159789
makes:0.034481208422863875
about:0.006080346792110318
is:0.0033169460109958504
save:0.022361174274205517
new:0.010641972622737942
questions:0.01866775516818217
retail:0.035912029085098045
thru:0.03185783441602971
notice:0.024925712553114467
too:0.012052579431262323
2400:0.03436070545373443
built:0.02279319527206638
blame:0.02763657029320482
s:0.0038298535855309773
