fax:0.058820064228526724
reduction:0.10758856077830142
to:0.0026503830001746746
13:0.07572574143204736
00:0.12204986232797217
12:0.06833432368484685
re:0.007191163514964819
duo:0.4396896936519955
phone:0.05648744473479941
pricing:0.11222629264016466
sincerely:0.10478175476631912
state:0.05110987282578108
price:0.060195080804691596
mac:0.06598619490021415
hmm:0.09539035538335888
46:0.39916461941257764
machines:0.07588358720931332
p.o:0.0885895853786747
university:0.09039769621533283
be:0.011124254944951372
dept:0.07890975942964999
of:0.007478484060220718
powerbook:0.1043126883600853
released:0.08318552896262163
hd:0.08574241037946047
michigan:0.09907216385176712
box:0.0609334425135886
email:0.052767281903229636
210:0.22735672191525796
and:0.003671128985488364
subject:0.000513403017154198
48:0.09872250386939806
portable:0.09837908815016716
the:0.0028990500384194345
int:0.2081647539876046
10:0.055584072267233935
new:0.03315383778622206
applied:0.0851346153907041
electronics:0.08673810787030123
95:0.10297046216901719
99:0.10233291972061524
