perform:0.031038097311201857
pc:0.02221894707998589
at:0.017619300249088622
all:0.006360452204308608
compared:0.02748525750609081
from:0.011287630059069008
work:0.013500483093268692
except:0.02149574279335876
my:0.019004285226606025
ground:0.025846357755982274
to:0.0027563983201816617
design:0.025087781382836287
most:0.012377303093113587
amiga:0.06718772477050369
cases:0.02453190398990928
day:0.01695535357175248
basic:0.025464352063733334
software:0.01877190592320838
been:0.009781602581476262
that:0.002312697502896512
bit:0.018167227987037998
nt:0.00476052367814959
need:0.012808013276648243
re:0.002492936685187804
so:0.006812070649232801
had:0.020458779809095138
this:0.003499882922476127
unix:0.05283423221493777
on:0.0067601176698572
you:0.003705326596058146
used:0.013163090055579104
seeing:0.026721931103056186
card:0.02040605564342828
loved:0.034986537015909626
why:0.02372963440205342
a:0.0065170192539498436
how:0.017538173296388324
ms:0.02786759948256725
was:0.011806148454685143
running:0.04036613883262269
idea:0.01848250863507171
iici:0.04102813965604731
enable:0.037109561890033185
also:0.009889980877863776
486:0.03178617724858137
daily:0.029724035598212965
l:0.04406614105004484
are:0.004286075877341504
reason:0.017814746160056853
it:0.004571405729866293
ve:0.01216755799351623
sun:0.024189948693992276
writes:0.004408415940117083
get:0.008762493168607484
if:0.0044676694650893954
of:0.0025925411408765156
even:0.011194396318440172
windows:0.03662942908564669
they:0.012438928326769917
up:0.008956402469015898
box:0.021123593404710716
one:0.006555406051837484
in:0.0035535940378898095
compare:0.028731406091956752
or:0.004495409718020569
world:0.016808337924884512
better:0.029816211617352043
few:0.015237516672708578
for:0.002168992419413827
subject:0.00017797971261345532
tasks:0.03855104927983076
i:0.001272658048302633
faster:0.026002006849295548
similar:0.02109838858577801
saves:0.0362425410350452
than:0.009537341881463076
2000:0.0288376500403755
the:0.004522518059934318
wrong:0.01762281371219907
do:0.004788786126043311
see:0.011795905076074508
when:0.00871782961895824
would:0.006217664307362507
peter:0.07363786161651914
home:0.01952908701240899
butt:0.03701760640915095
put:0.01658306199697853
apple:0.02528911298192717
just:0.007829257089772574
makes:0.018619852548346496
people:0.020070308534308235
priced:0.03843708639076876
execution:0.040392738457351814
is:0.005373452537813278
right:0.012932490625268665
does:0.008123258762250169
run:0.017845562855915965
trees:0.03855104927983076
designed:0.02619731597921842
rom:0.033593862385251846
e-mail:0.018331305177681778
very:0.01162161661188965
kicked:0.03821484358898482
documentation:0.02984749591666121
answer:0.020241806947525712
by:0.006602903165447775
processor:0.03258182229946515
sco:0.04294602013905918
