some:0.014238254574797002
since:0.024400263700044895
24:0.04467175303498123
hours:0.04775822410427588
i.e:0.04212852435335857
wonder:0.04500448424166986
with:0.007132041180360334
to:0.0050421920491127955
design:0.0917845660347669
add:0.04190512702989901
day:0.031015890680035026
v:0.04691034529148795
re:0.004560250033880129
this:0.006402224858188037
ti:0.046203183612825154
amount:0.04534654892227839
on:0.006183034454137682
machine:0.0396682848088335
more:0.015505110070984462
a:0.0034061076240155977
how:0.016041012161330786
hard:0.06595691225793925
classic:0.062386738826935274
was:0.010798306513431532
as:0.019514979517488255
brian:0.045561920911936324
it:0.016724655109266927
should:0.02003429441748146
hughes:0.062386738826935274
machines:0.04812129920590601
color:0.04505648910491934
be:0.014108811149694422
which:0.01575478454289656
hades:0.07475034555874055
writes:0.008064175500214175
if:0.008172566094675723
of:0.002371226653240715
monitor:0.04569848585474156
kept:0.048704580763099685
what:0.01122490369508087
they:0.01137706859155785
in:0.00433365126571928
feature:0.05762325109883266
consumption:0.07361509649695992
for:0.003967669059903342
subject:0.0003255726450246134
power:0.06589890927245225
monitors:0.05630919181472965
than:0.01744635710023733
cost:0.04050009273598635
the:0.002757632963374584
would:0.03412132851601376
roy:0.12290437458018967
just:0.014321811749583975
about:0.012012392442949653
idle:0.0660034585814356
is:0.003276495449886145
desktop:0.06105876214109214
time:0.01926231670614285
automatically:0.05747806936095073
smith:0.04802120188373735
built:0.04503045895213114
manner:0.05560849602174445
reduce:0.05560849602174445
s:0.0075662961080002235
