since:0.01600657298722945
out:0.009425416792643679
there:0.014684463769234359
11:0.03091371710095929
know:0.01974200201053283
thanks:0.015947093159329306
allows:0.033061387081169305
with:0.009357238028632758
from:0.006772578035441405
post:0.020660622435449444
possibility:0.033927852653130655
to:0.004410237312290659
lq:0.11037858277367348
software:0.04505257421570011
t:0.020610184440003537
that:0.005550474006951629
quite:0.021249595056875212
like:0.009317112508069386
me:0.008668709443236357
need:0.01536961593197789
re:0.0029915240222253645
anyone:0.01338331799713113
you:0.004446391915269775
includes:0.030142034971458793
more:0.010171352206565808
a:0.002234406601354232
other:0.011034463902655287
same:0.0155367468042289
was:0.007083689072811085
following:0.021898514184318093
compatible:0.07208899716511545
let:0.0184411019420226
solution:0.031118856545865988
are:0.005143291052809805
no:0.00900596588946008
dot:0.046124503668922505
it:0.0027428434379197755
not:0.0048232800686077194
have:0.008180009810362446
ve:0.014601069592219474
has:0.008518195791092408
talk:0.055353500282192436
found:0.02139616404205598
writes:0.005290099128140499
if:0.016083610074321825
future:0.0280360505945428
interface:0.03378159629443106
networking:0.049233767587256776
please:0.030646645710484078
find:0.016931573901387123
net:0.05304227975837572
in:0.0028428752303118476
or:0.010788983323249365
and:0.003054379315926319
subject:0.00021357565513614637
al:0.030480113445777855
i:0.006108758631852638
directly:0.02906000260397104
any:0.024558894390931375
information:0.03902114055174024
yet:0.02104054994148931
micro:0.045349705061003165
connect:0.03676861064288438
the:0.004221016855938697
users:0.03158958054604946
do:0.0057465433512519735
writer:0.04078534619326227
ibm:0.031523736552957336
would:0.007461197168835009
because:0.014117778391156112
an:0.014366370216987789
apple:0.06069387115662521
problem:0.016924522336364673
15:0.02673448585584515
is:0.006448143045375934
cartridge:0.046400393077491865
else:0.020212417802704455
multiple:0.034352194541006506
hardware:0.028397448989396414
printer:0.10430237225346795
serial:0.03311454342291866
paper:0.03085318717789276
image:0.029608503975469415
article:0.0064826630425328085
comes:0.024193410697964095
needed:0.02668658152108817
s:0.004963490246848147
