laser:0.24507289899558643
text:0.09041409333083919
user:0.09454108708982539
single:0.08128566676280938
to:0.0034454979002270774
nt:0.017851963793060963
need:0.04803004978743091
recommendations:0.13471882765668813
brown:0.23223016856276035
used:0.04936158770842164
m:0.0342203678029018
a:0.010473780943847962
richard:0.09340193786946947
it:0.0171427714869986
be:0.04338459428531035
looking:0.0648471336351661
postscript:0.1257729011787154
for:0.0325348862912074
subject:0.0006674239223004575
i:0.004772467681134873
any:0.025582181657220184
will:0.02833263362258211
would:0.023316241152609402
mostly:0.10202622549352142
printer:0.3259449132920873
does:0.03046222035843813
advice:0.09724642670583122
by:0.024760886870429155
