since:0.04302842200868132
week:0.03707353553124283
out:0.012668570957854407
chris:0.04125534669805699
with:0.006288466417091907
from:0.009102927466991135
ship:0.11020648454249331
both:0.024147355723744497
my:0.03065207294613875
day:0.02734734447056852
bruce:0.049533961717108436
mail:0.03294962908425652
next:0.028799785201604037
that:0.00373015726273631
nt:0.007678263997015469
re:0.0040208656212706514
so:0.010987210724569034
internal:0.04260825178624014
them:0.04728577972684648
a:0.0015016173396197798
hard:0.029077778522317306
was:0.00952108746345576
said:0.04712913610028887
drive:0.15181740584978434
andrew.cmu.edu:0.04381483233040065
no:0.012104792862177527
it:0.0036866175240857202
should:0.017664646690682576
have:0.005497318420942504
christopher:0.052033915016941656
placed:0.04897670292286557
dealt:0.060789738284888255
were:0.03336136123596342
of:0.002090758984577835
years:0.02397607981699348
order:0.09046183423008039
they:0.030094181435733666
up:0.01444581043389661
called:0.028841446192007892
in:0.003821068857946032
floppy:0.09473163642145888
external:0.04617230449060014
or:0.007250660835517047
weeks:0.03914585898207646
and:0.012316045628735157
subject:0.0002870640526023473
fits:0.05500766219149132
i:0.010263371357279297
away:0.029774017057243772
ago:0.030765222853383272
the:0.0024314613225453322
when:0.014061015514448775
would:0.010028490818326624
an:0.009654818694212223
right:0.020858855847207525
hardware:0.0381686142330597
2:0.04190128069022385
ordered:0.05036607637963983
stock:0.10683662536171788
dead:0.0368955068259262
passed:0.04646924177052459
needed:0.0358690611842583
