some:0.0064150377754579905
at:0.009680934202795947
correct:0.017979216704293675
say:0.010426071287184306
know:0.013559067314926395
all:0.01048426187523397
ah:0.025864296513575667
rumours:0.033046478055120544
someone:0.012106912717928681
from:0.004651495903462504
name:0.015177101680385996
to:0.0015145045715283857
most:0.010201073977840869
calls:0.022023569590430923
been:0.008061760369348569
that:0.01143641622311462
v:0.021135430296164902
like:0.006399115733564139
talking:0.03582078220178317
arrived:0.02900413302776482
nt:0.003923508525947464
could:0.008291808545747568
generally:0.021245876336390655
re:0.0020546181471328053
this:0.005769037784301308
announced:0.026515497613769833
contains:0.023064030246581296
on:0.002785762776040055
you:0.009161521803440471
products:0.022253224143609283
customers:0.029737821998229226
them:0.00805417127215517
names:0.04502084848330637
a:0.0030692398370250444
how:0.00722726921554464
other:0.022735845953273257
price:0.03439718903125234
was:0.00973034213298226
sweden:0.08771393118909879
stuff:0.016062728311393527
plus:0.019647801395492697
product:0.021928010564541533
are:0.010597440356064157
brian:0.020527898432850432
it:0.018838210425273186
not:0.003312692354812994
being:0.010691230384204112
mistake:0.04909694499820734
only:0.007327122188292784
hughes:0.028108310900047763
kind:0.01514025657672011
always:0.014598659879113778
has:0.005850409197178852
feel:0.03347556795874921
free:0.0158654274402458
list:0.031995918647489886
be:0.003178358555700392
hades:0.03367872711987212
writes:0.0036333098407558373
were:0.00852364449160604
if:0.007364290327070432
of:0.0032050645972374506
what:0.010114748384578365
ok:0.017933237310499627
least:0.013228914190694958
they:0.005125932002789801
up:0.007381650386551564
called:0.01473766206514689
one:0.010805614371160687
in:0.0019525241966427526
and:0.004195575983415274
still:0.011218181770492018
for:0.0017876311149015057
subject:0.00014668657632977087
station:0.022725220537209656
showed:0.02348766977340624
i:0.003146681987561455
mats:0.035040464284183004
assumed:0.026853150246811938
than:0.01572089321120287
the:0.004141500054884907
when:0.007185024411229319
canada:0.020442898862673885
did:0.009032478260675634
an:0.009867012511667437
apple:0.18758407981099823
just:0.006452684414647725
newsgroup:0.02112177934381511
people:0.008270731538863284
about:0.016236530444866015
different:0.013885807131929934
is:0.002952446449347955
division:0.04354469688044322
new:0.028417575245333192
time:0.008678626208262163
does:0.006694993485371018
paper:0.04238075161798456
change:0.01632972037313455
majority:0.02265268475776715
before:0.011682386083640904
realize:0.021502809116105158
by:0.005441953158336078
giving:0.02084267553455536
main:0.02043086270124631
s:0.013635962216615788
