iisi:0.06908657828548109
24:0.02348130608249013
at:0.0056472116182976345
out:0.007552417301797819
there:0.005883198625494535
know:0.007909455933707062
thanks:0.012778119518693351
own:0.014528786125307662
your:0.008076488603726041
gc:0.15844971170234326
to:0.0008834610000582249
remember:0.017837333567443794
everyone:0.019599440753289125
might:0.013635161127425934
been:0.018810774195146655
that:0.002223747598938954
problems:0.01758380279417803
think:0.009229154022618943
nt:0.00915485322721075
could:0.019347553273410992
re:0.0023970545049882726
anyone:0.010723812497701225
this:0.01009581612252729
recently:0.021213535670433905
on:0.00325005657204673
you:0.007125628069342587
orion.oac.uci.edu:0.034543289142740546
causing:0.031465554290963725
support:0.017557412240599396
card:0.03924241469890053
8:0.018926226169063243
came:0.019350812387679144
why:0.011408478077910298
more:0.008150121960389268
board:0.046040981017373646
a:0.004475974762328189
wondering:0.04614017310073457
was:0.011352065821812635
worth:0.0225331001204605
anthony:0.03446918130683621
starts:0.028669630605085702
video:0.04481681016493619
computer:0.034367985963657886
d:0.011678488604980997
it:0.004395582432563743
not:0.003864807747281826
have:0.006554495040354523
rated:0.03664080780433296
always:0.017031769858966074
providing:0.029564049908118246
develop:0.02888180976166484
his:0.011823263086572158
writes:0.00423886148088181
if:0.008591672048248837
end:0.017334829503689163
of:0.004985656040147145
even:0.021527685227769558
what:0.005900269891004046
but:0.008529272080133465
result:0.022660268980842963
supply:0.051768787610314664
anyways:0.036240036285221836
they:0.005980254003254767
up:0.008611925450976825
si:0.03469412566460076
one:0.012606550099687468
in:0.003416917344124817
and:0.004894838647317819
for:0.004171139268103512
subject:0.00034226867810279864
i:0.003671128985488364
elaborate:0.03568227104810883
power:0.03463917025859669
any:0.006559533758261585
later:0.02048341044203656
the:0.0033822250448226738
when:0.008382528479767538
got:0.014180473215580603
eric:0.02556428513024747
reports:0.025347579770436873
may:0.011929650816921992
friend:0.022264098844184652
an:0.005755757298472671
apple:0.04863290958062917
replies:0.028729539979561586
relatively:0.028580803459820156
about:0.012628412568229122
is:0.006889041715145228
acquired:0.03752638689715871
having:0.016774944823207443
ad:0.027754305489461863
white:0.021788263755260207
time:0.010125063909639189
lot:0.015888162745290965
their:0.00970310011911355
encouraged:0.03432348738967239
handle:0.02604074927390194
article:0.005194441540491032
little:0.015034222448067078
numerous:0.030892435138940747
mine:0.020931019517948627
high:0.017931562984881546
black:0.02262533561694832
s:0.007954311293025875
