above:0.04063665716609769
mark:0.0448302084222715
vehicles:0.07461064650839465
say:0.02832156678011259
there:0.01369819381458429
with:0.008728766817754438
to:0.006171041015332078
connector:0.07863267797041269
anything:0.03464539030327468
re:0.005581201534002545
apple.com:0.1641580591243985
disclaimer:0.05603067950856995
board:0.05359994805007678
a:0.004168669032377299
beer:0.07958568501498779
test:0.05337163961163687
factory:0.08308110870902952
red:0.05391968589466494
operation:0.06426516620152979
perry:0.0726323382104546
computer:0.04001049112187038
kevin:0.20174159654416635
proper:0.06129146425435583
it:0.010234490439999163
has:0.01589215632666494
loading:0.08507411456909703
be:0.008633750106529423
pds:0.089447056728522
printers:0.08437978597753144
writes:0.009869587925635259
of:0.00290209829202595
what:0.013737941835770614
passenger:0.0824718252087272
seems:0.03517144909523997
zone:0.07283963839195709
in:0.005303871698342999
and:0.005698468872996863
for:0.004855953177792149
subject:0.0003984620431644522
p:0.05024071700942313
i:0.0028492344364984316
portable:0.07635391916132377
the:0.004500017970083898
do:0.01072116296875368
apple:0.05661741712371754
is:0.012030117621970024
nothing:0.03813217912687923
slot:0.22827619138019922
article:0.012094520601740313
testing:0.07347939517452101
s:0.009260242997851019
