some:0.007389473893249077
24:0.023184074359926966
out:0.00745681708278772
locate:0.036490904801362745
there:0.011617455513634778
hours:0.02478591377563685
happen:0.021402735608653894
coffee:0.0360757321274019
employees:0.035230596731044166
where:0.011692764545783302
switch:0.08073633079766157
with:0.01480575637441892
much:0.022116416070378876
work:0.012816914329052555
reach:0.027584199171078343
wrote:0.016301107434764945
my:0.012028028624434193
weather:0.033026123982511146
to:0.005233667696547459
front:0.022259183097252742
day:0.016096854656727038
might:0.013462564151129404
that:0.00658679668546475
control:0.019301482721145718
re:0.0023667120428998135
expert:0.03226688781112521
charles:0.05210446398650424
deliberately:0.03448513448005439
this:0.009968020981735805
off:0.013819350936432597
firm:0.03308848028911249
on:0.00962674984631563
you:0.003517715122840012
etc:0.04409475925553612
them:0.00927758969324203
m:0.00866338425389919
a:0.0017677267415777153
hard:0.017115401282123476
was:0.011208368786093489
gary:0.02686505344001682
rear:0.029981993219116786
worth:0.022247871005011632
belief:0.026072881649168687
pointed:0.02737751586111598
question:0.013816367616120914
are:0.008138118754445893
reason:0.016912733696256507
it:0.00433994214860724
not:0.007631772260455251
should:0.02079509040801873
have:0.0032357633743522332
only:0.025320308321568733
real:0.01618730287340663
switches:0.033960529038245736
be:0.01098344159121781
if:0.00424145835293297
of:0.0036919098525140252
monitor:0.023716935696764606
kept:0.025277060902368188
looking:0.016416995857004076
but:0.008421306610764687
they:0.011809109170984097
operator:0.03472399731538887
in:0.0022491101505631703
indication:0.03315145706666418
leaving:0.02929218129691169
or:0.01280338210828643
use:0.010523921061692075
unable:0.028957229388972817
for:0.002059170018430848
subject:0.00016896808159505252
i:0.0012082196661100946
we:0.00853002471970867
back:0.013331371645997073
power:0.08550174937248552
monitors:0.1461187888863238
any:0.006476501685372198
the:0.004770588670816791
when:0.016552841048654884
stupidity:0.03266436186960008
because:0.02233825694803182
put:0.015743413288270756
may:0.011778642578733107
an:0.005682899611150232
places:0.0241444422929768
btw:0.02374550962305908
f:0.023520450749410428
is:0.006801838655459845
done:0.016763693363422143
having:0.016562603749495957
spent:0.027480013873267758
checking:0.030756289751979093
life:0.017660628818282974
too:0.012357708024458838
designed:0.024870869600523815
lots:0.02309300640136937
apply:0.025313645477782743
