read:0.0198859917710344
out:0.02066977366807824
folks:0.032484349563989275
all:0.0083690160583008
mb:0.08008746918053536
with:0.01026012941736048
from:0.0074260724072822415
to:0.004835786526634494
experiences:0.04144830342196735
enough:0.021334636201205227
considering:0.03513482416978151
nt:0.01252769388986734
re:0.0032801798489313205
se:0.04427464786775694
so:0.008963250854253684
had:0.01345972355861522
this:0.004605109108521219
you:0.004875429731655455
more:0.01115279847211163
a:0.007350021714981026
wondering:0.03156959212155523
price:0.027457405279333005
was:0.007767202930713909
as:0.01403709053012313
old:0.04645461547968989
mac:0.030098966094834523
equipment:0.03539436765386481
21:0.03558072825573969
plus:0.03136754257876904
shell:0.042273858611182075
are:0.0056395735228177675
couple:0.02768413854960104
have:0.013453963503885601
machines:0.03461356609547624
buy:0.026375799344245315
money:0.02719491023446605
400:0.040270412056793006
disks:0.07560896339988618
macs:0.09279339492842968
sort:0.02752159041807921
writes:0.00580054728962774
get:0.01152959627448353
of:0.005116857514887859
what:0.008074053535058167
density:0.09815096772757322
well:0.014761999211871445
they:0.008183505478138103
now:0.014490477174370563
good:0.014210612731223676
in:0.0031171877525349207
our:0.03911886706983146
or:0.011830025573738339
use:0.029171570662234175
and:0.0033491001271121917
few:0.0200493640430376
for:0.002853937393965561
subject:0.0002341838323861254
300:0.03648702311563466
i:0.0016745500635560958
we:0.035466944887209736
allow:0.03075679536293502
the:0.0006611868508675903
do:0.012602068752745554
upgrade:0.03879443336183111
hello:0.033941147286419046
can:0.007583912214365906
just:0.010301654065490226
upgrading:0.04907548386378661
people:0.013204150351518572
lab:0.03780448169994309
new:0.015122803200732867
right:0.01701643503324824
dollars:0.040224605530642554
article:0.007108183160671938
bad:0.024040360059178804
high:0.049075856590202124
buying:0.035186122151206284
murray:0.1882724065979939
range:0.03508382443411994
s:0.010884847032561724
