marc:0.11835171346349373
default:0.05925525043952822
displayed:0.0655617396218244
printing:0.05999375038040366
your:0.015554718792361266
with:0.007220091071475893
option:0.05173594101546151
from:0.010451509313952785
to:0.0034029608891131624
enough:0.03002652502391847
that:0.004282773153512059
problems:0.03386510167767621
memory:0.041748546002065616
font:0.06161814985927673
re:0.004616549417014451
happened:0.04163334442886951
anyone:0.041306537028182495
had:0.01894331463805105
this:0.0064812646712520865
am:0.02017699205804155
etc:0.028670666511830065
size:0.04445527329710947
a:0.006896316670846395
was:0.01093161893952328
as:0.009877952595271832
driver:0.09085890366633066
success:0.055330965886563055
it:0.00423278308320953
not:0.007443333439209443
have:0.006311735964785838
only:0.016463410349003536
closed:0.05093916914956557
settings:0.06211007465615574
has:0.03943609162542781
heard:0.03336601678296141
which:0.015949288055771824
claims:0.04637439105689785
sort:0.038734090218037406
writes:0.00816373322243904
of:0.002400501056367144
future:0.043265510176763576
one:0.01213964083673608
in:0.002193576566598648
or:0.0166496656222984
message:0.04009036899456446
and:0.002356774163523394
for:0.004016652628544123
subject:0.0003295920603952876
i:0.002356774163523394
any:0.012633176127022312
the:0.004652796357957117
drivers:0.048546959981240805
because:0.021786695048080416
did:0.020295198067197102
record:0.04761294317576043
is:0.006633892021991701
save:0.044722348548411034
new:0.021283945245475885
window:0.04304929310895236
suffering:0.058042430197757684
experience:0.04089163919500182
paper:0.04761294317576043
nice:0.039009129095737755
article:0.010004109633538283
hp:0.053403055630325
while:0.0267943519244262
