some:0.012161842449305772
ideas:0.03746868371916115
there:0.009560197766428618
where:0.01924434164826835
with:0.006091951841557784
someone:0.022952688694406455
work:0.02109450483323233
my:0.019796130444381277
weekend:0.05257614434296137
to:0.004306872375283846
rd:0.05395480529592673
scientific:0.043986453508373775
that:0.0108407695448274
think:0.014997375286755783
r:0.032293955903428435
me:0.01128738208754734
617:0.10850773779773744
am:0.017024337048972556
working:0.06601122938972098
support:0.02853079489097402
deskjet:0.13159874745635147
a:0.002909383595513323
wondering:0.03748889064434684
sister:0.060789241846755854
was:0.018447106960445533
se/30:0.06611034209431825
copy:0.03558970776107648
mac:0.035742522237615995
driver:0.038331099984233244
it:0.014285642905832164
have:0.0106510544405761
color:0.03848575111045194
customer:0.05637795420497624
robert:0.06657108393661881
be:0.012051276190363985
get:0.02738279115189838
if:0.00698073353920218
of:0.0020254227663097776
available:0.028136081539731562
but:0.01386006713021688
in:0.003701660456135218
use:0.01732062008070154
better:0.02329391532605628
and:0.001988528200472864
for:0.010167151966002312
subject:0.0002780933009585239
i:0.011931169202837183
away:0.0288435790242049
any:0.02131848471435015
allow:0.03652369449348533
will:0.011805264009409212
the:0.0023554781562157906
do:0.007482478321942673
boring:0.0593746424596823
would:0.029145301440761752
drivers:0.04096149748417193
regards:0.04301424580220482
ma:0.04178352005455746
is:0.002798673196777749
white:0.03540592860229783
their:0.01576753769355952
hp:0.09011765637617343
black:0.03676617037754101
happy:0.0395634905050523
