say:0.027905073150993286
there:0.013496749787899227
thanx:0.07136276199621025
tel:0.0597860011661526
means:0.04168522382998166
fax:0.044980049115932196
with:0.017200805199692568
85:0.07294556588139209
compared:0.06062924449872972
gain:0.06743536809548899
to:0.00202676347072181
been:0.021577064517962343
that:0.005101538609330541
52:0.07924636920981654
consider:0.04735829527310578
need:0.02825297046319465
michael:0.08837338828452027
comments:0.054176544323957354
040:0.26831913030121196
hi:0.04633848029432948
on:0.007456012135871911
3:0.03443332271525911
m:0.040259256238708005
a:0.004107365076018809
mac:0.05046003139428141
question:0.03210273651981036
lc:0.07631088312299278
scsi-2:0.09164974249818836
internet:0.04200785210462656
have:0.007518391369818424
only:0.01961082703337186
ve:0.0268402014562858
machines:0.05802862551300429
which:0.03799683330933876
of:0.002859420375966745
germany:0.06183449607628363
double:0.12994559955998913
speed:0.0987783872613465
and:0.0028073339300793373
for:0.004784542101648147
subject:0.0003926023072355632
however:0.03525145447348402
i:0.01122933572031735
any:0.01504834215130599
decnet:0.09683829212499338
the:0.002216920617614862
is:0.007902136085019527
2:0.028653081648461892
told:0.045591467157781326
1:0.028801821940069243
nothing:0.03757141178677807
capability:0.07218568337338738
seem:0.04058400816023144
buying:0.05898849890055171
