since:0.020210319428320016
out:0.011900778778590505
there:0.009270494803809572
help:0.021617098182240377
mb:0.046110967103944606
thanks:0.0201352186355168
much:0.03529690645575619
4:0.025093631355340196
work:0.020455277414043474
my:0.009598123851821226
to:0.006960601818640559
w:0.03125596823261974
martin:0.09383037113646883
ii:0.03708484651626382
worse:0.039344095084246335
cco.caltech.edu:0.04546228434905275
like:0.011764030944532053
nt:0.014425829327726031
se:0.10196585569544024
recommendations:0.05443184955825783
comments:0.0372121718588798
this:0.005302852912842617
getting:0.027395975477017033
two:0.018836256895487995
slower:0.049366397423432046
on:0.015363903795129998
you:0.005614131206148706
machine:0.03285655913458936
m:0.01382641123349568
more:0.012842616422431575
a:0.001410610228127672
as:0.008081961214313317
running:0.030580408206532343
ram:0.039291485537709586
mac:0.03465941550314279
advance:0.031954557744208585
processing:0.04791145428986702
it:0.0069263723179792324
have:0.0051641476075520495
drives:0.04087921870460264
whether:0.028863218029109343
real:0.025834281353517653
be:0.005843043001388599
7.1:0.11682136145403262
of:0.0019640463188458452
but:0.006720032547983943
advantage:0.04306434925792738
hd:0.04503641757304994
using:0.022266874531766876
in:0.001794744463580712
2.5:0.04915521878889352
floppy:0.044495162561594324
5:0.0262512412819968
system:0.04515600665136415
or:0.02043368053645713
better:0.022588039104054578
and:0.0019282697701555045
word:0.09299625806555814
for:0.00657270430125402
subject:0.0002696662312325081
i:0.003856539540311009
appreciated:0.034189516355315586
any:0.04134494005207302
than:0.014450518002216781
do:0.029022946218444312
see:0.01787258344859774
would:0.0188414069920076
is:0.005427729836175029
keep:0.02676176347601941
switching:0.053533390103545755
planning:0.046804184340198104
going:0.02199813822272407
