another:0.010218918573219257
since:0.009220376144717426
iisi:0.07449889087005795
manager:0.018096305713887546
read:0.010447018718423602
out:0.005429387553366175
there:0.008458792493798594
know:0.011372120973809234
help:0.009862178433372336
fax:0.014095130598540966
your:0.005806139272724712
with:0.008085171107689595
way:0.007983284882702965
10,000:0.026123101993665417
meaning:0.01818408541421333
work:0.03732852468184892
to:0.0012702296406367105
connector:0.0728348768297371
ii:0.016918893111106535
might:0.019604471298418857
t:0.03561667817972961
make:0.008110969969353473
that:0.00639455530754796
think:0.0066347835369979504
bit:0.012557991696109215
nt:0.006581369140298972
its:0.009529145419512304
re:0.0017232281234017075
310:0.05156318120250391
voice:0.016711955306157458
phone:0.013536161871933497
this:0.004838547819091419
off:0.010062015889199772
ti:0.017459267540330243
these:0.015268534314275968
on:0.011682230996297003
you:0.012806428327389905
rev:0.024423067374428706
took:0.015554846435099905
inc:0.016871039151172357
card:0.11284454733693057
a:0.002574201153633908
how:0.006061580632392278
other:0.019068774025325957
same:0.008949738942528167
was:0.004080466055766754
old:0.012202364434757253
se/30:0.029246971617762914
given:0.012846947277333093
lc:0.1434785267934611
science:0.01558355864593233
across:0.01778416646006379
are:0.008888175782505423
no:0.005187768369504654
model:0.016861527703149998
d:0.008395595494825048
it:0.01421981045004492
ones:0.015634239540907174
signs:0.02314663058486634
have:0.004711987217950717
probably:0.011001030944835061
kind:0.012698279709507189
has:0.014720384431611305
feel:0.014038141402056118
provides:0.020360140023224102
network:0.01692852382502109
copyright:0.023657005535523957
be:0.005331440157949044
which:0.005953420887177502
pds:0.138086470064769
writes:0.0030472921245048956
tech:0.02089784656737248
fill:0.02226942446278699
of:0.0017920791296381442
what:0.004241668677403831
manufactured:0.02649196239769093
thin:0.026267122931472354
laughter:0.027817686233874254
in:0.0016376009391197279
and:0.002639152634728962
for:0.0014993035157238432
subject:0.0001230274511152917
until:0.01318509550859283
i:0.0035188701796386164
fpu:0.025847898147114162
face:0.016540422078090138
socket:0.02540261319002167
any:0.009431219044136473
will:0.010445210552104003
than:0.006592632636956042
the:0.0048629226450906645
do:0.0033102208244539014
see:0.008153851435074544
when:0.006026149506192332
can:0.003984175080358126
meant:0.018763406817470126
because:0.008132360824398681
an:0.012413338321130002
slots:0.025525508337865727
jones:0.04571703668142545
e:0.014335897216837912
ethernet:0.07214001275442528
connectors:0.026415790499298257
days:0.02744933294516288
questions:0.013936296485002359
break:0.018083901143999475
their:0.006975500546459511
light:0.016093155234130383
16:0.016069090976152726
slot:0.04698772602910399
article:0.003734252904684797
shaft:0.02483296362335265
wide:0.01982413298323782
by:0.004564218777959291
while:0.01000157836810379
s:0.017154920208000506
1991:0.02000848936394611
share:0.018806677510326525
