some:0.008399545864268736
at:0.006337877787441951
cable:0.03106221196682913
music:0.03314142762367686
there:0.006602726514943507
all:0.006863797342779074
startup:0.07787458422557869
tried:0.02228679174846526
thanks:0.01434091111450477
c:0.037210038783150504
ca:0.01479531364095195
from:0.006090447873598386
loose:0.037540486253501884
unusual:0.03607760190804843
my:0.006836073822520153
to:0.003966040748462823
remember:0.020018877960584405
ii:0.026412948238202286
next:0.01926892103416673
that:0.00998286691897775
mi:0.03836144529499412
memory:0.02432828939688716
bit:0.0196049222881705
like:0.008378698298623548
nt:0.005137255767787328
me:0.007795602017298883
willie:0.08717857221011183
re:0.00269021944444727
happened:0.0242611575448808
anyone:0.012035357911089145
had:0.011038909968936224
error:0.02708962704440287
this:0.0037768520746145253
mean:0.019017424869279573
on:0.0072950910106372654
you:0.003998553880638287
tell:0.01733830973829103
a:0.00401871690891049
other:0.009923079049150439
classic:0.036803687653299944
was:0.006370223986340904
mac:0.024685482984252778
cables:0.03790208218717734
avail:0.042250420783949
scale:0.03481405824874514
computer:0.01928563241126126
are:0.004625261738138313
no:0.008098890188363381
those:0.026703822363849786
it:0.004933171650934849
ftp:0.027290409692727162
ve:0.013130458266384419
indicate:0.0341679870626926
after:0.013879235163057203
has:0.00766024801357231
sites:0.03276858540882373
asked:0.0242611575448808
g:0.02543166878425541
writes:0.004757283388615557
down:0.017009824294627038
were:0.011160455377498555
kinda:0.03674030182824847
of:0.0013988531335664652
failure:0.0341679870626926
what:0.01324377126613858
but:0.00957242046403468
2nd:0.06282930720272693
find:0.015226235522830147
david:0.017960037693125857
one:0.007074179192630378
in:0.0012782712366510107
become:0.023828940825864373
system:0.0160807361816009
or:0.004851161566209247
and:0.0027467439891423733
subject:0.0001920644380720741
cause:0.02268705851325228
i:0.00412011598371356
power:0.019437807771011093
the:0.004338146820080881
do:0.01033550962455391
thing:0.01628728370593494
can:0.0124397984523412
once:0.019302382697301484
during:0.021067406545341515
e:0.022380501410459188
is:0.0019328965963357116
hardware:0.02553727427103994
time:0.011363381078443983
type:0.023313039642674074
1st:0.19427767556357795
faqs:0.04375467832249979
article:0.005829732951917993
before:0.030592723269390568
answer:0.04368735312415621
usual:0.030864322428772777
happy:0.02732442509701454
giving:0.027290409692727162
check:0.04761599373507467
tone:0.039198929840637366
s:0.004463570365870636
