replacement:0.03657648610431558
mess:0.03782890336390028
take:0.015746289854338544
where:0.01368486517210194
your:0.00933283127541676
with:0.004332054642885536
maynard:0.11684739830778802
such:0.014244571877539249
both:0.016634845054135098
to:0.005104441333669743
add:0.025453484566309026
happily:0.0439339066451325
that:0.007708991676321707
think:0.010664800203915224
quite:0.01967555097858816
bit:0.04037161774897333
like:0.008626956025990172
re:0.0055398593004173415
apple.com:0.08147103675062739
this:0.003888758802751252
apr:0.027608950200281476
two:0.013813255056691197
on:0.003755620927698444
you:0.01646811820470287
them:0.010858216085424007
inside:0.02780781871906805
a:0.0051722375031347965
sorry:0.023536419886952775
j:0.022623175255769352
want:0.01401924420527542
was:0.006558971363713968
mac:0.02541690470230471
are:0.004762306530379449
place:0.020143908276417967
pain:0.03279259259493787
it:0.005079339699851437
not:0.004466000063525666
have:0.003787041578871503
due:0.02455661099924802
only:0.019756092418804248
app:0.08072075922738658
32:0.06344324105934082
uses:0.05059252044202129
be:0.004284898201018306
writes:0.004898239933463425
get:0.00973610352067498
kinda:0.03782890336390028
things:0.016553525393631478
if:0.004964077183432661
of:0.007201503169101431
together:0.02636271289963134
up:0.009951558298906553
now:0.012236402947246254
david:0.018492186958107365
over:0.01485882038903228
rest:0.02419726543313192
in:0.003948437819877566
or:0.009989799373379042
message:0.024054221396738677
and:0.002828128996228073
few:0.016930574080787308
for:0.004819983154252948
subject:0.00019775523623717257
showed:0.03166485850933286
i:0.0014140644981140366
we:0.009983288190473852
the:0.00279167781477427
compatibility:0.042221967971329634
do:0.005320873473381457
when:0.009686477354398045
original:0.022860503802025773
start:0.020870830280611204
would:0.006908515897069452
because:0.013072017028848252
may:0.02757074855466416
an:0.0066510973226795314
places:0.028257939868817295
cast:0.04123284654448132
maintain:0.03385259884412805
entire:0.0276253201680652
is:0.003980335213195021
today:0.021030564931839652
write:0.04820998407388909
right:0.014369434028076293
does:0.009025843069166853
lot:0.018359654727891785
23:0.03207164189893371
gx:0.20143934710511438
article:0.006002465780122971
delay:0.04083234860914594
live:0.022938431658871546
upon:0.02568944876068842
s:0.004595824302637173
