replacement:0.0371265084517489
obvious:0.028922167773699336
go:0.014627310163865617
out:0.008858474429176389
your:0.009473174602866636
such:0.014458775965923296
both:0.01688499310006194
kimbark.uchicago.edu:0.0459054946183283
to:0.0010362399699931058
happily:0.044594566895435235
that:0.005216610908789125
think:0.010825173139312444
quite:0.019971423925634595
docs:0.04125106447993565
cds:0.044901499185061214
nt:0.0053690116670860035
re:0.0056231654553108345
lost:0.026349671611412405
apple.com:0.12404424768422591
this:0.003947236378732473
apr:0.02802412238374435
something:0.014967378324537765
two:0.014020973177844447
on:0.0076241928607412015
curious:0.03222761158512402
you:0.01253681930997117
etc:0.017461082612467937
them:0.0110214975303176
inside:0.02822598140657283
a:0.0021000062042802934
sorry:0.023890351013072363
want:0.014230059907610388
was:0.006657602512040493
steve:0.024113938698002903
mac:0.02579911379557245
question:0.016413429198098527
stuff:0.021980575584012195
are:0.004833920162415229
it:0.005155720747969503
not:0.004533157959217781
due:0.02492588334510137
only:0.030079764772991426
app:0.08193460523080592
develop:0.033876408442253494
uses:0.05135331022310431
be:0.004349332760432115
asked:0.02535564585517617
writes:0.004971897676823777
if:0.005038724960627137
of:0.0029239185799359193
available:0.020308750585069396
but:0.005002129490604588
together:0.026759144672558126
up:0.010101205792123192
david:0.018770264957477398
rest:0.02456113408626172
in:0.004007812824687755
or:0.020280043840694293
message:0.024415939011727228
and:0.001435328625905225
for:0.004892464103940962
subject:0.00020072899918810748
showed:0.032141021795187484
steven:0.033733188931195646
i:0.0057413145036209
will:0.017042185637643373
program:0.020876943100632143
the:0.004533852691663476
do:0.005400886608319524
when:0.009832138667998013
got:0.01663273550098176
lane:0.041348082561408636
maybe:0.039818241839734196
may:0.027985346277290688
an:0.020253341471317368
just:0.017659978397983247
people:0.011317843158444491
is:0.004040189878055096
today:0.021346814028559043
write:0.04893494624041373
23:0.03255392222824098
gx:0.20446851021947698
on-line:0.04429967431533537
article:0.00609272842343309
delay:0.04144636888898272
before:0.015986423061824392
live:0.023283370480809463
answer:0.04565821115983243
s:0.01399480332757936
