another:0.015953275758191214
looks:0.049253316178041594
out:0.00847609423798892
there:0.006602726514943507
know:0.00887679946516764
help:0.01539635050389782
all:0.013727594685558148
thanks:0.01434091111450477
ever:0.019017424869279573
corner:0.03526228762526423
with:0.004207391199924801
option:0.030148282174477573
iastate.edu:0.03457660287847053
name:0.01987217630093706
my:0.006836073822520153
to:0.0019830203742314113
connector:0.07580416437435468
that:0.004991433459488875
like:0.016757396597247096
86:0.034392124960388966
need:0.013821597061131197
national:0.04682264640269804
this:0.0037768520746145253
pins:0.03768295119807872
on:0.01823772752659316
you:0.003998553880638287
m:0.00984758785695016
board:0.07750783854723334
a:0.003014037681682867
same:0.013971894608119515
as:0.00575621697997855
iici:0.044274970851849615
mac:0.049370965968505556
fine:0.02330328473324144
smoke:0.03649219984212495
also:0.010672641235104795
are:0.004625261738138313
kevin:0.06482823486071533
it:0.024665858254674242
has:0.01532049602714462
25:0.026458147829421675
heard:0.019443506182876796
anybody:0.02186759097059493
found:0.01924115471407912
if:0.004821226041463377
of:0.0027977062671329304
gives:0.02616204658846119
seen:0.01865082655123995
what:0.00662188563306929
intel:0.07274257064372644
up:0.009665182520520753
title:0.030224412457431075
one:0.007074179192630378
in:0.0025565424733020215
our:0.03208309961122868
or:0.009702323132418493
better:0.016087883966197144
and:0.00412011598371356
for:0.002340639301525712
subject:0.0001920644380720741
fits:0.036803687653299944
i:0.00412011598371356
away:0.01992074522535015
we:0.009695999321683238
top:0.02432828939688716
back:0.01515364546811178
um:0.041601851740824564
any:0.0073617788941640816
yet:0.01892135786105154
the:0.0032536101150606603
do:0.005167754812276955
see:0.01272939396698688
forget:0.027620239823125857
last:0.015684622676687035
an:0.019379096515720937
here:0.012952524500887743
unknown:0.03395062174904874
is:0.0077315863853428465
printed:0.035009832087053654
does:0.008766106577967808
lot:0.017831319340038784
2:0.014017334907161215
sticker:0.04266962156181933
workstations:0.039023451760607446
hook:0.03699726645128501
instruments:0.07580416437435468
very:0.012541312890528398
comes:0.021756664296730302
by:0.007125435070627095
hp:0.031119766230621043
says:0.018424652837608406
processor:0.035160239891509154
