some:0.0165608067394802
out:0.008355865950925247
know:0.008750887416016324
thanks:0.014137493935575623
with:0.008295423784248898
way:0.012286332053521584
programmers:0.04077131801630448
from:0.006004058542057982
several:0.019989016823173025
adb:0.09396063230713236
to:0.004887231064151882
connector:0.1494578560005007
pin:0.034562319879042784
die:0.026721662208740064
that:0.0049206329848861955
like:0.016519703028491817
through:0.016804704212942032
could:0.010702901810823102
its:0.014665422383221065
need:0.01362554603898749
greatly:0.02768034858014611
anyone:0.011864643614477952
charles:0.0291932812406655
programs:0.02505802925031572
pins:0.03714844125200668
something:0.014118165369954062
unix:0.028103315007945624
on:0.010787421813601913
you:0.003941836804317176
tell:0.017092376266825905
products:0.02872401981657368
friendly:0.036735186584460754
etc:0.01647038288977472
none:0.025691561932065912
seeing:0.028427586279847
modem:0.03023667075556603
a:0.002971285374141266
mac:0.02433533428944068
also:0.01052125625304657
ie:0.02967105096993909
soul:0.02989701623283969
are:0.009119310377322347
no:0.007984012313351134
internet:0.020259105979536212
it:0.017021191547374494
have:0.007251781746775218
kind:0.019542742531652908
second:0.019501388486895508
chooses:0.0416511240352405
exit:0.03773980018065243
has:0.007551592013379794
talk:0.02453612601161012
be:0.008205124214715904
which:0.018324713936418692
sort:0.02225149863589383
if:0.0047528398564780795
of:0.0055160449805883305
outs:0.04101175455301145
failure:0.033683334763931
what:0.006527958177281072
macintosh:0.03330216968586936
powerbook:0.07693985524431822
particular:0.02405001027009792
alike:0.040095359294287994
find:0.015010260550875107
up:0.009528087732995636
system:0.03170528126585142
use:0.01179276260813722
and:0.0027077830814949636
for:0.002307438744057262
subject:0.0001893401198015482
i:0.005415566162989927
appreciated:0.02400540510054073
info:0.020889329499236862
back:0.01493870014232296
power:0.01916209418560668
voltage:0.0366685926812704
actually:0.017335561185114076
the:0.005345766028291156
users:0.028004947292597036
devices:0.03010410243633091
would:0.019843609491582467
thought:0.019039619894976684
just:0.008328996904013375
note:0.021004887226088634
i/o:0.03660261826522562
about:0.013971860713785412
is:0.0038109592466760837
serial:0.029356864736630014
very:0.01236342192754218
packet:0.039678050783487046
data:0.02081096186670789
upon:0.0245962807283187
