cable:0.14392158211297496
jhunix.hcf.jhu.edu:0.20598462521304622
liu:0.20685047475982157
to:0.0022969986001513845
think:0.023995800458809252
v:0.0641108052317002
nt:0.011901309195373974
12:0.05922308052686726
asking:0.05975721357730657
me:0.018059811340075744
this:0.008749707306190317
tell:0.04016708422704088
used:0.03290772513894776
vv:0.6952728644624869
brand:0.07509270538032858
m:0.02281357853526787
a:0.0023275068764106585
steve:0.10690512822781288
mac:0.0571880355801856
scsi:0.14099907653776542
ee:0.39675200696069374
tt:0.4009639337354625
it:0.005714257162332866
have:0.008520843552460881
if:0.011169173662723488
inch:0.087635548730841
never:0.03673232051436434
shipping:0.06838845817236332
for:0.0162674431456037
subject:0.0004449492815336383
i:0.009544935362269746
do:0.011971965315108277
15:0.05569684553301073
is:0.008955754229688797
new:0.02873332608139245
sale:0.10582907180345431
too:0.032541964464408275
high:0.04662206376069202
