believe:0.010917949147388646
at:0.004426959861580056
out:0.0059204879350776875
there:0.004611954701392701
know:0.006200377515870863
differences:0.023017136751839938
wang:0.03011534070759284
where:0.009283702503687244
enhanced:0.027834348288024436
your:0.00633131769940333
compared:0.020717530783485535
such:0.0096634030325015
from:0.004254131931809927
to:0.0013851247840108852
h:0.01775468404168099
software:0.014149677831564103
make:0.008844625544470873
that:0.005229717971374022
think:0.01446982942239754
equivalent:0.02371425338250138
memory:0.0679725070586395
depth:0.02642277851181136
nt:0.0035883344307660226
could:0.007583463092090741
affect:0.024630442110109188
its:0.010391078171025981
huh:0.025120167417399208
re:0.0018790980039104048
16-bit:0.030009544681473075
duo:0.14361723661999853
wait:0.01844924525180964
so:0.005134726620024724
ps:0.02264101669758651
this:0.007914308116152045
bus:0.020336897747515886
hi:0.015834254572936707
you:0.013964798728862358
performance:0.019050307706515657
machine:0.03269145079722962
etc:0.02333993957244458
influence:0.02579683518195326
a:0.00140352173451899
how:0.0066098643076840415
same:0.019518526135965955
was:0.004449553437695405
as:0.004020674171944816
running:0.04564010672030203
cycles:0.029905930172916616
idea:0.013931539172164605
explanation:0.023175838118926866
computer:0.013470868870177463
are:0.01615355230153833
likely:0.016615119622762454
it:0.003445783213467055
have:0.0025690985585309187
kind:0.041540603471804924
states:0.017351053947013483
real:0.012852230422101747
25mhz:0.029325463403460112
32-bit:0.055805436797715
screen:0.018785463166362048
uses:0.01716077954691677
be:0.0058136809762559935
dartmouth.edu:0.030009544681473075
which:0.00649192126893225
writes:0.0033229265880279513
applications:0.019599502650222773
get:0.006604894348196595
down:0.011881234055040995
things:0.011229778533368089
of:0.00683961858773955
what:0.018501348803952385
powerbook:0.08177276072448897
factors:0.050005687960456784
rest:0.016415230318958838
in:0.0071429025887232355
210:0.02970489834068697
5:0.013059662748330066
system:0.022464546022537942
speed:0.03375341876267117
or:0.00677699957490538
use:0.01671135203766179
and:0.001918579972315527
for:0.0016349189091058995
subject:0.00013415556227144873
i:0.0028778699584732902
faster:0.039199005300445545
fpu:0.028185898984541574
any:0.005142147066777926
background:0.022246231157369914
than:0.0071889511669319655
the:0.005681555351676278
do:0.003609637783449732
got:0.011116350862465197
would:0.004686681638715458
can:0.00868910545163531
did:0.008260859514788771
leland.stanford.edu:0.025363366115197447
instead:0.01541575030947056
apple:0.0190621454637642
many:0.009312567977779363
general:0.014816232980339454
is:0.0027002274059363205
architecture:0.028333707452914907
refresh:0.03011534070759284
desktop:0.050319783875070904
hardware:0.017837593586304278
does:0.012246118737060555
extensions:0.029058579859168914
life:0.01402200680044578
2:0.009791002774348788
slow:0.0619074588699775
too:0.009811647577208525
article:0.004072024524204025
by:0.009954125375046896
data:0.014745455392994032
functions:0.023537915091992483
processor:0.024559162537285288
s:0.003117770255557881
