since:0.00917808084130129
believe:0.009966384772157525
go:0.008924001155018933
at:0.004041123910341427
out:0.00540448210587367
andrew:0.03454548769882568
financial:0.04954540500945612
send:0.013455720737964326
printing:0.022291255875287602
sounded:0.026686920696265524
your:0.005779505606336067
with:0.02146155511154302
into:0.008214696802671497
someone:0.010107606030564311
mentioned:0.016124603755925865
dealer:0.040573994525217864
both:0.010301394872973569
to:0.00316100724791475
w:0.014194224105639239
software:0.012916449029730536
been:0.01346092098368293
that:0.003182611242518136
guy:0.015533627279581972
problems:0.06291452375898562
think:0.006604348750130988
like:0.010684762050538288
nt:0.006551179373600354
me:0.019882361108340272
re:0.003430646814478629
scott:0.03506492709331657
so:0.009374409150320367
had:0.014077142070478305
this:0.0024081763228046746
he:0.0072941890253221805
on:0.002325728556143532
you:0.007648609945991585
machine:0.05968439182246508
great:0.011565370131801271
etc:0.010652862327790072
working:0.014534582617920217
a:0.0032029911143265943
dealing:0.021620191227513578
other:0.00632710086161427
as:0.00367024844136247
mac:0.031479652612946205
jay:0.023386093000723775
drive:0.012953228205532059
files:0.015180328277925181
no:0.010327942533784494
early:0.016067619719235236
it:0.006290925316329761
deleted:0.016116419711001546
have:0.0046903725976848885
centris:0.06945839252648109
ve:0.008372172931318506
university:0.01078137661283786
selling:0.019127418052062112
has:0.009768573154922487
details:0.01749918294628594
be:0.0026534920052177584
writes:0.0030333137202640478
get:0.012058476837533232
were:0.007116070171891281
formed:0.023936365088242026
end:0.01240474037878674
of:0.0044596464579297855
seen:0.011892040782671344
opinion:0.030360656555850362
what:0.008444422963271846
but:0.00305175790023124
eh:0.02285911925761175
order:0.012863838812534367
loss:0.019522255706976074
they:0.017117791275371445
who:0.011862870405815122
net:0.01520707561880038
good:0.007431237850272932
sounds:0.01634268148422403
one:0.013531801483150769
rest:0.014984545107673435
in:0.0016300890082063348
door:0.019403542642811758
floppy:0.020206518777971732
rep:0.025226123764529124
or:0.006186343648652159
610:0.10239303716476547
opposed:0.020537267832565053
and:0.0026270464299824993
subject:0.00012246310500925824
i:0.0008756821433274997
any:0.014081934857185422
refused:0.023115042925632004
information:0.011187253598549381
actually:0.011212450124316903
cs.uiuc.edu:0.051326652848363984
the:0.003803340876091552
compatibility:0.026146631541878445
do:0.0032950363252591593
interest:0.033511788960255834
when:0.005998506618549247
would:0.00427820938579989
because:0.008095056416947312
did:0.022622629038205947
an:0.008237597601483824
apple:0.01740076581325264
just:0.010774207004274184
people:0.00690492266088586
immediate:0.022016859108265077
is:0.003697329727853173
having:0.024008177912113408
hardware:0.016282940934286935
time:0.007245458577539971
center:0.014984545107673435
does:0.00558939823090608
lot:0.02273902191069166
their:0.020830508512592397
told:0.014221191590500597
experience:0.030387364906377504
too:0.017913007962059604
article:0.0037171233042045918
bad:0.01257156443461644
lots:0.03347426615978313
s:0.005692075971156132
