screwed:0.03571350218437579
kills:0.037358619352382404
expensive:0.027181790564677108
inexpensive:0.03673592315472491
at:0.01182503372422055
ideas:0.02414089689288235
help:0.014363038389542261
mb:0.03063748821000346
tried:0.020791033912997792
storage:0.033710193536348965
with:0.0039250159516077
ca:0.013802339571089403
from:0.005681692982752856
both:0.015071839478578777
my:0.01913183076503962
to:0.007399727034044729
look:0.015913881370979266
enough:0.01632314447608991
been:0.009847250920949256
format:0.08094069477257747
that:0.0023282189626474955
nt:0.004792473501492876
cant:0.03774223286808675
happened:0.022632891937841817
michael:0.02016573960854825
anyone:0.01122761576940531
had:0.010298043528068021
this:0.010570116208820516
recently:0.022210144728776436
used:0.013251432941858158
am:0.010968700380546077
m:0.009186675920242094
a:0.003749004364688309
nor:0.023184825483056396
want:0.012701999783303232
was:0.011885384350354168
crash:0.03427450975923851
as:0.005369893692731667
failed:0.028438243867282116
drive:0.01895170301212073
21:0.027222839068149835
solution:0.02610642327673321
thread:0.027939112708080305
it:0.013806258915703569
have:0.0034312121687761934
systems:0.020137027652903428
try:0.0163516085392174
disks:0.05784846864152366
formatted:0.039542662308319494
has:0.01429227481726914
floppies:0.0754844657361735
be:0.003882290316358868
recognize:0.030047814681202555
if:0.013492961471746494
even:0.011269526495073998
looking:0.03481725295847844
but:0.0044649880687947
asks:0.034514228434420244
hd:0.08977057731003914
refuses:0.03892650425964082
now:0.02217334762252677
email:0.018415427241395575
in:0.0011924812207683925
floppy:0.05912779991406493
or:0.004525580253040841
use:0.011159594145955356
and:0.0076871962649152316
still:0.013702745518319109
for:0.002183549415517275
subject:0.00017917420732898185
until:0.019202454532648617
i:0.014093193152344592
any:0.01373539954750077
will:0.007606076140290499
the:0.003035247020090146
reads:0.03482644330445308
original:0.02071253700183543
because:0.011843773818083986
correctly:0.029250358852552873
put:0.016694357715079055
bought:0.024584454690392353
an:0.01205232400754009
apple:0.0254588385724099
is:0.0018031719925547913
repair:0.03433364150207176
disk:0.04699300649395814
bu.edu:0.035569165236584085
very:0.011699614038815082
before:0.014269760182702311
respond:0.02714099159772152
says:0.017188098955889717
happy:0.02549057106365786
check:0.022210144728776436
