pc:0.026662736495983066
tried:0.02478291242429337
hand:0.07577374693086417
with:0.004678619014316379
into:0.014326431223859092
sell:0.02784057839184454
upgraded:0.04453147426803982
my:0.01520342818128482
to:0.003307677984217994
scanner:0.2226573713401991
most:0.014852763711736303
software:0.022526287107850054
plugs:0.04654198969428707
that:0.0027752370034758145
could:0.012072873242608459
me:0.008668709443236357
re:0.0029915240222253645
so:0.008174484779079361
on:0.00405607060191432
you:0.00889278383053955
contained:0.04106856160966959
a:0.002234406601354232
same:0.0155367468042289
was:0.007083689072811085
old:0.02118330465873859
standard:0.024352356323697893
mac:0.08235077123546726
scsi:0.13535911347625482
scale:0.07742646554520918
model:0.0292716120926684
works:0.023801007948405922
it:0.013714217189598879
have:0.008180009810362446
uses:0.027319961038691495
get:0.010514991802328979
making:0.024596857526979227
if:0.005361203358107274
of:0.0031110493690518185
style:0.036726615795795226
interface:0.13512638517772424
75:0.037335605359577625
they:0.00746335699606195
up:0.010747682962819078
box:0.1267415604282643
in:0.0014214376151559238
and:0.003054379315926319
for:0.005205581806593184
subject:0.00021357565513614637
scan:0.08380688346452707
300:0.033276165081458815
i:0.004581568973889478
cost:0.053136121669614095
the:0.007236028895894909
see:0.014155086091289409
when:0.010461395542749887
ibm:0.031523736552957336
around:0.03787511093045817
can:0.006916527939501707
gray:0.09198009344478292
friend:0.027785595357542447
just:0.009395108507727087
warning:0.034321126540795326
about:0.007880129442574973
head:0.027622877883645466
unit:0.034321126540795326
is:0.0021493810151253113
itself:0.02690444672475504
new:0.027583993038136752
gave:0.02969499130430314
run:0.02141467542709916
runs:0.030014324163546678
by:0.007923483798537329
200:0.0664980007388994
s:0.004963490246848147
