24:0.05159272885730226
hours:0.05515738558522003
wonder:0.051977009969252516
with:0.008237005306895032
damage:0.06266863177702355
such:0.027084749344616882
times:0.03958417100694404
carson.u.washington.edu:0.07745485888263871
my:0.026766598910712713
to:0.0019411255775927195
line:0.03977188378599984
day:0.03582116951778693
guy:0.04769479925280098
could:0.021255058525719118
its:0.029124289521608032
re:0.0052667676447629656
this:0.007394118850301676
off:0.03075292180220212
on:0.028563877478269856
possibly:0.054604981174610434
am:0.023018821925371347
a:0.005900721658505894
kuo:0.08740160905344574
running:0.08528057499849864
lose:0.059221770889961785
it:0.004828949714647492
should:0.023138199186387036
ve:0.025706108437006117
doing:0.037756378945990356
be:0.00814734164982354
monitor:0.052778532958997294
kept:0.05625036088132639
what:0.012963973281642694
lines:0.04976312851119037
they:0.013139713021235826
one:0.013849449405290457
in:0.0025025310125984575
cpu:0.12598485561671466
or:0.009497344474691343
and:0.0026887141865548584
subject:0.0003760134773523704
each:0.03585928728676923
i:0.008066142559664573
power:0.03805429972071186
monitors:0.06503315110996946
directly:0.05116197641544197
turned:0.05530842732272673
the:0.002123247915462121
put:0.03503463802178562
substantial:0.07606266402860164
many:0.02610142292363512
current:0.04453867216522279
draw:0.05947464136343497
is:0.0037841215055023085
time:0.022246619294418502
does:0.01716181428644402
by:0.013949795419960087
data:0.04132881159444806
high:0.03939892712171157
while:0.030568204308148203
