some:0.009894380297740289
iisi:0.09133479841131398
bbs:0.034296971625047974
there:0.0077777880133656566
quadra:0.042100873553558314
posting:0.027959225058951192
small:0.025328355087000095
way:0.014681125589377486
compound:0.07258336900856789
from:0.007174341139238776
several:0.023885181119215223
to:0.0023359307798149673
look:0.020094646815897548
most:0.01573385986412744
enough:0.020611428194384714
that:0.002939869707071837
kinds:0.03864319215070377
nt:0.006051513150190157
re:0.0031689873116794113
murphy:0.046714975103683914
this:0.004449003715012025
best:0.020637085423401983
these:0.014039287907618157
you:0.009420321854385115
contained:0.043504832213633035
a:0.0011834780727511822
mario:0.046494843862978315
stuff:0.07432414964424464
official:0.0343746018741892
sink:0.14930869039751468
not:0.005109406852338685
should:0.02784427359717762
have:0.004332632314810617
only:0.011301154561604123
heat:0.11618900450738864
p.o:0.03903947830246681
between:0.019685303780054283
25mhz:0.049455654383801374
be:0.009804428087075785
sort:0.026588655149669745
tech:0.03843078563660871
fill:0.04095309413919302
if:0.005679240845452621
of:0.006591206290364022
using:0.037363060654998656
who:0.010958075205371596
called:0.022730970303870626
box:0.026852025514462773
in:0.004517280556639589
cpu:0.03790222351180822
or:0.005714503878839706
use:0.04227405579018682
message:0.027519660072540014
and:0.006471142618487964
for:0.005514387506984305
subject:0.00022624539738998556
space:0.025911125063670368
i:0.001617785654621991
tape:0.07032827565624294
6:0.024901268072535548
possible:0.021838742567496457
any:0.008671925985498367
the:0.006387737372788584
do:0.006087439990733023
thing:0.019185868094279294
when:0.011081986803760473
would:0.007903810560206576
planet:0.040094174696309236
upgrades:0.049455654383801374
makes:0.023669304086881136
address:0.027057808084183142
about:0.008347594748490436
is:0.004553773337129897
done:0.022446301283226257
does:0.010326176392690891
their:0.01282782727611622
1:0.01659766010105685
reflect:0.040094174696309236
tx:0.04014538075102078
700:0.04556942613446144
s:0.01577380375057674
