another:0.01041082314736422
looks:0.032141835440130426
at:0.004135985973964465
out:0.005531347883006854
there:0.004308821528531208
know:0.0057928409655319335
help:0.010047383662168062
all:0.008958383386350152
800:0.022533686786862846
ever:0.012410432191689486
corner:0.023011539811792152
with:0.01098267374252671
option:0.01967423109038677
clark:0.023543599367224093
wrote:0.012091901289637845
surprise:0.02284679183145755
iastate.edu:0.022564074178908
name:0.012968227726902587
my:0.004461099818452119
to:0.0019411255775927195
connector:0.07420266794391057
channels:0.051636572588425814
been:0.006888452522166382
that:0.004885980639922209
counter:0.025354221342867213
like:0.010935578061114302
86:0.022443687180723315
nt:0.0033524814634856267
need:0.009019727659611438
re:0.0017555892149209884
16-bit:0.028037086345601606
national:0.06111124741760589
this:0.002464706283433892
bus:0.019000200242984325
pins:0.024591221673863576
on:0.014281938739134928
you:0.002609384926801511
timer:0.027313374233736542
8:0.027722922839191234
m:0.006426360150779681
board:0.08430038777828977
a:0.0013112714796679767
other:0.006475624356018361
same:0.009117809157411326
controller:0.019774124979810643
lists:0.022240163984133577
price:0.014695512684713441
as:0.007512809016122239
austin:0.02350619012004486
iici:0.028893056095807966
mac:0.03221861159447076
fine:0.015207307877561317
smoke:0.02381415858241957
also:0.006964775266101251
are:0.0030183632939024675
brian:0.01754027002243558
kevin:0.021152874755022137
instrument:0.024832035262537522
it:0.022535098668354965
ftp:0.01780923449431491
made:0.01091821385876996
boards:0.02196391750515267
has:0.014996823575866916
follows:0.02015973858040288
links:0.026989464038962123
25:0.017266115250185975
heard:0.01268848525549237
list:0.013669617825922908
anybody:0.014270399741374156
rates:0.02152866211499179
found:0.012556434296981209
if:0.0031462461021756305
of:0.0036514663956007257
catalog:0.02563884398050306
interface:0.019824880454478323
gives:0.017072884862892514
seen:0.012171196669588512
what:0.0043213244272142315
intel:0.04747050384731444
up:0.012614651364811123
transfers:0.028135928642305047
title:0.019723912354849386
one:0.004616483135096819
in:0.003336708016797943
our:0.020936858431740785
point:0.010335849583380567
or:0.006331562983127562
better:0.010498666062447901
and:0.004481190310924764
for:0.0015274594502914273
subject:0.00012533782578412345
programmed:0.028037086345601606
fits:0.024017429970932827
i:0.0017924761243699055
away:0.012999922940486717
we:0.006327436177060892
top:0.03175241526917667
back:0.009888998685763086
dma:0.05569086757833697
any:0.0048041655694310206
yet:0.012347740575991379
later:0.01500193440825213
the:0.004246495830924242
do:0.0033723845958051487
see:0.008306975405686272
last:0.010235504939246468
an:0.012646452655799108
i/o:0.024229902231909923
here:0.008452586411377446
unknown:0.022155570061585795
is:0.00630686917583718
printed:0.02284679183145755
does:0.005720604762148006
2:0.009147462685893937
their:0.007106495861885981
sticker:0.027845433789168483
workstations:0.025466008425936316
hook:0.02414375604097942
instruments:0.07420266794391057
article:0.0038043797197962487
very:0.008184237050626514
comes:0.014198010972983623
by:0.013949795419960087
hp:0.020308204253785562
data:0.013776270531482686
says:0.012023599739096565
tx:0.022240163984133577
processor:0.022944945281313484
s:0.005825692777990782
1991:0.02038423564308125
