24:0.026544085136727975
at:0.006383804438075587
out:0.00853751521072797
hours:0.028378075192395814
switch:0.15406208050761508
with:0.008475759083906484
companies:0.028816176417302435
from:0.006134581553841852
work:0.029348876289714547
wire:0.036943248363462196
my:0.006885610589350009
to:0.001997390087088161
happily:0.0429788217180644
front:0.1274257583103599
day:0.01842973214320922
that:0.0025138016335831655
re:0.0027097137882476125
prefer:0.02975745003653508
had:0.0111189020701604
this:0.007608441135817667
off:0.015822155419973553
on:0.02204386196692565
machine:0.02357100981394454
why:0.012896540435898598
a:0.0030358785344486846
hard:0.01959589422156166
was:0.006416385029720186
gary:0.030758539445816364
pointed:0.03134527178301685
equipment:0.058477650906385355
computer:0.019425383370763154
place:0.01970599722693062
it:0.007453378907390695
should:0.023808871626572168
drives:0.029326396027214936
only:0.00966330607441512
hope:0.02093088070753656
easiest:0.043274633272558996
has:0.00771575705714892
switches:0.07776468968178009
usually:0.023896744508598647
be:0.008383496480253208
modems:0.03848189064759259
writes:0.004791756456649003
soon:0.026065171282894713
if:0.00485616246205369
of:0.004226969251429101
monitor:0.027154172754266726
kept:0.028940403062131696
piece:0.031229789230387776
they:0.006760287134114085
in:0.0025750681433984127
become:0.02400161431010977
external:0.031116118243665312
and:0.00553329586218536
wherever:0.04228816824122147
i:0.006916619827731701
back:0.015263454493243026
power:0.11747196870306705
monitors:0.0669181699827222
the:0.0076467696665556105
would:0.01351666153774458
hate:0.029173835090998763
extra:0.02814982398182066
put:0.054075202164060414
apple:0.027488166284703446
just:0.008510062054100622
people:0.01090777637734143
including:0.023043244250219058
jerry:0.03536417226276178
is:0.005840709280231824
night:0.02425967280133351
done:0.0191932141407297
every:0.017624264687952147
almost:0.021898499494670782
norm:0.043274633272558996
article:0.005871977393598558
mine:0.023661152498550626
wish:0.02707302546941144
