quadra:0.08420174710711663
800:0.08135042856952181
from:0.014348682278477552
mechanics:0.10019109779316453
ship:0.08685765307162607
direct:0.1353822244940398
memory:0.11463160088702763
re:0.006337974623358823
on:0.008593369919309998
you:0.009420321854385115
tell:0.04084788226478733
regular:0.06859394325009595
purchased:0.0811331287656394
a:0.004733912291004729
how:0.022294288088629224
as:0.01356125695283082
gary:0.14388740486517484
l:0.11203256199163943
march:0.07345274687954331
are:0.010896803077986874
not:0.01021881370467737
have:0.008665264629621234
composite:0.2053868057153482
whether:0.048431501438674994
university:0.03983627290845176
careful:0.0779890404654473
be:0.009804428087075785
simms:0.33998553662499875
of:0.003295603145182011
they:0.01581219702555498
or:0.022858015515358824
for:0.01102877501396861
subject:0.0004524907947799711
i:0.006471142618487964
thank:0.06153380180965279
rule:0.06692707742807089
can:0.014653660888774803
gray:0.3897461586643344
9:0.06035311280720384
does:0.020652352785381783
engineering:0.06553812700378134
already:0.049250615615209346
before:0.03603719096987533
buying:0.06798674449555112
