bbs:0.07635929531614455
know:0.023280662748269846
posting:0.06224884069728756
thanks:0.03761106877200308
where:0.034857675438372863
way:0.03268627961408572
c650:0.11708517439235183
from:0.015973061404342934
to:0.0026003757737562846
within:0.06106509842118523
like:0.02197432195299383
re:0.007055481184493784
this:0.00990532902587583
on:0.019132408499595844
you:0.010486773385070224
contained:0.09685981511714525
price:0.11811864912618728
official:0.07653213247460991
it:0.012937940744904602
not:0.022751321078338296
have:0.009646237983917979
650:0.09523226145140173
of:0.003668690293693182
seems:0.044462020554359966
good:0.030566223610556588
in:0.006704894411112848
message:0.061270186576598516
subject:0.0005037161677739301
i:0.003601862400856508
away:0.052244973326861704
any:0.01930730691110957
alan:0.08303174890564602
the:0.0056887019621815315
would:0.01759716313404483
planet:0.08926627573895263
drop:0.08169191804445378
is:0.010138589693987317
does:0.022990354987500475
too:0.03683995977102823
reflect:0.08926627573895263
very:0.032891367769499004
giving:0.07157296126960519
secrets:0.10910674324480403
s:0.011706344921811666
