believe:0.012558796996129135
go:0.01124527313175796
at:0.00509228330898515
out:0.006810272249019999
uhura.cc.rochester.edu:0.0700452111977199
know:0.0071322261598745764
financial:0.03121646905220067
send:0.016955763704486836
printing:0.028089559426662986
sounded:0.03362860527043863
your:0.007282845214920592
with:0.013522020272590689
into:0.01035146764729703
mentioned:0.020318864848507732
lciii:0.03342576527152956
dealer:0.05112792373697973
both:0.012980948452648773
to:0.002389940740041903
software:0.016276219008562177
been:0.008481158307638377
that:0.004010458097508402
problems:0.07927957329166974
think:0.008322242933691071
like:0.006732017708142619
nt:0.012382865058770608
consider:0.018614821263417302
me:0.012527036767682596
re:0.00216150579640561
sucks:0.03352629557622244
scott:0.06627879282956368
so:0.017719258914189365
he:0.04595760715376402
machine:0.037604616812998225
am:0.009447030963591709
great:0.029147406806158113
working:0.01831525439714802
why:0.010287413758115644
a:0.004036139092041604
said:0.012667657969152786
jay:0.029469180775478512
drive:0.016322565021999934
far:0.0143894686249792
files:0.01912896858143173
early:0.020247058374527636
works:0.01719726007832798
it:0.005945469879883906
not:0.003485028951306155
have:0.005910411712689628
centris:0.11670080594044605
650:0.02917520148511151
university:0.027171561868192525
details:0.02205099353925049
anybody:0.017569914132443323
writes:0.0038223259596390884
get:0.0075975374294284526
were:0.008967071083654908
captain:0.03250631616962385
of:0.002247868041222412
what:0.010640949167591111
but:0.0076911355173457825
order:0.01620992405278897
they:0.01617779695678168
net:0.019162673323112615
over:0.011595033251556981
one:0.005683878079627875
in:0.002054100599936306
door:0.024450706914063366
floppy:0.02546254967397594
rep:0.03178783225819277
or:0.011693262272307837
recommend:0.025362886052967232
610:0.09677029812970608
and:0.0022069214710450278
for:0.001880629265387711
subject:0.0001543176698960595
i:0.003310382206567542
rochester:0.03233875815301546
any:0.0059149552964670934
actually:0.014128983393647888
cs.uiuc.edu:0.09701627445904636
the:0.003921258433469062
compatibility:0.032947778474737
do:0.012456380096644449
interest:0.021114364142588934
would:0.005391038416788301
did:0.028507127920976275
an:0.0051901626506458765
apple:0.02192697657392529
just:0.013576746398449548
immediate:0.027743787778045006
is:0.003106041929371837
having:0.030253079681160245
hardware:0.020518387998118795
center:0.018882259153022014
does:0.0070432879441475445
their:0.00874961629237985
told:0.017920345472422716
too:0.02257246090016759
article:0.004684005088535266
lots:0.021090722609343124
mine:0.018874214131791828
says:0.014803622800159353
s:0.014345347534243198
