some:0.005667654733657058
go:0.009443845882495762
at:0.004276529186671995
out:0.005719306306215824
there:0.004455237794063822
know:0.005989685076011174
financial:0.026215772553547165
send:0.0142395491304671
printing:0.023589775635013088
sounded:0.028241498600902346
your:0.006116175835831371
with:0.01703380709095769
into:0.008693222830011584
mentioned:0.0170639010620963
lciii:0.02807115238822628
work:0.009830448854321862
dealer:0.042937528186881034
both:0.010901476127709891
my:0.013838071766946135
to:0.002007086155472084
most:0.009012599339645815
ii:0.017822329151019986
software:0.027337727072633558
been:0.007122526151560384
that:0.006736012144358773
problems:0.0665794474731013
think:0.006989068094798811
like:0.005653587686935306
nt:0.010399202209550075
consider:0.015632835332869868
me:0.010520278450529559
re:0.0018152451591173326
scott:0.037107544205548605
so:0.009920491236746796
he:0.038595466201947454
machine:0.047370864383364276
assume:0.016851886190724155
great:0.01223908101326542
working:0.030762514667054437
backup:0.02422849581845347
why:0.008639430000747603
a:0.0033895731209863957
said:0.010638372954676855
related:0.018709412551607615
jay:0.024748389680377587
drive:0.013707785188378584
files:0.016064619245571305
early:0.017003597566957674
works:0.028884718383987765
terry:0.026273221377076304
it:0.00998608047786326
not:0.008780242843339295
have:0.007445397278849314
centris:0.1225075207991333
650:0.024501504159826656
university:0.011409417968925502
details:0.01851855282665211
anybody:0.014755316237440266
utility:0.023025407644159387
perfectly:0.021688456285615863
noticed:0.019690305927933617
sort:0.01523039469738364
writes:0.0064200232137627405
get:0.006380456190733603
were:0.007530598531418927
of:0.0028316590130932815
what:0.00893633109705467
but:0.0064590604101981575
never:0.01069873413039738
order:0.013613188646274232
they:0.01358620812389918
net:0.016092924683973216
over:0.00973757646854057
one:0.00954670784248177
door:0.020533846097732827
floppy:0.021383597541737073
rep:0.02669560670226868
or:0.00982006977237503
recommend:0.02129989945224918
610:0.13544710013300285
and:0.002780078260855266
subject:0.00012959687811659365
however:0.01163640244755783
i:0.002780078260855266
any:0.004967413914023336
actually:0.011865602558743128
cs.uiuc.edu:0.05431655495603566
the:0.0036589951941216163
compatibility:0.027669736291890776
do:0.006973960377732976
thing:0.010989963277305613
interest:0.017731966003242162
would:0.004527425466526097
did:0.023940452088975224
friend:0.016860191357732066
an:0.004358728827969596
apple:0.018414402656743083
problem:0.020539468854811498
just:0.011401830713261028
immediate:0.02329939459029993
is:0.007825416317203803
having:0.025406712547770497
hardware:0.03446292353082089
time:0.007667524125746182
center:0.015857431230450525
does:0.011829988488713836
their:0.007347978730979194
told:0.015049610518102571
too:0.018956484154024237
lots:0.017712111705904664
says:0.012432168662269746
strange:0.021341568110945258
s:0.012047306424388704
