since:0.019055444032416016
24:0.03488651189398534
at:0.004195071487878244
know:0.005875595836468105
hours:0.037296898824291644
all:0.00908636029186944
take:0.010122614906360494
thanks:0.009492317356743635
fax:0.029129936570317996
switch:0.02024815915242941
own:0.010792812550228549
way:0.008249394378793065
ohio:0.048308721695765416
generate:0.02233242289534883
turn:0.032585506044900146
my:0.013574489447575732
to:0.0026251412573158684
stop:0.015828348164669704
garage:0.026187118955558808
centers:0.026249366963022394
front:0.016747385377933018
day:0.03633290051089817
software:0.013408504230863127
mail:0.014591978594456458
produce:0.020073710899192364
control:0.014522067952100114
hour:0.022170069508001326
nt:0.003400374055821136
its:0.009846783600162716
re:0.0017806690608484312
michael:0.028616144777844663
nope:0.02600511318022453
voice:0.017269020483029373
math:0.046478626402486914
this:0.0024999163731972336
hooked:0.02745506170769197
off:0.02079483283767953
certain:0.015696738056002427
on:0.007242983217704142
them:0.006980281769201148
state:0.012655778033050555
working:0.015088281003364797
computers:0.02065604222185081
more:0.006054376313432029
a:0.003990011788132557
want:0.009012371274819913
classic:0.02436053611337473
as:0.00381006742960485
running:0.014416478154508104
usa:0.01735534136204155
acts:0.020853659988073443
mac:0.016339438737195885
also:0.007064272055616984
california:0.018949853461537793
columbus:0.02753646377130769
those:0.008837693591845525
care:0.01507627114892332
301:0.026376358615794588
place:0.012949655320554409
it:0.004897934710571028
should:0.03129165985206628
drives:0.01927163167502696
ve:0.008691112852511593
heat:0.04352476994245035
university:0.011192095721898351
color:0.017593486221920886
always:0.012652171895231941
alleg.edu:0.02864028098110447
after:0.009186731846023578
somewhat:0.020484937416012414
u.s.a:0.024445572386708088
macs:0.025186778623430918
25:0.01751277403947435
be:0.013772887074701697
writes:0.006297737057310118
were:0.007387158559391901
dept:0.039079118955636184
of:0.003703630201252165
america:0.018751135973649823
monitor:0.017844170667089564
kept:0.019017979155115116
what:0.004383057633317292
but:0.003168015344049573
san:0.019228406826688308
seems:0.01122136709229085
they:0.013327423207253481
up:0.006397430335011356
one:0.004682432894169631
in:0.004230469092725964
yes:0.01269926605001852
office:0.034768932505201536
or:0.006422013882886528
and:0.003636165852293237
usenet:0.019448564898303582
subject:0.00012712836615246808
half:0.018007826112347695
summer:0.02143221976455344
i:0.0099994560938064
power:0.01286597752462163
monitors:0.06596219612582616
any:0.004872796506137178
actually:0.011639591081433738
will:0.005396692118587069
than:0.006812387058187911
warm:0.025186778623430918
the:0.0017946500237834594
do:0.0034205615186023654
jose:0.021713793684681168
when:0.006227021156398743
start:0.013416962323250061
got:0.01053406581728845
can:0.004116980916370064
once:0.012776339023451936
jim:0.016125384509280333
thought:0.012783744786627204
apple:0.01806365212994798
just:0.005592326492694696
about:0.00469055323962796
idle:0.025772779065131996
paul:0.04678603558727225
length:0.02201306941639385
harddisk:0.029550067822831656
handy:0.02499038358279259
new:0.0082095217375407
suite:0.025186778623430918
time:0.015042952094321084
keep:0.0252325198488183
their:0.007208017231341496
run:0.012746830611368548
advice:0.018523128896348804
strategy:0.025136915290729513
every:0.01158165965208284
article:0.007717456003015248
lots:0.01737473814960172
by:0.009432718807782535
online:0.024114175759092877
s:0.002954458480266754
news:0.014613697696016281
