another:0.01312133331590875
looks:0.04051012395708746
at:0.005212810724582432
out:0.013942924249472898
there:0.005430644885071878
know:0.007301036246498827
help:0.012663270532791697
all:0.011290743557944275
thanks:0.011795187248024632
ever:0.015641550632129353
corner:0.029002709940306085
with:0.0069210340448467135
option:0.02479651610800226
iastate.edu:0.028438744379333747
name:0.016344571040415687
my:0.005622569593670422
to:0.002446507384776623
connector:0.062347803834528405
ii:0.021724259201835017
that:0.00410538018265653
helps:0.025029421870609248
like:0.013782710810753529
86:0.028287014020674947
need:0.01136805912128542
re:0.002212665696912252
national:0.03851093402352087
this:0.0062128099215552545
pins:0.03099366992031326
on:0.015000261101754139
you:0.006577502833239312
m:0.008099495337964923
more:0.007523189501897786
board:0.10624841773240071
a:0.0033053352091038934
same:0.01149167663034682
series:0.021226925211642995
as:0.0047344033148936
iici:0.03641550857045619
mac:0.06091033375404384
fine:0.01916660696994414
smoke:0.03001429454470632
also:0.008778089536565482
are:0.0038042093585871333
kevin:0.05332026417538124
it:0.02637349459538246
hope:0.017091488388402635
has:0.012600881347769833
25:0.021761435196979956
call:0.015721633715968682
heard:0.015991996209585056
anybody:0.017985770088240798
found:0.01582556511986389
writes:0.003912795213121671
if:0.003965387099191771
of:0.0023010720185294513
interface:0.02498638779173895
gives:0.021517896306485828
seen:0.015340028938593804
what:0.005446402976311427
intel:0.05982968828093476
find:0.012523353477357339
up:0.00794946964705553
called:0.015871328377850494
title:0.0248591321395439
one:0.005818407738317293
in:0.002102718365615272
our:0.026387874828170337
or:0.007980017250924086
better:0.013232046575747947
and:0.003388734448143105
for:0.0038502824013263194
subject:0.0001579701591243686
fits:0.030270488661589896
i:0.00225915629876207
away:0.016384518262270237
we:0.007974816010141834
top:0.020009658143001863
back:0.01246364923116886
dma:0.035095132527176845
any:0.006054954238395309
yet:0.015562536938971383
the:0.0035680615857469965
do:0.00425040188702069
see:0.010469738233202226
may:0.011011985369466454
last:0.012900370130529573
an:0.01593902021115509
here:0.010653259796588143
about:0.005828498108413441
unknown:0.027923884160460204
is:0.009538673144047239
printed:0.028795068994677264
does:0.007209992984245711
lot:0.014665996380268585
2:0.011529050604114844
sticker:0.035095132527176845
workstations:0.03209621180310317
hook:0.030429704359340927
instruments:0.062347803834528405
very:0.010315044330079568
comes:0.01789453453991427
by:0.005860564939746545
hp:0.025595547373114348
data:0.01736299185328883
says:0.015154004404896853
processor:0.02891877718887439
