there:0.012746930355238158
damn:0.0597477341300362
with:0.00812260245541038
owned:0.069987213302608
from:0.011757947978196882
sell:0.04833433748584121
throw:0.05921348022965014
to:0.0038283310002523076
then:0.022165004857997266
us:0.02860939425256939
memory:0.04696711425232382
like:0.01617554254873157
its:0.028719785500474583
re:0.005193618094141257
had:0.021311228967807433
this:0.007291422755158597
something:0.02764807384949337
a:0.007758356254702194
standard:0.042278396395308844
plus:0.049665275749717644
success:0.06224733662238344
it:0.009523761937221443
ve:0.02534907915315881
real:0.03552213686108677
writes:0.009184199875243921
things:0.03103786011305902
hammer:0.08618769781659232
they:0.012957217007051994
login:0.07656065364214863
in:0.009871094549693914
and:0.007954112801891455
for:0.004518734207112138
subject:0.00037079106794469857
austin.ibm.com:0.14494798858991004
i:0.010605483735855273
away:0.07691621073121306
ago:0.03973841285228672
the:0.004187516722161405
upgrade:0.061424519489565926
when:0.01816214503949633
did:0.02283209782559674
put:0.0345480458270386
an:0.01247080748002412
slots:0.0769310459627342
just:0.048932856811078576
toolkit:0.07619988299765891
9:0.04945602299479203
ordered:0.06505618199036811
wanted:0.042293888743695864
article:0.01125462333773057
included:0.05198307570140234
while:0.030143645914979478
