know:0.044066968773510774
thanks:0.03559619008778862
fax:0.05461863106934624
my:0.016968111809469666
to:0.0024610699287336262
bit:0.04866221782242321
me:0.019349797864366868
anyone:0.0298734776721677
phone:0.0524526272537423
reply:0.064128509274199
inc:0.06537527671079288
them:0.0261760566345043
card:0.05465907761632574
8:0.05272305861381904
a:0.0024937573675828484
want:0.03379639228057467
se/30:0.3399960450564939
deals:0.09622773404049151
compatible:0.08045647005035206
plus:0.06385535453535125
systems:0.053578877147903756
components:0.08689940464465103
color:0.06597557333220332
which:0.023069505937812818
of:0.010416459941021713
supply:0.2163195768002434
please:0.0342038456590224
in:0.0031728518195444726
installed:0.07152446348848379
or:0.012041276030412237
subject:0.0004767313730717553
i:0.003408905486524909
info:0.05259634748914995
power:0.19298966286932442
the:0.002691975035675189
hello:0.06909447840449591
upgrading:0.09990366357985131
is:0.0047977254801904266
number:0.04468330086424568
does:0.021758728827455807
their:0.027030064617530606
wanted:0.054377856956180394
e-mail:0.0491017102973619
by:0.035372695529184504
