some:0.009050673450646156
all:0.0073958746561727995
printing:0.07534098884980925
switch:0.032962119550466476
with:0.022667727782540593
decision:0.03259492816424253
to:0.0021367428838617534
design:0.029171838817251494
connected:0.035230876247852684
software:0.02182779758512602
been:0.02274791298017735
that:0.010756732571611683
problems:0.021264133611564134
like:0.009028209794640878
really:0.015127098784425782
nt:0.016606477947033453
re:0.0028987635874276785
so:0.007921012382828838
040:0.047146513851375735
off:0.016926026728343802
m:0.010610966760589705
a:0.005412806689327113
j:0.02367541596534002
drive:0.021889951541131693
fine:0.02510974091411287
across:0.02991600094444839
athena.mit.edu:0.03788583988309901
are:0.004983809159699423
no:0.008726711133197751
it:0.015946764173952185
not:0.004673720996712906
couple:0.048930105343480905
have:0.019815915238281117
centris:0.07825286599882623
only:0.010337490219141756
ve:0.014148323248274685
incompatible:0.04496162119912002
be:0.004484195791763343
thinking:0.027004081657741513
applications:0.030234891685227378
upset:0.04007962455859788
of:0.0015072913609747182
seen:0.020096627059088008
but:0.0051572342810109325
net:0.025698778952701413
in:0.0013773620301898487
floppy:0.06829490067593547
610:0.08651814768185609
weeks:0.028221433219636514
and:0.0029596698797735646
for:0.0025220842086207287
subject:0.00020695315420169222
i:0.010358844579207476
power:0.02094461457496544
directly:0.056317834503819844
actually:0.018948171527915385
tired:0.03827771801614421
turned:0.03044107240243099
the:0.004674437271249941
do:0.005568355960515478
thing:0.017549863838177956
would:0.00722984221786338
william:0.03156325022783734
last:0.01690048489968603
problem:0.0163997309460898
just:0.009103787313689039
cache:0.03761757996699455
hit:0.027749628991700845
is:0.008330934167152368
night:0.025952208113054452
done:0.020532275592408514
disk:0.027139371967440942
printer:0.033689396722696364
does:0.009445649723546707
run:0.04150130896724643
under:0.018816460675237512
going:0.016882292124416144
playing:0.03104937949887669
processor:0.03788583988309901
main:0.028824938074626574
s:0.004809583572527274
