large:0.014325522104725241
out:0.0056372110003849755
tel:0.019451904685638167
mb:0.021842037049236915
anyway:0.014586190534184373
ultimately:0.02578350768549055
fax:0.014634657128628657
with:0.0027982171138255852
such:0.009201039251042098
from:0.008101169898853355
post:0.012356831600149188
prevent:0.01924888742664436
mechanical:0.02530728952593537
both:0.032234986827390975
my:0.009092959438567477
to:0.002637701741800633
then:0.007635791147252646
cases:0.017606629657829626
apart:0.022041427941105664
keyboard:0.021745373377861223
that:0.0033196614874112613
memory:0.04854017549522462
nt:0.0034166437881456386
and/or:0.01933484223513861
months:0.016247820765453683
could:0.0072206179680672595
larger:0.0203629270053626
anyone:0.00800437679254254
had:0.014683334791216604
this:0.0025118776955570287
simm:0.10707378297553442
something:0.009524695297433123
two:0.017844874953620204
on:0.00727763863979842
you:0.007977975924527108
machine:0.015563633274279171
support:0.013105054112600507
3:0.022406372675958082
computers:0.0207548749597544
a:0.003340918961355012
other:0.013199119500783835
crashes:0.02783611823820997
as:0.003828297417306308
old:0.012669440585369972
following:0.013097197478659145
solved:0.02601139308735301
160:0.055502862532885
solution:0.03722351261467223
locking:0.030084939430773297
computer:0.012826329689786198
are:0.0061522620248921096
no:0.005386343235323014
pressure:0.021055898047843247
taking:0.032602392671307226
begin:0.039935114636751326
it:0.0049213698048799805
not:0.002884736883138588
have:0.0024461751825246548
ve:0.008732697124533178
moved:0.021333039903023657
university:0.011245646419132314
always:0.01271270860286463
after:0.00923068750078924
has:0.010189229415182306
screen:0.0178866371775409
sort:0.01501177659167957
simms:0.0479883891408491
were:0.007422503815656933
if:0.009619384015742718
end:0.012938915801796694
of:0.003721350919918443
even:0.008034255730937922
what:0.004404029200940819
but:0.00318317331220292
happening:0.02172150954288018
please:0.00916466677945098
they:0.004463730260802601
up:0.0064280400495329406
rest:0.015629812600348365
email:0.02625740343509991
in:0.0034005684573108225
replacing:0.026837291377625708
point:0.021067329772823547
installed:0.01916444954715355
moving:0.020291777902590104
or:0.006452741222039093
world:0.012063400424558262
weeks:0.034837941486441246
and:0.005480345662547223
for:0.00311338624796243
subject:0.00012773663584697749
vendors:0.026250677396322687
i:0.0018267818875157408
6:0.014059089151000929
back:0.010078261818504963
possible:0.012330007765380775
any:0.0048961113219560155
the:0.005770357971208061
when:0.006256815515998737
putting:0.019234710559990497
educated:0.029100001372380238
would:0.013387315494321188
because:0.008443647363131645
last:0.010431399770619607
bought:0.01752671650176297
problem:0.040489287886039886
people:0.0072022638281010395
ted:0.06439972432319169
about:0.009425992156190157
different:0.024183893760873182
frequently:0.022329907511709105
is:0.0038565448835980467
move:0.016922608208483337
occur:0.04353871366312479
else:0.012088766628411754
time:0.007557463970831165
2:0.009322533742083295
1:0.009370927712558414
somehow:0.020345040296699403
guess:0.014335680683902648
almost:0.014459296317055349
although:0.015118370606482096
past:0.015806289219633316
by:0.009477851433657092
sometimes:0.016767972843626078
s:0.00890578393573232
