out:0.01386090704800541
computing:0.05132307622563579
il:0.060501412196807255
send:0.03450996612795556
your:0.014822732025661912
dealer:0.05203018121469114
my:0.01117899130976825
to:0.004864232329732344
think:0.016938212088571238
like:0.013701636041278508
consider:0.03788663621848463
re:0.004399300032684359
scott:0.08993122478050604
so:0.012021301145704943
samuel:0.13097492431776417
had:0.018051864537436884
machine:0.03826822769793349
great:0.05932354561723945
working:0.07455385907544958
a:0.006571784121630095
christian:0.037715792602783245
jay:0.05997845028420921
computer:0.031537681237239004
are:0.007563663312955595
early:0.04120871880933272
it:0.008067186582116987
couple:0.03712931523122963
centris:0.0593801159638152
writes:0.007779557541383086
get:0.030926446477438172
if:0.015768245170903746
even:0.019754817032541477
what:0.010828730623489779
fact:0.028214907395633402
net:0.039001676292923323
good:0.019058939427758815
one:0.023136727241779353
in:0.004180698868105659
door:0.049764379954505444
or:0.01586615194595495
610:0.19695601854634298
subject:0.0003140818457884505
i:0.00449173428812694
cs.uiuc.edu:0.13163776848168643
the:0.003547072988183779
would:0.010972348777698543
did:0.03868025984571683
return:0.04341609068019916
apple:0.08925569287739
just:0.027632672081550257
e:0.03659870230651561
is:0.009482563302023432
does:0.014335162521617944
too:0.04594159689092933
midway.uchicago.edu:0.06198105204726647
article:0.009533328003724717
s:0.00729925036301198
