above:0.03535916922244864
configuration:0.06160044122982902
computing:0.056655343885442105
say:0.024643441224253812
quadra:0.0645182218093491
know:0.016024352281276646
help:0.02779341194859477
cut:0.04754565578966755
with:0.007595160737526589
to:0.0017898690390790012
direct:0.05186721587758668
potential:0.05566587455612331
that:0.004505254875772426
could:0.019598820199039708
me:0.014072580264994089
need:0.024950675214249825
so:0.013270267498505456
anyone:0.04345233115951666
reply:0.0466389158357811
these:0.021514752897388866
you:0.0072181686936197646
etc:0.030160051785171893
suggest:0.047680516949482055
3:0.0912259458949722
mice:0.08282291558079619
a:0.005440925165635305
mac:0.04456210564689787
compatible:0.05851379640025604
button:0.18527937924501228
are:0.01669899692470716
only:0.03463730489011134
christopher:0.12569231419676816
university:0.03052389742335914
mouse:0.11288135525267094
has:0.013828239920604559
be:0.0075124838589282
paste:0.08242328365005913
if:0.017406504409439204
of:0.002525202409944658
department:0.0450399426323758
what:0.011953793545410795
ok:0.0423876518248173
please:0.02487552411565266
recommend:0.05698414658653678
and:0.004958407980399869
for:0.004225309907949013
subject:0.0003467137258703675
i:0.004958407980399869
everybody:0.05295986103553492
buttons:0.07465916675712898
directly:0.04717532890255039
exist:0.04722759059475462
the:0.002936700038918388
enormous:0.0757891846401112
see:0.02297903586248281
can:0.04491251908767342
regards:0.05362815061054109
is:0.003489254894683947
