expensive:0.016330995137648744
read:0.009141141378620652
at:0.014209113104103726
out:0.004750714109195402
roughly:0.020419261731489932
case:0.009966173819785306
situation:0.014210210841833057
graphics:0.014188473548950491
with:0.00471634981281893
much:0.014090297335160736
nubus:0.07199129158560975
lciii:0.09326866761249378
acquire:0.023387294897929366
to:0.0011114509355571215
sound:0.027832123299422827
add:0.013855727485692413
important:0.012670843923279123
most:0.007486272032125153
potential:0.0172833562129899
that:0.0055952358941044646
think:0.011610871189746413
memory:0.04090684144557236
like:0.004696125256083359
really:0.007868531222544056
need:0.007746782223779178
re:0.003015649215952988
so:0.004120204021713388
had:0.006187130990653771
this:0.002116864670852496
la:0.017573804310606365
simm:0.02255889177609546
ci:0.10188290125653018
slower:0.01970674735854747
on:0.004088780848703951
you:0.013446749743759399
used:0.01592309280916827
went:0.013155085746919693
am:0.00659006595444099
identical:0.01970674735854747
card:0.01234237236497678
input:0.03441251047882836
m:0.005519414161758355
a:0.007320384530646426
how:0.01591164916002973
speaking:0.01699790035818708
price:0.01262154920098372
ram:0.015684907533198584
iici:0.09926162820011446
worth:0.014174046849967089
solved:0.02192089175506766
also:0.011963686545802954
250:0.018427825983698735
solution:0.015684907533198584
lc:0.06277185547213922
prices:0.017590570480560654
are:0.002592384603230748
no:0.004539297323316572
likely:0.013332293568265033
d:0.007346146057971917
it:0.001382481571532145
not:0.007293266232773769
should:0.013248485018011931
have:0.010307472039267195
being:0.007845983588407855
probably:0.00962590207673068
ve:0.007359410076723525
has:0.004293445459219963
32-bit:0.044779362591714854
adams:0.018683928426127466
500:0.016813617481248145
erik:0.044779362591714854
heard:0.01089777161056401
be:0.009330020276410828
24bit:0.02471584006377712
which:0.01562772982884094
writes:0.0026663806089417836
get:0.015899685184973252
depends:0.017361960223800387
of:0.0015680692384333762
monitor:0.015109983226164548
gotten:0.01737786658787707
expansion:0.018640099102591564
looking:0.010459215102446144
what:0.0037114600927283517
but:0.002682593638106493
least:0.009708316059300332
warranty:0.02069987984358346
fairly:0.01582341350099954
they:0.003761772679466708
now:0.006660945152734856
over:0.008088470776287732
box:0.012776366978655673
newer:0.019821962570015436
in:0.002865801643459524
pictures:0.01875057883722106
or:0.002718997813318892
clean:0.03501485638690569
and:0.0030790114071837893
for:0.006559452881291814
subject:0.00010764901972588023
capacity:0.020962538320079275
i:0.009237034221551367
decide:0.016506884744406366
pretty:0.011604919584353333
char:0.02491749498544914
the:0.004255057314454331
do:0.005792886442794328
greater:0.034024862067207215
got:0.008919975087220056
would:0.007521368113744968
can:0.01394461278125344
last:0.008790978032497974
an:0.0036205570103295835
problem:0.008530505209861226
just:0.00473543775591083
here:0.00725968107106208
actual:0.01638047131745445
many:0.0074725847886213444
is:0.00433342946597845
cards:0.01586700590464557
new:0.013903222297447958
matter:0.012181060531857026
under:0.019575188928271283
almost:0.012185455363970032
article:0.0032674712915991976
little:0.009457010894751872
iii:0.05592029730777469
difference:0.01293207196304188
owns:0.02279615185683309
happy:0.015314899550342827
plenty:0.018795632468665113
s:0.005003518394000148
