read:0.019050445898301863
at:0.014806134663099681
out:0.009900647891432435
case:0.020769841237871896
much:0.014682326634957405
nubus:0.05001075717991938
lciii:0.048593759596425326
my:0.007984993792691608
to:0.002316301109396354
sound:0.02900154024477673
potential:0.036019095301020966
that:0.002915164919617452
memory:0.028417077530817774
like:0.009786882886627506
so:0.01717328735100706
la:0.03662439889941494
slower:0.04106952390688884
used:0.033184260644317065
am:0.027467837927754042
identical:0.04106952390688884
input:0.0358584142804598
m:0.011502644639630858
a:0.004694131515450067
worked:0.032303897819952514
iici:0.20686456969435618
also:0.012466362451088793
lc:0.13081865678227333
prices:0.03665934016116842
are:0.005402616652111138
should:0.02761028810476436
have:0.012888670919688728
being:0.016351293528782757
ve:0.015337257975020455
has:0.008947684654508832
32-bit:0.04666084841489615
adams:0.03893793487125724
erik:0.1866433936595846
be:0.009722037935083552
which:0.021712476176765003
thinking:0.029273332217215592
get:0.022090318912455838
of:0.0016339545005524256
expansion:0.038846593087753845
looking:0.02179735584375331
what:0.007734807588206985
warranty:0.043139245388308385
they:0.007839660710149106
now:0.013881633595615497
newer:0.0413096362803683
replace:0.03694422715003969
or:0.005666482837841053
clean:0.03648606884013702
and:0.006416763268752771
for:0.0027340240580846554
subject:0.00022434417556317895
capacity:0.04368663448218202
i:0.012833526537505541
yet:0.02210141800576608
the:0.003167029453735517
greater:0.07090895624090243
would:0.015674783968140774
last:0.018320693714785695
thought:0.022559549623459768
just:0.00986881145769652
long:0.020002615505114157
here:0.01512941937498652
about:0.008277446893461105
beloved:0.050915216542880434
is:0.002257753167148436
new:0.02897478260308482
right:0.016301458771347054
their:0.012720030408249696
under:0.02039767585803058
almost:0.02539489857365183
little:0.01970872858738205
iii:0.11653977926326155
going:0.01830097213487128
s:0.0052137502592942715
