help:0.056318229474784126
all:0.012553524087451199
your:0.01657805555501661
my:0.012502819228030279
to:0.0018134199474879353
been:0.019305794568703148
that:0.004564534545190484
kinds:0.059998640444513744
big:0.036523428340362596
on:0.006671168753148551
am:0.0215044257460706
none:0.04766460832133281
a:0.00551251628623577
running:0.03983500542693028
setup:0.05807572070482358
it:0.004511255654473315
not:0.023799079285893348
have:0.013453963503885601
centris:0.06641197180163541
able:0.03470348981724564
open:0.04348632340464951
shows:0.05084492944236725
netcom.com:0.04235572598317288
screen:0.1475647567147124
get:0.03458878882345059
7.1:0.07608759726282387
of:0.0025584287574439294
even:0.022094203260079284
gives:0.047849006260475065
but:0.017507453217116057
print:0.057846881984930563
port:0.054865488623020264
up:0.017677110136215587
one:0.012938301418100295
system:0.02941082012161217
610:0.07342658586157523
subject:0.00035127574857918807
i:0.017582775667339005
appreciated:0.044536343673371614
yet:0.034606167666923204
the:0.0009917802763013855
do:0.01890310312911833
when:0.017206242668996525
drivers:0.05174083892737507
because:0.023220030248612022
did:0.04326081693270961
just:0.01545248109823534
btw:0.04936566474267545
is:0.007070332286596418
either:0.06588322913456206
desktop:0.06587919073117836
printer:0.05718331812141882
blank:0.21759343666715927
very:0.022937401207676938
