some:0.010241551536257491
out:0.01033488683403912
there:0.00805069285593989
tel:0.0356618252570033
thanks:0.01748584776242248
fax:0.026830204735819204
with:0.01026012941736048
o:0.030710341963156855
loads:0.049725553794959604
from:0.0074260724072822415
work:0.017763793543774595
mechanical:0.04639669746421484
to:0.002417893263317247
basic:0.06701145279929824
software:0.04939975242949573
like:0.020432264272081984
responses:0.03891165465842907
so:0.008963250854253684
this:0.004605109108521219
editing:0.05119094050253124
something:0.01746194137862739
big:0.024348952226908395
on:0.004447445835432368
performance:0.033254484505233474
etc:0.020371263047879257
optical:0.05168295336789127
sequences:0.052204211442196544
m:0.03602143979252821
sure:0.019140737018940382
a:0.002450007238327009
following:0.0240115287108751
said:0.019223726567223088
ram:0.03412155323011621
adding:0.04144830342196735
mac:0.030098966094834523
drive:0.024770208322859547
stuff:0.025644004848014226
video:0.15332066635372907
features:0.03794427636891513
it:0.0030075037696488767
not:0.010577368571508155
should:0.01441063282660947
university:0.020617018435075907
app:0.047795186384636784
decent:0.03952247651596241
real:0.02243503380700217
quality:0.033720735443634645
familiar:0.04040928455869371
be:0.010148443107674935
thinking:0.03055725029691803
things:0.019602859018774118
of:0.0034112383432585726
what:0.008074053535058167
but:0.005835817739038686
reading:0.028827386371605177
nature:0.03344223808999798
fairly:0.034422864458314786
please:0.01680188909566013
good:0.028421225462447353
email:0.048138572964349834
in:0.00467578162880238
point:0.019311718958421584
system:0.03921442682881623
or:0.011830025573738339
and:0.0016745500635560958
for:0.011415749575862244
subject:0.0002341838323861254
however:0.021027183370148358
i:0.005023650190668287
tempest:0.05275841233361349
power:0.023700484913776684
any:0.008976204090252696
platform:0.04585947268140152
the:0.001983560552602771
would:0.01636227449305923
ted:0.07871077417278984
cards:0.06903539411144038
length:0.04055039103019919
various:0.06253647330447698
thats:0.04551877238915358
s:0.010884847032561724
