mode:0.022793959800465658
since:0.011909652520260007
configuration:0.02823353556367163
at:0.005243839359847804
cable:0.0257002825201741
there:0.005462970152244925
story:0.021399151952455977
displayed:0.03161012446052248
switch:0.02531019894053676
with:0.013924461352132078
from:0.005039120562084378
nicholas:0.06947341925343525
alexander:0.030294703639373026
my:0.02828018634911611
to:0.0024610699287336262
q:0.025265943116206297
sharing:0.0327338986944485
slightly:0.02577185509735744
vram:0.0327338986944485
been:0.008733573733460948
510:0.03452410199218144
that:0.0020649084847290285
think:0.008569928735289018
re:0.002225836326060539
samuel:0.03313353740181534
this:0.012499581865986166
getting:0.016144056977527892
sync:0.03648528771319479
something:0.011849174506925731
on:0.0030179096740433923
you:0.016541636589545293
tell:0.01434538722394317
am:0.03891277039765156
a:0.0024937573675828484
how:0.007829541650173358
y:0.025377205812707204
was:0.010541203977397447
capable:0.026117733852162685
mac:0.020424298421494857
let:0.013721057992576337
cables:0.03135946085724792
also:0.008830340069521228
vga:0.026847509578902758
486:0.056761030801038156
andrew.cmu.edu:0.048509278651515
display:0.043882397820660446
requires:0.023893778481612057
it:0.0040816122588091894
have:0.009129475234779515
centris:0.06008702210624157
real:0.015223772940465757
call:0.015815214869039924
screen:0.02225182839348838
free:0.017187546393599616
800x600:0.14121612850221157
svga:0.030887738406925647
writes:0.003936085660818823
get:0.015647309229656216
if:0.007977981187659635
monitor:0.022305213333861953
gives:0.021645979022595862
nec:0.06457452136576708
least:0.014331323706586203
using:0.026243102126725246
called:0.015965800570575797
box:0.018860351254205994
in:0.001057617273181491
yes:0.015874082562523147
or:0.008027517353608158
610:0.03321678884214117
use:0.00989749718897231
and:0.005681509144208182
for:0.0038732007489532616
subject:0.0001589104576905851
i:0.00909041463073309
wider:0.03593117805208758
horizontal:0.032215973831414994
monitors:0.0274842483857609
will:0.006745865148233835
than:0.008515483822734888
the:0.004486625059458648
do:0.012827105694758869
essentially:0.026790274705691796
can:0.010292452290925158
sony:0.030243609926924264
adaptor:0.07356593757608794
extra:0.023123069699352683
an:0.005344631777153194
is:0.0047977254801904266
having:0.015576734478692627
assuming:0.023620057569458345
provided:0.02403550853336038
questions:0.018001049626461377
engineering:0.023016366031089874
adapter:0.059510872810267165
change:0.01769053040422909
resolution:0.02659417854069564
article:0.004823410001884529
corporation:0.028269941676870657
answer:0.01807304191743367
by:0.0058954492548640835
james:0.020592820045458492
