thanx:0.09155977010834522
know:0.04656132549653969
where:0.034857675438372863
with:0.01103447880734995
lciii:0.10910674324480403
beast:0.10211855855995695
mechanical:0.09979667001736778
dealer:0.08344463024997635
to:0.005200751547512569
keyboard:0.0857506233202452
t:0.048608925566046075
me:0.020445069441595184
package:0.07334458552936231
this:0.00990532902587583
off:0.041197310338799066
none:0.0683492496683263
them:0.02765772021758945
state:0.050145535602653134
pennsylvania:0.11389505495756062
a:0.005269826889986396
anymore:0.08361234623898099
want:0.035709395617210975
standard:0.057434802650230876
let:0.043493164957600465
not:0.011375660539169148
have:0.009646237983917979
buy:0.17019855425909242
univ:0.08763402587273975
anybody:0.05735085179080556
dept:0.07742089604418488
of:0.007337380587386364
seems:0.044462020554359966
please:0.03613991239443877
system:0.04217400621212311
yes:0.05031784661328092
subject:0.0005037161677739301
i:0.014407449603426032
the:0.0014221754905453829
can:0.03262513179010239
new:0.032528293677048056
does:0.022990354987500475
wanted:0.05745584885936042
s:0.011706344921811666
