reference:0.06117431250849762
at:0.07221024692249434
fast:0.05707865450734488
your:0.020654626593135453
much:0.028642571632130024
dennis:0.08892229171679401
mhz:0.07746076377220128
clock:0.14066035467539068
uxa.cso.uiuc.edu:0.07309189081527778
re:0.006130172176691321
040:0.39881313356245707
how:0.02156332782342827
same:0.06367519182061025
as:0.026233251154656342
also:0.02431962510950109
486:0.15632546187826904
not:0.009883770632392867
robinson:0.0985976886234744
has:0.017455319244041822
floating:0.09370436094222856
but:0.01090628233197394
they:0.01529376433619252
now:0.027080563899643348
compare:0.0706509985867789
point:0.03609075346327969
speed:0.055056806014521
better:0.03665927657871153
gets:0.10942020794730506
for:0.005333587916591377
subject:0.0004376550310166934
faster:0.06393936110482512
than:0.023452480036384612
the:0.011120946049018815
do:0.011775703588631094
33mhz:0.1971953772469488
unit:0.07033017733769534
is:0.008808938586579145
33:0.07560642271584339
while:0.03557938534227086
