read:0.0596579753131032
out:0.06200932100423473
there:0.024152078567819667
formats:0.13260735152073094
know:0.03247039804363952
wang:0.15770928423186775
thanks:0.05245754328726745
through:0.062354297211179646
started:0.0862959177891817
anyone:0.04402407235898398
bus:0.10650112241462266
on:0.013342337506297102
a:0.003675010857490513
how:0.0346148157165559
driver:0.09683646311806293
drive:0.07431062496857864
scsi:0.22263012084910327
cd:0.23490542363055647
device:0.1056356522344954
writing:0.10532786171441141
which:0.033997166645197835
get:0.03458878882345059
commands:0.1273461604361993
for:0.008561812181896684
subject:0.0007025514971583761
i:0.005023650190668287
cd-rom:0.1355724347445234
the:0.003967121105205542
would:0.024543411739588843
can:0.02275173664309772
apple:0.09982544598129145
audio:0.2610683410491927
does:0.0320654951141454
