since:0.020627027045398778
read:0.07011349675972954
know:0.02544072424037736
wang:0.0617830185650616
thanks:0.020550377782640857
i.e:0.03561380409252993
your:0.01298899198125013
to:0.0028416477527645994
then:0.016452374739956734
ms-dos:0.10679714037956631
direct:0.04117294456262035
next:0.0828364955798714
format:0.041443860897299116
that:0.007152672689370656
nt:0.007361634553839572
re:0.007710113459343722
anyone:0.017246543810735992
unix:0.08170242095093469
you:0.01718965946624913
a:0.0028793899501987526
3.5:0.049481188511358624
mac:0.1414961705076757
question:0.02250501116852685
enable:0.05738592044850493
also:0.015293784862675942
files:0.06823322813582865
it:0.0070691841183499375
between:0.023947070577797994
disks:0.1777200376822067
formatted:0.0607407905560784
utility:0.04889931932677149
writes:0.0068171380517274465
if:0.013817534428111532
of:0.002004542119234419
cheers:0.04488827501406543
but:0.006858589920107322
port:0.04298739314793341
using:0.0454519706937097
over:0.02067980157236451
in:0.005495248512200737
or:0.006951664512402941
and:0.0039360558194926785
subject:0.00027522635971152884
i:0.0019680279097463393
will:0.011683560256734891
program:0.028625086931794587
the:0.004662389752509606
do:0.014810678740340137
can:0.05347830881058021
interested:0.02966057954036
does:0.012561740353995104
serial:0.04267338069963744
transfer:0.04685343336054635
article:0.008353947219758772
warren:0.23070536744213088
answer:0.03130176332091605
by:0.010210674998115114
