sent:0.013422199081348951
at:0.0032152007753811353
out:0.008599832840003357
there:0.010048675024567308
behind:0.012874972266418606
entirely:0.015168339584602966
all:0.006963998763841541
keeps:0.017424073723725553
fax:0.08930345517907706
i.e:0.01260780655830439
your:0.00459829278168344
with:0.008537625938533537
concerning:0.016697964392181405
from:0.0061793595213881424
signals:0.018543527254464513
my:0.0034679352603295666
store:0.016289062222556838
to:0.004526931547743605
receive:0.031258531178872305
line:0.010305853097832074
village:0.0379467846962019
day:0.018564255735495416
software:0.020553181667746397
global:0.03734096776502695
t:0.009402456405111103
100:0.012330336127120698
been:0.005354891924165836
that:0.0063303763765415475
considering:0.014618138523193769
like:0.0042505075310535516
really:0.007121882274419437
nt:0.002606126101176783
me:0.0039547032131552725
need:0.02103505830106463
phone:0.02144048997233262
had:0.005600030969642829
best:0.008887503941465088
on:0.009251985862030836
set:0.03867758516972147
you:0.014199244254967347
fall:0.014234675282461065
am:0.0119294624576742
great:0.036806579397557326
modem:0.04667923988906727
m:0.004995674131810482
more:0.009280430845406758
passing:0.017836764032553912
stable:0.01833145560918247
a:0.003567711270410498
how:0.009601189760796528
same:0.0070879319362358115
want:0.006907291852964166
hearing:0.016550484325254848
as:0.0029201246723248846
coming:0.012688430491932828
mac:0.012522927499310714
question:0.015934204987935068
also:0.01082844621663917
rumor:0.02021545733327322
course:0.008927561313503718
cheap:0.013562887658419152
computer:0.009783587245128888
70:0.01570013451592192
product:0.014565320885936345
are:0.004692783807308215
internet:0.01042530636173214
works:0.010858124064053796
d:0.06649066505025676
telephone:0.016339870027369273
it:0.002502594377664029
not:0.0022004014911531566
purchase:0.015921392259777525
have:0.005597634450521746
received:0.01412149923595537
ve:0.013322143788521418
ring:0.018187182475034164
channel:0.017685723097652983
has:0.0038860382258633247
device:0.01465019994493002
be:0.00422234494260928
which:0.004714935520136926
modems:0.019381390180174367
applications:0.014234675282461065
recognize:0.016339870027369273
if:0.007337413355073825
of:0.0028385486943903453
monitor:0.013676189197404409
what:0.010077833244488663
but:0.007284122871354857
advantage:0.015559746629689088
present:0.013228103222004758
seems:0.008600317844456489
well:0.006141853686691039
up:0.014709420113347279
now:0.006028884663789212
rings:0.020861189844802706
5:0.009484937543495192
or:0.0024609907215441067
use:0.006068538422435577
and:0.0034835530519232646
for:0.0023748092183363064
subject:9.743414924094269e-05
feedback:0.02021545733327322
i:0.008360527324615837
back:0.00768743328491802
information:0.00890080760760498
pretty:0.01050372283547309
will:0.012408452681422823
currently:0.013134793802398893
the:0.0038512927517688838
do:0.005243196488368589
when:0.004772534462933343
can:0.012621401349455668
zoom:0.022196716375282737
specific:0.013376482804636615
receiving:0.01857485478618492
home:0.010691106028691052
once:0.009792084653010607
simple:0.01204083414947533
an:0.006554001011399538
tax:0.01617319106082479
many:0.006763507399920049
about:0.010784848689655529
company:0.01228513883077135
is:0.004902785162238392
number:0.009132353461305686
clinton:0.013376482804636615
write:0.011876547171487275
man:0.01057682240436204
hear:0.024187456673421953
too:0.007125977619943418
hook:0.018768686265432908
every:0.008876454477873708
image:0.01350752918588933
capability:0.01791469514376037
luck:0.015046673817202996
going:0.007948232423538986
s:0.004528731977051228
roman:0.037276656599463776
