mode:0.01814874524397266
24:0.08680293243764124
out:0.005583777720760474
there:0.0043496634387542536
hours:0.09280034067655502
all:0.009043296972950627
means:0.013434100570799776
your:0.005971242759152904
previous:0.016460660756837945
from:0.008024381558579863
work:0.019194999658675865
turn:0.03243107236696223
download:0.027245288342648968
my:0.0045033851247881585
to:0.0013063499147780387
then:0.007563413979980111
lights:0.04652726511270466
clock:0.020332420936490125
day:0.07232141333922859
might:0.010080972207954722
calls:0.018996633485584967
that:0.008220488754371489
nt:0.003384258538968903
suppose:0.018266061543275685
could:0.02860870436637076
need:0.009105222708517708
re:0.0017722298709865903
sucks:0.02748838452458049
michael:0.014240261619306586
file:0.014400407025869238
phone:0.013921076427533503
this:0.0024880684283005642
mean:0.012528066620046734
off:0.02069627912754835
routines:0.024777155856302246
on:0.012014427138371798
you:0.005268236866433383
orion.oac.uci.edu:0.02553911424771339
machine:0.0770805534200082
working:0.015016772562590557
m:0.019461820551413347
more:0.006025682586828085
a:0.0046329520762676615
as:0.0037920102379953484
idea:0.013139224148155245
said:0.010386278808831433
wasted:0.027166950418709583
oops:0.026251352176857173
turning:0.022479781870601113
accomplished:0.02693941857422446
those:0.008795808788092703
dinner:0.028824171975485643
it:0.016249072499524737
should:0.007785839536651563
have:0.007268966063710703
ve:0.0172998454884117
energy:0.021732725263001195
doing:0.012704753105048889
heck:0.023472754854498956
call:0.025184417990509078
be:0.010966090182700878
writes:0.003133944981125888
get:0.006229260546403424
down:0.022411048122778752
things:0.021182236285689573
if:0.00635213668022189
of:0.0018430387257415987
even:0.007958101648180217
kept:0.018927846552484237
but:0.0063060021066389605
least:0.011410722192921718
oh:0.01530671177318234
well:0.007975677299304953
they:0.004421420021363714
up:0.006367110759963909
in:0.002526251685703656
use:0.007880471695485062
and:0.0027141996290814445
still:0.009676346361277476
subject:0.00012652586204748008
purpose:0.01782408290115918
i:0.010856798516325778
power:0.02561000265564495
monitors:0.02188319302752527
mention:0.017889454096099162
actually:0.01158442714265917
connect:0.021782352276590273
the:0.0035722891468675496
when:0.02479003683116087
electricity:0.02686593901718197
got:0.010484141334742058
can:0.008194938316945151
an:0.008510882829969068
ready:0.01997857482858008
just:0.011131645151335412
makes:0.01323686200119419
during:0.013878528482476164
middle:0.01903839002436295
alarm:0.028402619909056754
is:0.0063666499263190495
night:0.015866515860587793
does:0.005774828503969314
run:0.012686419091883389
count:0.02020554775608915
late:0.018266061543275685
article:0.003840440191073939
microwave:0.028109371550203256
bad:0.0129886305533004
going:0.010321401346207027
poster:0.02158688801813506
s:0.0029404563073744945
