marc:0.1313217642540136
displayed:0.07274658779955859
printing:0.06656840795633831
your:0.017259345509332363
into:0.02453156031482721
from:0.011596880197673638
to:0.0018879440549189463
t:0.03529141171233482
enough:0.033317103108731455
that:0.0047521181566366685
problems:0.03757634569714757
memory:0.04632372912557966
re:0.005122472640796856
happened:0.046195902722444254
michael:0.04116020824210533
anyone:0.022916640406046452
this:0.014383080503326547
on:0.006945326373140957
orion.oac.uci.edu:0.07381853570229485
am:0.02238816926988172
more:0.01741669898384556
a:0.007652077401898055
was:0.012129604576731309
driver:0.05040802189707386
solved:0.07447097472954492
it:0.009393299444930739
not:0.008259041213369381
have:0.007003433056817162
only:0.018267619702318993
closed:0.056521543850887826
command:0.05638702267032651
has:0.01458595169707604
heard:0.03702256656739554
be:0.007924126810102346
sort:0.042978922022753836
writes:0.009058388918048799
get:0.018005122949193455
of:0.002663569665284091
one:0.0134700124352825
in:0.0024339685191026093
system:0.030619483962226367
or:0.009237143256206648
message:0.044483834089859196
and:0.007845152352550476
subject:0.000365711738246826
i:0.005230101568366984
info:0.040347883005375305
the:0.004130153479392071
do:0.009839971491869817
can:0.01184336975942073
because:0.024174278067048135
did:0.0225193293622324
is:0.007360893887415449
window:0.047767023860618374
suffering:0.06440324446600511
article:0.011100450415295903
give:0.03237309960761653
going:0.029833091562324415
by:0.013567609244070768
while:0.029730719258609893
