know:0.018695077661489423
all:0.014455573191610473
microphone:0.09570817996825563
thanks:0.030202827953275196
where:0.027991769670208513
your:0.019089882154261554
previous:0.052624233631709184
into:0.027133392469430098
to:0.004176361091184336
sound:0.10458131179177063
plugs:0.08814770775433158
could:0.022865290232212992
re:0.005665765193608644
anyone:0.025347193176384716
this:0.007954279369263925
on:0.007681951897564999
you:0.016842393618446118
computers:0.06572377070588893
a:0.00846366136876603
as:0.012122941821469977
acts:0.0663525545075064
mac:0.10397824650942837
it:0.005194779238484424
should:0.02489109306414363
have:0.007746221411328073
hughes:0.07751079672437412
buy:0.04555819886733282
able:0.03996159433501014
be:0.008764564502082899
what:0.013946092469645928
port:0.06317844144469001
order:0.04248964941109837
find:0.032067374813233185
david:0.037824927868855975
one:0.014898650117812462
in:0.002692116695371068
star:0.06955798446173339
required:0.056708809856075286
recording:0.1737038344953855
and:0.005784809310466513
for:0.00985905645188103
subject:0.00040449934684876206
i:0.0028924046552332564
portable:0.15502159344874825
the:0.0011420500151349288
do:0.010883604831916617
is:0.008141594754262543
hardware:0.0537830473284023
does:0.018461951732386746
article:0.012277770913887895
freenet.carleton.ca:0.1682618473143225
says:0.03880343552162982
north:0.06082052704410342
