some:0.008712961754726523
explains:0.04175078477963936
at:0.006574365764585306
cable:0.03222124972678544
know:0.009208023325808222
search:0.031844412681900865
all:0.007119909183927546
startup:0.040390176146848644
means:0.021153695674916064
where:0.013786991031595237
i.e:0.025780141768473156
stand:0.02938610861542136
your:0.009402479270009421
from:0.012635406782539934
loose:0.03894125066594598
tight:0.038796339577460155
remember:0.020765851018815163
1988:0.034105230178785716
ii:0.02739850600828446
next:0.019987910624993846
that:0.02071072390653593
think:0.010744388265138472
bit:0.02033644923922164
re:0.0027906007670012727
anyone:0.012484438430159636
this:0.00783555878166297
internal:0.029571398627763677
on:0.011350943848640818
you:0.02073876826151947
m:0.010215035165045313
more:0.009488201685229297
a:0.005210836290471623
quick:0.030293098658144
test:0.026685819805818436
was:0.00660791891120437
as:0.005971001195649391
following:0.02042771845552061
ram:0.0290287840912929
mac:0.02560658309560549
cables:0.039316338985206346
computer:0.02000524556093519
are:0.0047978461313524295
those:0.027700233646082987
play:0.023894912184928667
it:0.005117245219999581
ftp:0.02830870856185877
indicate:0.03544291195309157
site:0.029146001473422434
has:0.00794607816333247
shows:0.028837422668805308
utility:0.03539726846788682
writes:0.009869587925635259
down:0.017644519230993715
of:0.0043531474380389245
failure:0.03544291195309157
available:0.020157192744882313
what:0.013737941835770614
david:0.018630188353317118
sounds:0.026587347489259984
one:0.0073381411028031526
become:0.024718080408919013
system:0.01668076365106362
for:0.004855953177792149
cause:0.023533590547328856
i:0.004273851654747647
buttons:0.04290116298730546
power:0.02016309910575031
program:0.020721145017791605
than:0.010676128971787024
the:0.0033750134775629237
thing:0.016895018172574303
when:0.0195175289976677
would:0.006960071985853552
can:0.006451985018191891
push:0.035818472280610344
eric:0.029761406569541834
anonymous:0.03391629131323131
simple:0.02462081012653911
just:0.008764093757208104
jonathan:0.0356754132051796
during:0.02185350380449605
is:0.004010039207323342
hardware:0.026490157639362324
time:0.01178738783510234
9:0.026573385489739
type:0.024182929181579823
does:0.009093200106996456
their:0.011296146407326223
hear:0.024728966897453786
various:0.05320267131873416
index:0.038377761468124
testing:0.036739697587260506
passed:0.03225104093028945
by:0.007391309513560941
check:0.02469635495960962
s:0.013890364496776528
