large:0.023762175554663298
mathematica:0.10950256227546971
probe:0.044178049869087126
thanks:0.015820528927906054
your:0.00999946208080367
4:0.01971642463633872
ca:0.04896544276410288
from:0.020156482248337514
my:0.015082766052861924
to:0.00437523542885978
boot:0.07791470586333875
enough:0.01930276608680473
that:0.005506422625944076
problems:0.02177042250707756
think:0.011426571647052025
memory:0.026838351001327896
nt:0.022669160372140902
could:0.011977056788302042
need:0.015247634853152668
so:0.02432882374726
off:0.01732902736473294
recently:0.02626437749672769
a:0.0044333464312583965
hard:0.06438650958513117
was:0.0070274693182649645
ram:0.06174376298782934
mac:0.08169719368597943
driver:0.029204647607034853
drive:0.02241114086353959
scsi:0.033571208699467954
fine:0.025707591888258413
plus:0.056760315142534455
meg:0.07390023169333775
hoping:0.03799090950137083
requires:0.03185837130881607
it:0.005442149678412253
not:0.004785000068063213
have:0.004057544548790895
only:0.01058362093864513
25mhz:0.04631561283562351
which:0.01025311375013903
get:0.03129461845931243
of:0.0030863585010434706
boots:0.04603213598957526
but:0.005280025573415954
using:0.01749540141781683
virtual:0.03918909225462384
now:0.013110431729192414
floppy:0.06992096973964822
5:0.02062597529299748
installed:0.03178865043932613
system:0.03547971951178611
rather:0.020424473435816375
use:0.013196662918629747
and:0.004545207315366545
for:0.0025821338326355078
subject:0.00021188061025411345
however:0.019024594477753277
i:0.016665760156344002
suggestions:0.03140473310373712
the:0.0023928666983779458
do:0.005700935864337274
hello:0.030708657068664852
can:0.013723269721233545
7:0.05065918299890961
problem:0.03358040146104102
is:0.0021323224356401896
new:0.013682536229234498
disk:0.055571094980950496
time:0.012535793411934235
mount:0.04165063930465431
run:0.06373415305684273
accelerator:0.04206194936707166
