at:0.022302911707707113
out:0.01491363416557544
fast:0.04407339145503845
option:0.05304571167408079
lciii:0.0731981948351217
my:0.012028028624434193
to:0.005233667696547459
positive:0.05603797468755206
re:0.004733424085799627
so:0.012934311359302786
used:0.049986417932578874
am:0.04137560396712318
m:0.01732676850779838
more:0.016093911719249693
a:0.0035354534831554306
as:0.01012802734451922
worked:0.04866030177942215
iici:0.2337045929774847
lc:0.06568531711852543
prices:0.05522103138201319
are:0.008138118754445893
fools:0.0715626032974001
d:0.023061319270595387
it:0.00433994214860724
should:0.02079509040801873
have:0.0064715267487044665
only:0.01688020554771249
adams:0.05865334493265331
erik:0.14057318889550993
be:0.007322294394145206
which:0.016353067500221745
thinking:0.04409527258036273
writes:0.008370410012880535
get:0.0332752905136993
looking:0.03283399171400815
now:0.020910308833901825
david:0.06320114529986061
in:0.0022491101505631703
replace:0.05565016494752814
system:0.028293953534715508
or:0.008535588072190953
and:0.007249317996660567
subject:0.00033793616319010504
i:0.012082196661100945
6:0.037194299146318915
yet:0.03329200940109068
the:0.0019082354683267165
last:0.02759699432986706
just:0.029731356037111037
long:0.030130522089982088
about:0.012468559244580651
beloved:0.07669507302028825
new:0.02182277930232338
right:0.02455536194671265
their:0.019160552133945748
run:0.03388398010616955
article:0.01025737823185571
iii:0.058515754144844404
going:0.0275672871398694
s:0.007853623808304028
