since:0.009905057541602383
week:0.01706850893270091
out:0.005832559896437921
help:0.0105945184160485
all:0.009446216145012783
tried:0.01533596065859738
with:0.005790370067223241
someone:0.010908208488430791
service:0.01803262984395219
from:0.00419095175460483
upgraded:0.02755660536388603
to:0.005458214495409231
attached:0.024408146122697923
connector:0.05216227152492723
us:0.010197407852400971
next:0.013259307048263244
been:0.007263566273373462
that:0.0034346992617274932
guy:0.01676401359875678
memory:0.0167407535948877
through:0.011730016307053599
nt:0.0035350423352595965
could:0.014941674805208489
anything:0.011491292823363385
greatly:0.019321431434656443
had:0.03038432644915119
this:0.0025989229622347476
installing:0.026132436688382162
he:0.02361583971564706
pins:0.02593034760659872
on:0.007529834038207276
used:0.00977457182344983
machine:0.032205934201231155
none:0.017933218972382644
came:0.01494419174494033
computers:0.02147410329994391
more:0.00629415359317191
board:0.0355564011817341
a:0.002074016028484745
was:0.0043834709608979484
old:0.02621696121131014
failed:0.0209767244367576
said:0.010849033805264516
driver:0.018216760388546496
given:0.013800928510798421
drive:0.027958452958475134
scsi:0.1047022845577466
stress:0.027767296524375117
plus:0.03540494904930367
computer:0.013270806461214433
setup:0.021850271156270258
are:0.00636545922377451
hey:0.019079895968471136
fools:0.027987354754923796
it:0.008486520538118119
not:0.0029847030127523014
couple:0.015623721755715438
have:0.007592830888331478
plug:0.04696271262076074
try:0.012061335011600954
spin:0.02907330935133124
has:0.005271160761814609
chain:0.02578401690243266
his:0.018261673678269866
asked:0.016694558904645697
recognize:0.06649194634899773
down:0.02340956016785305
if:0.003317576335462422
of:0.0019251543125320659
years:0.011038492192972245
never:0.010910590251791388
hd:0.08828921464815731
seems:0.011665777670203357
port:0.020642461066086835
well:0.008331029258184875
naive:0.02806293630012572
up:0.006650793912635567
removed:0.022858186776276393
now:0.008177794048902199
in:0.004398012423130953
1990:0.021143298863085486
our:0.04415396877188898
external:0.021257546126860462
and:0.004725215525876112
subject:0.00013216315293078365
until:0.014164186759230911
appreciated:0.016756248114733877
we:0.026687998132949902
back:0.02085501703037166
ago:0.014164186759230911
any:0.0050657785459841944
will:0.00561042249952121
the:0.007836046143450551
essentially:0.02228102054730803
o.k:0.030224904872463685
put:0.012314154948251383
may:0.009212997660593221
last:0.010792883921086623
mr:0.01671760236773967
an:0.013335120869728762
problem:0.02094619101035232
doctor:0.02180703511682098
lab:0.06400560763059672
is:0.0013300625093597223
itself:0.01664879129007119
right:0.009603334622724256
disk:0.017331579127722187
events:0.020141330975131804
does:0.006032122843255075
512:0.02628960846221672
runs:0.018573220398234332
too:0.009665930038933152
upon:0.017168691003430377
attribute:0.029668083172331557
s:0.003071466736910982
james:0.017126701819985282
