all:0.023269947088933932
microphone:0.4622004788710881
damn:0.10492285017957577
with:0.028528164721441335
c650:0.3027080118436414
wrote:0.0628189018217771
my:0.023175957593421982
to:0.003361461366075197
nt:0.017416550042010696
re:0.009120500067760258
chen:0.13680472921765302
you:0.013556072912407851
a:0.006812215248031195
other:0.0336416582398027
drive:0.06887326216599972
it:0.008362327554633463
not:0.014705122160389389
get:0.032057901836368835
if:0.016345132189351446
in:0.00433365126571928
po.cwru.edu:0.11629089237285868
subject:0.0006511452900492268
i:0.004656066030375486
cd-rom:0.12565250049492413
the:0.0036768439511661124
do:0.017519949241621872
got:0.053954971259282294
come:0.058565699377302646
just:0.02864362349916795
new:0.04204876987520846
does:0.029719239374085982
article:0.01976421659308783
comes:0.07376039846940273
seem:0.0673100623145302
include:0.08198837251816102
