some:0.014414035495473506
at:0.010876111264869518
take:0.026243816423897573
thanks:0.02460971166563164
your:0.015554718792361266
much:0.04314066344592423
generate:0.057898874173126585
to:0.0034029608891131624
line:0.03486177467661714
within:0.03995617551015824
w:0.038201738950979676
powerpc:0.08083041403107041
next:0.03306642004628611
that:0.004282773153512059
like:0.014378260043316953
months:0.04192338938246691
so:0.012614945646727408
anyone:0.020653268514091248
040:0.07508518872626506
this:0.0064812646712520865
used:0.024376092695516858
am:0.02017699205804155
assume:0.04285788339863181
posted:0.042140505240517226
why:0.021971883705605016
a:0.0051722375031347965
j:0.03770529209294892
it:0.00423278308320953
purchase:0.05385754912566718
heat:0.056420998073546745
expect:0.04266939608837516
messages:0.054012842733159275
has:0.013145363875142604
installation:0.061238252838699526
heard:0.03336601678296141
dartmouth.edu:0.07372715298287828
of:0.002400501056367144
future:0.043265510176763576
but:0.008213373114202595
powerbook:0.2008985109157198
they:0.011517526228490662
now:0.020394004912077088
david:0.030820311596845604
in:0.006580729699795943
point:0.0271794563118526
and:0.002356774163523394
for:0.008033305257088246
subject:0.0003295920603952876
i:0.009427096654093576
6:0.03627592138961968
we:0.01663881365078975
power:0.03335623802679681
any:0.012633176127022312
the:0.00279167781477427
do:0.008868122455635761
see:0.04368853731879447
when:0.016144128923996737
would:0.01151419316178242
can:0.021347308455252182
hate:0.049703570895775664
an:0.011085162204465884
people:0.018583619013248363
new:0.021283945245475885
too:0.048210317725049294
