thanks:0.06873747051435045
mhz:0.32586942000719155
clock:0.2958717805240976
a:0.00963106293687169
advance:0.10908624885091896
centris:0.34809033496029596
25:0.12681663959619355
of:0.013409695556257838
what:0.0317393828619528
in:0.006126886272223809
speed:0.23161828737143317
or:0.023252119231140872
610:0.3848565879641185
subject:0.000920584720414424
20:0.10844249477260759
the:0.0025991483103070794
peter:0.2539236607466177
actual:0.14008127195616218
is:0.009264573341057375
white:0.23441166522900636
