since:0.020627027045398778
week:0.017772364971162802
out:0.006073077830311649
duties:0.06223131868815168
chris:0.019777047643913918
ever:0.01362588689087557
specifically:0.020861044596678667
with:0.009043722321487846
from:0.004363774507372039
ship:0.05283094362088596
both:0.011575794238702258
my:0.024490058281708794
to:0.0007104119381911499
lies:0.023249389738431256
then:0.008226187369978367
most:0.009570079711170298
day:0.013109809462695217
bruce:0.02374566206026332
mail:0.015795440746576576
next:0.013806082596645232
been:0.01512618955898391
that:0.0053645045170279924
nt:0.007361634553839572
me:0.005585508661879096
re:0.0019275283648359305
lost:0.01806446558926727
so:0.005267064934973815
charges:0.02605983845226282
had:0.02372796627343508
he:0.008196562925362038
internal:0.020425605237733672
something:0.010261140810121252
them:0.022667925332972797
taxes:0.024544824935755515
brand:0.02322454805577173
a:0.0035992374377484407
hard:0.013939347435956232
was:0.01825693060002857
shipped:0.05767634186053272
said:0.022592833285190024
drive:0.07277844713417496
assured:0.02971939669389337
andrew.cmu.edu:0.04200803512089959
no:0.005802813073105721
it:0.008836480147937422
not:0.0031077835493606436
should:0.008468103825945771
have:0.002635312438905427
ben:0.02891233968001945
christopher:0.02494409328131739
money:0.015980514261490362
charge:0.021217797190380593
selling:0.021493696573966704
placed:0.02347852253518813
has:0.005488528215910057
dealt:0.029141472476776325
writes:0.0034085690258637232
were:0.023989226249571637
things:0.011519205815155927
of:0.003006813178851629
totally:0.021234614951384807
monitor:0.019315854845818596
piece:0.022215004710275838
what:0.004744546922663047
but:0.003429294960053661
years:0.011493687747321615
distance:0.024325445479988526
order:0.043365724656688025
they:0.019235456175417394
who:0.006665221001205404
up:0.006925053455424663
called:0.013826054102354298
over:0.010339900786182256
repeated:0.026699285094891577
in:0.003663499008133824
floppy:0.04541258859379214
external:0.022134145967143366
or:0.0034758322562014705
world:0.012996137570786994
weeks:0.018765798378005724
and:0.009840139548731697
still:0.010524273619739934
for:0.003354111988784268
monochrome:0.031350001478492116
subject:0.00013761317985576442
fits:0.02636965249385924
i:0.007872111638985357
away:0.014273111269709642
back:0.010857508866327513
house:0.017720989404588616
ago:0.0147482769348693
cost:0.01711859589871588
the:0.0019426623968790025
do:0.0037026696850850343
when:0.013481179823131299
would:0.004807472402599876
junk:0.027103777957992067
an:0.004628340920421323
long:0.012269645593343221
about:0.010154805982699706
deal:0.016991314390518087
right:0.009999348421599483
hardware:0.03659465075953146
time:0.008141803968575844
electronics:0.023249389738431256
2:0.02008669641335473
their:0.007802492879287185
ignorant:0.025767594412693
experience:0.03414662654427987
ordered:0.024144562388177856
stock:0.051215495663091554
too:0.010064525092085034
dead:0.017687021313459464
article:0.004176973609879386
very:0.008985786040120862
passed:0.022276492188962816
needed:0.01719496232028877
200:0.02142332498031553
s:0.003198125159051641
