since:0.019941743754853965
iisi:0.03580566848018289
read:0.01506314326842473
pc:0.01107256499002619
out:0.003914209631496544
computing:0.014493227505578212
jhunix.hcf.jhu.edu:0.06159008727300385
thanks:0.006622546993076954
allows:0.013729811910784597
wonder:0.02452071566655767
with:0.0019429480956463367
much:0.005804640762657579
ca:0.006832387362432961
from:0.005625064813489539
work:0.013455630989968796
wrote:0.017113454981347916
sell:0.023123403979937326
liu:0.06184897916406625
my:0.022098006077448867
to:0.002289367375566164
aspect:0.01736870393913546
keywords:0.01909885661228881
might:0.007066728026174239
format:0.013355662814079782
that:0.009220056489952872
jeff:0.014004914580831881
v:0.025559125009315696
like:0.011607698307395413
nt:0.007117061977300051
its:0.020609547070108005
re:0.0024846545035094388
so:0.0033947195926409307
supposedly:0.015412271479881187
this:0.0034882554044612557
sender:0.01844731216402871
he:0.010565669152958373
md:0.016633948490264304
something:0.026453970992206283
recently:0.010994390580025546
on:0.011790902912541626
distribution:0.014767234887054085
used:0.013119358859381166
vv:0.27718519513454626
apparently:0.01258691380814506
m:0.009095114366219749
more:0.012671950423462383
a:0.006959322886277717
baltimore:0.01736870393913546
hopkins:0.01853960307468345
old:0.017594106859417435
steve:0.04261998467554002
said:0.014561493878162341
usa:0.012108377694447591
3.5:0.06378306027377789
mac:0.034198825263898364
driver:0.024450402647750114
drive:0.05628844682005293
question:0.007252445459624932
organization:0.012730342950554389
ee:0.15817355759230317
meg:0.030934980708839058
tt:0.15985273105732725
it:0.006834327503122364
not:0.0020030232843055314
have:0.001698507020424096
due:0.011013762408300607
academic:0.018586728107879317
whether:0.00949321788997284
university:0.007808438875743035
references:0.01371882922595237
be:0.003843596392940009
writes:0.0021968850199919013
get:0.0043666909478110374
if:0.006679240064087135
of:0.0032299100592315393
johns:0.0217517061013844
but:0.0022102432632903997
hd:0.05925056929876338
megs:0.0181431022187613
using:0.014647312814916416
who:0.004295856725029397
limitations:0.01909885661228881
now:0.010976175401184347
called:0.008911144504507421
in:0.0005902980129385066
floppy:0.014634621573414743
or:0.008960949604027713
use:0.0055241844775659405
and:0.00253685989694877
gets:0.011087429708946194
for:0.0032426796967980794
subject:0.00017738841788716476
space:0.010157849692734562
capacity:0.017271460144118473
i:0.0038052898454231546
possible:0.04280683759077379
any:0.0033996254693980307
information:0.008102396293965997
program:0.018449391577302826
normal:0.025065532721053444
than:0.0095056563602622
the:0.002504162823883897
do:0.004772876537584695
got:0.007349348244619847
would:0.006197007615311469
can:0.005744624534469857
contributed:0.018989920323840337
friend:0.023077737007925623
thought:0.017837783423200748
apple:0.02520509599527625
just:0.007803246268876319
is:0.0017852001786755078
deal:0.010951212597210994
formatting:0.04106005818200257
field:0.012931753654263476
hardware:0.011792960543769274
disk:0.08141811590232283
applied:0.02941528239413032
does:0.004048135595805732
engineering:0.025692687662611957
supposed:0.012121910336931432
article:0.002692135815005319
owns:0.018782211496659824
takes:0.011880065960065352
mine:0.021695940497009875
summary:0.014291816801869126
newsgroups:0.014240107444589685
