since:0.014291583024312009
pc:0.023806014728556306
out:0.00841555070771757
thanks:0.01423847603511545
allows:0.02951909560818688
with:0.0041773384056396235
much:0.012479977639713796
ca:0.014689632829230864
my:0.006787244723787866
to:0.002953283914480352
aspect:0.03734271346914124
might:0.015193465256274614
format:0.02871467505027153
that:0.014867341090049006
jeff:0.030110566348788545
like:0.02495655136090014
nt:0.015301683251195112
its:0.04431052620073222
so:0.0072986471241780005
supposedly:0.03313638368174455
this:0.007499749119591699
he:0.022716188678860504
something:0.056876037633243504
recently:0.02363793974705492
on:0.003621491608852071
apparently:0.027061864687511875
more:0.018163128940296085
a:0.006982520629231975
said:0.03130721183804903
mac:0.024509158105793828
driver:0.05256836569266274
question:0.015592757738193602
it:0.014693804131713084
not:0.0043065000612568915
have:0.003651790093911806
due:0.023679589177846305
whether:0.020410418463441604
be:0.008263732244821019
get:0.00938838553779373
if:0.00478678871259578
of:0.006944306627347808
but:0.004752023016074359
hd:0.06369436199617064
megs:0.03900766977033679
who:0.009236091958813203
limitations:0.04106254171642094
called:0.019158960684690956
floppy:0.031464436382841694
or:0.01926604164865958
use:0.011876996626766771
and:0.0027271243892199276
gets:0.023837973874234315
for:0.002323920449371957
subject:0.0001906925492287021
space:0.02183937683937931
capacity:0.037133639309854714
i:0.0027271243892199276
possible:0.07362776065613091
any:0.007309194759205766
information:0.017420152032026893
program:0.039666191891201075
normal:0.0538908953502649
than:0.010218580587281865
the:0.003230370042810227
do:0.010261684555807095
got:0.01580109872593267
can:0.01235094274911019
contributed:0.04082832869625672
friend:0.04961713456704008
is:0.0038381803841523415
deal:0.023545107084003637
formatting:0.04413956254565276
field:0.027803270356666472
hardware:0.02535486516910394
disk:0.07502097822428318
does:0.008703491530982323
supposed:0.026062107224402577
owns:0.04038175471781862
takes:0.025542141814140506
mine:0.04664627206857123
