ideas:0.04041565884314011
help:0.024045985618447157
happen:0.03799586770974511
printing:0.16380316115098978
thanks:0.022397602751867
text:0.08127109512884421
cut:0.04113500557083597
with:0.013142188242461737
documented:0.06208553133690699
from:0.009512047802586241
to:0.003097076764249058
that:0.011693414340487982
happens:0.04197839904245818
file:0.034140290814139426
error:0.042308518642382005
this:0.005898679082824932
off:0.024533229752318544
two:0.02095269025453159
on:0.005696728373475167
am:0.03672665970115428
letters:0.05269448098902532
3:0.026308606119523816
a:0.012552846075023775
ram:0.043706259193632004
also:0.016668507097523218
are:0.007223723388777814
couple:0.035460581962410316
have:0.00574438891177138
only:0.014983553238980747
has:0.011963758133556752
get:0.029536493826766794
fill:0.054297360768817714
things:0.025109280091463477
of:0.006554177041541752
trying:0.030295822731105572
parts:0.04099657316198158
print:0.04939733742533397
megs:0.061360379414012935
find:0.02378030042329652
over:0.045077320281333884
box:0.03560156191805176
one:0.01104843716601823
boxes:0.05539826423353911
in:0.0019964011448819156
and:0.0021449292948920776
for:0.003655605201259258
subject:0.0002999658077754865
i:0.010724646474460389
20:0.03533519492590584
any:0.011497609733582104
the:0.0033876539774788895
got:0.024855660917197462
problem:0.04754079307967605
ive:0.08094430418995252
different:0.028395695483272445
is:0.006037587121138515
disk:0.03933684251460541
karl:0.06598661223560574
2:0.021892242158375378
fonts:0.05564889072246381
full:0.03471530880812644
