some:0.004039919983160395
24:0.012675030272901247
at:0.003048321842402876
circuit:0.016014410536027847
help:0.007405165121251893
hours:0.027101552778897038
all:0.0033012727704023917
true:0.008938687862137877
gs:0.021472367622126808
thanks:0.006897531643308523
own:0.007842528150685105
wonder:0.012769438435352696
with:0.004047248282280604
much:0.01813699172553562
into:0.006196553297516908
harmful:0.036977790534192166
from:0.002929315759273964
turn:0.011839024687593479
except:0.011156959927348836
harm:0.016652811353386154
my:0.02630350896416059
to:0.004291969702705009
day:0.008800356525131045
next:0.009267750947228981
think:0.009963654169747788
like:0.004029892953317208
nt:0.002470860040562071
its:0.00715510227001443
asking:0.012406341919163993
me:0.003749441800707767
anything:0.016063952597366118
re:0.0025878235486378586
this:0.010899289377953335
off:0.007555216082893946
these:0.005732304405186653
big:0.009604777003001929
on:0.01578920217008169
you:0.0019231798941478266
used:0.006832053662065279
machine:0.011255361087627497
speeds:0.017216491183617476
etc:0.008035723139993895
inside:0.012989811512367428
3:0.00810195828594332
computers:0.015009580853247993
m:0.004736383086906824
why:0.006158209619910057
a:0.002899316524248571
how:0.01820571622462456
other:0.004772691999418377
want:0.00654878189519786
constantly:0.036111609614095236
was:0.0030638793567521992
coming:0.012029861435258114
3.5:0.016607872960559815
also:0.020532832272381542
nyx.cs.du.edu:0.016267947564077415
considerably:0.018984053895610524
turning:0.016412574306909462
computer:0.0649305201943156
are:0.0022246068567516454
place:0.009409784142963411
it:0.007118105807750283
not:0.0041723876026018335
should:0.005684471080392663
have:0.0035380665269733763
being:0.006732885570675254
whose:0.01295080086678536
spin:0.020321136640030834
always:0.009193619716258504
electric:0.018089895798199907
screen:0.012935318927702588
be:0.004003192090916757
which:0.004470215683451619
get:0.0045480068349173786
down:0.008181195768004006
things:0.015465231336610725
if:0.004637719167912867
of:0.0026912191773804657
totally:0.014254378202659698
monitor:0.03889905716355164
kept:0.013819292811675342
but:0.0069060542102118705
hd:0.046283100412442324
using:0.015255505734566925
ne:0.01983469390431738
they:0.003228095586531985
up:0.009297303601054565
translate:0.02073686090246012
in:0.002459234628297446
our:0.007715485892665721
leaving:0.016014410536027847
system:0.015468666638356575
external:0.014858215631923228
or:0.006999772917333065
use:0.017260687139245827
and:0.004623844120130673
still:0.007064737308752758
for:0.001125774612152505
subject:0.00018475402693438268
cause:0.0218235372549624
purpose:0.01301343076866639
i:0.007926589920224011
info:0.010191679790285112
back:0.00728843155732712
power:0.009348980208202568
monitors:0.015977002521826406
voltage:0.05367063911480062
sick:0.01554063068873691
will:0.003921471781672264
turned:0.013587883529112795
flames:0.015475648354302318
the:0.003651398664306831
do:0.0049710582623286965
when:0.018099300246972125
less:0.009511645524554593
electricity:0.01961492433434393
dad:0.019950044839499356
fan:0.04151788220231495
rgb:0.018646204519956834
drop:0.014981562824761421
an:0.009320741922786193
thought:0.009289226315542258
apple:0.013125837187851472
here:0.006229760919112097
people:0.005208557578107673
many:0.006412460303038386
about:0.0068167209710856165
different:0.008744695148827848
garbage:0.03690132107961372
is:0.006507641481780787
save:0.012534637482426622
right:0.006712365376437023
questions:0.020928555967096966
does:0.021081121355320507
2:0.006741901564343975
light:0.012083787840160185
1:0.013553798560032585
notice:0.013972198732195655
first:0.00649672951346381
leave:0.024451087365359978
comes:0.010464277983548483
lots:0.012625242254035851
going:0.007535694408476411
by:0.006854224739219142
black:0.012212983931639923
safer:0.01989188872075755
share:0.014121276884916458
