1.1:0.05951707617523057
help:0.04553388766046376
your:0.01340353427852407
with:0.006221567838186674
eos.ncsu.edu:0.06189094374240301
array:0.17428958833554736
both:0.023890468960725934
my:0.010108662354577674
to:0.0014661693192455647
1987:0.05414372565334754
northern:0.055511995630178314
software:0.059910338052792694
that:0.003690474738664647
id:0.04989158306407717
nt:0.00759658033747275
anything:0.024694054790631952
greatly:0.041520522870219165
two:0.019838185453758633
these:0.01762378694786109
on:0.010787421813601913
set:0.02818526153325448
american:0.034330161887108676
possibly:0.041244187908482347
m:0.01456185863953268
a:0.001485642687070633
wife:0.042989170501531594
scsi:0.04499970527801024
smoke:0.053961869979312425
it:0.010942194566169317
not:0.01282787252289287
have:0.010877672620162827
drives:0.1291609356943296
formatted:0.06267932642488941
has:0.011327388020069691
dodge:0.06170265036900514
be:0.006153843161036929
get:0.013982701864799173
what:0.009791937265921608
but:0.0070774810877703214
using:0.023451282751541708
blaine:0.13439872080648663
newer:0.052296241674083276
president:0.04005806552310637
in:0.0037804191892444783
become:0.035236412497820724
or:0.014347052291555007
use:0.01768914391220583
and:0.006092511933363668
subject:0.0002840101797023223
grey:0.11673173565598811
i:0.010154186555606114
draft:0.05253005983066599
appreciated:0.0360081076508111
will:0.012056439839396643
program:0.029538653536000797
than:0.015219162576802777
the:0.004009324521218367
do:0.007641679988366986
units:0.05169674234907124
can:0.01839502111569603
unit:0.04563979593190868
formatting:0.06573977400416368
disk:0.07448891454893365
mount:0.05582958034453663
1:0.020835360552390516
pot:0.06421742460373099
telecom:0.06227783357400807
