pc:0.028244424254219348
at:0.014931610380583576
fast:0.08852028622749249
k:0.0321072970868785
all:0.008085320598697383
versions:0.03763070356481995
from:0.014348682278477552
to:0.0023359307798149673
then:0.013524409743862738
that:0.011759478828287349
had:0.013003461743068942
this:0.004449003715012025
ide:0.038388935792197
magazines:0.04500424499464218
am:0.013850308107638692
m:0.011600124678949763
a:0.007100868436507094
how:0.011147144044314612
series:0.030401274243793783
was:0.0075039079161134375
3.5:0.040675214284760904
drive:0.07179162073235565
question:0.018499882062263596
scsi-2:0.1584453175392409
it:0.005811108978643593
admit:0.03474658656535212
have:0.01733052925924247
drives:0.06859394325009595
second:0.04660501316359774
june:0.038949799409835145
be:0.014706642130613679
if:0.011358481690905241
of:0.003295603145182011
interface:0.035785589294948156
seen:0.021970041445952142
looking:0.021982079198361388
but:0.005637993408901782
hd:0.03778479101467749
well:0.01426159245892665
in:0.003011520371093059
5:0.022024346499302398
for:0.01102877501396861
subject:0.00022624539738998556
each:0.02157635082508996
i:0.009706713927731946
similar:0.026819985490395774
rate:0.03292098058890891
impressed:0.04389543481702514
the:0.005748963635509727
ibm:0.03339378872135311
thank:0.030766900904826394
would:0.007903810560206576
can:0.014653660888774803
claim:0.02767151732881344
an:0.007609306258997769
thought:0.022750732247387394
cache:0.04112430352323981
is:0.004553773337129897
ad:0.07338426536196696
assuming:0.03362855653956782
new:0.02922033160819571
1993:0.02567504917805201
very:0.014773241455791926
three:0.024732949207393835
ads:0.04682722278800612
by:0.00839352097302683
data:0.024867335789879767
says:0.04340723295639946
s:0.005257934583525579
