bottom:0.020393246035677368
believe:0.00987578127422882
at:0.004004386420247414
out:0.0053553504503657265
correct:0.014873715637188402
there:0.004171722661714307
posting:0.014996311622528366
all:0.008673343914966283
ahead:0.01964381583935812
wave:0.02237781580314958
send:0.01333339600398283
1919:0.04482223197077255
work:0.009204874836319562
hence:0.020915242670279048
ground:0.035245033303612186
to:0.003132270818388252
sound:0.015687196768765593
obviously:0.016735877640117983
line:0.012835471585481767
harris:0.026444312326299468
then:0.007254001589890014
published:0.01863680552141614
h:0.016059918746793255
100:0.01535687317650487
enough:0.011055220576988163
perhaps:0.013129370625636568
that:0.009461035239122095
reliable:0.021086789615655622
could:0.013719174139327793
re:0.0016997295580825932
patents:0.0277519581101712
supposedly:0.021086789615655622
this:0.007158851432337531
he:0.007227878216001069
you:0.0025263590427669173
regular:0.018395648417071187
used:0.008974834128803934
communications:0.01917764952878952
3:0.010643027021080088
m:0.0062218850550730545
more:0.005779177390094208
sure:0.009918381909814561
a:0.0012695492053149044
hard:0.01229197001170686
was:0.01609929334729792
given:0.012671761632642185
theory:0.018493403895348294
march:0.019698691208604797
are:0.005844648923647504
furthermore:0.02234475780619922
square:0.023056435354797126
taylor:0.02465572633965652
not:0.005481000077963317
hundred:0.020915242670279048
have:0.0023238664233984217
transmission:0.02202676422162235
kind:0.012525121349832089
completely:0.016349971077452136
real:0.011625426609082943
after:0.017538306251499557
war:0.03215295559611834
details:0.017340099464956068
his:0.01676753674095688
june:0.020891256047093396
be:0.010517477402499477
which:0.005872237875079626
virtually:0.02265130908254255
writes:0.0030057381409889197
soon:0.016349971077452136
were:0.014102757249748172
if:0.00609227654330372
of:0.0070705667478450415
short:0.01574080848009667
even:0.007632542944391025
forgotten:0.024138640497126256
what:0.004183827740893778
distortion:0.0277519581101712
but:0.009072043939778321
years:0.010135342831729061
conditions:0.020612875932362853
distance:0.02145062010508079
variety:0.02123916548855855
find:0.009620212443969956
who:0.00587751306469931
direction:0.020082501750180136
now:0.0075087018085374735
in:0.0016152700172226407
government:0.012234613357346807
accurate:0.02032937442906077
or:0.0061301041609371386
world:0.011460230403330348
use:0.007558088762487945
and:0.003470885586279908
rogers:0.1004656779815404
for:0.0014788584677821544
subject:0.00012134980405462862
half:0.03437857712357287
feasible:0.025981663715799734
showed:0.01943070863072698
space:0.013897785261423197
i:0.0026031641897099307
signal:0.020479828740089613
water:0.01863680552141614
review:0.01964381583935812
noise:0.02082004642552794
meat:0.026609619799803447
than:0.006502733100997551
the:0.005824455077188136
when:0.005943974740198799
invented:0.025365547843089625
would:0.016957266292806836
eric:0.01812740218326639
grounded:0.030295666237150395
refer:0.06111556686561283
quickly:0.01929399292510299
imagine:0.017898811611211193
jim:0.015392412486131225
problem:0.009616205872934474
during:0.013310770499102138
relatively:0.020266387907872472
is:0.004884956852557526
et:0.04136177797996855
methods:0.06067462985684551
time:0.014359181544579214
electronics:0.02050173458752574
does:0.005538585519716023
man:0.013172951539978175
2:0.00885640705497913
their:0.006880380084462336
thru:0.07037685239177473
under:0.011033288305025632
underground:0.05373886154360642
article:0.003683331274166368
confirmed:0.024237458618200827
by:0.009003958861974236
data:0.01333793465093551
while:0.009865193208538738
range:0.01817979993404397
james:0.015725426216531942
