out:0.02066977366807824
know:0.021646932029093013
technology:0.059081889224858644
help:0.03754548631652275
all:0.0167380321166016
someone:0.03865715990636877
sell:0.06105389998211522
via:0.05996897155466044
to:0.002417893263317247
like:0.020432264272081984
me:0.03802065545279104
michael:0.05271395090655595
he:0.05579414763228895
contact:0.06105389998211522
you:0.00975085946331091
machine:0.05706665533902362
a:0.004900014476654018
want:0.03320347311775757
old:0.04645461547968989
copy:0.05994056043970775
mac:0.06019793218966905
it:0.012030015078595507
not:0.010577368571508155
university:0.08246807374030363
if:0.011757024908129987
of:0.006822476686517145
who:0.022685138144453477
title:0.07370514616812139
email:0.048138572964349834
p.s:0.07955846851087417
for:0.005707874787931122
subject:0.0004683676647722508
i:0.006698200254224383
information:0.04278633832427658
the:0.003967121105205542
would:0.03272454898611846
can:0.015167824428731812
an:0.015752598922135732
is:0.004713554857730945
man:0.050842970856056116
eating:0.08770023361513056
wanted:0.05342385946572109
mike:0.11211972031430538
says:0.044930293761887154
s:0.021769694065123447
