another:0.014983144124247155
at:0.0059524663003677775
tomorrow:0.03415951797120938
where:0.012482816204282175
your:0.0085130555552788
with:0.003951536329659104
ca:0.013895598622245414
companies:0.026869137470187408
from:0.00572008280020389
alexander:0.03438858250955858
iastate.edu:0.032473971622347324
both:0.030347352463624837
to:0.0009312156487100209
t:0.01740725037162461
measure:0.03119833600545832
that:0.002343950171854573
cco.caltech.edu:0.06082116419670571
through:0.01600988712178937
re:0.0025266250187714226
this:0.0035471786376447233
bell:0.18094066414786109
amount:0.02512443926774884
you:0.007510797154171917
numbers:0.023836097304045258
performance:0.025614940767544704
ta:0.03119833600545832
amp:0.0734646102061727
came:0.020396802246472615
a:0.0028307516064453955
was:0.005982845500685038
as:0.0054061767582230975
running:0.02045581359761285
part:0.01654879805684647
l:0.02233081472130651
os/2:0.06393395424546608
should:0.011100082042118107
zero:0.03130820438972711
mistake:0.03018798645160046
similarly:0.033464535637157296
mother:0.028781108741481987
after:0.01303522761935778
b:0.020681813152123255
spelling:0.0364895212569643
usually:0.02228209960936901
highest:0.031886056912957934
be:0.003908522007685617
common:0.0227441083758875
writes:0.004467989128497043
get:0.00888090523845353
were:0.010481779036974994
of:0.011824089662781406
what:0.006219203398625887
in:0.001200538526314125
our:0.01506605015527293
system:0.015102853575963008
pasadena:0.037898607418403875
use:0.022469993618207406
and:0.005159424520145809
for:0.0065949093833528516
subject:0.0001803848438649885
sockets:0.039809842459051385
example:0.018995669890256115
818:0.041582573975723625
graham:0.03292761556043941
actually:0.04954690798177874
joseph:0.05519187336005071
the:0.006620803466120061
thing:0.015296840777871329
see:0.011955309198724163
original:0.02085248657617216
got:0.014946985281287663
db:0.15772343830509628
operating:0.031054569799733426
did:0.011107507050290307
regards:0.02790113241224097
named:0.031495384136682084
instead:0.020727934537734066
wires:0.037898607418403875
people:0.010170764459953496
company:0.09097643350355
current:0.04273305032068673
affected:0.03415951797120938
is:0.012707489109693564
today:0.0191832855797186
connectors:0.038731260394241365
electronics:0.03047555141388962
first:0.012686181279669197
article:0.005475222164301358
refers:0.03566724466927836
thus:0.04501831179562575
by:0.020076394759807423
