some:0.009729473959444618
since:0.01667351352836401
read:0.00944584609124134
at:0.0293655004151477
correct:0.013634239334089368
bbs:0.01686267771564859
there:0.0038240791065714476
thanks:0.008305777687150679
your:0.010499435184843855
with:0.009747122946492456
c:0.14008029183573534
work:0.0253134057998788
313:0.05107940279847271
my:0.00791845217775251
via:0.014242630744231854
to:0.0022969986001513845
0:0.01527148453529347
then:0.00664950145739918
mhz:0.11812766475260694
clock:0.017875586739997566
mail:0.025535962540298798
that:0.00578174375724128
problems:0.011429471816215722
higher:0.015466141304324551
nt:0.008925981896530481
so:0.008515088311541
bus:0.25294016573472883
hi:0.013129236083393352
on:0.008450147087321499
you:0.002315829122536341
speeds:0.020731524800272707
card:0.012753784777142674
8:0.012302047009891109
m:0.005703394633816967
board:0.02992663766129287
a:0.004073137033718652
member:0.016628741344777327
serving:0.023684238829839003
standard:0.025367037837185306
copy:0.014235883104430592
local:0.0382047931489494
also:0.00618123804866486
eff:0.02319347618127074
486:0.019866360780363357
weird:0.020512997819553784
computer:0.011169595438188814
no:0.004690607234093791
not:0.002512125035733187
should:0.006845050592639498
have:0.008520843552460881
boards:0.019492976785822996
chipset:0.025967427041153367
hal:0.024470035370703795
evaluation:0.023684238829839003
careful:0.019172305781089128
robert:0.013314216787323764
has:0.004436560307860629
call:0.011070650408327947
free:0.012031282475519732
be:0.004820510476145594
which:0.005382884718822991
rates:0.03821337525411043
if:0.002792293415680872
of:0.000810169106523911
interface:0.01759458140334951
but:0.008316040278130129
instance:0.017811482911499733
fact:0.009992779702620164
please:0.007980897320438562
one:0.004097128782398427
cpu:0.01863525989330571
speed:0.06996802431012043
or:0.008428893221288567
66:0.021315469099202886
use:0.006928248032280617
and:0.003181645120756582
usenet:0.017017494286015632
for:0.004066860786400925
subject:0.00011123732038340957
i:0.004772467681134873
linked:0.024470035370703795
faster:0.03250250856161943
than:0.011921677351828842
the:0.0037687650499452652
do:0.008978973986331209
when:0.0108972870236978
views:0.016875361642237036
isa:0.04021517138088424
gateway:0.02010758569044212
conflict:0.01968794412543449
refer:0.01867420098671503
may:0.007754273030999295
an:0.007482484488014473
problem:0.008814855383523269
audio:0.02066791033306109
is:0.004477877114844399
having:0.01090371413508484
ad:0.01804029856815021
new:0.007183331520348112
hardware:0.014790338015310631
disk:0.014587412432499506
motherboard:0.018813434307214383
does:0.015231110179219066
run:0.011153476784947478
v.32bis:0.024712822487887028
goes:0.013429279983294486
runs:0.04689738150554169
1:0.016321032432705905
33:0.03843326488055372
function:0.017137502581447743
ann:0.023556023585394197
somewhere:0.016164671078760778
data:0.02445288019338177
bug:0.02066791033306109
200:0.017317187692421722
four:0.014616858962595724
vincent:0.02424061963244118
newsgroups:0.017859468086756227
