go:0.016770967687880407
at:0.00759452596943475
circuit:0.03989797107682799
small:0.025765050864362166
thanks:0.03436873525717522
where:0.01592635170891174
with:0.01008323063430254
into:0.01543796468088264
o:0.06036170661723934
wire:0.0439497265013602
to:0.0035643081726487004
then:0.0137575892222052
that:0.0029905571158144553
like:0.010039991926798907
could:0.013009561683845322
me:0.01868256345525077
re:0.0032236250239497458
anyone:0.01442167887621889
brad:0.04121125318529367
this:0.013577132026847042
reply:0.030958590684096073
hi:0.027163936724262108
two:0.032151541942298474
starting:0.033806223990320836
on:0.0043707657348214645
consists:0.04686535478669638
m:0.011800126828586829
a:0.0036116486013268835
air:0.03322533608302732
other:0.01189058610199923
as:0.0068975358639398136
ending:0.04941574602023898
advance:0.02727156221272974
baden:0.29735609583424966
are:0.005542339496562289
base:0.03320375737425044
d:0.01570555364118134
it:0.005911300512758138
stay:0.034040496278070535
usually:0.028428885708505287
writes:0.005700537853599676
of:0.005028635833596689
seen:0.0223488352639858
looking:0.022361080563850378
supply:0.03481004684141848
well:0.01450748198408056
please:0.033024402705263016
up:0.011581554916830902
called:0.023122883584971842
over:0.017292592694132393
box:0.054629982943217366
email:0.023654298784206385
in:0.004595164704167857
moving:0.036560186048632176
and:0.0016456785107361632
for:0.005609463153656448
subject:0.000230146180103606
each:0.021948356873798407
until:0.02466522177038486
i:0.006582714042944653
top:0.029152001949718235
any:0.00882144195076558
information:0.02102432141796349
noise:0.03948629494496679
the:0.0045485095430373886
when:0.011273055541756343
closer:0.04018376596749093
home:0.025253129757425417
movies:0.04873660052150523
wires:0.09670679134351333
is:0.0046322866705286875
blue:0.03445397954709749
their:0.013048996711911327
de:0.06967210391627535
little:0.040436874170663176
by:0.00853823685187212
mike:0.027546655422049166
s:0.01604576588420737
