library:0.017592893242441933
some:0.004905617122409051
ability:0.01684155321621188
mark:0.025240537515060422
radar:0.10710437550751646
pass:0.01705577823609788
ahead:0.018158149095204985
watch:0.016151948909976257
chris:0.016120786734955043
among:0.014472712050360608
split:0.020033304988601702
your:0.005293832866307826
cut:0.015382418049598326
85:0.02084159025182631
into:0.007524386146984816
skill:0.023818122405989055
from:0.0035570262791183847
work:0.008508707831892032
except:0.013547737054637871
to:0.00405352694144362
remember:0.011691697632442152
stop:0.013966189557061501
within:0.013598530320684107
cases:0.015461284027253747
enough:0.010219111457720151
hall:0.019245421065614065
been:0.006164875576560669
that:0.005830329839234904
guy:0.028456560898729995
higher:0.01559610887831047
nt:0.003000330049253943
need:0.008072277275198471
re:0.0015711785831015567
so:0.004293321837751765
uk:0.018158149095204985
this:0.002205808564585794
off:0.009174190957799791
he:0.013362463928741472
student:0.016903434757011223
best:0.01023183226874552
blow:0.02047599623086148
on:0.004260578363355377
you:0.007005869614395654
relative:0.02068537595249121
officer:0.021104280827378134
more:0.010684193494291814
a:0.005867664394312585
how:0.005526735282475312
same:0.008160056094658035
as:0.013447296810370057
target:0.020139682333073512
also:0.0062331812255443965
ee:0.02500537858995969
are:0.002701308326055569
no:0.004730024101607184
manual:0.016510913432280516
police:0.030887259761619257
it:0.002881138065041781
not:0.005066470660302226
tiny:0.021966302040671317
have:0.002148111819948121
directions:0.024755700352687416
only:0.005603093438106246
whether:0.012006128507906826
university:0.009875378578145603
left:0.012287416737397317
always:0.033491043252084546
second:0.01155334359937927
west:0.01713407268796718
has:0.004473842327254416
his:0.030998807420256413
tested:0.01990401230512795
heard:0.011355661174033086
be:0.004861018967541776
guns:0.01695360467454029
writes:0.0027784134076368166
things:0.009389604740085083
of:0.00571884075193349
standing:0.020778405893151768
even:0.007055291797336242
effectively:0.02056445593337338
what:0.0038674037941034923
but:0.005590615313028657
reading:0.013808075825054581
never:0.00926024886916748
ticket:0.021277213905081947
court:0.01679269591371138
who:0.010865990539780237
good:0.013613528162684867
depending:0.018910782145194212
in:0.002986213477218327
gun:0.03076483609919665
accurate:0.03758371743187706
yes:0.011205234750016339
moving:0.035638500686061614
speed:0.028222396360384712
or:0.005666482837841053
watching:0.017897496192182075
and:0.0024062862257822892
gets:0.014022337573079009
word:0.02578887828708755
still:0.008578609589199778
for:0.0013670120290423277
subject:0.00011217208778158947
car:0.03855432781365617
i:0.0016041908171881927
detector:0.022223628197144924
will:0.004761787163459178
than:0.018032789271673882
the:0.004750544180603275
benefit:0.019033169846551453
got:0.009294763956430982
can:0.0036326302203265265
effect:0.014564594347152965
her:0.013892473970292973
friend:0.014593274872658848
an:0.0037726812544610785
lower:0.016684800895149652
just:0.014803217186544782
actual:0.017068726414826485
people:0.006324677059130745
warning:0.018025801754619392
about:0.004138723446730552
lab:0.018108029049552575
observer:0.07107236701424453
is:0.006773259501445308
col.hp.com:0.024520030324741857
cop:0.022893492638019302
division:0.016649442924875347
living:0.015479012663987815
does:0.010239401801155673
virginia:0.02050527635403834
guess:0.012588896062754845
too:0.008203856587665951
e-mail:0.01155334359937927
article:0.003404760001330256
little:0.009854364293691025
give:0.009929564165361372
assistant:0.02350674437172972
realize:0.01644332461819806
by:0.00832298718333753
mine:0.01371949178487389
father:0.018191897715781724
doubt:0.014622152516725074
s:0.007820625388941408
