at:0.016314166897304277
knows:0.06470298909520805
availability:0.09915674134794247
spot.colorado.edu:0.10000831751908734
finding:0.08256676555059156
re:0.006924824125521676
boulder:0.10208087152286485
anyone:0.030979902771136873
had:0.028414971957076575
them:0.027145540213560016
m:0.025348420594742075
a:0.0025861187515673983
303:0.1094680512925316
looked:0.06898154082369787
hearing:0.08397838342814495
patrick:0.08491861167580095
pat:0.07505815243747739
no:0.02084714326263907
d:0.0337378559699451
interesting:0.06051897336891504
has:0.019718045812713907
be:0.010712245502545764
writes:0.012245599833658562
if:0.012410192958581652
of:0.0036007515845507157
catalog:0.10113099570087317
least:0.04458634042049041
find:0.03919345810506278
now:0.03059100736811563
one:0.018209461255104118
in:0.006580729699795943
blues:0.10232615349971708
for:0.006024978942816185
subject:0.0004943880905929314
i:0.010605483735855273
back:0.03900660592717662
cu:0.1122020512704217
rainer:0.3658335480277528
the:0.00279167781477427
when:0.024216193385995108
can:0.016010481341439134
about:0.018241040376330953
their:0.02803117812188359
trouble:0.07064484967204324
too:0.03615773829378697
article:0.015006164450307426
while:0.0401915278866393
s:0.011489560756592932
