since:0.013250474327176697
pc:0.022071801735085318
computing:0.028890473372046636
chris:0.07622676641561524
where:0.01223481323333617
fax:0.02025591615816814
hand:0.04181774113182349
from:0.005606438771060766
work:0.026822151840931174
wrote:0.01705678791187325
my:0.0062928096776841145
via:0.022637293898116854
tight:0.0344285397574812
to:0.00547628805334105
then:0.010568744038250352
mail:0.020293480164475866
nt:0.009457994062548854
circuits:0.037541146573678116
re:0.002476427170716361
so:0.00676695759857563
anyone:0.01107890562676418
file:0.02012242306263847
zip:0.04027748534322828
voice:0.024016518552557403
uk:0.028620129037475406
this:0.003476704889876947
paying:0.03105833647697519
unix:0.026242168318677702
on:0.0067153486786660915
took:0.022353653486203173
m:0.027194994280451766
sure:0.014450622650060951
a:0.004624185847173494
how:0.008711013226682942
wondering:0.0238339967010417
layout:0.07592353030924134
worth:0.023279229263522105
science:0.02239491540508156
fidonet:0.03641917205739966
based:0.020005980211261872
frank:0.02593492964603061
files:0.04383194125281707
those:0.012290832147599736
internet:0.01891744333188481
manual:0.026023823820415647
d:0.012065193525675732
it:0.006811697279602093
not:0.003992781513748112
should:0.010879550610817745
couple:0.020900607911619327
contain:0.03105833647697519
have:0.003385765649984456
try:0.016135030942671474
whether:0.018923566787296852
university:0.015565166235752673
disks:0.028541131879427237
has:0.007051486582030139
free:0.019122568173011494
floppies:0.07448467148801227
without:0.014882188641076126
be:0.011492607757698106
dept:0.02717422179034304
if:0.004438082250088803
of:0.003863057991372291
but:0.004405849153976227
must:0.015347420049533093
who:0.00856326406777383
up:0.00889708854538003
one:0.006511992766725976
comment:0.026023823820415647
rather:0.017042938098760684
registration:0.03275007021569617
install:0.05851854814622027
and:0.0025284596986145024
still:0.013521252200195677
for:0.002154628231205788
subject:0.00017680103901998871
however:0.015874827180112006
create:0.025184408551282244
i:0.007585379095843507
44:0.060195801800966835
creates:0.03624935463611928
pretty:0.01905973547628892
program:0.018388300876715728
than:0.009474180676950075
impressed:0.03430239277092031
the:0.0034942192516048813
managed:0.03133187161698337
do:0.00475707231063905
ibm:0.026095808404766007
can:0.005725602598925254
pads:0.03954900259346451
linux:0.035312853615921735
maybe:0.01753584822743261
gateway:0.03195907659408019
an:0.005946345288488323
problem:0.014010366172487312
about:0.0065232859623965
is:0.005337866759417164
fee:0.033317324815553745
printed:0.03222759377549972
does:0.008069462346606127
created:0.025152947605861068
whenever:0.0314121455277936
supposed:0.024163543121962654
de:0.02676147037843689
three:0.019327735142201805
needed:0.022091540994278284
s:0.004108849542092836
