sent:0.034052616187866785
mode:0.03545727080072436
some:0.021621053243210262
simply:0.028320771665586938
at:0.016314166897304277
there:0.008497953570158772
radar:0.0944105235955145
true:0.04783853318810827
rumors:0.051541058180601645
floor:0.045517099234850256
ca:0.019042116630484454
work:0.01875067096287318
turn:0.03168035309920847
ground:0.07179543821106187
to:0.0012761103334174358
then:0.02955333981066302
that:0.009636239595402133
gee:0.04688867508712503
helps:0.03916641014937928
huh:0.04628623440798557
re:0.003462412062760838
this:0.009721897006878128
off:0.02021719859218843
two:0.017266568820863994
on:0.0046945261596230544
more:0.011772398387228943
a:0.003879178127351097
how:0.01217928701138078
other:0.012771370257702877
uunet:0.03497215104090079
are:0.01785864948892293
internet:0.02644938836217228
police:0.034033184366969366
it:0.0031745873124071474
not:0.005582500079407082
flame:0.038867162082201805
mounted:0.04947491418695155
systems:0.027781640002616764
uucp:0.03920026488274142
hope:0.026745014237407827
details:0.03532242483602162
be:0.005356122751272882
common:0.031167852218808793
writes:0.006122799916829281
were:0.014363919421039806
if:0.006205096479290826
of:0.0018003757922753578
reading:0.030428907836694354
san:0.0373885688296717
they:0.008638144671367996
david:0.023115233697634203
one:0.036418922510208236
in:0.0032903648498979715
firing:0.05068196805605566
speed:0.06219379938677372
or:0.0062436246083619005
and:0.003535161245285091
few:0.021163217600984132
for:0.006024978942816185
subject:0.0002471940452964657
murder:0.03961648143702166
car:0.028320771665586938
i:0.0017675806226425455
the:0.004187516722161405
horn:0.11098060742242545
kernel:0.055295364737158716
would:0.008635644871336815
extra:0.035969219532326395
cars:0.035389602344180614
just:0.021747936360479368
is:0.004975419016493776
angle:0.04947491418695155
cis:0.0563138915446988
does:0.011282303836458566
guess:0.027742196879033825
show:0.02787100620124845
article:0.007503082225153713
jamie:0.055295364737158716
s:0.005744780378296466
diego:0.048047593077439894
