since:0.01600657298722945
pc:0.05332547299196613
at:0.007047720099635449
bbs:0.03237634121404529
circuit:0.03702531715929638
all:0.015265085290340659
solder:0.05180643658027647
modify:0.04274632585752615
with:0.009357238028632758
proves:0.04475684128377339
313:0.09807245337306761
my:0.00760171409064241
to:0.004410237312290659
0:0.02932125030776346
line:0.02259042999044791
mail:0.024514524038686848
make:0.01408064386679763
that:0.011100948013903258
r:0.049603516267666084
location:0.036726615795795226
re:0.0029915240222253645
had:0.024550535770914164
this:0.004199859506971352
off:0.017467659583650805
parallel:0.1472433083987645
on:0.00405607060191432
them:0.011726873372257928
input:0.03413721039499773
a:0.001117203300677116
member:0.03192718338197247
was:0.007083689072811085
old:0.02118330465873859
serving:0.045473738553290885
part:0.019593776899306217
standard:0.04870471264739579
copy:0.027332895560506738
eff:0.04453147426803982
are:0.015429873158429412
proper:0.03285222484033473
it:0.005485686875839551
not:0.009646560137215439
hal:0.046982467911751286
evaluation:0.045473738553290885
robert:0.02556329623166163
call:0.02125564878398966
free:0.023100062352997885
without:0.01797768387841996
which:0.010335138660140143
were:0.012410426379778393
jump:0.03968238783947729
of:0.004666574053577728
port:0.03335821708279632
they:0.0149267139921239
direction:0.03534520308031704
in:0.0014214376151559238
or:0.010788983323249365
and:0.003054379315926319
usenet:0.03267358902915002
subject:0.00021357565513614637
i:0.004581568973889478
group:0.02157692747845316
the:0.004824019263929939
original:0.04937868821237567
ibm:0.06304747310591467
trace:0.043891132606651534
did:0.013151288347543724
adaptor:0.0494363100511311
gateway:0.038606564525648875
thought:0.021476691241533702
just:0.009395108507727087
i/o:0.041287753403174504
including:0.02543974165224184
lazy:0.04847128614882217
select:0.037897239428963614
disk:0.028007831870399052
time:0.01263607975922971
their:0.012109468948653711
v.32bis:0.0474486191767431
experience:0.026497782198361183
1:0.03133638227079534
ann:0.045227565283956855
ports:0.07876991162708653
by:0.015846967597074657
200:0.0332490003694497
four:0.028064369208183792
newsgroups:0.03429017872657196
