school:0.022039542277552154
frequency:0.06059288867954475
feeling:0.02646446576114862
at:0.005339181893663218
circuit:0.02804948269643665
help:0.012970258909344223
extreme:0.029369018962163138
706:0.07165181539147523
controlled:0.02941010797419574
fax:0.03707446472585926
your:0.015271905723409243
with:0.0035444083441790748
c:0.01567331936623612
divided:0.034545246521996975
times:0.017033188736321373
my:0.005758874311092735
hence:0.027886990227038732
to:0.0033410888729474685
mhz:0.02863700963699562
depend:0.03105819109833902
approximately:0.031391886717630095
that:0.006307356826081396
cold:0.053553338000480365
terminology:0.03594592361874477
divide:0.036451266703223864
like:0.007058418566719232
nt:0.021638743991589045
affect:0.02970580593885896
its:0.025064540073141458
australia:0.02811571948754083
re:0.002266306077443458
michael:0.03642054789907502
phone:0.01780210379520951
aisun3.ai.uga.edu:0.03417216838260646
programs:0.02141322499572434
something:0.01206461404341529
big:0.03364582489536433
on:0.0030727807590259994
athena.cs.uga.edu:0.034082379983908645
timer:0.035259083101732626
cycle:0.03064005248326659
amateur:0.028783940616450125
a:0.004231830684383015
other:0.008359442350496429
intelligence:0.02739448741444015
as:0.0048491767285879905
40:0.0695364943277236
timing:0.06665812097778605
also:0.008990891707148887
course:0.01482516242363648
exact:0.02588452345662587
are:0.0038964326157650032
internet:0.01731232692796731
likely:0.02003884124199835
should:0.009956437225657451
gut:0.03760917722905847
due:0.02009177263574838
components:0.02949313127333611
fail:0.02766658026236676
university:0.028488970928468527
per:0.02143530373074556
expect:0.02094679444338417
batteries:0.031992437642746646
u.s.a:0.03111254667399211
device:0.024328210817641367
crystal:0.10482841742936932
be:0.007011651601666319
which:0.007829650500106169
writes:0.004007650854651893
battery:0.028564858712714906
of:0.005892138956537535
georgia:0.05825633697099883
department:0.021018639895108705
ph:0.03325085803534207
they:0.005654058330349962
email:0.016629688842229946
in:0.0010768466781484272
or:0.012260208321874277
use:0.020154903366634523
weeks:0.022064029608079457
and:0.002313923724186605
for:0.003943622580752412
subject:0.00016179973873950483
values:0.02588452345662587
i:0.0011569618620933025
athens:0.032451297168417534
any:0.0062017410078109535
artificial:0.031222742547223573
than:0.008670310801330067
the:0.001827280024215886
do:0.0043534419327666465
would:0.011304844195204559
radio:0.021741517337985856
mcovingt:0.0671398219311135
instead:0.01859232916111904
problem:0.012821607830579299
f:0.022522613444889986
affected:0.03064005248326659
is:0.004884956852557526
either:0.015173107315838534
electronics:0.02733564611670099
2:0.059042713699860874
matter:0.01830850310242753
61:0.061179513417264145
1:0.03560952530772197
article:0.004911108365555157
going:0.01319888293363444
by:0.018007917723948472
john:0.016251384239889973
covington:0.06650171607068414
