some:0.006867863971372672
since:0.011769538961198126
at:0.020728588528339555
out:0.006930453524002705
roughly:0.029788099467114727
k:0.022286241507362723
all:0.005612163709684066
thanks:0.011725803793624489
with:0.006880322079877027
way:0.010190428350273784
ca:0.012097344682896007
indicated:0.030870473837567313
work:0.011912190964648845
my:0.005589495654884125
store:0.05250827116447734
to:0.003242821553154896
sound:0.02030107817134371
caps:0.03030442658995229
important:0.01848452525278366
mail:0.01802538532256386
been:0.008630825807184937
that:0.0020406154437322163
sources:0.06792598191554935
problems:0.01613572491701043
nt:0.00840092413791104
need:0.011301188185277861
anyone:0.019681349995781073
had:0.009025932268718442
largest:0.03156331522378133
empty:0.029938295361262756
recently:0.019466538615221702
on:0.002982404854348764
went:0.019190948619035787
cage:0.031238240643339864
suggest:0.021596469441824223
m:0.0080518512477416
board:0.04224937081594287
a:0.004107365076018809
richard:0.021976926557522227
nor:0.020320817629267077
low:0.019975261999881293
want:0.011132929221836362
fine:0.01905386222306212
kim:0.03274373107944104
hands:0.023560999737382897
rich:0.026704679379187985
whole:0.017599502794278177
advance:0.018608830686333233
video:0.04112601403370615
far:0.014643400424243539
are:0.007563663312955595
no:0.006622033742250058
d:0.010716730719864915
it:0.0040335932910584935
have:0.00300735654792737
try:0.014331703954961132
ve:0.010736080582514318
area:0.01887333555681969
tube:0.06273224583534333
hopefully:0.027192615161427694
has:0.0062633792581561825
naturally:0.03019747177181587
noticed:0.02386001777149603
end:0.0159072553092677
of:0.001143768150386698
monitor:0.04408559811869186
but:0.00391343071912006
order:0.01649598153607348
they:0.005487762497104374
find:0.012449686692196413
email:0.01614058034687024
in:0.0031355241510792435
stores:0.03190741055720256
compare:0.025351240669373606
leaving:0.027224497911247335
replace:0.025860959005027783
rather:0.015138139134781549
and:0.001122933572031735
for:0.0038276336813185177
subject:0.00015704092289422526
fits:0.030092426963580544
inches:0.03274373107944104
i:0.007860535004222144
top:0.01989195427157244
room:0.02345899106069768
power:0.015893266353944363
leads:0.026704679379187985
any:0.006019336860522396
angeles:0.02786561722717913
the:0.006207377729321613
can:0.010171364616914275
radio:0.021102060945692155
did:0.009670064961429208
just:0.006908168020387564
long:0.01400183085357991
is:0.006321708868015621
picture:0.024061928021737646
1/2:0.027901376321746083
living:0.021670617729582942
else:0.014862071913753275
electronics:0.053063313050066625
hear:0.019492244495640045
atari:0.03650302495761557
1:0.023041457552055396
dead:0.020184012557712565
nothing:0.015028564714711227
although:0.018586702686792696
very:0.010254367598726161
little:0.013796110011167435
dimensions:0.03465798049376238
metal:0.02949874508952195
numerous:0.028348352245145626
mf:0.04058036131385054
wide:0.025304922690368273
bad:0.016121182627919905
going:0.012810680494409896
by:0.005826091028336271
los:0.026822921610488496
check:0.019466538615221702
s:0.00364962518150599
