some:0.015362327304386237
laser:0.06449286815673326
at:0.011591644900716198
out:0.015502330251058682
ideas:0.04732886364525619
there:0.012076039283909833
activity:0.05872635590763912
pioneer:0.16195318285281832
viewing:0.0718562337874625
with:0.0076950970630203595
operate:0.06945726593491049
from:0.011139108610923362
store:0.05872635590763912
to:0.0054402598424638056
player:0.05114819780337108
connector:0.06932091347391645
front:0.04627567012323597
that:0.004564534545190484
nt:0.009395770417400506
and/or:0.05317081614663118
anyone:0.02201203617949199
this:0.006907663662781828
on:0.020013506259445653
m:0.018010719896264106
a:0.003675010857490513
how:0.0346148157165559
ordering:0.07804049206701166
panel:0.06487428311559185
no:0.014812443897138287
it:0.00902251130894663
have:0.0067269817519428005
kind:0.036256930223198154
open:0.04348632340464951
be:0.007611332330756201
of:0.0025584287574439294
trying:0.03547800293511047
what:0.012111080302587252
but:0.008753726608558028
up:0.017677110136215587
door:0.05565753021227582
system:0.02941082012161217
or:0.008872519180303753
and:0.0025118250953341434
subject:0.00035127574857918807
i:0.007535475286002431
back:0.02771522000088865
power:0.07110145474133005
any:0.026928612270758084
the:0.002975340828904156
when:0.017206242668996525
may:0.024487177992629353
bought:0.04819847037984816
an:0.011814449191601798
unit:0.056449221284202836
is:0.007070332286596418
obtain:0.060268555442317726
figure:0.04858549518519412
does:0.0160327475570727
light:0.04595019323429333
experience:0.04358187861572563
comes:0.03979179391112515
