school:0.02020291375442281
some:0.0064863159729630785
since:0.011115675685576008
expensive:0.022500482189649385
there:0.005098772142095264
knows:0.019410896728562416
rumors:0.03092463490836099
thanks:0.011074370249534239
fax:0.016992462999352163
with:0.006498081964328304
way:0.00962429344192524
user:0.021009130464405643
motorola:0.027073817238583514
ca:0.011425269978290672
someone:0.01224143397035011
such:0.021366857816308874
array:0.03033929871026195
availability:0.029747022404382744
options:0.025138780048204534
to:0.0038283310002523076
that:0.0038544958381608535
packages:0.027473670014278452
nt:0.003967103065124659
finding:0.024770029665177468
me:0.006019937113358582
australia:0.025772742863579095
re:0.002077447237656503
anyone:0.009293970831341062
had:0.008524491587122974
these:0.01840706636776603
on:0.002816715695773833
set:0.014718969911810674
tell:0.013389028075680294
them:0.01628732412813601
more:0.007063439032337366
a:0.0023275068764106585
hard:0.015023518903197274
other:0.007662822154621727
series:0.019929724226487037
looked:0.02069446224710936
was:0.004919228522785476
hearing:0.02519351502844349
as:0.00889015733574465
factory:0.03092463490836099
patrick:0.025475583502740286
raw:0.02962356053335657
straight:0.022203675708129495
pat:0.045034891462486445
are:0.007143459795569173
no:0.012508285957583442
d:0.01012135679098353
it:0.0019047523874442887
dip:0.033294182226727635
have:0.008520843552460881
being:0.01081002183291749
interesting:0.018155692010674514
keith:0.021891483717331482
university:0.013057445008881409
heard:0.015014707552332637
be:0.0032136736507637296
writes:0.0073473599001951375
get:0.01460415528101247
making:0.01708115106040224
if:0.003723057887574496
of:0.004320901901460859
trying:0.014979601239268867
electrical:0.026317527381224733
sealed:0.031081139780398188
department:0.019267086570516314
what:0.005113567238870174
but:0.003696017901391168
parts:0.060811583523606015
ph:0.030479953199063565
version:0.01733594782036436
please:0.010641196427251415
find:0.011758037431518835
now:0.00917730221043469
email:0.015243881438710784
in:0.001974218909938783
useless:0.026664862697787704
or:0.003746174765017141
blues:0.030697846049915125
use:0.009237664043040822
and:0.003181645120756582
for:0.003614987365689711
subject:0.00014831642717787942
i:0.005302741867927637
person:0.015584413550410283
back:0.011701981778152987
allow:0.019479303729858847
images:0.02364362080067102
the:0.0046062683943775455
allowing:0.02611909358899096
when:0.007264858015798533
can:0.009606288804863482
push:0.026664862697787704
come:0.013339964858163382
an:0.004988322992009649
just:0.006524380908143811
long:0.013223951361714361
people:0.008362628555961763
about:0.005472312112899286
is:0.008955754229688797
either:0.013908681706185323
multiple:0.02385569065347674
days:0.016545847914167626
time:0.008775055388353966
electronics:0.02505767560697591
2:0.02164899502328232
their:0.008409353436565077
light:0.01940119269892385
trouble:0.021193454901612972
told:0.01722344314849517
61:0.056081220632492136
too:0.010847321488136092
plastic:0.028275056730081495
rom:0.027994885321043203
article:0.004501849335092228
very:0.00968468050990804
replaced:0.02403137503364625
takes:0.01986611029988706
going:0.012098976022498237
answer:0.016868172456271428
by:0.011004838609079623
seem:0.015331736416087432
sales:0.026884189425419855
while:0.01205745836599179
john:0.014897102219899143
s:0.0034468682269778797
