another:0.009014249310522679
some:0.004746084858265668
pc:0.01354813846340603
ask:0.011847815383562471
at:0.007162317174426269
out:0.009578675602280163
there:0.0037308088844599492
circuit:0.018813677418341657
know:0.005015752543326431
strikes:0.022571711225092043
controlled:0.019726291933911778
among:0.014002054747909859
i.e:0.02808568290223905
your:0.010243351399847665
way:0.00704216593311603
into:0.007279690662530027
from:0.0068827012555298835
work:0.008232001886139447
wrote:0.010469816970296185
wisdom:0.01975403975940121
several:0.011457119398647955
reasonably:0.020042461450345453
my:0.003862659598903664
to:0.00392170492708773
noisy:0.02364938500725969
look:0.019277791254275697
martin:0.03776100301833502
connector:0.02141621717080346
that:0.0014101814042051905
think:0.00585263425824616
control:0.012396887276183023
protection:0.0515850280016215
like:0.009468610272428239
esp:0.02163134888403249
nt:0.005805516680670232
suppose:0.015667231648907196
me:0.008809664068329632
need:0.015619528386156394
re:0.0015200833446267097
started:0.013330263723532137
lightning:0.025017158326858118
this:0.004268149905458691
sight:0.021543925285573293
best:0.00989908975594079
internal:0.01610799762650542
two:0.0075804448481841934
protecting:0.021374524080692934
on:0.004122022969425122
you:0.009037381941605234
used:0.008026274424133601
them:0.01787633136014928
ta:0.018769730604909884
m:0.0055642874476263095
why:0.007234644634772385
a:0.0011353692080051994
how:0.005347004053776929
wondering:0.014629810983159745
looked:0.015142289449104411
route:0.020795579608978425
cables:0.06424865151241037
smoke:0.020619576333558407
stuff:0.011883807124689522
computer:0.01089716628115982
isolated:0.024029572234945965
are:0.010453843603271961
likely:0.013440686198901335
plan:0.03175255445072038
book:0.012641050856437698
gas:0.016130771023044728
it:0.0027874425182111543
not:0.0024508536933982314
ones:0.013791178782019744
should:0.0066780981391604865
deleted:0.014282030475602996
have:0.008313018099961836
transmission:0.01969873223071918
ve:0.02225772803691993
tube:0.021675776000017005
decent:0.018315293995202098
between:0.009442544089619536
left:0.011887825949189275
doing:0.02179433256231964
accidental:0.024538365498986643
environment:0.017063632133649576
be:0.004702937049898141
listed:0.018454453229520155
things:0.00908425174040752
if:0.008172566094675723
of:0.00474245330648143
even:0.013651702827366064
safe:0.016881060765028343
seen:0.010538475165131516
what:0.01122490369508087
but:0.005408806684962686
never:0.008959102564479108
rs:0.05045133530727356
fairly:0.0319041182784381
lines:0.043087586881640445
variety:0.018994375640174314
they:0.0037923561971859505
up:0.005461221017692621
over:0.008154230701298204
one:0.003997198812096027
rest:0.013278987127938248
in:0.00433365126571928
additional:0.01737705649902413
or:0.002741103486597908
use:0.0067592663729567
and:0.005432077035438067
still:0.008299630415567265
for:0.002645112706602228
subject:0.00010852421500820447
i:0.004656066030375486
suggestion:0.018813677418341657
gregory:0.02172069403329581
info:0.011973152273952837
discharge:0.023368926180076962
power:0.010983151545408708
signal:0.018315293995202098
necessary:0.029307120142126223
alternative:0.01769984827790385
the:0.0049024586015548165
do:0.005839983080540624
see:0.007192625046386895
devices:0.017254790420823816
protected:0.03822306378876726
an:0.007299984866355584
just:0.004773937249861326
environments:0.049076730997973286
unknown:0.0191834813947877
is:0.00655299089977229
ethernet:0.02121190076925513
cards:0.015996005952650823
serial:0.06730598256690785
stock:0.020194727964714967
e-mail:0.011177625108342549
very:0.00708635159261564
before:0.00864306612692132
going:0.008852909284754807
by:0.004026160466736448
data:0.02385646848134807
schemes:0.023437247799249245
john:0.010900318697487178
include:0.013664728753026838
