effective:0.019891455337953418
at:0.013019187376173857
mark:0.014796177164000937
there:0.004521078746685455
all:0.004699841530277297
tried:0.030520828108735677
where:0.009100772405092423
damage:0.021918585498367837
much:0.0086068811308371
frequencies:0.02973614735345179
into:0.00882169410336151
from:0.004170306672069831
wrote:0.012687561451688971
my:0.014042575290595586
brendan:0.06314397239444224
corp:0.022798840615330284
store:0.02198622191616046
to:0.0006789158424092762
remember:0.01370750756907011
noisy:0.028658860649191546
w:0.01524305839915938
look:0.011680632139290199
everywhere:0.02451017710377069
mom:0.029418223604005624
h:0.017404838050711906
t:0.012691000270938137
that:0.001708889780465403
like:0.011474276487770179
nt:0.014070513334432285
re:0.0018420714422569978
michael:0.014801454195436893
so:0.005033549740812414
likewise:0.02792469523460786
this:0.012930601930330517
sync:0.030194720866092244
something:0.009806213385041984
on:0.007492741259693939
you:0.005475852112401201
material:0.020801475550758043
more:0.0062631479104469255
m/s:0.02748975628315132
board:0.0176906232480549
a:0.001375866133838813
other:0.0067946206297138465
uunet:0.01860587346018367
want:0.009323142698089565
khz:0.029846851076860945
was:0.004361877507888599
as:0.02364869439065079
worked:0.01893676768755837
silicon:0.02678020273525507
video:0.017220252181601097
are:0.0031670511408927364
those:0.009142441646736749
works:0.014655793071678523
d:0.017949204161350103
it:0.013511544029161457
not:0.0029700000422461324
flame:0.02067809608314185
should:0.008092670651396452
ve:0.008990806399149922
suitable:0.025333103629205007
kind:0.013574023137749063
suspect:0.0382472419989927
real:0.01259898450245442
has:0.005245194452643109
25:0.018116662799456222
anybody:0.029946750196184188
be:0.008548688529125192
which:0.006364001638017329
found:0.013174977858408854
writes:0.01302980080822783
if:0.006602467189787284
of:0.0009578353968755598
available:0.01330573314194202
what:0.004534197551707543
but:0.0032772572524650753
surfaces:0.029418223604005624
least:0.011860405826140306
well:0.02486996911556667
difficult:0.018360631906591127
in:0.004376347337302721
dtmedin:0.10274968440332317
office:0.017983930606138725
or:0.0033217313187344105
rather:0.012677259373954992
205:0.055550815597340555
better:0.011015841730548783
substance:0.02654558180427352
and:0.002821163161261994
for:0.0016027037581875566
subject:0.0001315121029163463
al:0.018768542762178483
purpose:0.018526509813520133
i:0.006582714042944653
horizontal:0.026661495584619305
power:0.026619263844044748
prevention:0.029846851076860945
monitors:0.02274558487097454
pretty:0.01417743870403757
than:0.014094593913492229
the:0.0025991483103070794
do:0.0070770238315911
around:0.02332211264190774
would:0.02756599939224757
put:0.012253494086437337
may:0.009167613435664192
here:0.008868969978440375
expressed:0.020245118845434912
jones:0.024434967881451535
about:0.004852296454787544
15:0.016462121832416965
is:0.003970531431881732
involved:0.017738311020028905
critical:0.02407523815231415
hardware:0.017486113909726854
does:0.006002407952401602
hear:0.01632355450373797
dave:0.03454457804309943
words:0.016294872569001844
article:0.007983575175533015
metal:0.024703382587284394
opinions:0.014067045101083952
realize:0.0192783805868529
by:0.004878992486784069
mine:0.016084921402955598
s:0.0030563363588966418
intergraph:0.028930091078664587
