say:0.019562319322345808
il:0.10603340281914674
ks:0.06370658511743697
array:0.056299729565434546
corp:0.047713037576412855
to:0.0014208238763822997
martin:0.04788250898201244
000:0.07008843262677948
configure:0.060544417412050626
les:0.18282293102464042
communication:0.04961507712503709
bytes:0.05292340413617215
me:0.04468406929503277
re:0.003855056729671861
du:0.1235660371301232
la:0.04493096359825132
products:0.04175347210450401
8:0.03043805445746254
3:0.024138824171521852
a:0.0071984748754968814
y:0.04395227398489495
cycles:0.06135340313825161
ram:0.08020323852027317
que:0.2922017078672884
plus:0.07372989389648806
yeah:0.04076517983699126
ken:0.08507366394051157
je:0.11448744250252871
b:0.03155575614963136
writes:0.0068171380517274465
down:0.024374902855187196
host:0.04934901646569819
oh:0.033296043135479104
easy:0.03416166561091554
en:0.11688068314691537
ne:0.11819023790407673
thompson:0.12070343001972698
programmer:0.052558435816059616
chance:0.03706244874239798
code:0.03340734546733708
for:0.003354111988784268
subject:0.00027522635971152884
car:0.031532405565808136
rock:0.05024007322623745
road:0.037223220473922784
development:0.04007487662944538
10:0.029797646988620252
problem:0.021809951464387467
long:0.024539291186686442
n:0.037742427791797956
ma:0.041352762115850684
division:0.040851210475467345
et:0.09381021809889775
disk:0.036092566843297744
break:0.04045573761080295
le:0.38722005274535853
transfer:0.04685343336054635
him:0.02470634333364235
de:0.24995765116354457
est:0.251770341618048
