know:0.023280662748269846
help:0.040379107925316925
situation:0.06649306205235091
oscillator:0.1186368366232381
your:0.023772306078891744
with:0.01103447880734995
job:0.06549978406205993
martin:0.08763402587273975
problems:0.051756098790410814
like:0.02197432195299383
nt:0.013473180221178084
could:0.028473757647661458
re:0.007055481184493784
you:0.010486773385070224
a:0.013174567224965992
timing:0.10376028265410092
solved:0.10257322934446754
universal:0.09275182485592127
andrew.cmu.edu:0.07688263031560869
place:0.10261991008741228
should:0.030996455513839238
be:0.010914363342216439
if:0.012644347542705835
of:0.003668690293693182
wayne:0.17632514745218417
but:0.012552513627366231
sounds:0.0672208408219026
in:0.006704894411112848
and:0.003601862400856508
for:0.006138657790793848
subject:0.0005037161677739301
i:0.003601862400856508
suggestion:0.0873238612247556
alan:0.08303174890564602
the:0.004266526471636149
do:0.013553168281254654
snow:0.10303912769522926
just:0.04431654956475041
lab:0.08131530026025495
else:0.04767079670449163
time:0.02980207490384365
nice:0.059617725599146375
somewhere:0.07319851054533183
