another:0.0074412930549952305
week:0.01156992887384424
at:0.008868775293165413
out:0.007907228852888993
know:0.004140520555900341
till:0.016774876899538396
nowhere:0.017318688508042995
access:0.011249586805431293
cut:0.012285286898672488
with:0.0078500319032154
way:0.005813331609216588
much:0.011726153486979404
from:0.002840846491376428
loose:0.01751049526589517
post:0.008666368471245571
wire:0.01710794722871739
easter:0.01958311146741128
both:0.007535919739289389
to:0.00416234645665016
add:0.011530940994804425
near:0.01209656301168297
slightly:0.02905819903594665
most:0.0062301861206947575
make:0.0059063103468110865
that:0.004656437925294991
this:0.007046744139213678
reduced:0.016774876899538396
parallel:0.01544078317940064
bell:0.014977191439532125
these:0.005559181117781686
wiring:0.01958311146741128
on:0.0034027437935522814
set:0.05334391780119304
you:0.005595291839685119
used:0.006625716470929079
them:0.004918990508497452
working:0.010632681243981902
phd:0.022228941535747757
m:0.009186675920242094
why:0.005972223423335592
sure:0.007322295369661756
burn:0.01635331242599004
a:0.005623506547032463
other:0.004628550294737956
series:0.0120380884589519
low:0.01139528369120745
was:0.005942692175177084
as:0.0080548405390975
standard:0.010214914565309518
modified:0.016569884644572496
lucky:0.015978845763545538
variable:0.017820472850227437
starts:0.015008263001320032
s1:0.020256503062921857
no:0.003777670255646006
place:0.018251192062526345
it:0.004602086305234523
not:0.008092751792965971
have:0.00514681825316429
only:0.008949907639391184
s2:0.020331915330881783
second:0.03690866814298344
b:0.051357522592520834
has:0.003573068704317285
open:0.022180943481566195
be:0.003882290316358868
get:0.004410650923795712
making:0.020634947589747675
if:0.006746480735873247
of:0.005872366678159892
safe:0.013935372309385812
what:0.00308873188925044
but:0.00223249403439735
version:0.010471377878072431
slight:0.018044269408947815
up:0.004508256276350284
net:0.011124639211068732
good:0.010872549337983215
35:0.015151759173595476
one:0.0065994020656082045
in:0.0029812030519209814
gon:0.016041964327161297
point:0.007387704567986781
replace:0.014752896076693701
yes:0.008949147216456003
or:0.004525580253040841
resistor:0.08227554813176813
use:0.011159594145955356
and:0.005124797509943488
few:0.007669890942638545
for:0.00436709883103455
subject:0.00017917420732898185
i:0.002562398754971744
boss:0.0192911269808689
leads:0.015234213068664286
will:0.011409114210435748
the:0.005311682285157756
do:0.002410462815122472
see:0.005937536112118041
when:0.008776338542575408
level:0.02362775276908556
would:0.0031296967990079735
can:0.002901228162542662
effect:0.011632125686652369
because:0.005921886909041993
na:0.014625179426276436
extra:0.013035824528494132
maybe:0.008885614370276254
note:0.02981566206924662
wires:0.01882212717424085
here:0.006041613777259718
people:0.005051252147896367
current:0.053057814156557345
interested:0.009654618172533288
draw:0.014170132673838532
is:0.0036063439851095826
strings:0.04147341447242541
levels:0.015387936343937085
save:0.012156074605440582
right:0.006509642932182213
days:0.009994136323993867
time:0.005300369026522529
2:0.0457680096129794
approx:0.01940489057709602
labs:0.017543556663354946
goes:0.010815527503324419
light:0.05859420613768948
thru:0.051956065524128986
1:0.0197166834757521
wanted:0.010218657683040611
string:0.1956304088012125
too:0.006552073382095626
neither:0.012559669296983118
full:0.010367994912494138
christmas:0.020331915330881783
before:0.0071348800913511555
while:0.007283028543216518
s:0.00624600282740958
