some:0.0075324959686022845
laser:0.031622309547817605
ask:0.018803629576492693
at:0.01705093572492447
out:0.007601142574712645
ideas:0.02320641056154497
there:0.005921154745659016
activity:0.028794858380519827
pioneer:0.11911395384013736
viewing:0.035232733986110654
codes:0.03547932245591838
with:0.007546159700510288
operate:0.03405646587776256
from:0.010923512960389362
work:0.01306498363864712
store:0.028794858380519827
to:0.003556642993782789
player:0.050158232684596155
connector:0.03398960918721065
front:0.02269000599590925
that:0.004476188715283572
nt:0.004606958398209281
and/or:0.026070851788025616
could:0.00973618809887779
mainly:0.031049435362119987
re:0.0024125193727623905
anyone:0.010792998384783169
this:0.0033869834733639935
parallel:0.02968615088684768
ld:0.03923806636662884
game:0.01917425230909992
on:0.009813074036889483
you:0.007171599863338347
etc:0.029965470805912716
them:0.009457155945369297
support:0.017670685867958103
m:0.008831062658813369
a:0.005405822422631207
how:0.02545863865604757
controller:0.027173474972255914
j:0.019704055867928144
video:0.022552975437838855
ordering:0.0382650154651154
panel:0.03180932591474181
computer:0.017294857452679453
no:0.007262875717306515
play:0.020657536985680267
it:0.006635911543354296
should:0.010598788014409546
have:0.006596782105131004
kind:0.017777591593310063
open:0.021322326314537825
shows:0.024930417016902653
reject:0.03294775454275185
call:0.01714165224515295
be:0.007464016221128662
writes:0.004266208974306854
of:0.0025089107814934017
trying:0.017395665955279974
interface:0.05448644563617913
what:0.011876672296730725
but:0.008584299641940777
least:0.01553330569488053
commands:0.031220349010164992
up:0.008667486260337965
called:0.017304867715204734
one:0.006343941340487887
in:0.0011463206573838094
door:0.027290143846019115
system:0.014420789220919517
or:0.004350396501310228
and:0.0036948136886205472
for:0.006297074766040142
subject:0.00017223843156140837
space:0.019725888758149054
guide:0.060663701238946745
i:0.004926418251494063
back:0.013589398193984113
power:0.03486264877639409
any:0.013203706661791062
the:0.005349214909599731
when:0.008436609308669263
may:0.012006616306063424
bought:0.02363279837979652
an:0.005792891216527334
jim:0.02184729514160561
unit:0.027678327855480103
is:0.00693348714556552
number:0.016143644183211344
obtain:0.02955103363623321
figure:0.023822565381127443
does:0.007861218157016292
build:0.024075052019473256
light:0.022530417327782538
experience:0.02136917919222676
article:0.005227954066558716
little:0.015131217431602995
players:0.02394757363250253
comes:0.0195108150790033
documentation:0.02888467346773665
s:0.008005629430400237
