out:0.05122509126436782
there:0.03990343415552815
post:0.11228599149700784
line:0.12277407603504298
anyone:0.07273542389745179
you:0.024165173452553125
it:0.01490675781478139
have:0.022228287528158818
ve:0.07935363908814931
if:0.029136974772322143
catalog:0.23743798990639786
order:0.12192682004923878
please:0.08327892856109803
and:0.00829994379327804
for:0.014145602735307565
subject:0.0011607372561747086
austin.ibm.com:0.22687511257551138
the:0.006554373999904809
got:0.09618060094045974
number:0.10879412384338079
does:0.05297777453641414
request:0.169578305538884
