pc:0.10099521399993586
pub:0.09484214339492308
there:0.02781148441142871
programming:0.06648150435095956
modify:0.0809589504877389
your:0.019089882154261554
approach:0.062367464468694477
to:0.006264541636776504
control:0.046206579847591266
conversion:0.07610331571084843
nt:0.010819371995794523
could:0.022865290232212992
need:0.02910912108329146
re:0.005665765193608644
game:0.04503044102894678
you:0.025263590427669177
a:0.00846366136876603
other:0.020898605876241073
as:0.024245883642939954
copy:0.051766847652474884
accuracy:0.07332051661478142
no:0.017056753578522876
d:0.02760370033904599
reason:0.040488059454674666
suit:0.08046213499042086
uses:0.05174235045206723
if:0.020307588477679068
of:0.005892138956537535
2nd:0.06616116440287155
well:0.02549799863868704
ed:0.060123782904075794
find:0.032067374813233185
and:0.005784809310466513
for:0.004929528225940515
subject:0.00040449934684876206
vnet.ibm.com:0.08293412954627291
program:0.042070203520970836
the:0.0034261500454047865
ibm:0.059704046501813136
greater:0.0639254984292984
can:0.01309948473390475
needs:0.0507476751919598
an:0.013604517250935406
language:0.061786504541457406
is:0.008141594754262543
discussion:0.05208896885591199
hardware:0.0537830473284023
adapter:0.07574111084943094
by:0.030013196206580793
