believe:0.011618566204975082
pc:0.03564536964703618
out:0.006300412294547913
joystick:0.10627098252918983
circuit:0.024749543555679397
know:0.00659826270405509
50:0.018455525610312464
tried:0.016566117930677384
take:0.011367642408212317
hand:0.016883633451618574
your:0.01347521093241992
much:0.009343298767700167
though:0.013291680222517003
work:0.010829264513317132
longer:0.018150861007348532
to:0.005159034289110061
software:0.015057678548028109
might:0.02274957364575878
perhaps:0.015446318383101846
been:0.007846205279259033
make:0.009412195098126757
that:0.011130629693084818
r:0.016578715330102297
higher:0.01984959311784969
like:0.006228016382399322
really:0.01043527135396217
nt:0.011455805642605966
suppose:0.02061036890711855
could:0.02421030730469611
re:0.001999681833038345
joel:0.058407206073231556
brad:0.025564199836866662
this:0.011229570874254951
off:0.023352486074399468
something:0.021290495370732864
game:0.015893096833745922
on:0.005422554280634116
you:0.0178331226548253
specs:0.02591384026073218
amp:0.029071556979982777
card:0.01636849383162696
more:0.006799032223640245
a:0.00373396825092619
how:0.007034026723150397
other:0.007375978544555672
want:0.010120844747123965
as:0.008557370697508218
kolstad:0.07084732168612655
cheap:0.0198728942160794
hmm:0.02652566032050621
are:0.003438028778616179
no:0.006020030674772779
works:0.015909764671394332
d:0.009742482472604468
it:0.0036669029918713577
precise:0.030232329735265278
couple:0.01687696146874074
have:0.0027339604981157905
being:0.01040536860922539
try:0.026057643554474787
ve:0.009760073256831198
charge:0.02201204628306864
expect:0.018482465685338973
real:0.01367697248127405
has:0.005693981143778348
be:0.009280127119852481
found:0.014302248691213888
writes:0.0035361625188104935
certainly:0.01644789987837241
comp:0.03140539298913856
if:0.003583692084296306
of:0.003119367682872813
but:0.010672992870327438
port:0.06689482035320118
well:0.008999293637183662
find:0.01131789699290583
up:0.007184280055360345
in:0.002850476500981131
measurements:0.031716991428304205
and:0.0010208487018470316
for:0.006959333966033668
subject:0.0001427644753583866
i:0.006125092211082191
games:0.017806793003255217
cae.wisc.edu:0.032047875940165636
precision:0.03264936248255435
allow:0.01875013193248445
pretty:0.01539048158780549
source:0.016680577335293177
the:0.004433841235229724
wrong:0.014135946827967167
constant:0.05305132064101242
ibm:0.021072016412404634
would:0.019949725050360984
wright:0.030396884059686418
extra:0.020773666895675138
measurement:0.032047875940165636
an:0.00960318864771911
myself:0.01782268482351809
problem:0.01131318337992291
just:0.006280152745806876
long:0.0127289371396181
about:0.005267466204929794
current:0.016910404939736993
lab:0.023046582426703276
is:0.0028735040309161913
1/2:0.02536488756522371
hardware:0.018982251998259633
told:0.016578715330102297
wanted:0.01628427801896311
takes:0.01912245911219075
built:0.01974597665280617
s:0.0033178410740963542
