say:0.016358146329892617
circuit:0.03989797107682799
know:0.02127370906307417
all:0.008224722677985269
programming:0.07565136702005744
uni:0.05305362886557842
chris:0.06615081453309138
thanks:0.01718436762858761
ever:0.02278812117956776
own:0.019538712375413752
your:0.010861484673976402
with:0.00504161531715127
often:0.02678724472654057
name:0.02381234918819182
my:0.008191502252847425
to:0.002376205448432467
that:0.008971671347443366
could:0.013009561683845322
re:0.0032236250239497458
anyone:0.01442167887621889
ball:0.03843625292872366
something:0.034321746847646946
on:0.013112297204464394
you:0.009582741196702101
am:0.014089106523287634
etc:0.02002003437463996
more:0.021921017686564237
a:0.006019414335544807
as:0.0068975358639398136
private:0.030600699342021996
advance:0.02727156221272974
science:0.029152001949718235
flaming:0.04752040570891985
computer:0.02310950780314927
are:0.005542339496562289
reasonable:0.03222678594919007
gas:0.03420835923852588
it:0.002955650256379069
not:0.005197500073930732
university:0.020261552599988394
always:0.02290479394826472
sun:0.0312801060698176
be:0.014960204925969086
writes:0.005700537853599676
certainly:0.026515148941858975
of:0.006704847778128919
lawrence:0.04088994805773133
what:0.0158696914309764
but:0.005735200191813882
well:0.01450748198408056
in:0.006126886272223809
or:0.005813029807785218
better:0.01927772302846037
quest:0.05130413883112419
and:0.0032913570214723265
for:0.002804731576828224
subject:0.000460292360207212
i:0.004937035532208489
saves:0.04686535478669638
any:0.00882144195076558
information:0.02102432141796349
the:0.0012995741551535397
views:0.034914541328766285
start:0.024289328343814764
would:0.016080166312144414
may:0.016043323512412333
mr:0.05822337376350713
expressed:0.035428957979511094
about:0.008491518795878204
guitar:0.052430174886443706
interested:0.049604762334739996
is:0.0023161433352643437
hardware:0.030600699342021996
build:0.032169250543261675
smith:0.06789204404252522
handle:0.035020317989040546
too:0.01683205058503876
reflect:0.04078545357038353
wide:0.03708480049450523
before:0.01832926092433314
packet:0.04822935483165236
happy:0.032742199038663974
range:0.03447893090939374
