some:0.009894380297740289
frequency:0.0847273443400414
go:0.016486713998255315
out:0.00998455168712254
mark:0.05090888075071509
know:0.010456568861511032
help:0.03627275796681012
means:0.02402199339354875
thanks:0.016893107160306467
with:0.009912328420161818
wire:0.04320481588269308
to:0.004671861559629935
relevant:0.03810163450680987
me:0.009182954918682582
need:0.016281372809298613
so:0.01731882368449017
big:0.023523564015826757
pointers:0.04491360695127991
etc:0.01968071175812064
a:0.007100868436507094
how:0.033441432132943844
same:0.01645841822481875
want:0.016038965828069334
khz:0.1026934028576741
also:0.0125720095905048
turns:0.03740470147090332
soul:0.035724400752799965
it:0.0029055544893217965
not:0.01021881370467737
should:0.01392213679858881
buy:0.050963408902440104
kind:0.04670384232140779
copper:0.0558051174957589
between:0.019685303780054283
hope:0.02447848760711903
500:0.03533709436736899
be:0.014706642130613679
analog:0.04566739920565699
if:0.011358481690905241
of:0.003295603145182011
what:0.02340107041516859
order:0.023765397128241456
must:0.019639495148131333
highly:0.03539553995261526
one:0.02499942985870227
in:0.0015057601855465294
use:0.028182703860124544
and:0.003235571309243982
600:0.041659717943761256
subject:0.00022624539738998556
secondary:0.04682722278800612
i:0.014560070891597918
6:0.024901268072535548
appreciated:0.02868442473878172
will:0.02881284775177842
the:0.0012775474745577169
do:0.012174879981466045
can:0.014653660888774803
myself:0.028244424254219348
10:0.04898935182874855
here:0.015257634793418611
many:0.01570509345405164
about:0.016695189496980872
current:0.026798692573989983
ma:0.03399337224777556
core:0.041783436582923564
electronics:0.038223572959793756
1:0.01659766010105685
de:0.06849122079905035
little:0.019875751711003933
convert:0.036259152501680846
needed:0.02826968381471204
by:0.00839352097302683
