since:0.013611031451725722
read:0.015421789536720555
believe:0.014780080818573745
out:0.008014810197826258
say:0.012908469212704377
there:0.006243394459708486
stopped:0.030650083828705543
know:0.016787416675623154
case:0.016813681002086772
produces:0.03583938383685476
thanks:0.013560453366776618
hand:0.021477819424848117
own:0.015418303643183641
your:0.008570967497831717
compound:0.02913210048643201
from:0.011517989856192864
wrote:0.01752091819518953
my:0.012928085188167364
to:0.0018751008980827629
next:0.018220272270402554
like:0.007922714717746075
nt:0.004857677222601622
re:0.0025438129440691873
chances:0.03319901885891922
this:0.010713927313702428
amount:0.025295353820590664
these:0.011269632470060834
principle:0.03395285808572391
on:0.0034490396274781624
you:0.015123782024727125
used:0.013431724546509288
machine:0.0221278867641112
disclaimer:0.025537792701184944
card:0.02082250575860028
more:0.008649109019188611
a:0.00475001403349114
how:0.008948047600198124
member:0.027148965460860944
also:0.030275451666929926
are:0.008747093627227557
those:0.01262527655977932
sensing:0.04405309233016706
works:0.04047790467415973
gas:0.026994351507952395
police:0.025003972187977494
neighbors:0.03673774929272596
it:0.00932939944870672
not:0.008202857259536936
matrix:0.041865448628619704
have:0.0069557906550701066
has:0.007243363767935721
tested:0.032225543732111915
heard:0.01838535618652976
anybody:0.020677517992603367
which:0.008788383214404883
credit:0.03287391230220937
common:0.022898830201573808
get:0.017882639119607104
of:0.005290900287503092
electrical:0.032225543732111915
failure:0.03230850477356647
oklahoma:0.04121708005852225
what:0.006261510904738987
ticket:0.03444882251298982
in:0.001208705455064561
our:0.015168540292383629
and:0.0038958919845998963
for:0.00442651514166087
subject:0.00018161195164638296
cause:0.02145238866219093
car:0.020807097550227138
i:0.005194522646133195
group:0.0366954548953285
held:0.027656109382982155
failing:0.03732239167232273
voltage:0.035171915428973646
detecting:0.04153354274991608
will:0.007709560169410098
the:0.0030765428979145017
do:0.004886516455146235
would:0.0063445554156760274
william:0.055396724889673704
an:0.006108150602460794
problem:0.014391600626160437
just:0.007989037846706707
long:0.06477037401656013
about:0.013401580684651313
jerry:0.06639803771783843
general:0.020057349408758852
unit:0.02918463141224092
is:0.005483114834503345
time:0.010744965781657916
hear:0.022542051457542907
chemical:0.06759051808598478
designed:0.02673195508083512
reflect:0.032184439552139385
little:0.015954685046928326
opinions:0.019425919425306408
by:0.013475312582546478
