frequency:0.08062763413003939
feeling:0.03521481331120582
pw:0.054827241651593625
help:0.017258812258401587
extreme:0.03907974297384611
anyway:0.024584788884230113
case:0.01993234763957061
with:0.00471634981281893
way:0.013970748544730188
someone:0.017769823505346935
times:0.02266513017333086
from:0.006827195600243351
my:0.007663018236534687
hence:0.0371076886085596
to:0.007780156548899851
that:0.0055952358941044646
cold:0.07126049008128435
terminology:0.04783126933139425
divide:0.04850370166154789
like:0.009392250512166718
nt:0.005758697997761601
affect:0.039527886934772
its:0.033352008968293066
re:0.009046947647858964
michael:0.0242314129167233
this:0.004233729341704992
aisun3.ai.uga.edu:0.04547103050911344
something:0.01605372029970583
big:0.02238532704731901
on:0.004088780848703951
athena.cs.uga.edu:0.04535155401084618
you:0.013446749743759399
a:0.0067572780282890085
want:0.01526288683638856
as:0.0064525335501372455
40:0.061685599806851586
timing:0.04434915306989797
drain:0.0469173283208539
those:0.014967061728125484
likely:0.026664587136530065
zero:0.03736785685225493
have:0.004122988815706878
gut:0.05004446969995683
probably:0.01925180415346136
only:0.010754324502171666
absolute:0.03745647880044522
batteries:0.0425705823472032
device:0.03237221600734537
crystal:0.09299295094540828
be:0.009330020276410828
found:0.02156871375207256
writes:0.010665522435767134
of:0.0031361384768667524
but:0.005365187276212986
distance:0.03805755179933689
fairly:0.03164682700199908
fire:0.02900801320193121
in:0.005731603286919048
yes:0.021506821536321684
or:0.010875991253275569
use:0.013409512320543129
and:0.004618517110775684
subject:0.00021529803945176046
space:0.024657360947686318
ugly:0.04424509335347936
any:0.008252316663619414
the:0.0024314613225453322
thing:0.01825751963810449
would:0.007521368113744968
can:0.00697230639062672
mcovingt:0.04466963959126502
instead:0.02473979283536001
an:0.007241114020659167
btw:0.030256375164865602
current:0.025501981642990466
lab:0.03475573317575414
paul:0.026411471702492396
affected:0.04077103757854022
is:0.006500144198967675
2:0.015712980258833942
article:0.006534942583198395
going:0.03512605942015617
by:0.01597476572285752
high:0.022559063110012267
john:0.0216248258030794
covington:0.04424509335347936
panix.com:0.041771462164588435
