pc:0.06943420962495589
joystick:0.27600935740220134
bbs:0.04215669428912147
11:0.04025223580854074
all:0.0198764131384644
4:0.025877807335194573
someone:0.022952688694406455
service:0.07588731725996548
gerald:0.05274975947301566
2.1:0.054666464087358785
ground:0.1211548019811669
to:0.0014356241250946154
hole:0.0486140694786167
mail:0.031919953175373494
make:0.01833417170155941
13:0.04101810994235898
could:0.01571988703464643
12:0.03701442532929204
me:0.01128738208754734
criminals:0.048555383877384874
tell:0.02510442764190055
8:0.030755117524727774
3:0.04878054051328374
board:0.03740829707661608
a:0.0043640753932699845
y:0.0888202203444752
route:0.05328867274800721
private:0.03697584503827658
judges:0.0609803787078829
button:0.19814600280369368
files:0.03447199546445509
it:0.003571410726458041
b:0.031884461942856684
500:0.043435178493224376
network:0.038265517396141424
14:0.03889430020579862
port:0.08687035698644875
please:0.019952243301096403
5:0.135357962860296
or:0.007024077684407139
usenet:0.04254373571503908
for:0.003389050655334104
subject:0.0005561866019170479
6:0.030607808672491608
games:0.03468614887092422
the:0.001570318770810527
ozone:0.06265061464616602
bps:0.06060154908110295
7:0.03324508884303443
10:0.06021607828950343
bulletin:0.05701721406306262
15:0.034810528458131706
axis:0.25151824636461306
100,000:0.05784001001429835
new:0.01795832880087028
9:0.037092017246094025
questions:0.03150183684630741
type:0.0337553386492885
2:0.060887798502981524
1:0.06120387162264714
x:0.0634408331155438
full:0.032183984207533885
says:0.0266773619211205
soft:0.055659278460320497
newsgroups:0.04464867021689057
