small:0.05243413860115809
thanks:0.03497169552484496
method:0.07001575303064138
companies:0.06976547974715326
from:0.014852144814564483
feet:0.07705371840272512
to:0.004835786526634494
appreciate:0.06735461991955252
need:0.03370529809644274
on:0.008894891670864736
you:0.01950171892662182
pointers:0.0929790459693163
products:0.07105415428310331
a:0.004900014476654018
low:0.119150685613327
hearing:0.07955846851087417
as:0.01403709053012313
plus:0.06273508515753808
product:0.07001575303064138
d:0.03196217933994799
ken:0.07238724037043529
have:0.0089693090025904
transmission:0.08501558120626171
be:0.030445329323024805
if:0.011757024908129987
end:0.047442691273254546
of:0.006822476686517145
up:0.02356948018162078
rf:0.0962524837865165
speed:0.058920441524311945
or:0.011830025573738339
and:0.0033491001271121917
subject:0.0004683676647722508
300:0.07297404623126932
i:0.006698200254224383
power:0.04740096982755337
any:0.01795240818050539
the:0.002644747403470361
would:0.03272454898611846
can:0.015167824428731812
an:0.015752598922135732
is:0.004713554857730945
amounts:0.08826168503769499
needed:0.058523205090105626
data:0.15443924332662168
