inexpensive:0.0659476210849881
from:0.010199665716026212
my:0.01144836459434098
to:0.004981442747316256
been:0.035355190053528655
510:0.06988011005646365
that:0.004179573800415383
quite:0.032002402194089175
nt:0.008603356044848657
wanting:0.06657364203596051
re:0.004505307262387597
national:0.03920691475888571
ti:0.045646518750020036
used:0.023788716967914045
a:0.006730140365524796
step:0.05011470644798014
are:0.007745920260255729
reasonable:0.045039845422964436
it:0.004130788310120145
have:0.0061596459415379865
calling:0.04955422433189709
try:0.029354092437872202
ve:0.0439791252777695
buy:0.03622700150896345
p.o:0.055501908911940775
be:0.006969412736596041
writes:0.00796701675924774
ave:0.06298770946602138
lawrence:0.05714739728550403
looking:0.03125163066754993
alone:0.0462555823543915
who:0.015578950291974076
now:0.019902583106966798
david:0.030077653486078243
good:0.01951819098023493
box:0.038175168803694065
in:0.00428143859986724
murdoch.acc.virginia.edu:0.0700933579733239
and:0.0022999844246433124
for:0.011759597454653277
subject:0.00032165008303636504
i:0.006899953273929937
voltage:0.062292428530832854
20:0.03788954636633277
cost:0.0400121398114564
the:0.0009081361566133169
managed:0.057001356797162527
around:0.02852041485727272
would:0.01123674272414911
thought:0.03234441452038208
laboratory:0.05767294695388825
about:0.011867664823155079
n:0.04410862043137833
is:0.0032370196010923363
east:0.04905613589627732
right:0.023371971009521684
does:0.014680588124548498
build:0.08991886898839409
first:0.02262114252278363
article:0.009763046750802423
opinions:0.03440494163277159
sign:0.15664019515276104
warren:0.06740488145146595
past:0.03980137887835378
mine:0.039340229455421524
high:0.03370269669447616
s:0.014950271827855863
