expensive:0.0321435459852134
read:0.017992087792840648
at:0.020975357439391214
radar:0.04046165296950621
final:0.03060832061298885
true:0.020502228509189258
split:0.07568137440138421
with:0.004641487117377359
work:0.016072003682462727
my:0.015082766052861924
corp:0.0367314654358099
ground:0.030769473519026515
single:0.02580497357549504
w:0.02455826075420122
look:0.018818796224411988
everywhere:0.03948861866718611
h:0.028041127970591398
t:0.020446611547622555
consider:0.02555844506802534
re:0.0029677817680807184
michael:0.023846787314870548
aimed:0.04385406578559303
this:0.004166527288662055
two:0.014799916132169138
on:0.00804775913078238
you:0.008822206181090822
speeds:0.03948861866718611
them:0.011633802948668578
more:0.010090627189053378
m/s:0.04428905178952157
sure:0.0173178096838032
a:0.0011083366078145991
how:0.010439388866897811
other:0.010946888792316752
uunet:0.029976129463629247
target:0.03804162218469441
are:0.015307413847648227
those:0.01472948931974254
model:0.02903929771098055
police:0.029171300885973743
it:0.0027210748392061264
ones:0.05385126952979137
ve:0.02897037617503864
sort:0.024900486568738334
writes:0.005248114214425097
of:0.007715896252608676
seen:0.04115023635908496
but:0.005280025573415954
reading:0.026081921002880877
never:0.01749158119731635
least:0.019108431608781604
who:0.010262324398681334
cheaper:0.03499506665846661
one:0.007804054823616051
in:0.004230469092725964
dtmedin:0.165541158205354
office:0.028974110421001273
or:0.005351678235738772
205:0.08949853624015978
use:0.013196662918629747
and:0.003030138210244364
for:0.0025821338326355078
subject:0.00021188061025411345
each:0.02020642378857631
al:0.030238207783509774
car:0.024274947141931662
i:0.003030138210244364
actually:0.019399318469056227
the:0.007178600095133838
difficulty:0.04206194936707166
around:0.018787257405981233
cars:0.030333944866440525
just:0.018641088308982316
makes:0.04433298225796784
here:0.014288896076376158
expressed:0.03261713591764513
is:0.004264644871280379
number:0.019859244828553634
does:0.009670546145535914
beam:0.17806329834678644
various:0.028290309352025304
dave:0.055655153513882415
article:0.006431213335846039
opinions:0.022663572662857477
mine:0.025914595593650683
intergraph:0.046609591182292937
