there:0.018730183379125458
where:0.11310959989186296
into:0.036547018428211966
to:0.0028126513471241443
line:0.05762864793481609
areas:0.08400515622313949
nt:0.014573031667804865
so:0.020853277497651427
these:0.0338088974101825
on:0.010347118882434487
a:0.0028500084200946837
balls:0.21027561307313833
are:0.026241280881682674
place:0.11099704560475206
danger:0.10002975469207608
electric:0.10669346705468924
of:0.007936350431254638
lines:0.2884230305546544
they:0.03807835202072423
in:0.003626116365193683
or:0.027522916640942256
and:0.0038958919845998963
subject:0.0005448358549391489
vnet.ibm.com:0.11170719489906146
power:0.11027980735389967
the:0.0030765428979145017
do:0.014659549365438706
flying:0.10138577712897716
mix:0.10532590153871046
is:0.005483114834503345
easier:0.08523823906956328
lot:0.05058272220949776
plastic:0.10386755533499323
very:0.035576377383335654
takes:0.07297754804040144
high:0.05708824133962288
