some:0.02110006400843411
looks:0.020621117315505366
computing:0.02627988842878941
there:0.011057578139483704
il:0.030979638775473595
know:0.007432982684688566
own:0.013653558045469852
with:0.00704611297336804
ca:0.012388846964411573
from:0.005099832858013106
wire:0.03071185707323966
both:0.013528337845230349
my:0.02289672918868196
to:0.004981442747316256
line:0.017010865956662582
attached:0.029701479016776996
us:0.0124088938926807
appreciate:0.0462555823543915
that:0.0020897869002076915
like:0.01403179594588763
really:0.02351079208663766
nt:0.008603356044848657
re:0.0022526536311937985
scott:0.023024560561274138
so:0.012310971052830364
anyone:0.010077799696634887
submit:0.03167549954126784
this:0.0031625448094663795
he:0.009579115707953225
two:0.02246734256208809
distribution:0.026776733138573976
you:0.0033481866831850714
used:0.023788716967914045
them:0.00883047693694121
why:0.010721220362373534
paint:0.029399131158199553
a:0.004206337728452997
same:0.011699357533304896
was:0.005334103217478227
senior:0.0319265398810303
related:0.02321770473271789
question:0.026301037148760295
equipment:0.02430697537675054
balls:0.09310396121009439
are:0.015491840520511458
d:0.021949930390084766
not:0.003631988003469668
have:0.0030798229707689933
only:0.00803335083294751
ve:0.010994781319442376
area:0.01932811472686354
between:0.027986335494535008
div:0.032532826180907935
electric:0.09448156419903204
call:0.01600575962649824
device:0.02418165533078811
his:0.022222036644641646
diameter:0.036637953535105246
be:0.0034847063682980203
which:0.015564967861656842
writes:0.00398350837962387
if:0.004037050721466321
of:0.007027972972255613
seen:0.031234516754486182
what:0.011089663891525678
but:0.004007730254520544
lines:0.021284229664424798
they:0.011239995475996913
up:0.008093134761158943
in:0.00214071929993362
better:0.013471179947598815
and:0.0011499922123216562
for:0.003919865818217759
subject:0.00016082504151818252
half:0.022780984840921784
purpose:0.022655912603280644
i:0.004599968849286625
group:0.0162476863542569
we:0.008118939191048013
power:0.04882870988260016
concrete:0.03260411809444409
any:0.006164381122221731
the:0.003178476548146609
do:0.004327216378954799
dad:0.03473230697961032
got:0.013326227841148038
may:0.011210997153251993
during:0.017640780179532956
dozen:0.031034653736698132
many:0.011163861611916227
about:0.005933832411577539
lab:0.05192422787703028
is:0.004855529401638504
experience:0.019953149245753903
filled:0.030066687581936237
guess:0.018049140138166588
faq:0.02338611483673349
article:0.0048815233754012114
neither:0.022546876207837165
opinions:0.017202470816385797
est:0.036779703519504006
answer:0.0182907894104148
mike:0.01924947005396207
high:0.01685134834723808
reduce:0.0274692570709822
periods:0.03328682101798026
s:0.0037375679569639658
