gap.caltech.edu:0.14266897867711345
to:0.0037248625948400837
re:0.01010650007508569
started:0.08862823989159203
numbers:0.09534438921618103
richard:0.10097506796699403
was:0.047862764005480306
yeah:0.10687087686995006
zero:0.12523281755890844
writes:0.017871956513988173
of:0.00525515096123618
what:0.024876813594503548
george:0.10763011294743696
sei.cmu.edu:0.1684373645912651
in:0.0048021541052565
our:0.06026420062109172
use:0.04493998723641481
and:0.005159424520145809
subject:0.000721539375459954
joseph:0.11038374672010141
the:0.008148681189070844
db:0.15772343830509628
company:0.1819528670071
is:0.007261422348396322
right:0.05242901604838648
first:0.05074472511867679
simon:0.14627793523453295
article:0.021900888657205433
thus:0.0900366235912515
by:0.05353705269281979
s:0.01676854813124374
