read:0.024641337629325237
go:0.021146002736892686
at:0.009575706657113381
out:0.012806272816091955
own:0.0246357677776956
your:0.013694915458491984
with:0.006356819312929862
correction:0.1176583392103852
my:0.020656831768050027
corp:0.05030613744469616
to:0.0014980425653161205
w:0.03363413972857993
look:0.025773568742129462
everywhere:0.054082238609407064
h:0.03840415352494039
t:0.02800296798913524
gee:0.05504322727619025
nt:0.007761723388287375
its:0.02247635386993663
re:0.004064570682371419
this:0.00570633085186325
posts:0.04372845078444208
two:0.020269450354927297
you:0.006041293363138281
etc:0.025242652037589516
m/s:0.060656744842170845
a:0.0015179392672243423
uunet:0.041054264265405274
was:0.009624577544580277
as:0.008696893045837156
let:0.02505584502992201
stuff:0.03177626687688719
ic:0.06446823257709659
are:0.013976334382635337
no:0.012236366697635975
those:0.02017299624225609
have:0.011114143764079409
without:0.02442620092176625
myers:0.06716889952599334
writes:0.014375269369947007
things:0.024290499218915757
of:0.004226969251429101
least:0.02617024329028785
fact:0.026068120963356946
david:0.02713527434070102
bob:0.04004353276118587
in:0.003862602215097619
dtmedin:0.3022925497662986
context:0.045138488567358394
office:0.039681933837458265
or:0.007329472366337884
205:0.12257408224195797
for:0.0035364006838268913
subject:0.00029018431404367716
al:0.041413197616545994
i:0.00207498594831951
we:0.014649390279499673
the:0.0016385934999762022
do:0.007807803466374963
quote:0.04385823817978901
around:0.025730374273409084
mr:0.03670603998134145
an:0.009759762375671052
just:0.012765093081150933
here:0.01956957506112387
expressed:0.044671294843731384
does:0.013244443634103535
dave:0.11433504363178018
article:0.008807966090397837
function:0.04470652847334194
opinions:0.031039240820870024
built-in:0.12290099261944798
going:0.023671909609235677
needed:0.03625894228408719
mine:0.03549172874782593
s:0.006743872618000199
intergraph:0.06383487488009686
