some:0.017425923509453045
with:0.017457533635508875
to:0.0020570136717773593
designing:0.089447056728522
aid:0.07414780715402808
design:0.05616667473769318
software:0.12607996515587716
that:0.0051776809766339825
luke:0.07975060794314578
me:0.01617296537917231
account:0.060817603085481495
description:0.06529910837889405
anyone:0.02496887686031927
this:0.01567111756332594
der:0.08656789753263407
hi:0.04703009940320007
m:0.04086014066018125
a:0.006253003548565948
steve:0.0478679678631998
speakers:0.08437978597753144
van:0.06844186612676495
product:0.05956564063800834
freeware:0.0951845447719598
reason:0.03988376005982877
shareware:0.07403430567066659
be:0.008633750106529423
if:0.01000224507109566
of:0.008706294876077849
looking:0.03871470664786036
using:0.032901799681267475
together:0.053118899126122845
toward:0.06675316976706522
point:0.032858745690448665
speaker:0.07863267797041269
or:0.010064350114971423
p.s:0.06768407022566908
message:0.04846746102327942
for:0.009711906355584297
subject:0.0003984620431644522
i:0.005698468872996863
exist:0.054276484713374706
the:0.002250008985041949
difficulty:0.07910157642165715
would:0.013920143971707105
can:0.012903970036383782
friend:0.1036775946176957
excuse:0.06607462687039721
today:0.04237501889251273
having:0.03905808048388599
type:0.048365858363159646
does:0.018186400213992912
ideal:0.08060371859747338
mine:0.0487349111164177
s:0.009260242997851019
