expensive:0.03189044719792826
read:0.017850417810219857
believe:0.017107652601026303
at:0.013873464763061906
there:0.01445321237129366
radar:0.040143057276832934
final:0.030367310214461377
true:0.020340793639038162
split:0.07508545806751504
with:0.0046049399747208454
work:0.015945452472364598
ground:0.03052719419997906
single:0.025601784807184055
obviously:0.028991284100991783
line:0.02223467518744873
consider:0.02535719746906451
re:0.00294441340770213
michael:0.0236590173360133
aimed:0.043508758180982064
this:0.008267439974353055
two:0.014683381359474893
on:0.007984390948650234
you:0.004376369995344267
speeds:0.03917768466193268
etc:0.018286015649277444
them:0.011542198201041267
officer:0.039549754621385796
more:0.010011173431659259
sure:0.017181448977631523
a:0.0010996095479105473
how:0.010357188954560033
other:0.0108606928175741
target:0.037742081852531466
sig:0.03715855451273838
are:0.010124588686633473
model:0.02881064182349252
police:0.05788321120681404
it:0.0026996490530706452
not:0.009494645804345904
ones:0.053427243785462306
ve:0.028742262976809988
sort:0.02470441974536244
writes:0.010413580960906494
of:0.006124112931204367
seen:0.040826218749958315
but:0.005238450568900868
reading:0.02587655154616528
never:0.01735385221151071
who:0.010181518694754711
cheaper:0.03471951495249444
david:0.019657049128696803
one:0.0077426055730363975
in:0.006995263854113799
dtmedin:0.05474589483956589
use:0.013092752186986993
and:0.003006278854258188
for:0.002561802070173811
subject:0.00021021225899227005
each:0.020047318089453665
car:0.02408380582585346
i:0.004509418281387282
group:0.021237133344934215
actually:0.0192465679299298
the:0.008309088299091922
reads:0.040859370491051254
difficulty:0.041730752915362435
can:0.006807606239667034
cars:0.030095094906862255
10:0.022758832739339877
just:0.018494308086076945
makes:0.043983903657511404
is:0.008462129980808312
number:0.01970287282202959
does:0.009594400112893899
2:0.015341807496814241
beam:0.17666122513145743
too:0.015374156439877926
various:0.028067551010670776
dave:0.055216923958655
article:0.012761147721521275
s:0.009770650092220761
