bottom:0.017525445811910238
some:0.004560690918489665
at:0.010323808739700364
all:0.00745365492692415
uni:0.02403992557971522
chris:0.029974587835307032
ever:0.010325867409491643
own:0.008853479045109356
with:0.0022844819405841692
companies:0.015533720099952094
from:0.0033069228688678734
work:0.007910439312462124
name:0.010789970725899418
my:0.0037117744583214894
to:0.005383590469104808
remember:0.010869625142661063
line:0.022060966787546786
implement:0.01988089926333855
band:0.03893193748562001
most:0.007252326031121242
clock:0.016758362568747718
relevant:0.017562472155482674
next:0.010462421967770216
engineer:0.017416427108327907
channels:0.021481621018231832
client:0.03911576949663715
that:0.006775480965517125
think:0.005624015732533419
equivalent:0.018434126652803806
higher:0.014499507472804266
nt:0.0027893693426657754
me:0.004232768282830253
re:0.0014607050889772287
so:0.003991447646034844
ball:0.017416427108327907
voice:0.014165993364985032
uk:0.016881404236948384
phone:0.011474012211756129
this:0.0061521379496650664
something:0.007776020770170011
on:0.005941509670772929
used:0.02313824423832264
apparently:0.014799457250983057
bands:0.022725580905413607
why:0.006952041328726588
more:0.00993296113922442
interference:0.021853926408092476
a:0.005455094241587481
was:0.0034588325550835375
private:0.027731883778707434
capable:0.017139762840481763
standard:0.011890798986180612
local:0.023877995718093376
therefore:0.02681973062933489
science:0.013209500883466075
ie:0.016342258542036765
flaming:0.021532683836854305
computer:0.010471495723302013
are:0.0075341177531393615
no:0.008794888563925858
those:0.007249670524560782
digital:0.06452136870330724
telephone:0.05246630141600603
gas:0.01550066277995704
reason:0.03131498348447494
it:0.004017837067265296
not:0.0070653516629995885
have:0.005991218122824057
made:0.009084295124679693
systems:0.011720379376103948
only:0.010418251861478801
university:0.00918101602186974
historical:0.017637594663013484
hz:0.04559193138506689
domestic:0.021188514823142324
doing:0.010471495723302013
quality:0.015016265002243553
usually:0.012881838836666458
free:0.011279327320799748
exchange:0.03785850100591342
sun:0.014173798062886099
be:0.0022596142856932473
which:0.005046454423896554
certainly:0.012014676864279848
analog:0.02104981682135752
were:0.006059778505751168
if:0.0026177750772008175
of:0.008354868911027833
lawrence:0.01852825771365951
electrical:0.01850451143992364
what:0.0035954769648305906
but:0.007796287760746996
years:0.008710060246017162
saying:0.01178341866782984
lines:0.02760298534605091
they:0.0072884345664667475
one:0.0038410582334985253
in:0.0013881226710507069
restriction:0.02316827108239409
system:0.008731337223603614
or:0.002634029131652677
quest:0.02324718790785315
and:0.0029827923007092957
few:0.008928232425415182
still:0.015950852204918337
for:0.001270893995750289
subject:0.00010428498785944647
i:0.002237094225531972
top:0.013209500883466075
rate:0.0151745144902002
improve:0.01852825771365951
ago:0.011176428614705641
addition:0.01548970554977107
the:0.005005391081958555
do:0.005611858741457005
see:0.006911663130512407
when:0.010216206584716687
less:0.010737756080454209
quote:0.015761554345861677
views:0.015820651539597223
can:0.003377210907959818
effect:0.013540521307118773
may:0.007269630966561839
mr:0.02638246623658917
here:0.007032816037591391
expressed:0.016053746584465966
audio:0.019376165937244772
mix:0.0201600358413938
guitar:0.023757422995419806
is:0.007346517141541591
guaranteed:0.02008835951847116
hardware:0.013865941889353717
average:0.01515437913633823
carry:0.015204913476301977
bandwidth:0.06261668826786057
run:0.010456384485888261
build:0.014576691652415447
smith:0.030763582456769238
reflect:0.018480908649080037
trunk:0.07100286056956373
every:0.009500580183349204
capability:0.019174322146056022
close:0.013573879750666174
by:0.003868888573504555
especially:0.01220818635741149
apply:0.015623265568319037
s:0.0024235792220938216
