statistics:0.032363743767837516
there:0.0062861574354599135
form:0.023379321400560926
all:0.0065347111688102135
static:0.03915045217449275
chris:0.026279090704926712
much:0.011967101846300898
remove:0.030261304007120755
hence:0.031516119092201304
to:0.0037758881098378925
noisy:0.03984759391634166
most:0.012716407287445464
that:0.0023760590783183343
really:0.026731448536861997
communication:0.032963441651565735
could:0.010336364077575735
re:0.002561236320398428
anyone:0.011458320203023226
dsp:0.20597462349424445
phone:0.020118815932942253
this:0.01078731037749491
on:0.0034726631865704786
inc:0.02507544860140001
them:0.010040131311864663
m:0.018750886467343453
sure:0.014945506987391804
magazine:0.02892259956714988
a:0.0038260387009490275
214:0.04022471567786925
was:0.012129604576731309
120:0.03474257382229704
processing:0.06497580787255937
are:0.008807005227414047
internet:0.019565300980237028
works:0.02037757529829274
d:0.012478385084774215
it:0.007044974583698053
not:0.008259041213369381
texas:0.027179244326500013
made:0.015928627067931515
92:0.030024074577923793
call:0.01819832943834731
be:0.003962063405051173
writes:0.0045291944590243995
applications:0.026714390598591313
if:0.004590071368242529
of:0.005327139330568182
kit:0.03534910394107406
available:0.03700087435361959
looking:0.017766337982237285
but:0.004556734398975412
particular:0.023226379781395936
well:0.02305298507059376
toward:0.03063330393420116
they:0.00638986044183386
up:0.009201783358577976
code:0.022195291166655452
email:0.018793826431287266
in:0.0036509527786539138
use:0.011388900874981836
and:0.002615050784183492
for:0.006685250607782342
subject:0.000182855869123413
i:0.005230101568366984
info:0.020173941502687653
signal:0.030860015909724075
any:0.007008816892389091
information:0.01670425537317647
noise:0.03137267269600101
source:0.021364849052738524
background:0.030321917810387757
filter:0.07161616281753114
the:0.0015488075547720266
got:0.015151738504319
would:0.006388011274687507
radio:0.024570892881970317
note:0.020285541773140393
makes:0.019129985494876534
about:0.006746686166588161
audio:0.13589858849136058
guitar:0.08331370255928042
is:0.007360893887415449
issue:0.02144767128400584
oriented:0.037846659513593985
easier:0.028607354208278087
hear:0.022696449070265804
build:0.025559130568618867
smith:0.026970812016893577
too:0.013373410053866414
ham:0.039971008337592887
percent:0.032404880918934856
instruments:0.03608485906861404
article:0.011100450415295903
useful:0.02626224121286601
construction:0.03580808140876557
lots:0.02499106172202987
process:0.024770984474202513
mike:0.04377276751996854
high:0.01915975223042138
built:0.025291079685443515
s:0.004249563567506974
