some:0.01913994877267794
believe:0.035617571808694105
radar:0.08357652908455382
all:0.015640456240103136
chris:0.06289749578556231
split:0.07816273093913452
with:0.009587334045730285
though:0.040746626255912785
work:0.03319790924574269
several:0.04620412085356388
to:0.002259342885394805
that:0.005686961072696341
really:0.03199009415067092
nt:0.02341241153188323
re:0.006130172176691321
eat:0.07402006940543364
best:0.03992091934363007
them:0.024030478221840016
ta:0.0756943234230792
how:0.02156332782342827
was:0.029031512593488053
said:0.03592630866661364
police:0.06025547396119167
it:0.011241161630818753
ve:0.029920224574220236
references:0.06769455077068301
knew:0.06364090267045508
be:0.009482971428483138
which:0.02117856282815603
of:0.006375101166089792
seen:0.042499424436432016
what:0.015089214803223464
one:0.016119850947141353
rest:0.05355132513889851
accurate:0.0733190553179241
or:0.011054286191853857
subject:0.0004376550310166934
i:0.018776922024137204
exist:0.05961515534091976
the:0.0012356606721132017
got:0.0362648167480422
can:0.014173212990782186
did:0.026949361367917465
just:0.01925227153222764
here:0.029514768944645838
claimed:0.06976806137902924
is:0.004404469293289573
col.hp.com:0.09566831503751741
done:0.04342071395771637
does:0.019975226464549595
beam:0.09195071963809465
aware:0.06716224937673573
