out:0.007907228852888993
there:0.0061595905072291774
stations:0.036821419972023095
own:0.01521134654730198
with:0.0117750478548231
way:0.011626663218433177
distant:0.03880978115419204
shape:0.03199950729722957
fm:0.15666489173929024
gain:0.15387936343937086
to:0.002774897637766773
antenna:0.22765552995280294
building:0.025506493750594977
design:0.05051231150906634
band:0.06688977178737397
that:0.0023282189626474955
nt:0.004792473501492876
re:0.002509667803880339
anyone:0.01122761576940531
brad:0.06416785730864519
these:0.011118362235563372
on:0.0034027437935522814
great:0.016921145561964272
rotation:0.03673592315472491
m:0.01837335184048419
a:0.003749004364688309
how:0.008827939578718955
other:0.009257100589475912
beer:0.07157370330206957
commercial:0.02796205771981712
as:0.010739787385463334
drive:0.01895170301212073
obtained:0.03216942547162078
are:0.01294452446176964
those:0.012455809760319195
works:0.019967288547320404
requires:0.02694063614034111
it:0.0023010431526172613
ones:0.02276932872736145
have:0.006862424337552387
probably:0.016021635671336968
only:0.008949907639391184
univ:0.031171834706410786
writes:0.004438002624278942
get:0.008821301847591424
of:0.006524851864622102
designs:0.07313625836038382
available:0.018127945153115638
but:0.0044649880687947
oh:0.021675947544573648
they:0.006261205533609018
direction:0.029652016006977384
over:0.013462689614223877
commonly:0.03463737701608599
one:0.01979820619682461
bob:0.024724865865967113
in:0.00476992488307357
frequent:0.036166128229983385
or:0.004525580253040841
and:0.002562398754971744
for:0.010917747077586375
subject:0.00017917420732898185
gate:0.041137774065884064
i:0.005124797509943488
signal:0.06047734661502974
preferred:0.03427450975923851
any:0.006867699773750385
information:0.016367928083783657
detailed:0.03318966847362497
the:0.0040469960267868615
see:0.011875072224236081
pair:0.03427450975923851
increase:0.028219770021391186
an:0.03615697202262027
interested:0.019309236345066576
is:0.007212687970219165
either:0.016802434275928577
does:0.008177777277433055
1:0.013144455650501399
sold:0.027560591309005643
article:0.005438475706822825
already:0.01950192161944531
by:0.013294435903586121
buying:0.02692092567273501
defined:0.029334427710399718
s:0.00416400188493972
