some:0.005010887876108816
reference:0.01601559254514315
read:0.019459253750196755
believe:0.009324772018585153
pc:0.07152021592270136
joystick:0.14215074200971742
resistance:0.020975422081200738
circuit:0.03972673514945963
know:0.005295601397675115
all:0.0040947117195119795
tried:0.013295553875693866
take:0.009123386825475121
your:0.0054074344299625005
much:0.00749869901098683
though:0.01066757168073253
times:0.012062129362631015
journal:0.021256443237335963
from:0.003633357315150968
options:0.01942051677543698
212:0.024968878591355725
to:0.0053235160690203774
ink:0.026306988565737016
w:0.013280432854203236
look:0.010176688087021076
basic:0.03278671939536481
might:0.009129120754843116
been:0.006297169043868838
that:0.0074443052668342665
technical:0.016466726364460515
kinds:0.01957037199048517
r:0.01330566423488897
provide:0.014493372009800057
like:0.0049984509163462365
really:0.008375089026570498
through:0.010169370360621575
nt:0.009194144442778178
re:0.0016048948617088865
joel:0.02343808484054571
package:0.016683532330713315
articles:0.01807677519613591
michael:0.012895687560831284
so:0.0043854532076606015
brad:0.02051719042701316
this:0.00675943053697106
off:0.01874212401679271
appeared:0.02040988870080965
best:0.010451399484813021
something:0.017087221606553845
on:0.004352007083599055
you:0.011927016940101327
etc:0.0099670557401641
includes:0.016170619619881327
a:0.002996789969627457
how:0.011290669504112656
want:0.01624547611770113
as:0.00686793270572548
kolstad:0.05686029680388697
timing:0.02360212438054656
nc:0.022480387195420348
far:0.010684026060606875
display:0.015820263591997757
are:0.0027592763158850882
works:0.012768781088200601
d:0.007819073915781268
it:0.004414447593218523
have:0.006582625920356046
being:0.008351089828004928
try:0.020913216071617103
domain:0.019155377892620486
palmer:0.04865848182511069
ve:0.00783319184131946
p.o:0.0197710662647686
charge:0.017666320407441354
has:0.00456984752741009
public:0.012719933897255767
which:0.005544602285482909
found:0.011478628777927028
writes:0.005676072025901823
certainly:0.013200675009680862
tech:0.01946280130952716
comp:0.025205186647935238
things:0.009591098404035407
if:0.002876182059070426
of:0.001669017901851834
even:0.007206692908867063
seen:0.01112645875803585
but:0.005710585598715968
dr:0.016819075558396998
1985:0.022838248177991384
port:0.08948019603754379
properties:0.023177893330603935
well:0.007222609056452124
talks:0.02054444033121341
up:0.005765924336276329
good:0.006952831980083687
box:0.013598879874277284
code:0.013907779014299126
in:0.004575442967240098
measurements:0.025455267798681916
use:0.007136392822949991
and:0.001638615512836008
for:0.006981735255623905
subject:0.00022915842825766778
i:0.003277231025672016
info:0.01264118222915192
room:0.017116002061453243
games:0.014291288805187664
possible:0.011059964047058292
cae.wisc.edu:0.025720827471291736
directly:0.015590130152344978
voltage:0.022190006729867495
information:0.0104670441394153
pretty:0.012352017411672217
physical:0.018313954074569597
detailed:0.021224294431631423
the:0.003881989751016582
do:0.0030829095232038483
ibm:0.016911875833131616
would:0.004002788180705477
wright:0.024395782485671078
may:0.007987234023346914
simple:0.014159607540584724
an:0.0038536400796641062
myself:0.014304043184540271
long:0.010215928090594784
many:0.007953652478875937
about:0.008455074509200614
current:0.01357187005893055
lab:0.018496613363920656
is:0.0023062028059284453
1/2:0.020357227359213883
issue:0.013439313336759027
hardware:0.015234682934225544
told:0.01330566423488897
wanted:0.013069356178309451
under:0.01041769711204137
resolution:0.01917520169457883
article:0.006955647041344214
luck:0.017694371785037
takes:0.015347209673732492
919:0.04814587036844441
by:0.004250796029258224
functions:0.02010319786826826
covington:0.023546744960649964
s:0.013314083280172067
