materials:0.05745032841406345
pc:0.03662463804393278
there:0.010085483357990631
all:0.01048426187523397
ever:0.02904859403109737
with:0.006426674470214807
from:0.018605983613850016
to:0.0015145045715283857
hardly:0.0479850203361486
look:0.026056794772262755
inputs:0.06246392658419078
that:0.003812138741038207
think:0.03164281379183638
like:0.012798231467128277
re:0.004109236294265611
so:0.01122868788335077
had:0.016861631710792694
board:0.0394636980148917
a:0.0030692398370250444
same:0.021341685170644095
local:0.03358663133973574
experiment:0.05583435678816788
variable:0.058357152850195354
processes:0.060868519882602896
are:0.007064960237376105
results:0.16101467027993233
works:0.06538738447364265
it:0.0037676420850546372
have:0.0056181386060181636
copies:0.04961784872232365
quit:0.05528479172690786
get:0.014443670058144202
if:0.007364290327070432
of:0.002136709731491634
even:0.018452301623802483
gives:0.039961807426330834
looking:0.02850423456490818
what:0.010114748384578365
version:0.03429088579852291
huge:0.047229922615840345
excellent:0.042802916630114145
find:0.023257656457949343
good:0.017802306058895597
postscript:0.05528479172690786
in:0.0019525241966427526
use:0.01827230250271811
and:0.008391151966830547
for:0.007150524459606023
subject:0.00029337315265954173
i:0.01258672795024582
any:0.011244915014162719
the:0.004141500054884907
would:0.020497794419876397
can:0.009500725191623224
moral:0.04411159104297611
press:0.03942143253590842
is:0.002952446449347955
time:0.017357252416524326
printer:0.04775749645305309
electronics:0.049564633068743556
first:0.020632470652648807
transfer:0.09988534144995596
difference:0.03524344886631194
give:0.025969629355560516
process:0.07948491721392456
hp:0.047534587978640935
elsewhere:0.05205664756725772
s:0.006817981108307894
