another:0.021955498320678998
lead:0.038259550867523875
circuit:0.04582341232586185
knows:0.03459367733803203
50:0.03417013157552902
tried:0.03067192131719476
wonder:0.03653829413680128
cut:0.0362476781762812
way:0.01715220613412419
method:0.03951384081927286
into:0.017730731712696894
to:0.006822768119261539
line:0.027958452958475134
then:0.015800795542334684
that:0.0034346992617274932
control:0.030194398712287362
phase:0.05432070867159843
anyone:0.016563512372687043
had:0.015192163224575596
this:0.005197845924469495
93:0.0362476781762812
best:0.024110654257043902
on:0.005019889358804851
you:0.011005920582350929
kenneth:0.04867174967686959
cycle:0.10011106256908886
a:0.0013826773523231634
basis:0.036903052247900976
as:0.007921922378386322
cycles:0.11784713078040408
part:0.02424972388527997
stuff:0.02894471834330319
march:0.04290804025636689
results:0.0362681559293907
it:0.003394608215247247
ken:0.04085220496153279
ve:0.018070630683439944
lamp:0.05954909906962315
always:0.026306496019789183
has:0.021084643047258437
heard:0.02675888474673143
greatest:0.049339485130290704
get:0.013013603715753686
if:0.006635152670924844
of:0.0038503086250641317
controlling:0.05872353858507809
what:0.018226576296962994
but:0.006586962596538715
seems:0.023331555340406714
latest:0.04125095643814605
using:0.021825946323217035
pro:0.04456204109461606
one:0.009735751562134876
email:0.027167313455128128
or:0.006676351066367181
better:0.02214075120100399
and:0.0037801724207008895
for:0.009663827611249723
subject:0.0002643263058615673
i:0.0056702586310513345
appreciated:0.03351249622946775
power:0.02675104237792616
20:0.0622739078892202
any:0.010131557091968389
the:0.004477740653400315
would:0.009234154911924516
can:0.00856005933106647
an:0.008890080579819175
about:0.009752635448731402
is:0.005320250037438889
advice:0.03851343631914107
nothing:0.02529560397525652
article:0.008023097824916841
ac:0.10183406013323994
by:0.009806291829872932
range:0.03959956421276904
s:0.012285866947643928
