resistance:0.06694894993040784
gap.caltech.edu:0.07231167412401639
where:0.025307627373065227
from:0.011596880197673638
to:0.0037758881098378925
that:0.009504236313273337
re:0.005122472640796856
started:0.04492116268477952
scott:0.05235721990645899
on:0.006945326373140957
numbers:0.048325238369845175
came:0.04135242099284858
a:0.0038260387009490275
richard:0.051179144038065456
was:0.036388813730193925
song:0.08180684098100194
standard:0.04169924028030461
course:0.03350892876575368
yeah:0.05416743074230345
zero:0.06347416780383029
made:0.03185725413586303
completely:0.04927388543889685
electric:0.07161616281753114
writes:0.018116777836097598
of:0.007990708995852273
what:0.012608795931460701
equal:0.061076785475780056
george:0.05455224902815297
sei.cmu.edu:0.17074472575004954
in:0.004867937038205219
our:0.030544868807950595
use:0.02277780174996367
and:0.002615050784183492
subject:0.000365711738246826
stove:0.0826909303116536
joseph:0.05594792641977742
the:0.008260306958784143
original:0.04227627415443122
db:0.07994201667518577
an:0.012299974500845709
company:0.09222268601729726
is:0.0036804469437077244
right:0.026573610873839717
first:0.025719929169740287
simon:0.07414087128325642
article:0.022200900830591806
element:0.07289468254071223
thus:0.04563500099830555
by:0.027135218488141537
range:0.05478843815739278
s:0.025497381405041847
