some:0.019298130167493457
radar:0.08426724420095509
viewing:0.045132841056588026
skill:0.04684886886467269
times:0.023227075549529148
work:0.016736136066035568
to:0.0022780151406460013
within:0.026747522448948905
cases:0.09123435368148079
been:0.012125953613400325
that:0.002866980375491544
me:0.008955278350450784
re:0.003090417378331988
this:0.004338697837780322
he:0.026283193512731163
best:0.020125422148441607
blow:0.040275100024339115
certain:0.027242272659177762
optical:0.04869303044578186
officer:0.0415108994786446
more:0.010507595254716742
a:0.004616542564781471
how:0.032612305716424574
partial:0.04672269140904634
other:0.011399239568858768
was:0.007317860612408146
as:0.01322502744160361
nyx.cs.du.edu:0.03885484996709399
no:0.009303683770103387
police:0.06075345308483788
it:0.011334063793056924
not:0.009965454687206032
only:0.022041921293707217
whether:0.023615360205634914
west:0.03370172974988586
has:0.008799789040384719
his:0.030486430438103417
tested:0.03915004073240043
be:0.004780671546590672
of:0.003213893976293201
standing:0.04086992233529026
even:0.013877350807983684
but:0.005498208448350498
conditions:0.037477956240659735
court:0.033030261383994286
good:0.013388511168260325
in:0.004405281865152657
gun:0.030256326411606624
accurate:0.03696249896192868
yes:0.022040048516561064
moving:0.03504943455901927
speed:0.027755910470130422
or:0.005572821964488308
watching:0.03520333961768045
and:0.0031553505329817346
word:0.025362615836061312
still:0.01687362877875659
for:0.0026888335777857353
subject:0.00022063600737205204
car:0.02527804413126768
than:0.01182315109272282
the:0.0031146818594588966
can:0.014290346982441544
friend:0.028704127435477737
an:0.007420645773237494
just:0.019411381214312164
eg:0.041781889749908985
many:0.01531571097171978
stewart:0.04577715131666829
subjective:0.04434515362018865
observer:0.093196822861654
worry:0.03633357876739441
is:0.004440869865961387
viewer:0.04434515362018865
done:0.021889781416699988
does:0.01007015549039277
2:0.016102558281780237
virginia:0.04033269233273657
1:0.016186147867146353
guess:0.024761630272195485
too:0.01613651130466526
testing:0.04068693782390833
by:0.016370834294498614
mine:0.026985446651239555
father:0.03578241038310786
s:0.02051029027623201
