say:0.019362703819056564
preferably:0.05375907575528214
resulting:0.05001487734603804
circuit:0.0472261698460413
case:0.02522052150313016
sufficiently:0.058832275087911355
into:0.018273509214105983
such:0.019622624525181615
from:0.008638492392144648
work:0.020664004734594933
to:0.008437954041372434
might:0.02170495036610659
100:0.03447461325337828
that:0.0035398431166783345
like:0.023768144153238226
me:0.011057027351066782
circuits:0.11568802311480397
practice:0.041903348010631024
greatly:0.03982580765102654
so:0.010426638748825713
anyone:0.017070558669810113
this:0.005356963656851214
something:0.02031287058330125
pointers:0.054079649186234986
used:0.020147586819763932
am:0.016676901598993526
fed:0.05866077388060134
card:0.031233758637900424
more:0.012973663528782917
sure:0.022265755307746972
a:0.007125021050236709
how:0.013422071400297185
factor:0.04617326947629404
accuracy:0.04937912343444463
output:0.041707736621776736
seeking:0.05397166847878053
d:0.018590247167112606
not:0.006152142944652703
have:0.00521684299130258
able:0.05382582094103406
references:0.04213640405113942
be:0.029513329445789355
which:0.026365149643214646
of:0.0019840876078136595
seen:0.026453723373697478
but:0.006788604308677655
well:0.017172121532176985
they:0.009519588005181058
degrees:0.051587843466724355
in:0.003626116365193683
point:0.022464652665918985
or:0.013761458320471128
better:0.022818529298993907
few:0.023322729601084554
for:0.0033198863562456525
subject:0.00027241792746957445
i:0.0077917839691997925
signal:0.045975125743058315
voltage:0.10551574628692094
any:0.01044170679886538
will:0.011564340254115147
the:0.0007691357244786254
would:0.01903366624702808
can:0.008822101963650136
1000:0.047679759260029396
simple:0.03366518935669633
amplifier:0.12024197314162459
nicely:0.05510662393908894
is:0.0027415574172516724
easily:0.03774402824893252
before:0.02169585986961882
by:0.010106484436909858
data:0.029942302277610328
