isbn:0.03852838317169769
above:0.017565522775022872
laser:0.031622309547817605
pub:0.040384396542354345
all:0.006155276326750266
scope:0.03600271306761108
with:0.003773079850255144
from:0.005461756480194681
several:0.018183557239144492
to:0.0008891607484456973
building:0.024519145605410655
day:0.01640840668234111
been:0.009466067014331865
that:0.004476188715283572
nt:0.009213916796418562
consider:0.020776542442394793
me:0.006990894712287385
re:0.0024125193727623905
happened:0.021756779991860844
scott:0.07397568490009368
complete:0.023891715163192113
this:0.006773966946727987
getting:0.017498074659514105
best:0.015710813419106028
hi:0.020329139742028417
you:0.007171599863338347
books:0.04710629565220853
m:0.008831062658813369
more:0.00820270339239178
a:0.004504852018859339
lists:0.03056228986206743
low:0.021908351870837547
want:0.012210309469110848
price:0.020194478721573955
following:0.017660092084127492
part:0.015801432983311464
let:0.014871856404856934
across:0.024897833044089306
computer:0.017294857452679453
van:0.02958454858382743
are:0.004147815365169197
those:0.023947298765000777
book:0.04012514207333772
thread:0.026857598667767518
it:0.002211970514451432
should:0.010598788014409546
have:0.006596782105131004
only:0.008603459601737333
ve:0.02355011224551528
gordon:0.05789050487547124
university:0.015163484526442927
ir:0.03788908702560587
listed:0.029289003190077146
of:0.0050178215629868034
trying:0.017395665955279974
seen:0.016725579939499052
generator:0.03698210669901756
but:0.004292149820970388
version:0.02013206843655216
island:0.03311980774973354
excellent:0.0251294542796154
who:0.025026829823880936
operator:0.035396074682783496
title:0.027104473106986576
over:0.012941553242060373
one:0.006343941340487887
in:0.002292641314767619
1990:0.027554492711892056
offers:0.02916187369924274
weeks:0.023487515389245872
and:0.004926418251494063
few:0.014745983876814752
still:0.013172316659545465
for:0.006297074766040142
seriously:0.025012604279982843
subject:0.00017223843156140837
each:0.016425867079745905
i:0.0061580228143675786
any:0.006601853330895531
information:0.015734330867637192
caught:0.02913047892729969
55:0.0634302802240494
yet:0.016968185436684928
cost:0.021425855511941167
projects:0.13466135714159386
the:0.002917753587054399
come:0.030983144186702043
an:0.005792891216527334
just:0.007576700409457329
about:0.006354943098850784
including:0.020515920687291807
interested:0.018561782034934967
moon:0.02965210535716482
is:0.00173337178639138
night:0.02159893449409048
keep:0.017092997316941427
bailey:0.21120204956505495
too:0.012596889470093527
instructions:0.031177194247901784
engineering:0.024946770924019996
de:0.026070851788025616
project:0.024849263583310008
by:0.006389906289143007
while:0.014002209715345305
include:0.02168724692415872
s:0.02001407357600059
