at:0.020487558429172815
computing:0.10145259253904748
scope:0.12977722152278412
thanks:0.04635782895153867
fax:0.0711312404624044
v:0.08945693753260493
recommendations:0.12531983968064012
indiana:0.1361422408362037
voice:0.0843370767775853
this:0.012208893915614395
pointers:0.12325129349420998
am:0.038007822248868964
a:0.006495368027192535
low:0.15794393209208465
services:0.09294561924333276
systems:0.06977714233215374
university:0.1093181442604025
500:0.09697156128719861
network:0.08542999232626923
gerard:0.4777233578349099
looking:0.060322915009456836
in:0.004132086090569546
use:0.038669291342961584
for:0.007566252625862186
subject:0.0006208594626050766
purpose:0.08746236028243225
i:0.004439504819660347
appreciated:0.07871539812037774
info:0.068497568823079
any:0.04759475657157243
cost:0.1544654699698084
general:0.06856814797878026
is:0.006248200625364277
faq:0.09028128053250603
somewhere:0.09022141997447876
buying:0.0932841377962213
