tv:0.05740395539775247
some:0.00589665088451189
believe:0.01097309030469869
frequency:0.025247036949810314
out:0.005950389389295253
there:0.013905742205714356
andrew:0.01901746545036363
radar:0.154489947701751
circuit:0.02337456891369721
all:0.004818524397203492
knowledge:0.01867056133763705
where:0.009330589890069504
oscillator:0.03175632495470515
your:0.012726588102841037
wonder:0.01863822074655015
with:0.0029536736201492293
way:0.008749357674477492
much:0.026472679841817143
from:0.02565370467970229
work:0.020455277414043474
signals:0.0256612447864812
my:0.004799061925910613
to:0.000696060181864056
antenna:0.057105511722167754
most:0.009376744767510293
might:0.010742854221608313
that:0.0070081742512015524
britain:0.028113304462146355
like:0.005882015472266027
nt:0.003606457331931508
could:0.0076217634107376645
re:0.0018885883978695484
so:0.005160659582752122
fixed:0.022903195480403173
had:0.02324861341942629
finger:0.02512912097002753
module:0.02847680698550539
on:0.0025606506325216664
more:0.012842616422431575
a:0.006347746026574523
how:0.013286494921506306
as:0.004040980607156659
worth:0.017753351610059788
local:0.015436280060181577
therefore:0.01733800767957003
patrick:0.023159621366127536
are:0.0032470271798041694
no:0.005685584526174293
proper:0.020740040934554754
it:0.0017315930794948081
couple:0.015939352498255146
whether:0.014431609014554671
mixed:0.02825558161854381
device:0.02027350901470114
pgp:0.022953449676631293
be:0.008764564502082899
neal:0.03016110803845021
writes:0.0033397090455432443
if:0.013538392318452714
of:0.005892138956537535
looking:0.013100431037407293
what:0.004648697489881976
detectors:0.05622660892429271
vancouver:0.024901239983762532
they:0.014135145825874905
who:0.006530570071888123
up:0.01357030677123621
rf:0.02770904836278506
one:0.009932433411874976
rest:0.016498135522589944
in:0.00448686115895178
gun:0.018489977251537382
streets:0.027907132772650115
rather:0.012997392186428603
use:0.008397876402764385
and:0.0019282697701555045
for:0.004929528225940515
subject:0.00013483311561625404
passive:0.03095721381725619
car:0.03089538727154939
i:0.0028924046552332564
back:0.010638165252866353
detector:0.18699275038607802
paid:0.02088883907965736
signal:0.02275536526676624
pay:0.016832535666655976
any:0.005168117506509128
detecting:0.06167101802260268
than:0.007225259001108391
the:0.004568200060539715
canada:0.01879094743942751
putting:0.020303305591101085
would:0.0094207034960038
operating:0.023212506718992665
radio:0.07247172445995285
an:0.009069678167290271
long:0.012021773965194873
people:0.007602389596328876
about:0.004974829193544806
is:0.005427729836175029
fee:0.02540866690479099
their:0.015289733521027415
sends:0.030056970224294984
easily:0.018681387719168625
picking:0.05516236129138537
article:0.0040925903046292985
howland:0.03458266731801537
roof:0.029034120405550163
understand:0.015132107388563907
by:0.005002199367763465
giving:0.019158418925702404
