some:0.0248412101092203
there:0.009763606229544121
with:0.006221567838186674
ca:0.02187817655417363
from:0.009006087813086974
wrote:0.02739973377332831
my:0.020217324709155347
to:0.004398507957736694
bet:0.04589012037244265
line:0.030040465412829665
attached:0.05245154805090405
us:0.021913578576436128
appreciate:0.040842695057601
that:0.003690474738664647
jeff:0.044845524349259536
really:0.02075952918288219
nt:0.00759658033747275
re:0.0039780904550869205
scott:0.0406603941826756
so:0.010870325504094894
he:0.016916310718300374
two:0.039676370907517265
distribution:0.04728657128726893
why:0.01893321893780858
a:0.005942570748282532
j:0.032490730420519816
was:0.00941979929895091
question:0.046446512411640516
balls:0.10961175575089127
are:0.006839482782991761
d:0.019381321514649313
have:0.0054388363100814135
only:0.014186555726269005
area:0.0341326281346739
between:0.04942267757545544
electric:0.16685042188339702
device:0.042703774307561976
his:0.039243171095856524
diameter:0.0647010668811433
be:0.006153843161036929
which:0.027487070904628038
of:0.004137033735441248
seen:0.02757941373002503
but:0.0070774810877703214
lines:0.037587043875473576
they:0.009924676856465357
up:0.014292131599493453
programmer:0.0542358327038062
in:0.0037804191892444783
nearby:0.05660970027097864
and:0.0020308373111212227
subject:0.0002840101797023223
half:0.040230249825457615
i:0.00812334924448489
power:0.08622942383523005
any:0.010886034747753268
the:0.0016037298084873467
dad:0.06133577615548206
got:0.023533551293942277
may:0.01979814390893437
dozen:0.054805877875445635
many:0.019714904548703123
about:0.010478895535339058
is:0.002858219435007063
experience:0.035236412497820724
guess:0.031874013435485675
article:0.008620562556559585
neither:0.03981682394149967
answer:0.032300755767328264
s:0.013200771933106772
