land:0.01978424052531212
since:0.009954336434844186
looks:0.017030375494397464
pc:0.016581303791034244
at:0.004382910509723537
block:0.04365949539466001
say:0.00944052226003753
all:0.009493212245236728
vertical:0.02686790619915779
fields:0.02442102721089722
situation:0.017532996461565167
corner:0.02438536308413795
where:0.009191327354396825
your:0.018804958540018842
with:0.005819177878502959
such:0.00956724976849651
generate:0.023332382129468924
pulse:0.05921671745681996
to:0.0034283561196289327
design:0.05616667473769318
front:0.01749726830530315
h:0.03515604103775638
ii:0.07306268268875857
enough:0.012100241427549235
puts:0.024566296637226884
width:0.028126595325843814
that:0.003451787317755988
control:0.01517230980070161
v:0.019137553800507523
like:0.005794224196560563
really:0.009708436533288189
nt:0.007105259221118791
re:0.0018604005113341817
started:0.016314651124322913
had:0.007633873063095199
off:0.02172594475578458
fingers:0.028279688155031645
upper:0.02600985017751131
sync:0.2134661609488412
two:0.009277559366434386
on:0.0025224319663646262
you:0.01935618371075151
xor:0.030873205188033073
combined:0.02523589939331029
them:0.02917132679666151
onto:0.02166250087743456
a:0.0020843345161886493
uunet:0.01879100652943923
bring:0.018872472374572513
timing:0.027359676520733078
video:0.01739159797445285
wa:0.024949187389147916
no:0.005600725055634377
tear:0.024678101890222195
proper:0.02043048808478528
it:0.008528742033332636
have:0.0025435353887942927
try:0.012121341653449715
composite:0.09043150400899659
uucp:0.02106282889221927
tube:0.0265285616716626
expect:0.017195129766957154
left:0.01454927951990329
usually:0.01640672011038116
screen:0.01859854313485596
edge:0.023448764614915223
myers:0.06148794782478992
which:0.019281975112201758
writes:0.0032898626418784195
get:0.006539174006423494
depends:0.0214217220671766
if:0.006668163380730441
of:0.0038694643893679333
even:0.00835402710331356
monitor:0.018643163383526406
gives:0.0180921615711249
what:0.004579313945256872
but:0.003309866777365225
together:0.017706299708707615
find:0.010529585759569105
called:0.013344549730630517
one:0.004892094068535435
bob:0.018328383154373632
in:0.0035359144655619994
sensitive:0.0265835359810486
or:0.010064350114971423
use:0.008272534963917154
and:0.006648213685163008
few:0.011371281099036252
for:0.0016186510592640496
subject:0.0001328206810548174
top:0.016824040926205548
actually:0.012160766801497934
ways:0.017752927270045245
the:0.005625022462604872
do:0.007147441979169121
darkness:0.03074397391239496
rock:0.024245209467388222
rule:0.019645261533612846
would:0.004640047990569035
can:0.00860264669092252
scanned:0.03128234995538119
falling:0.027232102239074685
simple:0.01641387341769274
jim:0.03369483330297383
cc:0.05625319065168763
makes:0.027790824699024618
rising:0.030032029416670217
is:0.0026733594715488947
solid:0.022415732949351817
questions:0.015045653419131898
sheet:0.025912295593489537
does:0.006062133404664305
matter:0.015029368218410659
article:0.004031506867246771
very:0.008672848217828096
difference:0.015955989287733265
by:0.004927539675707294
sometimes:0.034870709694704974
s:0.00308674766595034
