at:0.011294423236595269
folks:0.047477126285830486
all:0.01223163885443963
tried:0.039716205808162444
own:0.029057572250615324
with:0.007497786881917273
motorola:0.12495607956269314
post:0.033109971851681796
my:0.024364468239238494
to:0.008834610000582247
schools:0.0631169163678578
young:0.09625783402754325
h:0.04529720672172457
been:0.018810774195146655
like:0.01493127004498299
through:0.03037773453877983
nt:0.0183097064544215
me:0.013892162569289034
re:0.004794109009976545
sample:0.0604256626615123
quantities:0.07529241652524245
this:0.006730544081684859
you:0.014251256138685175
inc:0.046936096100056425
support:0.03511482448119879
a:0.0035807798098625512
route:0.0655860587667781
dick:0.12941820145959723
d:0.023356977209961993
it:0.004395582432563743
have:0.006554495040354523
try:0.031235765030043494
ve:0.023399149987531207
university:0.03013256540511094
has:0.01365095479341732
which:0.016562722211763047
get:0.016850948401168235
if:0.008591672048248837
of:0.0024928280200735725
but:0.008529272080133465
parts:0.04677814117200462
they:0.011960508006509534
who:0.016577600951716003
world:0.03232372677862406
message:0.04163230626358617
for:0.008342278536207025
subject:0.00034226867810279864
i:0.007342257970976728
program:0.03559786451774455
the:0.0028990500384194345
do:0.018418408177089656
thing:0.029024774809294315
see:0.022684432838604822
can:0.011084179390227093
does:0.015621651465865707
told:0.03974640726575807
e-mail:0.07050501991416068
davis:0.06349681120896512
opinions:0.036610386609231306
wish:0.047898429676651005
