out:0.02739946742047581
resistance:0.11365751964929703
with:0.013600636669524355
my:0.022098006077448867
to:0.0032051143257926296
us:0.04790410200430223
measure:0.10738031927460073
protection:0.0983714487472782
anything:0.05398235233300939
re:0.026088872286849106
happened:0.07842560229624258
you:0.01292555789322609
a:0.0032476840135962676
as:0.0558219181546757
far:0.05789251330514887
it:0.007973382086976092
being:0.04525125418430577
per:0.1645034937475822
robert:0.07431190765017914
thinking:0.08101224497322454
making:0.07150249281098613
if:0.015584893482869983
of:0.00904374816584831
safe:0.09657537088830168
what:0.021405630302247236
they:0.02169580522111032
for:0.007566252625862186
subject:0.0006208594626050766
power:0.06283384372489632
than:0.0332697972609177
the:0.0017529139767187279
less:0.06392710596735529
10:0.06721794785805034
is:0.006248200625364277
goes:0.07495412083699247
smith:0.09157531522015029
plastic:0.1183607025910388
