at:0.007162317174426269
out:0.009578675602280163
there:0.0074616177689198985
circuit:0.11288206451004994
all:0.015513298059289289
tried:0.025185886610054237
produces:0.04283243434160692
with:0.009509388240480445
led:0.034272189340084525
work:0.049392011316836675
my:0.023175957593421982
to:0.005602435610125328
player:0.09481129348917566
then:0.01297463699004718
that:0.002820362808410381
control:0.024793774552366046
infrared:0.2141464671381968
appears:0.031709764450360424
like:0.009468610272428239
through:0.01926392921971404
nt:0.005805516680670232
senses:0.049076730997973286
module:0.045840713683984284
hooked:0.04687449559849849
you:0.009037381941605234
a:0.006812215248031195
other:0.011213886079934236
same:0.015789376833565957
question:0.017747854336155323
fine:0.026334606324557402
output:0.06646110876315645
cd:0.1088586109507457
are:0.0052269218016359805
brian:0.030374613941290887
works:0.048376032415459194
it:0.011149770072844617
only:0.010841758034709648
ir:0.04774641047942205
be:0.004702937049898141
electrical:0.03851345470423132
but:0.010817613369925372
seems:0.019158431620984375
commands:0.039342716232321745
shack:0.04634118435877643
in:0.0028891008438128537
and:0.0015520220101251621
vcr:0.04925943714311197
for:0.013225563533011138
subject:0.00021704843001640894
car:0.024867019023442193
i:0.004656066030375486
appreciated:0.027518391212814988
detector:0.043001817161955225
signal:0.036630587990404195
the:0.0036768439511661124
see:0.01438525009277379
when:0.010631499535314927
would:0.007582517448003058
can:0.007028991808436694
radio:0.029165450087542004
sony:0.041308345266042906
did:0.013365130434495654
bought:0.029781168689987488
friend:0.028237393656039077
an:0.02189995459906675
engineers:0.04439897372233457
here:0.014637405736775579
is:0.002184330299924097
build:0.030338480187141095
glove:0.05089090621190995
advice:0.031624854213278444
hidden:0.04151952808232958
little:0.01906779432437776
remote:0.10989176397121257
s:0.010088394810666966
