sells:0.027447097469486318
generated:0.026517310468537142
music:0.025172996938202644
there:0.005015185713536325
all:0.005213485413367711
50:0.01885892507720454
with:0.006391556030486856
from:0.013878233679183206
wire:0.027858843028184605
to:0.006024914361052812
sound:0.03771785015440908
inputs:0.0931838904780551
t:0.014077994836067989
direct:0.021823910505869803
next:0.01463595641392992
nasa:0.023443392445898447
that:0.005686961072696341
quite:0.014514750721909298
bit:0.014891170481178688
higher:0.02028346400567154
like:0.0063641478880255365
its:0.01129958773789164
need:0.010498371538236264
re:0.0020433907255637735
afraid:0.02467335646847788
this:0.002868756493832891
30:0.01870549439548574
bell:0.09755635079738958
two:0.010190106189362358
you:0.01518576473794322
used:0.010789418078343528
products:0.02213162182588464
them:0.01602031881456001
m:0.007479861814841924
more:0.006947644949840032
a:0.005341819060614626
price:0.017104613124830397
was:0.0048385854322480085
as:0.004372208525776057
cables:0.02878901324599809
also:0.00810654170316703
stuff:0.015974953839746567
120:0.02771811900576704
course:0.013366949726229612
cheap:0.02030727441752376
are:0.0035131769486405765
no:0.0061516160447131684
those:0.010141615597199782
taking:0.01861721330137489
amps:0.06753594269280204
requires:0.021935272048693038
should:0.017954231062660978
buy:0.016430825821005277
doing:0.014648649755001722
quality:0.021006359784559288
25:0.020096625946937775
yourself:0.019159970881828373
component:0.029019130652282933
be:0.009482971428483138
which:0.007059520942718676
1/4:0.06098820246425921
stereo:0.028202017351895155
writes:0.0036134556886205592
get:0.014364742899356528
of:0.0021250337220299308
even:0.009175734687246043
but:0.003635427443991313
shop:0.026554610824113097
advantage:0.023297106975600057
balanced:0.15752904258511785
gear:0.027764625506684574
lines:0.019307006143685884
they:0.005097921445397506
pro:0.024594350549487554
boxes:0.026942325228333227
in:0.002912781998270336
or:0.003684762063951286
total:0.0400110983148022
use:0.009086226927581136
and:0.0020863246693485784
for:0.010667175833182755
subject:0.0001458850103388978
each:0.01391261965770828
i:0.003129487004022868
power:0.014764236503664164
signal:0.02462055914109134
any:0.005591733695567253
research:0.016870663828069822
noise:0.02502956400883141
will:0.006192925381985161
cost:0.036295165074873015
the:0.001647547562817602
when:0.01429152396550531
benefit:0.024753521439777302
less:0.015021123260088948
around:0.012935488705757572
can:0.014173212990782186
because:0.009643291250789693
radio:0.019603007435888886
push:0.026227733801102656
places:0.020846021214701284
about:0.005382602078261593
living:0.020131174940049727
center:0.017850441712966167
sh:0.0328658962078248
their:0.008271495183506634
hear:0.018107549531468894
run:0.014627510537636038
nice:0.017266335829260973
adapter:0.05463293241598297
under:0.013264062443200214
article:0.004428048526320224
very:0.009525915255647253
little:0.025632116960638954
convert:0.04676043710599278
bad:0.014975962004078601
going:0.023801264306553906
mike:0.017461267917801657
john:0.029305774858817985
ranges:0.03390991389505272
