to:0.0049221398574672524
that:0.01238945090837417
think:0.051419572411734116
re:0.013355017956363232
this:0.018749372798979248
used:0.07051655386917377
a:0.004987514735165697
richard:0.1334313398135278
was:0.03162361193219234
question:0.07796378869096801
electronic:0.15405968982177176
assembly:0.18399116143899605
differential:0.20084259633374735
netcom.com:0.1149655419543264
be:0.020659330612052548
easy:0.11834577015210027
in:0.006345703639088945
bmw:0.31653245361899945
subject:0.0009534627461435106
i:0.006817810973049818
signal:0.16091294010070412
the:0.005383950071350378
would:0.06661783186459828
is:0.009595450960380853
by:0.035372695529184504
