since:0.008624231135360694
at:0.003797262984717375
cable:0.018610549411160554
say:0.008179073164946309
there:0.007911887806699547
circuit:0.019948985538413996
bnr.ca:0.040232333361613824
know:0.005318427265768542
all:0.008224722677985269
means:0.012218082846718761
take:0.009162711768688377
tony:0.039851246357264725
your:0.005430742336988201
with:0.007562422975726905
ca:0.008864433603846212
previous:0.014970687153848302
mentioned:0.015151567322378611
led:0.0908508467420344
work:0.008728760620647862
wrote:0.011101616270227849
post:0.011131800881168882
my:0.008191502252847425
to:0.002376205448432467
line:0.024343135765568867
recall:0.016857134547728542
look:0.010220553121878924
might:0.009168470413269163
enough:0.010483398823006017
make:0.007586553807541826
that:0.0059811142316289105
think:0.012411620926970304
like:0.005019995963399453
nt:0.0030779247919070626
me:0.004670640863812693
need:0.016562086133596863
re:0.004835437535924619
michael:0.012951272421007281
anyone:0.007210839438109445
phone:0.050643915969130496
this:0.0022628553378078405
off:0.028234363551159703
aisun3.ai.uga.edu:0.024303481823836494
something:0.017160873423823473
on:0.010926914337053662
detect:0.022088799703560077
you:0.023956852991755255
inc:0.015780239206053454
state:0.011455661150606105
more:0.005480254421641059
sure:0.009405362155858635
a:0.0030097071677724035
how:0.005669668091504846
series:0.04638815121682327
want:0.01631549972165674
below:0.015999456521715052
as:0.0034487679319699068
old:0.011413418458372087
let:0.009935938546348383
equipment:0.03478411993569473
digital:0.017798998262981307
telephone:0.01929794994611716
it:0.008866950769137205
not:0.005197500073930732
should:0.0070810868199718945
ve:0.007866955599256181
easiest:0.02574094565350492
usually:0.014214442854252643
greg:0.018876157747825098
which:0.011137002866530325
writes:0.005700537853599676
if:0.014442896977659684
of:0.0008381059722661149
what:0.0039674228577441
but:0.005735200191813882
ok:0.014068315476340224
drops:0.02411467741582618
please:0.008256100676315754
ottawa:0.02232612632934899
in:0.004595164704167857
or:0.002906514903892609
use:0.014334306273684035
and:0.0016456785107361632
subject:0.000115073090051803
i:0.0016456785107361632
detector:0.0227983772022435
voltage:0.022285653310599684
will:0.004884936831479674
the:0.0045485095430373886
wrong:0.01139406058978388
do:0.0030961979263211064
thing:0.009758329461745503
when:0.011273055541756343
canada:0.016037101693994166
around:0.010203424280834636
would:0.004020041578036104
can:0.011179732660832501
peter:0.015870228796663607
mcovingt:0.023875152195331307
an:0.01548100238899546
thought:0.011571493125826346
problem:0.009118815913989588
just:0.015186059010334731
here:0.015520697462270656
about:0.004245759397939102
company:0.029018345169235776
current:0.040891108496519196
draw:0.03640258221382658
is:0.00579035833816086
guys:0.016744291851255394
gone:0.01693791981414984
run:0.011538079432704287
goes:0.02778471720681618
light:0.04515794852335724
1:0.008441913327261675
hook:0.06649939702666315
supposed:0.015727133669898107
article:0.006985628278591388
opinions:0.012308664463448457
going:0.009387136569179666
mine:0.014074306227586148
john:0.011558096549921749
covington:0.023648239550997593
s:0.010697177256138246
