basically:0.03472749157741492
frequency:0.04423817093860568
out:0.020852692019123185
there:0.008121937925461481
obsolete:0.053822126432101505
played:0.035895601957117926
circuit:0.08191441849401854
all:0.008443078147312311
your:0.011149842674170464
with:0.005175463511411923
much:0.01546191919964541
work:0.03584199051310272
zoo.toronto.edu:0.08962790990105315
my:0.008408975763984966
to:0.004878581097666658
that:0.009209857312419738
toronto:0.035549560133987454
need:0.01700178753537377
anything:0.020541957082472598
re:0.0066184159783747
set:0.023446146762176292
detect:0.045350456028548126
you:0.009837150255021626
henry:0.16195547764452053
used:0.01747312839236164
input:0.037762400879422266
a:0.006179221795780509
hard:0.02393126904934079
other:0.012206265379043457
want:0.01674865458152373
was:0.007835939239835272
chip:0.057210696598288036
are:0.00568948125310819
results:0.032416670343968675
it:0.006068237694512778
not:0.005335486801557212
feed:0.04409989378902089
have:0.004524341709271264
ve:0.01615162565511004
area:0.028393513669551743
utzoo:0.048552137839216296
tom:0.03359051525198898
anybody:0.026899072078873407
writes:0.0058518795665271
were:0.013728347765241585
if:0.011861069376343528
end:0.02393126904934079
of:0.001720713146599457
what:0.008145505336253373
impression:0.0418682532226946
easy:0.0293246156129098
spencer:0.08240202825982793
they:0.008255925880599502
good:0.014336370366013266
one:0.008701866440492234
in:0.0015723867424291193
clean:0.03842338222987881
use:0.01471486307741016
better:0.019789520984968167
and:0.0033787381813344237
subject:0.00023625625568157783
i:0.0016893690906672118
will:0.010029250839852073
filter:0.04626530872282985
the:0.00266815224774886
do:0.006356795742535368
see:0.015658281074435187
when:0.011572340202156955
an:0.007946001226210059
is:0.007132901598867183
tomb:0.06016440676812044
does:0.010783086852544472
man:0.025646454325621227
filters:0.05403036092245721
article:0.007171087436430097
u:0.03346587153622138
decode:0.05341980453761693
comes:0.026762622453500102
tone:0.19287261054331306
s:0.0109811731124959
zoology:0.048782009400307094
