another:0.007130242219898967
sent:0.011825345814436054
some:0.011262413586495379
go:0.006255409169756036
feeling:0.014040632960094926
ideas:0.011565895939033666
there:0.00885317349431332
circuit:0.01488155834376864
know:0.003967444133949524
help:0.006881327074089379
scope:0.035886948716911365
damn:0.013832272853255969
with:0.005641421641056727
way:0.016710991828423248
active:0.014365987121661955
previous:0.011167843793224457
buffer:0.017041175627816815
from:0.0027220972811259664
signals:0.016337384140589314
often:0.009991383885140533
throw:0.013708587062812895
my:0.009166053967816412
to:0.006647262830020084
then:0.0051314480700186595
most:0.005969760334299157
measure:0.014846796555652192
make:0.005659422776044063
that:0.007808142694666681
divide:0.019339096482417807
like:0.003744820139899271
really:0.0062745843832505655
nt:0.0022960725135769727
could:0.01940976405564061
circuits:0.03645474683360383
so:0.0032855646218164633
had:0.004933789343029373
this:0.005064139276894718
ti:0.012182189891484447
student:0.012935747498934636
posts:0.012935747498934636
two:0.005996107500492963
on:0.0016302534573610608
pushed:0.01642090660490848
you:0.0017871350141759545
am:0.015765302476218962
amp:0.017480325258060384
input:0.06860371863946489
a:0.0044903669641363185
factor:0.014549776233687512
other:0.008870147831716468
same:0.006244673152825121
series:0.011534888619831724
low:0.010918953504758263
want:0.006085524011936275
quick:0.013052331897721208
below:0.011935285894012515
was:0.0028471419102938443
as:0.0025727143415338214
question:0.007019247856421558
course:0.007865439871061154
output:0.03942789249775679
annoying:0.016747174965567192
reasonable:0.012020280289730057
d:0.011716040015286401
pain:0.014234726689120942
it:0.006614574207202032
not:0.0038772347818390026
hundred:0.01479534851273759
have:0.016438926467770187
kind:0.008860214459688296
after:0.00620325944586801
be:0.003720008084485346
noticed:0.013042453444226127
get:0.008452565757499178
things:0.007185613916849677
of:0.005626897974571215
even:0.005399226520147992
reasons:0.011693004745325097
generator:0.12902117610428956
but:0.004278348696144118
shop:0.015625381931873624
adjust:0.017810402923848435
ignore:0.014471916882817435
seems:0.007577128904762309
order:0.00901709601650319
they:0.002999741557902713
now:0.0053116218581294025
david:0.008027155110432456
box:0.03056468499073898
one:0.01264708563055463
in:0.004570538955485285
pull:0.014534052808304259
or:0.0021682040440613674
resistor:0.01970909432738497
use:0.005346557967033274
and:0.0036829332587536004
few:0.007349284568830503
for:0.00209227564573681
subject:8.584230511902989e-05
i:0.010434977566468533
signal:0.014487338658584294
voltage:0.04987400226423595
stupid:0.012416997399570908
any:0.0032903127533402163
than:0.004600004122892158
the:0.004604921925978138
thing:0.02183857654461373
when:0.00420474097377407
less:0.00883879600191729
solve:0.015973964885272928
would:0.0059977469202853765
may:0.005984004911382092
an:0.0028871322783335586
thought:0.008632110627626085
lower:0.02553686567874995
myself:0.010716533961407985
10:0.009293799864617893
problem:0.00680246074612728
just:0.007552338028719524
about:0.006334509198211393
is:0.004319495609174661
number:0.008045867679735556
broken:0.014441293469597962
save:0.011647942869521845
maximum:0.015737429299494742
having:0.008414441776271259
new:0.0055434069610403435
bucks:0.017290007343622023
figure:0.011872982746221072
build:0.011998820138322683
too:0.006278192501172015
various:0.011461668740691924
bias:0.03443385230089321
very:0.005605281324062531
ass:0.015669733449984027
little:0.030165127998694072
replaced:0.013908834424618408
function:0.07935049426779663
random:0.014351135205725316
dumb:0.016535755745108092
give:0.007598830454520922
going:0.007002622778294799
by:0.0063693599666698785
built:0.011872982746221072
buying:0.012897806833561145
range:0.012860308635015028
s:0.005984915892501785
