xt:0.3100431868974965
true:0.07828123612599536
switch:0.12885192187909625
with:0.017722041720895376
its:0.06266135018285364
anyone:0.05069438635276943
had:0.04649722683885258
8:0.08946943279920808
a:0.004231830684383015
wondering:0.10905859096537263
was:0.026832155578829866
definitions:0.16259889660735838
no:0.03411350715704575
dip:0.1816046303276053
settings:0.15245200142874593
switches:0.16259889660735838
if:0.020307588477679068
of:0.005892138956537535
and:0.005784809310466513
subject:0.0008089986936975241
i:0.011569618620933026
the:0.004568200060539715
ibm:0.11940809300362627
got:0.06703496429183559
an:0.027209034501870812
jim:0.10261608324087483
documents:0.1470505398709787
just:0.03558753222623897
2:0.059042713699860874
position:0.10432857446097613
