out:0.03366220283087028
there:0.02622225673077564
know:0.035253575018808624
motorola:0.27847354873971614
r:0.08857770762083228
den:0.39127817879811666
so:0.029194588496712002
anyone:0.047797564275468316
products:0.11571676554676825
standard:0.0869727011560639
variable:0.1517285974105079
van:0.26203457317104295
are:0.03673779323435574
types:0.11705420605659655
network:0.10495684771513077
if:0.01914715485038312
of:0.005555445301878247
what:0.026298345799903748
using:0.06298344510414058
they:0.053309692829013926
or:0.01926604164865958
and:0.01090849755687971
subject:0.0007627701969148084
any:0.029236779036823063
ted:0.2563722358770869
chips:0.11864974137705635
does:0.03481396612392929
s:0.01772675088160052
