screw:0.02906344951199094
some:0.013576010175969233
typical:0.025922124068208978
at:0.010243779214586407
fast:0.020243011191558358
ideas:0.02091275370371785
there:0.021343697339003428
all:0.0110938119842592
anyway:0.017723917567700778
chris:0.022306670016972674
with:0.003400159167381089
ca:0.01195667788425768
from:0.009843863423606693
work:0.011773677116222696
via:0.019873438247765378
to:0.0032051143257926296
sound:0.020065019122839714
then:0.009278374126603506
fails:0.027830549983562353
that:0.004033774714354382
like:0.013542314691961316
nt:0.008303238973516727
need:0.011169779020332768
re:0.002174072690570759
expert:0.029640513221847575
so:0.005940759287121628
this:0.003052223478903599
best:0.01415800046489206
something:0.034720836927270744
big:0.016138259034113703
on:0.01768635436881244
you:0.01292555789322609
them:0.008522437043792097
guarantee:0.02870828851210816
computers:0.025219586433655055
m:0.00795822507044228
why:0.010347224303220968
a:0.0016238420067981338
running:0.017601514025852916
said:0.012741307143392047
equipment:0.023459057631049936
also:0.008624983323718409
straight:0.02323640481083319
no:0.026180133399593252
d:0.010592117571959509
it:0.011960073130464138
not:0.007010581495069359
zero:0.026939617730695416
made:0.013520811348360473
charge:0.04786340296434692
60:0.023672437670878007
hope:0.01679338103279096
always:0.01544741917441109
batteries:0.0920712594951139
be:0.006726293687645015
were:0.009019205217862205
things:0.012992592605466568
if:0.007792446741434991
of:0.003391405562193116
failure:0.02761250117275739
what:0.005351407575561809
but:0.011603777132274597
never:0.01281360017942942
supply:0.02347654321863107
least:0.013998037108758618
sense:0.019106523525366223
well:0.009784115756705493
up:0.007810816106699911
in:0.002066043045284773
ours:0.03197264523643808
gon:0.027793635869151546
or:0.003920415451762124
and:0.0022197524098301735
subject:0.00015521486565126915
until:0.01663468444979444
i:0.0011098762049150867
power:0.047125382793672246
the:0.004820513435976502
do:0.004176266970386608
see:0.010287126519832419
when:0.015205516777252744
start:0.01638117492954949
protected:0.027333935151269608
did:0.009557622345598635
na:0.025338973657153364
instead:0.017835664602236286
an:0.010440676029787635
just:0.013655680970533558
is:0.0046861504690232075
deal:0.019164622045119237
col.hp.com:0.03392887917028234
having:0.030428969679306528
cabinet:0.035780354351204045
time:0.01836639499888039
keep:0.015403573163522796
dc:0.0780893788517299
run:0.015562990862717412
ups:0.06920093144663263
takes:0.020790115430114366
ac:0.02989895370191056
condition:0.022081948188866402
realize:0.022752972436808943
usual:0.024942679172089626
while:0.012618270383014664
s:0.0072143753587909105
