pc:0.032998436257404784
go:0.01926170546330819
thanks:0.019736501434813494
controlled:0.04804621599744849
switch:0.042100132891189856
own:0.022440501342059358
with:0.005790370067223241
damage:0.04405418669473932
much:0.017298978906533972
c:0.025604927677514454
work:0.020050222415745583
my:0.00940806199336932
to:0.0027291072477046156
then:0.015800795542334684
lights:0.0486002620731717
100:0.0334506148399116
that:0.0034346992617274932
reliable:0.045931620944992445
module:0.1116516392699023
on:0.005019889358804851
am:0.016181548086152134
3:0.023182831135025936
a:0.00414803205696949
how:0.026046792024339096
low:0.10086518435583623
worked:0.03806102812449851
computer:0.026541612922428865
works:0.029456693005452873
it:0.023762257506730732
not:0.011938812051009206
carlos:0.12395210819930541
doing:0.026541612922428865
without:0.02224960876042074
be:0.011454678359157849
get:0.013013603715753686
down:0.02340956016785305
of:0.0019251543125320659
even:0.016625341066990353
interface:0.04180890630498894
but:0.006586962596538715
seems:0.023331555340406714
using:0.021825946323217035
now:0.016355588097804397
and:0.0037801724207008895
subject:0.0002643263058615673
i:0.007560344841401779
voltage:0.15357242281363742
will:0.01122084499904242
program:0.027491420122614605
the:0.004477740653400315
putting:0.03980251987166351
can:0.03424023732426588
increase:0.041631145873141456
put:0.024628309896502765
an:0.008890080579819175
current:0.03130936360129523
is:0.0026601250187194446
broken:0.04446774523806898
done:0.026224391598224737
having:0.02590981576653823
questions:0.029942339972727838
2:0.019291183684112957
light:0.06915276605557016
1:0.019391325662620876
first:0.01858965177614892
too:0.019331860077866303
very:0.01725982665132126
before:0.021051428388343014
by:0.009806291829872932
motion:0.050650619641670225
