stored:0.027119483256300227
say:0.010483673890980903
there:0.010141204260520965
take:0.011744470333346427
with:0.006462180959000523
wonderful:0.02655330276302433
from:0.009354389551714647
to:0.006091488000401462
job:0.019179494780603185
within:0.017880940421673024
then:0.008817018507048635
day:0.014051397987640176
basic:0.021103054196464088
global:0.028263605435407138
engineer:0.024633178672552176
that:0.0038332002810439426
sources:0.021265961189030187
r:0.034256572008056686
like:0.012868939928272632
satellites:0.03140451557547713
location:0.02536368494184753
could:0.0250128589280562
me:0.005986677792290302
re:0.002065969628608677
this:0.014502277303077873
map:0.027404963977539568
something:0.01099812882410786
on:0.008403461191811434
carpenter:0.033350485705805046
you:0.012282850594667886
used:0.01090863816760699
state:0.01468349937536252
working:0.017505740390644238
3:0.012936275937224417
more:0.0070244145072968275
a:0.007715492407991132
utah:0.032044470357383885
want:0.010456342363050727
as:0.004420520222193472
accuracy:0.026735657992130242
course:0.0135146508281769
button:0.02627350313419143
anywhere:0.023349885662179343
setup:0.024385385489318186
are:0.003551996583432185
reasonable:0.02065363077406656
digital:0.02281418561884897
d:0.010065437692690804
place:0.015024461974123897
it:0.005682686680773015
systems:0.01657689016730724
kind:0.015223904403110828
university:0.012985304428721842
expect:0.019095144105847447
robert:0.017654210104738693
differential:0.031069572913507877
walk:0.02536368494184753
be:0.006391837095441672
g:0.019530397574649184
writes:0.003653383375787637
get:0.007261734670116698
of:0.005371286894081178
electrical:0.02617212667746106
gives:0.02009129544638732
available:0.014923004573559282
what:0.015255946458507698
but:0.003675597912985692
seems:0.013019265687188275
they:0.005154252069103556
good:0.00895033067049447
called:0.014819085612468141
chance:0.019862196287362452
in:0.0009816558115717706
point:0.012163182106409175
system:0.0370478839100971
or:0.0037254776668678743
use:0.00918662722512347
better:0.012354783819344769
and:0.0031640669709181476
few:0.01262777624810103
for:0.0017975075299009613
example:0.015532370959988422
any:0.005653520808225454
exist:0.02009129544638732
alternative:0.02405614738322843
bcstec.ca.boeing.com:0.06856921815242704
than:0.015807748974800674
cost:0.01834810831133083
the:0.002915066889460426
do:0.003968607286776224
collect:0.029164376856647495
thing:0.01250791400621523
around:0.013078422282616771
would:0.0051527604757147846
can:0.014329823079078121
convenient:0.03024117430969067
an:0.004960763196473684
places:0.021076363990554334
many:0.020477359420752413
about:0.005442078344319732
press:0.019819615252860034
is:0.004453137462276197
either:0.013831838160847282
carry:0.021505291988581803
lot:0.04108099538561421
2:0.010764693657985684
meters:0.03234318428705391
resolution:0.02468409941898822
article:0.004476977239318237
microwave:0.032768383409352966
already:0.03210813614693206
earth:0.01945047051156767
three:0.016124243129682168
data:0.016211854271855317
mw:0.03414109810160987
s:0.013711299024442394
