some:0.00463308283783077
out:0.004675305948731983
say:0.0075299403740775525
resistance:0.01939394184491973
there:0.0036419801014966166
circuit:0.01836573271790495
scope:0.022144525894760785
50:0.013695171782255678
saw:0.013481668980696249
where:0.007331177770768895
with:0.009282974234754719
way:0.006874495315660886
much:0.006933320910952108
ignoring:0.021203534651550667
active:0.01772945236046376
into:0.007106364694374549
buffer:0.02103097468353583
availability:0.02124787314598767
often:0.012330636461423437
to:0.0016407132858224176
sound:0.013695171782255678
100:0.013406794042980442
puts:0.01959454612731192
offset:0.024521979192029312
make:0.0069844463624988236
that:0.006883028282430095
equivalent:0.018726731837768944
like:0.009243167170703755
nt:0.0028336450465176128
could:0.017965585182453062
re:0.0014838908840403592
joel:0.04334185530037421
so:0.004054803957876667
this:0.00833305457732411
ti:0.015034369270839931
internal:0.015724473873493384
something:0.00789944967128382
on:0.002011939782695595
you:0.006616654635818117
amp:0.021572941092288807
input:0.016933140076883794
why:0.007062391191087327
more:0.005045313594526689
sure:0.0086589048419016
a:0.005541683039072996
factor:0.01795627146300324
load:0.01784124155477605
series:0.02847103460926719
low:0.013475375158650079
want:0.01502061879136652
was:0.0035137346591324822
as:0.006350112382674749
idea:0.01100149323516173
kolstad:0.07885981640062895
question:0.008662643187885335
ratio:0.02115968609525469
exact:0.016948199882314555
output:0.032439350705826354
cheap:0.014746949279392253
hmm:0.019683724126724846
those:0.00736474465987127
meg:0.018475057923334436
d:0.014459081129976471
care:0.012563559290769431
it:0.0013605374196030632
not:0.0023925000340316066
hundred:0.0182593388391325
have:0.006086316823186343
made:0.009228490285388894
probably:0.009473109980274636
ve:0.00724259404375966
whether:0.011339121368578668
second:0.010911491177191533
has:0.008450591062591674
be:0.004590962358233899
which:0.005126556875069515
writes:0.0026240571072125487
of:0.005401127376826073
keeping:0.016587856834861456
generator:0.11373465353864527
but:0.005280025573415954
parts:0.01447894845800143
megs:0.021670927650187105
well:0.006678047262513273
they:0.0037020620020148556
now:0.006555215864596207
david:0.009906528727557515
depending:0.017860183137127866
box:0.03772070250841199
one:0.011706082235424076
in:0.0028203127284839756
accurate:0.017747866565053054
murdoch.acc.virginia.edu:0.02308630441184874
or:0.005351678235738772
p.s:0.017995367877459634
and:0.003030138210244364
few:0.00906995040042177
still:0.008102020167577568
for:0.0038732007489532616
subject:0.00010594030512705672
values:0.016948199882314555
combination:0.019683724126724846
i:0.005302741867927637
cae.wisc.edu:0.02378155873337688
voltage:0.10258475333450646
any:0.004060663755114315
source:0.012378047467062794
than:0.005676989215156592
the:0.0047857333967558915
original:0.012246698465370949
less:0.01090819665315983
solve:0.019713901108412226
got:0.008778388181073706
would:0.0074019813182886985
can:0.003430817430308386
may:0.007385021934285043
an:0.007126175702870926
thought:0.010653120655522668
lower:0.031515735024171564
myself:0.013225563738086837
10:0.03440918759400196
problem:0.008395100365260255
just:0.009320544154491158
about:0.003908794366356633
is:0.0031984836534602844
number:0.009929622414276817
save:0.014375040604846404
ad:0.01718123673157163
new:0.013682536229234498
bucks:0.021338064618517654
right:0.007697911086469442
does:0.004835273072767957
run:0.010622358842807121
build:0.014808067710390295
too:0.007748086777240065
article:0.0032156066679230196
little:0.037227598442832764
function:0.06528572411980092
already:0.011530898100386315
dumb:0.020407222367970698
give:0.009377921711730184
probes:0.025184892226406953
by:0.007860599006485445
high:0.033301474114780016
built:0.01465276838918553
buying:0.015917531449355222
s:0.0024620487335556282
