taken:0.02033877345530037
statistics:0.029167324630273318
dallas:0.03410871783323902
at:0.010876111264869518
folks:0.022859357100585048
vehicles:0.030857489605323713
there:0.005665302380105848
inner:0.03436070545373443
know:0.015233026242695083
traffic:0.08101926409973892
all:0.005889307596582044
allows:0.025510329537939278
way:0.010693659379916934
much:0.010785165861481058
vehicle:0.05432941595060788
gain:0.02830620389193365
signals:0.03136374362792146
often:0.019180990051103124
name:0.01705081793722377
my:0.005865520131668526
to:0.0025522206668348716
antenna:0.034897812719102514
city:0.022714725916582666
look:0.01463684150787599
lights:0.06060032678259681
been:0.01811407885458567
that:0.004282773153512059
quite:0.016396292482156797
memory:0.020874273001032808
control:0.018824902900870515
like:0.007189130021658476
through:0.01462631662978288
nt:0.004407892294582954
re:0.0023082747085072255
this:0.0064812646712520865
describe:0.02884331115730173
off:0.013478132394792286
30:0.021130280706011667
these:0.010226147982092237
on:0.0062593682128307395
you:0.0034308579593130975
inc:0.022598861085212352
a:0.004310197919278997
other:0.008514246838468584
was:0.00546580946976164
operation:0.026578803305570966
odd:0.02999687519020183
local:0.018866564517999704
approaching:0.03686357649143914
let:0.01422924532563472
wondered:0.03471353516879584
emergency:0.06838315196687485
are:0.007937177550632413
pa:0.031973217953141765
police:0.02268878957797958
it:0.00423278308320953
texas:0.02449487451647532
have:0.006311735964785838
made:0.014355429332827168
only:0.008231705174501768
ve:0.011266257401403915
area:0.01980535212752683
has:0.019718045812713907
univ:0.028670391180587698
which:0.015949288055771824
noticed:0.025038290254039045
common:0.02077856814587253
writes:0.00408186661121952
tall:0.034897812719102514
if:0.004136730986193884
of:0.004801002112734288
controlling:0.03661158887094374
what:0.011363482753044829
but:0.004106686557101297
years:0.02752809164173325
least:0.029724226946993608
they:0.011517526228490662
called:0.01655712651763416
bob:0.022740771691537653
in:0.005483941416496619
system:0.027595337398055864
and:0.004713548327046788
for:0.004016652628544123
subject:0.0001647960301976438
foot:0.029748270874535535
i:0.003535161245285091
top:0.020874273001032808
any:0.006316588063511156
than:0.00883087211246581
the:0.001395838907387135
do:0.0044340612278178804
see:0.010922134329698617
invented:0.03444704028073899
less:0.01696830590491529
radio:0.022144138029430036
an:0.011085162204465884
here:0.044454343348725826
company:0.02077856814587253
trade:0.026043721582306754
is:0.004975419016493776
right:0.011974528356730244
light:0.021556880776582056
six:0.02615616256929034
sensor:0.036369485703330894
instruments:0.03252092237047932
article:0.005002054816769142
going:0.013443306691664707
by:0.012227598454532914
mike:0.03944953122170004
says:0.015808807064367703
include:0.020750143662003714
