some:0.0075324959686022845
entries:0.03753386265668312
read:0.014625826205793044
ideas:0.02320641056154497
know:0.007960484681666463
tel:0.02622869728579598
all:0.012310552653500532
programming:0.02830825346556988
4:0.01602754518824954
someone:0.014215858804277547
from:0.010923512960389362
yours:0.027266640676480398
my:0.012260829178455501
to:0.003556642993782789
software:0.018166360570846817
ms-dos:0.0668343394633415
that:0.006714283072925358
like:0.007513800409733375
nt:0.009213916796418562
so:0.00659232643474142
anyone:0.010792998384783169
file:0.019603134725538124
reply:0.023169009802291255
best:0.015710813419106028
restrictions:0.03347832291847425
on:0.003271024678963161
onto:0.02809137210557643
a:0.0027029112113156036
wondering:0.023218925818434172
price:0.020194478721573955
below:0.02394757363250253
was:0.005712652478073455
commercial:0.02687965548550162
corrections:0.0370887473567673
red:0.02330721906414549
following:0.017660092084127492
drive:0.01821808870197412
stating:0.035152588695797383
also:0.009570949236642364
stuff:0.018860751952733044
mind:0.019546166471033143
ee:0.0383953555123252
prices:0.028144912768897044
are:0.004147815365169197
those:0.011973649382500388
care:0.020425915750154174
it:0.002211970514451432
should:0.031796364043228637
ftp:0.024473335143800488
have:0.006596782105131004
received:0.024963166391301753
only:0.008603459601737333
pitt.edu:0.03185693951021035
ronald:0.03765011107928105
buy:0.019398975001573972
after:0.01244653992041904
site:0.025197188370571656
has:0.013739025469503884
list:0.018784700625300514
be:0.007464016221128662
considered:0.0222118900465304
get:0.008479832098652402
of:0.003763366172240103
what:0.011876672296730725
but:0.008584299641940777
ut:0.07705676634339538
they:0.006018836287146733
now:0.010657512244375769
in:0.002292641314767619
baker:0.03852838317169769
or:0.004350396501310228
and:0.0024632091257470313
for:0.006297074766040142
600:0.0317151401120247
subject:0.00017223843156140837
i:0.013547650191608673
tape:0.02677011783044086
the:0.004376630380581598
do:0.009268618308470925
see:0.011415392009104361
would:0.0060170944909959745
can:0.011155690225002754
major:0.021138244985276076
operating:0.02965210535716482
linux:0.03440155416776892
refer:0.02891489185039747
last:0.01406556485199676
an:0.005792891216527334
company:0.021716955094395807
south:0.02788154506231475
is:0.00693348714556552
east:0.026268769544458177
new:0.011122577837958367
else:0.016300336937664882
mostly:0.026329348514457136
time:0.010190386902604605
keep:0.017092997316941427
unless:0.019858460811228974
dreams:0.03507342680810826
faq:0.050091549198680765
e-mail:0.017739972752595267
live:0.019978634025468765
respond:0.0260903725681323
mine:0.021066058353548297
include:0.02168724692415872
