bottom:0.03094147674378635
some:0.01610395689839109
go:0.013416774150304326
at:0.0060756207755478
out:0.008125359304003172
there:0.012659020490719274
know:0.008509483625229668
tried:0.02136457967611497
with:0.008066584507442033
work:0.013966016993036578
sell:0.048000997227318175
to:0.00570289307623792
then:0.01100607137776416
256k:0.08266141794222034
bunch:0.027973813938995347
make:0.012138486092066922
re:0.002578900019159797
had:0.010582127487463
ti:0.02612869693966664
simm:0.07716696773064377
you:0.007666192957361681
spirit:0.0316248622792638
them:0.030328120790322224
lung:0.04133070897111017
inside:0.02589003811775301
8:0.0203620088439577
m:0.009440101462869463
sure:0.015048579449373817
a:0.004815531468435845
other:0.009512468881599385
wondering:0.0248202310472917
want:0.01305239977732539
was:0.006106628511044039
hearing:0.031274708311171226
as:0.011036057382303703
old:0.036522939066790674
mac:0.02366401472283542
jason:0.031447563267469274
are:0.004433871597249831
no:0.007763763697810413
it:0.007093560615309765
have:0.014103465190280079
ve:0.012587128958809892
buy:0.02073683534651011
uses:0.047103381101192235
be:0.003989387980258423
aaron:0.034866266618889565
simms:0.10375420686659445
g:0.02437932386904484
writes:0.00912086056575948
get:0.009064648105456015
if:0.013865181098553295
of:0.006704847778128919
gotten:0.02972214423305871
what:0.00634787657239056
but:0.004588160153451105
who:0.008917606029198954
good:0.011172481733513788
clear:0.02274310856680423
box:0.04370398635457389
one:0.0067814545363836035
in:0.0036761317633342856
or:0.009300847692456348
use:0.022934890037894454
and:0.002633085617177861
for:0.0067313557843877376
subject:0.0001841169440828848
i:0.006582714042944653
20:0.021688498954521518
any:0.007057153560612464
the:0.0015594889861842475
do:0.00990783336422754
interest:0.025191620666675074
got:0.015256233252624648
would:0.012864133049715532
panels:0.042106419201639066
sp:0.032545768435295
an:0.006192400955598185
apple:0.026161151360614313
people:0.02076238813893955
about:0.006793215036702562
stewart:0.03820024351253009
five:0.027386086986521497
interested:0.019841904933896
guys:0.02679086696200863
mount:0.036192969326803055
plastic:0.035100070423549436
article:0.01117700524574622
very:0.012022362012299635
takes:0.024661378303308074
lots:0.02516341387183697
plenty:0.03214701277399275
