at:0.008470817427446454
out:0.01132862595269673
case:0.023765491416411114
706:0.05683918047881449
where:0.017764007675324635
to:0.003975574500262012
that:0.010006864195225293
me:0.02083824385393355
re:0.0035955817574824093
michael:0.05778260003218633
phone:0.028243722367399703
this:0.005047908061263645
pricing:0.05611314632008233
aisun3.ai.uga.edu:0.05421545945317372
programs:0.03397290504129343
something:0.019140974203495413
you:0.016032663156020824
amateur:0.045666828862637225
a:0.013427924286984569
intelligence:0.04346240791714062
want:0.0181980573818479
was:0.008514049366359477
said:0.021072161814071465
also:0.028528790993837816
whole:0.02876841802910856
dollar:0.16264637835952117
exclusively:0.05393263363388244
it:0.01318674729769123
buy:0.0289119338965766
university:0.02259942405383321
charge:0.03957935245128688
reminds:0.05379428038915071
u.s.a:0.04936125193469903
scientist:0.04740812996908635
which:0.012422041658822287
if:0.006443754036186628
of:0.011217726090331077
georgia:0.09242591923283469
parts:0.07016721175800694
associate:0.047622608406723846
particular:0.03260626392388276
they:0.008970381004882151
in:0.0017084586720624085
or:0.00648376401637582
and:0.003671128985488364
for:0.0031283544510776347
subject:0.000256701508577099
costs:0.11873805735386064
athens:0.051485231084508594
artificial:0.04953608192588356
research:0.029685879620545936
cost:0.03193276542645078
the:0.002174287528814576
radio:0.03449375346891987
once:0.025798376874277947
mcovingt:0.10651990979455506
itself:0.03233707539033058
time:0.015187595864458786
2:0.018734707231686624
1:0.018831960499276046
chemical:0.04776829883961425
nothing:0.024565923091354892
almost:0.058115248658934006
barrel:0.05783133659646095
comes:0.02907861862736069
covington:0.1055075303044508
