large:0.031187855415495576
out:0.012272678115421456
there:0.009560197766428618
microphone:0.26319749491270295
pass:0.04228411687699266
powered:0.05769828447205065
c:0.02693851766071833
from:0.008818460983647662
gain:0.04776671906763803
212:0.1212030981622059
to:0.004306872375283846
appreciate:0.03999180557723431
that:0.0072271796965516
like:0.012131656911548678
its:0.02153983912535594
greatly:0.040655511977089595
anyone:0.01742619530876449
internal:0.04127674391792013
on:0.005281341929575936
etc:0.02419087486935662
input:0.044449492701819956
m:0.04277545975362725
a:0.011637534382053292
volts:0.063598237335809
giants:0.055775667008217636
l:0.06885334539069506
d:0.03795508796618824
it:0.003571410726458041
have:0.00532552722028805
minimal:0.0538569955006159
towards:0.043435178493224376
has:0.011091400769651573
of:0.0020254227663097776
looking:0.02701963901465254
characteristics:0.05857909059734298
parts:0.03800723970225375
balanced:0.06005794748557618
they:0.009717912755288997
good:0.05062530785498435
st:0.039966117113742705
clean:0.045227522833086516
ali:0.13040794716801923
use:0.01732062008070154
and:0.003977056400945728
for:0.006778101310668208
subject:0.0002780933009585239
i:0.007954112801891455
power:0.028144325835109812
any:0.010659242357175075
alan:0.045840444708325406
leaning:0.06287956159115327
suggestions:0.04121871219865497
the:0.001570318770810527
can:0.009005895754559514
because:0.01838252394681785
amplifier:0.06137350712437088
e:0.032405101000560696
maintain:0.047605217124555066
n:0.03813557808129585
moon:0.047875795107922364
dc:0.04663671236978313
does:0.012692591816015886
build:0.038871177739774526
experience:0.034502320570782785
advice:0.040519344460763
very:0.018158775956077573
u:0.03939211962076058
7th:0.05742049023161148
s:0.006462877925583524
