some:0.014414035495473506
at:0.007250740843246346
there:0.011330604760211697
richmond:0.025537095649360693
chris:0.01578908330419465
where:0.0076027028733899665
i.e:0.01421620986409631
with:0.002406697023825298
way:0.007129106253277956
such:0.007913651043077362
carson.u.washington.edu:0.022630843541840945
conductor:0.08893880336920708
wire:0.16784093083647023
several:0.01159856531714978
my:0.00782069350889137
ground:0.17549996007148458
to:0.003970121037298689
building:0.015639784233903917
russ:0.02314235677919723
potential:0.017638980826425905
that:0.002855182102341373
considering:0.01648300393150244
its:0.017019132148429386
need:0.007906181034968051
circuits:0.04665607516564112
re:0.0015388498056714839
fixed:0.018661862984032215
this:0.002160421557084029
bus:0.01665449650928256
carries:0.02222407055979719
two:0.007674030587050665
these:0.013634863976122985
wiring:0.07204650885541435
on:0.00417291214188716
m:0.005632982354387128
a:0.0051722375031347965
other:0.0056761645589790575
same:0.02397646111763719
contrary:0.019023640236389746
occurred:0.020980116354558778
was:0.007287745959682187
as:0.006585301730181222
old:0.021793523311459458
feeding:0.025125229564764054
question:0.008983481824473682
also:0.006104926467817146
grounding:0.08985371660567279
are:0.002645725850210805
no:0.009265397005617366
place:0.011191060153565538
outlets:0.05198962862473146
it:0.0014109276944031769
not:0.00992444458561259
should:0.02704217518079802
have:0.002103911988261946
plug:0.01951948137735323
kind:0.011339616036885021
neutral:0.06529905569037645
connection:0.05315760661114193
has:0.004381787958380868
naturally:0.02112580329715514
without:0.01849555954569955
be:0.011902495002828629
noticed:0.016692193502692697
writes:0.00816373322243904
end:0.02225706504177374
of:0.003200668075156192
electrical:0.03898892945366628
safe:0.03417893784524257
but:0.002737791038067532
year:0.010184200478229022
well:0.006925382346310061
david:0.010273437198948536
box:0.0391177655642791
boxes:0.02028989924602873
code:0.013335442429348546
in:0.006580729699795943
and:0.004713548327046788
green:0.01731815143766166
for:0.001338884209514708
subject:0.00010986402013176255
i:0.002356774163523394
house:0.01414762117074153
any:0.004211058709007438
will:0.00466380800371722
the:0.007444474172731387
breaker:0.0759780364000876
home:0.012054991982968513
because:0.007262231682693474
outlet:0.07694052456638034
last:0.008971862354154312
just:0.004832874746773194
about:0.004053564528073546
current:0.026026713775562288
is:0.007739540692323652
white:0.027975054698111873
touch:0.058940693830874094
type:0.013335442429348546
tied:0.0210888951902302
unless:0.012666919447491735
advice:0.016007642256103904
article:0.010004109633538283
little:0.009651599596289976
occurs:0.0196468979436247
fault:0.01821810699718771
built:0.01519546351471092
while:0.008931450641475401
john:0.011034890533258625
s:0.0025532357236873185
