reference:0.039280348031772154
there:0.009660831427127868
circuit:0.048717522578021547
help:0.045054583579827306
with:0.012312155300832576
response:0.03696419529081412
such:0.020242286352292617
mentioned:0.03700172230307198
from:0.00891128688873869
next:0.028193473934201844
nt:0.015033232667840811
and/or:0.04253665291730495
could:0.015885359529747973
me:0.011406196635837312
need:0.04044635771573129
anyone:0.01760962894359359
he:0.016738244289686687
recently:0.034834858574607254
m:0.014408575917011284
a:0.005880017371984821
other:0.014519031450862219
uunet:0.07951562762983758
timothy:0.05357379169910177
as:0.008422254318073879
also:0.01561575928083754
are:0.006767488227381321
no:0.01184995511771063
internet:0.030068778348574802
manual:0.041364183125081715
d:0.019177307603968793
not:0.006346421142904893
examples:0.09237430078238593
ftp:0.039930178392516585
have:0.010763170803108481
received:0.040729376743702854
probably:0.025128670684517983
between:0.024451219432067427
his:0.019415042542160595
which:0.0407965999742374
found:0.028152847423757867
looking:0.027304056267438356
but:0.014005962573692847
tim:0.042925361049854616
in:0.0037406253030419045
or:0.007098015344243003
and:0.006028380228801945
for:0.006849449745517347
subject:0.0002810205988633505
al:0.08021082485731014
i:0.010047300381336574
translation:0.04992877868101931
any:0.02154288981660647
yet:0.027684934133538563
the:0.003967121105205542
users:0.04156523756059139
do:0.007561241251647333
come:0.025275722889151666
about:0.010368591371809174
busy:0.053756862675016184
is:0.0028281329146385673
does:0.01282619804565816
himself:0.03939769947895757
experience:0.0348655028925805
little:0.024687775809457517
release:0.04182951041460272
s:0.019592724658611105
