xt:0.16772828143635057
mode:0.12555361463863052
true:0.042348865445210604
switch:0.06970677741000289
with:0.009587334045730285
mono:0.19791599713936767
bruce:0.07551899081460793
memory:0.05543659387159534
its:0.03389876321367492
re:0.006130172176691321
anyone:0.027424831961334283
had:0.025154237470198938
on:0.016623240171779997
8:0.048401496432358464
board:0.05887207408778925
a:0.002289351025977697
wondering:0.058998909866513065
was:0.014515756296744026
definitions:0.0879633375088988
drive:0.04629186473452441
display:0.060428219949761934
no:0.018454848134139508
dip:0.09824512788214713
drives:0.2653798460167647
color:0.12113547890502906
settings:0.08247403355981336
switches:0.0879633375088988
netcom.com:0.05277106843805147
writes:0.010840367065861679
if:0.010986072455137857
of:0.012750202332179585
5.25:0.0931838904780551
in:0.002912781998270336
installed:0.0656618025468048
system:0.03664298900397582
and:0.003129487004022868
subject:0.0004376550310166934
i:0.006258974008045736
the:0.0024713213442264033
ibm:0.06459782080524044
got:0.0362648167480422
an:0.014719641615766176
documents:0.07955193140561143
just:0.01925227153222764
chips:0.06807772046224544
2:0.031941140198285395
position:0.05644004847888872
article:0.013284145578960673
