all:0.023851695766157283
to:0.0034454979002270774
technical:0.09591868107298251
cleveland.freenet.edu:0.10706046928763764
like:0.029115976587716832
its:0.051695613900854254
me:0.027089717010113618
so:0.025545264934623002
discuss:0.11181155935983425
starting:0.09803804957193044
am:0.040858408917534145
a:0.006982520629231975
other:0.03448269969579777
as:0.020002854005425463
secret:0.09991654068658273
popular:0.10574930740332407
are:0.016072784540030638
those:0.046397891357189004
internet:0.07141334857786516
not:0.015072750214399123
being:0.04864509824812871
soon:0.08992484092598677
please:0.04788538392263137
who:0.03232632185584621
email:0.06859746647419852
and:0.004772467681134873
for:0.00813372157280185
subject:0.0006674239223004575
i:0.004772467681134873
world.std.com:0.11490190825901368
impossible:0.1029063163733459
the:0.0018843825249726326
would:0.023316241152609402
just:0.02935971408664715
newsgroup:0.09610409601435875
interested:0.071926905385373
is:0.0067168156722665975
new:0.04309998912208868
ham:0.14589418043221405
