frequency:0.026449276804563184
at:0.013983571626260809
circuit:0.024487643623873265
know:0.006528439818297893
help:0.011323241904983052
fields:0.02597156862111292
shield:0.03182253442344941
your:0.006666308053869113
with:0.009282974234754719
much:0.009244427881269477
such:0.01017469419824232
conductor:0.038116630015374464
signals:0.05376641764786536
except:0.017060113328062503
my:0.005027588684287308
ground:0.14359087642212373
to:0.005104441333669743
connected:0.02404647108980421
encounter:0.030329240943638737
make:0.009312595149998432
that:0.007341896834592102
problems:0.014513615004718376
bit:0.014418434910347616
like:0.012324222894271673
nt:0.007556386790713634
could:0.007984704525534694
me:0.005733273441293887
need:0.030495269706305336
re:0.001978521178720479
this:0.011110739436432147
getting:0.028700545737827366
on:0.005365172753854919
you:0.017644412362181644
cage:0.028097888409353317
working:0.016764756670405327
answers:0.04434509229896701
board:0.01900103978494785
a:0.005911128575011196
other:0.007297925861544501
low:0.017967166878200106
want:0.010013745860911014
deals:0.02851192119718267
also:0.015698382345815515
plane:0.16413560533521035
are:0.006803295043399211
likely:0.01749422648110967
digital:0.021848505804294514
reason:0.014138687428616549
it:0.005442149678412253
not:0.003190000045375475
have:0.0027050296991939305
systems:0.01587522285863815
only:0.014111494584860175
tom:0.02008321811362304
magnetic:0.03217936659697074
real:0.013532242613747341
be:0.009181924716467798
writes:0.0034987428096167317
analog:0.085535763591548
depends:0.02278183140477511
things:0.01182394670973677
if:0.00709153883347523
end:0.01430811324114026
of:0.0010287861670144902
what:0.004870064037019213
but:0.0035200170489439694
continuous:0.06341748995567169
well:0.008904063016684364
up:0.01421651185558079
good:0.01714296139004761
over:0.010613443135023057
one:0.015608109647232101
in:0.0028203127284839756
point:0.0116483384193654
system:0.04730629268238148
for:0.0051642676652710155
subject:0.00014125374016940898
cause:0.016685191181704057
however:0.012683062985168851
i:0.003030138210244364
signal:0.0238389540889932
noise:0.02423497467521771
necessary:0.01907288771154246
will:0.005996324576207854
the:0.00279167781477427
do:0.015202495638232732
around:0.012524838270654157
would:0.004934654212192466
can:0.004574423240411182
planes:0.02909679883950978
an:0.009501567603827902
problem:0.01119346715368034
note:0.015670312692478823
is:0.004264644871280379
having:0.013845986203282335
tomb:0.035971311983056135
keep:0.014018066582676831
does:0.006447030763690609
unless:0.016286039289632227
coin:0.034449184615586395
rom:0.026661795543850668
very:0.009223505247531466
side:0.01703896337868356
understand:0.015852683930876472
high:0.01480065516212445
reduce:0.024126437427423514
