some:0.005189052778370463
since:0.008892540548460805
pc:0.014812631386657258
out:0.0052363426625798215
duties:0.026828612945558727
know:0.00548388944737023
help:0.009511523200185765
all:0.004240301469539072
small:0.013283315112293383
tried:0.013768284680162982
case:0.010984938254696692
where:0.008210919103261164
transportation:0.026828612945558727
with:0.005198465571462643
much:0.015530638840532723
setting:0.019119274921611584
3.50:0.030215902065767155
meaning:0.0175375401550413
ca:0.009140215982632538
such:0.00854674312652355
several:0.012526450542521762
to:0.001837598880121108
line:0.012550238883582171
look:0.010538525885670714
displays:0.06797557698877045
apart:0.02047403750973815
keyboard:0.020199035715435538
that:0.007708991676321707
vice:0.023950013805633445
like:0.010352347231188205
nt:0.0031736824520997267
and/or:0.017959920120639867
could:0.006707151801449144
finding:0.019816023732141974
me:0.00963189938137373
need:0.008538675517765494
consumer:0.024327344666906718
so:0.009082760865643734
anyone:0.0148703533301457
quantities:0.026101371062084048
had:0.006819593269698379
this:0.006999765844952254
something:0.00884738363183788
mainstream:0.025404293411004183
am:0.021791151422684875
market:0.017381578733657876
working:0.014082395603140476
includes:0.016745574984143773
board:0.015960873419356196
a:0.0037240110022570536
low:0.015092420177688089
as:0.007112125868595719
part:0.010885431610725676
ice:0.020792508571544528
fine:0.014396251457424711
manufacturers:0.022432488252996853
whole:0.0132974021112324
chip:0.014366241590236773
cheap:0.049549749578757976
2.50:0.06043180413153431
electronic:0.01917187251115382
display:0.016382761853046567
are:0.011429535672910676
requires:0.017840687932937003
it:0.0030476038199108617
not:0.005359200076230799
have:0.006816674841968705
probably:0.021219766355815184
only:0.005926827725641274
assembly:0.022896677867963955
labor:0.0246784042727673
has:0.004732330995051338
netcom.com:0.028613645997521236
device:0.017840687932937003
without:0.009987602154677755
be:0.0025709389206109838
analog:0.023950013805633445
things:0.009932115236178887
if:0.002978446310059597
of:0.003456721521168687
even:0.007462930878960114
lcd:0.19069643711429812
looking:0.011528379312918417
but:0.0029568143211129343
must:0.0102998241221311
they:0.008292618884513277
find:0.028219289835645204
in:0.00473812538385308
5:0.011550546164078591
or:0.005993879624027425
better:0.009938737205784014
p.s:0.020154812022754792
and:0.00424219349434211
gets:0.014832517077301353
for:0.008675969677655307
subject:0.00011865314174230354
i:0.007635948289815797
offering:0.02473970792668879
cell:0.0246784042727673
import:0.02473970792668879
solar:0.021880531007524035
any:0.004547943405728032
exist:0.016162331003538245
cost:0.014760033797115026
the:0.004355017391047862
do:0.003192524084028874
see:0.007863936717383006
when:0.005811886412638826
devices:0.01886523752676737
around:0.010520864147349492
would:0.004145109538241671
can:0.0038425155219453926
because:0.00784321021730895
put:0.011055374664652352
an:0.003990658393607719
jonathan:0.021246690531084737
about:0.004377849690319429
e:0.013826176426905897
priced:0.025624724260512505
15:0.014852492142136195
is:0.0011941005639585062
netters:0.02194589166258935
number:0.011121177103990037
having:0.011630628410757161
touch:0.021218649779114675
else:0.011229121001502475
time:0.0070200443106831715
electronics:0.020046140485580725
devil:0.02346112093801421
sale:0.014110542907127242
their:0.006727482749252062
build:0.01658503583563713
1:0.008704550630776483
ordered:0.020817978236917795
handle:0.018054919496572015
luck:0.01832350500406054
quantity:0.025777996154162146
sales:0.021507351540335885
processor:0.0217212148663101
range:0.03555160875990821
s:0.0027574945815823037
