combat:0.06495906340435942
go:0.021378376393342058
week:0.07577667701990294
mark:0.06601371350092726
there:0.010085483357990631
all:0.01048426187523397
ah:0.05172859302715133
ext:0.06001179964667199
my:0.010441914959673641
to:0.0030290091430567713
building:0.04176337987734782
design:0.041353485795883986
w:0.03400374565966323
centre:0.055019983467797316
next:0.029432747513727202
hall:0.05033417817160602
been:0.016123520738697137
that:0.007624277482076414
toronto:0.04414395928725915
this:0.005769037784301308
on:0.00557152555208011
you:0.018323043606880942
a:0.0015346199185125222
science:0.03716079369414633
those:0.02039467751964352
have:0.0056181386060181636
desk:0.1176805281931625
has:0.011700818394357704
be:0.006356717111400784
down:0.025982039307177563
of:0.004273419462983268
fire:0.03952740260482935
slight:0.05909002509743352
please:0.042097040811104505
find:0.023257656457949343
up:0.014763300773103128
now:0.018152905471189498
one:0.010805614371160687
in:0.005857572589928257
competing:0.06229355090797138
rather:0.0282800401418996
registration:0.05434352310516617
and:0.002097787991707637
for:0.0035752622298030113
subject:0.00029337315265954173
games:0.07318396245293904
will:0.024907809778094165
than:0.01572089321120287
the:0.004969800065861888
waiting:0.04807736550973519
see:0.019443799575946993
when:0.014370048822458638
can:0.009500725191623224
forward:0.047534587978640935
come:0.026386743675488007
note:0.03254603405360987
here:0.019784625336520836
arrive:0.06517667469332843
lab:0.047359460591137506
is:0.002952446449347955
hardware:0.03900748487554453
hear:0.036414083123723164
beam:0.06163729558157993
change:0.0326594407462691
u:0.041556521797725454
opinions:0.031380331379341125
by:0.010883906316672156
mine:0.17940873872527396
main:0.04086172540249262
