out:0.016139412316170682
folks:0.05072898425061339
50:0.04727648341271823
own:0.031047816925315
with:0.008011333928623935
lan:0.08574769128856059
o:0.04795861621643673
to:0.0037758881098378925
owners:0.05914585566286642
think:0.019722575719569247
re:0.005122472640796856
so:0.01399740544362904
parallel:0.06303223818440261
big:0.03802439114887064
you:0.015227369572841693
support:0.03751994944566446
ray:0.23768596529252983
same:0.02660401850039195
also:0.020321878516158444
250:0.0626041211500998
ole.cdac.com:0.1804110647808096
jack:0.05855829998301281
works:0.04075515059658548
it:0.009393299444930739
have:0.007003433056817162
boards:0.06408649902188382
25:0.10075842598053733
network:0.10064355260355004
presently:0.08071036553341925
writes:0.009058388918048799
get:0.03601024589838691
if:0.009180142736485057
style:0.0628880407462247
75:0.06393083109516717
up:0.018403566717155952
now:0.04525792870899299
in:0.0024339685191026093
or:0.009237143256206648
offers:0.06191904689565239
and:0.002615050784183492
for:0.017827334954086244
subject:0.000365711738246826
combination:0.06794929424568029
i:0.002615050784183492
limited:0.053179384423256974
any:0.014017633784778182
the:0.0010325383698480178
can:0.01184336975942073
an:0.012299974500845709
is:0.0036804469437077244
ethernet:0.07148119985255838
serial:0.05670298531321687
update:0.05947729030104528
eskimo.com:0.0861335937127619
although:0.04328410214732545
little:0.03212792742326663
already:0.03980529207256645
ports:0.1348799856628194
