there:0.00722660618564683
help:0.033702247559713336
produces:0.041483381291477564
thanks:0.015695957833985537
fax:0.02408380582585346
with:0.0046049399747208454
into:0.014100818133719578
work:0.015945452472364598
my:0.0074820020577189075
ground:0.06105438839995812
to:0.004340784756191593
obviously:0.028991284100991783
player:0.030608370339025213
connected:0.03578569319663776
that:0.002731532483736038
like:0.009170386326839947
nt:0.011245331523188008
so:0.008045752735314332
anyone:0.013172557083790481
voice:0.028555073239654866
this:0.004133719987176527
path:0.03492857189811743
on:0.003992195474325117
specs:0.038156599439030846
amp:0.04280615082879354
bill:0.04874825001089318
more:0.010011173431659259
a:0.0021992190958210946
old:0.02084970930978208
listen:0.03362949897908085
drive:0.11117337593724365
fine:0.0255051699048863
output:0.06436784549502553
others:0.02123093089030233
cd:0.14057332437734088
are:0.005062294343316736
play:0.05042390917764475
works:0.023426188925596378
it:0.0053992981061412905
have:0.01207678613734613
plug:0.0373482990133609
university:0.018506614973217744
connection:0.033903670358287376
sun:0.05714161108817073
which:0.020344761142008155
common:0.053009890387895275
of:0.004593084698403275
style:0.036148243893499236
clinical:0.04488161949708268
what:0.007247575614146702
using:0.017357642351534808
loud:0.042616406328171014
one:0.0077426055730363975
in:0.002798105541645519
or:0.0053095390370321675
for:0.002561802070173811
subject:0.00021021225899227005
however:0.018874794521235534
i:0.003006278854258188
we:0.010612156737905274
cd-rom:0.08112996094947858
will:0.008923664133096728
than:0.011264577025350088
the:0.004154544149545961
calgary:0.08542141409014858
when:0.01029664915624989
watt:0.04753100718701349
canada:0.029296122779579895
cassette:0.046545470628320526
would:0.007343698000821858
can:0.006807606239667034
radio:0.02824685323439107
sony:0.08001459004288625
junk:0.041402621447641424
an:0.014140128166326562
amplifier:0.09278514462897015
10:0.022758832739339877
audio:0.07811493669188443
hospital:0.039117347081258906
does:0.028783200338681696
e-mail:0.021651147847655643
tone:0.042902765731091294
alberta:0.04770795880789584
s:0.014655975138331142
