looks:0.016146723935725898
at:0.004155495341766184
dan:0.01874435608201537
say:0.02685205152265392
there:0.004329146158382771
insight:0.02696210385601859
all:0.004500319955878732
thanks:0.00940276719300077
fax:0.014427562923978251
with:0.005517239403674975
way:0.00817156990352143
ca:0.009700700924963779
into:0.00844718822161503
vehicle:0.020757937226411505
work:0.028656685811183545
to:0.003250469717195356
remember:0.01312558507793034
0:0.017288473058822793
trust:0.019572491809992137
day:0.011996712432843736
legal:0.01782695846147842
enough:0.03441719613590655
that:0.011454398009628951
memory:0.015951095406449598
duke:0.029936758684219585
nuclear:0.023020074397458137
like:0.010987160976496916
nt:0.003368295055294521
months:0.016017898773489716
could:0.0071184394119153645
anything:0.01094925070905379
re:0.001763870296123446
anyone:0.007891107309629204
voice:0.017106105195453622
this:0.004952664512937915
these:0.007814320627825201
on:0.004783102124898961
set:0.012497238604367552
you:0.010486773385070224
tell:0.011368042705766286
medical:0.018976497510229583
used:0.01862701422959307
came:0.014239277039990315
independent:0.01958840069904232
m:0.00645667317035883
more:0.0059972595557581405
prove:0.01852310537695093
a:0.003293641806241498
how:0.012409084879520041
same:0.0091608176911727
wondering:0.016976101423855174
want:0.008927348904302744
price:0.01476483114077341
was:0.00835340692548477
buyer:0.026526380647853426
shed:0.027116772831598735
question:0.02059420833346325
kim:0.05251353097646205
starts:0.021096520633930988
nc:0.024707218002513874
electronic:0.04069501240575103
are:0.003032600856609554
fraud:0.02879920181244181
it:0.004851727779339226
kind:0.012997767438504998
university:0.011086509913201197
after:0.009100064564457317
doing:0.012644825024364694
selling:0.01966876007240349
has:0.010045042206476895
mileage:0.0505138116300839
div:0.025473816726559982
without:0.010600049456615543
be:0.0054571816711082195
writes:0.0031191622217809543
battery:0.022232083432065848
down:0.011152667815816782
if:0.009483260657029377
of:0.006420208013963069
even:0.007920563432858612
breaking:0.023847210659146165
what:0.004341708033002978
reading:0.01550151908661788
years:0.01051780859896412
fairly:0.01851040824645229
easy:0.01563057341631513
miles:0.056804077144964514
good:0.007641555902639147
over:0.009461984681695084
one:0.004638258998941615
in:0.002514335404167318
bmw:0.020903086559745248
or:0.003180714423127761
total:0.01726894101794529
and:0.000900465600214127
for:0.006138657790793848
subject:0.00012592904194348253
however:0.011307070302815627
car:0.028855125847956502
outside:0.017003659327743042
i:0.002701396800642381
medicine:0.020903086559745248
power:0.012744600378162933
any:0.01448048018333218
the:0.003555438726363458
originally:0.0214612998952667
arbitrary:0.025418646727677
would:0.0043992907835112074
can:0.012234424421288397
last:0.010283785622922158
an:0.0042353685781213995
10:0.013633829046680021
just:0.005539568695593801
actual:0.019162060786456145
many:0.008741514281028743
about:0.004646302737367319
odometer:0.1544165928423751
is:0.003801971135245244
scary:0.027358722333426806
length:0.021805398950201452
itself:0.015863470946199904
new:0.008132073419262014
time:0.007450518725960913
figure:0.01741744167016393
expected:0.019572491809992137
life:0.0131621667607958
2:0.009190611094789664
light:0.03294542156421031
amazed:0.027358722333426806
somehow:0.020057138783066867
article:0.003822324907153778
replaced:0.020403997670077004
side:0.01519039659703393
especially:0.014741960884421422
s:0.005853172460905833
