large:0.022178030517685746
out:0.00872723777096637
there:0.006798362856127018
microphone:0.18716266304903323
pass:0.03006870533475034
fax:0.022656617332469552
powered:0.041029891180124914
c:0.019156279225399704
from:0.012541811176743342
gain:0.03396744467032038
212:0.08618886980423532
to:0.0030626648002018463
t:0.019083504111114386
appreciate:0.028438617299366625
that:0.005139327784214471
like:0.008626956025990172
really:0.014454783282895747
its:0.015317218933586446
anything:0.017194378891254844
re:0.0027699296502086707
rahul.net:0.09447947406994528
greatly:0.02891058629481927
anyone:0.01239196110845475
this:0.003888758802751252
best:0.018038341333047662
internal:0.029352351230520986
on:0.003755620927698444
etc:0.017202399907098043
input:0.03160852814351642
m:0.030418104713690493
a:0.010344475006269593
as:0.0059267715571630995
volts:0.04522541321657529
california:0.029477549829058786
chip:0.023943735983727957
giants:0.03966269653917699
l:0.04896237894449427
d:0.02699028477595608
it:0.0025396698499257184
ftp:0.028099014424363522
application:0.027336057094940216
have:0.003787041578871503
ve:0.013519508881684699
minimal:0.03829830791154908
doing:0.019857058556780115
towards:0.030887238039626227
has:0.007887218325085564
shows:0.028623812130517862
without:0.016646003591129593
writes:0.004898239933463425
of:0.002880601267640573
seen:0.01920344363423965
looking:0.019213965521530697
characteristics:0.04165624220255501
parts:0.027027370454936007
balanced:0.04270787376752084
san:0.029910855063737366
they:0.0069105157370943976
david:0.03698437391621473
good:0.04800029189213331
email:0.020325175251614376
in:0.0013161459399591887
st:0.028420349947550372
clean:0.032161794014639304
ali:0.09273454020836924
use:0.012316885390721097
and:0.002828128996228073
for:0.004819983154252948
subject:0.00019775523623717257
i:0.007070322490570182
info:0.02181774414364739
power:0.040027485632156176
any:0.007579905676213388
alan:0.032597649570364734
leaning:0.04471435490926454
suggestions:0.029311084230154646
the:0.002233342251819416
jose:0.033777012398392925
can:0.006404192536575655
because:0.013072017028848252
amplifier:0.043643382843997075
e:0.023043627378176494
maintain:0.03385259884412805
n:0.027118633302254825
moon:0.03404500985452257
is:0.0019901676065975107
dc:0.033163884351845786
does:0.009025843069166853
their:0.011212471248753438
build:0.027641726392728553
experience:0.024534983517001095
advice:0.028813756060987027
engineering:0.028642588838689625
very:0.012912907346544053
u:0.028012173952540857
7th:0.04083234860914594
s:0.004595824302637173
