cat:0.05689861695965734
cs.ulowell.edu:0.06757819107901054
know:0.013863765456834851
tried:0.03480746127007495
with:0.006571094121230869
much:0.019631425500673386
sell:0.03910193594360188
my:0.010676564734048329
to:0.0046456151463735865
look:0.02664234072220124
256k:0.13467309664743762
bunch:0.04557531484443062
nt:0.01604670902747053
re:0.004201578682900792
scott:0.04294468599069108
eat:0.050732856558780355
prefer:0.04614076522518922
had:0.017240544782945337
ti:0.04256922535114228
these:0.018613887338190367
on:0.005696728373475167
used:0.022184983239740063
them:0.04941098331007553
a:0.0015691057593779719
other:0.01549784255990911
wondering:0.040437455077048275
was:0.009949001506757142
as:0.008990046744011443
old:0.059503664771737616
mac:0.03855373185181052
no:0.012648828496432694
have:0.01723316673531414
uses:0.03837073179591502
simms:0.11269183517345464
g:0.03971912315743261
writes:0.014859829011630615
if:0.0075297799973416775
of:0.004369451361027835
gotten:0.04842371813251138
what:0.010342046101085743
but:0.01495018476967214
they:0.01048224297199712
tubes:0.0680776490854244
good:0.01820235788044381
in:0.003992802289763831
yes:0.029964560342740323
use:0.018682916042105032
and:0.0021449292948920776
for:0.007311210402518516
subject:0.0002999658077754865
i:0.00857971717956831
we:0.015143189951842358
any:0.011497609733582104
the:0.0016938269887394448
do:0.024212963558645953
interest:0.04104252805244815
apple:0.04262210053133793
people:0.0338263626982723
stewart:0.06223635179007711
does:0.013690885554354215
appropriate:0.04543828930405063
tree:0.11618587793391295
article:0.018209727647564067
christmas:0.0680776490854244
lots:0.04099657316198158
