obvious:0.025474492145046438
read:0.015013265310582263
there:0.01823401958100293
all:0.006318330004280074
with:0.011619086956083722
ca:0.013619527126439213
loose:0.034557136352561336
my:0.018878429033052344
to:0.0036508587022273664
player:0.07723039138522256
next:0.01773761605131904
that:0.016081671377757203
motors:0.04092409772444627
mach:0.041272731721038465
bit:0.01804691521891192
helps:0.028013061563794454
nt:0.009457994062548854
advise:0.03968842914444354
finding:0.029527187680344003
re:0.002476427170716361
so:0.00676695759857563
this:0.006953409779753894
off:0.014459983099048678
ti:0.025090470571203064
seeing:0.026544964671910115
more:0.016839987096963258
a:0.005549023016608192
how:0.017422026453365883
other:0.009134489985641793
cd:0.1477881804298203
are:0.004257691268882288
no:0.007455269776043111
begin:0.02763721509629479
play:0.021204756508479746
place:0.018009454419314078
it:0.006811697279602093
becoming:0.031534410844613045
try:0.016135030942671474
properly:0.028515007519884082
ve:0.012086978139254531
university:0.015565166235752673
assembly:0.03411756635954894
hope:0.01912888435523209
minor:0.0287810077962108
disc:0.08290836376244931
be:0.011492607757698106
common:0.022292238673055298
writes:0.004379221132566638
down:0.015658050178497734
if:0.01331424675026641
of:0.001287685997124097
what:0.006095643066202855
but:0.004405849153976227
refuses:0.03841092142176479
one:0.013023985533451953
in:0.00588343383756591
frequent:0.035687106664023346
or:0.0044656387927356645
and:0.0025284596986145024
subject:0.00017680103901998871
i:0.0012642298493072512
becomes:0.028515007519884082
than:0.01894836135390015
the:0.0034942192516048813
hello:0.025624442322197162
sl:0.04183271442321107
start:0.03731870315076175
older:0.029259274073110134
got:0.01465002530881175
would:0.006176487722545537
can:0.011451205197850508
sony:0.03364851965379653
stuart:0.04109612081320958
an:0.005946345288488323
problem:0.042031098517461944
hold:0.022978679555920662
is:0.008896444599028606
either:0.016579885477571908
done:0.01754081822132913
itself:0.02227189298406874
does:0.016138924693212254
experience:0.021935250164206277
first:0.012434137942987027
guess:0.019842101079044064
dave:0.023220362062083392
article:0.00536644291600398
players:0.02458194644395955
going:0.014422620424170083
answer:0.02010775524588647
fault:0.02931788079679876
needed:0.022091540994278284
s:0.004108849542092836
