some:0.01577752533963992
radar:0.20668249760099122
operations:0.06299076827336417
iastate.edu:0.1298958864893893
look:0.03204281519291771
randy:0.0677673873678207
months:0.045889115405132706
re:0.005053250037542845
so:0.013808251316012434
had:0.02073524980651534
student:0.05436510097525232
stealth:0.07176352580226726
big:0.03751054802523726
state:0.03591504576946779
m:0.036994992219353304
amateur:0.06418040813127393
a:0.0037743354752605273
factor:0.06114838390103806
was:0.011965691001370076
usa:0.04925164440579358
driver:0.04972683241197827
others:0.03643686787930265
computer:0.03622571493466643
are:0.026063974929779413
should:0.022200164084236213
ames:0.06949486536119752
ia:0.08496962623015702
university:0.03176135272430613
writes:0.017871956513988173
of:0.00262757548061809
detectors:0.30088833964891776
they:0.012607021952807348
brands:0.08157348530744207
president:0.05088456971854052
in:0.00720323115788475
yes:0.036038457709512015
better:0.03021913339596491
and:0.005159424520145809
subject:0.000360769687729977
steven:0.12125713859051408
car:0.04133301810653229
6:0.039707427467016145
detector:0.14295198678163493
any:0.013828206301200099
review:0.058400533576470084
than:0.01933244975972245
the:0.002037170297267711
do:0.009706998904141848
less:0.03714683184589564
club:0.06530358254628077
radio:0.04847770757794144
last:0.029461656108912136
questions:0.04086724780061503
center:0.04414365991179472
engineering:0.052253371530041885
article:0.010950444328602716
by:0.013384263173204947
