at:0.010487678719695607
know:0.029377979182340516
ever:0.03146931020035548
where:0.021993533312306687
someone:0.026231644222178805
post:0.030744973862275957
to:0.0016407132858224176
look:0.02822819433661798
most:0.022102326951988546
been:0.017467147466921896
that:0.016519267877832228
nuclear:0.11619656600621726
like:0.013864750756055632
really:0.02323090170465388
nt:0.00850093513955284
re:0.004451672652121078
so:0.01216441187363
this:0.012499581865986166
board:0.042752339516132665
wondering:0.042844446450682104
was:0.010541203977397447
question:0.025987929563656004
are:0.015307413847648227
those:0.044188467959227616
cool:0.054652702077076225
have:0.006086316823186343
massive:0.059417501650016843
hope:0.034386446876667205
site:0.04649481187426912
heck:0.05896132469403904
sites:0.054224206807458306
cylinders:0.14775033911415827
anybody:0.03618565648705589
be:0.006886443537350849
towers:0.14425978020482788
things:0.02660388009690773
of:0.0023147688757826027
what:0.03287293224987969
but:0.007920038360123931
present:0.04314881289082504
they:0.0333185580181337
called:0.031931601141151594
in:0.002115234546362982
figured:0.061330387146332016
subject:0.0003178209153811702
purpose:0.04477239871600698
i:0.011363018288416364
concrete:0.06443194766282999
the:0.002691975035675189
do:0.03420561518602365
would:0.011102971977433047
can:0.010292452290925158
actual:0.048361391508675036
about:0.011726383099069898
middle:0.0478226225611974
cooling:0.140282301998562
does:0.014505819218303871
appropriate:0.0481429493816727
hear:0.03944859005070009
s:0.007386146200666885
