louis:0.029274544643465586
bbs:0.025136910880469945
radar:0.0949969243631885
british:0.027693200867900274
know:0.007663820656262744
search:0.026504045337731156
watch:0.023876794040834468
where:0.011474886945551314
with:0.003632468178817064
way:0.01076007962451269
method:0.024788185855568686
much:0.010852154469316344
though:0.015438162742923475
vehicle:0.027333432869560487
work:0.01257808983844909
sell:0.02161535589428924
to:0.004280121615188916
within:0.02010217525666346
legal:0.023474007415114437
direct:0.024806059767541452
think:0.008942534332475497
nt:0.00887054101518557
me:0.006730364474562389
re:0.004645223636995907
nope:0.03391971284377112
prefer:0.025506385745601493
trigger:0.0362470013496184
bc:0.07183425331645482
laws:0.023055117472285044
illegal:0.10210581678567172
on:0.0031491231381322355
detect:0.03182982317531639
you:0.0034521676360790175
used:0.024527496997973484
them:0.027314146053395792
more:0.007897012582737428
a:0.001734787733970677
as:0.004969653169049804
ct:0.03448845317622759
oasys.dt.navy.mil:0.03659538313005966
mind:0.01881773790689526
ontario:0.05899813915173007
are:0.01597295358015467
police:0.022829713736849014
it:0.004259073661366111
not:0.007489565323925029
have:0.006350939293759662
only:0.008282833778070103
ve:0.03400870246634971
always:0.01650283290682427
inqmind.bison.mb.ca:0.07810872473331204
brakes:0.03457412598450296
has:0.006613506048984788
heard:0.05035988868484238
be:0.00718585412593132
writes:0.004107219819984859
detection:0.07367798008811038
of:0.0012077055004083145
even:0.010429561787366618
what:0.00571703169563125
detectors:0.1037223779535089
well:0.010452595715238166
they:0.023178127316962574
david:0.015505871051829155
one:0.006107521166308214
in:0.007725204430195238
gun:0.022739226682014915
wash:0.036477071360055346
installed:0.02487807425686393
use:0.010327823153710235
and:0.004742825024730308
for:0.002020800390758223
subject:0.00016581960802495836
winnipeg:0.03241073036793019
victor:0.11825949393269353
car:0.018997784719772603
i:0.007114237537095463
detector:0.06570463988721108
actually:0.01518207532360922
the:0.0032771869999524044
do:0.008923203961571386
sfu.ca:0.0362470013496184
canada:0.0231093639317183
devices:0.02636446238212831
got:0.013740085848637106
last:0.013541382310928557
just:0.007294338903514819
here:0.03354784296192664
people:0.009349522609149797
columbia:0.033842554334463315
is:0.0016687740800662354
methods:0.02763647736750727
write:0.02021226040364915
lee:0.026504045337731156
dc:0.027808226009311682
amazed:0.036025149904884986
article:0.005033123480227335
sometimes:0.021767120026818944
alberta:0.03763298614038988
va:0.031000435643487048
