some:0.015162816560173431
pc:0.0865673262856593
cable:0.056073343680379854
out:0.01530100128675922
mark:0.07801620686473222
form:0.044329622395868774
solder:0.08410135808486441
with:0.007595160737526589
way:0.022498348305799266
wrote:0.033449025645361834
to:0.007159476156316005
bare:0.1545787040106599
that:0.009010509751544852
dirty:0.1387867722646953
higher:0.04820615471477782
re:0.004856370165950267
carrying:0.06024797033044464
bus:0.05255899547734625
wiring:0.0757891846401112
on:0.006584530197912856
you:0.0072181686936197646
bars:0.07247299383739894
size:0.04676463814371257
amp:0.07060235266567247
board:0.0932778316715622
a:0.0036272834437568705
quick:0.10543572000496873
are:0.00834949846235358
it:0.00890533583740187
not:0.007830000111376167
boards:0.06075733024152622
follow:0.0490518482132115
copper:0.17103906141557276
14:0.04849159506177491
get:0.03413958377379539
down:0.030706046453937118
if:0.008703252204719602
supply:0.05244110952733175
one:0.01277027152955354
in:0.002307528596032344
or:0.008757291658481627
and:0.009916815960799737
for:0.008450619815898026
subject:0.0003467137258703675
capacity:0.06751570783609949
house:0.04464768759078171
leads:0.05895838304496049
the:0.002936700038918388
can:0.011228129771918356
trace:0.14250367729432317
current:0.04106812628221842
15:0.043400139376372
is:0.003489254894683947
insert:0.06739142925147415
strip:0.06968524140315359
s:0.008057614037091147
