another:0.028798770524527
reference:0.048462767052186426
there:0.02383841520979604
circuit:0.06010603434950711
learning:0.1290364436186982
walter:0.07284407659641265
might:0.02762448228413566
make:0.022858188095450697
nt:0.009273747424966734
perfect:0.05259852979398558
re:0.004856370165950267
this:0.006817953745083364
teacher:0.07342137221421569
something:0.02585274437874705
you:0.0072181686936197646
took:0.04383638540800883
a:0.005440925165635305
bull:0.07265720987625551
others:0.03501724965023891
are:0.00834949846235358
lacking:0.07509944664902096
book:0.12115708483183144
it:0.013358003756102804
examples:0.05698414658653678
analysis:0.05591904072081165
have:0.006639618352566921
try:0.031641424316147956
robert:0.04149885751893122
craig:0.23714211653457223
convex.com:0.13966733204847923
found:0.03473403253580516
writes:0.008587823259968343
of:0.002525202409944658
looking:0.03368682266761876
but:0.008640041847407926
dr:0.050894085780603913
using:0.02862883868370027
find:0.02748632126848559
good:0.06311726693608438
one:0.01277027152955354
in:0.006922585788097031
and:0.004958407980399869
for:0.008450619815898026
subject:0.0003467137258703675
i:0.004958407980399869
any:0.013289445016737757
the:0.0019578000259455925
do:0.009328804141642815
would:0.0121123330662906
home:0.038043675998199335
is:0.003489254894683947
article:0.010523803640475338
33:0.05989599721644736
lots:0.04738564949891378
by:0.025725596748497823
s:0.008057614037091147
