pc:0.023977281021567504
out:0.00847609423798892
folks:0.02664184064960272
final:0.027745671922565433
know:0.01775359893033528
case:0.017781374872710472
own:0.016305688025525147
your:0.009064260591232106
way:0.012463113809687362
much:0.012569761651510298
ca:0.01479531364095195
reviews:0.042963304975634116
wrote:0.018529316364696843
to:0.0019830203742314113
remember:0.020018877960584405
look:0.017058764922848278
then:0.02296230719101875
80:0.0287529613486569
most:0.026713603798086877
make:0.012662449520501466
that:0.007487150189233313
williams:0.03836144529499412
like:0.008378698298623548
its:0.04462930696476627
re:0.00269021944444727
so:0.007351155376869929
on:0.0072950910106372654
you:0.007997107761276575
products:0.05827463013146603
went:0.02347094435421643
roger:0.03175363146450786
amp:0.039110655793214245
a:0.002009358454455245
old:0.01904973440534046
usa:0.02622029989948723
manufacturers:0.03631158170449131
course:0.01759821438776992
cheap:0.02673547639141617
far:0.01790919476346332
are:0.004625261738138313
it:0.0024665858254674243
not:0.013012446228258236
have:0.0036780619650910278
made:0.016730788143294973
boards:0.03365693833523395
only:0.0095937858868294
assembly:0.0370629677718841
after:0.013879235163057203
has:0.00766024801357231
writes:0.004757283388615557
were:0.011160455377498555
if:0.004821226041463377
end:0.019454916565291434
of:0.006994265667832325
but:0.00957242046403468
fact:0.017253720349847766
1985:0.03828281888828772
they:0.006711651974875854
net:0.023849945934521458
in:0.007669627419906064
or:0.004851161566209247
and:0.00824023196742712
for:0.004681278603051424
subject:0.0001920644380720741
i:0.0027467439891423733
back:0.01515364546811178
directly:0.026133095866880434
world.std.com:0.06613059468144672
review:0.031090931544307816
will:0.008153275862613557
the:0.0016268050575303302
do:0.01033550962455391
when:0.009407729804631193
mexico:0.04147887020586557
units:0.03496038691232156
older:0.03178525456863043
got:0.015914775695183986
home:0.02107455432993776
because:0.01269584387693895
here:0.025905049001775485
about:0.007086447340445119
audio:0.07137120115013902
east:0.058585025602748454
done:0.019055133463458263
right:0.013955925135182012
mostly:0.029360064890221988
does:0.008766106577967808
their:0.04355924082249537
designed:0.028270484869660165
vos.stratus.com:0.03852132397689852
article:0.005829732951917993
testing:0.035418125731603654
comes:0.021756664296730302
mike:0.022988575747897148
high:0.020124631839147637
built:0.026564731180393913
assembled:0.04392396247652996
sales:0.03481405824874514
