sent:0.02313007892006046
some:0.007342999214675183
frequency:0.03143970639032982
there:0.01154438975568739
form:0.02146780455648991
know:0.007760220916089949
send:0.03689744806133614
case:0.015544723945325509
existing:0.027230639348151262
where:0.011619225146124288
hand:0.019856851921085997
such:0.012094447820552193
from:0.005324353801447646
signals:0.0319555123756181
to:0.008667919245854283
add:0.021611449160073702
channels:0.03458676088470031
make:0.01106968857452644
that:0.004363580194144363
suppose:0.0242398678341583
me:0.006815023147198395
need:0.024166062786128758
complete:0.02329066572512439
this:0.00660355268391722
30:0.06458689574290359
best:0.015315572829946127
on:0.009566204249797922
market:0.024596573679704543
them:0.009219240072529817
a:0.0035132179266575978
other:0.008674893005232144
want:0.011903131872403659
as:0.025160822648333914
running:0.03808126304964405
exact:0.026861297926687223
computer:0.016859766699152928
it:0.004312646914968201
not:0.0037918868463897165
application:0.02320985979759075
hundred:0.028939329480889252
only:0.008387020366473501
buy:0.03782190094646498
expect:0.021737239516719423
able:0.016587831610758927
anybody:0.01911695059693519
be:0.010914363342216439
analog:0.03389152897023601
if:0.004214782514235279
of:0.001222896764564394
particular:0.021327367598011366
seems:0.014820673518119989
please:0.012046637464812923
up:0.016898872583048865
over:0.012615979575593446
one:0.006184345331922155
email:0.01725722427023862
in:0.003352447205556424
system:0.04217400621212311
or:0.0042409525641703485
rather:0.03237086355865237
use:0.010457732878914138
and:0.0024012416005710054
few:0.014375015728970356
for:0.0020462192635979496
subject:0.00016790538925797672
each:0.032025275438498306
transmitter:0.038550492678092615
i:0.008404345601998518
person:0.035285464642438376
possible:0.016207368697890454
signal:0.056673739909681956
will:0.00712770657171877
than:0.0089974923410029
the:0.00474058496848461
do:0.009035445520836436
units:0.03056285396737545
intended:0.025588357591047956
can:0.01087504393003413
imagine:0.024765651285952595
an:0.005647158104161867
many:0.011655352374704992
about:0.012390140632979517
dear:0.030227344654763545
is:0.010138589693987317
netters:0.03105550706970191
receiver:0.13707298736726023
light:0.02196361437614021
meters:0.03681834186136326
wide:0.02705557771926168
somewhere:0.02439950351511061
respond:0.025434010994091236
needed:0.020980016919094475
by:0.006229153929667712
