since:0.022481141835996418
say:0.021320730047949925
circuit:0.10400369988566398
know:0.013863765456834851
anyway:0.03425296428814083
take:0.023884821689165208
your:0.014156541822261377
text:0.04063554756442211
with:0.006571094121230869
much:0.019631425500673386
led:0.14209480748866504
work:0.022753623190902288
line:0.031728132009056054
then:0.03586247977024277
h:0.03969867555387097
t:0.028946888258431933
like:0.013085832174254755
me:0.012175153712410614
re:0.004201578682900792
anyone:0.01879679493979091
this:0.011797358165649864
implied:0.06016251722234712
off:0.024533229752318544
on:0.011393456746950335
a:0.0015691057593779719
how:0.014779359519428362
series:0.0403073074243558
below:0.04170644846109991
as:0.008990046744011443
let:0.025900424075874433
express:0.052311399962699755
telephone:0.1509143051966016
it:0.026966157395278693
not:0.013548539518561008
usually:0.03705337912569228
without:0.025249556009016797
breaks:0.06208553133690699
recommended:0.055153106397644286
writes:0.007429914505815307
if:0.02258933999202503
ok:0.03667246281472957
drops:0.06286073214013116
please:0.021521520864103985
in:0.003992802289763831
replacing:0.06302240334745812
or:0.007576533232618936
force:0.04015734964960417
and:0.0021449292948920776
subject:0.0002999658077754865
any:0.011497609733582104
when:0.014692971267907145
around:0.026597690260153208
would:0.020958419013581486
peter:0.04136958517781974
law:0.03378473174431423
an:0.020177486259814307
about:0.011067597531706422
company:0.03782166336664438
current:0.035530850828436156
is:0.01207517424227703
provided:0.04537039813038814
does:0.013690885554354215
too:0.021938403009713444
article:0.009104863823782033
needed:0.037481153821753044
s:0.006971194166921554
