expensive:0.06532398055059498
pc:0.05375551712899811
cable:0.06963947521595562
know:0.019901211704166158
chris:0.12376604009417097
with:0.00943269962563786
setting:0.06938446544133237
from:0.013654391200486702
signals:0.08195042689876253
to:0.0066687056133427295
hill:0.08037561287353809
dod:0.05641071034987801
0:0.05911542400758762
like:0.018784501024333437
anyone:0.026982495961957922
uk:0.06970386265578687
this:0.008467458683409984
spec:0.08464484761913618
e.g:0.06547218097082735
link:0.07815948594769222
a:0.0067572780282890085
intelligence:0.07290468424810685
magic:0.08309278258535306
it:0.00552992628612858
650:0.0814082234987789
cmos:0.09412527769820261
malcolm:0.1800135653380554
university:0.03790871131610731
cam:0.19772672051021695
has:0.017173781836879853
which:0.020836973105121254
get:0.021199580246631003
of:0.006272276953733505
interface:0.13621611409044782
department:0.05593670294666026
but:0.010730374552425972
lines:0.05698680845636317
one:0.015859853351219717
5:0.041917304627704564
and:0.0030790114071837893
for:0.0052475623050334515
subject:0.0004305960789035209
44:0.07330295219311284
artificial:0.08309278258535306
connect:0.07413026339291205
the:0.0024314613225453322
needs:0.0540217187527314
match:0.0772073322124633
31:0.07518252987466045
does:0.01965304539254073
serial:0.1335263847698333
