tv:0.1306434846983332
cable:0.14888439528928443
ever:0.09115248471827105
with:0.02016646126860508
from:0.029192146704488813
my:0.0327660090113897
re:0.012894500095798983
am:0.05635642609315054
great:0.08693967892181645
a:0.004815531468435845
cheap:0.12814590408299475
plan:0.13467462749788298
ve:0.06293564479404945
robert:0.33055986506459
heard:0.09319473653171981
of:0.013409695556257838
cheers:0.1501435405642878
advantage:0.14701277850120034
up:0.04632621966732361
i:0.013165428085889306
the:0.0025991483103070794
fan:0.13791572363757496
an:0.03096200477799092
first:0.06474326997900141
picking:0.18831288854645348
