help:0.11889404000232205
with:0.01624520491082076
bits:0.12248273330463313
software:0.0782162746800349
anyone:0.046469854156705306
these:0.09203533183883014
card:0.08502523184761782
m:0.038022630892113114
a:0.007758356254702194
driver:0.204432533249244
aint:0.19819583892830062
d:0.05060678395491765
it:0.009523761937221443
without:0.06242251346673597
of:0.005401127376826073
cheers:0.12094896323234294
looking:0.07205237070574011
programmer:0.2832315707865435
good:0.045000273648874975
and:0.005302741867927637
for:0.018074936828448553
subject:0.0007415821358893971
i:0.005302741867927637
devices:0.11790773454229606
can:0.024015722012158704
isa:0.13405057126961412
logical:0.13075838792974365
either:0.06954340853092661
items:0.12871150693554476
mike:0.0887614452488251
