at:0.010487678719695607
circuit:0.16529159446114453
tower:0.065467797388897
with:0.006962230676066039
c:0.030786877326535234
exhaust:0.06863765426922992
into:0.021319094083123647
from:0.010078241124168757
prevent:0.04789306514486513
both:0.0267345724084314
to:0.0049221398574672524
important:0.03740915824968122
t:0.030669917321433832
that:0.016519267877832228
nuclear:0.11619656600621726
through:0.028207896357438412
atmospheric:0.06863765426922992
re:0.004451672652121078
complete:0.044085902979699734
phone:0.03496841816916153
generation:0.05522730613624092
etc:0.05529342827281513
bill:0.07370271132599326
a:0.0033250098234437974
services:0.04757930508884891
usa:0.043388353405103865
computer:0.031913129823396606
business:0.04305433015754247
cool:0.054652702077076225
energy:0.05459053607730061
heat:0.10881192485612586
closed:0.049119913108509654
site:0.04649481187426912
has:0.012675886593887511
loop:0.061113930966770216
towers:0.14425978020482788
of:0.0046295377515652054
department:0.04128661407967781
what:0.010957644083293227
oh:0.038449002192160395
separate:0.0502702325809986
and:0.0022726036576832726
for:0.0038732007489532616
subject:0.0003178209153811702
back:0.025075675238899253
fired:0.05646707112734326
water:0.048810681127518456
the:0.008075925107025567
do:0.017102807593011825
facilities:0.06296694655857729
thought:0.031959361966568005
just:0.013980816231736736
cooling:0.280564603997124
is:0.006396967306920569
transfer:0.05410455995205947
s:0.01477229240133377
