read:0.01186912597852315
go:0.010185509171697001
out:0.006168466487332251
there:0.00961025115787589
scope:0.02921686138994617
50:0.07227608982467919
your:0.006596503781053731
into:0.018751873329658497
service:0.01907115826428452
my:0.0049749437765984365
to:0.005050991686196762
then:0.008355394501443996
connector:0.027583190701663093
offset:0.09706081816321549
male:0.025163077487473318
that:0.007265018333706321
think:0.01507589557621524
control:0.015966671570371852
nt:0.007477262321700927
consider:0.016860544913985306
re:0.0019578036794668614
phone:0.015378780765495126
this:0.002748599153777063
internal:0.04149285252482024
on:0.007963489401664239
you:0.020369596470476717
market:0.020475681754309017
input:0.04468221255889755
bill:0.03241375786064626
a:0.004386923955538413
load:0.07061768908591987
tektronix:0.03222105208590103
want:0.019817779766619702
test:0.0561659662928744
as:0.004189079372863971
part:0.012823152421011922
services:0.020924929986718896
usa:0.019081788932087566
accuracy:0.025335885322385204
question:0.011429246509670704
also:0.02330100206826544
ratio:0.02791749160211614
output:0.06419934328168776
computer:0.014035093744321023
manual:0.02057380836064274
meg:0.024375469092566902
it:0.0017950546059684396
zero:0.024259760469526763
have:0.0053534095617555275
verify:0.028274602858799566
properly:0.02254327819634815
expect:0.018095398341143393
has:0.005574735465374613
loading:0.05968550446208901
device:0.021016517198486
which:0.0067638342016623975
virtually:0.026090513079368386
whatever:0.01730345852750452
of:0.00509006768496698
certainty:0.03235360605440517
department:0.018157463783732654
generator:0.12004662907534497
distortion:0.0319656062001972
but:0.003483158231677541
adjust:0.029000184865533317
supply:0.021141180280652063
oh:0.016909508817494628
virtual:0.02585249017844295
find:0.011080872972111992
good:0.008481726970468582
or:0.003530426480120866
female:0.028213367048521076
use:0.017411303955469613
and:0.004997348357209291
for:0.005110191564063989
subject:0.00013977464341370836
i:0.0009994696714418583
discount:0.02967912634882406
voltage:0.05413896929904845
the:0.007103431507750238
do:0.0037608268005575743
around:0.012393688131694428
would:0.004882982440337047
can:0.0090530470412326
put:0.013023347118045965
may:0.009743589148899638
drop:0.022668437991392936
an:0.009402074749337557
many:0.009702623181037139
about:0.010314305553108603
is:0.005626651872055789
obtain:0.023981205306890827
2:0.010201097131389576
build:0.01953734587967725
1:0.03076215537054516
designed:0.02057380836064274
loaded:0.04886859340258852
under:0.012708499618354133
position:0.018025355796922576
luck:0.021585280763945662
function:0.0646021039719496
dumb:0.02692471223418124
s:0.003248357491392766
