some:0.022452632214102965
thanx:0.0933205349181211
companies:0.07647369895361031
changes:0.0784213326872344
property:0.08788655469148628
make:0.03384770160287892
that:0.013342485593633725
could:0.02902132991011649
its:0.039765856846810964
me:0.02083824385393355
on:0.009750169716140192
you:0.021376884208027764
am:0.031429545321180107
material:0.16241152064630318
names:0.07878648484578614
other:0.02652515361215213
stuff:0.05621954908987735
it:0.006593373648845615
have:0.009831742560531787
be:0.011124254944951372
tech:0.08720832125230439
if:0.012887508072373256
of:0.003739242030110359
electrical:0.18219826648540202
looking:0.04988241048858931
properties:0.10385479126982147
highly:0.16064129670802313
email:0.052767281903229636
or:0.03890258409825492
for:0.0062567089021552695
subject:0.000513403017154198
p:0.06473323153137212
i:0.003671128985488364
info:0.05664222037293072
any:0.019678601274784758
the:0.0014495250192097173
when:0.025147585439302615
engr.latech.edu:0.11293862478786368
hello:0.07440943828176484
would:0.017935570117391848
may:0.03578895245076598
an:0.017267271895418015
engineering:0.0743605671773673
john:0.051566892299650884
rubber:0.10758856077830142
