some:0.005120775768128746
at:0.003863881633572066
out:0.01033488683403912
know:0.010823466014546507
help:0.009386371579130687
all:0.0041845080291504
river:0.02395207792915417
ever:0.011593956389604651
where:0.008102880694007726
medium:0.024063120946629126
powered:0.024294014514547643
way:0.007598126401519926
someone:0.009664289976592192
from:0.0037130362036411207
work:0.008881896771887297
post:0.01132709563347009
my:0.004167606409343426
to:0.0030223665791465587
look:0.010399861071385573
most:0.016285925122517874
motor:0.02210122525345516
100:0.01481803552118891
been:0.0064352648562343824
that:0.006086046060253978
nuclear:0.042809261160185304
like:0.005108066068020496
really:0.008558753259609324
nt:0.00626384694493367
re:0.0032801798489313205
so:0.004481625427126842
this:0.013815327325563656
something:0.008730970689313696
you:0.012188574329138637
burning:0.020803657783758044
machine:0.014266663834755906
am:0.007168141915356866
etc:0.020371263047879257
input:0.01871557587445051
board:0.015750861926996245
a:0.0018375054287452564
same:0.00851795329179216
bigger:0.020444372158898893
wondering:0.015784796060777616
was:0.0038836014653569543
oil:0.019657053670226347
question:0.009574500365557475
definitely:0.018666016421582384
whole:0.013122436293979342
output:0.01792700960058825
steam:0.1391796675669858
others:0.011826000978370157
mind:0.013287964048290074
are:0.0056395735228177675
those:0.01627996187971544
plan:0.017129667532625466
works:0.013048798217327807
it:0.0015037518848244383
not:0.002644342142877039
cool:0.040270412056793006
thermal:0.024729858697938888
have:0.0067269817519428005
massive:0.021890658502637786
energy:0.06033690829596383
heat:0.04008860389436216
between:0.01018800809669476
hope:0.012668690954561601
site:0.017129667532625466
robert:0.042044895117864516
heck:0.021722593308330172
sites:0.019977339350116217
electric:0.02292973634070076
cylinders:0.05443433546311094
anybody:0.013331557653125855
be:0.0025371107769187337
towers:0.07972251011319435
writes:0.00290027364481387
get:0.01152959627448353
down:0.010370024460320868
things:0.009801429509387059
of:0.0059696671007025024
cheers:0.019097204720896255
what:0.012111080302587252
but:0.005835817739038686
never:0.02899920040607711
present:0.015896931065040806
again:0.010709952360122885
plant:0.024537741931893304
they:0.012275258217207152
called:0.011764274104634797
rest:0.014327328216986002
in:0.0015585938762674603
figured:0.022595405790753902
or:0.0059150127868691695
use:0.014585785331117087
better:0.009807964347813171
and:0.0016745500635560958
for:0.002853937393965561
purpose:0.03299018852758409
plants:0.026574170037731455
i:0.005023650190668287
power:0.04740096982755337
concrete:0.023738085981042625
any:0.004488102045126348
water:0.03596576504132939
the:0.0049589013815069275
wrong:0.011593956389604651
do:0.015752585940931943
got:0.00970242904223936
would:0.004090568623264807
can:0.003791956107182953
fan:0.01754191221705997
because:0.01548002016574135
just:0.005150827032745113
newsgroup:0.016860367721817322
actual:0.01781735476635396
about:0.004320246404920489
middle:0.017618860943599043
cooling:0.0775244300518369
is:0.003535166143298209
else:0.011081369409377442
eliminate:0.023634882045033
type:0.014212774168121474
keep:0.011620239404061056
temperature:0.022717812756179675
does:0.0053442491856909
appropriate:0.017736876087984677
hear:0.014533691071310558
article:0.003554091580335969
difference:0.014066464240501694
atomic:0.025516441718359137
by:0.008688030480852333
high:0.012268964147550531
s:0.002721211758140431
