inexpensive:0.043099626378378046
at:0.013873464763061906
fast:0.027415731692504233
say:0.014941299009980657
there:0.00722660618564683
scheme:0.036148243893499236
wonder:0.029058013447377393
with:0.023024699873604226
motorola:0.03837233939326797
ohio:0.0399402817169714
frequencies:0.04753100718701349
tcp/ip:0.04718860473079507
work:0.031890904944729195
my:0.014964004115437815
single:0.025601784807184055
to:0.005425980945239491
design:0.029631237853743643
mhz:0.037205563701608484
might:0.0167487018573106
next:0.02108960648621398
that:0.002731532483736038
r:0.0244111792655837
bit:0.02145735589020236
higher:0.05845470729193531
so:0.008045752735314332
module:0.0443969116781895
goal:0.03302461546740021
internal:0.031201318237167975
on:0.007984390948650234
used:0.015546956758557997
particularly:0.03163071098535892
input:0.06719923306101916
m:0.0215561371986783
a:0.004398438191642189
other:0.0108606928175741
250:0.035985046015411706
chip:0.05090400563469723
are:0.005062294343316736
no:0.008864139654980393
familiar:0.0362729010999298
be:0.0045548130483265455
if:0.02110709983506801
end:0.042586352796464715
department:0.02730768175348769
designs:0.042902765731091294
but:0.005238450568900868
up:0.03173528433903271
newer:0.038707454467431714
one:0.0077426055730363975
in:0.0013990527708227596
or:0.0053095390370321675
use:0.03927825656096098
and:0.001503139427129094
for:0.010247208280695244
subject:0.00021021225899227005
i:0.004509418281387282
back:0.01658548598478376
any:0.016114760099036333
ways:0.028097152608496805
normal:0.02970364310644522
suggestions:0.031157451740715568
than:0.011264577025350088
filter:0.041165195950234434
the:0.001187012614155989
do:0.005656046605562966
jr:0.03679225517703056
can:0.006807606239667034
law:0.023675914371999732
radio:0.05649370646878214
fancy:0.04207315537158085
come:0.03781407361369147
an:0.021210192249489845
just:0.009247154043038473
current:0.024899572627801715
interested:0.022654143428463936
is:0.004231064990404156
chips:0.03269874762359821
receiver:0.08580553146218259
x:0.023977637712961436
wide:0.033872731160335484
corporation:0.03739645828121473
packet:0.08810401827514447
project:0.030327841381205124
john:0.06334200943894124
