some:0.005098414301892376
cleaning:0.02363442621693327
at:0.007694017576021232
there:0.004007768495970076
know:0.010776201970814862
help:0.009345383056951078
tower:0.07204316568559846
liquid:0.025988122726682994
ever:0.01154332775908236
where:0.01613499387103722
with:0.002553831339692346
floor:0.02146657955180711
into:0.015640208759671495
someone:0.009622087836956419
companies:0.03473041349858284
wrote:0.011247052291235201
post:0.011277632333760612
to:0.004814669554902466
property:0.01995677224435496
look:0.010354446830899172
then:0.006968909824348485
most:0.008107403772781824
day:0.011106126793724332
enough:0.010620735925490812
next:0.01169598263645928
been:0.006407163262975717
make:0.007685940975326217
that:0.010604071519831169
nuclear:0.06393348173267849
like:0.005085760102657961
really:0.0170427575824535
nt:0.0031182469507530066
hot:0.018269075051359874
happens:0.016314748972833092
need:0.008389528347149502
re:0.0032658559194600045
so:0.004462055010414498
this:0.011462498654397794
contact:0.015196822266290688
fall:0.017031882215695772
them:0.006401131753415899
board:0.01568208087054648
a:0.001219654258381131
air:0.03366060249459536
wondering:0.01571586682033754
was:0.0038666425069929502
question:0.009532690320293032
raw:0.02328489474237634
are:0.011229893128405685
those:0.016208870343122794
requires:0.017529060196117142
it:0.004491555848121903
cool:0.040094558729034085
should:0.007173852149491177
fuel:0.02107345225199174
have:0.0022325354285923703
massive:0.02179506610742976
hope:0.012613369160000196
site:0.01705486549099828
attack:0.017243220822079398
heck:0.021627734822267593
arguing:0.02230088189574907
sites:0.01989010206037772
cylinders:0.054196630941437965
edge:0.041163333516139385
anybody:0.01327334124416024
be:0.010104126762226573
towers:0.079374376881259
get:0.005739624346249442
tall:0.02468753563534763
things:0.009758628507162661
of:0.0033963421059517666
measured:0.024557173350851204
what:0.012058193489038836
but:0.0029051669093904378
shop:0.02122049685944409
present:0.015827512152093028
using:0.009626290736440701
they:0.01629553929271168
thousands:0.01868375543754733
now:0.007213599990734691
called:0.011712901728632024
in:0.0015517877894715324
figured:0.022496735896471134
rather:0.011237919881715559
use:0.007261045972695843
and:0.0016672376178637112
for:0.002841474785258288
subject:0.00011658059778173928
purpose:0.01642306328447418
costs:0.017974902423291857
forced:0.019824434473633
outside:0.015741378940967356
i:0.004168094044659278
back:0.009198064279770905
held:0.01775304838121562
power:0.023596989346467614
collected:0.024890679808425766
concrete:0.04726885243386654
will:0.014846794911396738
than:0.012494334342528043
the:0.00592469614838557
do:0.012547037884829635
when:0.005710368746042515
would:0.004072705878185048
can:0.007550794693779156
law:0.03939093177175501
reaction:0.02060758263370207
during:0.012787639780796814
actual:0.017739549723706127
about:0.004301380700095509
middle:0.017541922686203415
lawyers:0.02424734044267529
cooling:0.15437179084557917
is:0.005866214560931526
save:0.015818821975638837
new:0.007528382379404134
does:0.005320911853002293
lot:0.010823377241333584
crew:0.02443059022040032
appropriate:0.017659422480613564
hear:0.01447022517143584
dollars:0.020024476115691053
1:0.017105012156547673
under:0.021199331241097283
by:0.012975137224679032
john:0.02341902532385891
s:0.002709328737362525
