some:0.007342999214675183
since:0.012583783794991707
at:0.011081320911376492
there:0.005772194877843695
situation:0.022164354017450306
your:0.00792410202629725
with:0.014712638409799934
further:0.022313423906172244
c:0.0325295307601127
ground:0.02438335637356818
to:0.0034671676983417127
line:0.035519544010138224
apart:0.028972694589252102
normally:0.02676636317057097
that:0.008727160388288725
problems:0.01725203293013694
13:0.024765651285952595
like:0.0073247739843312785
through:0.014902284868080673
exactly:0.020228821718691878
greatly:0.024546724212582402
anyone:0.010521476412838938
had:0.009650367834478838
this:0.00990532902587583
these:0.020838188340867203
on:0.006377469499865282
assume:0.02183326135401998
causing:0.03087186458736064
state:0.016715178534217712
came:0.018985702719987087
m:0.01721779512095688
interference:0.03518619597780927
a:0.0070264358533151956
other:0.008674893005232144
same:0.012214423588230267
ms:0.05258037638220236
nc:0.03294295733668517
setup:0.02775946398469555
are:0.012130403426438216
not:0.0037918868463897165
should:0.010332151837946413
have:0.003215412661305993
being:0.01223776056556697
university:0.014782013217601595
between:0.014609219157524564
b:0.07700398356010671
has:0.006696694804317931
feel:0.0191589728568942
be:0.003638121114072147
conclusion:0.02775946398469555
detection:0.03730237356662193
of:0.004891587058257576
department:0.02181179611756564
explain:0.022610424704481786
distance:0.029680103290048897
particular:0.021327367598011366
ph:0.0345056073951663
supply:0.025396009016380783
separate:0.026557858722037
echo:0.0370557024147145
fire:0.04524520298162856
using:0.01386428036883598
direction:0.02778710933987189
in:0.0011174824018521413
5:0.03269022499267526
firing:0.03442548773618875
and:0.003601862400856508
for:0.004092438527195899
subject:0.00016790538925797672
each:0.016012637719249153
however:0.015076093737087504
appreciated:0.02128781207029084
we:0.06781101412397333
power:0.016992800504217247
signal:0.028336869954840978
fx:0.042186202431395495
any:0.006435768970369857
fired:0.029831660218219085
actually:0.015373044824535125
will:0.00712770657171877
suggestions:0.02488676962937659
the:0.00474058496848461
do:0.004517722760418218
see:0.022256424671838693
units:0.03056285396737545
would:0.005865721044681611
can:0.005437521965017065
an:0.005647158104161867
about:0.0061950703164897584
carolina:0.03626140225544223
is:0.006759059795991545
else:0.01589026556816388
time:0.01986804993589577
type:0.02038058182598551
experience:0.020831589778585836
very:0.010963789256499669
three:0.0367105409619179
north:0.02524625650887312
range:0.025154440160312413
