tv:0.09240636722565031
some:0.028476509149594004
thanks:0.04861918646136983
fax:0.07460105707032658
from:0.02064810376658965
post:0.06298970254710197
via:0.08337149703940598
sweep:0.1489129459570162
could:0.03680754037380628
me:0.026428992204988896
voice:0.08845108052283338
hi:0.07685406487840012
set:0.06461986790551028
specs:0.11819239338431507
used:0.0481576465448016
chemistry:0.1305966837265584
a:0.0034061076240155977
advance:0.0771585662604061
soul:0.10281656802025357
portion:0.1239250357981287
are:0.01568076540490794
kind:0.06720796821861122
university:0.05732536833167448
types:0.09992432224343609
dept:0.10008067049614144
of:0.01422735991944429
34:0.24123222451561568
they:0.0227541371831157
in:0.00866730253143856
st:0.09357920104681221
and:0.009312132060750973
the:0.0036768439511661124
max:0.1161389277447944
2:0.047522184197449
their:0.03691911264833449
