reference:0.06067696037428219
explains:0.04548459480058272
at:0.007162317174426269
there:0.0074616177689198985
circuit:0.037627354836683315
small:0.02429874715663424
thanks:0.016206395487123278
fax:0.024867019023442193
with:0.004754694120240223
from:0.0068827012555298835
simulation:0.048220141439779575
wrote:0.02093963394059237
via:0.02779049901313533
to:0.004481948488100264
look:0.019277791254275697
appreciate:0.03121311654808532
been:0.011928783635946662
that:0.005640725616820762
its:0.033623163512750735
need:0.015619528386156394
re:0.0030401666892534195
voice:0.029483693507611125
getting:0.022050419286379564
student:0.032707459123322534
acsu.buffalo.edu:0.04409967312784094
directory:0.034272189340084525
you:0.004518690970802617
used:0.016052548848267203
am:0.013287287452856632
great:0.020497973079127457
chemistry:0.0435322279088528
a:0.006812215248031195
concise:0.048384391092767536
manual:0.06389589263224005
book:0.07584630513862618
it:0.011149770072844617
not:0.004901707386796463
analysis:0.03500622874392274
have:0.012469527149942754
university:0.019108456110558163
b:0.024885433711497904
neil:0.04536927256487576
placed:0.03703116562460568
has:0.008656703039728058
feel:0.024766477107692503
familiar:0.03745250763976491
be:0.004702937049898141
get:0.010685967278789614
dept:0.03336022349871382
things:0.01816850348081504
of:0.0015808177688271436
electrical:0.03851345470423132
looking:0.02108849874314345
but:0.005408806684962686
34:0.08041074150520523
using:0.03584423705113693
easy:0.02694050052242933
must:0.018841141686825182
up:0.010922442035385243
good:0.039512435399012176
postscript:0.04090175648088305
in:0.005778201687625707
st:0.031193067015604068
and:0.0062080880405006485
for:0.002645112706602228
guide:0.03822306378876726
i:0.009312132060750973
info:0.023946304547905674
any:0.008319408669014695
information:0.01982781532100622
the:0.0012256146503887041
when:0.010631499535314927
would:0.015165034896006116
an:0.014599969732711169
just:0.019095748999445303
about:0.008008261628633103
current:0.025709314827079822
is:0.004368660599848194
ubvmsb.cc.buffalo.edu:0.04687449559849849
2:0.015840728065816333
pages:0.03655278757563874
engineering:0.0314369877497813
organized:0.03950807951880242
everything:0.025119207186367915
