tv:0.1515464422500665
ca:0.08226194384369284
from:0.033862890177207026
nt:0.02856314206889754
re:0.014957620111126821
why:0.07118890320616025
more:0.05085676103282904
smoke:0.20289663112221473
likely:0.13225635219718912
it:0.013714217189598879
not:0.024116400343038597
tube:0.4265792716803346
writes:0.026450495640702495
even:0.06716637791064103
in:0.007107188075779619
or:0.026972458308123413
the:0.009045036119868635
would:0.03730598584417504
picture:0.327242221095632
article:0.03241331521266404
s:0.024817451234240732
