at:0.00547183237549336
there:0.005700490593646878
know:0.007663820656262744
miller:0.08872725535782429
mentioned:0.021833314402433777
from:0.005258212760435873
my:0.005901951933728579
to:0.0017120486460755662
design:0.023373709362890946
mhz:0.029348488137293648
that:0.004309374228999712
think:0.008942534332475497
really:0.012120470454602024
talking:0.020246529070573095
nt:0.004435270507592785
re:0.0023226118184979535
cs:0.03177461232179312
articles:0.026160798886333332
so:0.006346649673198261
anyone:0.03117232452747934
this:0.0032607604867789996
internal:0.024612219975902686
on:0.0031491231381322355
western:0.025407004743449688
you:0.006904335272158035
inside:0.023317115074994947
28:0.08240805099221268
3:0.014543266736879624
m:0.008501954733640198
a:0.003469575467941354
same:0.012062691618190138
was:0.005499758596903016
based:0.018763372744723866
hmm:0.030809307328786718
are:0.011979715185116004
model:0.06817922071273695
it:0.008518147322732221
not:0.014979130647850059
only:0.008282833778070103
ronald:0.0362470013496184
referring:0.029499069575865036
exists:0.023177845111915243
has:0.013227012097969577
evil:0.05188414552060373
uses:0.021211149874760478
list:0.01808464967032037
thinking:0.021636810769246305
writes:0.004107219819984859
certainly:0.01910408246742634
were:0.009635424207902478
if:0.012487274902423776
of:0.002415411000816629
seen:0.01610226640138107
what:0.01715109508689375
but:0.004132193927021181
using:0.013692053283508823
they:0.0057945318292406435
who:0.01606276862402296
good:0.020124345979621105
called:0.016659965812774742
one:0.006107521166308214
email:0.01704284881346547
in:0.003310801898655102
according:0.02136351679867216
external:0.026670958494570265
or:0.008376539847243295
use:0.010327823153710235
and:0.0035571187685477317
for:0.002020800390758223
subject:0.00016581960802495836
costs:0.02556678667660767
i:0.005928531280912886
the:0.004213526142795948
do:0.008923203961571386
thing:0.014061692143633269
original:0.019168745424058876
simple:0.02049185439103255
friend:0.021572667203060905
an:0.011154014143624057
btw:0.04660609342165633
about:0.00611811292125386
dear:0.029851849690108095
is:0.011681418560463648
ad:0.026892370536372983
turbo:0.030856540865340874
does:0.02270476051560606
runs:0.023303046710828165
accelerator:0.06583609466150346
almost:0.018770142424003527
article:0.005033123480227335
very:0.010827593116667374
opinions:0.017736709040497154
mine:0.020280987855900535
poster:0.028290890508239117
john:0.016655145339017675
god:0.032958735798449997
doubt:0.02161535589428924
s:0.011560924488000342
