manager:0.027270127360511095
at:0.006117812586489104
out:0.008181785410280971
means:0.01968468903082467
thanks:0.013842962811917797
fax:0.021240578749190202
with:0.00812260245541038
much:0.01213331159416619
from:0.005878973989098441
both:0.015595167238251651
hair:0.037924123387827434
via:0.02373771790705309
to:0.0038283310002523076
manufacturer:0.0348249073973523
ii:0.025495831979931372
been:0.010189169355704438
laserwriter:0.04327904506858894
that:0.0072271796965516
like:0.024263313823097356
nt:0.0049588788314058226
cs.utexas.edu:0.07517060560663498
advise:0.041617727783409546
me:0.015049842783396453
need:0.026683360993017168
re:0.0025968090470706285
package:0.0269948821740014
cs:0.035525781832004805
so:0.0070959069262841665
anyone:0.011617463539176327
voice:0.025183988204417834
this:0.007291422755158597
etc:0.01612724991290441
a:0.0067885617228644205
j:0.02120922680228377
want:0.013143041442445704
was:0.006149035653481844
as:0.005556348334840405
austin:0.034769572885899686
coming:0.024143263574927742
standard:0.021139198197654422
usa:0.02530987281964392
let:0.01600790099133906
patrick:0.031844479378425355
pat:0.056293614328108046
no:0.007817678723489652
those:0.012888303154774723
it:0.004761880968610722
not:0.004186875059555312
thermal:0.11746682881520971
texas:0.027556733831034737
have:0.0106510544405761
made:0.032299715998861125
rated:0.039694208454694034
only:0.00926066832131449
uucp:0.029400198662056065
university:0.01632180626110176
network:0.025510344930760948
talk:0.024024956719701576
which:0.00897147453137165
found:0.018573059064284702
dept:0.02849519090515138
of:0.004050845532619555
even:0.011660829498375177
but:0.00924004475347792
shop:0.03374648458897706
supply:0.028041426622253778
alone:0.026661203718156206
please:0.013301495534064268
they:0.006478608503525997
find:0.014697546789398542
one:0.006828547970664045
in:0.0012338868187117393
replace:0.030530298825380022
5:0.018047728381372797
or:0.009365436912542852
and:0.0013256854669819091
for:0.002259367103556069
subject:0.00018539553397234928
i:0.007954112801891455
power:0.018762883890073207
leads:0.03152635760043026
information:0.016936258920026145
source:0.02166158306735989
than:0.009934731126524035
the:0.0020937583610807025
would:0.0064767336535026115
can:0.006003930503039676
apple:0.0263428260228408
about:0.006840390141124107
company:0.023375889164106597
is:0.0074631285247406635
deal:0.0228910763316702
hardware:0.02465056335885105
does:0.008461727877343925
512:0.07375695707455245
sides:0.03163078730435068
told:0.021529303935618957
wanted:0.021146944371847932
plastic:0.03534382091260186
e-mail:0.019095109560085182
by:0.013756048261349529
tx:0.032896909226530914
