week:0.12313710015734226
there:0.03277782091346955
know:0.044066968773510774
thanks:0.07119238017557725
areas:0.14700902339049413
next:0.0956564294196134
toronto:0.1434678676835922
re:0.013355017956363232
a:0.004987514735165697
related:0.1376478209153989
systems:0.10715775429580751
list:0.10398673560434213
anybody:0.10855696946116768
g:0.25250014007225013
if:0.023933943562978902
mailing:0.15763409905594972
in:0.006345703639088945
or:0.024082552060824474
and:0.006817810973049818
for:0.011619602246859784
subject:0.0009534627461435106
power:0.09649483143466221
games:0.1189239389860259
newsgroup:0.1372915657347982
is:0.009595450960380853
does:0.043517457654911613
beam:0.20032121064013475
