at:0.009788500138382568
know:0.027419447236851153
with:0.012996163928656608
into:0.019897821144248738
my:0.021115872474006696
corp:0.05142405161013386
to:0.0030626648002018463
w:0.03438156505588171
look:0.052692629428353566
everywhere:0.05528406613406056
h:0.039257579158827965
t:0.028625256166671578
plugs:0.06464165235317648
that:0.007708991676321707
nt:0.007934206130249317
me:0.012039874226717163
mean:0.029371356186998453
he:0.017668146750224836
two:0.020719882585036795
you:0.012351088653527152
them:0.01628732412813601
came:0.033541408138643855
m/s:0.0620046725053302
board:0.039902183548390494
a:0.001551671250940439
uunet:0.041966581249080946
target:0.05325827105857218
let:0.025612641586142498
cheap:0.04129145798229831
are:0.007143459795569173
those:0.02062128504763956
not:0.0066990000952884985
dip:0.06658836445345527
have:0.005680562368307254
microsystems:0.06658836445345527
be:0.012854694603054918
which:0.014354359250194643
if:0.007446115775148992
of:0.004320901901460859
what:0.010227134477740348
least:0.02675180425229425
excellent:0.04327850459267097
they:0.020731547211283195
up:0.014927337448359829
in:0.003948437819877566
dtmedin:0.23175762148749562
office:0.040563754589401785
or:0.007492349530034282
205:0.1252979507362237
for:0.003614987365689711
subject:0.00029663285435575884
al:0.042333490896913684
station:0.04595544597524619
the:0.0008375033444322812
do:0.007981310210072185
interest:0.04058649996297651
around:0.02630216036837373
may:0.020678061415998122
development:0.043191811478402245
an:0.009976645984019298
here:0.020004454506926624
expressed:0.04566399028470319
head:0.07673021634345963
either:0.027817363412370646
does:0.02707752920750056
dave:0.07791721491943539
opinions:0.03172900172800047
condition:0.042201056538722456
hp:0.0480627500672925
mine:0.07256086766222192
include:0.037350258591606685
intergraph:0.06525342765521013
