tv:0.027857801884203403
large:0.022014956763879233
at:0.01295536783021222
cable:0.03174740781903859
stations:0.040341114528172364
50:0.02537634771417964
knowledge:0.027182140770971586
your:0.01852841503207739
with:0.004300201299923142
though:0.01827606030596088
into:0.013167675757223428
from:0.006224795988457174
my:0.013973739137210313
to:0.00202676347072181
antenna:0.04156945338598976
100:0.024842000726699055
approximately:0.03808574491477181
make:0.012941768259924291
that:0.005101538609330541
like:0.008563522525799068
its:0.015204592323780663
anything:0.0170679496347015
recommendations:0.03962318460490827
so:0.007513313216065589
voice:0.02666539927526594
supposedly:0.03411098320179586
this:0.0038601649880251397
best:0.03581141294060933
you:0.008173514550128262
numbers:0.025939282360284546
products:0.02978004995688889
am:0.024034358186784788
etc:0.017075911672487027
support:0.020139384628922837
3:0.017216661357629556
a:0.0020536825380094046
nor:0.025401022036583846
advance:0.02326103835791654
solution:0.028601890207597416
ordering:0.043610863213918286
prices:0.03207692264102237
are:0.0047272895705972465
works:0.021875926423167207
it:0.0025209958069115587
not:0.004433161827764448
admit:0.030147773637584932
have:0.011277587054727638
plug:0.03487672040218261
try:0.017914629943701417
area:0.02359166944602461
networks:0.03723512433389341
money:0.022795733578890663
tons:0.042647420107988845
which:0.00949920832733469
claims:0.027620041732417104
if:0.004927576615907421
of:0.00571884075193349
even:0.024693521290676847
catalog:0.040154954175346695
seen:0.01906224184281142
looking:0.019072686363284148
what:0.006767956639681111
least:0.01770339987284178
excellent:0.028640186862796964
seems:0.017327110951331458
up:0.009878385076120474
miles:0.029515844006697246
pick:0.02955922431645599
in:0.003919405188849055
205:0.041458880758309315
and:0.007018334825198343
few:0.016806084565487402
pop:0.07762870898607642
for:0.009569084203296293
subject:0.0001963011536177816
i:0.01122933572031735
pounds:0.040435992504906974
info:0.021657319554355865
house:0.025278470180074935
limited:0.028544816638954112
any:0.007524171075652995
pretty:0.02116191218323255
the:0.002216920617614862
do:0.00528174940372424
hello:0.028450667578321848
thank:0.026694811079187607
would:0.0068577179860615884
modules:0.04375941253242946
outlet:0.04582487124909418
regime:0.04191151232448162
an:0.006602192195306888
just:0.008635210025484456
company:0.024750941467877572
entire:0.027422192813888246
paul:0.024081047728743067
is:0.0019755340212548817
100,000:0.04082824236303413
addresses:0.03543544030643203
dollars:0.033717684047744494
under:0.01784796637577676
wall:0.032989074469478095
