out:0.023563541981609197
there:0.01835557971154295
know:0.024677502513166038
motorola:0.1949314841178013
that:0.0069380925086895365
r:0.0620043953345826
den:0.2738947251586817
me:0.021671773608090895
so:0.0204362119476984
anyone:0.033458294992827826
this:0.01049964876742838
products:0.08100173588273778
sorry:0.06354833369477249
standard:0.060880890809244734
let:0.046102754855056494
variable:0.10621001818735554
van:0.18342420121973008
are:0.02571645526404902
try:0.048727793446867854
types:0.08193794423961759
network:0.07346979340059154
sending:0.09079590988923915
if:0.013403008395268185
of:0.003888811711314773
what:0.018408842059932623
again:0.04883738276216036
using:0.04408841157289842
they:0.03731678498030975
up:0.026869207407047693
or:0.013486229154061707
message:0.06494639777119443
and:0.007635948289815797
subject:0.000533939137840366
i:0.0038179741449078986
any:0.020465745325776146
the:0.003015012039956212
ted:0.17946056511396083
chips:0.08305481896393944
time:0.031590199398074274
does:0.024369776286750505
first:0.037551096587820826
s:0.012408725617120366
