some:0.006991238773253618
pc:0.019957138095795707
at:0.01055047919107103
out:0.014109905378209102
there:0.016487047645098455
form:0.020439406733424526
know:0.007388473806337137
knows:0.020921924617612185
thanks:0.011936446975545887
versions:0.02658935940508236
your:0.007544504324438699
with:0.0035019603400571696
microsoft:0.025506611339756492
though:0.014883498213237603
frequencies:0.0361463348068905
from:0.005069294936707639
simulation:0.07103086703105253
wire:0.061055907474943515
to:0.0016505379162764441
antenna:0.06770593605382763
mhz:0.028294051437750167
basic:0.02287217251233533
software:0.050582980032597424
might:0.012737036741787102
been:0.017571741164328615
that:0.0020772732061944722
like:0.006973886607836367
anything:0.013899647606703017
anyone:0.010017453590667014
aimed:0.03308749873643546
phone:0.01758890494736269
bitnet:0.029223088456653445
something:0.011920127647685765
unix:0.02372794859952295
mn:0.034324709810465405
particularly:0.02405449278527295
m:0.024589485846396503
sure:0.01306613185724074
a:0.0008362300154768833
how:0.007876425133108529
low:0.02033409904179533
was:0.005302162479649016
hearing:0.02715468685700496
as:0.00958220551158106
also:0.017766432714725347
internet:0.017104993671344947
d:0.032727740521743154
it:0.0020530265253890538
not:0.003610239572311167
ones:0.020315149583094952
have:0.006122761834103627
interesting:0.019569009352822832
ve:0.021857888611106997
suitable:0.030794131956458783
university:0.014073892823944034
500:0.024968725361374493
be:0.013855359452394524
sort:0.018787193459048085
applications:0.02335509597242115
if:0.004012876765050355
of:0.006985889301763065
institute:0.02330813083792399
designs:0.032626654178734095
seen:0.03104748372002818
but:0.011951195609288806
happening:0.027184404158454835
nec:0.03248059757320021
surfaces:0.03575987659648588
version:0.018685452740512483
using:0.013200123225418688
well:0.010077053354211647
who:0.007742831582238613
thin:0.03413153099478743
now:0.009891702981306852
good:0.019401315585143703
code:0.019404266528932314
rice:0.06453596534452126
in:0.004255801242981808
and:0.004572424125638202
for:0.009740983919523173
subject:0.00015986201731747483
i:0.009144848251276405
improved:0.030794131956458783
don:0.02669823556725715
assumption:0.02840259865087925
source:0.01867825126766362
the:0.0018053964311115043
interest:0.021872964051903507
would:0.011169456839573367
lower:0.02377833900027316
wires:0.03358678980792679
many:0.01109701214118619
about:0.005898300480969291
interested:0.0516840038697291
is:0.003217636250187592
itself:0.020138058925714852
new:0.01032335068792543
mostly:0.024437419279885367
time:0.009458143532357566
run:0.016028948672978414
workstations:0.03248059757320021
donald:0.03308749873643546
under:0.014534870820991853
primarily:0.028439222764756113
fortran:0.03700322608617597
e-mail:0.01646524417157046
useful:0.02295980369508047
numerous:0.028857604081884772
microwave:0.03551543351552627
aware:0.024532318634616045
somewhere:0.023230665023368784
