some:0.015162816560173431
there:0.01191920760489802
with:0.007595160737526589
to:0.0035797380781580025
northern:0.0677678907693086
256k:0.23349166756406395
been:0.019055069963914796
re:0.004856370165950267
so:0.013270267498505456
had:0.03985476586187364
ti:0.049203390340930686
on:0.013169060395825712
you:0.0072181686936197646
8:0.03834404262823203
posted:0.044329622395868774
a:0.007254566887513741
vote:0.05915368015359088
wondering:0.04673939612801684
want:0.02457919438587249
was:0.022998990496139887
hearing:0.058893931235322446
old:0.06877696317772271
jason:0.05921943732185773
straight:0.051904696460562456
month:0.051607837524509856
it:0.004452667918700935
have:0.006639618352566921
made:0.03020233184309093
gordon:0.11653283448958496
buy:0.03904988474342813
party:0.05512569407172284
uses:0.04435058610177191
be:0.0075124838589282
which:0.016777822500227507
simms:0.2605083981931809
writes:0.008587823259968343
dec:0.06441946077837224
if:0.017406504409439204
of:0.005050404819889316
what:0.011953793545410795
ticket:0.06576593388843512
good:0.021039088978694796
in:0.002307528596032344
or:0.008757291658481627
use:0.021594539321394133
for:0.004225309907949013
subject:0.0003467137258703675
i:0.0024792039901999343
ago:0.03715799643330707
any:0.013289445016737757
caught:0.058639275762746135
do:0.009328804141642815
would:0.0121123330662906
photo:0.0709230359460669
an:0.011661014786516061
people:0.019549001819131395
about:0.025584835852516145
interested:0.03736462617421974
very:0.02263951288030451
s:0.008057614037091147
