some:0.0072517818331264226
cleaning:0.03361666834582434
there:0.011400981187293756
tower:0.13662844672465463
liquid:0.07392894539640256
where:0.011474886945551314
with:0.007264936357634128
floor:0.03053320942462005
into:0.044492022434345
carson.u.washington.edu:0.03415711168116366
wrote:0.015997360091260005
to:0.0025680729691133493
then:0.00991230030916648
day:0.0157969132656079
enough:0.015106512589673268
next:0.016635900768628416
that:0.004309374228999712
nuclear:0.060624295307591614
through:0.01471716331692439
nt:0.013305811522778358
hot:0.025985206128952866
happens:0.02320545040235266
re:0.0023226118184979535
this:0.006521520973557999
contact:0.04323071178857848
on:0.0031491231381322355
fall:0.02422547221984057
working:0.019680366526127993
cycle:0.03140129602322352
inside:0.023317115074994947
a:0.0026021816009560157
air:0.07181625439064292
third:0.02268810556936575
burst:0.03520939833928817
it:0.010647684153415278
cool:0.028514453257604988
flame:0.026072382017874506
should:0.010203802125673785
fuel:0.059948081561566564
second:0.01707885575560414
site:0.024258162717009975
cylinders:0.03854356672543259
be:0.00359292706296566
which:0.008024175978369675
towers:0.03763298614038988
writes:0.004107219819984859
get:0.008163813511124983
were:0.009635424207902478
if:0.004162424967474591
of:0.003623116501224944
short:0.021509179289573088
even:0.010429561787366618
failure:0.029499069575865036
sealed:0.03474910037560046
what:0.00571703169563125
shop:0.03018319118517203
never:0.01368906354572584
using:0.013692053283508823
plant:0.03474910037560046
in:0.004414402531540136
or:0.004188269923621648
use:0.010327823153710235
and:0.002371412512365154
for:0.002020800390758223
subject:0.00016581960802495836
secondary:0.03432057322350759
outside:0.02238991166137593
back:0.013082960994208307
power:0.016781709814723864
collected:0.0354035135163323
any:0.006355821529744145
water:0.05093288465480187
will:0.014078327265879308
the:0.007490713142748352
do:0.013384805942357081
when:0.008122201508346185
would:0.005792854944747677
can:0.0053699751083087785
major:0.02035048430259498
reaction:0.029311406354768782
during:0.018188630495667518
here:0.011182614320642211
circumstances:0.030140793886598117
cooling:0.1829769156502983
is:0.011681418560463648
core:0.03062388519742224
toxic:0.03659538313005966
heavy:0.027837318241065886
crew:0.06949820075120092
primary:0.02857983470472913
goes:0.02001880245956942
first:0.011661831238453671
article:0.005033123480227335
metal:0.031147743262228144
by:0.006151773135510348
john:0.03331029067803535
s:0.007707282992000227
