folks:0.045161168906033874
ideas:0.04386577606145696
know:0.01504725762997929
all:0.011634973544466966
knows:0.042609285501722376
programming:0.05350950350199185
with:0.021396123541081
programmers:0.07010677854023088
from:0.02064810376658965
to:0.0050421920491127955
basic:0.04658113182390244
that:0.008461088425231142
indeed:0.04497856473786117
like:0.028405830817284712
really:0.023797509063303975
finding:0.05437323585038956
anyone:0.06120419815761187
this:0.006402224858188037
mean:0.03223685435158367
these:0.040405755441437624
them:0.01787633136014928
a:0.005109161436023396
want:0.023080463020880265
worth:0.04286784900965656
local:0.0372729689258043
universal:0.059949350211754
are:0.01568076540490794
d:0.04443522493602526
have:0.006234763574971377
whether:0.03484705591319298
device:0.0979062142661177
but:0.008113210027444027
they:0.01137706859155785
who:0.015768937490656686
up:0.01638366305307786
programmer:0.06217278383119248
in:0.00216682563285964
and:0.002328033015187743
subject:0.0003255726450246134
i:0.009312132060750973
the:0.0018384219755830562
do:0.008759974620810936
junk:0.12824714448415758
may:0.04539086652292271
i/o:0.1258772969608979
about:0.012012392442949653
is:0.009829486349658434
else:0.030811612504122645
keep:0.03230993395275514
hear:0.080821501567288
met:0.05755044418436311
adapter:0.06096235751295661
blast:0.07031174339774773
usual:0.05231879045852946
data:0.0715694054440442
mike:0.03896843937753297
