some:0.007297105469583464
at:0.011012062655680388
much:0.010919980434749572
high-speed:0.034618970683230395
ca:0.012853428725577008
led:0.02634674555518998
my:0.01781651739994315
ground:0.024230960396233382
to:0.007752370275510924
line:0.01764877343003743
calculate:0.03719550065256504
value:0.023336580123479174
pin:0.030458044393406453
that:0.00650446172689644
like:0.007278994146929208
through:0.029618291175310337
tie:0.03312378512656893
nt:0.008925981896530481
need:0.012007512446857728
anything:0.014507757189496274
circuits:0.035429457078908724
this:0.006562280479642738
something:0.012441633232272018
on:0.009506415473236685
detect:0.06405751914032423
am:0.010214602229383536
8:0.018453070514836665
input:0.026669695621091977
m:0.00855509195072545
board:0.022444978245969652
a:0.0043640753932699845
how:0.008221018732682028
want:0.011828737298201136
test:0.022349374087372944
target:0.029957777470446853
9v:0.04192253866619927
are:0.0040181961350076595
base:0.04814544819266314
it:0.00428569287174965
not:0.007536375107199561
should:0.010267575888959247
able:0.01648415766319168
doing:0.01675439315728322
has:0.006654840461790944
device:0.025088467405692663
be:0.003615382857109196
which:0.01614865415646897
get:0.008214837345569515
of:0.007291521958715199
what:0.0057527631437289456
but:0.016632080556260257
ok:0.020399057440693327
seems:0.014728044308631739
using:0.013777628616530755
in:0.0011104981368405655
cpu:0.08385866951987568
speed:0.020990407293036133
resistor:0.15323820839541813
and:0.0023862338405674366
subject:0.00016685598057511437
inches:0.034790214271906116
i:0.011931169202837183
faster:0.024376881421214577
signal:0.028159764517623222
improve:0.029645212341855215
the:0.007066434468647372
do:0.008978973986331209
can:0.005403537452735709
put:0.01554662062216737
simple:0.020619928480976504
mentions:0.03603476849134571
long:0.014876945281928657
wires:0.03505621186202359
about:0.012312702254023394
paul:0.04093778113886322
is:0.0067168156722665975
occur:0.02843622236122838
done:0.016554147196379366
time:0.009871937311898211
questions:0.01890110210778445
electronics:0.028189885057847898
run:0.01673021517742122
runs:0.023448690752770843
slow:0.025665800656511507
art:0.02882494866041529
very:0.010895265573646546
side:0.04025455098213992
going:0.013611348025310516
functions:0.029275281895665653
