say:0.00916688393365963
ah:0.022740589205172804
where:0.008924912068762133
with:0.0028252530279688276
way:0.008368950819065427
though:0.012007459911162702
surprised:0.021259336676324826
to:0.0033289834784802678
sound:0.05001714911780335
look:0.011454919440946428
manufacturer:0.024226022537288557
day:0.012286488095472812
engineer:0.0215391562305891
that:0.010055206534332662
nt:0.0103489645177165
hot:0.0808428635122978
re:0.0018064758588317417
excessive:0.028192112160814308
so:0.004936283079154203
on:0.004898635992650144
you:0.01074007709002361
used:0.009538471054767466
products:0.019565636686651636
lung:0.028951462805850117
inside:0.036271067894436584
amp:0.183838976264722
why:0.017195387247864794
sure:0.010541275459706297
how:0.019063231843900352
was:0.012832770059440371
as:0.007730571596299695
dramatically:0.02884975551503933
running:0.014625412620515466
also:0.014333305620092428
stuff:0.014122785278616531
whole:0.014453697946991738
cheap:0.01795280781839057
electronic:0.020838991859949803
are:0.006211704170060149
no:0.005438385198949323
those:0.008965776107669372
amps:0.05970568846754963
d:0.008801179818246548
it:0.008281532119322994
not:0.005825217474163912
should:0.007936290542190721
deleted:0.016972847811586166
have:0.0024698097253509797
being:0.009400018985145643
probably:0.011532481715116949
rated:0.027613362403265417
components:0.11754508840822363
properly:0.02080080258696858
heat:0.022077781854866117
quality:0.055712519428613765
has:0.00514383803809928
regardless:0.02185980873756916
component:0.025654593765061722
be:0.008383496480253208
aaron:0.024423230240284963
writes:0.0031945043044326682
get:0.006349632730874986
if:0.003237441641369127
of:0.00469663250158789
even:0.008111881390174037
what:0.004446580207713194
but:0.006427857219810726
fairly:0.018957519556753073
fact:0.011585831539269755
bearing:0.02738508759722413
they:0.009013716178818779
good:0.01565226909526086
in:0.0034334241911978835
gon:0.023094228838135583
point:0.010635439426377104
or:0.009772629821783846
use:0.016065502683549254
and:0.00276664793109268
incredibly:0.025451156637766426
subject:0.00012897080624163428
costs:0.01988527852625041
i:0.0036888639081235734
any:0.004943416745356557
actually:0.011808280807251615
will:0.005474905047841953
the:0.004733714555486806
see:0.0256432719045098
would:0.00450555384591486
can:0.008353294612924767
because:0.008525228497074946
na:0.02105460613058154
inferior:0.02875014543193433
may:0.008990461485216573
last:0.010532186241833323
an:0.013013016500894736
amplifier:0.028463075767824177
long:0.011499088140621182
people:0.00727185091822762
about:0.0047585322720863354
cooling:0.028463075767824177
is:0.003893806186821216
either:0.012094505831465497
save:0.017500049431986926
touch:0.023063749759907253
does:0.005886419392934904
life:0.013480093494148356
run:0.025863134573791254
matter:0.01459373435700745
runs:0.03624918377239937
wanted:0.014710917823894214
easily:0.017869153470509117
designed:0.03796712460756292
article:0.003914651595732372
very:0.008421461312963513
built:0.017838152821617166
assembled:0.029494834706462143
s:0.005994553438222399
