mode:0.12156778560248352
typical:0.07077151332907848
at:0.027967143252521618
there:0.014567920405986466
thanks:0.06328211571162422
switch:0.1349877276828627
that:0.005506422625944076
set:0.04205419974803049
a:0.011083366078145992
drive:0.08964456345415836
are:0.010204942565098817
components:0.0772439152396898
component:0.08429366522805995
be:0.018363849432935595
of:0.0030863585010434706
supply:0.32047344711147174
or:0.010703356471477543
for:0.010328535330542031
subject:0.0004237612205082269
appreciated:0.1074527656881347
power:0.12865977524621627
any:0.03248531004091452
the:0.0023928666983779458
when:0.041513474375991614
would:0.029607925273154794
south:0.1371949042748821
general:0.0936009639075413
is:0.012793934613841138
disk:0.11114218996190099
goes:0.1023183236822437
fault:0.14053968254973373
hints:0.16503839693268763
s:0.009848194934222513
