prism.gatech.edu:0.03351139425605871
out:0.016711731901850494
purdue:0.04089051743698804
there:0.006509070819696081
technology:0.023884167984517323
posting:0.02339850040394497
knows:0.024779868164122233
principles:0.0357965238079737
case:0.017529156789409615
controlled:0.06883216759918152
with:0.004147711892124449
much:0.012391467159999513
mechanical:0.03751222348170562
to:0.0029323386384911294
remember:0.01973492224483143
sound:0.024476477227861212
noisy:0.04126062916160201
recall:0.027736561809028525
80:0.028345117925271692
compressed:0.03846992762215911
t:0.01827144010638611
nasa:0.03042653062127245
produce:0.02989701623283969
control:0.021628611843553358
vague:0.04151855571600538
re:0.0026520603033912803
so:0.007246883669396596
anyone:0.011864643614477952
this:0.007446559409523674
communicate:0.0403135980082366
gatech:0.0416511240352405
used:0.042009861879507775
am:0.011591037990789827
etc:0.01647038288977472
apparently:0.02686993656916073
more:0.00901715621149451
a:0.003961713832188355
air:0.08200295714108871
same:0.013773711705876683
was:0.025119464797202427
related:0.02733431904702957
question:0.015482170803880172
across:0.027369958310878312
internet:0.020259105979536212
ft:0.040095359294287994
it:0.004863197584964141
reported:0.029286295014267116
being:0.013800027871809561
uucp:0.030025734803801937
gordon:0.063638498267362
able:0.01870542713553666
hope:0.020485542820142165
hz:0.04138841998076994
atlanta:0.03394932338420372
johnson:0.03274718956601299
which:0.018324713936418692
writes:0.004689804191613917
analog:0.03821810713664911
were:0.01100215104590283
if:0.0047528398564780795
5000:0.041786217616592944
of:0.011032089961176661
institute:0.027606084042080186
flow:0.03660261826522562
rutgers:0.0378173113191786
but:0.004718320725180214
result:0.025070935893698597
reading:0.02330724855576589
distance:0.03346905264622535
they:0.006616451237643572
ga:0.03909480185982058
called:0.019023081530898822
in:0.002520279459496319
valve:0.08154263603260896
and:0.0027077830814949636
subject:0.0001893401198015482
create:0.02697053681733063
i:0.004061674622242445
we:0.009558467416411134
directly:0.025762413656002695
mile:0.037663127016792745
the:0.0037420362198038095
horn:0.04250321135326932
thing:0.016056258405141535
waters:0.08660185509556971
db:0.04138841998076994
jr:0.03313912345732539
can:0.00613167370523201
correctly:0.030909953681066513
regards:0.029286295014267116
reports:0.02804413080984505
stone:0.035287701787698224
an:0.006368071904693168
10:0.020499090481533082
mountain:0.03223250380122692
pickup:0.04250321135326932
paul:0.02322710986602168
is:0.0019054796233380418
else:0.017918810108780544
history:0.02355324542092823
agencies:0.03286251240907526
blast:0.04089051743698804
article:0.005747041704373057
by:0.007024365069625291
