tv:0.13860955083847545
reference:0.02275386014035582
read:0.013823189401816597
at:0.005371737880819702
correct:0.01995254536696005
technology:0.020534559059859406
case:0.015070799434797291
often:0.018947075538284796
my:0.0057939893983554955
to:0.0008403653415187993
psychology:0.03411344610043704
might:0.012970031316331988
perhaps:0.017612570351463692
approximately:0.03158330066103028
that:0.006345816318923356
nt:0.004354137510502674
could:0.00920188509345157
re:0.0022801250169400644
complete:0.022580584453016937
so:0.0062305524230787815
anyone:0.010200699692935312
this:0.006402224858188037
hi:0.01921351621960003
on:0.018549103362413045
you:0.003389018228101963
a:0.005109161436023396
other:0.008410414559950676
was:0.021596613026863064
fort:0.037525737490287175
capable:0.026754751750995925
odd:0.02963105963910181
colorado:0.028739034680475364
course:0.014915559755487922
display:0.044952700206530215
are:0.00784038270245397
those:0.011316558867607074
phrase:0.0298435397081882
displaying:0.034201182304413255
co:0.027835278922503145
not:0.003676280540097347
collins:0.03495260084358367
probably:0.014556242164812246
systems:0.01829522634318665
only:0.008131318526032235
messages:0.02667707476454818
second:0.06706575065005528
doing:0.01634574942173973
div:0.032929567963601934
screen:0.04558911183056156
be:0.010581608362270817
fastest:0.03429019937405443
myers:0.15072045747296067
which:0.01575478454289656
rates:0.02796100628349544
thrown:0.029930649203599644
composed:0.03722823648925405
of:0.00948490661296286
even:0.03071633136157364
presented:0.027835278922503145
lines:0.021543793440820223
using:0.013441588894176347
vector:0.036944577857333974
one:0.011991596436288079
bob:0.044926890414989026
in:0.00216682563285964
or:0.012334965689690584
message:0.01980073102780318
and:0.002328033015187743
for:0.003967669059903342
subject:0.0001627863225123067
scan:0.03193859888129842
i:0.003492049522781614
suggestion:0.028220516127512484
employer:0.027561526971845274
limited:0.023671311359132682
possible:0.015713241603442573
rate:0.023687047009092996
any:0.01247911300352204
research:0.018825191954492546
images:0.02595031551293161
normal:0.023002211429991117
the:0.002757632963374584
around:0.014434112397278267
would:0.005686888086002293
an:0.005474988649766688
thought:0.016369429299949466
lower:0.02421330861613181
here:0.010978054302581683
expressed:0.02505950686355663
is:0.008191238624715363
limit:0.027075750125907037
maximum:0.0298435397081882
field:0.023734499084959185
time:0.009631158353071425
hidden:0.03113964606174718
hewlett-packard:0.03680754824847996
paper:0.023516148763637775
guess:0.01826925160326618
image:0.06770237189512823
opinions:0.017412257045853915
s:0.0037831480540001117
