taken:0.016983924225560103
some:0.012036462630240764
go:0.010028001297907872
boeing:0.03320568567453029
help:0.011031405773411324
small:0.01540590670240212
saw:0.017512271047089974
where:0.009522973186771968
own:0.011682941420350491
with:0.01205829642865046
4:0.012805512908137522
from:0.004363774507372039
name:0.04271493565716883
to:0.0028416477527645994
add:0.017712476373462467
then:0.008226187369978367
martin:0.04788250898201244
us:0.010617919516417504
moderate:0.030470488504106736
that:0.0053645045170279924
helps:0.02180398090790187
me:0.06702610394254915
greatly:0.020118191493817533
so:0.005267064934973815
anyone:0.008623271905367996
this:0.002706095043151644
extremely:0.02277397105690531
counts:0.029141472476776325
these:0.008539360686077024
recently:0.01705830703395716
on:0.00522689510555969
cap:0.029897160488074653
you:0.01145977297749942
am:0.016848828419601707
market:0.020159047500376403
etc:0.023941484406785934
suggest:0.018924741263454215
brand:0.04644909611154346
names:0.02111802686588082
a:0.005758779900397505
how:0.006780221635201672
other:0.02132950496647285
same:0.010010790466642333
aviation:0.03256051483456119
as:0.004124299794933084
features:0.022297152093073837
organization:0.01975171767070552
far:0.012831845732584545
are:0.0066279523876415
it:0.01237107220711239
not:0.0031077835493606436
have:0.005270624877810854
made:0.011987523463494852
proved:0.027156646515554897
buy:0.04649754317387576
hope:0.014888976998144563
has:0.010977056431820113
willing:0.018432473474122014
be:0.002981759057409646
which:0.006659238827409885
spend:0.02113452172531727
if:0.003454383607027883
of:0.0010022710596172095
cheers:0.022444137507032714
seen:0.02672644217136446
never:0.01136051149928794
please:0.009873275035594096
they:0.0048088640438543485
brands:0.06223131868815168
up:0.006925053455424663
one:0.0152058387800354
email:0.014143807520453303
in:0.000915874752033456
compare:0.022215004710275838
accurate:0.02305392976491428
or:0.0034758322562014705
use:0.01714205698708606
and:0.005904083729239018
for:0.010062335966352804
subject:0.00013761317985576442
however:0.012356179918540789
space:0.015760375038727337
i:0.006888097684112187
appreciated:0.01744722741843424
ago:0.0147482769348693
any:0.005274676630354676
bcstec.ca.boeing.com:0.03198718681852911
the:0.0019426623968790025
do:0.0037026696850850343
see:0.009120545161913279
would:0.004807472402599876
can:0.004456525734215017
peter:0.03795766062707172
bought:0.01888187499416732
an:0.009256681840842646
just:0.006053549296215907
eg:0.02605983845226282
many:0.009552582616381925
about:0.005077402991349853
is:0.00276982089578004
does:0.006280870176997552
advice:0.040101619260136584
abuse:0.025013751627537613
every:0.012536848076996888
very:0.008985786040120862
convert:0.0220545360577234
94:0.02808583117447729
going:0.011225854041493209
needed:0.03438992464057754
200:0.02142332498031553
happy:0.03915561946891774
check:0.01705830703395716
s:0.003198125159051641
