read:0.01054420028789731
out:0.016439680452285485
mess:0.02375303234477459
know:0.00573895407282931
all:0.00443752479370368
small:0.013901143722167494
case:0.011495865615380258
your:0.005860149870610523
with:0.008160382001714614
from:0.007875090738885353
work:0.009418941692978156
turn:0.015913851789369837
starters:0.027228448167240737
my:0.008839202430979546
to:0.002564091460634104
martin:0.04320561275586239
lights:0.022830820787862055
clock:0.0399082866753434
day:0.011829316445408708
that:0.0032270197714835054
bit:0.012674810223514882
like:0.0054169258767845264
really:0.00907625927065547
through:0.011020759507092217
me:0.005039947350718813
exactly:0.029919838635088448
description:0.020349024471562335
so:0.014257822289091908
this:0.002441778783122879
starter:0.0839226838050968
ti:0.017621679331403083
two:0.00867343922164331
these:0.007705283595809035
on:0.002358180582508325
you:0.005170223157290436
glass:0.025400343106265818
state:0.012361457613677285
inside:0.03492144676348081
m:0.006366580056353824
more:0.005913576864282445
a:0.008443978435350295
series:0.016685350515198448
organization:0.017822480130776145
causes:0.019847215345928912
digital:0.019206360916333317
it:0.0063787056695808735
have:0.002377909828593734
made:0.010816649078688378
heat:0.02125628299515017
meter:0.027874199073539416
tube:0.049602240893062165
university:0.01093181442604025
reminds:0.02602141935103104
lamp:0.0839226838050968
providing:0.0214511245844951
has:0.004952439413425818
open:0.015371909668620292
loop:0.023877070703296272
which:0.006008801546593106
found:0.01243963025700929
sort:0.029185686582893302
were:0.007215364174289763
things:0.010394074084373255
of:0.006330623716093817
cheers:0.020251919424950447
oklahoma:0.028180980319082657
seen:0.012057976235452805
what:0.012843378181348342
but:0.003094340568606559
happening:0.021115327881218407
never:0.010250880143543537
ok:0.015180693909353171
well:0.007827292605364394
together:0.016553331355582467
they:0.004339161044222064
up:0.018745958656079784
good:0.007534929541206973
one:0.013720617317799383
in:0.005784920526797364
or:0.003136332361409699
and:0.0017758019278641388
subject:0.00012417189252101533
i:0.0017758019278641388
power:0.02513353748995853
leads:0.021115327881218407
than:0.00665395945218354
the:0.005258741930156184
do:0.0033410135763092866
when:0.030411033554505487
can:0.004021237174128899
peter:0.03425016819372983
mm:0.23995366904711393
fires:0.026156245103929887
an:0.004176270411915054
thought:0.012486448396240524
just:0.005462272388213423
btw:0.0174501884671783
different:0.011754497200052314
current:0.014708119645259619
is:0.006248200625364277
either:0.011644477707503991
type:0.015072151210845099
keep:0.012322858530818237
life:0.012978508619947489
broke:0.02332458914055224
globe:0.02862428348096324
runs:0.0174501884671783
strip:0.049914079888770474
too:0.009081478455183705
nothing:0.011883051169771668
tree:0.024047774735158726
little:0.032725656305559965
replaced:0.02011929072584337
metal:0.02332458914055224
christmas:0.028180980319082657
side:0.014978437574749735
thus:0.015494674757564211
check:0.015392146812035764
appear:0.018366035201191545
main:0.017294962844775944
s:0.005771500287032728
