since:0.010105159714160008
read:0.01144951041362587
choice:0.019052336739992643
at:0.004449318244719349
out:0.011900778778590505
correct:0.016526350707987116
there:0.004635247401904786
all:0.004818524397203492
wave:0.12432119890638657
anyway:0.030793068905500345
tune:0.02975685193908892
suggested:0.022182131055329964
with:0.0029536736201492293
much:0.008824226613939048
such:0.009712208098322217
followed:0.022449180308097373
from:0.004275617446617049
to:0.004176361091184336
antenna:0.11421102344433551
then:0.02418000529963338
most:0.009376744767510293
that:0.005256130688401164
12:0.03589277607688925
so:0.005160659582752122
had:0.007749537806475431
best:0.036896607272142945
on:0.007681951897564999
td:0.27101439137744987
you:0.014035328015371764
etc:0.011728909027566847
why:0.00898849787956569
a:0.004937135798446851
as:0.004040980607156659
let:0.011642109811882954
question:0.011025182239126791
cb:0.12286667246116102
ole.cdac.com:0.03325759527525026
explanation:0.023292887806396195
organization:0.01935269307129733
wa:0.025327205379892585
are:0.0032470271798041694
no:0.005685584526174293
those:0.009373311385290708
fanatic:0.029205340363508154
it:0.005194779238484424
not:0.006090000086625909
probably:0.012056685429440448
meter:0.06053487677586843
32:0.043256755267732386
channel:0.1223709123423464
installation:0.025052012524922534
be:0.008764564502082899
recommended:0.024791042774698697
1/4:0.08455182614363209
minimum:0.02475483828238247
of:0.0019640463188458452
cheers:0.02199072058769872
what:0.009297394979763953
but:0.0033600162739919714
reading:0.016597586092742377
sense:0.016597586092742377
again:0.012332672414686961
using:0.011133437265883438
they:0.004711715275291635
beginning:0.020454983808772167
good:0.008181867936159087
one:0.009932433411874976
rest:0.016498135522589944
in:0.00448686115895178
point:0.011118868491212429
or:0.0034056134227428555
use:0.025193629208293152
and:0.003856539540311009
for:0.00985905645188103
subject:0.00013483311561625404
i:0.0019282697701555045
actually:0.012345020843944872
will:0.01717129310459522
the:0.005710250075674644
do:0.007255736554611078
specific:0.018510890345810268
peter:0.03719083920026219
may:0.009399118825453691
an:0.004534839083645136
makes:0.014105948900262497
btw:0.018948436971936038
middle:0.020288385328992842
is:0.0067846622952187855
length:0.023347194835569234
1/2:0.02395572714493351
itself:0.016985130508052424
new:0.008707068509512864
spot:0.024372831139929843
devil:0.05332072940457775
instructions:0.024406389436488773
almost:0.01526259055689176
going:0.010999069111362034
by:0.005002199367763465
s:0.009400549709939672
