expensive:0.02154301486243026
at:0.01874393643520066
music:0.02450350233878236
refugees:0.03176542229581458
know:0.006563165562012243
all:0.010149657772832884
small:0.01589758457588304
with:0.006221567838186674
much:0.009293600369999634
ya:0.08149311628925325
from:0.01350913171963046
ship:0.027258518783116692
to:0.0007330846596227823
ships:0.03235053344057165
territory:0.027861330939005006
us:0.010956789288218064
beach:0.056494690525189115
that:0.00553571210799697
broadcast:0.027026204615549346
think:0.0076582341889816765
gee:0.026936047390476083
like:0.006194888635684432
talking:0.017338782874267385
communication:0.025599268516641478
nt:0.003798290168736375
could:0.008027176358117326
me:0.005763769576619919
re:0.0019890452275434603
so:0.005435162752047447
had:0.008161747264266677
this:0.0027924597785713777
parallel:0.02447528397585846
he:0.03383262143660075
wan:0.02911517313858517
on:0.010787421813601913
ta:0.02456039217450974
officer:0.026717121472957427
communications:0.044883860599294625
board:0.019102109145506085
a:0.007428213435353165
was:0.01883959859790182
worked:0.06134304000916515
idea:0.014746682421599766
said:0.02331388115599396
giant:0.03023519850617745
question:0.011611628102910129
aint:0.03795239468839799
solution:0.020690729086347066
hitting:0.025530187689371202
no:0.00598800923501335
pa:0.027551389938345563
care:0.016840515645073918
ear:0.031138916787004034
it:0.0072947963774462115
systems:0.01595966553341814
japanese:0.026632013274306143
reminds:0.029758538087615284
corps:0.03222824876916368
quality:0.020447680003055052
war:0.018812899550920303
willing:0.019020743904147184
talk:0.01840209450870759
troops:0.02488465121594425
which:0.0068717677261570095
common:0.017904936381017818
writes:0.003517353143710438
were:0.016503226568854244
dept:0.021826103672030847
of:0.002068516867720624
aircraft:0.02991272711353684
what:0.004895968632960804
but:0.0070774810877703214
well:0.008951425054007154
they:0.004962338428232679
david:0.013278964039066457
clear:0.017541227352056453
in:0.0037804191892444783
system:0.011889480474694281
use:0.008844571956102915
and:0.0020308373111212227
for:0.0034611581160858933
subject:0.00014200508985116116
transmitter:0.03260387412668471
purpose:0.02000468878800312
i:0.0020308373111212227
example:0.014954037998712259
usenet.ins.cwru.edu:0.02770410326750743
source:0.01659185086010545
than:0.0076095812884013885
the:0.005212121877583877
horn:0.031877408514951994
landing:0.02968308790148786
devices:0.022578076827248182
got:0.023533551293942277
can:0.0045987552789240075
conference:0.023182465260799884
radio:0.01908165085514716
did:0.008744207677888114
prof:0.031339663212444704
na:0.023182465260799884
an:0.009552107857039752
jim:0.01801239759015356
during:0.015576433562779098
people:0.008006772021665517
about:0.010478895535339058
audio:0.05276913276526236
stuck:0.025295234400471534
time:0.008401648776083582
wwii:0.05836586782799406
their:0.008051508609477202
told:0.016490530674091116
history:0.017664934065696174
wanted:0.016197659518862245
every:0.012936960249667
article:0.0043102812782797924
very:0.01854513289131327
thus:0.01771997379189524
somewhere:0.02063575031331163
needed:0.017743737713489475
project:0.04097484952567075
by:0.005268273802218969
students:0.025428220050500352
s:0.003300192983276693
