some:0.0054052633108025655
markets:0.027277114277498172
at:0.004078541724326069
preferably:0.02439069177785949
there:0.004248976785079386
know:0.011424769682021312
send:0.013580310744797326
ec:0.028608975724034195
thanks:0.009228641874611865
your:0.005833019547135474
with:0.005415068303606919
much:0.016177748792221586
custom:0.07405890133339142
from:0.003919315992732294
post:0.011956378724218427
several:0.013048385981793502
my:0.004399140098751394
via:0.015825145271368725
to:0.0057424965003784615
receive:0.019826012831044005
require:0.01796074564306753
then:0.007388334952665755
been:0.006792779570469626
that:0.012848319460536177
think:0.006665500127447014
control:0.028237354351305772
nt:0.003305919220937215
bytes:0.023766528709299527
need:0.008894453664339056
re:0.001731206031380419
avoid:0.017901618024181012
exactly:0.014890660431814853
so:0.009461209235045556
anyone:0.007744975692784218
this:0.004860948503439064
followup:0.027277114277498172
ti:0.017540097482646587
routines:0.0242036105818508
best:0.011273963333154786
communicate:0.026315820922043334
something:0.01843204923299558
on:0.0023472630798115272
you:0.0025731434694848234
am:0.007566372021765581
working:0.014669162086604662
m:0.006337105148685519
board:0.016625909811829372
a:0.0051722375031347965
how:0.00608964350569039
richard:0.017296655161012864
other:0.0063856851288514385
load:0.020814781813905392
responded:0.024249676928393245
ram:0.03601719507623378
advance:0.014645838966095599
are:0.002976441581487155
d:0.008434463992486275
it:0.006349174624814295
should:0.007605611769599442
application:0.017085035684337634
have:0.004733801973589378
domain:0.020662977078613764
only:0.006173778880876326
ve:0.01689938610210587
able:0.012210487157919763
has:0.004929511453178477
public:0.013721039805836081
device:0.01858404993014271
be:0.008034184126909323
if:0.003102548239645413
of:0.0018003757922753578
host:0.06648409162739895
seen:0.012002152271399781
looking:0.036026185352870055
what:0.004261306032391811
but:0.003080014917825973
lines:0.01635732464951165
well:0.0077910551395988185
up:0.006219723936816596
good:0.015000091216291658
one:0.0045523653137760295
in:0.0032903648498979715
cpu:0.062117532977685685
system:0.010348251524270949
or:0.009365436912542852
use:0.023094160107602055
and:0.003535161245285091
few:0.010581608800492066
for:0.004518734207112138
subject:0.00012359702264823285
i:0.007954112801891455
info:0.013636090089779618
information:0.01129083928001743
flash:0.02545969898457106
will:0.010493568008363744
program:0.025709568818371064
the:0.00279167781477427
do:0.006651091841726821
thing:0.010481168681134058
see:0.008191600747273963
devices:0.019651289090382676
around:0.021918466973644773
would:0.004317822435668407
can:0.008005240670719567
64k:0.02784471762051823
needs:0.03101246817286432
an:0.008313871653349413
ready:0.019516107818659242
just:0.005436984090119842
i/o:0.04778675162404456
people:0.01393771425993627
about:0.004560260094082738
company:0.015583926109404397
previously:0.022016222533743742
is:0.002487709508246888
chips:0.019225652537948945
done:0.012262331256577308
hardware:0.0164337089059007
uart:0.029671820361277253
does:0.005641151918229283
too:0.009039434573446742
transfer:0.021040662203578683
rom:0.023329071100869334
written:0.016590365455815322
lots:0.016892106534335004
built-in:0.026173359539326882
everything:0.014303992981126171
range:0.037032925791571046
s:0.0086171705674447
