22:0.023944520691107765
keys:0.022522095431646558
reached:0.02698624095234241
go:0.011180645125253604
at:0.020252069251826002
cable:0.049628131763094815
out:0.013542265506671952
say:0.010905430886595078
there:0.010549183742266063
all:0.010966296903980358
take:0.024433898049835673
ever:0.01519208078637851
continue:0.02246095521207727
with:0.006722153756201693
much:0.01004136131930995
remove:0.025391668879538105
o:0.020120568872413112
from:0.004865357784081469
mechanical:0.030397836269658002
my:0.005461001501898283
to:0.002376205448432467
caps:0.0296077731051258
rpm:0.06772249061999545
lock:0.029055222182407973
apart:0.026475048503971747
that:0.0019937047438763037
ran:0.026090778703804354
like:0.006693327951199271
nt:0.00410389972254275
could:0.008673041122563547
re:0.002149083349299831
so:0.0058724746976144835
consultant:0.03303882666838467
had:0.008818439572885833
this:0.003017140450410454
30:0.019673019967666037
roll:0.03096984543831911
two:0.010717180647432824
procedures:0.03138548142440891
on:0.00291384382321431
you:0.009582741196702101
used:0.011347491427223366
burn:0.028007397143362256
a:0.003210354312290563
how:0.007559557455339795
was:0.015266571277610096
running:0.017399197772682194
question:0.02509179406146097
turns:0.025366406744635587
obtained:0.02754738158202009
electronic:0.02479121445407822
computer:0.015406338535432846
are:0.007389785995416385
no:0.006469803081508677
d:0.020940738188241787
desired:0.03138548142440891
it:0.0039408670085054245
should:0.00944144909329586
shift:0.027849931774465042
transmission:0.027849931774465042
doing:0.015406338535432846
b:0.01759142727881748
mileage:0.03077278179763732
be:0.0033244899835486856
writes:0.0038003585690664504
get:0.007553873421213346
if:0.007702878388085164
of:0.0033524238890644594
key:0.018424381443888367
duty:0.028913310615796637
anyways:0.03249106701433682
order:0.016116763569726966
up:0.007721036611220602
now:0.009493760907346232
over:0.011528395129421597
one:0.005651212113653003
in:0.0010211477120373015
bmw:0.025468128452103406
speed:0.05790457184285829
or:0.0038753532051901455
and:0.004388476028629768
for:0.003739642102437632
600:0.028251992628527747
subject:0.00015343078673573735
legally:0.028774818940054913
until:0.03288696236051315
i:0.002194238014314884
info:0.01692756011145056
any:0.011761922601020772
mile:0.030520120168780328
the:0.004331913850511799
alternate:0.03397284350457878
got:0.01271352771052054
would:0.005360055437381471
once:0.015419719511062678
simple:0.01896085377561058
an:0.0051603341296651535
thought:0.015428657501101796
just:0.006749359560148769
long:0.027359899369064192
btw:0.02156201448530652
mph:0.06291554655234496
odometer:0.1128838540778742
lesson:0.03183353626044174
is:0.003088191113685792
max:0.027366069181244655
heavy:0.02575751860236556
days:0.03423278878793302
time:0.009077643505193756
easier:0.02400387192188851
does:0.007002809277801869
run:0.015384105910272384
1:0.011255884436348899
4000:0.0334353374240568
article:0.004657085519060925
admittedly:0.03333361571658898
full:0.01775668094208766
playing:0.023019367559512026
mike:0.01836443694803278
high:0.016076573710583457
200:0.023885776127478234
sometimes:0.02014084094435546
driven:0.027053459571671098
share:0.023454304711154346
