all:0.010258793877917111
true:0.02777721281890158
with:0.006288466417091907
work:0.021774972731078538
sell:0.03742013224710288
longer:0.03649689256316318
to:0.002963869161485658
been:0.015776778357219776
like:0.01252300068288896
this:0.005644972455606656
these:0.03562658006664393
fair:0.04540537136348261
used:0.02123079041222436
a:0.004504852018859339
how:0.01414368814224865
was:0.00952108746345576
as:0.008603378066849661
jumper:0.06062804067881793
said:0.023564568050144435
adding:0.05080759774305675
odd:0.05225262129906126
fine:0.03482964062280173
503:0.06399225918720867
l:0.035537210524229715
display:0.03963571416059654
are:0.020739076825845984
works:0.031990602081190755
digital:0.044401802118404984
it:0.0073732350481714405
have:0.005497318420942504
meter:0.0644403526968922
hm:0.0573359236129482
switches:0.05769638266712717
be:0.006220013517607219
which:0.013891315403414171
get:0.014133053497754004
converted:0.054542105140380305
what:0.009897226913942271
but:0.014307166069901296
years:0.02397607981699348
seems:0.02533857085355998
they:0.010031393811911224
who:0.01390379434660052
in:0.001910534428973016
according:0.03698415273748622
fellow:0.05174905893686665
and:0.0020526742714558595
for:0.006996749740044603
subject:0.0002870640526023473
al:0.08193578883273617
300:0.044726028335294106
i:0.0061580228143675786
alan:0.09463833746234923
the:0.003241948430060443
older:0.04750699338752291
can:0.009296408520835629
extra:0.04177070655366937
btw:0.04034183355315414
about:0.010591571831417974
is:0.005777905954637934
new:0.018537629729930612
average:0.04171528020325362
days:0.032024221769356695
spare:0.054819013700621325
2:0.020950640345111925
sale:0.03413841025917882
advice:0.041826420088529555
meters:0.06294748769845977
designed:0.04225373545035229
function:0.04422581311341353
condition:0.04083973213424754
needed:0.0358690611842583
by:0.010649843815238346
s:0.02001407357600059
