some:0.01588485544399121
go:0.02646846601080445
at:0.00599295926839749
dan:0.027032676798552778
know:0.008393708337811577
tried:0.021073905122698442
with:0.003978417529180594
motorola:0.0331516129452043
into:0.012182339476070655
from:0.005758994928096432
sell:0.02367396121755488
upgraded:0.03786689988778896
several:0.03834627717098499
my:0.012928085188167364
store:0.030361925503269206
to:0.0075004035923310515
require:0.02639129972042576
256k:0.12230515920022396
bunch:0.027593217830981804
that:0.007079686233356669
quite:0.018069383551764635
memory:0.023004300858281056
bit:0.018537987741875508
id:0.031903461279069754
could:0.010266048675687464
re:0.0025438129440691873
had:0.01043815296382405
ti:0.025773204464297025
two:0.012685642399002118
starting:0.026677020291681747
am:0.022235868798658034
great:0.01715136522947399
etc:0.015798122363661467
them:0.049859155494293914
a:0.0038000112267929115
how:0.008948047600198124
hard:0.018396145595751763
other:0.009383047536271501
wondering:0.024482540828961202
j:0.020776385438971853
was:0.006023545129941399
as:0.00544295347086407
old:0.03602602833118808
ram:0.026461612709069715
mac:0.023342055338851263
popular:0.028775321742401105
mind:0.020609903421837668
no:0.007658134259744965
daniel:0.05821197272378693
it:0.00233234986217668
have:0.013911581310140213
macs:0.03598111231918702
device:0.027307175407556637
uses:0.023231259386642427
free:0.019642910164113847
be:0.007870221185543827
simms:0.1023425850044639
get:0.008941319559803552
if:0.009117692785896725
of:0.007936350431254638
interface:0.02872584718914206
gotten:0.029317761318323216
what:0.006261510904738987
but:0.009051472411570206
good:0.01102047517931632
one:0.013378379697627516
in:0.001208705455064561
or:0.0045871527734903765
use:0.011311425358825497
and:0.0025972613230665974
for:0.006639772712491305
subject:0.00018161195164638296
i:0.00909041463073309
any:0.006961137865910253
joseph:0.027783664140433685
projects:0.07099493318689472
the:0.001025514299304834
rubin:0.17188407831033664
do:0.00977303291029247
interest:0.024848877528352964
around:0.016103363490841058
would:0.01903366624702808
apple:0.02580521732849711
people:0.02047990666766146
is:0.0018277049448344482
records:0.033540445692414836
somehow:0.028925941646327724
comes:0.02057262814452729
lots:0.024821054499431026
project:0.02620160445859218
