some:0.011446439952287786
believe:0.021300704709120984
there:0.008997833191932817
know:0.01209681495743433
800:0.047055640054919474
chris:0.03761516904822843
thanks:0.01954300632270748
though:0.02436808040794784
from:0.016599455969219128
to:0.0027023512942957466
janet:0.04981300458552232
most:0.01820191631340233
been:0.01438470967864156
provide:0.033107408610621704
appears:0.0382382453666111
could:0.014795187797314287
anyone:0.016401124996484228
this:0.005146886650700186
two:0.018282249339738346
on:0.014912024271743821
you:0.005449009700085508
used:0.01935748537585162
machine:0.03189018974827791
8:0.02894599296444967
a:0.0054764867680250785
other:0.0135226273316854
was:0.017361983021595796
part:0.024011981494247815
standard:0.029843573926100358
connections:0.054990136254154644
obtained:0.04699259211050486
internet:0.02800523473641771
digital:0.040483996049133955
it:0.013445310970194978
not:0.005910882437019264
have:0.010024521826424566
christopher:0.047442687221329154
connection:0.08442678697063719
has:0.02087793086052061
device:0.07870891735119266
without:0.02203147534120093
be:0.005671188795465405
which:0.01266561110311292
if:0.013140204309086457
of:0.0019062802506444965
interface:0.04139901506670473
what:0.009023942186241482
but:0.006522384531866767
removed:0.045268173811841485
over:0.01966608580901331
one:0.009640303017408064
pictures:0.04558964266304728
use:0.016301760075954394
subject:0.0002617348714903755
each:0.024960876444711913
however:0.023500969648989345
capacity:0.05096774022921236
i:0.01122933572031735
any:0.01003222810087066
information:0.047820025185956176
the:0.0036948676960247696
would:0.00914362398141545
film:0.05087392208199519
is:0.010536181446692702
number:0.02453200831762508
man:0.028412248419560773
told:0.030394311438520883
very:0.0170906126645436
little:0.02299351668527906
takes:0.035057841705683046
grateful:0.05283091280654436
data:0.02876809434515502
john:0.026289003917469075
