say:0.025993766770788265
there:0.012572314870919827
honor:0.07381853570229485
know:0.016902398981620572
environmental:0.07260007698974012
existing:0.05931057063501439
to:0.0018879440549189463
that:0.009504236313273337
like:0.015953959774091413
re:0.005122472640796856
anyone:0.022916640406046452
this:0.007191540251663273
why:0.02437976137197269
was:0.024259209153462618
also:0.020321878516158444
hands:0.05486808158020675
based:0.04138223303973346
no:0.015421174468253558
month:0.10887132847636324
customer:0.07414087128325642
has:0.01458595169707604
be:0.015848253620204693
writes:0.009058388918048799
battery:0.1936932200382723
of:0.005327139330568182
but:0.009113468797950825
quinn:0.08919035468966888
they:0.02555944176733544
shack:0.15616344318163014
in:0.0024339685191026093
floppy:0.06034275470681969
replace:0.06022415110759895
subject:0.000365711738246826
i:0.005230101568366984
we:0.018462245283753013
don:0.061076785475780056
ms.uky.edu:0.08537236287502477
will:0.03104946150419957
the:0.004130153479392071
see:0.02423816111522159
club:0.26479260868080967
radio:0.09828357152788127
maybe:0.03627278194989485
an:0.012299974500845709
is:0.0036804469437077244
move:0.04844965911743859
cards:0.10780869765348224
new:0.023616432395665025
else:0.034610304456685705
does:0.01669162759366473
their:0.020735392035365945
issued:0.07231167412401639
told:0.0849375278555926
