dallas:0.03369275785966294
generated:0.05917887580173533
out:0.014368013403420242
effects:0.026230712544893942
circuit:0.028220516127512484
with:0.003566020590180167
much:0.010653639448536168
compared:0.025138955036058667
from:0.005162025941647413
work:0.024696005658418337
turn:0.02086267155313729
starters:0.035695831438760726
prevent:0.049061188684983804
to:0.0050421920491127955
connected:0.02771209168276217
like:0.007101457704321178
really:0.011898754531651987
through:0.01444794691478553
description:0.02667707476454818
excessive:0.035583946446881475
so:0.0062305524230787815
this:0.009603337287282054
starter:0.14669412209833996
parallel:0.028057032850374333
opening:0.029974675105877
on:0.003091517227068841
you:0.003389018228101963
a:0.0034061076240155977
how:0.008020506080665393
as:0.009757489758744128
immediately:0.02574816790734075
ee:0.03628829331957565
role:0.02691313886321093
causes:0.026019215240089735
not:0.003676280540097347
heat:0.05573293712143032
tube:0.16256832000012753
sufficient:0.027897818557668933
after:0.011763498095517995
providing:0.02812190113211248
open:0.02015219865093514
loop:0.031302257324443285
writes:0.004032087750107088
down:0.014416863274104623
dept:0.02502016762403536
of:0.005928066633101788
short:0.021115718692812608
but:0.0040566050137220136
result:0.0215548900061677
loss:0.02595031551293161
up:0.01638366305307786
box:0.019320359821381753
in:0.006500476898578919
firing:0.06675186036651234
office:0.022260597030769273
and:0.003492049522781614
subject:0.0001627863225123067
discharge:0.07010677854023088
room:0.02431724683121101
power:0.03294945463622612
actually:0.0149043544335432
the:0.012868953829081393
when:0.01594724930297239
less:0.016761375345099253
peter:0.022450567566011933
home:0.017861969828422856
because:0.021521003645055048
fires:0.10287059812216327
during:0.017855911645137015
immediate:0.029266312717084065
stops:0.033074754845880704
current:0.038563972240619734
draw:0.02574816790734075
is:0.003276495449886145
itself:0.020506438052404756
keep:0.01615496697637757
does:0.007429809843521496
2:0.01188054604936225
runs:0.022876771466117895
contacts:0.14062348679549547
1:0.011942218853199443
strip:0.06543614131759544
article:0.0049410541482719575
metal:0.030577967470845926
thus:0.020313140688270157
before:0.012964599190381978
tx:0.02888509102817349
main:0.022673274461139196
s:0.0037831480540001117
