another:0.008696099334857172
basically:0.015389045287246612
mode:0.01501719704501267
some:0.009157151961830229
at:0.006909529509446518
fewer:0.02156586266928372
there:0.003599133276773127
with:0.0045868813865846845
much:0.0068517524296467895
motorola:0.019110929815470714
into:0.007022760403852495
from:0.0033198911938438257
upgraded:0.021829154052960698
several:0.022105500957391343
my:0.014905321746357668
store:0.017502757054825777
to:0.005945172847450643
require:0.030427616148255583
line:0.011073740191396033
implement:0.01995886357417517
design:0.014757518460491932
look:0.009298699310885923
256k:0.0940071027578192
that:0.006802051479107388
think:0.005646070696190413
equivalent:0.0185064173455599
quite:0.010416468165134907
memory:0.013261302847714962
counter:0.021178231945218496
provide:0.013242963444248681
bit:0.02137320939651529
packages:0.01939317883360832
id:0.01839140709028727
could:0.029590375594628574
re:0.0014664333442281198
so:0.004007100381901647
this:0.004117509320560149
two:0.007312899735895339
starting:0.015378517579910655
on:0.001988269902899176
you:0.010898019400171016
used:0.015485988300681298
am:0.01281832436628522
great:0.009887257602873243
etc:0.00910715289199308
them:0.01724540201802636
8:0.023156794371559736
m:0.0053679008318277335
more:0.004985956964002846
a:0.0054764867680250785
how:0.005158286263643625
hard:0.010604836872845134
controller:0.049551630831760785
j:0.011976975135407304
as:0.0031377025890863466
old:0.010383972871930682
ram:0.015254341444051954
adding:0.018529829765114813
timing:0.02156586266928372
also:0.005817635810508103
ic:0.04651825409484617
logic:0.016285258620380282
chip:0.012676095520797152
popular:0.016588126651501812
mind:0.011881003149059361
are:0.0025212211043185314
those:0.0072781006050492555
daniel:0.016778745079209175
it:0.005378124388077991
have:0.002004904365284913
neat:0.020540902809933103
only:0.010459107751131659
ve:0.007157387055009546
has:0.012526758516312365
macs:0.02074205298400193
device:0.01574178347023853
free:0.011323559976959748
component:0.020825493762226574
be:0.01134237759093081
which:0.005066244441245168
simms:0.0786633202387252
writes:0.0025931858471276953
get:0.010308815492479391
if:0.007884122585451873
of:0.004575072601546792
interface:0.016559606026681894
what:0.003609576874496593
but:0.002608953812746707
huge:0.016854599835456747
dram:0.09693394127672764
using:0.008644786582921258
they:0.0036585083314029164
one:0.019280606034816128
in:0.004180698868105659
or:0.01322179328829579
use:0.01956211209114527
and:0.00224586714406347
for:0.002551755787545678
subject:0.00010469394859615018
however:0.009400387859595738
i:0.005240356669481429
actually:0.019171091192949682
projects:0.0409264908959746
the:0.0023647153254558522
rubin:0.04954305786592056
do:0.008450799045958784
thing:0.008878166412254732
around:0.009283115424131905
got:0.00867511302600225
would:0.010972348777698543
can:0.003390454872304758
apple:0.014875948812898335
just:0.004605445346925043
address:0.03756260416392483
about:0.0038628085502818493
e:0.012199567435505203
is:0.004214472578677081
refresh:0.0235017756894548
chips:0.016285258620380282
done:0.010386915887924307
expanded:0.022352806573056865
assuming:0.015561449692819616
9:0.013964053551470691
easier:0.016379112605523924
dale:0.01892478653218082
2:0.0076408217729231715
their:0.005936014190516525
records:0.019335080457980318
wanted:0.01194180388057295
somehow:0.016674954596118337
takes:0.014023136682273217
comes:0.011859515048021614
project:0.015104454334953141
built:0.028960765757449047
s:0.002433083454337327
