okay:0.029491548873304768
there:0.012572314870919827
all:0.0065347111688102135
ever:0.03621126105246384
own:0.031047816925315
your:0.025889018263998545
with:0.004005666964311968
from:0.005798440098836819
work:0.04161107802719802
zoo.toronto.edu:0.06936954670423977
to:0.0047198601372973655
us:0.01410874237113011
that:0.007128177234955003
think:0.009861287859784624
quite:0.018193146452804117
r:0.02123438196389815
toronto:0.027514385583154673
anything:0.015898911988489067
circuits:0.038826802278256134
re:0.002561236320398428
michael:0.020580104121052666
this:0.0035957701258316366
aisun3.ai.uga.edu:0.03861923139130182
on:0.0034726631865704786
athena.cs.uga.edu:0.038517758200992645
you:0.01142052717963127
henry:0.12534910256048507
narrow:0.037578024491996175
detected:0.04062381778830744
none:0.02481171392069379
incorrect:0.03480086621728272
e.g:0.027803254932817094
m:0.009375443233671727
a:0.0019130193504745137
practical:0.06574897651509296
want:0.012962999778850558
commercial:0.02853662054967638
idea:0.018988878734662713
private:0.024312884408729803
experiment:0.03480086621728272
course:0.01675446438287684
are:0.004403502613707024
reasonable:0.02560484363086334
d:0.012478385084774215
it:0.011741624306163422
not:0.012388561820054073
only:0.009133809851159497
utzoo:0.037578024491996175
patent:0.12697682376146685
licensing:0.04062381778830744
details:0.026128917001988595
personal:0.06891566036703525
copyright:0.03516143973430615
be:0.007924126810102346
stereo:0.03534910394107406
writes:0.0045291944590243995
applications:0.026714390598591313
if:0.004590071368242529
of:0.0039953544979261365
even:0.011501092107986477
but:0.013670203196926238
spencer:0.06377691228329148
up:0.009201783358577976
over:0.013739320222735326
one:0.00673500621764125
in:0.0024339685191026093
or:0.004618571628103324
use:0.06833340524989101
for:0.006685250607782342
subject:0.000182855869123413
i:0.002615050784183492
improve:0.032487903936279684
will:0.015524730752099786
the:0.0010325383698480178
can:0.005921684879710365
law:0.041189604455396794
mcovingt:0.03793859800901961
put:0.01703739246264917
is:0.014721787774830897
man:0.019849653005446565
build:0.025559130568618867
article:0.0055502252076479516
u:0.02590166769584257
says:0.0175412790714217
unlikely:0.03265703141977538
covington:0.037578024491996175
s:0.012748690702520923
zoology:0.037755938782429464
