at:0.008157083448652139
out:0.010909047213707961
there:0.008497953570158772
stephen:0.03770054888325016
know:0.011424769682021312
50:0.03195540082526325
tried:0.028683926417006213
stand:0.03646054217098576
4:0.02300249540906184
ca:0.019042116630484454
from:0.007838631985464589
80:0.03700612618021582
100:0.06256503886724206
v:0.39178825419372343
nt:0.00661183844187443
need:0.017788907328678112
package:0.07198635246400374
anyone:0.015489951385568437
these:0.015339221973138356
on:0.0046945261596230544
material:0.07819813957044226
a:0.0012930593757836991
other:0.012771370257702877
price:0.05796563336748079
said:0.02029171137651326
standard:0.02818559759687256
driver:0.034072088874874
120:0.04696681275977192
ic:0.21966953322566246
1.5:0.09874520177785523
straight:0.03700612618021582
70:0.03983182275335746
are:0.00595288316297431
ft:0.10469343815730753
it:0.0031745873124071474
ve:0.01689938610210587
60:0.11310164664975048
device:0.07433619972057084
if:0.006205096479290826
of:0.0018003757922753578
parts:0.03378421306867001
min:0.1049761691226925
they:0.008638144671367996
one:0.009104730627552059
2.5:0.04505895055648572
and:0.003535161245285091
for:0.0030124894714080924
subject:0.0002471940452964657
300:0.07702815991078428
i:0.005302741867927637
we:0.012479110238092313
20:0.029118818040792777
source:0.028882110756479853
than:0.013246308168698713
thing:0.020962337362268116
fri:0.053868043627647064
10:0.05352540292400304
15:0.06188538392556747
ma:0.14856362686064875
max:0.17635911250135444
65:0.045317967705026524
blue:0.03700612618021582
2:0.0180408291860686
1:0.018134480480784337
br:0.24685357674715136
metal:0.0928664197262728
s:0.0172343411348894
