tv:0.07016038993058635
some:0.021621053243210262
pc:0.12343859488881048
at:0.032628333794608555
all:0.017667922789746132
from:0.015677263970929178
post:0.04782551489687371
iastate.edu:0.08900273703902599
my:0.017596560395005578
100:0.12513007773448412
sweep:0.11306353304143822
that:0.012848319460536177
helps:0.07833282029875856
could:0.02794646583937143
me:0.020066457044528606
re:0.006924824125521676
set:0.04906323303936891
specs:0.08973866905105403
used:0.03656413904327529
a:0.0025861187515673983
ic:0.32950429983849366
soul:0.07806443127463697
portion:0.09409123088376438
are:0.01190576632594862
book:0.057587009457105064
kind:0.05102827216598259
hope:0.053490028474815654
types:0.0758684668885348
get:0.02434025880168745
of:0.007201503169101431
they:0.017276289342735993
in:0.0032903648498979715
and:0.007070322490570182
subject:0.0004943880905929314
i:0.003535161245285091
the:0.00279167781477427
can:0.016010481341439134
maximum:0.1812718708201061
max:0.26453866875203164
their:0.02803117812188359
data:0.054339733763070594
s:0.011489560756592932
