some:0.006379982924225979
at:0.004814016461499623
there:0.015045557140608975
technology:0.018402555660201873
all:0.005213485413367711
indian:0.03298599952322794
into:0.009785813677499379
hence:0.025144007581756233
to:0.003012457180526406
remember:0.015205595827984874
recall:0.021370793524989194
near:0.039396456584497544
then:0.008720657649048105
important:0.01717141690149302
most:0.010145330404191464
nyc:0.03241025900050758
that:0.0018956536908987804
cold:0.048285796557810165
nuclear:0.1600083859757746
nt:0.003902068588647205
hot:0.06858390470100675
re:0.0020433907255637735
so:0.005583664466584263
had:0.008384745823399646
this:0.005737512987665782
30:0.01870549439548574
big:0.015168199747910149
used:0.021578836156687056
seeing:0.02190322221561982
more:0.013895289899680065
a:0.003052468034636929
how:0.007187775941142756
as:0.026233251154656342
stuff:0.015974953839746567
course:0.013366949726229612
steam:0.10404250559105824
step:0.02272962095728061
are:0.0035131769486405765
daniel:0.02338021855299639
early:0.019140661742039787
it:0.001873526938469792
cool:0.025086486199313678
fuel:0.07911181255255917
deleted:0.019198795065564683
second:0.015025659981706374
site:0.021341880860320253
stage:0.054547214629523666
danger:0.026783923387495783
uses:0.018661175572876703
which:0.007059520942718676
towers:0.09932640604266839
get:0.021547114349034793
end:0.014777231708062891
whatever:0.018059893872969197
of:0.007437618027104757
industry:0.02488979984604644
what:0.0050297382677411545
huge:0.023485917803505306
plant:0.030571612898752317
they:0.005097921445397506
miles:0.021935272048693038
good:0.008852512848959012
in:0.003883709331027114
point:0.02406050230885312
system:0.01221432966799194
or:0.003684762063951286
and:0.003129487004022868
subject:0.0001458850103388978
con:0.031694257566592804
plants:0.19865281208533678
i:0.0020863246693485784
info:0.016095057155149712
back:0.011510146011298019
power:0.05905694601465666
possible:0.014081812147347442
water:0.11202451406315712
actually:0.026713815596733165
pretty:0.01572688555693785
than:0.007817493345461536
the:0.004942642688452807
do:0.007850469059087395
less:0.030042246520177895
country:0.01841942135530127
may:0.010169538401310551
many:0.010126781571464991
about:0.010765204156523185
disclaimers:0.029841933157634705
cooling:0.0643918763272088
is:0.004404469293289573
temperature:0.028304160155240253
run:0.014627510537636038
1:0.010702316349315347
first:0.010259862455688749
very:0.009525915255647253
lots:0.01993822410610033
usual:0.046886784891796894
built:0.02017758269986204
north:0.021935272048693038
apply:0.02185549718846816
panix.com:0.056608320310480506
s:0.013561448761880182
