replacement:0.10077195151188986
know:0.025181125013434728
with:0.023870505175083562
my:0.019392127782251044
to:0.0028126513471241443
pin:0.0994548388356129
perhaps:0.058948194645715206
cleveland.freenet.edu:0.08739630145929603
its:0.04220050114355449
need:0.03920820390810686
so:0.020853277497651427
possibly:0.0791215033346396
card:0.06246751727580085
a:0.00855002526028405
compatible:0.09195025148611663
internet:0.05829661108397155
it:0.00699704958653004
not:0.012304285889305405
being:0.039710284284186693
suitable:0.10495142932099216
has:0.02173009130380716
if:0.013676539178845086
version:0.06368307362582826
seems:0.04809157325267506
one:0.020067569546441275
in:0.007252232730387366
and:0.0077917839691997925
subject:0.0005448358549391489
i:0.0038958919845998963
world.std.com:0.09379747612980707
any:0.02088341359773076
impossible:0.08400515622313949
the:0.004614814346871753
compatibility:0.11632583012509184
put:0.05076447550095468
just:0.02396711354012012
is:0.01096622966900669
does:0.02486711865994949
serial:0.08447587607887412
ham:0.11909729014874615
bug:0.10123058122315635
