circuit:0.09642009676900098
help:0.04458526500087077
modify:0.11131855692064099
with:0.012183903683115569
to:0.0028712482501892307
designing:0.12485318335022863
design:0.07839931682136339
appreciate:0.07998361115446861
need:0.0800500829790515
dont:0.10138263875209287
a:0.005818767191026646
following:0.05702738068832836
silicon:0.11325794073451624
parameters:0.11625876094749411
electronic:0.08986815239603353
model:0.07622815649132395
book:0.06478538563924319
d:0.03795508796618824
not:0.012560625178665935
statement:0.07235832124360012
have:0.0106510544405761
terrible:0.10549951894603132
b:0.06376892388571337
neil:0.23251752189498823
of:0.004050845532619555
but:0.01386006713021688
accept:0.07441899938880694
for:0.006778101310668208
subject:0.0005561866019170479
i:0.011931169202837183
any:0.0426369694287003
will:0.023610528018818425
the:0.006281275083242108
would:0.019430200960507835
home:0.061028396913778094
problem:0.04407427691761634
just:0.024466428405539288
is:0.005597346393555498
electronics:0.09396628352615966
