some:0.005987368590427457
choice:0.019345449612915604
at:0.013553307883914324
fast:0.0178553739740925
obsolete:0.031189232240140873
hung:0.02807001307720006
all:0.004892655541775853
with:0.0029991147527669093
high-speed:0.028405309278548015
times:0.0144126981615027
from:0.004341396176565003
availability:0.027458789911737915
work:0.01038498699482207
my:0.004872893647847699
to:0.004947381600326059
line:0.014481044865671736
w:0.015868414641176172
that:0.0035579961583023264
think:0.0073833232180951554
higher:0.019035250836091755
nt:0.0073238825817686
consider:0.016514687582416376
generally:0.019829484580631277
anything:0.011903800770868738
re:0.001917643603990618
avoid:0.019829484580631277
harry:0.026759628662752624
had:0.007868761465036591
parallel:0.02359668403826354
he:0.00815452926933454
best:0.012488082461340687
on:0.005200090515274768
you:0.0028502512277370352
henry:0.023462780735680536
working:0.016248918003623627
board:0.018416392406949457
a:0.004296935771835062
was:0.009081652657450109
as:0.012309448618723361
worked:0.019713660720894102
said:0.011238486300838114
part:0.012560113396991165
stuff:0.029983759514601253
across:0.01979058524017355
others:0.013827324220863569
prices:0.02237159732912329
no:0.005773055057346204
d:0.009342790883984797
301:0.028405309278548015
bang:0.030214649661228745
it:0.005274698919076492
not:0.003091846197825461
comparable:0.02596911235594617
disagree:0.021786610373944585
74:0.061038770301645194
talk:0.017741506500702702
without:0.011524156332320488
understood:0.024580740488571774
were:0.00795540152549897
coast:0.027458789911737915
of:0.004985656040147145
host:0.09819188917277384
even:0.01722214818221565
effectively:0.02509918211355315
what:0.004720215912803237
but:0.003411708832053386
years:0.011434745758873812
supply:0.020707515044125865
variety:0.023962135422989132
using:0.033914162748383395
consequences:0.026514213169533982
they:0.004784203202603814
now:0.008471355886555098
david:0.012802283278689713
good:0.00830774282748461
clear:0.016911542267623658
one:0.02017048015949995
in:0.0018223559168665689
fully:0.02152642823014254
replace:0.022545451440280632
5:0.013327553266244527
fellow:0.02468032041604409
speed:0.034445796583443905
or:0.006916014950800875
consumption:0.06191218372052014
use:0.008527074501268451
and:0.0029369031883906913
few:0.01172116667131429
for:0.00667382282896562
ttl:0.09910620032090581
subject:0.00013690747124111947
i:0.0039158709178542545
back:0.01080182933367968
power:0.027711336206877355
any:0.005247627006609268
will:0.005811822281555305
stood:0.027941801271018432
cost:0.017030808227440415
the:0.0038654000512259126
do:0.007367363270835863
around:0.012139458631557106
would:0.009565637395942319
can:0.004433671756090838
hate:0.020646098679783738
push:0.024613719413342495
lower:0.020364013400233933
busy:0.0261892407903925
f:0.07623038396731996
is:0.004133425029087137
time:0.008100051127711352
unless:0.031569860776825553
serial:0.021227271424947857
slow:0.021059118487394057
guess:0.015364909040695658
too:0.010012912142894854
dead:0.017596318640057108
count:0.02186343885402467
bad:0.014054364342289148
lots:0.01871125646880185
close:0.035640135550467085
smart:0.025437428102229036
project:0.019751978745707954
high:0.014345250387905238
s:0.009545173551631052
