there:0.005998555461288546
hung:0.03577550686309812
scheme:0.030005405061924204
technology:0.02201089990730028
saw:0.022205101850558528
ever:0.017277268345293206
with:0.0038224011554872377
from:0.0055331519897397095
hence:0.030074205146806476
to:0.004503918823826245
important:0.020538361391981848
that:0.009069401972143185
cold:0.057753599804439615
nuclear:0.12758838620290525
really:0.012754220543731543
nt:0.0046671800766172455
anything:0.015171510786401332
re:0.002444055573713533
so:0.013357001273005492
this:0.0034312577671334575
announced:0.03154131088696803
big:0.018142356561225866
on:0.006627566342997254
set:0.0173164351903655
temp:0.038765211745705144
more:0.016619856546676155
a:0.0054764867680250785
was:0.005787327673865266
as:0.010459008630287822
said:0.01432356097165642
output:0.026714759404798175
steam:0.041480998961140866
others:0.017623060281492783
no:0.007357815269166731
plan:0.025526563381951677
301:0.036202845158933745
place:0.017774036714486442
it:0.006722655485097489
ones:0.04434810431865172
feed:0.03257050979189125
fuel:0.03154131088696803
second:0.017971867821256645
site:0.025526563381951677
uses:0.022320229606774097
talk:0.022611723971483838
utility:0.03100152924638454
towers:0.0792014479555918
get:0.008590679577066159
were:0.03041771171514312
coast:0.03499649694633264
end:0.017674728121408557
of:0.003812560501288993
industry:0.029770152757035935
host:0.12514652541628038
what:0.006015961457494322
never:0.014404831574260526
oh:0.021109256105499827
plant:0.03656604680046846
they:0.01829254165701458
up:0.008780786734329311
david:0.016316635551271202
one:0.006426868678272042
in:0.003483915723421382
system:0.014609296269558987
or:0.00440726442943193
install:0.028876799902219807
and:0.0037431119067724496
subject:0.00017448991432691697
plants:0.11880217193338768
power:0.01765918483771596
possible:0.016842951784082235
actually:0.01597590932745807
will:0.007407224476492055
than:0.009350335177904975
the:0.005911788313639631
do:0.009389776717731982
when:0.008546891783292392
did:0.010744516623810232
busy:0.033378444144617894
cooling:0.07701773443058307
is:0.005268090723346351
new:0.011267971012310765
gave:0.024260613810705177
type:0.021179820328965336
run:0.017495649858741143
build:0.024389758581819312
unless:0.020118048534251576
dead:0.022426680619680627
convert:0.02796457513201529
already:0.018992067459459812
close:0.04542370217216393
going:0.014234089438233219
usual:0.02804013606274128
high:0.01828316225909491
s:0.016220556362248846
