thanks:0.03624339354393023
into:0.03256007096331611
wire:0.0926939686210506
my:0.017276622933278203
to:0.0025058166547106014
greatly:0.07096234817819275
anyone:0.030416631811661658
amount:0.06760758202957869
mlee:0.10935380010967159
on:0.009218342277077999
size:0.0654704934011976
a:0.005078196821259618
advance:0.05751820393957544
mazda:0.11058000521504491
it:0.006233735086181308
probably:0.0434040675459856
has:0.019359535888846383
electric:0.1901083594792645
be:0.010517477402499477
of:0.0070705667478450415
in:0.009691620103335843
p.s:0.08245150372945141
for:0.0059154338711286175
subject:0.00048539921621851447
table:0.16472343358106348
car:0.055611697088788895
info:0.05355264471622541
any:0.01860522302343286
information:0.044342205172432085
will:0.02060555172551426
the:0.005481840072647658
can:0.015719381680685696
friend:0.06314908035805102
an:0.016325420701122487
about:0.0179093850967613
current:0.05749537679510578
interested:0.05231047664390763
is:0.004884956852557526
carry:0.0707719609078783
lee:0.0775845690795403
does:0.022154342078864093
converting:0.0997525741060262
needed:0.12130264327767348
mike:0.058098400526503696
range:0.07271919973617588
