another:0.0119220716687558
obvious:0.02068090491345168
at:0.004736371034701242
stephen:0.02189064128704848
all:0.0051293969389585555
wave:0.026468384283295208
switch:0.04572164969903415
with:0.006288466417091907
way:0.00931383236315346
someone:0.011846549003564624
from:0.009102927466991135
gain:0.04930758097304572
bits:0.023706335478316094
signals:0.02731680896625418
outputs:0.03188751288759617
my:0.010217357648712918
via:0.018377588057073364
ground:0.020843836899985705
to:0.007409672903714144
most:0.009981696042833537
positive:0.023801075270519428
appears:0.02096936036233512
could:0.008113490082398159
need:0.010329042965038905
re:0.0020104328106353257
exactly:0.01729237985630112
michael:0.016154275277815534
this:0.008467458683409984
on:0.01090341559654387
you:0.005976333219448623
am:0.00878675460592132
amp:0.0584557113468471
input:0.02294167365255224
3:0.012588526584073225
a:0.005255660688669229
how:0.01414368814224865
want:0.020350515781851417
was:0.00952108746345576
following:0.01471674340343958
said:0.011782284025072217
part:0.013167860819426223
chip:0.017378518052705776
are:0.0034565128043076644
digital:0.022200901059202492
it:0.00552992628612858
catch:0.026053161982564074
application:0.05952205980349885
have:0.005497318420942504
only:0.01433909933622889
ve:0.019625093537929402
able:0.014179920570487468
somewhat:0.02312815514711079
has:0.005724593945626619
switches:0.028848191333563585
be:0.0031100067588036096
which:0.020836973105121254
notes:0.02515222811073935
get:0.007066526748877002
analog:0.17383074536346854
fill:0.025980995206584822
of:0.002090758984577835
trying:0.014496388296066646
what:0.0049486134569711356
adjust:0.029779759727510017
balanced:0.030997650315136096
using:0.02370344708220345
up:0.007222905216948305
comment:0.021126867725176145
in:0.000955267214486508
or:0.0036253304177585235
use:0.008939674880362087
and:0.0020526742714558595
for:0.0052475623050334515
subject:0.00014353202630117365
i:0.007184359950095508
seperate:0.030394869142444127
signal:0.024223453348493094
caught:0.024275399106083076
unfortunately:0.019795124090462135
the:0.0052681661988482195
devices:0.022820851846896015
would:0.005014245409163312
fri:0.03127821888056927
come:0.012909643411125852
an:0.009654818694212223
amplifier:0.031676648838384974
about:0.01588735774712696
hit:0.019245710429728006
eye:0.02468186545416346
is:0.005777905954637934
sheet:0.02800199685102902
blue:0.042974856209282895
goes:0.01732810320425095
build:0.02006254334956105
experience:0.017807649326855635
1:0.02105939668736246
change:0.0159785435909166
mf:0.44507493053900593
ac:0.027648494821121597
data:0.015776051737665657
