out:0.05049330424630542
there:0.02622225673077564
know:0.017626787509404312
situation:0.05034474698249426
thanks:0.0284769520702309
response:0.050165693608962024
to:0.011813135657921407
line:0.1210201606631138
that:0.004955780363349669
nt:0.020402244334926815
need:0.0274457427356748
phone:0.08392420360598768
certain:0.04709021416800727
on:0.014485966435408284
a:0.009975029470331393
want:0.027037113824459735
question:0.031185515476387204
jack:0.061067941410856225
place:0.03884896596166322
it:0.004897934710571028
mounted:0.0763327247455824
have:0.007303580187823612
call:0.03795651568569582
device:0.05734506835586894
of:0.0027777226509391236
find:0.06046990679066829
operator:0.07837702251187774
up:0.019192291005034067
use:0.023753993253533542
and:0.0027271243892199276
for:0.004647840898743914
subject:0.0003813850984574042
i:0.01090849755687971
any:0.014618389518411531
the:0.005383950071350378
do:0.02052336911161419
can:0.01235094274911019
trace:0.07837702251187774
is:0.0038381803841523415
number:0.10723992207418963
wall:0.06409305896927173
greetings:0.07819503642934302
