at:0.006829186143057605
there:0.007114565779667809
circuit:0.03587724530939571
k:0.02936946555233847
your:0.00976691645101754
with:0.004533545556508119
though:0.01926778450860992
sizes:0.08965360297635061
reasonably:0.03822050788205411
melbourne:0.045098827223146384
to:0.0032051143257926296
design:0.029171838817251494
important:0.024359451883513353
pin:0.03777741940267467
jeff:0.06535626804388212
problems:0.021264133611564134
memory:0.026214203303622598
really:0.015127098784425782
australia:0.03596196678638944
re:0.005797527174855357
package:0.030133821961675984
this:0.004069631305204799
getting:0.021024818389338652
on:0.007860601941694417
you:0.00430851929774203
am:0.025338548165912644
them:0.022726498783445594
m:0.010610966760589705
more:0.009855961440470743
sure:0.016915069923714755
bryan:0.16433505799228
a:0.00433024535146169
sorry:0.02463113709099709
j:0.02367541596534002
series:0.05561783505066149
want:0.01467130207528823
steve:0.024861657727398345
ram:0.03015393076149805
logic:0.03219179029610056
chip:0.050114796245012
are:0.004983809159699423
have:0.003963183047656224
second:0.021315471136839275
19:0.031758893116130844
be:0.008968391583526686
asked:0.02614186743208086
which:0.010014669244321843
writes:0.01025213009329554
if:0.005194964494289994
of:0.0030145827219494365
ryan:0.0689137628062524
available:0.020938479285381627
looking:0.04021527667297122
but:0.015471702843032797
parts:0.028284457452840004
year:0.019184191598524435
lines:0.05477801743092273
again:0.018929218124868356
using:0.017088531617402487
they:0.007231935073703439
pope:0.04168366111524379
in:0.0013773620301898487
or:0.005227220602349499
use:0.038669291342961584
and:0.0029596698797735646
damned:0.045098827223146384
still:0.015827202187825948
for:0.0025220842086207287
subject:0.00020695315420169222
i:0.005919339759547129
44:0.035230876247852684
we:0.010447627176077286
ago:0.02217957926639259
sick:0.03481583154298423
the:0.0017529139767187279
do:0.005568355960515478
can:0.006702061956881499
may:0.014426554476277758
problem:0.0163997309460898
just:0.009103787313689039
i/o:0.08001502597514439
address:0.0495011062625366
move:0.027417248957930365
chips:0.06438358059220112
select:0.03672213122961591
having:0.02028597978620435
16:0.0270309514870166
various:0.055264790362095945
rom:0.0390626306805254
article:0.006281650235012411
ports:0.03816371687358843
by:0.007677794378427644
s:0.004809583572527274
