some:0.006788005087984617
stored:0.02853852598482757
at:0.005121889607293204
stephen:0.023672437670878007
know:0.007173692591036639
all:0.0110938119842592
send:0.01705434372602455
tried:0.018010837517655063
storage:0.029202435098348814
with:0.006800318334762178
sell:0.020232978482445162
to:0.006410228651585259
256k:0.06968549768384855
been:0.008530467367566507
bunch:0.023582575704385614
nt:0.004151619486758363
need:0.011169779020332768
re:0.002174072690570759
worried:0.02924951190202683
so:0.005940759287121628
had:0.008920979567919391
these:0.009631604494761295
on:0.00884317718440622
you:0.009694168419919567
am:0.009501955562217241
them:0.05113462226275259
8:0.03433129398109147
why:0.010347224303220968
a:0.004059605016995335
how:0.007647459286215839
other:0.01603846497478966
wondering:0.020924031987542422
want:0.011003476556466172
was:0.00514802984942666
hearing:0.026365306425115278
as:0.004651826512889642
old:0.04618453050597077
said:0.012741307143392047
ram:0.06784634421337062
mac:0.019949314737274047
jason:0.026511027173157235
plus:0.020790115430114366
chip:0.037586097183759
ie:0.02432336155093844
cheap:0.021605995455853767
are:0.007475713739549134
no:0.013090066699796626
it:0.001993345521744023
have:0.017834323714453006
buy:0.017481634449092825
real:0.014869731709292136
selling:0.024242890321799652
uses:0.01985462284788626
free:0.016787836012353112
disc:0.03639291548874955
be:0.006726293687645015
simms:0.0583114728513806
if:0.011688670112152487
of:0.0022609370414620775
gotten:0.025056458801125073
seen:0.015072470294316005
what:0.016054222726685427
but:0.007735851421516398
together:0.020691664194478085
they:0.01084790261055516
good:0.009418661926508715
in:0.002066043045284773
speed:0.01952596027259175
or:0.007840830903524248
use:0.019334645671480792
and:0.00332962861474526
still:0.01187040164086946
for:0.003783126312931093
subject:0.00015521486565126915
i:0.008879009639320694
we:0.007835720382057964
any:0.005949344571446554
the:0.0008764569883593639
do:0.020881334851933043
thing:0.013162397878633467
interest:0.021237122073650496
devices:0.04935672608747277
would:0.01084476332679507
can:0.005026546467661124
fri:0.033824120417359785
an:0.005220338014893818
apple:0.022054458995866718
people:0.01750317604736183
about:0.017180514773055898
interested:0.016727187298923953
is:0.0015620501563410692
having:0.015214484839653264
disk:0.020354528975580707
lot:0.01441019411782204
blue:0.02323640481083319
2:0.02265592502436522
very:0.020270261532365667
little:0.013635690127316653
give:0.013739745763697714
lots:0.021213343089630004
data:0.017060148972126814
