help:0.03451762451680317
case:0.03986469527914122
someone:0.03553964701069387
tm:0.07413026339291205
to:0.004445803742228486
recall:0.06307830992053262
value:0.06022343257672044
that:0.0055952358941044646
v:0.06204271474035503
nt:0.011517395995523202
need:0.030987128895116713
this:0.008467458683409984
cap:0.09354917959171746
brain:0.07111900643494827
suggest:0.059216125888872866
a:0.009009704037718677
how:0.02121553221337297
series:0.057860489689801065
amps:0.09966997994179656
it:0.01105985257225716
real:0.04125151377416528
if:0.010808877738119504
of:0.009408415430600257
reading:0.05300519429617726
in:0.002865801643459524
speed:0.05416879301428679
subject:0.0004305960789035209
al:0.12290368324910424
i:0.0061580228143675786
specifics:0.09472271756401468
will:0.018279118466182007
the:0.007294383967635996
do:0.011585772885588656
can:0.01394461278125344
fan:0.19352690252369387
label:0.08890914616507584
about:0.01588735774712696
is:0.00433342946597845
right:0.03128828377081128
2:0.031425960517667884
somewhere:0.06257292030488043
by:0.01597476572285752
says:0.04130688297463819
reduce:0.14709344108977562
s:0.010007036788000296
