probe:0.04453147426803982
hand:0.025257915643621388
with:0.014035857042949136
o:0.028007831870399052
wire:0.04078534619326227
via:0.027345851028925162
to:0.003307677984217994
that:0.0027752370034758145
problems:0.021944585887134185
could:0.024145746485216918
so:0.016348969558158722
this:0.004199859506971352
on:0.00405607060191432
great:0.020170005509861415
input:0.10241163118499319
m:0.010950517696928577
board:0.08618871646452346
a:0.0033516099020313482
ie:0.033468945494091296
baden:0.2759464569341837
those:0.014847325234300482
it:0.01919990406543843
not:0.0048232800686077194
only:0.010668289906154293
properly:0.03444612908401997
ve:0.04380320877665842
register:0.04143729046727173
inqmind.bison.mb.ca:0.050302018728252955
be:0.0046276900570997705
seek:0.038875950246501575
of:0.0015555246845259092
what:0.0147270736479461
supply:0.03230372346883635
lines:0.028265456994356133
using:0.017635364629159368
who:0.010344422993870787
one:0.00786648726220498
in:0.0014214376151559238
resistor:0.09807245337306761
use:0.013302236221978785
and:0.007635948289815797
sensitivity:0.04265792716803346
subject:0.00021357565513614637
i:0.010690327605742116
power:0.021614842241364337
voltage:0.16544869017789204
will:0.009066442759226275
the:0.006633026487903666
when:0.010461395542749887
got:0.05309169171913378
can:0.006916527939501707
holding:0.036853267517528675
correctly:0.03486642775224303
grounded:0.05332037257738469
an:0.007183185108493894
lower:0.06353572180872988
problem:0.016924522336364673
btw:0.030014324163546678
measures:0.04057932622444294
is:0.006448143045375934
touch:0.03819356960240641
else:0.020212417802704455
too:0.015620142942915973
de:0.06465571243430353
full:0.024717299871386027
comes:0.024193410697964095
by:0.007923483798537329
wish:0.02988862011823023
s:0.009926980493696294
