mode:0.015135910065131347
hmmm:0.019635980550671464
at:0.0034820751480412293
circuit:0.018293140888980423
codes:0.021736343797104145
where:0.01460440156706531
your:0.004979969257633448
ca:0.008128650577440003
from:0.0033461353930046463
work:0.008004238988103967
wire:0.06045258823111995
goals:0.01825040999528787
often:0.012281898767900024
ground:0.1532392752330965
to:0.0070816557633125695
job:0.013721298637506625
connector:0.020823673612717985
connected:0.053890707936438687
enough:0.009613235284337534
trip:0.02032656140999453
that:0.002742329054817998
rod:0.0224059807613652
hot:0.016536040263879098
need:0.00759368376085864
anything:0.009174866206796061
re:0.0014780257026805158
so:0.00403877706476253
this:0.004150058801355091
two:0.007370709219973562
wiring:0.0691988207583624
on:0.004007974903077391
you:0.01098416975116051
used:0.007804203590264291
material:0.0166905120031774
posted:0.01349162420743832
m:0.005410334830498308
sure:0.01724935984315576
a:0.006071757068897369
how:0.010398126460309283
uunet:0.014928823369238281
nor:0.013654304335871158
want:0.007480624378309018
test:0.014133991517706208
as:0.006325013124245204
gary:0.016777385152263468
said:0.008662074421594593
part:0.009680719811910186
connections:0.022169936355429933
local:0.03624170101086109
separately:0.022286196771265084
question:0.00862840349149053
course:0.009668584189328137
button:0.01879645876398675
panel:0.01948792694381415
computer:0.010595663656779901
isolated:0.02336472241026366
are:0.01016460682373479
those:0.007335634997184031
internet:0.01129064799650042
proper:0.01623133638356459
outlets:0.09986940518426674
it:0.0013551598013437627
not:0.007149130536473891
should:0.006493328625428773
systems:0.011859356206650634
uucp:0.01673370991041926
neutral:0.020906021782294434
connection:0.01701883848024702
explained:0.01872393252419151
without:0.008882254880642272
be:0.00914563252391259
which:0.010212587608834133
writes:0.00522737067998073
if:0.007946447665178765
of:0.0030741594555848007
short:0.013687659547910147
electrical:0.01872393252419151
flow:0.020399087649789774
what:0.0036381110790380676
but:0.0026295779535589338
nec:0.02143976203448393
supply:0.015960337682231398
san:0.015960337682231398
fact:0.00947931671394798
necessarily:0.015364676019984988
they:0.007374858691760819
cheaper:0.017428373118445823
depending:0.017789589527890205
box:0.012523869607535995
one:0.003886604378559772
in:0.0035114565591796536
additional:0.0168962683745452
required:0.014793602571150073
according:0.013594965235518647
or:0.002665262678668321
rather:0.010171872145900644
use:0.006572251097815605
and:0.0022636210345303746
still:0.016139992744897604
for:0.0012859638850279604
subject:0.00031656470622946594
however:0.009474699226074754
i:0.0022636210345303746
back:0.016651041265356027
house:0.013588426658063996
will:0.004479467766416143
gfci:0.06242838145032189
than:0.005654550522606565
the:0.005362669636285753
do:0.005678402520999973
kernel:0.023604345421395816
putting:0.015889543506079108
would:0.007372724475133407
can:0.003417256887105586
breaker:0.0729749519573964
outlet:0.09853252948421831
may:0.022067496372804318
note:0.011706281023235168
here:0.007116209113135952
about:0.011680033758757369
current:0.012498994955457778
is:0.004247788567441326
vary:0.020116641151836635
cis:0.024039131568488022
new:0.00681422752918398
runs:0.014829211543254287
under:0.00959416374350055
faq:0.015344249260465452
article:0.006405793520289336
convert:0.01691138338023059
earth:0.027830317490859673
three:0.0115355257172825
meet:0.016957078330432473
fault:0.017498023716666453
jamie:0.023604345421395816
main:0.014697300441212757
s:0.0024523173156364357
diego:0.020510434989579086
