replacement:0.04794005460274372
looks:0.033234033731785344
believe:0.021093901750780002
trash:0.05518657591418796
out:0.011438612612431648
there:0.008910475588127645
thanx:0.047113279764488314
with:0.011355871393971791
throw:0.04139194734499815
to:0.001338057436981389
appreciate:0.03727391587781062
make:0.017088160032521393
terminal:0.046351419420396126
like:0.011307175373870612
nt:0.006932801473033383
me:0.010520278450529559
need:0.01865244651939064
package:0.03774041779666215
greatly:0.037892516017481566
so:0.009920491236746796
anyone:0.016241890773217388
had:0.014897169763904223
this:0.005096916877392417
telling:0.04168955648180401
hi:0.030592394757421402
burned:0.0472462782534025
on:0.004922415779022232
spec:0.101902534997795
a:0.00813497549036735
part:0.07133656638096925
mac:0.03331341878457413
advance:0.030713604045404363
computer:0.026026241797721505
it:0.003328693492621087
have:0.004963598185899542
money:0.030099221036205142
second:0.026696075501478313
has:0.010337616251325737
be:0.005616128710072537
which:0.012542644005024443
if:0.01951894426495367
but:0.0064590604101981575
find:0.020548026579353302
david:0.024237332420820327
good:0.015728250984072805
email:0.026639792805513988
in:0.005175136948383218
thomas:0.03576703897115631
logo:0.055036049831314514
and:0.0018533855072368438
for:0.0031587268243890676
subject:0.0002591937562331873
i:0.011120313043421063
away:0.026883335789550197
info:0.02859607242128541
judging:0.05533947258378155
voltage:0.10039362268075973
import:0.05404305129616483
the:0.005854392310594586
do:0.006973960377732976
thing:0.021979926554611225
would:0.01810970186610439
can:0.008393844586773915
an:0.008717457655939191
btw:0.03642515068391587
people:0.014614302330806964
f:0.03607991474181405
is:0.005216944211469202
number:0.024293833479589882
printed:0.0472462782534025
does:0.011829988488713836
512:0.05155826125599783
nothing:0.024804427199037946
needed:0.032386628059573014
by:0.009615878396283166
