some:0.017962105771282374
frequency:0.07690635870865296
mark:0.09241919890129817
there:0.014119676701186884
know:0.018982694240896953
thanks:0.030667486844864048
with:0.008997344258300729
gain:0.07054776969989618
to:0.0021203064001397397
job:0.0534075162352181
nt:0.0109858238726529
phase:0.08440602424356064
vi:0.08818810058996496
so:0.01572016303669108
anyone:0.02573714999448294
this:0.024229958694065495
reply:0.05524917722084838
hi:0.048477179384837
on:0.015600271545824307
books:0.05616519866224863
etc:0.03572806134551132
markus:0.09860174150824443
test:0.05501384390737955
equipment:0.06207627557754753
are:0.009890944332326547
should:0.025274032957438148
application:0.05677488781256814
have:0.015730788096850856
notes:0.07197406813226952
of:0.008974180872264861
available:0.04155482812021893
please:0.029467928567773152
now:0.025414067659665297
good:0.024923228482453836
or:0.020748044852402628
and:0.0029369031883906913
for:0.015016101365172646
subject:0.0008214448274467169
i:0.008810709565172074
special:0.05378017219792343
any:0.015742881019827806
do:0.033153134718761385
because:0.02714957382914637
simple:0.050756747030096014
right:0.02984420913523538
does:0.01874598175903885
e-mail:0.08460602389699282
task:0.0772741359525538
especially:0.04808147242303602
