bnr.ca:0.06437173337858211
know:0.008509483625229668
true:0.017815729601088598
companies:0.027425050659225767
wrote:0.01776258603236456
both:0.030975228721492935
name:0.019049879350553457
to:0.0009504821793729867
dod:0.02412044166684439
remember:0.01919051059669815
sound:0.023801264062954696
measure:0.03184381881936436
that:0.004784891385303128
studied:0.03878339791272363
cco.caltech.edu:0.031039766555560153
through:0.01634112616568846
nt:0.0098493593341026
re:0.002578900019159797
this:0.0036205685404925446
amount:0.025644255252598815
two:0.025721233553838777
you:0.007666192957361681
numbers:0.024329257937922056
performance:0.026144905059287005
working:0.021851993177286946
amp:0.1499691353174284
came:0.020818805051572048
a:0.000963106293687169
sorry:0.02191321851543879
was:0.018319885533132116
running:0.020879037327218634
flaming:0.03801632456713588
are:0.004433871597249831
internet:0.01970023409044556
it:0.00472904041020651
zero:0.03195596034261801
term:0.02688055030285833
only:0.00919680164323646
after:0.02660984396779243
which:0.00890960229322426
writes:0.00456043028287974
were:0.010698643430843442
of:0.008045817333754703
electrical:0.032670033990485875
what:0.00634787657239056
but:0.004588160153451105
who:0.008917606029198954
now:0.011392513088815477
one:0.0067814545363836035
in:0.0024507545088895237
our:0.015377761537795817
resistor:0.042272609212529136
use:0.022934890037894454
and:0.003949628425766792
for:0.004487570522925159
subject:0.0001841169440828848
sockets:0.04063349437199728
i:0.002633085617177861
actually:0.016857338807593686
joseph:0.02816688709409484
the:0.009356933917105485
do:0.00495391668211377
db:0.040246670464059046
named:0.0642940255479855
an:0.006192400955598185
just:0.008099231472178524
wires:0.038682716537405334
about:0.006793215036702562
company:0.1160733806769431
current:0.08723436479257429
entire:0.02572012567371587
affected:0.034866266618889565
unit:0.059174356104819525
is:0.011117488009268851
connectors:0.03953259681619119
right:0.013378438577864134
electronics:0.062212160127664326
does:0.008403371133362243
first:0.025897307991600567
e-mail:0.018963419149325974
article:0.00558850262287311
already:0.020039905664119666
thus:0.022974862571560725
pink:0.04063349437199728
by:0.020491768444493092
john:0.0184929544798748
