sells:0.08441712330951254
looks:0.02876559222162933
inexpensive:0.045997080252554716
at:0.007403067331549841
thanks:0.016751148276606412
your:0.010587665732615652
with:0.009829031542681468
3.50:0.0571309072672068
signals:0.042696861073304844
to:0.002316301109396354
line:0.04745888653455443
might:0.0178746650073819
that:0.005830329839234904
jeff:0.03542419570445711
uxa.cso.uiuc.edu:0.03746727176245331
nt:0.012001320197015773
re:0.0031423571662031135
anyone:0.014058107139843623
something:0.016728246362718677
you:0.00934115948586087
friendly:0.04352656561688207
m:0.011502644639630858
a:0.004694131515450067
want:0.015904184602623373
as:0.006723648405185028
part:0.020581698423640982
worth:0.02953919007388099
driver:0.030922568054507493
also:0.024932724902177586
ic:0.09968197306038465
chip:0.02716306183027961
frank:0.032909028374374975
neighborhood:0.049351331840074876
are:0.010805233304222277
it:0.005762276130083562
cool:0.03857837793675969
have:0.004296223639896242
selling:0.03504014399453395
be:0.009722037935083552
writes:0.011113653630547267
tall:0.04750794672684543
if:0.011263032264931248
available:0.022698015359783445
looking:0.02179735584375331
what:0.01546961517641397
but:0.005590615313028657
parts:0.06132260523388841
supply:0.0339324826353323
rs:0.05214717851087939
well:0.014141747144145754
they:0.007839660710149106
good:0.013613528162684867
one:0.008263116872064054
in:0.002986213477218327
and:0.0048125724515645785
for:0.013670120290423278
ttl:0.10826727766149373
subject:0.00022434417556317895
i:0.0032083816343763854
suggestion:0.03889213987321048
news.cso.uiuc.edu:0.03853449605456514
voltage:0.08689532047158195
will:0.009523574326918355
cost:0.027907626927318324
the:0.0025336235629884133
do:0.006036285032827703
would:0.007837391984070387
extra:0.03264433369320379
an:0.007545362508922157
relatively:0.03746727176245331
about:0.008277446893461105
is:0.002257753167148436
number:0.021027435700821495
chips:0.034896982757957745
levels:0.07706899210913028
white:0.02856276593126548
does:0.010239401801155673
sold:0.03450863953816673
guess:0.02517779212550969
too:0.016407713175331903
nice:0.026552432409703848
article:0.006809520002660512
convert:0.03595445374116252
s:0.015641250777882816
