out:0.010426346009561592
know:0.010919248899630989
all:0.008443078147312311
take:0.0376238784130213
thanks:0.01764058977801914
powered:0.04901801158687489
motorola:0.04312643453933657
work:0.03584199051310272
212:0.05148450187421136
to:0.0012196452744166644
otherwise:0.03144588346559324
make:0.046727800442912484
that:0.003069952437473246
appears:0.03451593829552506
really:0.017268988877795804
nt:0.006319279218782642
me:0.009589280357562343
phone:0.025994222355836892
this:0.004645862286472734
best:0.021550230796118886
internal:0.03506696828425073
these:0.014660495337158784
you:0.004918575127510813
tell:0.021327655341791617
used:0.01747312839236164
etc:0.020551539712019784
them:0.025944410115614883
modem:0.11318682946552594
worth:0.031107642644175558
fine:0.028665102459473984
stuff:0.025870942944014354
are:0.00568948125310819
model:0.0647602037448416
d:0.01612251524227465
it:0.006068237694512778
not:0.026677434007786056
have:0.013573025127813793
whether:0.025287244113998446
buy:0.02660921349773421
malcolm:0.04938425243787361
modems:0.09399116653748278
of:0.001720713146599457
interface:0.11210706734877564
what:0.008145505336253373
but:0.01766238643142682
advantage:0.03772894315517531
please:0.03390115675938504
they:0.016511851761199004
up:0.023778059652254595
powers:0.04690093469248698
rf:0.09710427567843259
door:0.03743338315161914
or:0.011934716065541333
use:0.01471486307741016
and:0.006757476362668847
for:0.002879193477098
subject:0.00023625625568157783
offer:0.12443057057670223
i:0.00844684545333606
the:0.00133407612387443
do:0.006356795742535368
can:0.015302052963499351
fan:0.03539430075654578
company:0.02978874371355177
unknown:0.041762269231130744
is:0.002377633866289061
new:0.015256633317553512
2:0.017242562407923972
sale:0.028096213753129463
goes:0.028522364566289173
1:0.03466413968008333
condition:0.033611460960044436
check:0.029285943049448575
appear:0.03494422626775383
s:0.00549058655624795
