tv:0.12490091394236251
reference:0.020503478368232717
read:0.012456060779658912
at:0.0048404671013979736
correct:0.017979216704293675
fast:0.019130757829384823
case:0.01358028080937778
with:0.006426674470214807
work:0.011126771780166505
often:0.0170731889465863
to:0.0015145045715283857
psychology:0.03073958879380041
job:0.019074112941149322
front:0.01932390620530733
might:0.011687280966365088
perhaps:0.01587066778923102
approximately:0.028459677518730585
that:0.007624277482076414
really:0.010721954632917176
nt:0.003923508525947464
could:0.008291808545747568
re:0.0020546181471328053
scott:0.021000423369074213
complete:0.020347339836784495
so:0.005614343941675385
anyone:0.009191839283743909
had:0.008430815855396347
this:0.005769037784301308
hi:0.0173132783517275
on:0.013928813880200272
you:0.0030538406011468237
used:0.010848700595257504
a:0.009207719511075133
low:0.018658211758130882
was:0.01946068426596452
capable:0.024108677401996327
odd:0.026700515279190644
course:0.01344039450494516
display:0.040506828757532726
are:0.0035324801186880526
phrase:0.02689198083594981
displaying:0.030818647790789966
it:0.0037676420850546372
slide:0.03131849272598627
mounted:0.029358740286762466
probably:0.013116613818841806
only:0.007327122188292784
messages:0.024038682754867594
second:0.06043287421213773
doing:0.014729136841567668
screen:0.04108029857259393
be:0.012713434222801568
fastest:0.030898860974422675
myers:0.06790701930100426
which:0.014196619038654042
rates:0.02519563203567721
thrown:0.02697047510654034
composed:0.03354632299031684
writes:0.0036333098407558373
tech:0.024916663214944113
of:0.008546838925966535
even:0.02767845243570372
presented:0.02508233924884899
but:0.0036554023200571994
lines:0.019413088595024816
using:0.012112200981565499
vector:0.03329071850880644
one:0.010805614371160687
bob:0.020241785791368684
in:0.0039050483932855052
or:0.007410016018715224
message:0.01784241697010836
and:0.003146681987561455
for:0.0035752622298030113
subject:0.00014668657632977087
scan:0.028779836354576604
i:0.003146681987561455
suggestion:0.025429476070945315
limited:0.021330192653284393
possible:0.014159184741563639
rate:0.021344372030171713
any:0.0056224575070813595
driving:0.0230060911631933
actually:0.013430297401654313
research:0.016963359783169107
images:0.02338380079187244
normal:0.02072726744240958
the:0.0033132000439079256
around:0.013006562819525471
would:0.005124448604969099
an:0.004933506255833719
thought:0.014750474753800619
lower:0.02181858578596493
just:0.006452684414647725
is:0.008857339348043865
limit:0.024397928684883264
maximum:0.02689198083594981
done:0.014553096436377465
field:0.021387131043589597
time:0.008678626208262163
does:0.006694993485371018
lot:0.013618425210249401
hidden:0.02805990084684911
paper:0.02119037580899228
guess:0.016462402543602494
image:0.06100653291648918
article:0.004452378463278028
very:0.0095782554493596
s:0.003408990554153947
