408:0.024056572712409362
another:0.010125595115929583
mirror:0.024553389424047712
sugar:0.02717479499730779
out:0.010759608210780454
effects:0.01964309067288861
behind:0.016108412789948394
own:0.010349272308438334
into:0.00817718677160907
from:0.003865626732557879
work:0.06472834359786359
turn:0.015623187829746643
starters:0.02673112491304456
my:0.008677755811235628
to:0.0031465734248649103
then:0.007287124884821018
martin:0.021208234571941584
lights:0.022413819494933065
been:0.006699727795531686
that:0.0031680787710911124
like:0.0053179865913638045
really:0.026731448536861997
nt:0.0032606326562668424
re:0.0017074908802656187
eat:0.020617462254481515
description:0.03995470558343289
wait:0.016764382671735696
so:0.009331603629086027
this:0.004794360167775516
starter:0.027463283132565925
workers:0.025170625854952975
on:0.011575543955234928
you:0.012689474644034745
books:0.01667003613263087
etc:0.02120843824162772
them:0.006693420874576442
working:0.014468214660760762
why:0.008126587123990897
magazine:0.019281733044766585
a:0.0019130193504745137
how:0.03603734238983902
y:0.019467445554953472
idea:0.012659252489775142
immediately:0.019281733044766585
equipment:0.036848930708133235
sons:0.02567850546732843
computer:0.012240652535001438
role:0.02015413138614882
are:0.011742673636552063
those:0.008474500704509407
causes:0.019484709129564914
lobby:0.02673112491304456
z:0.022790274605485914
d:0.033275693559397905
engines:0.02271947923317557
ve:0.008333943831175498
buy:0.01372986815179893
left:0.026706896652973162
chemicals:0.02756364343721787
after:0.008809194920844527
netcom.com:0.02939758150430264
algorithms:0.0232397726548615
environment:0.019167367602181712
be:0.005282751206734898
sending:0.04145931958412746
which:0.011798103493310664
thinking:0.015906513853190207
get:0.006001707649731152
down:0.010796189849101178
making:0.014039302241426499
things:0.04081691192950227
of:0.005327139330568182
explain:0.01641578779914431
but:0.003037822932650275
parts:0.01666070781468658
biggest:0.022066050723400805
they:0.01277972088366772
david:0.022798586660680308
in:0.004867937038205219
thomas:0.033643881406658444
thoughts:0.019607416975460333
and:0.0017433671894556612
for:0.004456833738521561
subject:0.000121903912748942
animals:0.022413819494933065
i:0.0008716835947278306
power:0.012337238722239918
will:0.005174910250699928
the:0.007227768588936124
waiting:0.019977352791716446
do:0.003279990497289939
see:0.032317548153628785
when:0.01791334853210597
controllers:0.026903455177806415
would:0.004258674183125004
can:0.0039477899198069105
page:0.03839950441266928
mad:0.024009739378312606
an:0.008199983000563805
engineers:0.02493640989884544
people:0.020620180001001607
number:0.011425866887660995
choosing:0.0259553302244811
steel:0.02429822751357074
right:0.026573610873839717
time:0.007212374291797778
temperature:0.02365142149958432
food:0.057746291627813646
2:0.00889684726984205
their:0.006911797345121981
contacts:0.026326771500526543
1:0.008943031469975838
x:0.013904840134913709
strip:0.02450120359836907
under:0.022167337233841452
precisely:0.022754739717622652
entitled:0.023827066617519457
appear:0.018030582503452887
s:0.002833042378337983
