know:0.01623519902181976
technology:0.04431141691864398
help:0.028159114737392063
all:0.012553524087451199
thanks:0.026228771643633724
with:0.0076950970630203595
user:0.049758466889381785
from:0.011139108610923362
post:0.03398128690041027
my:0.012502819228030279
to:0.007253679789951741
connector:0.06932091347391645
like:0.015324198204061489
me:0.01425774579479664
so:0.013444876281380526
reply:0.04725258578098874
sender:0.07306106528121897
hi:0.041460745526505326
modem:0.11219396254038974
a:0.003675010857490513
how:0.01730740785827795
series:0.0472019784311535
also:0.019519699101046926
advance:0.04162501600890328
d:0.023971634504960992
it:0.004511255654473315
made:0.03059973094628949
pace:0.24600720354776873
ve:0.02401491709246624
of:0.007675286272331788
supply:0.15939337237912674
port:0.054865488623020264
please:0.025202833643490193
email:0.03610392972326238
in:0.00467578162880238
england:0.06487428311559185
use:0.02187867799667563
and:0.005023650190668287
values:0.05619666276767458
i:0.005023650190668287
power:0.10665218211199508
voltage:0.06802988905340955
micro:0.0745883306924394
the:0.007934242210411084
original:0.04060747385886157
got:0.02910728712671808
people:0.01980622552727786
many:0.024384224047080176
current:0.041608496364879184
broken:0.05909529301374956
e-mail:0.03618020758752982
by:0.013032045721278501
four:0.04615850198714439
