some:0.01768995265353567
believe:0.03291927091409607
at:0.013347954734158047
help:0.06485129454672112
where:0.027991769670208513
someone:0.06677145802009152
to:0.002088180545592168
could:0.022865290232212992
lost:0.05309858067148258
greatly:0.05913529014849397
this:0.007954279369263925
telling:0.06506097450948202
convention:0.08710236121665048
posted:0.051717892795180236
m:0.020739616850243517
more:0.019263924633647362
sure:0.03306127303271521
a:0.0021159153421915077
wondering:0.05452929548268631
was:0.040248233368244804
month:0.06020914377859483
it:0.010389558476968848
not:0.009135000129938863
being:0.02948187772613861
domain:0.06762428862091778
details:0.05780033154985356
25:0.05572246285287292
be:0.017529129004165797
if:0.010153794238839534
of:0.0029460694782687674
but:0.010080048821975914
oh:0.04893509369911324
in:0.002692116695371068
weeks:0.055160074020198645
and:0.014462023276166283
subject:0.00040449934684876206
i:0.011569618620933026
appreciated:0.05128427453297338
held:0.06159769817118753
ago:0.04335099583885824
any:0.015504352519527384
unfortunately:0.055786258800393285
the:0.0034261500454047865
when:0.019813249133996
would:0.014131055244005698
an:0.013604517250935406
repost:0.08413092365716125
center:0.04949440656776983
article:0.02455554182777579
going:0.0329972073340861
