know:0.03629044487230299
where:0.054336964653934165
post:0.07595817071856413
to:0.00405352694144362
most:0.054605748940207
that:0.010203077218661082
jeff:0.12398468496559989
nuclear:0.1435369344782684
really:0.057393992446791935
nt:0.021002310344777602
re:0.010998250081710898
so:0.030053252864262355
this:0.030881319904201118
board:0.10562342703985718
j:0.08982731351555479
question:0.06420547303962072
try:0.07165851977480567
site:0.11486953521878254
be:0.017013566386396214
towers:0.1782032579000815
what:0.027071826558724445
programmer:0.14994612571052301
figured:0.15152213294976147
subject:0.0007852046144711264
i:0.01122933572031735
do:0.06338099284469088
would:0.027430871944246354
cooling:0.1732899024688119
appropriate:0.11894140435472078
s:0.01824812590752995
