know:0.030846878141457548
eos.ncsu.edu:0.1454437177946471
hill:0.12458219995398404
michael:0.07511738004184224
ti:0.09471652640629158
on:0.012675220630982248
you:0.013894974735218047
m:0.0342203678029018
hearing:0.11337081762799571
stuff:0.07308541381684056
it:0.0085713857434993
interesting:0.08170061404803532
be:0.014461531428436784
applications:0.2925225770545749
if:0.016753760494085234
of:0.014583043917430398
looking:0.0648471336351661
brief:0.12767254885316345
in:0.008883985094724524
or:0.016857786442577134
for:0.00813372157280185
subject:0.0006674239223004575
i:0.004772467681134873
any:0.025582181657220184
information:0.06097053211209413
would:0.023316241152609402
about:0.02462540450804679
new:0.1723999564883547
electronics:0.33827862069417475
james:0.08648984419092569
