since:0.027408515389091524
out:0.032278824632341364
folks:0.10145796850122678
there:0.012572314870919827
help:0.029316338630709544
with:0.01602266785724787
motorola:0.13351471514917895
ca:0.056343797153214276
from:0.011596880197673638
to:0.0037758881098378925
equivalent:0.06464570442627088
nt:0.019563795937601054
me:0.029687361106973825
scott:0.05235721990645899
shot:0.05447441569298268
on:0.006945326373140957
pulled:0.06858655473382952
a:0.011478116102847082
part:0.03355098784127777
no:0.015421174468253558
manual:0.05383010132716113
it:0.014089949167396107
assure:0.08019337473913367
have:0.014006866113634324
try:0.033375200991005376
date:0.049010947805251
completely:0.04927388543889685
which:0.053091465719897986
get:0.018005122949193455
of:0.002663569665284091
supply:0.05531459498088416
they:0.01277972088366772
code:0.044390582333310905
and:0.002615050784183492
for:0.004456833738521561
subject:0.000365711738246826
1972:0.08019337473913367
i:0.007845152352550476
house:0.04709413622589303
power:0.03701171616671975
any:0.014017633784778182
suggestions:0.05420542974069695
the:0.0020650767396960357
put:0.03407478492529834
curve:0.07852365121024275
an:0.012299974500845709
is:0.0036804469437077244
number:0.06855520132596597
tracer:0.09524285814554614
s:0.016998254270027897
