out:0.07363606869252874
someone:0.13771613216643874
bit:0.17031776237848123
these:0.10353974831868391
a:0.008728150786539969
was:0.0553413208813366
looking:0.16211783408791525
weeks:0.2275353053333194
few:0.1428517188066429
for:0.020334303932004624
subject:0.0016685598057511436
ago:0.17882285783529026
serial:0.258707370491552
16:0.21793704636407135
mike:0.19971325180985647
check:0.20683197278673057
