some:0.011675368751333542
since:0.010004108117018407
at:0.0044048250622721555
fast:0.017408989624740186
there:0.0045888949278857375
help:0.010700463600208985
50:0.017255916445642155
thanks:0.009966933224580815
with:0.005848273767895473
motorola:0.07309930654417549
someone:0.0110172905733151
mentioned:0.01757581809395919
from:0.004232861272150878
work:0.010125362319951519
my:0.004751071306651506
to:0.0013781991600908309
design:0.018815836037127213
look:0.011855841621379553
mc:0.028343565663126978
displays:0.025490841370788914
mhz:0.07087659885156417
amiga:0.02519539678893888
clock:0.02145070408799708
might:0.01063542567939223
that:0.0069380925086895365
appears:0.01950150513697166
like:0.005823195317543366
nt:0.007140785517224385
could:0.02263663732989086
me:0.010835886804045448
need:0.009606009957486181
anything:0.011606205751597019
re:0.0018697025138908526
this:0.00524982438371419
on:0.0025350441261964497
1989:0.02365556307082245
working:0.015842695053533036
communications:0.021095414481668472
board:0.03591196519355144
a:0.005586016503385581
christian:0.03205842371236576
was:0.008854611341013856
as:0.0040005708010850925
related:0.01927069492815585
moreover:0.02776320480686321
separately:0.028192038915650332
fine:0.0161957828896028
stating:0.02724325623924297
solution:0.01944928534116624
chip:0.01616202178901637
are:0.0032145569080061277
manual:0.03929597396882763
works:0.014875629967753701
place:0.013597138086582129
it:0.01028566289219916
not:0.012058200171519299
have:0.0025562530657382643
systems:0.015002085601413053
provides:0.022090751925198153
25:0.036776825482896125
screen:0.01869153585053024
anybody:0.015197975724563476
sending:0.022698977472309787
perfectly:0.02233910997418434
writes:0.003306311955087812
were:0.0077565164873614955
if:0.0033507520988170464
of:0.0019444058556573865
even:0.00839579723883013
what:0.004602210514983156
but:0.006652832222504103
particular:0.016955257240419037
please:0.009577076784526274
find:0.010582233688366952
now:0.008259571989391222
indicating:0.029655386985464435
email:0.027438986589679408
in:0.002665195528417357
thomas:0.0184200250701455
installed:0.040053699553550925
pull:0.022600452116913125
system:0.011176111646212626
or:0.0033715572885154267
resistor:0.030647641679083626
clean:0.021709210959881528
yellow:0.028343565663126978
and:0.0028634806086809237
for:0.00650697725824148
subject:0.0001334847844600915
i:0.006681454753588823
specifics:0.029364042444844553
fpu:0.0841349084688566
signal:0.022527811614098576
any:0.0051164363314440365
suggestions:0.019784981855354388
the:0.005276271069923372
do:0.003591589594532483
when:0.01307674442843736
putting:0.02010027253519007
got:0.01106076910815287
did:0.008219555217214828
bought:0.018315418744342303
an:0.01346847207842605
thought:0.013422932025958564
mask:0.026828817940214134
problem:0.031733479380683764
just:0.00587194281732943
e:0.031108896960538267
previously:0.023777520336443245
is:0.005373452537813278
new:0.008619997824417735
does:0.018277332215062878
their:0.00756841809290857
exception:0.02487782976032725
dead:0.01715641067405568
change:0.014860045539552438
article:0.004051664401583005
very:0.008716212458917237
capability:0.02454313234695171
check:0.016546557822938446
everything:0.015448312419616266
s:0.0031021814042800915
