seemed:0.04394878017014265
there:0.019120395532857236
circuit:0.04821004838450049
help:0.022292632500435384
thanks:0.020764444217876696
switch:0.044292848145939326
my:0.009898065222190638
to:0.0057424965003784615
most:0.019339536082989977
appreciate:0.03999180557723431
that:0.0072271796965516
so:0.01064386038942625
on:0.010562683859151873
etc:0.02419087486935662
names:0.04267601262480082
a:0.002909383595513323
was:0.009223553480222767
part:0.025512730337638304
question:0.022739438368199003
also:0.015453095121662149
exact:0.04448902469107571
no:0.011726518085234477
kind:0.028703403093365207
doing:0.027923988595472033
references:0.04301424580220482
be:0.006025638095181992
common:0.03506383374615989
get:0.01369139557594919
things:0.023278395084794266
of:0.006076268298929333
lines:0.03680398046140121
using:0.045925428721769176
quinn:0.06782183221193572
good:0.016875102618328114
one:0.010242821955996066
shack:0.0593746424596823
or:0.007024077684407139
use:0.01732062008070154
and:0.001988528200472864
for:0.006778101310668208
subject:0.0002780933009585239
i:0.00994264100236432
ms.uky.edu:0.06491856760288342
any:0.02131848471435015
pretty:0.029979375592912777
noise:0.04771260639183487
will:0.03541579202822764
suggestions:0.04121871219865497
the:0.004710956312431581
do:0.007482478321942673
thing:0.02358262953255163
when:0.027243217559244498
got:0.023043268975318477
can:0.009005895754559514
radio:0.03736823292466319
rid:0.048097434675081575
audio:0.2066791033306109
is:0.005597346393555498
switched:0.05675678383175618
advice:0.081038688921526
nothing:0.0266130833489678
switching:0.05520630854428155
supposed:0.03800723970225375
little:0.024430611478109
bad:0.02854792757027483
project:0.04012120682721928
built:0.03846351702161201
