louis:0.04063104903101689
radar:0.1318491795040806
british:0.03843625292872366
search:0.03678578706357514
watch:0.03313934345322715
where:0.01592635170891174
method:0.034404292437470334
much:0.015062041978964925
legal:0.06516060679023146
direct:0.03442910019460495
think:0.012411620926970304
re:0.0064472500478994915
nope:0.04707822213661337
prefer:0.03540110435380897
trigger:0.05030833808007381
bc:0.09970098951680369
illegal:0.035428957979511094
on:0.0043707657348214645
you:0.004791370598351051
hat:0.046159172696455975
used:0.017021237140835047
more:0.010960508843282118
a:0.0024077657342179226
was:0.007633285638805048
old:0.022826836916744173
ct:0.04786759449459174
oasys.dt.navy.mil:0.050791867964996594
ontario:0.08188534830541846
are:0.016627018489686868
police:0.0316860682037301
not:0.005197500073930732
ab:0.04506879211792908
ve:0.047201733595537095
brakes:0.04798650244400843
heard:0.046597368265859904
writes:0.005700537853599676
detection:0.10225995512229115
of:0.0016762119445322297
even:0.0144755124807416
detectors:0.1919460097760337
they:0.016084821112202476
david:0.0215210796495215
box:0.027314991471608683
one:0.008476818170479504
in:0.010722050976391668
gun:0.03156047841210691
wash:0.050627659387663025
use:0.014334306273684035
and:0.006582714042944653
for:0.002804731576828224
subject:0.000230146180103606
car:0.026367614998994735
i:0.006582714042944653
stan:0.0952691773962883
detector:0.091193508808974
medicine:0.03820219267815511
ago:0.02466522177038486
actually:0.021071673509492107
the:0.0032489353878838493
sfu.ca:0.05030833808007381
canada:0.06414840677597666
devices:0.03659205554760912
got:0.01907029156578081
law:0.025921044183137638
just:0.010124039340223155
long:0.020519924526798145
here:0.015520697462270656
people:0.012976492586837219
columbia:0.04697113144697064
write:0.028053223491271668
time:0.013616465257790634
lee:0.03678578706357514
dc:0.03859589989223432
4000:0.0501530061360852
article:0.013971256557182775
sometimes:0.03021126141653319
alberta:0.1044639787690133
va:0.043026466712081164
