school:0.027138242356687353
some:0.008712961754726523
report:0.056652660051862015
generated:0.03621393892344998
help:0.015970841194341768
tank:0.03462010235406147
take:0.01586379948011719
with:0.004364383408877219
wrote:0.019220708766364634
themselves:0.02415261355464789
angels:0.038377761468124
my:0.014182302407914944
to:0.006171041015332078
remember:0.06229755305644549
most:0.01385519002960476
grade:0.08267216879577408
t:0.01922591832089882
son:0.031844412681900865
provide:0.025201161778234428
signed:0.03690492986992627
nt:0.005328944415839094
could:0.01126200862183625
me:0.01617296537917231
re:0.0027906007670012727
so:0.007625452219290448
anyone:0.012484438430159636
this:0.003917779390831485
on:0.015134591798187758
you:0.004147753652303895
seeing:0.029912609443719606
a:0.0072951708066602726
how:0.019632283540733198
wondering:0.026857712700427586
was:0.02643167564481748
as:0.011942002391298782
old:0.019760545390614358
ice:0.034912794243265065
whole:0.02232772742557679
advance:0.02360821803490037
science:0.025236061389308322
sci:0.04265646281698464
are:0.0047978461313524295
made:0.034710142565940315
copper:0.049141819884325005
able:0.019682576314258723
batteries:0.0393936732168149
has:0.00794607816333247
kid:0.037790872458279876
which:0.009640987556100879
battery:0.1055194407671185
were:0.011576890279644023
if:0.00500112253554783
what:0.013737941835770614
but:0.004964800166047838
impression:0.035306810553466336
version:0.0232870940870566
biggest:0.03606317245093117
using:0.016450899840633738
they:0.006962086750057789
up:0.010025823659346154
good:0.012089625756414172
in:0.0026519358491714994
or:0.005032175057485711
use:0.012408802445875732
watching:0.031788090251786076
and:0.0028492344364984316
for:0.004855953177792149
subject:0.0003984620431644522
i:0.007123086091246079
power:0.02016309910575031
don:0.03327317417710406
information:0.01820015883943108
program:0.04144229003558321
the:0.004500017970083898
do:0.01072116296875368
when:0.00975876449883385
thank:0.027093241095294884
because:0.013169569394735178
mr:0.025201161778234428
division:0.029571398627763677
days:0.02222576585485203
9:0.026573385489739
fly:0.036960830405218505
hewlett-packard:0.04504804412500532
easily:0.027603841555189457
donald:0.0412359126043636
dean:0.037188716404174336
3rd:0.032938468459452176
