another:0.010817099172627213
mode:0.03735985606320225
some:0.005695301829918801
since:0.009760105480017957
read:0.011058551521453276
frequency:0.024384943005182645
content:0.02310807282253879
large:0.014605044487256465
at:0.0042973903046557614
cable:0.02106169494336219
out:0.005747205361368097
mark:0.014651824216059465
small:0.029158496587961085
shield:0.05867764883933598
switch:0.020742016692732564
with:0.011411265888576534
remove:0.021551953097754293
times:0.01370963971460013
from:0.004129620753317929
signals:0.07435502147887722
iastate.edu:0.023444623415158065
several:0.013748543278377543
my:0.004635191518684397
to:0.006722922732150394
line:0.013774652433199945
w:0.015094345634289531
look:0.011566674752565417
important:0.015328630697430354
connected:0.022169673346209735
appreciate:0.01872786992885119
make:0.008585758455364408
that:0.0033844353700924566
quite:0.012957070156631226
really:0.00951900362532159
anyone:0.00816055975434825
this:0.005121779886550429
sync:0.02990013822349622
these:0.008081151088287525
on:0.009892855126620291
am:0.031889489886855915
suggest:0.017909267342000573
amp:0.05303786492933444
input:0.041630744384143575
a:0.0040873291488187176
how:0.012832809729064627
hard:0.01319138245158785
low:0.016564851414535706
accurately:0.02804271141609235
worked:0.018752018734509022
also:0.007236571374046666
ic:0.02893208486386774
caused:0.019425922824659353
it:0.005017396532780077
not:0.0029410244320778774
hundred:0.022445626280299467
have:0.0074817162899656516
ia:0.06134392527835726
null:0.02708605347011045
differential:0.027432159499243543
has:0.015582065471510503
component:0.02590488248472086
loop:0.025041805859554626
noticed:0.019786356200752808
common:0.03284027355737902
sort:0.015304689305663562
get:0.006411580367273767
down:0.011533490619283698
if:0.006538052875740578
of:0.0037939626451851446
never:0.010750923077374928
using:0.03225981334602323
good:0.007902487079802435
one:0.004796638574515231
in:0.0017334605062877119
measurements:0.02893208486386774
minute:0.02181688963118717
tends:0.025359558553071516
use:0.02433335894264412
repeat:0.022933838273260357
and:0.004656066030375486
few:0.0111494024434453
for:0.0015870676239613365
subject:0.00013022905800984534
feedback:0.027019684435692016
i:0.009312132060750973
away:0.013507237006456929
noise:0.15640425119664894
will:0.005528318755625777
the:0.0051475815316325575
when:0.006378899721188955
solve:0.024233673557657955
level:0.017173342256554872
would:0.004549510468801835
can:0.008434790170124032
drivers:0.01918196955356344
rid:0.02252367672589186
an:0.0087599818396267
amplifier:0.028740764311900514
problem:0.010319830692905289
relatively:0.021749294340155826
about:0.019219827908719445
audio:0.02419657795090079
different:0.01232788730737194
spectrum:0.05303786492933444
is:0.003931794539863374
questions:0.014752079693880545
dc:0.02183963115853259
goes:0.01572208388288135
trouble:0.01860888723068456
difference:0.015644652911387252
before:0.010371679352305582
by:0.004831392560083737
hp:0.02110071954173817
range:0.019510029197510603
main:0.018138619568911357
