since:0.023130885819695735
rating:0.03178783225819277
at:0.00509228330898515
out:0.013620544498039998
folks:0.042811743934043675
there:0.005305080841486401
circuit:0.026752396791399114
help:0.012370478150530618
controlled:0.056100205962338695
your:0.014565690429841184
with:0.020283030408886033
motorola:0.05633857922479806
ca:0.023775128278523943
from:0.004893481239480783
turn:0.019777330258465405
to:0.002389940740041903
otherwise:0.02053979671452044
approximately:0.029940238776930438
sources:0.022249358238233895
equivalent:0.027278245220333956
really:0.01127974418029437
nt:0.00825524337251374
its:0.011952743098463411
me:0.012527036767682596
anything:0.013417578903580368
re:0.00432301159281122
scott:0.04418586188637579
had:0.008869413212035463
shot:0.022986314136345293
on:0.005861373702188323
standards:0.0244930539666187
you:0.009638132764313094
pulled:0.028941147373234423
specs:0.028010914039057325
used:0.011413083863218876
e.g:0.023464018613822517
bill:0.03578628758025106
more:0.007349242923819224
a:0.007265050365674887
as:0.004624937342294904
idea:0.016025296504397435
part:0.014157353250943798
experiment:0.029369517154469806
are:0.0037162507607007254
no:0.0065072007871821375
manual:0.022714435820131575
early:0.020247058374527636
it:0.009909116466473179
not:0.00697005790261231
assure:0.03383882286680207
have:0.011820823425379256
probably:0.027597962023459054
try:0.014083177296782616
date:0.020680920172157936
completely:0.04158374146866439
usually:0.019062143018419728
which:0.02240275721128643
writes:0.0038223259596390884
get:0.015195074858856905
if:0.007747403696686812
of:0.002247868041222412
supply:0.023340840656673665
they:0.01617779695678168
good:0.009364218793985545
one:0.005683878079627875
code:0.018731286186888418
in:0.002054100599936306
replacing:0.032421930045802155
or:0.003897754090769279
better:0.012926103302320248
and:0.003310382206567542
for:0.001880629265387711
subject:0.0001543176698960595
1972:0.06767764573360414
i:0.003310382206567542
away:0.01600568547007902
house:0.019872092164683185
power:0.015617660579020472
voltage:0.11954385128460407
20:0.018178221667084507
any:0.0059149552964670934
source:0.018030450645663724
suggestions:0.022872811393473278
the:0.0013070861444896872
less:0.015889396280903335
would:0.005391038416788301
can:0.004997491285767129
put:0.014378377454027626
may:0.010757372990981682
curve:0.03313425744709666
an:0.01557048795193763
willis:0.07302589454225285
about:0.005693735146369199
techniques:0.02748846281669739
current:0.05483663104735522
is:0.004659062894057755
number:0.028927917322517434
today:0.01641113448438354
tracer:0.040189182916906756
various:0.02060450276505889
article:0.004684005088535266
very:0.01007654619528004
by:0.005725060548076104
s:0.014345347534243198
