since:0.014931504652266277
out:0.026377099233144623
there:0.02739638762916858
know:0.009208023325808222
all:0.007119909183927546
situation:0.026299494692347748
thanks:0.014876019738180321
with:0.004364383408877219
ca:0.015347377582778515
response:0.026205959347965237
to:0.007199547851220758
remember:0.020765851018815163
line:0.08429264921808921
that:0.0025888404883169912
nt:0.01598683324751728
me:0.008086482689586155
need:0.014337328294755494
re:0.0027906007670012727
voice:0.027063390309225135
phone:0.06576150282558736
this:0.003917779390831485
telling:0.03204495759422248
certain:0.02459936561015305
on:0.007567295899093879
you:0.00829550730460779
used:0.014734802301021385
lung:0.044723528364261
a:0.0072951708066602726
sorry:0.02371206481148227
want:0.014123865430687922
running:0.022592988152587326
question:0.01629094092050078
jack:0.03190116342358161
play:0.023894912184928667
telephone:0.03341137602611329
place:0.02029423595012258
it:0.007675867829999372
mounted:0.03987530397157289
have:0.0038153030831914393
between:0.017334819746614966
call:0.03965606116415981
device:0.029956378991871833
aaron:0.03772842283387304
which:0.009640987556100879
writes:0.004934793962817629
were:0.011576890279644023
of:0.0043531474380389245
what:0.006868970917885307
lines:0.026367030778317285
find:0.031588757278707316
operator:0.04094322071516001
up:0.010025823659346154
in:0.0026519358491714994
our:0.016640115096868607
use:0.024817604891751464
and:0.0014246172182492158
for:0.004855953177792149
subject:0.0001992310215822261
al:0.028432941647180833
i:0.007123086091246079
we:0.01005779034114903
any:0.007636472136483636
will:0.008457502573905108
unfortunately:0.027476814036014603
the:0.005625022462604872
do:0.01072116296875368
around:0.01766563009816146
can:0.012903970036383782
trace:0.04094322071516001
return:0.027540057521021857
is:0.006015058810985012
number:0.0933680913581253
multiple:0.03204495759422248
time:0.01178738783510234
life:0.020823726517079925
wall:0.0334814487152912
greetings:0.04084815335861203
article:0.0060472603008701565
