at:0.00672492375919413
mark:0.045856854416674656
computing:0.033301232665488865
pioneer:0.046978785865703025
help:0.01633658564917402
tried:0.023647817198753213
with:0.004464331120530895
array:0.041687586014100386
led:0.03217923121244577
ext:0.041687586014100386
to:0.005260302137751263
designing:0.04574773130390057
then:0.012182292746380177
might:0.016237291113575924
that:0.00794438073514069
sources:0.0293827402688127
problems:0.020939490350318876
motors:0.04717205157550677
counter:0.04122480264145585
provide:0.02577828762048407
need:0.01466566405723081
re:0.0028545076547951947
this:0.004007499529552817
bitnet:0.03725386085695515
two:0.028470067674096357
these:0.012646076130526278
unix:0.030248606229926204
set:0.020224538810121536
am:0.012475850051155462
them:0.033569294004555134
m:0.020897934536123236
a:0.00213206736770442
samples:0.04339097190199512
as:0.006107741681045942
internet:0.021805602619195466
d:0.01390720780440485
requires:0.030642402938250577
not:0.004602366477679121
have:0.0078053528724832495
ve:0.013932318313186521
buy:0.022952985688885236
has:0.008128049418981305
willing:0.027296945450226495
be:0.004415734787308941
which:0.009861773530668074
of:0.004452837837383328
forgotten:0.040538174880670054
looking:0.01980065149165377
intel:0.038592432517091504
but:0.010156995759548247
version:0.0476407726361158
using:0.016827638004923057
they:0.0142430477024083
difficult:0.02845197158044274
in:0.001356333602248019
point:0.01680561802488596
or:0.005147415707657139
and:0.008743452240247095
for:0.009934316424796152
subject:0.00020379356406120838
p:0.025695633890315647
vendors:0.041880851723904135
i:0.010200694280288278
appreciated:0.02583787877233773
any:0.007811353177777154
later:0.024392458236318346
the:0.004027687839636161
do:0.005483342892416004
essentially:0.03435699351569635
would:0.007119462947361649
can:0.006599740400287888
come:0.018329722705873346
development:0.029673763611116045
an:0.013708368527660102
e:0.0474944991763943
is:0.010254680415674195
production:0.03663874263818157
window:0.026618265204772073
too:0.014904716548583942
plastic:0.03885122298789823
art:0.03520604416539272
three:0.022278534400553225
lots:0.02785263367493405
understand:0.022871429488058422
project:0.029401800423000387
by:0.007560576143642489
driven:0.03593360278985321
