reference:0.020731294794546416
circuit:0.02571202580506693
technology:0.018709264921205237
help:0.011889404000232206
tried:0.017210355850203727
thanks:0.011074370249534239
allows:0.022959296584145354
fax:0.016992462999352163
motorola:0.027073817238583514
someone:0.01224143397035011
from:0.01410953757383626
gain:0.025475583502740286
to:0.0030626648002018463
clock:0.047668231306660175
mail:0.017023975026865867
that:0.0019272479190804268
like:0.006470217019492629
really:0.01084108746217181
through:0.013163684966804593
could:0.00838393975181143
me:0.012039874226717163
need:0.010673344397206868
re:0.002077447237656503
steering:0.09372654495574877
anyone:0.009293970831341062
this:0.008749707306190317
presume:0.031161077210687633
pins:0.029099612314071897
starting:0.021786233238206762
you:0.006175544326763576
possibly:0.021538631463318563
specs:0.02692160071531621
spec:0.02915544751325802
them:0.008143662064068006
working:0.017602994503925596
8:0.01640272934652148
input:0.07111918832291193
m:0.007604526178422623
bands:0.03232082617658824
sure:0.012122466778662242
a:0.0023275068764106585
other:0.007662822154621727
part:0.013606789513407096
copy:0.018981177472574124
enable:0.03092463490836099
modes:0.02759946155177712
advance:0.01757500675931472
logic:0.023070783045538733
chip:0.053873405963387896
across:0.021439800676854682
output:0.24978300043486293
internet:0.015869633017303368
early:0.019459672771073785
d:0.01012135679098353
it:0.005714257162332866
not:0.0033495000476442493
should:0.009126734123519331
feed:0.027684933323107563
have:0.005680562368307254
snail:0.031578985106452004
has:0.005915413743814172
netcom.com:0.05365058624535232
call:0.029521734422207863
crystal:0.03203090532564063
be:0.0032136736507637296
sort:0.017430340598116833
writes:0.0036736799500975688
if:0.011169173662723488
of:0.003240676426095644
even:0.009328663598700142
but:0.007392035802782336
min:0.031492850736807756
please:0.010641196427251415
email:0.030487762877421568
in:0.0029613283649081745
or:0.003746174765017141
resistor:0.03405293519898181
use:0.009237664043040822
better:0.012423421507230017
and:0.003181645120756582
still:0.011342828234608596
for:0.003614987365689711
subject:0.00014831642717787942
i:0.005302741867927637
vnet.ibm.com:0.0304091808336334
appreciated:0.018804233995423573
back:0.011701981778152987
power:0.015010307112058568
valid:0.02385569065347674
voltage:0.05744746186732363
any:0.005684929257160041
connect:0.025533757390891927
the:0.0020937583610807025
ibm:0.021891483717331482
would:0.01036277384560418
can:0.004803144402431741
bought:0.0407009305429829
7:0.017730714049618367
about:0.005472312112899286
company:0.01870071133128528
is:0.0014926257049481329
select:0.026317527381224733
max:0.05290773375040633
time:0.008775055388353966
sheet:0.02893539674606332
their:0.008409353436565077
hear:0.01840934202366004
build:0.020731294794546416
stock:0.02759946155177712
ham:0.032420928984936453
article:0.004501849335092228
corporation:0.026385278898412617
data:0.09781152077352707
high:0.015540687920230676
john:0.029794204439798286
tone:0.03027028471026997
s:0.0034468682269778797
