confused:0.032003080188243556
mark:0.01989154943239861
there:0.006078006527000976
circuit:0.0306500969861725
help:0.042518398411426434
oscillator:0.04164074398034185
with:0.011619086956083722
active:0.029588225131369987
fm:0.03864746501515604
frequencies:0.03997641001821665
learning:0.032900020392846896
to:0.0036508587022273664
mc:0.037541146573678116
been:0.009716823756433372
make:0.011656162141388766
really:0.012923150617158449
along:0.046277634584652116
me:0.014352167952378075
circuits:0.11262343972103435
anyone:0.03323671688029254
this:0.003476704889876947
acsu.buffalo.edu:0.03592225029618831
hi:0.020867660000095396
on:0.0067153486786660915
books:0.07253121681548665
subjects:0.035687106664023346
am:0.021646839161607492
etc:0.015379629056014804
a:0.005549023016608192
other:0.009134489985641793
same:0.012861545367739155
wondering:0.0238339967010417
j:0.020226017612773924
was:0.0058639810205389775
as:0.010597538545920774
related:0.025524099242590526
local:0.020240950012688424
let:0.015265812865912746
chip:0.021406651376180624
across:0.025557378290290346
theory:0.08083209649622433
are:0.004257691268882288
no:0.014910539552086223
it:0.002270565759867364
not:0.007985563027496223
have:0.01692882824992228
kind:0.018248521171940795
able:0.03493331425312145
without:0.014882188641076126
be:0.003830869252566035
things:0.029599018915764896
if:0.008876164500177607
of:0.005150743988496388
electrical:0.0313718869445063
seen:0.01716864165975068
but:0.01321754746192868
they:0.00617827565899168
find:0.014016203560750928
rf:0.03633371904524133
good:0.010728542061983438
one:0.006511992766725976
in:0.001176686767513182
p.s:0.030032004669667735
and:0.005056919397229005
few:0.015136605966266798
for:0.002154628231205788
subject:0.00017680103901998871
i:0.008849608945150758
away:0.018337639644527618
possible:0.01706603723817604
any:0.027106947451359133
currently:0.0238339967010417
detailed:0.03275007021569617
the:0.002995045072804184
see:0.011717786499411763
would:0.012352975445091074
may:0.012324672367151198
come:0.015901944864035816
simple:0.043697861681539614
note:0.01961383509191058
about:0.0065232859623965
mix:0.03417860381057492
is:0.0017792889198057211
receiver:0.03608378309833506
does:0.016138924693212254
lot:0.0656570433977587
first:0.012434137942987027
somewhere:0.025692192443063488
understand:0.019842101079044064
