above:0.04614671237506009
frequency:0.0847273443400414
preferably:0.08929473600029916
there:0.015555576026731313
thanx:0.08224860704647961
small:0.05065671017400019
where:0.03131282708870783
fm:0.1978226175352055
from:0.014348682278477552
mono:0.10231250699577481
important:0.05326049649107157
mhz:0.08008655237464878
100:0.05726291692934019
smaller:0.07612275032279604
me:0.018365909837365163
anyone:0.02835448728205748
voice:0.0614660051090876
a:0.009467824582009458
9v:0.11368824045070988
advance:0.05361866468943474
no:0.01908043620648322
ftp:0.06429435503879789
only:0.022602309123208247
site:0.06619600334641705
details:0.06465799800492093
of:0.006591206290364022
short:0.05869454009527572
but:0.011275986817803564
distance:0.07998536310369109
supply:0.06844009209499227
please:0.03246466706619076
must:0.03927899029626267
email:0.046506756931660016
in:0.006023040742186118
or:0.022858015515358824
and:0.003235571309243982
for:0.005514387506984305
subject:0.0004524907947799711
transmitter:0.20778062155310933
the:0.0025550949491154338
can:0.014653660888774803
simple:0.055918450117902384
an:0.015218612517995538
is:0.004553773337129897
save:0.06139847851561515
dc:0.07588346419490137
run:0.04537007505741347
too:0.03309352318414401
give:0.04005485205688147
range:0.06778908449982497
