reference:0.05740973943105161
thanks:0.030667486844864048
ca:0.0316392091706511
via:0.05258817505562531
to:0.0021203064001397397
ten:0.06193829603935122
nt:0.0109858238726529
kirk:0.18506027710867504
me:0.016670595083146843
anyone:0.02573714999448294
on:0.02340040731873646
fix:0.06692367629508437
a:0.0064454036577525926
same:0.029878359238901732
quick:0.062450388002943016
test:0.05501384390737955
was:0.013622478986175164
jumper:0.08674473512507795
3.5:0.07384115824002749
smoke:0.07803716581623643
results:0.056355134597976315
book:0.04784151554897959
drives:0.06226219464239479
ve:0.02807897998503745
settings:0.077398708417671
second:0.04230301194849641
dig:0.08950382633516744
references:0.0635287322617179
things:0.03438039889446538
of:0.002991393624088287
but:0.010235126496160159
hd:0.06859392830356838
up:0.04133724216468876
pro:0.06924255616240342
rather:0.03959205619865944
recommend:0.06750429672558972
and:0.0029369031883906913
subject:0.0008214448274467169
i:0.008810709565172074
info:0.04531377629834458
any:0.015742881019827806
than:0.02200925049568402
the:0.006957720092206643
start:0.04334710904434635
got:0.03403313571739345
can:0.013301015268272515
problem:0.032547158339162836
type:0.04985403862048764
going:0.03350485667768743
answer:0.04671186218659779
s:0.009545173551631052
