believe:0.012070399335168559
frequency:0.027771740644791345
ask:0.016192014357535374
say:0.010541916523708575
radar:0.08496947123596305
29:0.02536103190716953
k:0.021048116979175906
know:0.006854861809212788
lawyer:0.029502782829820984
operate:0.058652802345035525
1992:0.021921925193801622
service:0.020236617935990794
from:0.009406358382557507
parents:0.025475583502740286
wrote:0.014308749859404784
to:0.005359663400353231
receive:0.023791215397252808
hardly:0.024259093614386235
day:0.014129461309793735
legal:0.020996195521296807
december:0.028227369265129316
responses:0.024644047950338414
me:0.006019937113358582
re:0.002077447237656503
scott:0.04246752281301674
wait:0.0203966655839451
so:0.005676725541027334
had:0.008524491587122974
this:0.0058331382041268785
federal:0.04390506878550291
illegal:0.04566399028470319
these:0.009203533183883015
on:0.008450147087321499
you:0.009263316490145364
1989:0.026283958967580498
united:0.021786233238206762
state:0.014765074371892313
communications:0.04687869884815216
m:0.007604526178422623
bands:0.03232082617658824
a:0.003103342501880878
how:0.0073075722068284684
was:0.009838457045570952
act:0.04146258958909283
electronic:0.02396484063894228
l:0.01836089210418535
are:0.007143459795569173
no:0.006254142978791721
brian:0.020755986193215437
telephone:0.02487291326388434
it:0.009523761937221443
not:0.0033495000476442493
disagree:0.02360216123843997
have:0.005680562368307254
made:0.012919886399544453
try:0.013535498179685515
kind:0.015308481649794778
restricted:0.031408031447192265
states:0.019182554085864906
money:0.01722344314849517
argue:0.023664467187440745
placed:0.025304629843480544
which:0.007177179625097322
making:0.01708115106040224
if:0.007446115775148992
of:0.010802254753652147
but:0.003696017901391168
detectors:0.03092463490836099
court:0.022203675708129495
one:0.016388515129593707
in:0.003948437819877566
our:0.02477528247755993
restriction:0.03295042998384937
or:0.003746174765017141
and:0.00424219349434211
for:0.0018074936828448556
subject:0.00014831642717787942
i:0.00424219349434211
we:0.014974932285710778
detector:0.058769150121338806
any:0.011369858514320081
caught:0.025084579076285845
phones:0.05503056971443644
the:0.005025020066593686
see:0.009829920896728756
got:0.02457948690700638
violation:0.028620847334954944
can:0.009606288804863482
law:0.03340934583604407
receiving:0.028275056730081495
radio:0.019929724226487037
may:0.010339030707999061
including:0.035332974517002555
is:0.0014926257049481329
ka:0.03542980277622948
privacy:0.026250592167245988
time:0.008775055388353966
somebody:0.021087379019304197
receiver:0.03027028471026997
virginia:0.05422506413623473
x:0.016917555497478347
solely:0.029809797711349038
cellular:0.02915544751325802
opinions:0.015864500864000236
enforcement:0.025111613463236804
earth:0.019558528681076385
lots:0.020270527841202004
by:0.0055024193045398115
