some:0.01179330176902378
andrew:0.07606986180145452
know:0.012463385107659616
all:0.009637048794406983
small:0.06037870505587902
where:0.01866117978013901
cambridge:0.04719814553013012
c:0.02612219894372687
service:0.03679385079271054
from:0.008551234893234097
longer:0.034284959680547226
my:0.009598123851821226
to:0.004176361091184336
building:0.038388561301400524
100:0.034126384836677494
mail:0.03095268186702885
been:0.014820609971933732
that:0.0035040871256007762
like:0.011764030944532053
so:0.010321319165504245
anyone:0.016898128784256478
quantities:0.05932129786837284
this:0.005302852912842617
something:0.020107690072358818
used:0.01994407584178652
etc:0.023457818055133695
them:0.014806658298305464
modem:0.04306434925792738
a:0.004231830684383015
as:0.008081961214313317
no:0.011371169052348586
those:0.018746622770581416
d:0.01840246689269733
have:0.010328295215104099
ve:0.03687138785914009
ideally:0.05990987269790795
minimum:0.04950967656476494
modems:0.05364142332694725
dec:0.05010402504984507
if:0.006769196159226357
of:0.0019640463188458452
but:0.006720032547983943
years:0.022522984070509025
order:0.05665286588146449
toward:0.04517638762013505
find:0.02137824987548879
in:0.003589488927161424
point:0.022237736982424858
dropped:0.05018083918504931
or:0.006811226845485711
and:0.003856539540311009
still:0.02062332406292472
for:0.01314540860250804
subject:0.0002696662312325081
offer:0.035506703220119576
i:0.003856539540311009
we:0.027227149610383233
any:0.010336235013018256
research:0.03118516647006846
source:0.06301551437777424
suggestions:0.03996966031384725
the:0.003806833383783096
marshall:0.0597098461595627
can:0.008732989822603166
orders:0.04943778295093803
crazy:0.04943778295093803
interested:0.02906137591328202
is:0.0027138649180875143
chips:0.08389375652923177
does:0.012307967821591164
wanted:0.030759191813596997
afford:0.04772834939499271
hundreds:0.04743036288593515
checked:0.04546228434905275
by:0.01000439873552693
quantity:0.05858635489582306
buying:0.040517352780176936
