tv:0.056547179944054664
at:0.006574365764585306
returned:0.07088582390618314
with:0.008728766817754438
ca:0.015347377582778515
times:0.02097370254845542
my:0.007091151203957472
single:0.024264378138152052
to:0.0020570136717773593
day:0.01897987340121546
100:0.025212776856948293
make:0.026269857960443337
that:0.0051776809766339825
problems:0.020470695790237112
bit:0.02033644923922164
like:0.008691336294840845
nt:0.005328944415839094
anything:0.01732269515163734
re:0.0027906007670012727
fixed:0.03384203511283454
had:0.0229016191892856
error:0.02810043402367163
this:0.00783555878166297
off:0.016294458566838435
la:0.03252465275395805
something:0.014855681471369573
on:0.0037836479495469396
possibly:0.02893249002535329
jc:0.04611596086859244
imho:0.03231098251011978
m:0.010215035165045313
a:0.003126501774282974
how:0.009816141770366599
same:0.014493233959168749
j:0.022792004921857182
series:0.026771271349012433
was:0.01321583782240874
as:0.01791300358694817
equipment:0.030111626212989472
stuff:0.021816541437862852
video:0.026087396961679273
complex:0.033552185610474364
no:0.008401087583451566
taking:0.025425000254862724
it:0.015351735659998743
not:0.008998656844417386
ve:0.013620400739010703
reliability:0.08207902956219924
fail:0.034067057785750116
quality:0.02868778985503246
has:0.00794607816333247
disaster:0.04103951478109962
which:0.009640987556100879
of:0.0043531474380389245
but:0.004964800166047838
never:0.016447307692998958
associate:0.036960830405218505
least:0.017967629721690165
present:0.027048509573353013
fact:0.017897515885289844
please:0.014294144454516827
they:0.006962086750057789
one:0.0073381411028031526
in:0.003977903773757249
message:0.02423373051163971
and:0.0028492344364984316
vcr:0.045215752004498296
for:0.004855953177792149
subject:0.0001992310215822261
i:0.0028492344364984316
6:0.021927982332531303
we:0.01005779034114903
back:0.01571908000050401
face:0.02678560888765343
tired:0.036849444955840326
flames:0.03337658488353261
the:0.0033750134775629237
do:0.00536058148437684
when:0.00975876449883385
electricity:0.04230382934795071
got:0.033017221218366775
can:0.006451985018191891
maybe:0.019760545390614358
an:0.013401464754652787
thought:0.020034226904415763
myself:0.024871955686551366
just:0.017528187514416208
audio:0.07403430567066659
is:0.004010039207323342
printed:0.0363161691052273
window:0.026022333894217476
light:0.0260613036254201
six:0.0316216293748137
various:0.02660133565936708
every:0.01815036214132385
s:0.0046301214989255095
share:0.030455589699558628
