at:0.012585214463634729
there:0.00655556418269391
know:0.008813393754702156
small:0.02134818500190008
means:0.04049421743483932
way:0.012374091568189595
motorola:0.13923677436985807
into:0.012791456449874188
companies:0.028404516754198115
work:0.014464803314216455
zoo.toronto.edu:0.07234252727727862
often:0.04439029126112437
my:0.0203617341713636
to:0.001968855942986901
mc:0.04049080809018139
most:0.013261396171193127
might:0.015193465256274614
normally:0.030398941029434166
that:0.01238945090837417
like:0.00831885045363338
nt:0.005100561083731704
obscure:0.04194863206406365
re:0.0026710035912726466
sample:0.03366572633998542
practice:0.02933234360744172
exactly:0.022974161809085774
mean:0.01888158612021329
these:0.011833114093563876
certain:0.023545107084003637
on:0.003621491608852071
you:0.003969992781490871
henry:0.06536060347796721
spec:0.03748557537418888
them:0.01047042265380172
lung:0.04280680572007839
bugs:0.036231541271824055
why:0.012712304143957189
sure:0.015586028715422882
other:0.009852199913085077
was:0.0063247223864384685
as:0.0057151011444072745
fine:0.023136832699432574
chip:0.04617720511147534
are:0.01836889661717787
those:0.013256540387768287
works:0.02125089995393386
it:0.014693804131713084
not:0.0043065000612568915
stefan:0.0455526035694379
evaluation:0.04060155227972401
has:0.007605531956332507
aaron:0.03611149042670705
writes:0.009446605585965176
if:0.00957357742519156
of:0.0013888613254695618
but:0.004752023016074359
never:0.015742423077584715
least:0.034395176895806887
seems:0.01683205063843627
yep:0.04049080809018139
experimental:0.0380093701819428
spencer:0.03325510426200198
one:0.014047298682508891
in:0.0038074221834533675
distributed:0.03456538640411124
system:0.01596587378030375
or:0.004816510412164895
p.s:0.03239166217942734
and:0.004090686583829891
for:0.006971761348115871
known:0.023263776769045414
subject:0.0001906925492287021
i:0.0027271243892199276
fpu:0.0801284842560539
the:0.002153580028540151
do:0.0051308422779035474
thing:0.01617094596517826
original:0.02204405723766771
33mhz:0.0429604214716567
units:0.03471066986294783
devices:0.030319131739447558
rule:0.0282049826304013
label:0.039374050444533584
instead:0.021912387939890296
an:0.006413558132583833
about:0.007035829859441939
is:0.0038381803841523415
guaranteed:0.03673300026234726
unlike:0.03294279846904605
does:0.008703491530982323
run:0.01912024591705282
every:0.017372489478124257
article:0.011576184004522871
meet:0.03064386298285297
bug:0.035430703428104726
says:0.03658609634896526
s:0.00886337544080026
