transmissions:0.042272609212529136
some:0.01610395689839109
believe:0.01498394400227821
frequency:0.0344752642487065
vehicles:0.0344752642487065
there:0.006329510245359637
radar:0.10547934360326447
k:0.02612869693966664
operate:0.03640518766243584
service:0.10048527526836808
to:0.004752410896864934
receive:0.05906784512421387
band:0.0687350068711636
legal:0.026064242716092586
that:0.004784891385303128
nt:0.0098493593341026
covered:0.03184381881936436
re:0.002578900019159797
scott:0.026359152090837976
so:0.0070469696371373795
federal:0.02725142200479491
illegal:0.056686332767217754
on:0.006993225175714344
you:0.007666192957361681
1989:0.032628362856306825
united:0.02704497919225667
communications:0.05819424684598199
bands:0.04012240490886816
a:0.001926212587374338
same:0.013393747245024913
mobile:0.042442903092462736
was:0.006106628511044039
act:0.05147080086921868
electronic:0.02974945734489386
are:0.004433871597249831
no:0.007763763697810413
telephone:0.12350687965514982
police:0.05069770912596816
it:0.00472904041020651
have:0.01057759889271006
made:0.01603847966840001
kind:0.038007264785697374
restricted:0.03898928041720419
states:0.023812825761763332
placed:0.03141264394363102
writes:0.00456043028287974
get:0.009064648105456015
making:0.021204187523257954
whatever:0.0227928315776094
of:0.012068726000632054
even:0.01158040998459328
wayne:0.03222494074126125
what:0.00634787657239056
detectors:0.038389201955206745
they:0.006433928444880991
in:0.007352263526668571
restriction:0.04090398204891646
or:0.004650423846228174
use:0.011467445018947227
and:0.002633085617177861
for:0.0022437852614625793
subject:0.0001841169440828848
i:0.0013165428085889306
detector:0.0364774035235896
any:0.014114307121224927
prohibit:0.040246670464059046
phones:0.06831381067999007
the:0.005198296620614159
do:0.00495391668211377
violation:0.035529327726150965
rule:0.027232397022456428
law:0.04147367069302022
receiving:0.035100070423549436
radio:0.024740347315639077
about:0.006793215036702562
including:0.043861623538348
is:0.001852914668211475
regulation:0.039646592002061595
ka:0.043981824136009005
privacy:0.032586942000719155
receiver:0.03757690515757651
virginia:0.03365693636042155
x:0.021001103376180014
smith:0.027156817617010085
cellular:0.036192969326803055
article:0.00558850262287311
enforcement:0.03117303740263879
by:0.013661178962995395
included:0.025812285865523924
