at:0.008390142975756488
there:0.00874075224359188
all:0.00908636029186944
versions:0.04228974305379766
with:0.0055697845408528325
indicated:0.04998076716558518
from:0.016125185798670012
both:0.06416297378023536
to:0.003937711885973802
caps:0.14719292915119683
us:0.039235740689238026
make:0.01676267126999718
that:0.006607707151132892
michael:0.05723228955568933
this:0.004999832746394467
off:0.02079483283767953
two:0.017759899358602966
on:0.004828655478469428
identical:0.09309092085561471
amp:0.05177505862149315
board:0.03420187161290614
a:0.0013300039293775191
how:0.02505453328055475
series:0.03416524153112063
was:0.016865926363835916
standard:0.028990900385354637
speakers:0.053842339623758166
canadian:0.09243176791890091
also:0.014128544111233968
output:0.03892722084699163
are:0.006122965539059291
no:0.010721387963642953
model:0.17423578626588332
amps:0.05885275006087035
only:0.038101035379122475
between:0.022122531867108625
be:0.005509154829880679
looking:0.024703669956253754
explain:0.03423864312392957
sense:0.031298305203457055
please:0.018242051018145286
find:0.020156635596889433
in:0.003384375274180771
speaker:0.05017513737159667
clearly:0.03461438453737528
and:0.005454248778439855
for:0.009295681797487828
subject:0.00025425673230493616
i:0.003636165852293237
special:0.03329248755109546
hangs:0.056297854950444835
room:0.037981223622081964
the:0.005025020066593686
essentially:0.04286443952910688
can:0.008233961832740128
sony:0.04838977588307883
10:0.02752735007520157
places:0.03633163697419367
just:0.011184652985389391
different:0.024068732362011885
is:0.007676360768304683
mg:0.10982024683076788
itself:0.032029103243756005
does:0.011604655374643098
amazed:0.05523856318749032
models:0.08501339140915379
difference:0.030544322350803683
three:0.02779512387116641
s:0.005908916960533508
