read:0.01889169218248268
believe:0.018105599002752836
at:0.01468275020757385
out:0.009818142492337166
correct:0.027268478668178737
bbs:0.03372535543129718
know:0.010282292713819181
posting:0.027493237974635338
where:0.015395473318614681
service:0.03035492690398619
work:0.016875603866585865
oliver:0.09696247852976472
my:0.00791845217775251
to:0.0057424965003784615
line:0.02353169790671657
make:0.014667337361247531
nt:0.005950654597686987
need:0.016010016595810302
re:0.0031161708564847544
phone:0.09791157087365229
this:0.013124560959285476
apr:0.031060068975316657
big:0.023131504615562976
certain:0.02746929159800424
on:0.008450147087321499
you:0.01852663298029073
posted:0.02844484103734913
a:0.0023275068764106585
same:0.016184111254405102
are:0.010715189693353758
internet:0.023804449525955052
it:0.005714257162332866
dial:0.10024098343386563
texas:0.033068080597241686
try:0.04060649453905654
second:0.02291413147210222
19:0.03414081009984066
open:0.027541338156278024
uses:0.028458292748636975
writes:0.005510519925146353
if:0.011169173662723488
of:0.001620338213047822
institute:0.03243714874944422
department:0.02890062985577447
but:0.005544026852086752
result:0.029458349675095852
least:0.020063853189220684
gmt:0.03531081946854196
lines:0.02944318436912097
well:0.014023899251277873
they:0.015548660408462395
find:0.01763705614727825
up:0.011195503086269872
pick:0.033500454225316785
good:0.013500082094662493
boxes:0.04108704597320817
in:0.0014806641824540872
use:0.013856496064561234
and:0.001590822560378291
for:0.0027112405242672834
subject:0.0004449492815336383
i:0.006363290241513164
back:0.01755297266722948
will:0.01888842241505474
joseph:0.034034988572031265
the:0.005653147574917897
do:0.005985982657554139
when:0.0108972870236978
can:0.007204716603647611
here:0.015003340880194968
address:0.02660684461611342
company:0.028051066996927915
is:0.004477877114844399
number:0.06255662120994396
sean:0.0854100255204323
goes:0.026858559966588973
1993:0.02524713169175114
luck:0.03435657188261351
give:0.01969363559463339
live:0.02580573561623049
604:0.050878589868647205
