77:0.09388195439520107
24:0.1241723304701173
frequency:0.0847273443400414
circuit:0.15688693711566262
all:0.016170641197394767
4:0.12631878834806842
o:0.05933862684406579
to:0.007007792339444903
randy:0.4249819207812484
channels:0.18641677900567286
provide:0.057236536920057854
on:0.008593369919309998
you:0.009420321854385115
am:0.027700616215277384
leg:0.0948238162791809
8:0.050042225124980785
input:0.07232459829448672
a:0.004733912291004729
j:0.103529785068775
assistance:0.08827748159815928
volts:0.10348187769894346
output:0.06927725743956137
amps:0.20947589004716566
technologies:0.08369195973021362
looking:0.043964158396722776
please:0.03246466706619076
email:0.046506756931660016
for:0.01102877501396861
subject:0.0004524907947799711
i:0.003235571309243982
any:0.017343851970996735
source:0.05286894850338685
can:0.014653660888774803
sequence:0.17622744079253086
compression:0.08248079084916031
put:0.04216032711096236
vary:0.08626288493923168
max:0.08070671250061984
time:0.02677135542209684
2:0.0330238907134815
full:0.05236716074446192
ac:0.08716305146997655
needed:0.05653936762942408
