phoenix:0.0434652556602699
go:0.02860929782050187
out:0.008663066905003382
help:0.03147195176532054
switch:0.03126553986772188
your:0.01852841503207739
with:0.008600402599846284
much:0.01284703580558773
beast:0.03979620296821852
my:0.006986869568605157
to:0.00810705388288724
mail:0.022531731653204823
like:0.008563522525799068
nt:0.0052505775861944005
responses:0.032617122287212606
finding:0.0655677255842933
me:0.007967563826504005
need:0.014126485231597326
greatly:0.02869800845441619
so:0.007513313216065589
anyone:0.01230084374736317
this:0.0038601649880251397
ide:0.09992414169439513
two:0.01371168700480376
you:0.008173514550128262
board:0.05281171351992859
a:0.003080523807014107
how:0.02901536023299539
controller:0.12387907707940196
as:0.017649577063610703
assistance:0.03829684863449557
jumper:0.041458880758309315
advance:0.02326103835791654
bios:0.035483974747839035
brian:0.027471158196902785
manual:0.028894098506490905
it:0.0075629874207346764
not:0.004433161827764448
dip:0.044065829417727756
feed:0.03664182351587766
have:0.011277587054727638
made:0.017099849646455893
chipset:0.04582487124909418
settings:0.0739840595168914
able:0.019393126662578447
uses:0.02511025830762086
be:0.008506783193198107
if:0.004927576615907421
port:0.030660125995217207
order:0.02061997692009185
please:0.014083936447832755
net:0.024376047683077075
in:0.003919405188849055
or:0.004958172483110921
rather:0.018922673918476934
use:0.024452640113931588
and:0.005614667860158675
for:0.00717681315247222
subject:0.0001963011536177816
i:0.005614667860158675
appreciated:0.024887956758648844
unfortunately:0.02707274324136733
the:0.0038796110808260076
do:0.01056349880744848
hello:0.028450667578321848
disable:0.04291005306829825
thank:0.026694811079187607
would:0.013715435972123177
can:0.006357102885571422
an:0.006602192195306888
about:0.014485532063556935
is:0.003951068042509763
chips:0.03053485991321303
motherboard:0.0664003563784037
their:0.011130026607218485
serial:0.030436161234300235
mfm:0.04489287341351224
very:0.0128179594984077
give:0.017376737289382403
ports:0.03619940791685962
says:0.01883107900314388
clue:0.037297174838642415
news:0.022565268501201607
