transmissions:0.05024203553948136
some:0.01913994877267794
expensive:0.033197432738826964
vehicles:0.04097469931198723
there:0.007522778570304488
radar:0.12536479362683073
all:0.007820228120051568
work:0.03319790924574269
zoo.toronto.edu:0.08301601490835252
to:0.0033890143280922067
band:0.08169324587146494
that:0.00853044160904451
nt:0.005853102882970807
toronto:0.03292705159951297
covered:0.0378471617115396
re:0.0030650860883456605
so:0.008375496699876394
this:0.004303134740749336
federal:0.032388985169633296
on:0.004155810042944999
henry:0.15000794240844936
communications:0.034582646691259794
same:0.031837595910305126
noted:0.0365836315490211
was:0.007257878148372013
as:0.006558312788664086
course:0.02005042458934442
are:0.01053953084592173
no:0.009227424067069754
those:0.015212423395799674
police:0.06025547396119167
not:0.004941885316196434
utzoo:0.04497042275271673
kind:0.04517256880267311
attack:0.03236637351029658
placed:0.037334699769069654
be:0.004741485714241569
writes:0.0054201835329308395
get:0.021547114349034793
whatever:0.027089840809453796
of:0.012750202332179585
wayne:0.0383001344875646
detectors:0.045626510520532605
court:0.0327595215365845
spencer:0.07632319010951276
they:0.01529376433619252
authority:0.03467190406666363
one:0.008059925473570676
in:0.007281954995675839
restriction:0.04861538850076137
or:0.011054286191853857
use:0.013629340391371706
and:0.001564743502011434
subject:0.0004376550310166934
detector:0.04335429107311879
prohibit:0.047834157518758705
phones:0.0405963219204859
the:0.004324812352396206
original:0.025296459125192457
violation:0.042227479674523685
rule:0.03236637351029658
would:0.007644669230363738
can:0.007086606495391093
law:0.049292477463015835
receiving:0.041717296814874336
radio:0.029404511153833333
is:0.004404469293289573
regulation:0.09424189902129397
man:0.023754502777009828
attempting:0.04097469931198723
virginia:0.04000209649394365
smith:0.03227654552841363
article:0.006642072789480337
u:0.030997077734368984
enforcement:0.03704992150313627
by:0.008118323564075132
included:0.03067853647951614
poster:0.037334699769069654
s:0.005085543285705069
zoology:0.04518333657569428
