thanx:0.06557659210462564
circuit:0.12508553094356886
stephen:0.05502242269447321
know:0.016673988184571647
help:0.028920171892456718
4:0.0335712095159281
someone:0.02977646100895973
to:0.01117458778452025
mail:0.04140966898426832
make:0.04756974279323524
like:0.01573836572309018
could:0.020393366963865643
me:0.014643090275737092
this:0.014188714550578893
these:0.044773945218890346
tell:0.032567906130033145
link:0.13096994942586265
8:0.039898530842890086
m:0.018497496109676652
a:0.009435838688151319
how:0.03555035127646282
same:0.02624450473687314
sorry:0.042938063307278715
as:0.032437060549338585
question:0.029499811937123033
output:0.055234570120731366
have:0.006908792069562877
only:0.018020759976611983
1/4:0.07541108818215835
get:0.01776181047690706
if:0.018112173507119172
of:0.00525515096123618
but:0.017980627628389468
seems:0.03184442012677133
please:0.051767982619060945
5:0.03511990387726599
and:0.0025797122600729047
subject:0.000360769687729977
i:0.010318849040291619
possible:0.03482394085087273
any:0.013828206301200099
the:0.0010185851486338555
do:0.019413997808283696
an:0.012133758629212659
is:0.003630711174198161
electronics:0.06095110282777924
2:0.02632985881210012
1:0.02646653908006363
wanted:0.041150810669541925
