school:0.027549427846940193
at:0.006673977367079024
out:0.008925584083942877
bbs:0.03065941402845198
there:0.006952871102857178
lead:0.05854870663060471
circuit:0.03506185337054581
anyway:0.046189603358250515
take:0.03220832015660157
ever:0.02002592467295349
fax:0.023171540453662043
your:0.009544941077130777
with:0.004430510430223844
into:0.013566696234715049
times:0.02129148592040172
turn:0.025920288899352387
to:0.002088180545592168
noisy:0.04407385387716579
make:0.013333943055679573
that:0.005256130688401164
bit:0.020644577257997725
nt:0.005409685997897261
me:0.008209005154579884
australia:0.03514464935942604
re:0.002832882596804322
this:0.007954279369263925
on:0.0038409759487824996
you:0.016842393618446118
bill:0.02345086269463422
more:0.009631962316823681
a:0.009521619039861784
let:0.01746316471782443
jack:0.03238451438454497
mind:0.02295193790159195
are:0.004870540769706254
no:0.008528376789261438
amps:0.046814687548419595
care:0.023984976827832554
it:0.005194779238484424
not:0.013702500194908294
should:0.012445546532071815
clever:0.045085455336442475
try:0.018457497517752976
ve:0.013826770447177533
meter:0.09080231516380265
university:0.01780560683029283
inqmind.bison.mb.ca:0.04763448743205772
environment:0.0318004053399833
if:0.005076897119419767
of:0.005892138956537535
department:0.026273299868885883
what:0.006973046234822964
ph:0.041563572544177585
sense:0.024896379139113564
email:0.02078711105278743
in:0.0040381750430566014
or:0.005108420134114283
world:0.038200768011101165
and:0.0014462023276166282
still:0.01546749304719354
for:0.0024647641129702576
subject:0.00020224967342438103
winnipeg:0.03953126961543001
i:0.0014462023276166282
socket:0.04176035653208108
than:0.010837888501662585
the:0.003997175052972251
wrong:0.02002592467295349
solve:0.03763562938878698
would:0.007065527622002849
needs:0.0253738375959799
put:0.018844388632930146
problem:0.016027009788224123
dozen:0.03902842818402947
current:0.04791281399592148
is:0.004070797377131272
stuck:0.036026545964307946
87:0.040069875082731
electronics:0.03416955764587624
2:0.029521356849930437
unless:0.023318647164700692
61:0.07647439177158018
advice:0.029468614153282186
plastic:0.038556895541020215
change:0.02251522051447339
little:0.01776771743862473
bills:0.04271521047825808
live:0.023459759651118628
needed:0.025271384016181977
safer:0.04355118060832524
while:0.016441988680897898
john:0.020314230299862467
range:0.060599333113479904
ranges:0.04701147153632309
