ian:0.04898563906992358
at:0.007865759039771705
there:0.008194455228367387
know:0.011016742193377694
fax:0.02730931553467312
from:0.007558680843126568
to:0.0012305349643668131
areas:0.03675225584762353
considering:0.035762231744241896
communication:0.08594040144872496
nt:0.01912710406399389
australia:0.04142047960218068
re:0.003338754489090808
comments:0.032892901910974104
la:0.07782684766125675
hi:0.028134077321557184
am:0.043776866697358
etc:0.020735035602305673
communications:0.03767038300297942
a:0.0024937573675828484
mobile:0.05494840132506336
sorry:0.028369791828023433
kim:0.04970030610272301
honestly:0.048113867020245754
are:0.005740280192868085
have:0.009129475234779515
spread:0.04161890046632989
area:0.028647027184458454
university:0.041970358957118814
has:0.009506914945415633
chairman:0.05370052683957087
list:0.025996683901085532
anybody:0.02713924236529192
be:0.005164832653013137
which:0.011534752968906409
613:0.05639946319557921
writes:0.005904128491228235
spend:0.03660801084563884
dept:0.07327334804181784
if:0.005983485890744726
of:0.001736076656836952
department:0.030964960559758357
looking:0.04631938116797578
but:0.011880057540185897
year:0.02209607782330046
universities:0.10357230597654433
well:0.015025606340654864
they:0.008329639504533425
good:0.02892874734570534
email:0.024499095169356614
in:0.009518555458633417
or:0.0060206380152061185
recommend:0.03917660077824403
and:0.0017044527432624546
for:0.008714701685144838
i:0.008522263716312274
info:0.026298173744574976
any:0.018272986898014414
graham:0.08702298398116129
information:0.021775190040033615
research:0.027565459647649795
will:0.010118797722350753
the:0.0006729937589187973
do:0.019240658542138304
can:0.007719339218193869
prof:0.05260586324946076
bye:0.054512774859264854
an:0.016033895331459585
here:0.016075008085923177
address:0.02850733351726438
about:0.017589574648604847
interested:0.02568818049477607
spectrum:0.048539117457649814
is:0.0047977254801904266
netters:0.04408772878645181
white:0.030347938801969572
electronics:0.1208137931050624
bad:0.02446965220309271
