24:0.03002527663006935
pc:0.054636755114719396
at:0.007221024692249435
there:0.022568335710913462
storage:0.04117064620422948
nichols:0.04446114585839701
much:0.028642571632130024
though:0.020373313127956393
companies:0.03259534709498144
several:0.04620412085356388
to:0.002259342885394805
that:0.01706088321808902
think:0.03540364002119398
re:0.0030650860883456605
server:0.03280703889465274
this:0.004303134740749336
module:0.04621645723877104
slower:0.04005961758130961
on:0.004155810042944999
you:0.009111458842765933
used:0.032368254235030584
speeds:0.04078332747594631
market:0.03205619028748379
8:0.024200748216179232
a:0.003434026538966545
other:0.011305803178950089
was:0.007257878148372013
as:0.006558312788664086
mac:0.02812526340009128
drive:0.0694377971017866
scsi:0.03467190406666363
rumor:0.045401928764892324
readily:0.04551345050305445
are:0.01053953084592173
it:0.008430871223114065
texas:0.03252598091531969
have:0.008381157592584473
made:0.019062127474737716
being:0.01594921254037007
rated:0.04685218047111428
has:0.017455319244041822
device:0.032902908073039555
uses:0.02799176335931506
sun:0.029741740197531487
be:0.004741485714241569
if:0.005493036227568929
of:0.004781325874567343
cheers:0.03568985800298645
interface:0.03461229128527773
available:0.044279734882200494
what:0.007544607401611732
but:0.01090628233197394
up:0.011011970248790038
one:0.008059925473570676
in:0.002912781998270336
or:0.005527143095926929
and:0.001564743502011434
still:0.01673532034614383
for:0.010667175833182755
known:0.026696137275953755
subject:0.0002188275155083467
i:0.004694230506034301
pretty:0.04718065667081355
the:0.0024713213442264033
devices:0.034792446258382445
older:0.03621434741835763
controllers:0.0482939072454066
an:0.007359820807883088
about:0.00807390311739239
different:0.020714892606649573
is:0.008808938586579145
type:0.026561577953538494
does:0.009987613232274798
lot:0.020316011379224515
their:0.01240724277525995
designed:0.03220981472854724
adapter:0.04097469931198723
words:0.02711359943858504
models:0.0365836315490211
igc.apc.org:0.043441029674188766
thats:0.042533934855438604
