know:0.04569907872808525
from:0.031354527941858355
appreciate:0.1421930864968331
mach:0.23082157369914102
anything:0.0859718944562742
greatly:0.14455293147409634
dsp:0.22275774096414583
inc:0.13559316651127412
price:0.11593126673496158
answering:0.20465230699943415
digital:0.1529395406300616
d:0.0674757119398902
anybody:0.11257759795972944
telecommunications:0.23082157369914102
and:0.007070322490570182
subject:0.0009887761811858628
i:0.007070322490570182
information:0.09032671424013944
the:0.00279167781477427
henrik:0.46367270104184616
regards:0.1529395406300616
about:0.07296416150532381
chips:0.3076104406071831
does:0.045129215345834264
