british:0.07077151332907848
final:0.0612166412259777
help:0.06793945142989831
send:0.04656106541073369
thanks:0.03164105785581211
method:0.0633475860753422
my:0.015082766052861924
covering:0.08648652774362847
to:0.00218761771442989
real-time:0.09446476356206994
mail:0.04863992864818819
could:0.023954113576604083
me:0.034399640647763324
anyone:0.05310840475052035
this:0.01666610915464822
student:0.06385742019315352
on:0.00804775913078238
you:0.02646661854327247
used:0.031340690608521675
am:0.05188369386353541
a:0.0044333464312583965
as:0.012700224765349499
advance:0.05021430502661348
has:0.016901182125183347
feel:0.04835359816263774
degree:0.07034054524866655
be:0.009181924716467798
if:0.010637308250212845
year:0.039281916130311935
requirements:0.0772439152396898
please:0.03040341836357547
who:0.02052464879736267
david:0.03962611491023006
in:0.0028203127284839756
and:0.006060276420488728
subject:0.0004237612205082269
i:0.012120552840977456
methodology:0.18469043529478993
will:0.01798897372862356
the:0.0011964333491889729
hello:0.061417314137329704
views:0.0642870919704268
would:0.014803962636577397
can:0.013723269721233545
questions:0.048002799003897006
their:0.02402672410447165
very:0.0276705157425944
give:0.03751168684692074
grateful:0.085535763591548
project:0.06113707707004842
