at:0.0106140362946317
desire:0.05854811784111683
programming:0.05286481068871484
with:0.01409222594673608
setting:0.05182935972726032
my:0.01144836459434098
pulse:0.143404339865311
to:0.0016604809157720853
0:0.04415850949964377
then:0.019227474093684378
motor:0.06071179949141899
software:0.10177539355956348
width:0.06811380313848925
that:0.008359147600830766
control:0.1102277446966635
reliable:0.05589269536679804
afraid:0.054400291972668095
so:0.012310971052830364
set:0.03192065764007134
am:0.039381598956659415
cycle:0.12182189541539729
a:0.001682535091381199
low:0.04091318722867253
timing:0.06625656603213674
drive:0.034021731913325165
question:0.026301037148760295
it:0.004130788310120145
assembly:0.062069307473396264
be:0.006969412736596041
duty:0.12122689270237627
port:0.05023827873915109
order:0.033786950134126414
using:0.026559284080059288
they:0.011239995475996913
direction:0.05323072753059796
in:0.00214071929993362
external:0.05173523274247968
use:0.02003348828611263
and:0.006899953273929937
subject:0.00032165008303636504
however:0.028880709689119436
i:0.013799906547859874
any:0.012328762244443462
will:0.013654281263894993
currently:0.04336064460069033
the:0.006356953096293218
language:0.049131437346219144
is:0.009711058803277007
vary:0.06131940013752613
dc:0.05394125768071303
thru:0.12436070302160997
first:0.02262114252278363
thus:0.040136808106943436
understand:0.036098280276333175
by:0.011932957527917664
high:0.03370269669447616
alter:0.0717021699326555
