transmissions:0.030495165849834454
some:0.011617282339635365
read:0.011278622198497124
choice:0.018767973505067377
vehicles:0.024870215502798217
there:0.01826425841944572
radar:0.12682010632233293
all:0.009493212245236728
scope:0.027763286196416506
pass:0.02019539910542933
anyway:0.015166735431067334
philip:0.057711931688422716
where:0.009191327354396825
your:0.012536639026679229
continue:0.019443811974634056
with:0.0029095889392514794
such:0.00956724976849651
work:0.010074987383036338
yours:0.02102651395449981
smiley:0.031005883034212978
to:0.0027426848957031458
band:0.07437743280834867
death:0.016693613850927474
day:0.012653248934143642
that:0.0051776809766339825
problems:0.013647130526824742
nt:0.0035526296105593954
covered:0.022971909098546423
re:0.0018604005113341817
scott:0.0190153087222463
so:0.010167269625720598
mean:0.01315135351656647
laws:0.07386813757289337
illegal:0.020446562814046203
on:0.0050448639327292525
you:0.00829550730460779
subjects:0.0268097169466046
great:0.012543535764839188
state:0.013222454661396101
bands:0.057888046883441624
same:0.009662155972779167
test:0.017790546537212293
was:0.0044052792741362465
faced:0.029217952681437367
sensible:0.02960835872840998
local:0.015205887820477373
are:0.01599282043784143
no:0.016802175166903133
those:0.009233411215360995
police:0.07314594849020281
not:0.005999104562944924
have:0.0025435353887942927
kind:0.013709088044592338
doing:0.026673660747913584
operated:0.029217952681437367
placed:0.022660862546400488
be:0.011511666808705896
which:0.0064273250374005855
writes:0.006579725283756839
get:0.006539174006423494
certainly:0.015302275011222093
making:0.015296553188419918
if:0.0033340816903652203
whatever:0.01644258994404658
of:0.0077389287787358665
even:0.00835402710331356
wayne:0.02324684779842229
what:0.004579313945256872
but:0.003309866777365225
detectors:0.055387405806019675
well:0.008372477164942015
they:0.013924173500115577
one:0.004892094068535435
in:0.007955807547514498
door:0.02104463828921872
restriction:0.029507847746730778
or:0.010064350114971423
use:0.008272534963917154
and:0.0028492344364984316
for:0.0032373021185280993
subject:0.0001328206810548174
idiots:0.029507847746730778
until:0.014234655350072857
detector:0.02631454483045021
prohibit:0.029033667747704286
will:0.011276670098540142
exist:0.0180921615711249
phones:0.024640553603479002
the:0.003000011980055932
do:0.01072116296875368
thing:0.011263345448382868
violation:0.025630609553690994
rule:0.019645261533612846
would:0.004640047990569035
law:0.029918817166606625
receiving:0.02532094632544611
county:0.027490608402909063
may:0.009258833469849905
note:0.014734771636211431
here:0.008957218435937294
people:0.007488921094891131
many:0.018439811219682523
about:0.0049005780115516
shared:0.024870215502798217
is:0.004010039207323342
regulation:0.05720155064974061
applied:0.022024875623465737
virginia:0.024279879463985698
created:0.018895995465099607
x:0.03030009939846868
smith:0.019590739076947573
too:0.019428038486213897
almost:0.015034790697833672
article:0.008063013734493541
enforcement:0.022488012056629973
by:0.014782619027121881
included:0.018620803236323227
