some:0.009303082670385291
manager:0.015645013306428677
read:0.00903188470875666
ability:0.015969281535690945
at:0.014039283067002886
out:0.004693932665659203
mark:0.03589988801942857
there:0.01096946994713722
circuit:0.07375561187110832
all:0.007602134108735388
raise:0.018777695966525735
tried:0.01234208786070387
thanks:0.007941779461817382
your:0.005019650287574751
ohio:0.020208827801017404
from:0.003372797826415042
feet:0.017498254776714472
pulse:0.07113083790131959
single:0.025907782235158366
to:0.007687166629988698
require:0.015456259198815086
add:0.013690121181082544
important:0.012519399573598496
most:0.007396794677159513
approximately:0.020636100830314606
expand:0.021469135881543925
control:0.024299874660884648
provide:0.013454006686388102
bit:0.010856909155600397
like:0.009279992537917715
nt:0.0028449344690136993
its:0.008238344844757649
need:0.007654191201184208
so:0.004070958555318406
this:0.0083662539979509
hi:0.01255385123511715
wiring:0.023250068594775148
on:0.0020199554790409956
detect:0.02041673916823083
you:0.0022143386032219994
state:0.010588499549564208
m:0.010906890136383044
arts:0.023792427855032435
sure:0.008693402470753798
a:0.006120137603310895
how:0.005240490028801292
low:0.013529061912270199
bring:0.015113015726251296
local:0.01217682650165718
120:0.020208827801017404
solution:0.015497438518857563
science:0.013472638351264204
columbus:0.023038475665237507
computer:0.010680091255638706
early:0.01395514381989355
d:0.007258343515446356
namely:0.021288010885222183
have:0.004073710064921536
ve:0.0072714490001093
date:0.014254180038977382
closed:0.016438536657827935
per:0.014090936715430347
60:0.016221750117095687
ideally:0.02362979042666489
second:0.05477481626797343
rc:0.02396198807184039
be:0.00921850608984018
sort:0.0124998458472551
get:0.010473099404710138
tech:0.01806706257019852
of:0.006971973187616128
short:0.013796724564228157
what:0.00366710001193877
but:0.0026505307659378894
adjust:0.022067869758234514
least:0.019184560818378344
heads:0.019333337911323894
order:0.011172577135986024
up:0.00535243175439197
one:0.003917573337751484
in:0.00212366177563136
minute:0.017818575196786333
our:0.02665070226669793
system:0.008905268243994124
figured:0.02052491043940992
use:0.013249239264919107
and:0.004563315711045297
0.5:0.023792427855032435
for:0.0025924212184229
subject:0.00010636237805584979
relay:0.07515241841870461
inches:0.02217702901794812
i:0.005323868329552847
tape:0.01653134766421647
appreciated:0.013485108044526864
we:0.005369497632326573
any:0.004076841698361782
information:0.009716419460094682
will:0.004515160736666472
suggestions:0.015764925781158873
the:0.006606600087553453
do:0.0028618243781135325
when:0.010419716676045705
around:0.00943105351854038
would:0.018578678209250517
needs:0.02668802041967607
simple:0.013144177517753947
an:0.0071545668411293764
problem:0.008428546980261293
long:0.009483311733500338
here:0.007172911974595203
film:0.04134772950090446
current:0.01259858854076023
is:0.004281635488297433
length:0.018417309073476922
1/2:0.05669203953820918
solid:0.017950447501273767
90:0.0160635833049575
9:0.014186588269422415
figure:0.014711145952489058
tapes:0.02078935294516638
runs:0.014947372591407708
accomplish:0.02217702901794812
strip:0.021377544175469426
nice:0.01258860341336557
art:0.01837446926560337
show:0.011992305457110886
capability:0.019556280754543194
function:0.032772913303167
already:0.023153675866911166
give:0.009415283949625524
assistant:0.022289263587536547
s:0.004943715385306919
