thanks:0.049834666122904075
where:0.04618641995584405
modern:0.10266320262604603
on:0.012675220630982248
performance:0.0947752808399154
used:0.04936158770842164
a:0.006982520629231975
advance:0.07908753041691624
science:0.08454080565418289
dual:0.13881602403431606
cheap:0.0929057804601712
should:0.04107030355583699
ken:0.30945545258361085
buy:0.07517102813109916
decent:0.11263905807049289
technologies:0.12344564060206509
be:0.014461531428436784
york:0.09407918018563607
please:0.04788538392263137
one:0.04916554538878112
in:0.004441992547362262
or:0.03371557288515427
better:0.05590539678253508
and:0.004772467681134873
subject:0.0006674239223004575
i:0.004772467681134873
rochester:0.13986512901179185
appreciated:0.08461905297940608
info:0.07363488648480994
any:0.025582181657220184
would:0.023316241152609402
trace:0.13715978939578605
new:0.08619997824417736
e-mail:0.06874239441630667
