freedoms:0.10429435702175878
reserve:0.04444725639428985
search:0.0358584142804598
small:0.02511551176694127
case:0.020769841237871896
your:0.021175331465231303
obo:0.049351331840074876
ohio:0.042625342672734184
from:0.007114052558236769
sell:0.08773291510035044
scanner:0.09355351736983156
antenna:0.09501589345369087
amendment:0.0768084175455006
that:0.005830329839234904
cleveland.freenet.edu:0.14394684946236994
r:0.05210453389460722
cleveland:0.04528363954846659
path:0.037276711185385836
26:0.03694422715003969
apr:0.03132107795830251
western:0.03437418288819664
you:0.004670579742930435
guarantee:0.08298866595096813
m:0.023005289279261716
a:0.0023470657577250335
was:0.007440849866398198
usa:0.030627072991838023
jack:0.07184463695394849
organization:0.032200279227872865
display:0.03097581022634855
digital:0.03470056804211482
it:0.002881138065041781
not:0.010132941320604452
have:0.004296223639896242
date:0.03006553940994389
university:0.019750757156291206
goverment:0.1052030498162172
60:0.03421562419656317
without:0.03776824344205874
aaron:0.08496821276872248
guns:0.06781441869816116
of:0.0016339545005524256
but:0.005590615313028657
2nd:0.07338885463175666
gmt:0.03560754904390786
lines:0.02969060608650854
in:0.002986213477218327
fully:0.03527439920065374
fear:0.0723658174034033
message-id:0.04750794672684543
for:0.016404144348507933
subject:0.0004486883511263579
i:0.0032083816343763854
usenet.ins.cwru.edu:0.08753565402170416
we:0.022651158079226383
20:0.026427162591643863
will:0.009523574326918355
detailed:0.041556811786303535
coverage:0.03889213987321048
cost:0.027907626927318324
the:0.0025336235629884133
originally:0.03823357628400454
hello:0.03251504866093925
thank:0.030508355519071547
can:0.014530520881306106
auto:0.039706778068103174
is:0.002257753167148436
sale:0.026679597933643946
1993:0.025459292462270057
150:0.11882021061171327
article:0.006809520002660512
200:0.10477626166843394
96:0.09527248962395622
realistic:0.14214473402848907
newsgroups:0.036019095301020966
