tv:0.03642943323318907
at:0.008470817427446454
out:0.01132862595269673
there:0.017649595876483605
know:0.011864183900560595
technology:0.03238142005593214
all:0.009173729140829723
chris:0.03689180041268558
with:0.005623340161437955
from:0.008140117831059382
both:0.02159330848373306
throw:0.04099394785129625
my:0.009136675589714436
to:0.003975574500262012
been:0.014108080646359994
guy:0.03256087256681606
like:0.011198452533737243
nt:0.0068661399204080625
could:0.014510664955058246
me:0.010419121926966776
re:0.0035955817574824093
best:0.02341515461501379
recently:0.031820303505650856
you:0.010688442104013882
seeing:0.038541246783254116
m:0.013161679924193
a:0.00805675457219074
air:0.03705902870799201
wondering:0.03460512982555093
was:0.008514049366359477
old:0.02546070271483004
wife:0.03885559641484587
1,000:0.05611314632008233
those:0.01784534282968808
yeah:0.038021369655655314
it:0.0032966868244228074
not:0.0057972116209227395
should:0.015796270598398842
have:0.0049158712802658934
only:0.012822463829512371
ve:0.017549362490648406
heat:0.08788655469148628
buy:0.0289119338965766
able:0.025360242558756435
heck:0.047622608406723846
anybody:0.0584537527867826
be:0.005562127472475686
if:0.012887508072373256
of:0.0018696210150551795
what:0.01770080967301214
but:0.006396954060100099
years:0.0428802965957768
seems:0.02265852970558729
together:0.03422082924471376
they:0.017940762009764303
over:0.01928789185114767
box:0.0304667212567943
one:0.0189098251495312
or:0.00648376401637582
use:0.015988264689878347
and:0.003671128985488364
few:0.021977187508714295
for:0.0062567089021552695
subject:0.000256701508577099
forced:0.0436518797544419
i:0.0055066934782325465
pay:0.03204655828844118
ago:0.027511208897736963
the:0.0007247625096048586
would:0.008967785058695924
fan:0.03845726909124686
1000:0.04492900391810463
just:0.011292197725633519
is:0.0025833906431794607
col.hp.com:0.05611314632008233
involved:0.034623818625633344
bucks:0.05170377196025432
temperature:0.04980443565777853
does:0.011716238599399282
food:0.08106690940058454
run:0.02573879258064803
inclined:0.055438105371301095
s:0.005965733469769407
