know:0.025705731784547953
thanks:0.04152888843575339
where:0.0384886832965367
fax:0.0637217362475706
motorola:0.10152681464468817
c:0.05387703532143666
ca:0.04284476241859002
from:0.017636921967295324
us:0.04291409137885408
basic:0.07957610019916667
software:0.11732441202005235
might:0.04431427366413429
mail:0.06383990635074699
anyone:0.03485239061752898
phone:0.061194731796032686
am:0.03404867409794511
inc:0.0762711561625917
a:0.005818767191026646
compiler:0.1165542741764932
advance:0.0659062753474302
internet:0.05951112381488763
ftp:0.0790284780685224
domain:0.1859667937075239
site:0.08136592077997096
public:0.12348935825252473
of:0.004050845532619555
looking:0.05403927802930508
ed:0.16534040298620842
find:0.04409264036819563
in:0.003701660456135218
system:0.04656713185921927
or:0.014048155368814277
for:0.013556202621336416
i:0.007954112801891455
group:0.05618991530847177
the:0.001570318770810527
an:0.01870621122003618
does:0.025385183632031773
instruments:0.10975811300036771
200:0.0865859384621086
s:0.012925755851167047
