taken:0.018304896109770336
bnr.ca:0.10371001488771564
know:0.006854861809212788
true:0.014351559956432482
response:0.019508880847929677
companies:0.022092401919931868
wrote:0.02861749971880957
both:0.024952267581202645
name:0.015345736143501395
my:0.005278968118501674
to:0.0015313324001009231
dod:0.019430355787180206
remember:0.015459022425117956
sound:0.01917324049515795
measure:0.02565196516004351
been:0.008151335484563552
that:0.0038544958381608535
studied:0.031242181651916258
cco.caltech.edu:0.025004256391979014
bit:0.015139356655864999
through:0.013163684966804593
nt:0.007934206130249317
re:0.002077447237656503
this:0.0058331382041268785
amount:0.02065787228681571
two:0.020719882585036795
on:0.002816715695773833
you:0.006175544326763576
numbers:0.019598568894437212
performance:0.0210611735199812
inc:0.02033897497669112
working:0.017602994503925596
amp:0.12080847011681733
came:0.016770704069321928
posted:0.018963227358232755
a:0.0023275068764106585
sorry:0.01765231491521458
was:0.014757685568356426
running:0.016819224513592787
flaming:0.030624261456859456
are:0.0035717298977845863
internet:0.015869633017303368
it:0.0038095047748885774
not:0.0033495000476442493
flame:0.02332029724932109
zero:0.025742301387108955
have:0.002840281184153627
term:0.0216537766328581
only:0.007408534657051592
ve:0.010139631661263524
after:0.021435707640721682
greg:0.024329269986085682
which:0.007177179625097322
writes:0.0036736799500975688
were:0.008618351652623884
of:0.007561578327556503
electrical:0.026317527381224733
what:0.005113567238870174
but:0.003696017901391168
must:0.012874780152663873
who:0.007183627079076935
ottawa:0.02877589615782759
now:0.00917730221043469
one:0.010925676753062472
in:0.001974218909938783
our:0.012387641238779964
yes:0.014815810391688273
resistor:0.03405293519898181
use:0.018475328086081644
and:0.003181645120756582
for:0.003614987365689711
subject:0.00014831642717787942
half:0.021009130464405643
sockets:0.032732537132997806
i:0.005302741867927637
actually:0.01357952292833936
research:0.01715184155853765
joseph:0.04537998476270836
the:0.0075375300998905305
do:0.003990655105036093
when:0.007264858015798533
canada:0.02067004218337026
db:0.032420928984936453
named:0.051792409469210536
an:0.004988322992009649
just:0.006524380908143811
wires:0.031161077210687633
about:0.005472312112899286
company:0.09350355665642639
current:0.07027212719401818
entire:0.020718990126048897
affected:0.02808671477632771
unit:0.047668231306660175
is:0.008955754229688797
connectors:0.03184570299082068
right:0.01077707552105722
electronics:0.05011535121395182
does:0.00676938230187514
first:0.020861720326567124
e-mail:0.015276087648068148
article:0.004501849335092228
already:0.016143257340540843
opinions:0.015864500864000236
thus:0.01850752818264614
pink:0.032732537132997806
by:0.016507257913619434
john:0.029794204439798286
