some:0.018680590002133665
looks:0.027384843794991124
frequency:0.03999130652849953
at:0.014095440199270897
there:0.007342231884617179
though:0.019884353612885437
wonderful:0.03844918240085923
response:0.028092788421018734
work:0.01620057971192243
adequate:0.043298268829421754
several:0.02254761097653917
my:0.02280514227192723
to:0.003307677984217994
hang:0.04248400727494222
that:0.008325711010427443
think:0.011517984220228442
re:0.0029915240222253645
pen:0.049036226686533804
phone:0.023498777009676553
had:0.036825803656371246
on:0.00405607060191432
bill:0.04952822201106748
more:0.010171352206565808
a:0.005586016503385581
as:0.006400913281736148
services:0.03197329301970647
usa:0.0291569734882298
shaped:0.0479436224064878
stuff:0.04677466484277795
computer:0.02144562324132252
it:0.005485686875839551
couple:0.025247934357236147
have:0.004090004905181223
made:0.01860463641534401
only:0.010668289906154293
ve:0.04380320877665842
meter:0.0958872448129756
batteries:0.042230017688425575
extended:0.03824404295595253
soon:0.028775949096315763
analog:0.0862200497002804
of:0.007777623422629546
department:0.027744604661543493
years:0.0356764067676863
oh:0.025837729473131787
now:0.026430630366051908
over:0.016047526020154863
newer:0.03932677373891062
in:0.0014214376151559238
seven:0.03855375905339806
or:0.0053944916616246825
rather:0.020587869223302906
use:0.013302236221978785
and:0.0015271896579631594
still:0.016333672657836376
for:0.010411163613186367
subject:0.00021357565513614637
vendors:0.043891132606651534
i:0.009163137947778956
similar:0.02531806630293361
than:0.01144481025775569
the:0.0036180144479474544
got:0.017697230573044592
would:0.007461197168835009
home:0.023434904414890788
an:0.007183185108493894
10:0.023122974063169318
just:0.018790217015454174
here:0.028806414489974338
is:0.006448143045375934
number:0.020018118787182064
keep:0.02119531667300737
their:0.012109468948653711
six:0.03389838668980028
advice:0.031118856545865988
meters:0.04683293084765407
little:0.018762709615187712
replaced:0.0346051800484506
needed:0.02668658152108817
by:0.007923483798537329
s:0.004963490246848147
