408:0.02894719463745962
picks:0.031586570551093034
another:0.012184095221915268
out:0.019420501633194392
controlled:0.02666300997660603
fax:0.05041719791016576
switch:0.023363260560495473
own:0.01245324525026371
your:0.048458931622356254
with:0.0032133372351074033
4:0.013649832440542194
someone:0.012106912717928681
from:0.004651495903462504
both:0.012339033419276033
my:0.01566287243951046
to:0.0015145045715283857
line:0.01551540521321972
80:0.021959679271776424
martin:0.02551979874316048
measure:0.025370075433010064
calls:0.022023569590430923
that:0.0019060693705191035
nt:0.003923508525947464
re:0.0020546181471328053
phone:0.06455707969691361
had:0.008430815855396347
this:0.011538075568602616
off:0.011997018944815113
on:0.008357288328120164
set:0.014557222989702865
you:0.012215362404587295
machine:0.05361757177457715
customers:0.029737821998229226
etc:0.012760021909111186
m:0.007520959956681715
why:0.009778695495351684
more:0.0069858188231908015
a:0.003836549796281305
as:0.004396231649544058
old:0.01454897297990288
idea:0.015232836787147014
turns:0.024251399854761498
are:0.01412992047475221
answering:0.060721014164667284
d:0.010010133089983712
telephone:0.024599584546698798
it:0.0037676420850546372
not:0.003312692354812994
should:0.018052880683884394
machines:0.02168102491694666
ring:0.0273807032865899
second:0.015108218553034432
switches:0.02948221751671883
netcom.com:0.03537401290902351
call:0.014598659879113778
device:0.022055795521488054
be:0.003178358555700392
get:0.007221835029072101
of:0.002136709731491634
short:0.038054701820013935
available:0.01484101004293533
what:0.005057374192289183
but:0.007310804640114399
order:0.01540833440182688
they:0.015377796008369402
up:0.022144951159654692
cheaper:0.024227353840476886
now:0.009076452735594749
david:0.027433464168620816
pick:0.02208821157713195
rings:0.25125125351542604
one:0.0054028071855803435
in:0.0009762620983213763
thomas:0.04048357158273737
thoughts:0.02359354020673524
and:0.003146681987561455
for:0.005362893344704516
subject:0.00014668657632977087
i:0.005244469979269091
power:0.014845358682255727
similar:0.017388781801465393
later:0.017557208950317052
than:0.007860446605601435
the:0.0033132000439079256
when:0.03592512205614659
would:0.005124448604969099
friends:0.021849628272460092
did:0.009032478260675634
instead:0.016855683030684843
put:0.013667358788718569
long:0.02615726642976467
here:0.009892312668260418
bar:0.02768724921861416
company:0.018495209008963464
five:0.02181858578596493
is:0.0014762232246739776
number:0.027497415916458882
length:0.02539969548045444
new:0.018945050163555462
hear:0.018207041561861582
six:0.02328185899024745
leave:0.019413088595024816
give:0.012984814677780258
needed:0.01832869609964847
giving:0.02084267553455536
s:0.006817981108307894
