traffic:0.20833525054218577
all:0.015143933819782398
nowhere:0.08192014564121926
former:0.0633475860753422
from:0.013437654832225008
sell:0.05523924284096139
to:0.00218761771442989
that:0.011012845251888151
through:0.037610528476584554
had:0.024355690248922778
this:0.00833305457732411
am:0.025941846931767706
a:0.0022166732156291983
based:0.04795084145873876
have:0.00811508909758179
picked:0.07578089206826669
able:0.04186452739858205
placed:0.0722989424099444
has:0.016901182125183347
get:0.020863078972874958
were:0.024623861864639666
of:0.009259075503130411
exclusive:0.09022567173272
flow:0.08192014564121926
what:0.014610192111057638
they:0.029616496016118845
up:0.021324767783371182
thousands:0.06791396817775142
in:0.0028203127284839756
subject:0.0004237612205082269
station:0.06565063710749455
doug:0.06859745213744105
i:0.003030138210244364
info:0.0467523088792444
information:0.038711448960059756
angeles:0.1503858707498556
driving:0.06646204113811396
the:0.0047857333967558915
l.a:0.09546760327034821
reports:0.06276543562203415
an:0.028504702811483703
middle:0.0637634967482632
deal:0.052322460186674746
ad:0.06872494692628651
does:0.038682184582143654
under:0.03852894328739109
claiming:0.07320621882010232
los:0.14475862456454108
while:0.03444988104569083
s:0.009848194934222513
