some:0.009193203741207513
rating:0.043301535280845266
at:0.006936732381530953
help:0.016851123779856668
50:0.0271746715679404
small:0.023533432285559142
with:0.009209879949441691
powered:0.04361445125446349
4:0.019561177198257316
from:0.006665923263229729
to:0.0032555885671436947
rpm:0.04639257231448508
grade:0.04361445125446349
that:0.002731532483736038
slip:0.045809044974691994
12:0.027979408122929417
quiet:0.03967779021880139
re:0.00294441340770213
phone:0.023128717529209204
installing:0.04156497803978895
reduced:0.039361522173720014
best:0.01917461480284594
you:0.004376369995344267
working:0.02494912606855596
size:0.028353363283983208
bill:0.04874825001089318
a:0.006597657287463284
how:0.010357188954560033
air:0.030347551067961963
series:0.02824685323439107
low:0.05347707936976094
as:0.012600222995543597
volts:0.04807425814360366
services:0.031469776594199285
usa:0.028697808551407283
3.5:0.03779271878426604
given:0.021951083143159692
250:0.035985046015411706
computer:0.021107896891065476
it:0.0053992981061412905
application:0.029058013447377393
made:0.018311650015102373
try:0.01918417064837317
determine:0.03435009038723655
usually:0.025966541277059947
knew:0.030567677660612278
be:0.0045548130483265455
applications:0.030711031711766392
inch:0.041402621447641424
of:0.004593084698403275
flow:0.08127510512435926
department:0.02730768175348769
but:0.005238450568900868
supply:0.03179500341420901
oh:0.025430836095602153
using:0.017357642351534808
who:0.010181518694754711
good:0.01275598308157086
box:0.02494912606855596
shack:0.08976323899416536
in:0.0013990527708227596
required:0.029470720082684795
yes:0.020998786381920386
use:0.013092752186986993
and:0.001503139427129094
for:0.007685406210521432
subject:0.00021021225899227005
i:0.003006278854258188
power:0.021274451024964898
voltage:0.040710799748497055
the:0.004154544149545961
start:0.022185528251043404
around:0.01863932624530422
can:0.013615212479334069
fan:0.12597026725951727
radio:0.05649370646878214
increase:0.03310823411958493
note:0.0233203866053425
about:0.015512065831840496
unit:0.033780636359050514
is:0.004231064990404156
type:0.025515846538044853
dc:0.03525294793306442
study:0.0291761680979118
run:0.021077436443995234
1:0.015421447967911091
fans:0.06477166329995997
admittedly:0.045669678225877815
by:0.023396113578358253
wish:0.029417933187234478
reduce:0.03590469821876413
s:0.0048853250461103805
