some:0.06144930921754495
thanks:0.05245754328726745
where:0.09723456832809271
someone:0.05798573985955315
to:0.0036268398949758705
remember:0.0732269483295061
could:0.03971339882436993
anyone:0.04402407235898398
this:0.027630654651127313
getting:0.07137372558486016
on:0.026684675012594205
you:0.029252578389932726
posted:0.08982581380215514
m:0.03602143979252821
advance:0.08325003201780656
get:0.06917757764690118
kit:0.13581497829991612
in:0.00935156325760476
subject:0.0007025514971583761
i:0.005023650190668287
info:0.07751040682611572
back:0.0554304400017773
information:0.06417950748641486
can:0.02275173664309772
eric:0.2098962358062424
an:0.023628898383203596
interested:0.07571253198460315
does:0.0320654951141454
build:0.09820087007943037
very:0.045874802415353876
