ordinary:0.05602382718854707
706:0.06495906340435942
work:0.04450708712066602
my:0.010441914959673641
to:0.0015145045715283857
building:0.04176337987734782
then:0.017537146700833003
front:0.03864781241061466
that:0.003812138741038207
like:0.025596462934256554
finding:0.048995663073977416
re:0.004109236294265611
michael:0.06603725717964153
phone:0.03227853984845681
this:0.005769037784301308
getting:0.02980441288158996
aisun3.ai.uga.edu:0.0619605250893414
programs:0.03882617719004963
you:0.012215362404587295
used:0.021697401190515008
amateur:0.052190661557299685
a:0.010742339429587655
intelligence:0.049671323333875
1964:0.06735745423974424
cheap:0.04083770569677855
setup:0.048502799709522995
d:0.020020266179967425
deep:0.04999775360215979
it:0.0037676420850546372
university:0.025827913204380812
u.s.a:0.05641285935394175
scientist:0.054180719964670124
get:0.028887340116288403
of:0.004273419462983268
electrical:0.05205664756725772
georgia:0.1056296219803825
uv:0.35040464284183
associate:0.054425838179112965
supply:0.04437324652312686
good:0.017802306058895597
in:0.0039050483932855052
and:0.002097787991707637
subject:0.00029337315265954173
i:0.002097787991707637
athens:0.05884026409658125
house:0.03777881257681529
artificial:0.056612665058152635
research:0.03392671956633821
filter:0.05745032841406345
the:0.0016566000219539628
putting:0.0441764231542639
would:0.010248897209938199
can:0.019001450383246448
law:0.033042210167516115
radio:0.03942143253590842
mcovingt:0.12173703976520579
an:0.019734025023334874
heavy:0.04925063996496273
light:0.03837598555831092
proceed:0.06373680367787345
little:0.025772952768114993
enforcement:0.049671323333875
going:0.023932040484062448
by:0.021767812633344312
fit:0.04467525361866349
father:0.04757880941050605
covington:0.12058003463365806
