music:0.05062262021638554
there:0.010085483357990631
lead:0.04246389711670232
take:0.0233598805531396
own:0.02490649050052742
much:0.019199965599559686
service:0.04002847503822355
from:0.009302991806925008
work:0.02225354356033301
to:0.006058018286113543
bunch:0.04457365957312446
make:0.019341543773073667
that:0.003812138741038207
cds:0.06562526803970485
me:0.01190756791653346
master:0.052258286453721416
this:0.011538075568602616
off:0.023994037889630226
on:0.00557152555208011
etc:0.02552004381822237
them:0.01610834254431034
m:0.01504191991336343
a:0.006138479674050089
how:0.01445453843108928
other:0.015157230635515504
want:0.02079777986496903
as:0.01758492659817623
standard:0.033451038906178426
equipment:0.04434019684110538
science:0.03716079369414633
output:0.04491602405422111
cd:0.14713856205430462
computer:0.029458273683135337
follow:0.04150541002656358
suitable:0.05651230809591887
university:0.025827913204380812
able:0.0289831343528645
after:0.021200150413900564
be:0.012713434222801568
sort:0.03447759678748385
of:0.010683548657458167
short:0.038054701820013935
department:0.03811072068893337
one:0.010805614371160687
email:0.03015273251613122
required:0.04112946648902164
or:0.007410016018715224
and:0.002097787991707637
for:0.010725786689409033
subject:0.00029337315265954173
purpose:0.04132836804554491
i:0.00629336397512291
appreciated:0.03719518812281586
possible:0.028318369483127277
information:0.02680023389542599
cost:0.03649458905880089
the:0.0016566000219539628
do:0.007893603504466997
thing:0.024878378407966556
would:0.020497794419876397
replies:0.04925063996496273
is:0.002952446449347955
alternatives:0.05823962220056077
fee:0.05528479172690786
time:0.017357252416524326
does:0.013389986970742037
run:0.029415762949312033
designed:0.04318238897673366
procedure:0.055556139118010855
s:0.006817981108307894
