go:0.01496486347533944
at:0.020329961825871486
there:0.007059838350593442
entirely:0.03197019266293241
take:0.01635191638719772
your:0.009691786324471251
from:0.0065120942648475046
aaa:0.0918753752555868
to:0.00636091920041922
within:0.024895770894790906
think:0.011074984827142734
nt:0.00549291193632645
re:0.0028764654059859275
phone:0.022594977893919763
map:0.03815614215334355
on:0.01170020365936823
you:0.008550753683211105
particularly:0.030900771501081403
bill:0.047623290395257194
a:0.0032227018288762963
member:0.030699214790358146
running:0.023288157018820782
route:0.03935163526006687
services:0.03074355098048699
40:0.029419286061729222
usa:0.028035551430990194
local:0.02351064193781502
shuttle:0.03581318920523291
plans:0.03581318920523291
computer:0.020620791578194735
are:0.009890944332326547
radius:0.044221198771530246
it:0.005274698919076492
not:0.004637769296738192
should:0.012637016478719074
have:0.003932697024212714
probably:0.018363259346378526
between:0.017868198815741584
west:0.06273706614978752
exit:0.0409331678882461
free:0.02221159841634412
be:0.0044497019779805485
which:0.00993763332705783
get:0.01011056904070094
if:0.015465009686847907
of:0.0014956968120441434
park:0.03454801745419205
department:0.026677504482253356
oh:0.04968794129448421
miles:0.030878113730083277
now:0.012707033829832648
good:0.024923228482453836
definite:0.04348804354226621
yes:0.02051419900387607
office:0.028082599331124315
and:0.0029369031883906913
subject:0.00020536120686167922
limited:0.029862269714598152
possible:0.03964571727637819
48:0.11846700464327765
mile:0.08170001399027349
the:0.0063779100845227565
do:0.005525522453126898
start:0.021673554522173174
county:0.04250470991526709
road:0.05554849824570016
an:0.006906908758167206
about:0.022731142622812422
south:0.033243380651221434
is:0.012400275087261412
right:0.01492210456761769
time:0.012150076691567029
1:0.015065568399420836
x:0.023424307611893097
arena:0.13153766944914233
luck:0.03171375866087401
already:0.02235220247151809
side:0.024772031373624565
going:0.016752428338843713
springs:0.09321401182465804
north:0.030878113730083277
parking:0.04220301212178032
s:0.004772586775815526
