at:0.018611936882840092
out:0.008297021824510281
50:0.04860821533983706
wave:0.034669855469668366
with:0.004118502653447516
motorola:0.034318923260176284
led:0.05937294773000558
from:0.005961776439649124
turn:0.024094916441651515
to:0.007764502310370878
signature:0.03520361490184818
100:0.023792338724162476
considering:0.05641366134302948
like:0.016403367091671454
could:0.010627529262859559
need:0.013529591489417157
anyone:0.011781089786206981
this:0.007394118850301676
mean:0.01861564828753423
30:0.02410637658009782
something:0.014018741670165653
detect:0.03608874317764745
possibly:0.027302490587305217
hat:0.03770749318865418
am:0.023018821925371347
inc:0.02578179926622818
them:0.01032295191219888
cycle:0.10680863365645747
amp:0.038284374332794226
m:0.009639540226169523
more:0.008953655111413562
a:0.0039338144390039295
low:0.023914046056195917
khz:0.04266838569438572
accuracy:0.034078549975884324
square:0.03572123787362935
ab:0.03681675975830827
able:0.018573698775427246
heck:0.03487853010069915
has:0.007498411787933458
determine:0.030721559712528466
ir:0.16543122504137778
be:0.00814734164982354
get:0.009256154755571283
detection:0.041768150683752725
of:0.008215799390101633
duty:0.07085797249505092
distance:0.06646671018475739
least:0.01695536889229917
drops:0.03939862789064559
toward:0.031496213904178665
box:0.022313655004976108
in:0.0025025310125984575
required:0.026357615848598373
point:0.01550377437507085
or:0.0047486722373456716
use:0.011709714984136255
better:0.015747999093671854
and:0.0026887141865548584
for:0.002291189175437141
subject:0.0001880067386761852
i:0.006721785466387146
stan:0.07782552519696792
detector:0.03724805289380628
medicine:0.03120742500469009
information:0.017174797778054682
leaning:0.04251012614613179
source:0.06590002735985545
the:0.0053081197886553026
canada:0.02620146192258202
would:0.01970386576276851
an:0.018969678983698664
10:0.02035473068940961
long:0.016762755247243556
about:0.006936733664238532
head:0.0243159136299696
current:0.04453867216522279
five:0.02796466628905364
is:0.0018920607527511543
done:0.018652560221272523
1:0.013792421774117667
meters:0.041226171520822245
sensor:0.04149194847844793
4000:0.04097006135060481
position:0.024245372938114167
give:0.016642508953211316
thus:0.023460246992086656
s:0.004369269583493087
