some:0.016215789932407694
laser:0.20422741582965534
anyway:0.04234046974506297
missing:0.05996732588040623
post:0.03586913617265528
to:0.0057424965003784615
that:0.004818119797701067
this:0.02187426826547579
something:0.02764807384949337
am:0.022699116065296742
vs:0.04745294368143531
m:0.019011315446056557
sure:0.030306166946655604
a:0.0019395890636755486
how:0.01826893051707117
was:0.012298071306963688
ns1.cc.lehigh.edu:0.0748437931426045
place:0.037769828018283685
not:0.008373750119110623
only:0.01852133664262898
bubblejet:0.1829167740138764
be:0.016068368253818646
printers:0.23556023585394195
if:0.009307644718936239
end:0.03755879725799318
of:0.005401127376826073
but:0.00924004475347792
significantly:0.06787879645721906
seems:0.03272898735251497
well:0.023373165418796454
up:0.018659171810449786
or:0.009365436912542852
offers:0.06277903365809201
still:0.028357070586521486
subject:0.00037079106794469857
however:0.03329304033606824
offer:0.04882171692766441
i:0.007954112801891455
than:0.01986946225304807
the:0.005234395902701757
thing:0.031443506043402174
would:0.012953467307005223
lower:0.055152536292300235
just:0.016310952270359527
here:0.025005568133658278
about:0.013680780282248214
current:0.04392007949626136
is:0.0037315642623703318
right:0.02694268880264305
lot:0.034424352614797094
goes:0.044764266610981616
too:0.02711830372034023
resolution:0.12410616652324633
while:0.030143645914979478
