effective:0.126186419800142
with:0.018275855524673354
iastate.edu:0.15019211875335636
to:0.004306872375283846
protection:0.13218663425415508
anyone:0.052278585926293475
this:0.016405701199106844
how:0.08221018732682027
wondering:0.11246667193304052
was:0.0276706604406683
copy:0.2135382465664589
are:0.040181961350076595
have:0.01597658166086415
area:0.1002645951456046
disks:0.13467846605604727
has:0.03327420230895472
highest:0.14747301322243045
what:0.028763815718644725
they:0.02915373826586699
in:0.005552490684202827
and:0.0059655846014185915
subject:0.0008342799028755718
i:0.0059655846014185915
any:0.03197772707152523
the:0.0023554781562157906
protected:0.14691990143807415
regards:0.12904273740661448
techniques:0.14860950210277027
experience:0.10350696171234837
