read:0.023371165586576512
choice:0.019445168425353314
at:0.004541056765229026
out:0.012146155660623298
there:0.004730819513284265
wave:0.17763833163324924
thanks:0.010275188891320428
tune:0.0303703952780392
suggested:0.02263949458224398
own:0.011682941420350491
with:0.003014574107162615
into:0.009230947953517456
such:0.009912459811689683
followed:0.022912050005171544
from:0.004363774507372039
my:0.0048980116563417594
to:0.00213123581457345
antenna:0.1165658899071053
then:0.008226187369978367
most:0.009570079711170298
basic:0.019688932008041237
that:0.003576336344685328
like:0.006003294141797284
12:0.036632833315588
anything:0.01196516056865672
re:0.0019275283648359305
he:0.008196562925362038
best:0.03765736206125929
on:0.002613447552779845
td:0.2766023169728612
am:0.008424414209800854
etc:0.011970742203392967
why:0.009173827732752611
a:0.0071984748754968814
j:0.01574293123468486
accurately:0.029632762063396555
as:0.008248599589866169
old:0.013649036506919196
40:0.019713954577447415
let:0.01188215331315889
question:0.011252505584263425
cb:0.12540000591396847
equipment:0.020798752126497882
ole.cdac.com:0.033943318889172944
explanation:0.023773153534363125
organization:0.01975171767070552
wa:0.025849415800096556
no:0.005802813073105721
book:0.016029373766410688
digital:0.021285399984596203
it:0.0017672960295874844
not:0.006215567098721287
probably:0.012305276881593857
meter:0.0617830185650616
32:0.04414864712892274
facts:0.020876736052252005
channel:0.07493641436222037
has:0.005488528215910057
manage:0.025974635864885444
uses:0.017603067679569262
his:0.009507366193326065
installation:0.025568548865642585
1/4:0.11506021702020036
credit:0.024909613960952457
minimum:0.02526524731913262
common:0.017351175462017268
sort:0.016172480967324897
writes:0.0034085690258637232
of:0.002004542119234419
looking:0.01337054301756002
what:0.004744546922663047
but:0.003429294960053661
reading:0.016939804362695828
sense:0.016939804362695828
pattern:0.026847275331398954
they:0.0048088640438543485
good:0.01670113248824226
one:0.010137225853356932
rest:0.016838303265323755
in:0.000915874752033456
or:0.006951664512402941
use:0.00857102849354303
and:0.0039360558194926785
for:0.010062335966352804
subject:0.00013761317985576442
i:0.002952041864619509
will:0.011683560256734891
the:0.004273857273133805
can:0.004456525734215017
peter:0.01897883031353586
an:0.004628340920421323
nra:0.027373716027668953
handbook:0.02971939669389337
makes:0.014396793207484403
btw:0.019339126394037807
different:0.0130268912268621
is:0.00969437313523014
1/2:0.024449659663385744
itself:0.034670678769014224
devil:0.05442012588714636
fool:0.025491034033866603
mass:0.021710766086080757
nothing:0.01316936083247891
dave:0.03614716156056281
instructions:0.024909613960952457
under:0.012511976428379583
article:0.004176973609879386
very:0.008985786040120862
opinions:0.014719639976907433
written:0.018471747105443866
by:0.005105337499057557
everything:0.015926095277954914
four:0.018082712118675123
main:0.01916709799807643
rubber:0.02883817093026636
