say:0.03513972174569525
there:0.016995907140317543
know:0.022849539364042624
with:0.010830136607213839
im:0.1094680512925316
my:0.017596560395005578
to:0.0025522206668348716
caps:0.09540282444984981
design:0.06968828161898967
like:0.021567390064975427
had:0.028414971957076575
on:0.009389052319246109
pointers:0.0981445485231672
inside:0.06951954679767013
posted:0.06321075786077585
a:0.007758356254702194
chip:0.059859339959319885
are:0.01190576632594862
have:0.009467603947178755
cmos:0.10806976328312151
left:0.05415565154630669
if:0.012410192958581652
of:0.007201503169101431
lines:0.0654292985980466
pad:0.10334112084221699
one:0.018209461255104118
or:0.012487249216723801
for:0.01204995788563237
subject:0.0004943880905929314
space:0.05662060662061302
i:0.007070322490570182
appreciated:0.06268077998474524
info:0.05454436035911847
power:0.05003435704019522
limited:0.07189064931292147
any:0.07579905676213387
the:0.00279167781477427
hello:0.07165353316021798
would:0.01727128974267363
effect:0.06419210101152603
friend:0.064318507772089
having:0.04846095171148817
lot:0.04589913681972946
experience:0.061337458792502735
data:0.054339733763070594
