read:0.0472292304562067
out:0.02454535623084291
chris:0.07993223422748541
my:0.019796130444381277
to:0.0028712482501892307
infrared:0.1371875805104073
nt:0.014876636494217468
off:0.045488696832423965
on:0.010562683859151873
am:0.03404867409794511
a:0.002909383595513323
red:0.15052578978927295
idea:0.05775783948459909
based:0.06293547941459463
it:0.007142821452916082
christopher:0.10081571034532445
device:0.0836282246856422
be:0.02410255238072797
found:0.05571917719285411
looking:0.05403927802930508
distance:0.09831534214828697
in:0.003701660456135218
and:0.003977056400945728
for:0.006778101310668208
subject:0.0005561866019170479
i:0.011931169202837183
leads:0.09457907280129077
any:0.02131848471435015
information:0.05080877676007843
source:0.06498474920207967
the:0.006281275083242108
would:0.058290602881523504
did:0.03424814673839511
just:0.024466428405539288
life:0.05813290319351479
wall:0.09346904433018793
position:0.14345178988384216
fit:0.08469683498538284
