some:0.0248412101092203
louis:0.050140443485084674
circuit:0.049235794094809014
il:0.05470872379498528
thanks:0.021206240903363437
where:0.03930759145178216
fax:0.06507751786985935
own:0.024111602505829735
your:0.01340353427852407
4:0.026428398980624244
someone:0.023441043773010848
from:0.009006087813086974
to:0.0029323386384911294
remember:0.02960238336724715
could:0.016054352716234652
12:0.03780196629374506
re:0.0039780904550869205
anyone:0.017796965421716927
this:0.01116983911428551
getting:0.028853208215156235
contact:0.07404409146767166
on:0.010787421813601913
you:0.023651020825903056
inc:0.038946973359621294
posted:0.03631256302640314
m:0.01456185863953268
want:0.020134020933108315
ct:0.059070648525240875
drive:0.030040465412829665
washington:0.040842695057601
advance:0.03365426826251755
isolated:0.06288590180634794
203:0.13318258434180688
p.o:0.04900700467756472
campus:0.05510277987669113
university:0.025003618102113337
mo:0.05936617580297572
writes:0.007034706287420876
get:0.027965403729598347
analog:0.057327160704973665
if:0.00712925978471712
park:0.04777917307494645
kit:0.054903927397838434
david:0.07967378423439873
box:0.06741572363205547
one:0.010460754338038537
in:0.007560838378488957
st:0.08163292006211277
system:0.023778960949388563
and:0.004061674622242445
subject:0.0002840101797023223
cec1.wustl.edu:0.1337819647028004
i:0.0020308373111212227
group:0.02869272271070899
vernon:0.06659129217090344
info:0.031333994248855294
back:0.02240805021348444
information:0.025944907281742178
addition:0.04218473000788717
the:0.0008018649042436733
can:0.01839502111569603
eric:0.08485166979401289
an:0.009552107857039752
about:0.010478895535339058
interested:0.030607193781009786
suite:0.056268335222558426
does:0.012962646961037503
build:0.07939644814932668
article:0.008620562556559585
very:0.01854513289131327
