above:0.01877693813881755
effective:0.027848037473134787
read:0.015634503875158082
at:0.0060756207755478
mark:0.020714648029601313
posting:0.022753024530732694
knowledge:0.025494973412773347
sector:0.03677407514485643
with:0.004033292253721016
though:0.01714168414903917
surprised:0.030349535806891304
iastate.edu:0.03314584689729244
to:0.004752410896864934
physics:0.0316248622792638
most:0.012804106648048538
make:0.012138486092066922
that:0.002392445692651564
protection:0.029172222731951466
like:0.008031993541439126
really:0.013457901677178799
nt:0.0049246796670513
re:0.002578900019159797
anyone:0.011537343100975112
this:0.007241137080985089
these:0.011425075676544431
on:0.006993225175714344
you:0.015332385914723362
used:0.013616989712668039
disclaimer:0.02589003811775301
a:0.003852425174748676
how:0.02721440683922326
wondering:0.0248202310472917
was:0.006106628511044039
norway:0.03976250316286423
copy:0.047125682000873685
popular:0.029172222731951466
are:0.008867743194499662
those:0.01279941830543145
have:0.0070517325951400395
made:0.01603847966840001
area:0.022127358928685153
peace:0.02656300589940035
between:0.01601976445549245
disks:0.02972214423305871
easiest:0.04118551304560787
discover:0.0376625777092907
has:0.007343272233700351
device:0.027683826102833282
installation:0.03420895503403215
highest:0.032545768435295
be:0.003989387980258423
writes:0.00456043028287974
get:0.009064648105456015
were:0.010698643430843442
if:0.009243454065702197
whatever:0.0227928315776094
of:0.005363878222503135
key:0.02210925773266604
what:0.00634787657239056
but:0.00917632030690221
years:0.015377761537795817
lines:0.024366773270996664
easy:0.04570595261046631
please:0.013209761082105205
they:0.012867856889761982
one:0.0067814545363836035
in:0.0024507545088895237
yes:0.018392040486233715
world:0.01738793578436329
use:0.011467445018947227
and:0.005266171234355722
few:0.015762948282112322
subject:0.0001841169440828848
i:0.0013165428085889306
ago:0.01973217741630789
any:0.014114307121224927
actually:0.016857338807593686
will:0.00781589893036748
quantum:0.035721802126958385
ways:0.02460923021571789
normal:0.026016294307024432
the:0.003118977972368495
users:0.027232397022456428
do:0.01486175004634131
dictionary:0.03400307252955159
around:0.01632547884933542
specific:0.02527693992048574
protected:0.0324237023863336
regards:0.028478397220770092
may:0.012834658809929868
an:0.006192400955598185
17:0.027119336265382796
techniques:0.03279657977440447
oxford:0.039094573328451
is:0.00370582933642295
readers:0.03137790053652787
hardware:0.024480559473617595
disk:0.024144682646895736
time:0.010893172206232508
experience:0.0228429156882424
first:0.012948653995800283
advanced:0.031880997085811776
article:0.00558850262287311
very:0.036067086036898906
bad:0.018900696874112992
seem:0.019032500378591295
