since:0.024854926998803494
go:0.012083430135367248
at:0.01641549712648008
know:0.007663820656262744
all:0.011851774293742746
small:0.018563639132087025
chris:0.02383072821689006
where:0.011474886945551314
your:0.007825665976281133
with:0.003632468178817064
mentioned:0.021833314402433777
from:0.005258212760435873
work:0.01257808983844909
my:0.005901951933728579
to:0.0051361459382266985
building:0.023605388626327026
physics:0.02848201882293945
most:0.023063297689031526
lights:0.030488363163915164
basic:0.023724551612173912
that:0.004309374228999712
could:0.018746697581690154
need:0.011932931624206436
re:0.0023226118184979535
anyone:0.010390774842493112
he:0.019753207546835218
something:0.01236435600722685
on:0.0031491231381322355
you:0.006904335272158035
possibly:0.024080457536629445
etc:0.04327311777872489
a:0.003469575467941354
other:0.017134260718408827
false:0.026006885662740245
was:0.005499758596903016
as:0.004969653169049804
worked:0.023876794040834468
question:0.013558919772342262
stuff:0.01815786678679268
are:0.003993238395038667
those:0.011527426424146335
it:0.006388610492049167
not:0.0037447826619625146
ones:0.02107223590296184
have:0.003175469646879831
being:0.012085738695187255
probably:0.014827476490864647
tube:0.03311950867083343
referring:0.029499069575865036
which:0.008024175978369675
writes:0.004107219819984859
get:0.03265525404449993
things:0.01388028526795186
if:0.004162424967474591
end:0.016796480761338564
of:0.007246233002449888
uv:0.19805479812799087
seen:0.01610226640138107
what:0.00571703169563125
well:0.010452595715238166
they:0.0057945318292406435
find:0.013145631911014845
tubes:0.03763298614038988
up:0.008344474350014812
cheaper:0.027387443471843433
one:0.012215042332616428
in:0.002207201265770068
use:0.010327823153710235
and:0.002371412512365154
subject:0.00016581960802495836
fits:0.03177461232179312
however:0.014888813069546043
i:0.002371412512365154
power:0.016781709814723864
quantum:0.032171809368999785
than:0.008885722249810317
the:0.0032771869999524044
do:0.004461601980785693
thing:0.014061692143633269
see:0.02197994734672268
less:0.017073699109293648
would:0.005792854944747677
can:0.010739950216617557
radio:0.022281679259426496
maybe:0.016446665107716297
cosmic:0.03807160457029021
friend:0.021572667203060905
here:0.011182614320642211
actual:0.02523203035235219
people:0.028048567827449394
about:0.01223622584250772
definition:0.02530918886166
spectrum:0.06753268515846932
is:0.0033375481601324707
does:0.00756825350520202
lot:0.01539474154202106
blue:0.04964797052749452
goes:0.02001880245956942
light:0.06507232333800547
easily:0.022974625890654576
atomic:0.03613508516637194
by:0.006151773135510348
mine:0.020280987855900535
john:0.016655145339017675
panix.com:0.032171809368999785
main:0.023095757836191475
s:0.0038536414960001135
