large:0.02935327568517231
know:0.01209681495743433
all:0.009353606182806777
with:0.005733601733230856
much:0.017129381074116976
though:0.02436808040794784
vehicle:0.043143947960776856
my:0.009315826091473542
to:0.00405352694144362
otherwise:0.03483710619227486
animal:0.04964683244519121
die:0.03693876834737597
that:0.006802051479107388
r:0.030394311438520883
helps:0.041470316628754535
its:0.020272789765040884
attention:0.08322898908867957
re:0.0036660833605702994
scott:0.03747134365854418
so:0.020035501909508237
this:0.005146886650700186
muscle:0.05542593784798634
you:0.005449009700085508
sure:0.021392588432933367
a:0.004107365076018809
want:0.018554882036393938
part:0.024011981494247815
possibilities:0.05443765648404551
computer:0.026281401031032502
are:0.006303052760796329
police:0.0720702727771116
pain:0.04340196078741777
it:0.016806638712743724
energy:0.04495691206365933
has:0.02087793086052061
be:0.017013566386396214
writes:0.012965929235638477
get:0.012886019365599239
if:0.0065701021545432284
cops:0.04770947705980841
of:0.00571884075193349
what:0.009023942186241482
they:0.00914627082850729
david:0.024474953326906804
george:0.07808459174617975
in:0.005225873585132073
sensitive:0.052385203256772234
or:0.006610896644147895
for:0.003189694734432098
subject:0.0002617348714903755
car:0.029986699410621466
power:0.02648877725657394
signal:0.044172179635487405
will:0.022221673429476164
unfortunately:0.03609699098848977
the:0.0036948676960247696
can:0.008476137180761895
home:0.02871924560648381
maybe:0.025959932179826707
junk:0.05155032278284766
an:0.00880292292707585
cars:0.11241403097563255
chase:0.05834588337657261
right:0.019018368566571565
too:0.01914233203788722
under:0.023797288501035678
hood:0.05814781761855771
article:0.00794444000310393
very:0.0170906126645436
full:0.030290808665914246
feels:0.0501540449393009
high:0.027424743388642366
buying:0.03932566593370114
s:0.006082708635843316
