another:0.007491572062123577
basically:0.013257454554891508
some:0.00788876266981996
choice:0.012744468494995078
large:0.010114980134755324
out:0.007960656074867973
block:0.014823578672849093
fewer:0.018578699259011316
there:0.003100604681003877
circuit:0.015635691367946108
mess:0.017253047142319386
all:0.006446404261123589
true:0.00872729997350624
take:0.0071815848997827825
where:0.006241408102141088
your:0.0042565277776394
with:0.007903072659318208
way:0.005852610876846431
c:0.017473633077222703
into:0.006050013185751306
such:0.006496679741445265
array:0.01844957354002416
simpler:0.020246462164901943
from:0.002860041400101945
carson.u.washington.edu:0.018578699259011316
considerations:0.019715429788137034
both:0.007586838115906209
outputs:0.02003742363882732
to:0.0041904704191950935
job:0.011728001875976947
design:0.03814020818336598
then:0.005391487668161498
important:0.010616112476260887
basic:0.01290423246472973
software:0.01902558032757606
perhaps:0.009758316005540694
derived:0.017798612918978548
that:0.004687900343709146
produce:0.014241484083886475
like:0.003934591430772545
packages:0.01670696149516933
suppose:0.013020739816321519
sum:0.0562767665003984
re:0.0012633125093857113
exactly:0.010866157612405435
description:0.01478054142360102
so:0.010356188487009326
abc:0.03715739851802263
sections:0.018492069425858147
this:0.0070943572752894465
treating:0.019365630197120683
bc:0.07814401881046776
internal:0.013387052081487612
something:0.013450414305158939
two:0.006299964299504431
on:0.001712867652835439
you:0.0037553985770859585
books:0.012333574030561355
products:0.027365451311735737
support:0.009253230775451034
a:0.009907630622558884
same:0.006561126184218285
series:0.01211942689448536
as:0.008109265137334646
part:0.008274399028423234
timing:0.018578699259011316
connections:0.018949303709201937
also:0.00501181463405259
logic:0.09820671161276624
solution:0.026282818028603033
cd:0.015078388678988424
product:0.013482763252522158
are:0.0021719979108149514
daniel:0.014454662145940336
d:0.024619516518608588
reason:0.009027742986515297
it:0.0034748861122294457
not:0.0020368581370809624
analysis:0.014546507214535462
have:0.0034543960347814383
term:0.0263356742832058
minimal:0.05240140102762628
between:0.007847519750156776
real:0.008640519777021106
second:0.01857902551792072
b:0.020681813152123255
has:0.007194422120855075
uses:0.011537145708906881
free:0.009755093899070054
be:0.003908522007685617
which:0.008729002246739986
structure:0.015563035269226635
minimum:0.033117959323727894
gates:0.12191470958172848
writes:0.0022339945642485216
get:0.00888090523845353
of:0.007225832571699747
but:0.00674273536064605
using:0.0074473668197463545
easy:0.011194870149522999
find:0.007150157897545238
one:0.003321996310052779
in:0.004201884842099437
or:0.00227807924899691
world:0.00851773881328607
and:0.004514496455127583
few:0.007721714530088806
for:0.001099151563892142
ttl:0.06528955764383998
subject:9.019242193249425e-05
each:0.008601383099191269
gate:0.12424719599628498
i:0.0006449280650182262
we:0.009106377741310609
similar:0.010691750972522639
cell:0.018758922166799467
any:0.0034570515753000247
allow:0.011845522538427676
will:0.003828734273321907
than:0.004833112439930612
the:0.003565048020218494
do:0.004853499452070924
when:0.004417819063661271
less:0.00928670796147391
can:0.008762493166598447
because:0.005961899658427412
claim:0.011031212989189142
ends:0.01598348856136652
an:0.0060668793146063296
just:0.007935057861255987
about:0.003327757365952269
imply:0.01619339322726857
f:0.025109670394640866
is:0.006353744554846782
unlike:0.01558105332995421
hardware:0.011992165958359972
9:0.012029843431165631
does:0.004116516264653801
expected:0.014018136026075451
various:0.01204249654849726
article:0.002737611082150679
function:0.027790544726672018
delay:0.055868585090216576
by:0.006692131586602474
seem:0.009323353225999115
while:0.007332238195535549
john:0.009059048647235966
s:0.006288205549216402
