dan:0.10740009430776375
say:0.051284999304528206
environmental:0.1432379897365143
where:0.0499312648171287
adrian:0.35194031850518
name:0.07465493259000679
day:0.06873791988548303
australia:0.25076182245644524
phone:0.0793877601678262
something:0.053801657220635755
these:0.044773945218890346
western:0.1105548044242
science:0.09139546557208961
buy:0.08126597635794502
university:0.06352270544861226
of:0.01051030192247236
what:0.024876813594503548
one:0.02657597048042223
in:0.0048021541052565
or:0.01822463399197528
and:0.005159424520145809
subject:0.000721539375459954
i:0.010318849040291619
can:0.023366648444262526
may:0.05029798722810354
here:0.04865948393576747
address:0.08629246902523273
is:0.007261422348396322
chips:0.11223624184316142
2:0.05265971762420024
1:0.05293307816012726
by:0.026768526346409895
integrated:0.14898289357391087
