since:0.01587953669368001
bbs:0.032119386125044926
know:0.00979265972744684
help:0.050954588572423735
all:0.007571966909891199
small:0.023720205557666754
take:0.016871024843934154
thanks:0.015820528927906054
suggested:0.03485763451551851
with:0.004641487117377359
into:0.014212729388749097
o:0.027785547490475248
to:0.00437523542885978
line:0.02241114086353959
that:0.002753211312972038
asking:0.0284558159891936
me:0.008599910161940831
package:0.03085129391314446
this:0.00833305457732411
ti:0.030068738541679862
on:0.00804775913078238
you:0.008822206181090822
them:0.011633802948668578
m:0.021727217652636063
a:0.0033250098234437974
same:0.015413439289909622
wondering:0.028562964300454734
looked:0.029563517495870512
was:0.0070274693182649645
as:0.006350112382674749
also:0.011773786759361637
hmm:0.03936744825344969
mind:0.024044887325477278
baden:0.32850768682640913
those:0.01472948931974254
it:0.005442149678412253
not:0.004785000068063213
should:0.013038191605027616
limiting:0.04385406578559303
probably:0.018946219960549272
ve:0.02897037617503864
area:0.02546402416396307
hopefully:0.03668844902732308
inqmind.bison.mb.ca:0.1497083890721814
be:0.009181924716467798
which:0.01025311375013903
seek:0.03856741095883093
sort:0.024900486568738334
if:0.010637308250212845
of:0.0046295377515652054
what:0.014610192111057638
who:0.010262324398681334
up:0.010662383891685591
one:0.007804054823616051
in:0.0028203127284839756
use:0.013196662918629747
better:0.017747745010328594
message:0.025772380067934295
and:0.001515069105122182
for:0.0025821338326355078
subject:0.00021188061025411345
each:0.02020642378857631
winnipeg:0.04141371102568858
however:0.019024594477753277
i:0.010605483735855273
than:0.011353978430313183
the:0.0047857333967558915
got:0.017556776362147412
would:0.022205943954866095
can:0.006861634860616772
7:0.025329591499454806
about:0.007817588732713265
different:0.020057276968343234
current:0.025097188283577918
unknown:0.03745346367553789
involved:0.028578389976713234
unless:0.02442905893444834
request:0.03095477005868517
too:0.01549617355448013
hook:0.040814444735941396
de:0.0641425718594281
comes:0.024001399501948503
by:0.01572119801297089
