tip:0.06823587217278215
week:0.0405628094635951
at:0.03109288279250933
mark:0.03533675252108459
know:0.014516177948921198
all:0.011224327419368131
thanks:0.023451607587248978
4:0.05845340009832186
to:0.004864232329732344
reserved:0.06705841971917059
near:0.04240912679390029
northern:0.0613897363439619
hot:0.04921903749131073
me:0.012748102122406409
re:0.004399300032684359
anyone:0.019681349995781073
this:0.006176263980840224
on:0.005964809708697528
3:0.02754665817220729
more:0.01495787089200854
a:0.0032858920608150473
other:0.03245430559604496
was:0.010417189812957478
red:0.04250139946991237
let:0.027119267561797937
it:0.008067186582116987
probably:0.02808498488269657
only:0.01568866162669749
area:0.03774667111363938
left:0.034404766864712485
has:0.02505351703262473
which:0.015198733323735503
hotel:0.14203383324119326
were:0.01825062702908587
spots:0.06909186457610483
if:0.007884122585451873
of:0.006862608902320187
reasons:0.04278264089171888
please:0.02253429831653241
one:0.011568363620889676
in:0.004180698868105659
intend:0.05987659072252551
and:0.00224586714406347
few:0.02688973530477984
for:0.007655267362637035
subject:0.0003140818457884505
i:0.00898346857625388
suggestions:0.04655289848318679
than:0.016830603320228954
the:0.003547072988183779
last:0.025648971200699974
about:0.011588425650845547
hit:0.04211414282269893
is:0.006321708868015621
chose:0.0589974901790439
solid:0.05300661556258488
night:0.07877258462550646
blue:0.04701954855839187
2:0.022922465318769514
1:0.023041457552055396
cincinnati:0.14540091191509144
roof:0.06763242165057566
