screw:0.04586159005561873
at:0.008082247820682854
out:0.02161792842349468
there:0.0336799627734733
sell:0.03192726879798686
to:0.0025288057983318
caps:0.04726378458983385
otherwise:0.0325998608404774
near:0.03307133740808739
day:0.023333055373971304
nyc:0.16324066230530881
that:0.006365222485036272
could:0.013845038122257408
rob:0.04037323570641504
me:0.019882361108340272
re:0.006861293628957258
voice:0.03327058992143274
phone:0.026948138772564856
moment:0.03860835595735581
a:0.0038435893371919134
let:0.021148052685805732
cables:0.09666769585353488
wondered:0.05159259355362318
deliver:0.0551785229911187
exact:0.03918299422333274
ordering:0.0544135541017696
step:0.038160739772315155
electronic:0.07914993238549743
are:0.011796539111949092
components:0.04464556568899503
try:0.022352198828838467
moved:0.040904636144329765
dig:0.05337384139253105
robert:0.05863141337537071
switches:0.04922718888112685
be:0.005306984010435517
hackers:0.052148782744599644
writes:0.0060666274405280956
if:0.006148168988655132
cheers:0.03994644657214997
parts:0.03347426615978313
street:0.10976225175188824
beyond:0.035830864196684464
they:0.02567668691305717
who:0.011862870405815122
up:0.012325324498645731
good:0.02972495140109173
chance:0.032982179156078935
one:0.00902120098876718
email:0.02517338219236643
in:0.004890267024619004
point:0.02019757762623909
or:0.006186343648652159
and:0.008756821433274997
subject:0.0002449262100185165
however:0.021991733066026725
i:0.0017513642866549995
we:0.01236462298820156
any:0.009387956571456949
pretty:0.026403853733207586
when:0.011997013237098494
individual:0.03542831368134452
an:0.008237597601483824
places:0.03499836589257188
just:0.010774207004274184
here:0.016517439501132075
south:0.03964806866659437
is:0.002464886485235449
chips:0.07619708161829307
electronics:0.04137964779133636
too:0.017913007962059604
every:0.04462657847591553
wall:0.04116068007200937
very:0.01599305038333438
panix.com:0.14255948555254036
s:0.017076227913468394
