taken:0.020213995704040862
sells:0.030814839490282186
expensive:0.024847158246238583
looks:0.021000647082048407
inexpensive:0.033580690491128905
thanks:0.012229365919731061
ever:0.016217313232085036
with:0.007175796034227575
way:0.010628054107647505
3.50:0.04170906726869699
from:0.0051936948124550655
signals:0.03117132802284219
to:0.004227604785554695
harris:0.035691709888256956
enough:0.029842313213955782
that:0.008512996943177345
weapons:0.02453715328521272
its:0.025372080442137058
re:0.0022941135139765063
anyone:0.010263280672646572
this:0.0032207511556528773
he:0.019510836902088775
something:0.012212646117567625
two:0.01144042596719823
you:0.006819619501947508
suggest:0.02252392518472465
intelligent:0.03127710597642812
m:0.008397636270650748
why:0.010918543436527647
sure:0.013386773129811064
a:0.005140505984710657
hard:0.016590388972855884
want:0.01161103047676185
as:0.004908675829552261
usa:0.022359642245575
compatible:0.02764148664306574
ic:0.07277395579255076
chip:0.03966140316323036
cheap:0.022798964530103362
frank:0.024025609672089707
are:0.007888483209830988
it:0.008413630177668024
have:0.0031365068291267046
made:0.014267359214220867
only:0.01636240783152499
uucp:0.02597318164009861
selling:0.02558145481809534
absolutely:0.024554961626672603
uses:0.020950890367094705
be:0.017744210341640223
converter:0.03305983500777623
writes:0.004056824484770322
if:0.012334056805461522
germany:0.051591972186347076
looking:0.015913407027034625
what:0.01129376813492799
explain:0.022055567656519042
well:0.010324343007075736
they:0.0057234332791886115
good:0.009938710744536805
in:0.003270178562475285
or:0.004136880108607886
and:0.002342315426323864
for:0.007984021175756417
ttl:0.15808350971432827
subject:0.0001637850116074742
space:0.018757746978607995
i:0.0035134731394857966
special:0.021446080937822225
suggestion:0.028393648128294768
we:0.008268367519717608
paid:0.02537417262436906
voltage:0.06343891494551075
stupid:0.023691326326788668
will:0.020858380581042044
the:0.0032369761165174054
do:0.004406858398199366
would:0.011443553939930995
can:0.005304085843176156
page:0.025795986093173538
needs:0.041096276842568676
wants:0.021598375230636496
an:0.005508577537188569
btw:0.023017119757321073
relatively:0.027353406992220518
about:0.012086088102108854
is:0.0016482983244826006
number:0.015351318088329804
logical:0.028879153162397368
levels:0.05626509239869021
does:0.007475391499003222
build:0.022893454374345732
16:0.021392593508129703
too:0.011978637226162556
dm:0.08079759342944234
nice:0.019384904642667226
article:0.004971367363905528
very:0.021389478426790766
convert:0.026248957025756685
atomic:0.035691709888256956
by:0.012152582513094062
visited:0.03558312352568394
seem:0.016930751870526
s:0.0038063575512639163
