screw:0.028565218948928238
hmmm:0.028388017596113604
at:0.005034085785453892
own:0.012951375060274259
into:0.010233165159899351
someone:0.012591189226645828
service:0.020814807019876244
turn:0.019551303626940086
wire:0.08739717041413343
often:0.017756116504449748
ground:0.2658482512043891
to:0.007087881394752844
require:0.02216869176515764
building:0.0651508726086626
pin:0.027847354873971615
connected:0.12985094388494273
that:0.0019823121453398673
phase:0.031350809004751096
its:0.011816140320195258
happens:0.02134901437016445
generally:0.02209571138984628
re:0.002136802873018117
so:0.005838917699342401
two:0.021311879230323558
wiring:0.03334724124164892
on:0.002897193287081657
distribution:0.050799288011466055
used:0.011282648619067803
a:0.0023940070728795345
how:0.007516359984166425
other:0.007881759930468062
question:0.012474206190554882
equipment:0.046113804714749594
also:0.008477126466740379
whole:0.0170966598572988
panel:0.0845219231448854
computer:0.015318302315230374
isolated:0.10133613891080069
are:0.007347558646871148
those:0.01060523231021463
likely:0.018893764599598444
outlets:0.07219131289034139
it:0.0019591738842284112
have:0.002921432075129445
systems:0.017145240687329203
only:0.007620207075824495
which:0.0073822419001001015
writes:0.0037786422343860705
if:0.007658861940153249
of:0.005555445301878247
short:0.019788444946407243
electrical:0.02706945673497401
piece:0.0246269195073915
but:0.003801618412859487
separate:0.04825942327775866
together:0.020336949951144177
they:0.005330969282901392
box:0.018105937204037754
one:0.016856758419010673
in:0.0040612503290169254
or:0.003853208329731916
and:0.004363399022751884
subject:0.00015255403938296168
until:0.01634951843065511
any:0.005847355807364613
noise:0.02617377264923513
will:0.006476030542304482
normal:0.02155635814010596
the:0.008183604108452576
breaker:0.03516697684804055
outlet:0.14244988548289847
grounded:0.03808598041241764
an:0.005130846506067067
relatively:0.025477744798468253
about:0.005628663887553551
shared:0.028565218948928238
is:0.00921163292196562
lot:0.014163162218659375
goes:0.036834596525607735
dave:0.04007171052999534
every:0.013897991582499407
metal:0.028655923801249896
thus:0.019036314702150316
by:0.011319262569339041
remain:0.02566424153739981
while:0.0248039143528974
grounds:0.058165830987596215
trips:0.03294607404923036
main:0.04249619441859232
s:0.00709070035264021
