there:0.026993499575798455
except:0.0948341593824651
nyc:0.17444345285567314
nt:0.021002310344777602
asking:0.10545390631289395
re:0.010998250081710898
on:0.014912024271743821
you:0.016347029100256524
harvey:0.4923900463658575
a:0.004107365076018809
also:0.04363226857881078
electronic:0.12687268573557675
are:0.018909158282388986
fifth:0.14725936751675162
couple:0.09282328807807406
between:0.06831958370724722
west:0.11993850881577026
get:0.03865805809679772
parts:0.10731455915930473
in:0.005225873585132073
or:0.019832689932443685
and:0.005614667860158675
subject:0.0007852046144711264
stupid:0.11357900562548684
do:0.02112699761489696
places:0.11220064359677455
questions:0.08894636286016211
three:0.08583788254330803
smart:0.14589113176278418
by:0.029130455141681354
panix.com:0.3046859593181745
