read:0.0472292304562067
out:0.02454535623084291
mark:0.1877264977682619
yours:0.08804852718446794
to:0.011484993000756923
line:0.058829244766791425
city:0.07666219996846649
australia:0.0966477857384216
need:0.04002504148952575
re:0.007790427141211886
phone:0.061194731796032686
you:0.034737436838045116
a:0.002909383595513323
wa:0.1044747221920569
dial:0.12530122929233203
area:0.06684306343040305
get:0.02738279115189838
if:0.01396146707840436
of:0.004050845532619555
well:0.03505974812819468
find:0.04409264036819563
code:0.067510677298577
email:0.057164555395165434
in:0.007403320912270436
nearest:0.12530122929233203
for:0.006778101310668208
subject:0.0005561866019170479
back:0.04388243166807369
the:0.006281275083242108
country:0.07022404391708609
eg:0.1053251804112289
here:0.03750835220048741
capital:0.10639379071096952
number:0.10426103534990658
live:0.06451433904057621
include:0.07003173485926253
