sells:0.06125388825507312
thanks:0.024309593230684916
where:0.022529960954070265
with:0.007132041180360334
4:0.030295969563154623
my:0.011587978796710991
to:0.0050421920491127955
everyone:0.03728674094528175
mail:0.03736970127848605
make:0.021464396138411022
could:0.01840377018690314
me:0.026428992204988896
need:0.046858585158469176
so:0.012461104846157563
anyone:0.020401399385870624
this:0.012804449716376074
these:0.040405755441437624
you:0.006778036456203926
them:0.01787633136014928
m:0.01669286234287893
answers:0.05110501490551686
a:0.005109161436023396
how:0.016041012161330786
wondering:0.04388943294947923
want:0.023080463020880265
was:0.010798306513431532
question:0.026621781504232982
advance:0.03857928313020305
no:0.013728606538811096
hey:0.04700169494672158
have:0.006234763574971377
christopher:0.05901407434848261
ve:0.02225772803691993
buy:0.03666879421029227
knew:0.047342622718265365
stereo:0.06293864848044894
if:0.024517698284027167
of:0.002371226653240715
please:0.02335872386469823
find:0.025810326069187685
called:0.03271042068117968
one:0.011991596436288079
in:0.00216682563285964
or:0.008223310459793723
and:0.004656066030375486
wpi.wpi.edu:0.07161961571913306
for:0.003967669059903342
subject:0.0003255726450246134
i:0.018624264121501945
actually:0.0298087088670864
the:0.0009192109877915281
can:0.010543487712655042
an:0.010949977299533375
places:0.046522218076711405
just:0.014321811749583975
newsgroup:0.04688004683627256
excuse:0.053987804881909914
many:0.022600012531440165
e:0.03793767922016862
is:0.003276495449886145
new:0.02102438493760423
build:0.04550772028071164
dumb:0.06271487849669045
james:0.042190167898012526
