tv:0.05412372937502375
expensive:0.028929191386692064
c:0.01847212639592114
times:0.020074829582093046
from:0.006046944674501254
several:0.02013179551476712
building:0.027146196920276082
w:0.022102434678781098
near:0.05149679682116464
h:0.02523701517353226
nyc:0.042364838550663475
think:0.010283914482346822
quite:0.018972852729352868
hour:0.03325510426200198
r:0.04428885381041614
re:0.005342007182545293
on:0.007242983217704142
arthur:0.0381663623727912
m:0.00977724794368623
a:0.007980023576265115
other:0.009852199913085077
was:0.018974167159315405
services:0.028547583053309348
avenue:0.0760187403638856
cb:0.0434421449059105
also:0.010596408083425475
stuff:0.020881546804811586
far:0.017781271943724298
electronic:0.030811937964354354
business:0.02583259809452548
l:0.023606861276809735
are:0.004592224154294468
d:0.013013173016978824
co:0.03260704102350368
it:0.002448967355285514
not:0.0043065000612568915
only:0.019050517689561237
between:0.016591898900331466
left:0.02088860845357544
real:0.018268527528558908
5th:0.04222339121283362
6th:0.042509143602931475
ave:0.03734271346914124
were:0.01108073783908785
of:0.0027777226509391236
park:0.03208030192174976
what:0.006574586449975937
but:0.004752023016074359
parts:0.052124214448805155
years:0.01592696730700281
supply:0.028842610240032457
street:0.08545775314968442
ed:0.05668813816670003
they:0.013327423207253481
one:0.007023649341254446
in:0.006345703639088945
gun:0.052300221368634305
stores:0.03874471281946025
or:0.014449531236494685
still:0.029167272603279244
subject:0.0001906925492287021
i:0.005454248778439855
house:0.024556228174929938
projects:0.03727233992311972
the:0.0016151850214051135
when:0.009340531734598114
radio:0.05124786229668094
once:0.038329017070355804
road:0.025790374185503645
fires:0.08033703853349894
ny:0.03000852379702085
an:0.012827116265167667
places:0.027248727730645246
e:0.06666192205829628
five:0.028364161521754406
entire:0.026638701590634296
is:0.0038381803841523415
cop:0.07783787496926563
handy:0.03748557537418888
white:0.024278351041575656
district:0.04038175471781862
mostly:0.029150350141006115
type:0.046293035861881375
electronics:0.16108505747341653
too:0.013946556199032118
every:0.017372489478124257
little:0.016752419299274745
three:0.020846342903374806
lots:0.026062107224402577
7th:0.039374050444533584
s:0.00886337544080026
