replacement:0.15430705075258136
ever:0.08260693927593314
where:0.057733024944805054
anyone:0.052278585926293475
these:0.05176987415934196
vacuum:0.1829411361236487
used:0.06170198463552705
m:0.04277545975362725
ft:0.17667017689045647
it:0.010714232179374124
has:0.03327420230895472
heard:0.08445772998187108
applications:0.12188440710607287
were:0.0969564560920187
of:0.006076268298929333
looking:0.08105891704395762
they:0.02915373826586699
tubes:0.18934096151883661
or:0.021072233053221416
for:0.020334303932004624
subject:0.0008342799028755718
i:0.0059655846014185915
modules:0.1859775032628252
sp:0.14747301322243045
is:0.008396019590333247
charlie:0.3428994734894651
brett:0.32737063853330883
hp:0.13517648456426015
