some:0.005640274759098329
obvious:0.018582842096144983
effective:0.01950707938939393
at:0.021279348126918625
out:0.01707503042145594
watts:0.02731133169321066
there:0.004433714906169794
radar:0.22165949018077316
50:0.033344766078535565
became:0.020896847855344562
richmond:0.02997832967533646
beats:0.027459987049088697
with:0.005650506055937655
floor:0.023748051774704484
meaning:0.01906254364678402
vehicle:0.021259336676324826
feet:0.02121769057466344
several:0.013615707111436698
throw:0.02059599312335657
my:0.004590407059566673
to:0.001997390087088161
near:0.017414375736625725
lights:0.023713171349711796
randy:0.048452045074577114
impact:0.023155770025466163
t:0.012445763550726772
been:0.0070881178126639575
make:0.008502804267389872
that:0.005027603267166331
me:0.005234727924659636
phone:0.014190082735311927
you:0.008055057817517709
am:0.015790689436728168
education:0.020896847855344562
state:0.012839195105993314
came:0.014583220929845153
sure:0.021082550919412593
a:0.0040478380459315795
noted:0.02156136738637958
test:0.017274878521640922
as:0.0038652857981498474
fake:0.02875014543193433
said:0.010586979848615613
driver:0.01777674202167339
fine:0.01564809941024425
manufacturers:0.02438313940543136
brake:0.02638199887848865
cheap:0.01795280781839057
no:0.005438385198949323
it:0.0049689192715937965
not:0.011650434948327824
have:0.0024698097253509797
probably:0.011532481715116949
interesting:0.015787558270151752
meter:0.028951462805850117
p.o:0.022254388597541468
against:0.024959234706839098
earlier:0.01906254364678402
heck:0.023926334658450624
has:0.01543151411429784
jan:0.025654593765061722
be:0.002794498826751069
which:0.006241025760954192
were:0.007494218828368595
if:0.003237441641369127
of:0.010332591503493358
department:0.016753988322188097
but:0.006427857219810726
detectors:0.16134592126101385
years:0.010771861946765186
least:0.011631219240127933
lines:0.017068512677751287
fact:0.011585831539269755
up:0.006490146716678186
thousands:0.020669468575837388
now:0.00798026279168234
box:0.015306951742543996
one:0.004750294240461944
difficult:0.01800583708714009
in:0.0034334241911978835
point:0.010635439426377104
or:0.009772629821783846
truck:0.024843575056659982
and:0.0018444319540617867
for:0.001571733637256396
subject:0.00012897080624163428
i:0.004611079885154467
back:0.010175636328828683
detector:0.12775902200291045
impossible:0.01988527852625041
will:0.005474905047841953
stood:0.02632198670458258
the:0.004369582666603206
would:0.00450555384591486
can:0.004176647306462384
law:0.04357740761223139
possession:0.0279355429563991
imagine:0.01902289156747083
an:0.004337672166964911
efforts:0.023442839689576313
stops:0.026204153597702583
is:0.002595870791214144
eliminate:0.026032623701775483
time:0.015260965892789503
life:0.013480093494148356
2:0.009412606531861878
20th:0.0279355429563991
virginia:0.07072834452552355
1993:0.014636018372029647
1:0.009461468076930959
ordered:0.022628237214041082
ham:0.028192112160814308
passed:0.02087748543313423
enforcement:0.021836185620205915
answer:0.014667976048931674
by:0.009569424877460542
range:0.01932152649995011
s:0.0029972767191111995
va:0.07233434983480312
