tv:0.16653455192315003
read:0.024912121559317824
at:0.009680934202795947
fast:0.038261515658769646
there:0.010085483357990631
dos:0.03878628962905426
take:0.0233598805531396
way:0.019037063951060917
ca:0.02259943512189364
work:0.02225354356033301
to:0.0015145045715283857
psychology:0.06147917758760082
look:0.026056794772262755
enough:0.026726906889421937
that:0.01143641622311462
nt:0.015694034103789858
re:0.004109236294265611
hi:0.034626556703455
on:0.027857627760400544
a:0.00767309959256261
uunet:0.04150541002656358
was:0.00973034213298226
let:0.02533118398629478
21:0.04457365957312446
rich:0.04988786257650503
internet:0.0313904828913693
thread:0.04574645926927435
not:0.006625384709625988
uucp:0.046523391289407405
messages:0.14423209652920554
second:0.030216437106068864
doing:0.029458273683135337
screen:0.08216059714518786
be:0.012713434222801568
noticed:0.04457365957312446
of:0.002136709731491634
fact:0.02635458383108615
over:0.022043304972740197
one:0.010805614371160687
bob:0.20241785791368683
in:0.0019525241966427526
message:0.03568483394021672
and:0.002097787991707637
for:0.0035752622298030113
subject:0.00029337315265954173
i:0.00629336397512291
suggestion:0.05085895214189063
possible:0.028318369483127277
research:0.03392671956633821
the:0.002484900032930944
do:0.007893603504466997
friends:0.08739851308984037
nj:0.05362918431056182
an:0.009867012511667437
thought:0.029500949507601237
about:0.010824353629910678
is:0.00590489289869591
run:0.029415762949312033
hidden:0.05611980169369822
paper:0.04238075161798456
image:0.04067102194432612
says:0.028143151037665584
aside:0.04961784872232365
