some:0.02202899764402555
resistance:0.09221270462112778
ideas:0.06786780447244284
help:0.040379107925316925
small:0.05639143208049078
tony:0.08722159580080581
my:0.01792857096849625
to:0.005200751547512569
think:0.027165057123180285
need:0.036249094179193135
this:0.00990532902587583
something:0.03755964749365137
on:0.009566204249797922
a:0.002634913444993198
how:0.024818169759040082
want:0.035709395617210975
experiment:0.09586653712685428
jack:0.08065577167471577
lc:0.09790830287478319
safely:0.10724938338040303
kind:0.05199106975401999
of:0.007337380587386364
wayne:0.2644877211782763
macintosh:0.08859633822089773
up:0.025348308874573296
speaker:0.29821072211420663
or:0.012722857692511044
for:0.006138657790793848
subject:0.0005037161677739301
i:0.014407449603426032
any:0.01930730691110957
connect:0.08671842132755749
the:0.004266526471636149
do:0.013553168281254654
can:0.016312565895051194
an:0.033882948624971196
is:0.005069294846993659
dc:0.08447404504715436
1:0.036953280979711484
very:0.032891367769499004
needed:0.06294005075728341
