sells:0.05707748678313632
there:0.010429306654285767
andrew:0.04278929726331816
thanx:0.05514395245161701
where:0.020993827252656385
from:0.009620139254888358
acm:0.07283083179586235
to:0.003132270818388252
remember:0.031620727687741275
implement:0.05783534331153033
most:0.02109767572689816
nt:0.008114528996845892
could:0.017148967674159743
me:0.012313507731869826
re:0.004249323895206484
greatly:0.044351467611370474
anyone:0.019010394882288537
hi:0.03580700750016369
these:0.01882540878521526
on:0.011522927846347498
tell:0.02738664833661878
am:0.018572004053424608
them:0.033314981171187294
working:0.03600612512166599
a:0.0031738730132872617
advance:0.03594887746223466
prices:0.04957342589976184
are:0.02191743346367814
reasonable:0.04248076329665963
it:0.003896084428863318
purchase:0.04957342589976184
couple:0.03586354312107407
be:0.006573423376562174
which:0.014680594687699066
found:0.030392278468829515
writes:0.0075143453524723
if:0.007615345679129651
of:0.0022095521087015756
style:0.10433697669260007
years:0.025338357079322655
easy:0.03765547232112281
they:0.021202718738812357
up:0.015266595117640735
david:0.02836869590164198
in:0.006057262564584902
and:0.004338606982849885
for:0.0036971461694553865
subject:0.0003033745101365716
mechanism:0.05461531591031141
outside:0.0409633611077446
i:0.00867721396569977
buttons:0.06532677091248787
games:0.037839435131917336
possible:0.029283768442779343
controls:0.11325654541271275
ago:0.032513246879143684
pretty:0.032704773374086664
projects:0.059296904423145017
the:0.0008565375113511966
do:0.008162703623937463
would:0.010598291433004274
can:0.009824613550428562
bought:0.04162595169168705
just:0.013345324584839613
many:0.021059102586114698
25.00:0.07900828005255532
f:0.042229900209168725
is:0.0030530980328484533
new:0.019590904146403944
chicago:0.047985222009135034
hook:0.05843886405373428
coin:0.0739874533221117
article:0.00920832818541592
