some:0.017425923509453045
go:0.009678767421861328
ask:0.01450031136495705
there:0.00456606460486143
know:0.006138682217205481
help:0.010647227462894511
your:0.018804958540018842
user:0.018814146684542368
much:0.008692521739104135
such:0.00956724976849651
work:0.010074987383036338
wrote:0.01281380584424309
item:0.024210779403484865
my:0.004727434135971648
to:0.006171041015332078
stop:0.016537080172042973
q:0.021117803201605265
then:0.007939703232715438
speak:0.017837974202181063
make:0.00875661932014778
that:0.006903574635511976
quite:0.013214922299051747
protection:0.08417855315687488
provide:0.016800774518822954
nt:0.007105259221118791
could:0.0075080057478908325
re:0.0018604005113341817
lost:0.017435354847352487
so:0.010167269625720598
this:0.00783555878166297
something:0.009903787647579715
you:0.011060676406143718
am:0.0162620533005111
them:0.014585663398330754
answers:0.020848812051006877
sure:0.010855940398802007
a:0.004863447204440182
how:0.013088189027155465
want:0.009415910287125281
as:0.011942002391298782
wise:0.02434995279673067
copy:0.10198841627054753
question:0.010860627280333853
course:0.0121699094522389
volunteer:0.05736878565786382
are:0.006397128175136572
those:0.027700233646082987
it:0.001705748406666527
not:0.005999104562944924
should:0.008173194737479997
have:0.0025435353887942927
crack:0.02600985017751131
disks:0.02144134782981847
somewhat:0.02140217341971446
free:0.014365710418531023
be:0.008633750106529423
common:0.016746905669807712
writes:0.0032898626418784195
get:0.013078348012846987
if:0.006668163380730441
of:0.0058041965840519
key:0.0159494645335153
opinion:0.032928473279479495
what:0.004579313945256872
but:0.003309866777365225
ok:0.03247611134836748
alone:0.01910056385778355
good:0.008059750504276115
in:0.0017679572327809997
initiative:0.027693702903009838
or:0.006709566743314282
and:0.0037989792486645755
for:0.004855953177792149
subject:0.0002656413621096348
tricks:0.028437641877989757
offer:0.017488376212894716
editor:0.022971909098546423
i:0.006648213685163008
we:0.0067051935607660195
will:0.016915005147810216
program:0.05525638671411095
the:0.003000011980055932
users:0.05893578460083854
do:0.0035737209895845604
see:0.008802914235876497
would:0.01856019196227614
can:0.012903970036383782
protected:0.023390233064768024
may:0.009258833469849905
wants:0.017515100311411687
an:0.008934309836435192
here:0.008957218435937294
people:0.007488921094891131
about:0.0098011560231032
is:0.0026733594715488947
interpret:0.02600985017751131
length:0.022998729241008497
questions:0.015045653419131898
life:0.01388248434471995
their:0.007530764271550815
first:0.009341068802940503
various:0.017734223772911385
legitimate:0.09104959688473044
faq:0.019313905785560994
answer:0.015105826080243067
