some:0.005640274759098329
since:0.009665804943979136
frequency:0.024149339691122908
confused:0.02334524206968491
at:0.004255869625383725
take:0.010269319470220788
medium:0.02650430712962049
c:0.012493225581782414
4:0.012001301952554005
someone:0.010644725191608792
times:0.04073153828250763
from:0.004089721035894568
stream:0.025812998706235595
my:0.004590407059566673
to:0.002663186782784214
player:0.0938952423443527
then:0.007709566907129484
h:0.017068512677751287
worse:0.018816741127248245
that:0.005027603267166331
view:0.016450960158379862
bowman:0.060479047961979934
think:0.006955304480814276
bit:0.013164657961621737
higher:0.03586351606799896
really:0.018854065151603146
nt:0.0034496548392388333
could:0.007290382392879504
me:0.010469455849319272
so:0.004936283079154203
this:0.005072294090545111
mean:0.01277015486391237
off:0.021096207226631403
getting:0.013102423054225536
fair:0.020399514670550158
on:0.002449317996325072
1983:0.02438313940543136
specs:0.023410087578535833
tell:0.01164263310928721
am:0.007895344718364084
optical:0.028463075767824177
8:0.028526485820037355
m:0.02645052583799173
sure:0.010541275459706297
a:0.0020239190229657898
factor:0.02185980873756916
same:0.018764186961629105
samples:0.05491997409817739
was:0.004277590019813457
as:0.007730571596299695
ar:0.029611247999114614
coming:0.016795313791254082
said:0.010586979848615613
related:0.018619028916092604
cliff:0.028192112160814308
cd:0.06468410215913875
business:0.017471322382770858
furthermore:0.023748051774704484
d:0.008801179818246548
isnt:0.03446884155274793
it:0.008281532119322994
not:0.002912608737081956
have:0.004939619450701959
being:0.009400018985145643
whether:0.013804147753052292
has:0.00514383803809928
netcom.com:0.031101789127740472
component:0.025654593765061722
highest:0.022797760498153498
be:0.002794498826751069
were:0.007494218828368595
if:0.00971232492410738
of:0.00469663250158789
what:0.008893160415426388
years:0.010771861946765186
seems:0.011383995600874773
please:0.009253214284566448
now:0.00798026279168234
good:0.00782613454763043
box:0.030613903485087992
in:0.0008583560477994709
point:0.010635439426377104
recording:0.027691915644191892
office:0.01763641503887034
speed:0.016224469405245318
world:0.012179955018032255
better:0.010802975223678275
and:0.0009222159770308934
for:0.004715200911769188
subject:0.00012897080624163428
i:0.012911023678432507
sampling:0.05876232161185961
rate:0.11259929592728264
ago:0.013822056644273642
pretty:0.013903478535843606
portable:0.02471358736139465
the:0.006554373999904809
wrong:0.01277015486391237
do:0.0034701348739444283
thing:0.010936871667270321
interest:0.017646304331728917
when:0.006317267839824811
hello:0.018692226041795997
would:0.00450555384591486
bought:0.0353921135156373
10:0.013963148588870359
just:0.005673374702733748
during:0.014146712607741403
changed:0.018257561322866787
is:0.001297935395607072
new:0.008328500313447087
disk:0.016912941950724063
does:0.011772838785869807
lot:0.01197368786601638
notice:0.01950707938939393
wanted:0.014710917823894214
first:0.009070313185463967
understand:0.028948379352035297
process:0.017471322382770858
by:0.004784712438730271
data:0.02835116544160205
while:0.010484746405210252
s:0.0029972767191111995
