with:0.017200805199692568
us:0.060584599593676354
that:0.020406154437322164
me:0.03187025530601602
this:0.015440659952100559
contact:0.10235506761707552
requiring:0.16251800849955064
you:0.016347029100256524
am:0.048068716373569575
a:0.004107365076018809
assist:0.16583552303323726
pat:0.1192100068124641
internet:0.08401570420925313
application:0.1085402267004979
have:0.015036782739636849
has:0.03131689629078091
if:0.019710306463629684
please:0.05633574579133102
michigan:0.15152213294976147
in:0.005225873585132073
or:0.019832689932443685
subject:0.0007852046144711264
i:0.005614667860158675
information:0.07173003777893426
may:0.054736044924700904
an:0.02640876878122755
company:0.09900376587151029
involved:0.10590815109017257
transfer:0.2673401785866468
project:0.11328340751214856
data:0.17260856607093014
