at:0.008722425865885456
uiuc.edu:0.05675471820146259
thanx:0.04804621599744849
circuit:0.0916468246517237
small:0.02959154356699021
camera:0.051377624280826824
your:0.012474576457240224
powered:0.054841933755612506
from:0.01676380701841932
several:0.027905459129380163
single:0.032192343272399754
to:0.0027291072477046156
martin:0.09197234398525163
apart:0.045610479600901824
us:0.020394815704801943
appreciate:0.03801201322192568
that:0.0034346992617274932
like:0.011531079836719537
need:0.01902180189601224
circuits:0.05612587260025144
cant:0.0556791356172765
description:0.0433172303107515
this:0.005197845924469495
hi:0.062396369505235735
on:0.005019889358804851
cap:0.05742622905630181
a:0.00829606411393898
want:0.01873859373972457
looked:0.03688121984633351
idea:0.0274492702501065
part:0.02424972388527997
volts:0.06044980974492737
implies:0.051377624280826824
250:0.045248523207497886
avail:0.05814661870266248
deliver:0.05954909906962315
mind:0.029996592109011257
business:0.03580756171518384
no:0.011145997387945642
it:0.006789216430494494
not:0.005969406025504603
have:0.010123774517775304
johnson:0.09143274710510557
without:0.02224960876042074
get:0.013013603715753686
battery:0.09333072648708832
of:0.0038503086250641317
breaking:0.05005553128454443
what:0.009113288148481497
but:0.01317392519307743
supply:0.03997985577826281
version:0.030895748590748364
seems:0.023331555340406714
using:0.021825946323217035
one:0.009735751562134876
in:0.001759204969252381
or:0.006676351066367181
subject:0.0002643263058615673
i:0.011340517262102669
6:0.05818514123879593
discharge:0.05691837465642507
voltage:0.05119080760454581
flash:0.05444846515512227
source:0.061767682409897516
the:0.0022388703267001574
do:0.007112058603034621
would:0.009234154911924516
receiving:0.05039119021202642
operating:0.04550570624119354
is:0.0026601250187194446
electronics:0.044657243655996666
first:0.01858965177614892
very:0.01725982665132126
already:0.02877016159700348
mine:0.03232909945346521
built:0.03655938251559162
