since:0.009573309202888427
click:0.02712302934270524
wagner:0.061645004984295475
at:0.004215143600260435
out:0.0056372110003849755
watts:0.0540999584736326
resistance:0.046768165980093514
there:0.013173861036992546
circuit:0.044288656889110496
all:0.00912983569996451
microphone:0.030223635779449146
switch:0.040690080593398806
with:0.011192868455302341
led:0.04033951472564972
turn:0.01637070877853835
signals:0.0729319588668413
my:0.0045464797192837384
to:0.0032971271772507913
line:0.027022045443119508
100:0.016165129659478812
that:0.0033196614874112613
like:0.005572435710567814
re:0.001789189008507993
so:0.0048890459205020095
off:0.010447164822757657
on:0.009703518186397893
cap:0.0277514312664425
you:0.0026593253081757025
used:0.009447193819793614
went:0.01560986251309131
optical:0.028190701837031602
leg:0.026768445743883606
lung:0.028674415314885047
consists:0.02601139308735301
a:0.006013654130439022
series:0.017164355793146728
low:0.032495641530907365
million:0.018724934254215973
was:0.012709968432077305
old:0.012669440585369972
question:0.010444909489699063
primitive:0.0270499792368163
equipment:0.0193060187202899
across:0.018464900104468145
are:0.0061522620248921096
no:0.016159029705969042
hey:0.018440856390579758
works:0.028470105201442487
it:0.0049213698048799805
tube:0.02551311433494824
kind:0.013184338262981148
tom:0.018161379059687822
campus:0.02478306846128692
lamp:0.0863319474550039
doing:0.012826329689786198
be:0.0027677572111840733
aaron:0.02418951511836836
14:0.017865324496443385
writes:0.009491804655754483
of:0.004651688649898054
distortion:0.029212587484390738
balanced:0.02758642563930772
lines:0.016905177628203427
drops:0.026768445743883606
using:0.010547466883468519
well:0.008051999570111698
quinn:0.031152611925099657
they:0.004463730260802601
up:0.0064280400495329406
good:0.007751243307940187
one:0.004704836879309198
shack:0.027272563043681818
in:0.004250710571638528
or:0.0032263706110195467
use:0.015911765815764096
and:0.0045669547187893525
for:0.001556693123981215
subject:0.00012773663584697749
i:0.007307127550062963
cell:0.026567660102261446
ms.uky.edu:0.05963810995097424
any:0.0048961113219560155
pretty:0.01377043089435228
noise:0.021915838342660993
will:0.005422513611977437
suggestions:0.018932996990769748
the:0.004327768478406046
thing:0.01083221260825338
when:0.012513631031997473
level:0.08422332924865428
got:0.010584468046079301
db:0.02792233118319886
can:0.004136679389654131
radio:0.017164355793146728
did:0.007865603078674475
measurement:0.028674415314885047
put:0.02380343827317492
an:0.004296163342400654
just:0.005619084035721942
about:0.004712996078095079
audio:0.11866742774963306
is:0.005142059844797395
switched:0.02607010166434734
silence:0.025673509990635533
runs:0.017951150815518346
build:0.017854703650805524
switching:0.05071584325599071
dark:0.022066946342901655
article:0.0116315724447359
very:0.008340873166427978
little:0.011221716277026145
bad:0.013112923668642985
project:0.018428879690971536
high:0.02676864904920116
built:0.017667452794616043
novel:0.029327886774242702
