at:0.014931610380583576
know:0.020913137723022064
thanks:0.033786214320612934
where:0.03131282708870783
motorola:0.08259808649059378
c:0.0438321643293044
basic:0.06473987812813559
software:0.09545036910105954
might:0.036052290438617726
re:0.006337974623358823
anyone:0.02835448728205748
file:0.05149976071963405
am:0.027700616215277384
a:0.009467824582009458
compiler:0.0948238162791809
advance:0.05361866468943474
ftp:0.06429435503879789
couple:0.05349138635007658
have:0.01733052925924247
domain:0.15129501860951097
site:0.06619600334641705
public:0.10046591857832521
list:0.049349637235958976
writes:0.011207837135890887
get:0.022277525004934278
things:0.037876710646444905
of:0.006591206290364022
looking:0.043964158396722776
what:0.015600713610112393
yep:0.09607988360382026
they:0.03162439405110996
find:0.03587197860463373
in:0.009034561113279178
or:0.011429007757679412
and:0.003235571309243982
for:0.016543162520952916
subject:0.0004524907947799711
i:0.006471142618487964
the:0.0025550949491154338
an:0.015218612517995538
different:0.042834184712055044
f:0.06298696980350589
does:0.020652352785381783
article:0.013734455598586458
