obvious:0.020905697358163108
there:0.019951717077764074
all:0.005185151253512452
richmond:0.03372562088475352
chris:0.020851887189778803
i.e:0.01877466846182284
way:0.01883013934289721
into:0.009732629907512969
from:0.004600936165381389
wire:0.027707436272596645
except:0.01752370336415116
my:0.005164207942012507
ground:0.10535200172275383
to:0.0014980425653161205
signature:0.02716800715251327
building:0.02065471504803615
connected:0.024699907804201063
that:0.005656053675562122
talking:0.03543142587350292
pipe:0.03191743744004843
circuits:0.030808223546877147
re:0.0020322853411857095
had:0.0083391765526203
this:0.00570633085186325
hooked:0.03133458129682235
bus:0.0219947970204112
leading:0.024539262139844847
two:0.010134725177463649
big:0.015085763879714985
wiring:0.0317161261809161
on:0.005510965491731412
you:0.006041293363138281
them:0.007966625932240439
sure:0.011858934892169585
a:0.003794848168060856
same:0.021109710331832742
j:0.016598525323526427
was:0.014436866316870417
as:0.004348446522918578
question:0.01186405480079948
also:0.01612496882260398
are:0.01747041797829417
no:0.012236366697635975
it:0.0018633447268476737
not:0.006553369658434401
should:0.02678498057989369
have:0.0027785359410198523
being:0.010575021358288849
only:0.00724747955581134
tom:0.020628957736275842
neutral:0.02874577995065485
usually:0.017922558381448985
be:0.009431433540284858
common:0.018294174128431248
writes:0.0035938173424867517
things:0.024290499218915757
if:0.003642121846540268
flow:0.05609749103692188
year:0.013449786501139411
well:0.009146021250833395
box:0.08610160355180997
in:0.006759553876420834
thomas:0.020021766380592936
point:0.023929738709348485
or:0.003664736183168942
and:0.00414997189663902
still:0.011096245012117104
for:0.0017682003419134456
subject:0.00014509215702183858
i:0.00207498594831951
house:0.03736817330967599
any:0.005561343838526126
the:0.00819296749988101
wrong:0.014366424221901415
when:0.007106926319802912
original:0.01677265224605152
breaker:0.1337874119218934
operating:0.024978675708481234
outlet:0.06774111402040009
last:0.023697419044124975
just:0.0063825465405754666
wires:0.12193464995486464
about:0.016060046418291382
current:0.017186118063754446
is:0.010221241240405693
houses:0.027754901924600745
white:0.03694531680239774
unless:0.016728594705111365
notice:0.021945464313068173
earth:0.019133343274966026
condition:0.020641821133070767
fault:0.024059782610416375
built:0.02006792192431931
black:0.01918234976219531
poster:0.02475452919470923
s:0.0033719363090000997
driven:0.025583162855819408
