some:0.005259175113213307
go:0.008763208341414986
inexpensive:0.024656092567810862
at:0.003968310866911851
out:0.005307104049911982
bbs:0.03645984370951046
there:0.0041341395746718355
all:0.004297602840749059
50:0.015545870671749689
sounding:0.0541843153696571
small:0.013462819370567619
send:0.013213275319262264
coffee:0.0256755210636464
specifically:0.01822992185475523
your:0.02270148148074347
with:0.002634357553106069
much:0.00787025616918888
into:0.008066684247668408
from:0.0038133885334692592
approach:0.03708335725165617
to:0.0037248625948400837
attractive:0.02645409229265275
software:0.012683720218384039
mail:0.013803222994756108
perhaps:0.013011088007387591
offset:0.027835760163925166
that:0.0031252668958060975
produce:0.018988645445181966
really:0.00879007091527444
nt:0.003216570052803777
could:0.006797788987955213
consider:0.029012288996136875
re:0.005053250037542845
package:0.017510193842595504
se:0.022735629986145457
so:0.0046027504386708116
wed:0.025971004318086997
pricing:0.026287239717516044
best:0.010969261621447901
apr:0.01678922647314414
you:0.010014396205562557
support:0.01233764103393471
bill:0.027887512393619075
sure:0.00982902711783425
board:0.03235312179599229
a:0.0037743354752605273
how:0.011850117092154272
hurts:0.02645409229265275
214:0.02645409229265275
want:0.008525216070775592
price:0.014099748656954788
as:0.003604117838815398
copy:0.030780287793363444
let:0.010383503345733444
lucky:0.02144908125016473
also:0.006682419512070119
21:0.01827118477997444
patrick:0.04131175703147073
instances:0.02574759467331505
responsible:0.017616464932761363
estimate:0.02620607527831479
product:0.017977017670029544
are:0.00579199442883987
no:0.005070926739560855
manual:0.03540177835029516
taylor:0.048867205357877794
it:0.0030887876553150626
couple:0.014216179255200533
have:0.002302930689854292
systems:0.013515392433705453
only:0.012013839984407988
hurt:0.02031703427592641
date:0.016116212566591546
money:0.01396495390418527
shareware:0.04468737369310506
disks:0.038826224448590206
degree:0.019961506084081048
network:0.016547250765898993
free:0.013006791865426737
structure:0.020750713692302178
writes:0.0029786594189980284
get:0.0059206034923023525
if:0.0030186955845198614
whatever:0.014887209814204338
of:0.0061310094547755425
even:0.007563781296243359
seen:0.011677769777578166
but:0.0059935425427964885
instance:0.019255657201621333
version:0.02811234781680707
gmt:0.019086929442455113
latest:0.018767327028165547
loss:0.01917050335189542
cheaper:0.01986206486021078
good:0.0072973416727905365
one:0.004429328413403705
in:0.0032014360701709994
visit:0.022110930042298835
or:0.0030374389986625463
use:0.007489997872735802
better:0.010073044465321635
and:0.0034396163467638723
still:0.009196887757790753
for:0.0073276770926142785
subject:0.000240513125153318
offer:0.01583407035491819
i:0.0008599040866909681
offering:0.025074028304076477
similar:0.014255667963363519
20:0.014165911479304594
program:0.02501471560706374
than:0.012888299839814965
the:0.006111510891803133
users:0.07114770393254383
upgrade:0.01992146578039976
protected:0.04235528690106642
an:0.004044586209737553
about:0.004437009821269692
15:0.015053201495408305
is:0.007261422348396322
alternatives:0.02387299828941905
purchasing:0.02513702939405278
write:0.014658441103547358
figure:0.01663287222556195
does:0.005488688352871735
lot:0.011164654902096354
fool:0.02227594866022577
dollars:0.020655878515735367
1993:0.013647098211757374
1:0.008822179693354543
too:0.008795125530921155
legitimate:0.020609199294854528
article:0.0036501481095342386
very:0.007852443656682195
opinions:0.012863108808648839
bad:0.012345049760118847
registered:0.023289511567833904
documentation:0.04033445394143406
by:0.004461421057734983
