there:0.008824797938241803
all:0.018347458281659446
means:0.027255723273449547
princeton.edu:0.05893777245977621
versions:0.04269637519854571
with:0.005623340161437955
such:0.018490550033344218
indicated:0.05046135146525427
from:0.008140117831059382
work:0.038943701230582765
zoo.toronto.edu:0.09738417133479815
both:0.02159330848373306
paranoid:0.05116645986030762
caps:0.19814432770353424
areas:0.03957935245128688
make:0.01692385080143946
that:0.0066712427968168625
nt:0.0068661399204080625
toronto:0.038625964376351754
re:0.0035955817574824093
michael:0.028891300016093167
this:0.005047908061263645
two:0.03586133524333292
certain:0.03169533645923567
you:0.005344221052006941
henry:0.17597085551760405
identical:0.04699301293192089
them:0.014094799726271548
more:0.012225182940583904
board:0.034530735763030236
a:0.002685584857396914
how:0.025295442254406237
series:0.06898750693783974
standard:0.029269659042906123
also:0.014264395496918908
are:0.006181840207704092
no:0.010824478232524134
have:0.0049158712802658934
utzoo:0.0527537651522254
safety:0.03973724408794388
be:0.011124254944951372
writes:0.006358292221322715
if:0.006443754036186628
of:0.003739242030110359
short:0.03329786409251219
sense:0.031599250445797984
spencer:0.08953297301308227
one:0.0189098251495312
in:0.008542293360312044
clearly:0.03494721515792697
and:0.001835564492744182
for:0.0062567089021552695
subject:0.000256701508577099
special:0.03361260762370214
room:0.03834642769537121
than:0.013755781559802512
the:0.002174287528814576
do:0.006906903066408622
essentially:0.04327659760150214
can:0.008313134542670322
may:0.01789447622538299
places:0.03668097963740707
just:0.011292197725633519
different:0.024300162480877383
is:0.012916953215897304
mg:0.055438105371301095
issue:0.030109230841008205
itself:0.03233707539033058
does:0.011716238599399282
man:0.027865859026876914
article:0.007791662310736549
u:0.036361956573009765
three:0.02806238467761993
s:0.005965733469769407
zoology:0.05300352944456445
