dan:0.058438286608636154
with:0.008600402599846284
documented:0.08125900424977532
oliver:0.08555512811449828
to:0.00405352694144362
ds:0.09628328730171623
off:0.06421933670459855
on:0.03728006067935955
you:0.008173514550128262
a:0.006161047614028214
how:0.01934357348866359
j:0.04491365675777739
turning:0.06975344080436521
seeking:0.07778269869000724
are:0.018909158282388986
daniel:0.0629202940470344
it:0.005041991613823117
not:0.008866323655528896
between:0.03415979185362361
left:0.04300595858089061
regarding:0.058191123103983486
dartmouth.edu:0.1756440997533277
which:0.03799683330933876
comparison:0.06863162749922358
monitor:0.11021399529672965
looking:0.038145372726568295
associated:0.06690875849700795
wear:0.2162407932313998
please:0.02816787289566551
one:0.014460454526112094
in:0.005225873585132073
consumption:0.08877114577574578
use:0.024452640113931588
and:0.005614667860158675
for:0.004784542101648147
subject:0.0003926023072355632
we:0.019819763319323086
info:0.04331463910871173
power:0.039733165884860915
monitors:0.06790226071776223
turned:0.057748504998729376
the:0.002216920617614862
when:0.01923050651240788
thank:0.05338962215837521
an:0.013204384390613775
interested:0.042309944344337054
is:0.007902136085019527
engineering:0.05686396313563381
e-mail:0.040436702597827445
data:0.043152141517732535
