some:0.014968421476068642
know:0.015818911867414125
all:0.01223163885443963
tried:0.039716205808162444
with:0.007497786881917273
sell:0.04461631152539189
to:0.007067688000465799
256k:0.15366545643105062
bunch:0.05200260283531186
re:0.004794109009976545
had:0.019671903662591476
ti:0.04857257764425209
you:0.014251256138685175
them:0.03758613260339079
8:0.03785245233812649
sure:0.027974923335374404
a:0.0017903899049312756
other:0.01768343574143475
wondering:0.04614017310073457
want:0.024264076509130532
was:0.011352065821812635
old:0.06789520723954677
mac:0.04399079660014277
jason:0.05846021376644929
no:0.01443263764336551
have:0.026217980161418093
buy:0.03854924519543546
uses:0.04378198884405688
simms:0.19287641020072047
writes:0.00847772296176362
if:0.017183344096497674
of:0.007478484060220718
gotten:0.05525270402299375
what:0.011800539782008092
but:0.008529272080133465
good:0.020769357068711528
in:0.002277944896083211
or:0.008645018688501094
use:0.02131768625317113
and:0.0024474193236589093
for:0.012513417804310539
subject:0.00034226867810279864
i:0.009789677294635637
any:0.01311906751652317
the:0.0009663500128064781
do:0.018418408177089656
interest:0.04683057688035751
an:0.011511514596945343
apple:0.04863290958062917
10:0.037056048178155956
people:0.03859674718136198
f:0.04764398997957497
bucks:0.06893836261367242
article:0.010388883080982065
give:0.030297900914820597
lots:0.04677814117200462
