another:0.023099013858214362
reference:0.038871177739774526
out:0.012272678115421456
know:0.012852865892273977
where:0.01924434164826835
cut:0.03813557808129585
with:0.006091951841557784
to:0.0028712482501892307
like:0.012131656911548678
movement:0.19613758189461544
dynamic:0.05742049023161148
nope:0.056886185081741154
anyone:0.01742619530876449
had:0.015983421725855575
joke:0.051131525722816054
more:0.01324394818563256
a:0.008728150786539969
was:0.0276706604406683
song:0.06220728532930356
scale:0.10081571034532445
model:0.03811407824566197
it:0.007142821452916082
not:0.0062803125893329675
only:0.013891002481971735
meter:0.18727977502534296
tube:0.11108835200008713
open:0.03442667269534753
paste:0.06611034209431825
sort:0.03268188862146906
if:0.00698073353920218
of:0.006076268298929333
key:0.03339419136704766
what:0.009587938572881574
find:0.04409264036819563
good:0.016875102618328114
in:0.001850830228067609
sensitive:0.055659278460320497
or:0.021072233053221416
and:0.001988528200472864
still:0.021267802939891115
for:0.003389050655334104
subject:0.0002780933009585239
i:0.00994264100236432
any:0.010659242357175075
unfortunately:0.03835305292527038
the:0.004710956312431581
wrong:0.027535646425311047
thing:0.04716525906510326
can:0.027017687263678543
an:0.01870621122003618
current:0.06588011924439204
unit:0.04468896684999391
is:0.005597346393555498
either:0.02607877819909748
obtain:0.04771260639183487
does:0.012692591816015886
little:0.024430611478109
luck:0.042945714853266884
full:0.032183984207533885
specify:0.0545617730888848
