tv:0.018214716616594535
another:0.01066108331917586
some:0.005613158053525741
go:0.00935303967208715
at:0.004235408713723227
circuit:0.0445015831241543
marc:0.02304444420803604
own:0.010896589593980746
way:0.016657430957178303
c:0.012433161997254616
tips:0.027327967880583465
such:0.009245275016672109
often:0.014939040328263011
my:0.009136675589714436
via:0.01643380470488291
to:0.003975574500262012
look:0.011399847712864956
most:0.00892593973061076
make:0.00846192540071973
that:0.005003432097612647
think:0.0069218655169642086
control:0.029323406441740613
bit:0.0262027326736125
like:0.011198452533737243
and/or:0.019427798207422936
re:0.0035955817574824093
this:0.005047908061263645
nm:0.12453470331797228
ti:0.018214716616594535
reply:0.017265367881515118
two:0.01793066762166646
on:0.002437542429035048
you:0.008016331578010412
specs:0.04659507816112421
regular:0.019456935825748374
great:0.012121397541984024
brand:0.02166135732124863
link:0.023297539080562105
m:0.0065808399620965
sure:0.010490596250765403
a:0.004699773500444599
how:0.006323860563601559
as:0.0153868107734042
layout:0.02755878143436405
also:0.007132197748459454
d:0.008758866453735747
it:0.0032966868244228074
not:0.008695817431384109
should:0.015796270598398842
have:0.00737380692039884
only:0.006411231914756186
always:0.012773827394224556
b:0.014715905512087702
usually:0.01585457087589718
uses:0.03283649163304266
heard:0.012993496920287858
list:0.013998214408276826
ir:0.05646931239393184
anybody:0.01461343819669565
which:0.01863306248823343
common:0.01618330788284303
writes:0.0031791461106613576
were:0.0074581889301552845
if:0.006443754036186628
of:0.003739242030110359
seen:0.012463773512607466
available:0.012985883787568415
but:0.00959543109015015
parts:0.017541802939501736
particular:0.01630313196194138
well:0.0242721333195194
please:0.00920872767742911
find:0.030525674101058515
one:0.0047274562873828
in:0.0008542293360312042
system:0.01074626119828137
or:0.00972564602456373
use:0.023982397034817523
and:0.0055066934782325465
usenet:0.01963557033001804
for:0.009385063353232904
subject:0.0001283507542885495
transmitter:0.029468886229888105
p:0.01618330788284303
i:0.0064244757246046365
suggestion:0.02225079156207715
group:0.012966903532724255
info:0.02832111018646536
detector:0.025428959187117753
any:0.009839300637392379
will:0.005448583388958098
detailed:0.023775291358510198
suggestions:0.019024021014763835
the:0.002174287528814576
do:0.003453451533204311
carrier:0.028812273080821994
see:0.008506662314476809
would:0.004483892529347962
can:0.004156567271335161
photo:0.026255162345418998
an:0.004316817973854504
10:0.027792036133616967
about:0.004735654713085921
including:0.015288306281395337
is:0.0025833906431794607
deal:0.015847668229617834
either:0.012036359168814223
receiver:0.10478175476631912
does:0.005858119299699641
build:0.035881087144407256
primarily:0.022833414431318613
e-mail:0.013219691233905128
very:0.00838097351818965
950:0.05742210953474175
remote:0.06498407196374589
difference:0.015419008879011474
going:0.01047026771177732
project:0.018517480074101207
freenet.carleton.ca:0.026695389237368472
wish:0.01796191112874413
tone:0.02619543869157978
