at:0.038302826628453523
traffic:0.190219141799387
city:0.15999067819506052
that:0.015082809801498991
me:0.04711255132193672
so:0.044426547712387826
oops:0.2408276221442114
jack:0.1858589521199972
be:0.02515048944075962
down:0.10279850334578948
san:0.1755637145045454
up:0.05841132045010368
in:0.007725204430195238
and:0.00829994379327804
subject:0.0011607372561747086
doug:0.1878973688982081
angeles:0.2059632577661066
the:0.0032771869999524044
reports:0.17192271496470227
is:0.011681418560463648
told:0.13479216377083172
los:0.19825637712100194
s:0.026975490472000797
