stored:0.04343917229548975
lead:0.06839317942690108
terminals:0.05072766848095329
thanks:0.01764058977801914
carter:0.04423817093860568
floor:0.04350306829525512
from:0.014983579724427886
work:0.01792099525655136
post:0.022854670835674162
to:0.004878581097666658
garage:0.04866632726254291
that:0.012279809749892984
motorcycle:0.041102684701373515
like:0.010306540385032505
nt:0.006319279218782642
could:0.013354948277221746
me:0.009589280357562343
this:0.013937586859418203
he:0.028143950575579384
two:0.033005122701828524
on:0.004486803763179557
you:0.004918575127510813
tell:0.021327655341791617
went:0.02887133863040782
them:0.03891661517342233
why:0.03149951469299126
a:0.0037075330774683055
wondering:0.031848969042984926
was:0.007835939239835272
bring:0.03356961900255819
said:0.019393848041269313
act:0.033023301442640304
are:0.00568948125310819
proper:0.036340956681786205
place:0.02406573112669403
it:0.003034118847256389
not:0.010670973603114423
should:0.014538160550738758
ames:0.04550991182945678
only:0.011801205648400766
hope:0.025561606527788012
acid:0.09270672949615825
batteries:0.046714621336753956
decided:0.033023301442640304
ruins:0.05424361359129845
asked:0.029843370785295847
noticed:0.035895601957117926
battery:0.08341949889553911
totally:0.03645588761565179
but:0.01177492428761788
year:0.02190053731158984
never:0.019503886998777524
they:0.016511851761199004
one:0.008701866440492234
in:0.0015723867424291193
become:0.029311705971638475
use:0.01471486307741016
and:0.00844684545333606
subject:0.00047251251136315567
cause:0.027907089675593508
i:0.00844684545333606
preserve:0.04950978018116525
discharge:0.050873945489371075
concrete:0.09579263015358794
actually:0.021631098469921103
the:0.00400222837162329
do:0.012713591485070737
thing:0.020034800310840324
when:0.011572340202156955
friend:0.030736278050378815
just:0.02078563829143161
is:0.002377633866289061
does:0.010783086852544472
dead:0.03036532862664722
