circuit:0.06611663778445781
send:0.04190495886966032
your:0.017999031745446606
to:0.005906567828960704
require:0.0554217294128941
obviously:0.05259847258322795
w:0.044204869357562196
nt:0.010201122167463408
me:0.015479838291493495
you:0.007939985562981741
them:0.04188169061520688
bill:0.04422162679559596
why:0.025424608287914378
answers:0.11973174920721093
a:0.005985017682198836
114:0.08416938119913721
sc:0.07681703262666356
l:0.04721372255361947
are:0.009184448308588935
not:0.008613000122513783
have:0.014607160375647224
network:0.05247842385756538
addressed:0.07681703262666356
if:0.00957357742519156
of:0.00833316795281737
who:0.018472183917626405
up:0.019192291005034067
rather:0.07352810436893895
and:0.005454248778439855
subject:0.0003813850984574042
p:0.048087543423305
i:0.008181373167659782
than:0.02043716117456373
the:0.0010767900142700756
do:0.010261684555807095
can:0.01235094274911019
simple:0.04713126509937487
people:0.021503902001044534
willis:0.18047828222585346
many:0.07942290118191829
e:0.04444128137219752
self:0.06074447745728822
write:0.04648819892839305
questions:0.12960755731052193
electronics:0.19330206896809987
lot:0.03540790554664844
notice:0.057685220480064914
circle:0.07783787496926563
answer:0.043375300601840805
by:0.0141490782116738
