out:0.0561036713847838
your:0.05999677248482202
to:0.013125706286579341
line:0.13446684518123755
most:0.08840930780795418
areas:0.1960120311873255
need:0.091485809118916
re:0.01780669060848431
phone:0.27974734535329226
a:0.006650019646887595
of:0.009259075503130411
find:0.10078317798444715
in:0.008460938185451928
or:0.03211006941443263
subject:0.0012712836615246807
the:0.003589300047566919
country:0.16051210038191105
number:0.1191554689713218
by:0.04716359403891267
