some:0.015464064571302704
behind:0.023362532456945022
anyway:0.020188833255924066
saw:0.022499209159837448
where:0.01223481323333617
own:0.015009871758595994
your:0.008343922001200415
with:0.011619086956083722
custom:0.07062570723184347
into:0.011859628496572095
from:0.005606438771060766
turn:0.02265879559413586
options:0.0299667576733564
reasonably:0.032651957064801194
name:0.036585861004374186
to:0.00547628805334105
bruce:0.06101534357206734
make:0.023312324282777533
that:0.009189526501575545
slip:0.038528137164144924
like:0.0077128414801898885
really:0.025846301234316898
nt:0.009457994062548854
along:0.023138817292326058
could:0.00999410036639773
me:0.007176083976189037
re:0.004952854341432722
happened:0.022333118534691596
dunno:0.039018918436686124
murphy:0.03650574213400465
so:0.00676695759857563
anyone:0.01107890562676418
had:0.010161645600543941
something:0.013183187530884257
these:0.010971099159595647
on:0.0033576743393330458
you:0.007361576018658568
tell:0.01596043081869174
legend:0.07803783687337225
great:0.016697024428693225
state:0.017600750906891498
more:0.008419993548481629
a:0.004624185847173494
want:0.012533761375577362
was:0.0058639810205389775
ccwf.cc.utexas.edu:0.07549623412092053
also:0.009824484315758717
whole:0.01981400976839265
mind:0.02006394571529892
d:0.012065193525675732
reason:0.03539353541733149
it:0.006811697279602093
texas:0.02627926934880134
neat:0.034688279579688355
only:0.00883136581635289
larry:0.030097900900483417
has:0.007051486582030139
g:0.023410609013321208
writes:0.004379221132566638
get:0.008704463412523988
if:0.004438082250088803
of:0.005150743988496388
trying:0.017856478298466198
backing:0.037242335744006136
catalog:0.07233210288539273
key:0.021230744180374673
what:0.006095643066202855
but:0.004405849153976227
in:0.003530060302539546
door:0.028013061563794454
world:0.016697024428693225
total:0.024245135733803984
and:0.0063211492465362566
green:0.02786960794272704
for:0.004309256462411576
subject:0.00017680103901998871
combination:0.032849658807514316
i:0.0037926895479217537
mighty:0.03744003748671925
ago:0.018948117386520823
the:0.004991741788006974
do:0.00475707231063905
would:0.006176487722545537
can:0.005725602598925254
law:0.019912855134065998
forget:0.02542525387691718
long:0.015763650629858177
company:0.022292238673055298
priced:0.03818253614977029
is:0.0017792889198057211
printed:0.03222759377549972
handy:0.03475483809527446
applies:0.031534410844613045
light:0.023127249574876114
nice:0.0418508537318511
dark:0.030542991958055935
article:0.00536644291600398
little:0.015532044383433537
springs:0.04012523687816405
s:0.004108849542092836
