library:0.020728260354956337
24:0.01813407796469535
laser:0.024264643464909547
ideas:0.017806899193264704
there:0.004543460324639344
circuit:0.022911706162930926
tel:0.020125980590586023
search:0.02112451138304315
case:0.012235698551023542
own:0.022440501342059358
your:0.012474576457240224
with:0.011580740134446483
way:0.008576103067062095
fred:0.022938684404354513
from:0.00419095175460483
ext:0.02703501865270867
my:0.00940806199336932
to:0.005458214495409231
job:0.01718558690737216
add:0.01701099216065207
w:0.015318519084303732
pin:0.024125183677945704
connected:0.022498925920658396
ms-dos:0.02564188766539092
t:0.012753827004952683
expand:0.026676995575581806
that:0.0017173496308637466
produce:0.020868709350645526
quite:0.0262990037832614
like:0.0057655399183597685
and/or:0.020004861520514703
could:0.007470837402604244
its:0.010236755227891931
pcx:0.03046644033864899
re:0.0018511906078127255
had:0.007596081612287798
this:0.005197845924469495
pins:0.02593034760659872
these:0.008201168183658132
on:0.0025099446794024254
vacuum:0.028980774039389895
you:0.005502960291175464
am:0.016181548086152134
suggest:0.018175246559951078
them:0.007256728571941787
impressive:0.0260303610091607
onto:0.021555260774080924
a:0.0027653547046463268
other:0.0068282573655045085
want:0.01873859373972457
as:0.015843844756772644
adding:0.023391616782694444
driver:0.018216760388546496
also:0.014688090412668975
course:0.012109662375742668
responsible:0.019360669381549615
others:0.013348159520140575
files:0.01638273051776084
are:0.003182729611887255
no:0.005572998693972821
works:0.014728346502726437
it:0.00509191232287087
not:0.005969406025504603
have:0.005061887258887652
components:0.02409092405990326
only:0.0066016645458875575
decent:0.022304763974355026
quality:0.019030514062249256
has:0.005271160761814609
cad:0.09255716569123973
screen:0.01850647113913885
johnson:0.045716373552552786
component:0.02628960846221672
be:0.008591008769368386
which:0.006395506596621375
writes:0.003273576193156249
making:0.030441655355172313
if:0.003317576335462422
of:0.0019251543125320659
what:0.004556644074240748
but:0.0032934812982693576
well:0.008331029258184875
windows:0.04080010665480448
tubes:0.029994607765360257
box:0.01568583668666637
postscript:0.024905524985884234
in:0.004398012423130953
rather:0.012740018083727047
and:0.004725215525876112
for:0.009663827611249723
subject:0.00013216315293078365
each:0.012604006917626809
values:0.021143298863085486
i:0.0056702586310513345
44:0.022498925920658396
elements:0.048529286929819095
possible:0.012757285262200902
any:0.015197335637952582
research:0.015283819210578106
program:0.05498284024522921
cost:0.01644063170470733
the:0.0018657252722501312
do:0.0035560293015173103
would:0.009234154911924516
can:0.012840088996599703
home:0.01450179728644232
needs:0.033161847155142046
note:0.01466182722217078
paul:0.04863894788775827
draw:0.04180890630498894
is:0.003990187528079166
either:0.012393874787689892
export:0.025688812140413412
printer:0.043029031457701296
electronics:0.022328621827998333
does:0.006032122843255075
their:0.0074934832603055146
easily:0.018311459249482114
nice:0.015642274538389893
words:0.016375540254987
article:0.004011548912458421
needed:0.01651397371354466
by:0.009806291829872932
included:0.018528621042084005
facility:0.02528169284221058
