at:0.008390142975756488
circuit:0.04407775852297188
send:0.027936639246440218
your:0.011999354496964406
wrote:0.024529285473265345
to:0.005250282514631737
remember:0.026501181300202212
require:0.03694781960859607
obviously:0.035065648388818635
w:0.029469912905041466
day:0.024221933673932116
engineer:0.08492581599489418
nt:0.006800748111642272
me:0.020639784388657996
rat:0.05707574096010452
re:0.007122676243393725
you:0.015879971125963482
them:0.02792112707680459
bill:0.02948108453039731
why:0.016949738858609585
answers:0.07982116613814062
a:0.0053200157175100765
114:0.056112920799424815
sc:0.05121135508444238
l:0.03147581503574631
are:0.006122965539059291
race:0.04162694979856722
not:0.005742000081675857
have:0.00973810691709815
christopher:0.04608718187214833
network:0.06997123181008719
free:0.027500074229759388
addressed:0.05121135508444238
if:0.012764769900255416
of:0.005555445301878247
electrical:0.04511576122495669
even:0.015991994740628818
least:0.022930117930537928
who:0.012314789278417605
up:0.012794860670022713
rather:0.04901873624595931
and:0.005454248778439855
still:0.019444848402186164
subject:0.00025425673230493616
p:0.03205836228220334
i:0.005454248778439855
mtu.edu:0.12401706461611103
than:0.013624774116375821
the:0.002153580028540151
do:0.006841123037204731
can:0.008233961832740128
because:0.016806879037090612
simple:0.031420843399583245
people:0.014335934667363024
willis:0.12031885481723566
many:0.05294860078794553
e:0.029627520914798353
is:0.0025587869227682277
self:0.04049631830485882
win:0.03228071812979373
night:0.03188414139603833
write:0.030992132618928702
questions:0.08640503820701462
electronics:0.12886804597873325
easier:0.039777844899129534
lot:0.023605270364432294
notice:0.038456813653376616
circle:0.05189191664617709
answer:0.028916867067893873
by:0.0282981564233476
