keys:0.027991747179332147
some:0.008339549108095387
click:0.04049080809018139
at:0.006292607231817364
folks:0.026451541787819843
form:0.024381292317727826
own:0.016189218825342824
your:0.008999515872723303
cut:0.026150110684317152
with:0.02506403043383774
shape:0.0340566184806229
custom:0.038087434971458445
though:0.017753887154362
ca:0.014689632829230864
from:0.012093889349002507
corp:0.033058318892228905
to:0.003937711885973802
covers:0.03840851631333178
connected:0.03246273597123568
make:0.037716010357493654
that:0.0024778901816748344
nt:0.005100561083731704
re:0.0026710035912726466
flat:0.035270183029161455
la:0.031130739064502703
on:0.003621491608852071
you:0.003969992781490871
am:0.011673831119295468
legend:0.042084690599568604
purchased:0.034191818551233745
them:0.031411267961405163
includes:0.026912531224516777
a:0.006982520629231975
other:0.009852199913085077
want:0.013518556912229867
as:0.017145303433221824
standard:0.021743175289015974
40:0.027317908485891416
layout:0.0409444752739123
cheap:0.026544508702906054
prices:0.031160439136993155
are:0.013776672462883404
no:0.008041040972732214
couple:0.02254279853324656
have:0.010955370281735419
try:0.017402783373881375
45:0.03221701149468331
feel:0.021759119173186982
netcom.com:0.02299310839086528
be:0.004131866122410509
which:0.009227802375125127
of:0.004166583976408685
cheers:0.031101161974031045
even:0.011993996055471612
piece:0.030783649384239376
key:0.04579774816052251
kit:0.110592196615646
available:0.019293313055815928
what:0.006574586449975937
well:0.01202048507252389
rectangle:0.04577937998597062
they:0.01999113481088022
pad:0.039860146610569414
pleased:0.04038175471781862
one:0.014047298682508891
in:0.002538281455635578
or:0.004816510412164895
and:0.005454248778439855
for:0.004647840898743914
subject:0.0001906925492287021
each:0.01818578140971868
i:0.004090686583829891
818:0.043958721060050686
plain:0.03249853984140386
any:0.007309194759205766
alan:0.06286689559998912
than:0.010218580587281865
the:0.0010767900142700756
got:0.01580109872593267
can:0.01235094274911019
10:0.020645512556401173
many:0.013237150196986382
company:0.0240437717116525
is:0.0019190901920761708
number:0.01787332034569827
128:0.04118259256153795
2:0.013917211086395776
their:0.010812025847012243
under:0.017338024479325993
position:0.04918347081731731
very:0.01245173208416748
models:0.12752008711373067
four:0.025057472507306954
