believe:0.013927383848271413
ask:0.018683093489463894
at:0.0056472116182976345
there:0.005883198625494535
traffic:0.08413538964203657
case:0.015843660944274075
your:0.008076488603726041
wrote:0.016510095991620902
sell:0.022308155762695944
to:0.006184227000407575
remember:0.03567466713488759
most:0.011901252974147679
day:0.016303224588223537
might:0.013635161127425934
engineer:0.05716160691964031
that:0.002223747598938954
through:0.015188867269389915
asking:0.02298354368357945
me:0.006946081284644517
rat:0.038416364107762654
re:0.007191163514964819
anyone:0.03217143749310368
on:0.009750169716140192
you:0.01781407017335647
tell:0.015448878548861877
used:0.012656817361133754
them:0.009396533150847697
bill:0.019843037664690494
fun:0.026386234967524586
more:0.008150121960389268
a:0.002685584857396914
same:0.012449316349542387
want:0.012132038254565266
listen:0.027377861348354283
worth:0.0225331001204605
question:0.01399350053427631
colorado:0.03021283133075615
also:0.009509596997945938
computer:0.017183992981828943
are:0.004121226805136061
race:0.028018139287497166
it:0.010988956081409356
not:0.003864807747281826
christopher:0.03102021856779214
kind:0.017663632672840126
second:0.01762625497854017
connection:0.027601064971169847
reporter:0.03814923143852825
willing:0.022922434961408146
call:0.017031769858966074
be:0.003708084981650457
get:0.016850948401168235
were:0.009944251906873713
if:0.008591672048248837
of:0.0024928280200735725
electrical:0.030366377747566998
even:0.021527685227769558
but:0.0042646360400667325
they:0.011960508006509534
now:0.010589194858193873
in:0.004555889792166422
yes:0.01709516583656339
or:0.008645018688501094
and:0.0024474193236589093
still:0.013087878732240687
subject:0.00034226867810279864
i:0.003671128985488364
back:0.013502286667099598
pay:0.02136437219229412
information:0.03126693954466365
angeles:0.030366377747566998
driving:0.026840439690392178
mtu.edu:0.08347302426084395
the:0.005798100076838869
original:0.01978312829021461
would:0.005978523372463949
can:0.016626269085340643
listening:0.03165272835950387
country:0.02160739812833418
reports:0.025347579770436873
just:0.022584395451267038
here:0.01154103144630382
about:0.006314206284114561
is:0.001722260428786307
win:0.02172740643351501
night:0.021460479785795027
right:0.012435087139681406
time:0.010125063909639189
every:0.015590695685496129
charlie:0.03516917676815026
brett:0.033576475747006035
give:0.015148950457410298
past:0.021176374659636944
by:0.01269789070278418
los:0.029230106883224645
seem:0.017690465095485497
doubt:0.022308155762695944
s:0.007954311293025875
