tv:0.031054598821734943
perform:0.01908079752737819
some:0.004784987193169485
frequency:0.020487349655993616
go:0.007973082999156259
at:0.007221024692249435
there:0.003761389285152244
circuit:0.037935775777967605
scheme:0.01881486464948526
marc:0.01964444424291597
help:0.008770871803449988
all:0.003910114060025784
own:0.00928889604732785
c:0.01059876104684
tips:0.023295972619513775
such:0.007881218046999174
learning:0.02036025852180279
sell:0.014262591389264622
often:0.01273491962409306
throw:0.017472830231700043
my:0.0038943207431569728
pulse:0.02439049223119019
ground:0.03177830871637165
to:0.00451868577078961
lies:0.018485170529736326
bet:0.01767898079921971
look:0.009717902968343897
manufacturer:0.04110480873130108
unique:0.02078858925432528
that:0.004265220804522255
think:0.005900606670198997
control:0.02499700221263134
like:0.004773110916019153
nt:0.0029265514414854037
re:0.0015325430441728303
had:0.0062885593675497346
module:0.02310822861938552
on:0.004155810042944999
you:0.004555729421382966
specs:0.03972039449800752
regular:0.016586240376047792
used:0.016184127117515292
contained:0.021039222136101224
them:0.012015239110920008
brand:0.018465419355818507
temp:0.024307694250380686
sharp:0.02203767329453463
3:0.00959617190425254
a:0.005151039808449818
how:0.010781663911714135
want:0.007756549048000745
khz:0.024831601510667097
as:0.003279156394332043
40:0.01567420978698688
layout:0.023492731714539843
equipment:0.016536712756313892
output:0.01675146798743492
those:0.007606211697899837
d:0.007466574681873096
it:0.002810290407704688
not:0.002470942658098217
should:0.013465673296995734
tiny:0.021426147072458088
have:0.0020952893981461183
made:0.009531063737368858
probably:0.019567407500239414
try:0.00998520357517784
only:0.005465312451923306
buy:0.012323119365753959
b:0.012544706338173122
willing:0.014655327270408487
uses:0.041987645038972586
yourself:0.014369978161371281
list:0.011932904085744179
ir:0.04813777449974517
anybody:0.012457357151281538
be:0.0023707428571207844
which:0.01588392212111702
writes:0.0054201835329308395
if:0.005493036227568929
of:0.001593775291522448
but:0.002726570582993485
parts:0.014953668079575249
shop:0.019915958118084824
particular:0.013897751836409046
order:0.011493101889887263
well:0.006896999631776004
they:0.00382344108404813
find:0.017347924079290086
rf:0.022485211376358366
one:0.008059925473570676
shack:0.046721030132209025
in:0.002912781998270336
system:0.009160747250993955
or:0.013817857739817321
rather:0.010547064151282226
use:0.020444010587057557
and:0.006258974008045736
few:0.00936732582338642
still:0.008367660173071915
for:0.008000381874887065
subject:0.00010941375775417335
each:0.02086892948656242
transmitter:0.02512101776974068
p:0.013795606719800615
guide:0.019268183795157268
i:0.003911858755028585
suggestion:0.018967887888983802
info:0.012071292866362285
detector:0.021677145536559396
power:0.011073177377748123
leads:0.018605719239598188
any:0.00838760054335088
detailed:0.02026746148594312
suggestions:0.01621719824209376
the:0.0030891516802830036
do:0.005887851794315547
carrier:0.04912256394107357
flying:0.02036025852180279
would:0.003822334615181869
can:0.010629909743086639
modules:0.02439049223119019
photo:0.02238144986822603
radio:0.029404511153833333
maybe:0.010852102796484936
an:0.007359820807883088
jim:0.01387840470061012
amplifier:0.0241469536227033
btw:0.015376190657554651
including:0.01303265453495996
different:0.020714892606649573
is:0.0022022346466447863
repair:0.02096603517954382
bucks:0.02203767329453463
else:0.010354722234992036
receiver:0.08932215160407532
does:0.004993806616137399
their:0.006203621387629975
build:0.03058715625424881
every:0.00996782183171064
art:0.018901605678960848
article:0.0033210363947401684
very:0.0071444364417354396
little:0.009612043860239608
metal:0.02055240436565054
remote:0.05539625806745552
function:0.01685655991617811
project:0.015785392850053488
freenet.carleton.ca:0.022756725251527225
says:0.010496011247653968
tone:0.02233053790101883
