out:0.015104834603595638
there:0.01176639725098907
all:0.01223163885443963
800:0.061534298533356235
switch:0.054514274641156095
your:0.032305954414904164
with:0.007497786881917273
way:0.0222099079429044
modern:0.052647796218485136
work:0.025962467487055173
turn:0.1315953128736352
to:0.0035338440002328996
line:0.07240522432835868
then:0.02046000448430517
that:0.008894990395755815
think:0.018458308045237886
could:0.038695106546821983
need:0.02463079476278508
phone:0.037658296489866266
telling:0.05505159381571555
on:0.00650011314409346
you:0.02850251227737035
numbers:0.04522746667947049
customers:0.06938825132920153
a:0.0071615596197251025
air:0.049412038277322684
was:0.02270413164362527
worked:0.04928415180223525
no:0.02886527528673102
thread:0.05337086914748673
it:0.008791164865127486
should:0.021061694131198457
dial:0.07710844879528125
have:0.006554495040354523
try:0.031235765030043494
pgp:0.05826644917914097
survive:0.2014588544820362
of:0.0024928280200735725
key:0.041100543220981736
reading:0.04213233392773064
using:0.028261802290319497
find:0.027133932534274232
for:0.004171139268103512
subject:0.00034226867810279864
i:0.004894838647317819
back:0.027004573334199197
any:0.01311906751652317
risk:0.05500180535383866
an:0.011511514596945343
here:0.02308206289260764
about:0.012628412568229122
number:0.09624095570760609
request:0.050003859325568355
told:0.03974640726575807
sales:0.06204043713558428
while:0.02782490392151952
s:0.007954311293025875
