basically:0.02229662811504481
dallas:0.031395524369231376
generated:0.027571976225808505
at:0.010010966050618535
computing:0.02478671294988092
there:0.010429306654285767
resulting:0.027849193067680276
k:0.021526483274157175
help:0.012159617727510211
all:0.005420839946853927
means:0.016105654661583823
own:0.012877787701977245
with:0.0033228828226678827
way:0.009843027383787178
from:0.004810069627444179
bits:0.0751598590732976
wrote:0.014633948719845802
my:0.010797889333298878
to:0.003132270818388252
stop:0.03777219448387088
line:0.01604433948185221
indicates:0.027930947257749025
mhz:0.026847196534683395
pin:0.027689131266733138
software:0.015998783457279866
that:0.005913147024451309
bit:0.030966865886996587
really:0.011087475813584807
nt:0.004057264498422946
its:0.011749003159285058
generally:0.021970167575131247
need:0.010915920406234297
re:0.002124661947603242
apple.com:0.06249198841667442
error:0.02139464863165908
this:0.005965709526947943
on:0.0028807319615868745
detect:0.11646821661877133
etc:0.026390045312025403
state:0.015100644243980775
parity:0.034689947637714005
8:0.016775518649851513
m:0.007777356318841319
a:0.003967341266609077
other:0.007836977203590402
looked:0.021164790934543664
following:0.015552922005907736
character:0.05187483799193768
across:0.021927068874055922
output:0.023223626073489323
computer:0.01523126650662111
are:0.0073058111545593815
no:0.019188847775838236
magic:0.0292713211380221
it:0.001948042214431659
zero:0.05265470738272286
have:0.0029048330292480275
received:0.021984606765066885
ve:0.01037007783538315
baud:0.030819657924570653
worthless:0.03132026739906081
stayed:0.03147179153020945
without:0.025536482781846535
be:0.003286711688281087
which:0.007340297343849533
found:0.015196139234414758
even:0.009540678680488782
interface:0.023992611004567517
but:0.007560036616481935
macintosh:0.026679579123338522
using:0.012525116924118868
they:0.005300679684703089
find:0.012025265554962444
in:0.003028631282292451
or:0.003831315100585712
watching:0.024202295987155308
and:0.0010846517457124712
for:0.0018485730847276932
subject:0.0001516872550682858
steven:0.02549155754459671
i:0.004338606982849885
special:0.019861995414005813
group:0.015324522356855939
signal:0.025599785925112018
containing:0.02734467318823067
detecting:0.034689947637714005
alan:0.12501939465906928
actually:0.013888148449437981
pretty:0.016352386687043332
will:0.006439234914223207
than:0.00812841637624694
portable:0.029066548771640298
the:0.0025696125340535893
clone:0.03042309109539144
do:0.012244055435906192
would:0.005299145716502137
an:0.005101693969100777
apple:0.043106442582830404
jerry:0.027728725978756395
is:0.006106196065696907
done:0.015049224723981241
time:0.00897448846536201
uart:0.07283083179586235
break:0.13377976869026884
2:0.011070508818723913
irq:0.03256946896788478
16:0.019812458760370123
engineering:0.043940335150262494
art:0.052408997564391435
slot:0.028966865194078314
article:0.00460416409270796
opinions:0.01622505770181842
past:0.018769968448314567
roberts:0.031627467519914645
needed:0.018953538012136485
by:0.011254948577467797
data:0.016672418313669387
s:0.003525206141227377
