your:0.07874576388632891
with:0.03655171104934671
led:0.26346745555189977
name:0.1726395316143907
anyone:0.10455717185258695
cap:0.3625030709179052
price:0.19563401261524768
switches:0.33536022425267664
cheers:0.27213516727277165
available:0.16881648923838938
subject:0.0016685598057511436
got:0.13825961385191088
colours:0.3846388092754435
mike:0.19971325180985647
200:0.2597578153863258
quantity:0.3625030709179052
