some:0.004926315928832717
since:0.01688457066163444
large:0.03789916607452627
at:0.0074343039025690375
there:0.0038724851712115924
circuit:0.03905624172921558
help:0.018059854177567905
small:0.012610742195215236
tune:0.024860154784555295
your:0.005316169713844989
with:0.009870504249612612
much:0.007372138690126292
4:0.010482149806661092
such:0.008113996639104634
array:0.023042505349566037
loads:0.04783724162553076
both:0.00947554465108961
ground:0.03271690855187629
to:0.003489111797698306
line:0.023829567500472475
caps:0.02173735240629489
design:0.04763502794209421
clock:0.0362037199797419
areas:0.01736815466216808
next:0.011301181534806646
die:0.015897697769756747
make:0.007426499929745585
that:0.0029274651935398883
really:0.00823373731304188
nt:0.00301298966971493
re:0.0015778080285998755
exactly:0.013571234823932524
so:0.00862287423953519
had:0.019422892223824494
this:0.0022151157737190673
off:0.009212900624288398
these:0.006990025202949124
big:0.023424308471456178
slower:0.020621406518648827
on:0.012835666461754176
you:0.007035430245680024
used:0.008331069655429811
speeds:0.02099394916483312
holes:0.02022465989566032
size:0.01519357441799944
3:0.009879603141930883
a:0.004124695730348002
how:0.005550054840629216
load:0.018970434058242888
was:0.011208368786093489
altogether:0.023605928947137863
as:0.01012802734451922
chip:0.04091651085826929
output:0.017246237084110213
are:0.010850825005927855
spending:0.020681257299205603
kevin:0.05703243446607235
d:0.007687106423531795
it:0.0014466473828690799
m2:0.028891848645430554
tiny:0.022058986859408325
due:0.013987942974255199
being:0.00821014316424113
probably:0.020145347806153655
ve:0.007700986071845713
area:0.013537835631474038
cmos:0.024623490368306168
between:0.009801121713275972
doing:0.01131098272221652
rc:0.02537746416047231
has:0.004492719299099371
layer:0.024779782653877258
be:0.002440764798048402
get:0.005545881752283216
were:0.013091167067276784
if:0.0028276389019553133
end:0.01141026752141565
of:0.00246127323500935
trying:0.022753824667243846
but:0.002807102203588229
lines:0.029815882905438955
again:0.01030324530847265
using:0.009301352652510213
they:0.007872739447322731
up:0.005668609157604998
in:0.0014994067670421136
frequent:0.022737354878765926
edges:0.025470202163505117
thoughts:0.0181182460659317
use:0.007015947374461384
better:0.009435510005491152
and:0.006443838219253837
still:0.00861480625413311
for:0.0027455600245744637
subject:0.000112645387730035
space:0.012900897711025752
twice:0.019031146030614614
i:0.005638358441847108
power:0.011400233249664733
signal:0.01901081148869078
voltage:0.021815491848350743
noise:0.019326625373907794
turned:0.01656919130765231
than:0.00603629233003992
the:0.006360784894422388
constant:0.020929529451201103
do:0.006061754589928242
allowing:0.019837286270119714
can:0.0036479577739987903
did:0.006936333516636984
instead:0.012944026631158824
forget:0.032398424771430324
put:0.010495608858847169
lower:0.016755200898926653
rules:0.01738192109944579
just:0.004955226006185172
here:0.007596628293769603
about:0.0041561864148602174
is:0.004534559103639897
ignored:0.02166063376037425
solid:0.01901081148869078
time:0.006664599029129593
sheet:0.021976250693212646
lot:0.020916062348231144
spare:0.021511258540750137
2:0.008221137350613538
run:0.01129466003538985
light:0.01473508306247381
contacts:0.02432726986757516
1:0.008263813889977673
too:0.016476944032611785
switching:0.02236204903059506
metal:0.021159437405986206
m1:0.02762558454226457
wide:0.01815121036861859
high:0.03540916234989268
especially:0.013186901719398065
reduce:0.019240070353514955
