reference:0.03083994266957318
read:0.018735562495024147
frequency:0.0413133331905987
know:0.01019731508808514
thanks:0.01647426979269556
tony:0.03820450064002238
from:0.006996464912646079
my:0.007853010424217367
to:0.0022780151406460013
legal:0.03123400986639194
might:0.01757921599899542
class:0.03279479067495043
nt:0.00590147563406974
circuits:0.09369773772934538
re:0.003090417378331988
exactly:0.02658167482042982
this:0.004338697837780322
mean:0.021846463279585625
on:0.004190155580489999
you:0.009186760155516064
books:0.030171387711125295
went:0.026962489795339536
am:0.013506912038854261
working:0.026186272815757083
a:0.004616542564781471
other:0.011399239568858768
practical:0.03966673789753543
anthony:0.08887921130357768
calm:0.049017168571015596
helpful:0.03838515182855543
theory:0.06724874143763016
are:0.005313317203315913
book:0.025699987691600607
it:0.005667031896528462
not:0.004982727343603016
flame:0.03469135127998178
have:0.0042252116789062225
try:0.0201354518375487
types:0.06771730928894015
has:0.008799789040384719
anybody:0.025120621032336324
be:0.004780671546590672
writes:0.005464978438161672
of:0.006427787952586402
what:0.022820878586693336
but:0.005498208448350498
year:0.02045256790255911
well:0.01390799925746566
who:0.010686387390362383
rf:0.13602623741730846
good:0.0535540446730413
one:0.008126536427897707
in:0.0029368545767684377
system:0.03694582362384339
yes:0.022040048516561064
recommend:0.03626263873688704
and:0.0031553505329817346
for:0.0026888335777857353
subject:0.00022063600737205204
guide:0.03885484996709399
i:0.0031553505329817346
example:0.023234373088908303
license:0.038663755608243956
power:0.022329382480748283
pretty:0.023785289726608486
the:0.001868809115675338
do:0.005936511726499972
would:0.015415696629824399
can:0.007145173491220772
extra:0.03210475792967976
imagine:0.03254329383856581
different:0.04177218013241732
is:0.006661304798942081
et:0.037601616345425956
right:0.01603201317182066
electronics:0.03727588106822863
study:0.06124584046999667
lot:0.020483912299713972
man:0.023950820981778503
experience:0.02737374194045577
too:0.01613651130466526
advanced:0.03820450064002238
very:0.014406962742011961
lots:0.06030900845316299
s:0.025637862845290012
