read:0.025471944515706984
at:0.009898483286004843
there:0.010312123433451094
thanx:0.05452435748025053
knows:0.03925799338360938
chris:0.04310951958336292
where:0.04151588310637667
tony:0.05194095030834503
from:0.009512047802586241
to:0.0046456151463735865
implement:0.05718550799342324
most:0.020860623190640876
could:0.016956282644113002
me:0.012175153712410614
re:0.004201578682900792
exactly:0.03613913093564054
greatly:0.0438531365146135
anyone:0.01879679493979091
this:0.005898679082824932
he:0.01786666525303635
contact:0.03910193594360188
hi:0.03540468157319556
on:0.011393456746950335
you:0.006244932465266538
tell:0.02707893318676913
arthur:0.060036974518997394
went:0.03665686814872004
am:0.01836332985057714
them:0.01647032777002518
working:0.03560156191805176
a:0.0015691057593779719
old:0.029751832385868808
anthony:0.1208357816599202
calm:0.0666413190684594
advance:0.035544957490748874
video:0.03927765385241598
it:0.007704616398651055
flame:0.04716464612222242
purchase:0.04901642111437125
be:0.00649956468693788
found:0.030050792193898845
writes:0.007429914505815307
get:0.014768246913383397
if:0.0075297799973416775
of:0.0021847256805139176
style:0.10316465111178434
parts:0.04099657316198158
year:0.02780630018213092
who:0.014528683980155598
david:0.028049946509488697
one:0.01104843716601823
in:0.003992802289763831
system:0.05022971526387696
yes:0.029964560342740323
and:0.006434787884676233
subject:0.0002999658077754865
i:0.004289858589784155
buttons:0.06459276225054979
games:0.07482854587884777
possible:0.028954737336680695
controls:0.05599199997931866
projects:0.058630647070075974
the:0.0008469134943697224
would:0.010479209506790743
can:0.00971422463413161
extra:0.04364804167967698
many:0.020822483455933634
f:0.04175540694839155
is:0.006037587121138515
right:0.021796332514497748
man:0.032562352121294366
dave:0.03939634462218643
lots:0.04099657316198158
s:0.013942388333843108
