there:0.02503033597028584
circuit:0.042074224044654975
all:0.008673343914966283
switch:0.07731115312745773
with:0.005316612516268612
4:0.02258426821980617
into:0.016280035481658055
single:0.029558424277385226
to:0.0012529083273553007
line:0.051341886341927066
inputs:0.10334940580293382
that:0.009461035239122095
think:0.013088618432077774
re:0.0033994591161651865
so:0.009289187248953818
this:0.004772567621558354
on:0.009218342277077999
you:0.005052718085533835
a:0.005078196821259618
part:0.022265655567393426
also:0.01348633756072333
chip:0.029385494161847943
output:0.037157801717582914
mind:0.027542325481910334
are:0.005844648923647504
no:0.010234052147113726
thread:0.03784479812276332
missed:0.039508474338434824
kind:0.025050242699664178
has:0.009679767944423191
switches:0.04877966898220751
be:0.005258738701249739
stereo:0.04691790159451648
writes:0.0060114762819778395
if:0.01218455308660744
of:0.0035352833739225207
available:0.02455512570740209
never:0.020035811189653276
phil:0.08057189728483623
lines:0.03211983749358651
using:0.020040187078590187
quinn:0.05918996265768935
good:0.014727362285086355
shack:0.051817869782995456
in:0.0016152700172226407
speaker:0.09578889861850273
or:0.0061301041609371386
use:0.01511617752497589
and:0.001735442793139954
for:0.0029577169355643087
ttl:0.0585627547350807
subject:0.00024269960810925723
i:0.00867721396569977
ms.uky.edu:0.11331240890685106
any:0.00930261151171643
pretty:0.026163818699269332
noise:0.04164009285105588
will:0.01030277586275713
suggestions:0.03597269428246252
the:0.002740920036323829
thing:0.020581203955681422
when:0.011887949480397599
level:0.1280194604579545
got:0.020110489287550673
can:0.007859690840342848
radio:0.03261227600697878
audio:0.27056173526916333
switched:0.049533193162259945
1:0.017804762653860984
first:0.017068680267191282
switching:0.09636010218638234
article:0.007366662548332736
little:0.021321260926349672
function:0.03739091472315871
bad:0.024914554970421672
project:0.03501487141284591
built:0.03356816030977049
s:0.005640329825963803
