some:0.01242060505461015
at:0.014057952326400494
out:0.006266899463193936
watts:0.09021455841214798
technology:0.01791312598838799
50:0.01835735792089591
small:0.01589758457588304
with:0.006221567838186674
4:0.013214199490312122
ca:0.02187817655417363
response:0.018678715705464585
led:0.022422762174629768
from:0.004503043906543487
work:0.02154332408500323
feet:0.023362031643379425
sell:0.018511022866917914
outputs:0.03154828402708982
name:0.014692726094841761
pulse:0.031655745236225566
corp:0.024617897047404507
to:0.004398507957736694
line:0.015020232706414833
recall:0.020802421356771395
track:0.02420104030742841
us:0.010956789288218064
ai:0.02581206284969307
puts:0.026265029915332996
honest:0.024945791532038585
make:0.00936213023058353
that:0.0018452373693323234
think:0.0076582341889816765
really:0.010379764591441095
nt:0.011394870506209125
hot:0.02225328822745432
re:0.0019890452275434603
so:0.005435162752047447
30:0.01820800784241431
something:0.010588624027465547
these:0.008811893473930545
on:0.005393710906800957
you:0.008869132809713645
products:0.02154301486243026
cycle:0.026891535424143548
amp:0.028916921038599892
3:0.012454606088497976
a:0.005942570748282532
vision:0.025361311634506414
want:0.020134020933108315
as:0.004255926384133076
also:0.015781884379569854
cheap:0.01976718733195132
are:0.013678965565983522
model:0.01946250804033803
individuals:0.02269761329454636
book:0.033081899049826315
application:0.01962961546711132
have:0.00815825446512212
probably:0.012697998484197916
systems:0.01595966553341814
amazing:0.02607158499953047
referring:0.025262501072948248
stage:0.026548245418092635
mitchell:0.028663580352486832
device:0.021351887153780988
ir:0.062476686052860754
be:0.0030769215805184643
writes:0.003517353143710438
get:0.006991350932399587
detection:0.03154828402708982
if:0.00712925978471712
of:0.002068516867720624
park:0.023889586537473226
seen:0.013789706865012515
duty:0.026760191740152206
but:0.0035387405438851607
distance:0.025101789484669013
they:0.004962338428232679
find:0.01125769541315633
up:0.007146065799746726
in:0.0037804191892444783
5:0.027647583903379604
or:0.0035867630728887516
and:0.005077093277803057
for:0.0017305790580429466
subject:0.00014200508985116116
p:0.017904936381017818
foot:0.02563414830678062
i:0.007107930588924279
6:0.0625180772884935
info:0.015666997124427647
power:0.01437157063920501
pretty:0.015308617324040567
will:0.006028219919698321
program:0.014769326768000399
the:0.004009324521218367
do:0.003820839994183493
watt:0.09632613690559648
devices:0.022578076827248182
around:0.01259145975081721
would:0.004960902372895617
can:0.0045987552789240075
home:0.015581718360964619
road:0.01920559779771548
10:0.015374317861149811
arrays:0.03375847255880081
long:0.012661230027173323
here:0.01915320112365315
company:0.017904936381017818
interested:0.030607193781009786
9:0.01894060455119695
2:0.010363880596252173
their:0.008051508609477202
dance:0.031877408514951994
build:0.01984911203733167
1:0.010417680276195258
designed:0.020902113813206186
header:0.02796879214814075
article:0.0043102812782797924
wide:0.02288211094341812
s:0.00990057894983008
