frequency:0.08062763413003939
tony:0.03728019820518313
with:0.00471634981281893
ca:0.01658506932332517
response:0.02831934316634953
both:0.01811051679280837
several:0.022729446548930617
sound:0.027832123299422827
line:0.02277261087746765
band:0.08037561287353809
nt:0.005758697997761601
re:0.003015649215952988
flat:0.039821174387762934
amount:0.05997446792946497
on:0.004088780848703951
arithmetic:0.04963081410005723
you:0.004482249914586466
used:0.03184618561833654
etc:0.03745683850739089
bands:0.1407519849625617
passing:0.03941349471709494
a:0.004504852018859339
how:0.010607766106686485
same:0.031324086298848586
khz:0.04886218361776429
as:0.019357600650411734
oasys.dt.navy.mil:0.04751497325757746
experiments:0.04511778355219092
across:0.03112229130511163
are:0.005184769206461496
it:0.00552992628612858
made:0.018754673805790333
per:0.05704556638020995
hz:0.04706263884910131
rc:0.04850370166154789
has:0.034347563673759705
shows:0.031163021271128313
usually:0.026594764049892042
network:0.059249833387573815
be:0.004665010138205414
writes:0.005332761217883567
get:0.010599790123315501
of:0.004704207715300128
wayne:0.07536478076585292
what:0.007422920185456703
using:0.017777585311652584
up:0.010834357825422457
david:0.02013262289793947
commonly:0.041620719156425914
in:0.004298702465189285
measurements:0.04783126933139425
and:0.0015395057035918946
subject:0.00021529803945176046
half:0.03049712486768561
power:0.10894577742623153
noise:0.33244912840762364
filter:0.04216112811032075
the:0.004255057314454331
constant:0.08000481419249454
can:0.00697230639062672
note:0.023884589507084657
audio:0.08000481419249454
spectrum:0.04384178351013532
is:0.006500144198967675
white:0.05482208299710632
thru:0.041620719156425914
wide:0.03469223272066618
thus:0.05373153343348879
pink:0.2375748662878873
by:0.023962148584286275
