there:0.015823775613399094
radar:0.0878994530027204
tower:0.09481543070116119
watch:0.0662786869064543
706:0.10191853051373632
florida:0.08805003369183685
to:0.002376205448432467
next:0.04617896592670992
could:0.026019123367690643
re:0.0064472500478994915
michael:0.10361017936805825
phone:0.050643915969130496
sight:0.09137595896984534
programs:0.06091693317749166
you:0.009582741196702101
came:0.05204701262893011
amateur:0.08188534830541846
a:0.004815531468435845
intelligence:0.07793259350659698
was:0.015266571277610096
as:0.013795071727879627
it:0.005911300512758138
university:0.04052310519997679
u.s.a:0.08850983105532238
scientist:0.08500768132387898
breaks:0.0952691773962883
of:0.006704847778128919
georgia:0.16572923448646218
detectors:0.09597300488801686
associate:0.08539226334998758
they:0.016084821112202476
in:0.0030634431361119046
or:0.011626059615570436
and:0.0032913570214723265
subject:0.000460292360207212
athens:0.09231834539291195
detector:0.091193508808974
artificial:0.0888233193153774
research:0.053229853112703056
the:0.0038987224654606187
radio:0.061850868289097694
mcovingt:0.19100121756265045
cars:0.06589788022709493
hit:0.06171900241257602
is:0.0046322866705286875
morning:0.0739679451310244
every:0.04193359529202407
microwave:0.10225995512229115
covington:0.18918591640798074
s:0.010697177256138246
