mark:0.10357324014800656
circuit:0.05319729476910399
help:0.07379630069109644
with:0.02016646126860508
wrote:0.029604310053940933
learning:0.057102334245056105
to:0.0015841369656216446
design:0.04325479548764877
mc:0.065157622214085
that:0.003987409487752607
really:0.022429836128631333
communication:0.055317959553202276
along:0.04016047599012914
me:0.012455042303500514
circuits:0.13031524442817
re:0.004298166698599662
anyone:0.019228905168291854
acsu.buffalo.edu:0.062347813732464764
hi:0.036218582299016144
on:0.01165537529285724
books:0.12588751424297107
subjects:0.06193969087663822
serious:0.041344754448729544
am:0.018785475364383512
a:0.006420708624581126
other:0.01585411480266564
wondering:0.04136705174548617
j:0.03510492712102141
was:0.010177714185073398
related:0.0443004481107031
theory:0.14029478817160773
no:0.02587921232603471
book:0.03574366104234107
not:0.006930000098574309
have:0.005876443829283366
able:0.03031569225414562
without:0.02583000557244247
be:0.006648979967097371
if:0.007702878388085164
of:0.004469898518752613
electrical:0.05445005665080979
seen:0.029798447018647735
but:0.0076469335890851755
seems:0.027086058498633082
good:0.018620802889189644
one:0.011302424227306006
p.s:0.05212451385195205
and:0.008776952057259537
still:0.023467920485397094
subject:0.0003068615734714747
i:0.006582714042944653
any:0.011761922601020772
pretty:0.03308069030942099
currently:0.04136705174548617
detailed:0.05684207589161059
the:0.0008663827701023598
would:0.021440221749525885
about:0.011322025061170938
is:0.003088191113685792
does:0.014005618555603738
lot:0.08546735821604795
by:0.011384315802496162
