know:0.035253575018808624
where:0.05278447994953605
from:0.024187778698005015
work:0.05785921325686582
software:0.08045102538517876
nyc:0.1694593542026539
re:0.010684014365090587
anyone:0.047797564275468316
prefer:0.11732937442976688
modem:0.12181058790099457
a:0.003990011788132557
electronic:0.12324775185741742
comm:0.1796500668866177
but:0.019008092064297436
parts:0.10424842889761031
find:0.06046990679066829
david:0.14265401367682823
in:0.010153125822542313
jersey:0.14616321668024834
and:0.005454248778439855
for:0.009295681797487828
i:0.01090849755687971
would:0.05329426549167863
can:0.02470188549822038
an:0.025654232530335334
apple:0.10838191277968787
here:0.05144002587495417
new:0.0492571304252442
does:0.03481396612392929
too:0.05578622479612847
cunyvm.bitnet:0.173768579623642
