ian:0.05836586782799406
out:0.025067597852775743
resistance:0.05199226962680609
there:0.019527212459088242
k:0.040304904853741094
i.e:0.036750414861440456
with:0.012443135676373347
active:0.04753002122166881
such:0.020457629824125516
work:0.02154332408500323
often:0.03305659987530538
to:0.0029323386384911294
q:0.045156153654496364
recall:0.04160484271354279
then:0.01697745052952982
enough:0.025873920499334
make:0.01872426046116706
that:0.01107142421599394
like:0.012389777271368864
decade:0.05998306152266028
12:0.03780196629374506
finding:0.047431971699276
cant:0.05982545422707368
tells:0.04709574468421929
fixed:0.048242901118296044
best:0.05181225702045605
something:0.021177248054931094
starting:0.041718318966778904
etc:0.02470557433466208
a:0.007428213435353165
how:0.013993223374777918
y:0.04535500613334904
standard:0.0323834525581089
odd:0.10339348469814248
given:0.02965731445937533
are:0.006839482782991761
z:0.05309649083618527
it:0.0072947963774462115
choose:0.04227450520624743
pd:0.0579643749771127
per:0.03762579910184061
common:0.07161974552407127
making:0.03270858713694046
of:0.004137033735441248
gives:0.038686430593575585
seems:0.025069011589160403
up:0.028584263198986905
required:0.07963364788299934
resistor:0.19562324476010823
and:0.006092511933363668
subject:0.0002840101797023223
values:0.22717799842251427
i:0.0020308373111212227
will:0.012056439839396643
yet:0.027979454709427275
program:0.059077307072001595
the:0.0016037298084873467
when:0.013911430243018467
problem:0.02250601374516579
is:0.005716438870014126
filters:0.12990278264335456
1:0.020835360552390516
x:0.03239531903772449
by:0.010536547604437937
strange:0.046769819477177905
