at:0.04195071487878243
there:0.0437037612179594
that:0.016519267877832228
think:0.06855942988231215
need:0.091485809118916
re:0.01780669060848431
file:0.1446898039265909
dsp:0.28640280981104466
on:0.02414327739234714
nelson:0.2528809956841798
a:0.006650019646887595
called:0.12772640456460638
for:0.015492802995813047
subject:0.0012712836615246807
i:0.00909041463073309
info:0.1402569266377332
the:0.003589300047566919
archives:0.254442415818608
is:0.025587869227682275
project:0.18341123121014527
