some:0.005380354263287346
sells:0.02314663058486634
at:0.004059746601172493
joystick:0.03052638054217895
thanx:0.02236252449650828
know:0.005686060486904617
50:0.015904070456813045
gap.caltech.edu:0.024326047055544687
where:0.008513625798312266
with:0.0026950570358965312
eos.ncsu.edu:0.0268099018976308
from:0.0039012546287104867
sell:0.032074399068945325
to:0.0019053444609550658
remember:0.012823152242033327
implement:0.0234539641079017
slightly:0.01995240394634125
80:0.018417795518264096
most:0.00855573946528589
day:0.011720290487386507
direct:0.018404495956563013
that:0.00319727765377398
13:0.01814626061966112
cco.caltech.edu:0.020740857836664617
higher:0.017105409737501808
nt:0.00987205371044846
could:0.006954420070626992
me:0.014980488669187254
re:0.003446456246803415
greatly:0.017985848616592633
anyone:0.015418569121118813
phone:0.013536161871933497
two:0.008593499689646596
these:0.007634267157137984
on:0.004672892398518801
you:0.007683856996433943
tell:0.011106106237891487
used:0.009098910176667583
am:0.00753150394793256
sam:0.02272094708195844
inc:0.016871039151172357
them:0.013510222779098994
state:0.0122475271287586
working:0.01460156226132077
m:0.006307901899152406
includes:0.017362923370655987
a:0.0019306508652254311
price:0.043273882974801336
below:0.034210819475003616
was:0.004080466055766754
as:0.0036871620286498545
equipment:0.018594276094657095
also:0.013672784623774806
advance:0.014578346620629722
button:0.021914765287044464
frank:0.01804688652788305
computer:0.012353469609056752
express:0.04290981195097031
it:0.00947987363336328
should:0.0075705628674353894
purchase:0.020103509120640746
have:0.007067980826926077
buy:0.01385641071540998
kind:0.012698279709507189
university:0.010831060376030661
per:0.01629873325148856
switches:0.0247270211430545
willing:0.01647880117041323
coach:0.023493863014551995
be:0.010662880315898089
found:0.02464995857379721
writes:0.0030472921245048956
if:0.006176501564639717
of:0.0026881186944572163
style:0.0423117693499945
catalog:0.02516623856150761
but:0.015329106503465674
parts:0.050442788176263055
nec:0.024996588915780805
please:0.008826798879747718
they:0.008598337553066762
cheaper:0.020319716124270935
one:0.004531386671777062
email:0.03793408284287476
in:0.00409400234779932
or:0.0031074260723644486
and:0.00439858772454827
for:0.010495124610066903
subject:0.0001230274511152917
outside:0.016611869942311175
i:0.007917457904186886
buttons:0.05298392479538186
games:0.015345024385293667
possible:0.01187544526711789
controls:0.06889338246303264
actually:0.011264120401387486
than:0.006592632636956042
projects:0.02404667091814176
the:0.0020841097050388565
do:0.009930662473361706
when:0.006026149506192332
would:0.008595849272851392
can:0.019920875401790633
last:0.010046832037140543
just:0.005411928863898092
note:0.013648336861191233
dozen:0.02374079502438659
address:0.029426924921047103
many:0.008540096901281536
interested:0.026516831478478525
is:0.002476245409130543
number:0.011531174416579531
either:0.011537155332319624
having:0.01205940733834268
new:0.03177879382273819
right:0.008939509648803223
break:0.018083901143999475
2:0.008978845862190823
their:0.013951001092919023
chicago:0.019459444870063975
donald:0.05092730220262417
nice:0.014561011321450499
show:0.013871284192326416
article:0.003734252904684797
check:0.01525028370777737
s:0.0028591533680000845
james:0.01594282842229045
