another:0.00981197048844504
read:0.010030986999548326
at:0.0194903763817352
out:0.005213173004780796
radar:0.022558266699813197
technology:0.014901184450517446
with:0.0025877317557059616
much:0.007730959599822705
correction:0.023948157538396984
signals:0.022481975520899453
several:0.012471023770209718
pulse:0.026333097807125692
to:0.0073178716464999865
rh:0.02987636260691468
band:0.022049946894510446
mhz:0.020907551283647244
measure:0.0817230748461563
that:0.001534976218736623
nuclear:0.021594052089650997
through:0.010484350858516933
me:0.0047946401787811715
need:0.008500893767686885
re:0.001654603994593675
so:0.00904257165827363
national:0.014398999668086342
had:0.006789418078239536
this:0.004645862286472734
carpenter:0.026709902268808466
you:0.0024592875637554066
relative:0.04356742899728237
used:0.026209692588542464
etc:0.010275769856009892
came:0.013357197931318348
temp:0.02624370529687118
m:0.006056702266000319
a:0.0024716887183122037
same:0.00859333340941864
wondering:0.015924484521492463
j:0.013513843626233904
was:0.003917969619917636
africa:0.024883153528074894
accuracy:0.021412186268033512
coding:0.028809273859937295
across:0.017075947441742664
dual:0.024569207793684256
ontario:0.02101482390139058
ft:0.025015246285374368
d:0.008061257621137324
it:0.006068237694512778
ones:0.015011637081313523
should:0.007269080275369379
have:0.002262170854635632
made:0.02058035001697346
due:0.014668772057072932
waves:0.02642433359120859
only:0.005900602824200383
robin:0.024883153528074894
cm:0.027458027622985166
between:0.02055633492076465
whose:0.016560979869473313
able:0.011670200115533933
real:0.011316786964594015
strength:0.023003139395485223
robert:0.014138991278573909
determine:0.01930292689902231
uses:0.015110597919630252
be:0.012797815423395384
g:0.03128320319479205
writes:0.00292593978326355
down:0.010461794588288309
were:0.013728347765241585
if:0.005930534688171764
end:0.02393126904934079
of:0.003441426293198914
short:0.015322910909828617
institute:0.017223264822713743
measured:0.024883153528074894
shop:0.02150218487085264
distance:0.10440567307782686
seems:0.01042693402381008
they:0.004127962940299751
operator:0.024276068919608148
one:0.004350933220246117
in:0.0015723867424291193
measurements:0.02624370529687118
required:0.016560979869473313
winter:0.02379288621179845
system:0.009890364288683739
or:0.005967358032770666
rather:0.011387095809348952
use:0.01471486307741016
better:0.009894760492484084
and:0.007602160908002453
for:0.002879193477098
subject:0.00011812812784078892
each:0.011265528306905376
transmitter:0.027121806795649225
inches:0.024630240192499903
i:0.0016893690906672118
6:0.013001547046722099
we:0.011926937218707698
possible:0.011402529305153017
signal:0.039872232945307215
water:0.018142023073944913
research:0.013660758763437067
yet:0.011637472312770635
bcstec.ca.boeing.com:0.05491605524597033
2000:0.019140033212638605
the:0.005002785464529113
carrier:0.02651749026907511
canada:0.01646286545578162
units:0.04300436974170528
around:0.010474311651122281
would:0.016507073382378338
can:0.003825513240874838
radio:0.03174646336962537
regards:0.018271538039874618
sp:0.020881134615565372
an:0.003973000613105029
10:0.0383677666977367
just:0.010392819145715805
about:0.004358478673990582
stewart:0.024509005793437445
current:0.013992237715623088
south:0.019122298604684895
is:0.0011888169331445305
switched:0.024109076317914133
heavy:0.03966201979479299
receiver:0.048218152635828265
2:0.008621281203961986
x:0.013474159245779214
first:0.008307764731818766
instructions:0.02138258897533087
resolution:0.019769123870959592
article:0.0035855437182150487
needed:0.014760277389982394
by:0.004382457853173301
s:0.008235879834371924
