sells:0.07386498289582347
24:0.0538688786598303
inexpensive:0.08049489044197077
know:0.018145222436151496
help:0.03147195176532054
microphone:0.09289323349860105
thanks:0.02931450948406122
with:0.008600402599846284
much:0.02569407161117546
sell:0.05117753380853776
outputs:0.08722172642783657
line:0.04152652571773512
that:0.005101538609330541
problems:0.040339312292526075
like:0.03425409010319627
nt:0.021002310344777602
need:0.02825297046319465
avoid:0.05686396313563381
greatly:0.05739601690883238
so:0.015026626432131178
something:0.029274431134757688
bill:0.1820890515112775
m:0.020129628119354002
how:0.01934357348866359
also:0.02181613428940539
250:0.06720736535231303
have:0.007518391369818424
be:0.008506783193198107
of:0.002859420375966745
looking:0.038145372726568295
but:0.009783576797800151
they:0.013719406242760936
one:0.014460454526112094
and:0.0028073339300793373
for:0.01435362630494444
subject:0.0003926023072355632
i:0.01122933572031735
tape:0.06102012152526961
appreciated:0.04977591351729769
info:0.04331463910871173
any:0.03009668430261198
information:0.07173003777893426
will:0.016666255072107124
the:0.002216920617614862
do:0.01056349880744848
level:0.051772575920496305
would:0.027430871944246354
an:0.013204384390613775
thought:0.039479211841054594
amplifier:0.08664495123440595
just:0.01727042005096891
about:0.014485532063556935
head:0.05077734905081887
does:0.01791895315202243
