kills:0.03686380320201972
radar:0.033762703802369426
concept:0.02818444863656148
static:0.037854079585933384
vertical:0.07152912776199624
with:0.0038730289853612407
frequencies:0.0799528200364333
such:0.012735213267998665
to:0.006389002728897891
measure:0.09173550454585096
that:0.0022973816253938862
dynamic:0.03650574213400465
me:0.007176083976189037
need:0.012723191996670439
re:0.002476427170716361
so:0.00676695759857563
this:0.013906819559507788
getting:0.017961599816057525
best:0.016126993907029364
on:0.0067153486786660915
carpenter:0.03997641001821665
you:0.007361576018658568
used:0.013075917273754076
am:0.010823419580803746
etc:0.015379629056014804
m:0.009064998093483921
a:0.0036993486777387946
how:0.008711013226682942
wondering:0.0238339967010417
as:0.010597538545920774
ridiculous:0.03305344462649944
objects:0.03105833647697519
accuracy:0.0640947562460341
ft:0.03744003748671925
it:0.004541131519734728
should:0.010879550610817745
have:0.003385765649984456
waves:0.03954900259346451
tom:0.025137273003144073
between:0.030766435046972258
able:0.017466657126560724
strength:0.0344285397574812
robert:0.021161669065945056
determine:0.028890473372046636
environment:0.05559805966725557
be:0.01532347701026414
g:0.023410609013321208
writes:0.004379221132566638
depends:0.057030015039768164
if:0.004438082250088803
of:0.001287685997124097
short:0.022933628249147468
what:0.01219128613240571
distance:0.1250102363739808
seems:0.0156058747641131
well:0.011144820597042018
gardner:0.03818253614977029
called:0.017763274806998238
chance:0.02380832800008347
in:0.004706747070052728
required:0.04957326424504595
yes:0.03532246186097866
moving:0.028085970739346572
or:0.013396916378206994
use:0.011011784951969193
and:0.005056919397229005
for:0.004309256462411576
subject:0.00017680103901998871
transmitter:0.04059290288620348
inches:0.03686380320201972
i:0.0037926895479217537
6:0.01945926908979599
horizontal:0.035842937772700124
possible:0.01706603723817604
signal:0.02983816107827626
any:0.006776736862839783
allow:0.023220362062083392
bcstec.ca.boeing.com:0.04109612081320958
2000:0.028646672225538575
the:0.004991741788006974
would:0.018529463167636612
can:0.005725602598925254
radio:0.04751457431480353
about:0.013046571924793
is:0.0017792889198057211
receiver:0.03608378309833506
does:0.008069462346606127
matter:0.020005980211261872
difference:0.02123942944923435
range:0.052974251463439384
s:0.01232654862627851
