know:0.030846878141457548
thanks:0.049834666122904075
where:0.04618641995584405
ground:0.09692384158493353
to:0.0034454979002270774
been:0.03668100968053598
that:0.00867261563586192
responses:0.11089821577652287
this:0.013124560959285476
a:0.0034912603146159877
richard:0.09340193786946947
layout:0.14330566345869306
rich:0.11349488736154895
advance:0.07908753041691624
magic:0.2575876260145945
has:0.026619361847163778
heard:0.06756618398549687
environment:0.1049413376219449
anybody:0.07598987862281738
g:0.08837504902528756
get:0.03285934938227806
dept:0.10258268725854498
of:0.009722029278286934
macintosh:0.1173901481426895
proving:0.14413907396538284
in:0.004441992547362262
for:0.00813372157280185
subject:0.0006674239223004575
editor:0.11543384322019579
i:0.009544935362269746
any:0.025582181657220184
the:0.0037687650499452652
can:0.021614149810942836
army:0.11158007622451434
hold:0.0867445153236005
does:0.03046222035843813
