tv:0.03826930359850165
out:0.02380155755718101
there:0.009270494803809572
all:0.009637048794406983
sell:0.035152245444248165
several:0.028469205778458552
store:0.04508285908061185
to:0.001392120363728112
city:0.03716955149986255
near:0.03641187654021743
nyc:0.05990987269790795
been:0.014820609971933732
that:0.0035040871256007762
re:0.0075543535914781934
so:0.010321319165504245
phone:0.02967017299201585
on:0.010242602530086665
took:0.03409496642845131
more:0.012842616422431575
a:0.002821220456255344
other:0.013932403917494049
j:0.030849784439685484
jeffrey:0.11109686829631009
stuff:0.05905892025603277
cheap:0.037537689074816645
electronic:0.043572437525349596
are:0.012988108719216677
no:0.011371169052348586
it:0.0069263723179792324
not:0.018270000259877725
ve:0.018435693929570045
closed:0.08335500406292548
heard:0.02729946827696843
writes:0.0066794180910864885
ave:0.05280787763312903
of:0.0039280926376916905
but:0.013440065095967886
parts:0.03685550516582183
years:0.04504596814101805
street:0.08056623192562841
ed:0.04008252193605053
they:0.02827029165174981
clear:0.03331061355744054
in:0.003589488927161424
or:0.013622453690971422
weeks:0.03677338268013243
and:0.007713079080622018
few:0.023087146473800876
still:0.04124664812584944
for:0.00328635215062701
subject:0.0002696662312325081
i:0.0019282697701555045
ago:0.028900663892572166
any:0.010336235013018256
when:0.013208832755997333
places:0.07706710873313809
wires:0.05665650401943206
many:0.01871920229876862
about:0.009949658387089612
is:0.0027138649180875143
chips:0.041946878264615885
connectors:0.05790127816512851
mostly:0.041222717371119766
type:0.06546489919862013
electronics:0.0911188203890033
2:0.01968090456662029
article:0.008185180609258597
lots:0.03685550516582183
7th:0.0556804753761081
everything:0.03120871195882074
panix.com:0.05231981119605017
s:0.012534066279919563
