tv:0.0498508033717324
some:0.015362327304386237
at:0.011591644900716198
cable:0.05681115083406906
form:0.04491290690107757
vertical:0.142117082790282
thanks:0.026228771643633724
with:0.015390194126040719
from:0.011139108610923362
signals:0.06685429562793785
to:0.0054402598424638056
design:0.049515357992440036
inputs:0.14958466629372
that:0.004564534545190484
produce:0.05546683274776837
like:0.015324198204061489
me:0.01425774579479664
anyone:0.02201203617949199
sync:0.16130337725833485
recently:0.043543573218259066
a:0.003675010857490513
how:0.01730740785827795
other:0.018148789313577773
local:0.04021557173573621
drive:0.11146593745286797
fine:0.04262048128842842
jack:0.11249357628315619
advance:0.04162501600890328
works:0.03914639465198342
burst:0.1491766613848788
have:0.0067269817519428005
which:0.033997166645197835
showing:0.0565003199687607
were:0.020411885493056565
whatever:0.04348632340464951
of:0.0025584287574439294
style:0.060405618085189516
up:0.017677110136215587
powers:0.06973428447698722
boxes:0.06487428311559185
in:0.00467578162880238
our:0.05867830060474719
point:0.028967578437632376
or:0.008872519180303753
and:0.0025118250953341434
subject:0.00035127574857918807
station:0.10884184573084622
i:0.0025118250953341434
cameras:0.07479233314686
horizontal:0.14242851588625574
community:0.053533537591797686
the:0.001983560552602771
would:0.012271705869794421
can:0.01137586832154886
is:0.003535166143298209
hook:0.06766605311485022
article:0.010662274741007907
black:0.09288295674326151
