where:0.01847456798233762
much:0.017471968695599315
someone:0.0220345811466302
from:0.008465722544301757
my:0.009502142613303012
to:0.0027563983201816617
scientific:0.042226995368038825
that:0.0034690462543447683
think:0.014397480275285552
could:0.015091091553260574
me:0.010835886804045448
australia:0.04639093715444237
re:0.0037394050277817052
so:0.0102181059738492
hi:0.031510166600144045
these:0.033132719461978856
on:0.010140176504785799
detect:0.051246015312259384
size:0.03600877137065868
card:0.09182725039542725
sure:0.021820440201592035
how:0.013153629972291244
hearing:0.04534832705119828
inform:0.05782657391974614
are:0.006429113816012255
yoyo.cc.monash.edu.au:0.059512801044104065
states:0.03452859735455683
101:0.05800049134686483
ir:0.11745616977937821
which:0.012918923325175177
credit:0.04832465108424777
writes:0.006612623910175624
get:0.013143739752911223
things:0.04469451856280499
if:0.013403008395268185
of:0.005833217566972159
even:0.01679159447766026
catalog:0.054610737678471515
but:0.006652832222504103
ok:0.03263849190510932
please:0.01915415356905255
they:0.009329196245077437
depending:0.04500766150556222
over:0.020059407525193577
in:0.007107188075779619
england:0.04930445516784981
and:0.007635948289815797
subject:0.000266969568920183
i:0.009544935362269746
detector:0.052892235109204926
cost:0.033210076043508806
the:0.0037687650499452652
got:0.02212153821630574
can:0.008645659924377134
page:0.042047457331872866
last:0.02180162552059498
nj:0.04880255772261125
problem:0.021155652920455844
here:0.01800400905623396
people:0.015052731400731174
about:0.009850161803218715
e:0.031108896960538267
company:0.0336612803963135
15:0.03341810731980644
is:0.002686726268906639
cards:0.03935017464352102
type:0.032405125103316966
keep:0.026494145841259212
light:0.034922146858062934
article:0.00810332880316601
heres:0.07445205129722662
little:0.023453387018984643
live:0.03096688273947659
john:0.026814783995818457
range:0.03999555985489674
ranges:0.06205514242794648
