ian:0.04812624189325825
since:0.017551066871962114
out:0.02066977366807824
resistance:0.04287081881508572
there:0.01610138571187978
k:0.03323386891448827
i.e:0.03030297365767897
with:0.01026012941736048
active:0.039191421007340944
such:0.016868571960243845
work:0.017763793543774595
often:0.0272571963884097
to:0.002417893263317247
q:0.03723402143440928
recall:0.03430574750064055
then:0.013998950436629852
enough:0.021334636201205227
make:0.015439302485523715
that:0.009129069090380968
like:0.010216132136040992
decade:0.049459717395877775
12:0.031170042382561717
finding:0.039110573155543366
cant:0.04932976050302566
re:0.009840539546793961
tells:0.03883333333611064
fixed:0.039779234255437085
best:0.042722387367744454
something:0.01746194137862739
starting:0.034399315639273835
you:0.00975085946331091
assume:0.030451653993764705
etc:0.020371263047879257
a:0.006125018095817522
how:0.011538271905518633
y:0.037397987513463245
standard:0.026702145091774005
odd:0.0852542768563631
given:0.024454276834923516
oasys.dt.navy.mil:0.05168295336789127
third:0.03204197365498145
are:0.0056395735228177675
z:0.04378131700527557
place:0.023854628222073907
it:0.006015007539297753
choose:0.034857925345502264
pd:0.047795186384636784
per:0.03102478171555278
common:0.0590548778882693
writes:0.00580054728962774
making:0.02697023851642459
of:0.0034112383432585726
gives:0.03189933750698338
seems:0.020670939380535772
using:0.019337022619692286
up:0.02356948018162078
david:0.021898642450390297
in:0.0015585938762674603
required:0.06566283246492928
resistor:0.16130337725833485
and:0.006698200254224383
subject:0.0002341838323861254
values:0.18732220922558193
i:0.0033491001271121917
will:0.009941274955291967
yet:0.02307077844461547
program:0.04871286723480833
the:0.001983560552602771
when:0.011470828445997682
tolerance:0.050140052784876675
problem:0.018557590281101616
about:0.008640492809840979
is:0.004713554857730945
filters:0.10711282077609936
1:0.03436006827938085
x:0.026711929732860545
by:0.008688030480852333
strange:0.038564587989953714
