tv:0.01983592176047991
some:0.006112758508551593
at:0.004612382264159325
out:0.006168466487332251
watts:0.02959919193976234
technology:0.01763176798857038
50:0.018069022456169797
send:0.015357838329194884
controlled:0.025406637778755483
with:0.0030619234386887297
ca:0.010767270136609011
previous:0.018184290155459717
response:0.018385332736268807
mentioned:0.01840399800414575
led:0.0220705721928293
from:0.004432315468220815
work:0.010602473633457088
feet:0.022995088737986034
my:0.0049749437765984365
pulse:0.06231706915612991
corp:0.02423122850739292
store:0.023367555230264785
to:0.00432942144531151
movements:0.03126648896132535
track:0.023820919255479273
us:0.010784693121387414
might:0.011136571392033749
moderate:0.030949082564380666
puts:0.02585249017844295
make:0.009215081064658135
that:0.0036325091668531605
think:0.00753794778810762
control:0.015966671570371852
really:0.010216731639743069
could:0.015802190108126255
re:0.0019578036794668614
tells:0.02317801047286185
this:0.005497198307554126
30:0.017922018190439218
sender:0.029071418645930065
something:0.010422310561065564
these:0.008673486770151532
on:0.010617985868885653
you:0.008729827058775735
hat:0.028033843103606775
products:0.02120464290124026
cycle:0.026469155286591557
amp:0.028462728561553824
3:0.012258984003338323
more:0.006656644114244639
a:0.008773847911076826
vision:0.024962966425587464
want:0.009908889883309851
was:0.004635922168070082
as:0.008378158745727941
operation:0.02254327819634815
also:0.007767000689421814
computer:0.014035093744321023
are:0.010098084527767939
model:0.019156814196772513
thread:0.021795433473842753
it:0.0017950546059684396
should:0.008601110692321882
ab:0.027371622438113998
mounted:0.027975344147595647
application:0.05796389069869522
probably:0.012498553481828318
systems:0.015708990158547702
interesting:0.05133022872127873
amazing:0.025662083664459313
referring:0.02486570786237838
stage:0.02613125727016448
mitchell:0.028213367048521076
screen:0.019572288848722766
ir:0.122990753695684
environment:0.02197724348103558
be:0.006057185938612266
writes:0.003462106759254253
detection:0.031052761241324014
of:0.002036027073986792
park:0.0235143574295548
duty:0.026339874592401127
distance:0.024707520539883638
box:0.016589209480139304
in:0.005581561316057292
5:0.027213328658823907
or:0.003530426480120866
use:0.008705651977734806
message:0.0170016748092132
and:0.004997348357209291
for:0.0017033971880213298
subject:0.00013977464341370836
each:0.013329892132778092
foot:0.02523151770510344
i:0.0029984090143255746
6:0.015384029489838715
away:0.014497296263474716
stan:0.05785981454434264
detector:0.027692269690683207
medicine:0.023201331678879545
similar:0.01656941511972095
program:0.01453734781352919
persons:0.025406637778755483
than:0.007490059069211839
the:0.003157080670111217
do:0.0037608268005575743
canada:0.019479620905793964
devices:0.02222344734828617
would:0.009765964880674095
road:0.018903939193562883
thought:0.014055426205192213
10:0.015132836428775732
just:0.0061486312223344814
arrays:0.033228234769919124
long:0.012462362539835523
here:0.009426182751954953
current:0.016556260333669203
interested:0.01506322625871686
9:0.018643108144633647
dance:0.03137671623461243
build:0.01953734587967725
designed:0.02057380836064274
header:0.027529491747908173
4000:0.03045941733919311
position:0.018025355796922576
article:0.004242580525217807
very:0.009126924040751033
remote:0.023589331533087517
wide:0.022522706059490086
give:0.012372964771497418
roof:0.030098198116748336
s:0.006496714982785532
