some:0.010241551536257491
at:0.007727763267144132
out:0.01033488683403912
watts:0.049591628600829885
technology:0.029540944612429322
50:0.030273537623933602
anyway:0.026741349312671348
with:0.00513006470868024
ca:0.018039899965722115
response:0.030803496075678435
led:0.036977888498512246
from:0.0074260724072822415
work:0.017763793543774595
feet:0.03852685920136256
pulse:0.052204211442196544
corp:0.040597935481684624
to:0.004835786526634494
track:0.03991048752453106
us:0.01806909110688593
puts:0.04331425986037371
make:0.015439302485523715
that:0.006086046060253978
think:0.012629368662531186
like:0.010216132136040992
really:0.01711750651921865
re:0.0032801798489313205
30:0.03002724100327974
something:0.01746194137862739
these:0.014531894500867917
on:0.008894891670864736
you:0.004875429731655455
products:0.035527077141551656
cycle:0.04434744438367533
amp:0.04768755399348052
3:0.020539174952961575
a:0.007350021714981026
vision:0.041823917432343906
want:0.016601736558878786
as:0.007018545265061565
also:0.013013132734031284
are:0.016918720568453303
model:0.03209606589108377
application:0.03237164655979762
probably:0.020940558903764984
systems:0.02631944842353167
amazing:0.042995245437822176
referring:0.041660966681704124
stage:0.04378131700527557
mitchell:0.047269764090066
ir:0.10303172787664755
be:0.0050742215538374675
writes:0.00580054728962774
detection:0.05202699471134111
of:0.0034112383432585726
park:0.039396862009166374
duty:0.044130842518847496
distance:0.041395933536120824
sounds:0.03125179441720033
in:0.0031171877525349207
5:0.045594261173994434
or:0.0059150127868691695
and:0.0033491001271121917
for:0.002853937393965561
subject:0.0002341838323861254
p:0.02952743894413465
foot:0.042273858611182075
i:0.005023650190668287
6:0.02577499677683504
away:0.0242893297045936
program:0.024356433617404166
the:0.003967121105205542
devices:0.03723402143440928
would:0.008181137246529614
road:0.03167238935061851
10:0.025354138227159335
arrays:0.05567186702679432
long:0.020879923202706884
here:0.015792990400205226
interested:0.025237510661534384
guys:0.034076102714835535
9:0.03123538294407918
lot:0.0217416963882929
dance:0.052569761410622584
build:0.03273362335981012
designed:0.03447015260423476
header:0.04612397301623211
wide:0.03773541102949655
s:0.016327270548842587
