another:0.01606887920571434
simply:0.02216408217306804
stored:0.035569757024567696
at:0.006383804438075587
out:0.01707503042145594
lead:0.05600311069014364
all:0.0069135350046832696
supports:0.03131622814970135
carter:0.036224009536684365
floor:0.035622077662056724
into:0.012976839876683958
post:0.018714331916167976
my:0.006885610589350009
ground:0.02809386712606769
to:0.001997390087088161
dod:0.025343942331104617
otherwise:0.02574916544646403
then:0.011564350360694226
h:0.05120553803325386
t:0.01866864532609016
that:0.005027603267166331
13:0.02853433735120625
months:0.02460720681144797
re:0.0027097137882476125
sucks:0.0840586831113983
310:0.0405406171048672
had:0.0111189020701604
this:0.015216882271635333
two:0.013512966903284865
on:0.003673976994487608
them:0.01062216790965392
why:0.025793080871797196
a:0.0030358785344486846
wondering:0.026079228274328237
was:0.006416385029720186
as:0.005797928697224771
fine:0.023472149115366377
explanation:0.033420230330916276
those:0.01344866416150406
proper:0.02975745003653508
thread:0.030166143431188158
yeah:0.028653785827450377
place:0.03941199445386124
it:0.0024844596357968983
not:0.004368913105622934
ames:0.037265362584989976
hope:0.02093088070753656
acid:0.07591203212366582
batteries:0.07650365523265502
be:0.004191748240126604
myers:0.08955853270132445
charged:0.03817673495664964
writes:0.004791756456649003
battery:0.13661454166950607
kill:0.026772696424662217
of:0.004226969251429101
totally:0.029851560149048207
least:0.0174468288601919
oh:0.023403740464793286
one:0.007125441360692916
in:0.0025750681433984127
become:0.02400161431010977
and:0.006916619827731701
subject:0.00038691241872490284
i:0.00276664793109268
we:0.009766260186333116
discharge:0.04165765101665893
concrete:0.19609723201730866
20:0.022788640205837825
actually:0.017712421210877426
the:0.006554373999904809
do:0.005205202310916642
thing:0.01640530750090548
when:0.009475901759737218
views:0.029348455029977457
extra:0.02814982398182066
needs:0.024270627265719904
reaction:0.03419664074723025
just:0.008510062054100622
here:0.01304638337408258
expressed:0.029780863229154256
is:0.007787612373642432
periodically:0.0425565832533979
does:0.017659258178804715
life:0.020220140241222536
six:0.030705060407427792
chemical:0.03599929767623102
dead:0.02486436329573287
reflect:0.03428342474032239
article:0.005871977393598558
mine:0.023661152498550626
