know:0.04569907872808525
access:0.2483242124458167
via:0.1266011621709498
to:0.005104441333669743
hall:0.16964482272652398
that:0.012848319460536177
technical:0.14210174973775186
need:0.07115562931471245
anyone:0.061959805542273746
on:0.018778104638492218
nyx.cs.du.edu:0.17412729059327306
internet:0.10579755344868912
einstein:0.20828121101277502
of:0.014403006338202863
subject:0.0009887761811858628
i:0.014140644981140364
the:0.00558335562954854
devices:0.1572103127230614
can:0.03202096268287827
effect:0.12838420202305206
reports:0.2929053662361594
does:0.045129215345834264
