cable:0.1542016951210446
know:0.022033484386755387
ks:0.1103489063641319
frequencies:0.21558706831252547
array:0.09751917442584197
service:0.06504627193711326
corp:0.08264579723057226
to:0.0049221398574672524
broadcast:0.09073082978077279
re:0.006677508978181616
you:0.009924981953727175
products:0.07232297846673015
interference:0.09990366357985131
amateur:0.08480982503061198
air:0.06882391045769945
business:0.0645814952363137
those:0.03314135096942072
18:0.06904909809326963
ken:0.14735973932552895
19:0.1463177575707457
inqmind.bison.mb.ca:0.11228129180413605
public:0.05292401067965345
usually:0.05888840611047523
comm:0.11228129180413605
writes:0.01180825698245647
of:0.003472153313673904
what:0.03287293224987969
thompson:0.2090755841413128
use:0.029692491566916928
and:0.006817810973049818
for:0.005809801123429892
subject:0.0004767313730717553
victor:0.22666403003766258
outside:0.0643709960264558
do:0.012827105694758869
rock:0.08702298398116129
road:0.06447593546375911
development:0.06941541130457503
17:0.14043941994573234
n:0.06537527671079288
is:0.019190901920761706
division:0.07076013243072023
disk:0.06251748185356931
