to:0.011484993000756923
this:0.08749707306190316
a:0.011637534382053292
test:0.5959833089966118
if:0.05584586831361744
david:0.20803710327870784
subject:0.0022247464076681914
see:0.14744881345093133
just:0.09786571362215715
is:0.02238938557422199
