tv:0.057842153530559735
perform:0.03553980608152884
some:0.017824990460051208
frequency:0.03815964363406444
at:0.00672492375919413
cable:0.06591828188380532
there:0.007005946454787385
scheme:0.03504448072117865
all:0.01456592107856933
tune:0.044976005220913017
oscillator:0.04799810947352381
my:0.021760631938861862
pulse:0.04542961911763669
to:0.00841648342040202
changes:0.031129078623940373
manufacturer:0.03828081423831093
unique:0.03872073113019365
channels:0.041979350997460675
think:0.010990442958233246
control:0.023279650915580333
kinds:0.03480837155559576
through:0.01808750606125822
re:0.0028545076547951947
off:0.016667614106537026
on:0.007740592751744884
set:0.020224538810121536
you:0.00848548075433163
them:0.011189764668185045
a:0.0031981010515566297
want:0.01444731273062734
khz:0.09250245448248506
40:0.029194711358967926
equipment:0.030801205439241138
variable:0.040538174880670054
no:0.008593478902156563
it:0.002617217020915816
have:0.0039026764362416247
probably:0.018223081794116094
try:0.01859839444536941
buy:0.022952985688885236
between:0.01773180035149928
32:0.03269021962981302
always:0.020282107618310743
36:0.039984200126205655
channel:0.03699151243325891
has:0.008128049418981305
uses:0.05213733022651049
ir:0.04483059915243443
which:0.009861773530668074
writes:0.005047804511584445
things:0.01705897655068893
if:0.005115652059262666
of:0.0014842792791277758
shop:0.037095372372616
seems:0.017988451063977694
order:0.021406998939942686
up:0.010255422674445683
box:0.048374641384833696
one:0.022518570407075323
shack:0.04351118836740077
in:0.001356333602248019
5:0.019838724327615898
or:0.010294831415314279
and:0.004371726120123548
vcr:0.04625122724124253
subject:0.00020379356406120838
each:0.038870372478788016
p:0.025695633890315647
i:0.0014572420400411827
the:0.0023015359083635206
do:0.016450028677248017
thing:0.01728192698568669
carrier:0.04574773130390057
when:0.009982247655295694
38:0.038983984382645324
can:0.006599740400287888
home:0.022361550014208767
radio:0.027384353898989817
simple:0.0251846454729484
an:0.006854184263830051
just:0.008964798194396075
btw:0.028639622293460572
including:0.024274562645268928
different:0.03858346409177477
is:0.006152808249404517
repair:0.039051241097776274
else:0.019286658208687454
receiver:0.04159275761716484
their:0.011554836783066518
run:0.02043385059837706
hook:0.03925664150174516
change:0.022687092426797614
remote:0.06878721103541549
function:0.031396951294255404
tone:0.04159275761716484
s:0.004736154815694796
