at:0.006247978811733553
say:0.013457765774947117
your:0.02680706855704814
with:0.008295423784248898
from:0.006004058542057982
copying:0.040425288483187945
iastate.edu:0.034086154610690804
goals:0.03274718956601299
my:0.006739108236385115
hence:0.03263371196781128
to:0.0029323386384911294
experiences:0.03351139425605871
most:0.026334687432156566
ten:0.028553115195445594
software:0.01997011268426423
make:0.024965680614889414
that:0.0024603164924430977
protection:0.029999803518673495
nt:0.010128773783296999
me:0.015370052204319782
re:0.0026520603033912803
had:0.010882329685688901
this:0.003723279704761837
illegal:0.02914722784129991
merely:0.028943610069084087
goal:0.029745575633757636
two:0.013225456969172421
on:0.003595807271200638
you:0.007883673608634352
products:0.02872401981657368
etc:0.01647038288977472
them:0.01039616433710809
e.g:0.028789185958803514
backup:0.03539766055745685
more:0.00901715621149451
a:0.0019808569160941775
how:0.009328815583185279
hard:0.019178960301953967
low:0.024083649219715033
price:0.0221996042683969
copy:0.09692516156208063
also:0.01052125625304657
stuff:0.020733450728181717
income:0.039883636151382455
far:0.01765516363206668
mind:0.021486920588724374
are:0.004559655188661174
it:0.0024315987924820705
not:0.004275957507630957
should:0.011651149944918294
deleted:0.024917585085094587
have:0.007251781746775218
copies:0.03202286690589682
disks:0.030565325629741225
usually:0.023388303136075272
be:0.004102562107357952
which:0.009162356968209346
writes:0.004689804191613917
get:0.00932180124319945
of:0.0055160449805883305
concluded:0.03891057855199604
what:0.006527958177281072
ok:0.02314786659936831
well:0.01193523340534287
they:0.006616451237643572
clear:0.023388303136075272
in:0.002520279459496319
system:0.03170528126585142
and:0.004061674622242445
subject:0.0001893401198015482
vendors:0.03891057855199604
foot:0.034178864409040825
i:0.0027077830814949636
possible:0.01827639448911051
20:0.022303775520607232
program:0.019692435690667198
normal:0.02675434520935137
than:0.010146108384535186
the:0.0016037298084873467
upgrade:0.03136571207977835
when:0.009274286828678978
can:0.00613167370523201
protected:0.06668704746125352
increase:0.02982089172473253
people:0.010675696028887358
many:0.013143269699135414
including:0.022552962457661203
revenue:0.04089051743698804
is:0.0038109592466760837
number:0.035493118416989475
touch:0.03385954751986384
new:0.012226947268677638
does:0.008641764640691668
2:0.027637014923339132
accomplish:0.03947825732982254
created:0.026936844599184547
1:0.027780480736520688
guess:0.021249342290323783
too:0.013847644452939692
legitimate:0.09734557964803628
afford:0.03351139425605871
changing:0.030371764336918478
article:0.005747041704373057
bad:0.019436886856357333
by:0.021073095208875875
sales:0.06864048363936984
