some:0.011014498822012775
out:0.011114878293211885
know:0.011640331374134923
all:0.009000639911757464
tried:0.02922513257581765
with:0.005517239403674975
sell:0.032830870745099695
to:0.006500939434390712
256k:0.11307458114737688
bunch:0.038266066237304955
think:0.013582528561590142
really:0.01840939380368798
asking:0.03382483787394711
re:0.003527740592246892
had:0.014475551751718255
ti:0.03574208543633644
you:0.015730160077605335
them:0.04148658032638418
8:0.027853691343149682
onto:0.04107700638079572
sure:0.020585320944898147
a:0.001317456722496599
other:0.013012339507848214
wondering:0.03395220284771035
want:0.017854697808605487
was:0.00835340692548477
old:0.049960624195138185
mac:0.032370586177463544
jason:0.043017893148896647
are:0.006065201713219108
no:0.01062024279417462
it:0.0032344851862261504
have:0.019292475967835957
neat:0.04941443600502775
mistake:0.0421492641022346
buy:0.028366425709848736
tom:0.03580875682523354
uses:0.0322169351871362
simms:0.1419279244873226
writes:0.012476648887123817
if:0.012644347542705835
of:0.007337380587386364
totally:0.038863351892157096
gotten:0.040657650130127475
key:0.030243795955062033
what:0.008683416066005955
but:0.006276256813683116
they:0.008801128533091921
good:0.015283111805278294
rings:0.05392420771203718
in:0.003352447205556424
or:0.006361428846255522
use:0.015686599318371207
and:0.001800931200428254
for:0.009207986686190774
subject:0.00025185808388696507
i:0.009004656002141271
any:0.009653653455554785
the:0.0014221754905453829
do:0.013553168281254654
interest:0.03446023581762156
when:0.012336551347582414
can:0.008156282947525597
put:0.023466597165535653
an:0.008470737156242799
apple:0.035786480634802595
10:0.027267658093360042
makes:0.02634884794577334
people:0.028401380001379574
about:0.009292605474734638
f:0.03505878507930988
bucks:0.05072822909307971
somebody:0.03580875682523354
article:0.007644649814307556
give:0.022294681805245346
lots:0.03442165105109774
