another:0.011199521870649388
mode:0.019340329527667836
some:0.00589665088451189
since:0.010105159714160008
believe:0.01097309030469869
go:0.009825415413101652
out:0.005950389389295253
there:0.004635247401904786
defeated:0.06410699839449044
entirely:0.020990530536268755
help:0.010808549091120188
small:0.015094676263969755
true:0.013046872687665894
shield:0.03037605558601989
own:0.011446922401757553
with:0.0059073472402984585
way:0.008749357674477492
user:0.01909920951309604
encryption:0.019529037844561108
hell:0.017239297598393412
such:0.009712208098322217
companies:0.02008400174539261
from:0.012826852339851145
prevent:0.02031827006145794
except:0.016284653631332392
my:0.004799061925910613
execute:0.02938256925144386
to:0.000696060181864056
most:0.009376744767510293
compressed:0.13697625744253622
t:0.013011480075759809
speak:0.01810824653857775
that:0.005256130688401164
protection:0.06409048933534792
could:0.0076217634107376645
affect:0.02475483828238247
bytes:0.02592712222832676
me:0.005472670103053257
re:0.0018885883978695484
michael:0.03035045658256252
file:0.015345888295244492
this:0.005302852912842617
off:0.011027562868466418
he:0.008030975795556745
best:0.012298869090714315
two:0.009418128447743998
game:0.04503044102894678
chen:0.02832825200971603
you:0.005614131206148706
possibly:0.01958057405756233
etc:0.011728909027566847
a:0.001410610228127672
how:0.006643247460753153
other:0.013932403917494049
load:0.02270703470607861
was:0.008944051859609956
as:0.004040980607156659
copy:0.06902246353663319
therefore:0.01733800767957003
also:0.007492409755957407
lets:0.023402092170099052
turning:0.02395572714493351
are:0.0032470271798041694
no:0.005685584526174293
play:0.01617130420596183
not:0.009135000129938863
examples:0.022160501450319857
have:0.0025820738037760247
being:0.009827292575379537
kind:0.013916801499813435
university:0.011870404553528554
whose:0.018902936618691763
disks:0.04353243347266175
without:0.011349547903042904
asked:0.017031822720901167
which:0.0065247087500884746
writes:0.0033397090455432443
were:0.007834865138748986
making:0.015528319145820221
if:0.0033845980796131784
of:0.004910115797114613
even:0.008480603271545584
losing:0.024864239781277317
key:0.016191123087053415
seen:0.013093257023345217
what:0.004648697489881976
but:0.0033600162739919714
using:0.011133437265883438
find:0.02137824987548879
one:0.014898650117812462
in:0.003589488927161424
our:0.022522984070509025
external:0.021686991503160676
or:0.0034056134227428555
and:0.005784809310466513
for:0.00328635215062701
subject:0.00013483311561625404
victoria:0.03060055943738774
i:0.003856539540311009
zealand:0.02751844064569997
eyes:0.021826462043731246
the:0.004568200060539715
thing:0.011434002197600792
gods:0.02447418246846928
when:0.006604416377998666
original:0.015586707137744847
would:0.014131055244005698
protected:0.04748926107089266
did:0.016605162054979448
friend:0.017541411210569728
pure:0.02549146392386006
myself:0.016832535666655976
here:0.009092933866784829
many:0.00935960114938431
changed:0.019087450473906187
is:0.0013569324590437571
having:0.01321662319404223
new:0.008707068509512864
right:0.009797341382779292
patch:0.026713250055154004
window:0.017611074453662334
their:0.007644866760513708
desires:0.030487060165407646
trouble:0.019266777183284522
byte:0.027274995687023823
various:0.018002924133107015
change:0.015010147009648929
article:0.0040925903046292985
very:0.008804255009007311
spring:0.024048969886548335
hopes:0.028950639082564254
comes:0.015273617864876323
process:0.018265473400169534
mine:0.016491106286868618
schemes:0.05823800968298297
alex:0.02832825200971603
