tip:0.1851079511070154
lead:0.04110866635765863
help:0.02276694383023188
with:0.01866470351456002
4:0.026428398980624244
into:0.01905110535087645
such:0.020457629824125516
from:0.018012175626173948
wire:0.1627074981114186
to:0.0029323386384911294
that:0.014761898954658587
suppose:0.041001478570544356
me:0.011527539153239837
michael:0.031964842570996695
phone:0.12499349473232207
reply:0.03820421829101217
on:0.005393710906800957
you:0.005912755206475764
regular:0.043053645231443206
facing:0.062082629971154914
am:0.01738655698618474
a:0.002971285374141266
series:0.03816330171029432
are:0.013678965565983522
those:0.01974378355625064
square:0.053961869979312425
ones:0.0721836166037629
plug:0.05045993590103015
ring:0.15904110632423493
be:0.006153843161036929
which:0.054974141809256076
down:0.025152825286735722
of:0.004137033735441248
lines:0.037587043875473576
please:0.02037675911601335
in:0.0018902095946222392
installed:0.04261031867399035
or:0.007173526145777503
and:0.004061674622242445
i:0.006092511933363668
away:0.029457272194932663
the:0.007216784138193061
thing:0.024084387607712303
see:0.018823252780969957
holding:0.04900700467756472
ends:0.050330985257069034
bought:0.03896897605179213
just:0.012493495356020063
wires:0.05967014785025291
is:0.011432877740028251
plastic:0.10828745130669508
supposed:0.038815904376769794
little:0.07485123516697226
mike:0.03399374498891174
