at:0.008722425865885456
there:0.009086920649278688
hand:0.03125979658864033
much:0.017298978906533972
such:0.019039774291760382
both:0.02223469388423998
to:0.005458214495409231
line:0.027958452958475134
important:0.03111256725716062
most:0.018382133306604334
really:0.03864149986516685
ow:0.06378121802830572
me:0.0429144031843384
this:0.005197845924469495
module:0.05582581963495115
on:0.005019889358804851
tell:0.023861634194281712
a:0.0055307094092926536
other:0.027313029462018034
commercial:0.04125095643814605
as:0.007921922378386322
cohen:0.05976671200743281
computer:0.026541612922428865
are:0.00636545922377451
it:0.003394608215247247
have:0.010123774517775304
rated:0.1131874458906127
follow:0.03739596348928005
kind:0.054564885088377424
able:0.026113517090204645
types:0.04056333873248395
has:0.010542321523629218
be:0.005727339179578924
which:0.01279101319324275
of:0.0077006172501282635
seen:0.025667969214082702
what:0.018226576296962994
seems:0.023331555340406714
please:0.018964508484210444
one:0.009735751562134876
shack:0.05643530372405446
in:0.003518409938504762
and:0.0018900862103504448
for:0.012885103481666297
subject:0.0002643263058615673
i:0.0018900862103504448
group:0.02670411816640243
power:0.02675104237792616
voltage:0.10238161520909161
any:0.010131557091968389
noise:0.0453505961744173
the:0.0037314505445002625
hello:0.03830980980843338
level:0.03485678378805692
can:0.00856005933106647
radio:0.03551832040364026
claim:0.03232909945346521
about:0.009752635448731402
imply:0.04745786529971778
current:0.03130936360129523
is:0.007980375056158333
right:0.01920666924544851
somebody:0.03758146755915599
2:0.038582367368225914
advice:0.03851343631914107
too:0.019331860077866303
volume:0.04383168317145161
e-mail:0.02722471065992343
useful:0.037963239773053846
while:0.02148853966216359
s:0.006142933473821964
