since:0.014711923701497657
stored:0.07218568337338738
out:0.008663066905003382
computing:0.03207692264102237
lead:0.056826685847351635
terminals:0.042148724546674426
help:0.01573597588266027
percentage:0.03312913472661555
chris:0.08463413035851398
carter:0.036756715559282664
fax:0.022490024557966098
hand:0.04642999199195108
with:0.008600402599846284
floor:0.03614593174532226
wrote:0.018938051284506333
my:0.006986869568605157
ground:0.0285070122308628
to:0.0030401452060827153
then:0.011734414336586788
us:0.015146149898419089
mail:0.022531731653204823
that:0.005101538609330541
could:0.02219278169597143
happens:0.027471158196902785
covered:0.033951130358881115
re:0.0027495625204277245
so:0.007513313216065589
voice:0.02666539927526594
uk:0.03177676091660872
off:0.016054834176149637
unix:0.029136525118531858
on:0.0037280060679359553
you:0.004086757275064131
m:0.010064814059677001
why:0.01308619544230887
sure:0.016044441324700027
a:0.003080523807014107
air:0.02833925724728801
same:0.014280098165651562
solution:0.028601890207597416
science:0.024864942839465554
fidonet:0.040435992504906974
internet:0.02100392605231328
it:0.012604979034557793
not:0.004433161827764448
ames:0.037813382623004536
plug:0.03487672040218261
university:0.017281912511754805
acid:0.07702838553724914
batteries:0.03881435449303821
free:0.021231674956799527
be:0.008506783193198107
which:0.00949920832733469
battery:0.06931178952349941
dept:0.030171378605454404
if:0.009855153231814842
of:0.0014297101879833724
short:0.02546307254133285
totally:0.030290553680651856
safe:0.03053485991321303
become:0.04870915845286982
or:0.004958172483110921
clean:0.031925310235119894
and:0.004211000895119006
gets:0.024539090752888265
for:0.004784542101648147
subject:0.0001963011536177816
car:0.044980049115932196
i:0.0014036669650396686
44:0.0668350446466617
discharge:0.04227026353160979
leads:0.03338084922398498
concrete:0.07959240593643704
the:0.00609653169844087
thing:0.01664656202297762
when:0.00961525325620394
ibm:0.028974022567056373
start:0.02071736829325377
would:0.013715435972123177
linux:0.03920765364708958
gateway:0.035483974747839035
may:0.013684011231175226
thought:0.019739605920527297
problem:0.015555627147394002
just:0.008635210025484456
is:0.005926602063764645
does:0.008959476576011215
dead:0.025230015697140704
under:0.01784796637577676
hood:0.043610863213918286
very:0.0128179594984077
de:0.029713103140764488
earth:0.025886287960248153
somewhere:0.02852589013898961
by:0.007282613785420338
high:0.020568557541481774
