screw:0.04423817093860568
such:0.017017851358122112
mentioned:0.031107642644175558
wrote:0.022792698891087267
unusual:0.04437864305503302
wire:0.045116533399626395
often:0.027498410515740764
ground:0.17154662227421863
to:0.0036589358232499932
remember:0.02462499147363922
require:0.03433204476904944
pin:0.04312643453933657
day:0.022507106511175858
connected:0.08043863780483179
engineer:0.07891336884481318
rat:0.10606996107630044
re:0.0066184159783747
two:0.016502561350914262
wiring:0.05164395767512002
on:0.004486803763179557
you:0.009837150255021626
used:0.01747312839236164
a:0.0024716887183122037
richard:0.033062632874148484
other:0.012206265379043457
low:0.060102558229731325
was:0.007835939239835272
as:0.014161312570212714
question:0.019318460914576147
isolated:0.05231216610439564
thread:0.03684006896906164
race:0.038679909104863346
not:0.005335486801557212
frame:0.04276517795066174
christopher:0.042824372536067024
color:0.03269585935047244
earlier:0.034919880839684
usually:0.029183634886607197
writes:0.0058518795665271
applications:0.03451593829552506
if:0.011861069376343528
of:0.001720713146599457
electrical:0.0419217250320394
even:0.014859818121823236
separate:0.03736902244959188
they:0.008255925880599502
box:0.028040168236341655
one:0.008701866440492234
in:0.006289546969716477
or:0.005967358032770666
yellow:0.05016560294358757
and:0.006757476362668847
still:0.01806822196663316
subject:0.00023625625568157783
i:0.0016893690906672118
socket:0.048782009400307094
any:0.00905563952467971
noise:0.04053460366031989
mtu.edu:0.17285564315962376
the:0.00667038061937215
outlet:0.1654561722976144
an:0.007946001226210059
thought:0.023757401815855863
about:0.008716957347981164
is:0.002377633866289061
win:0.02999535755423311
night:0.029626857049416144
goes:0.028522364566289173
dave:0.06205795878539101
article:0.007171087436430097
metal:0.08875728611006604
thus:0.029481018344038098
by:0.017529831412693205
grounds:0.0900798267507021
s:0.00549058655624795
