ask:0.053973381191784575
mark:0.05562266600541093
oscillator:0.1164398581672522
both:0.041587112635337736
several:0.052193543927174006
except:0.05971039664821876
to:0.005104441333669743
building:0.07037902905256761
100:0.06256503886724206
like:0.021567390064975427
re:0.006924824125521676
a:0.010344475006269593
other:0.025542740515405754
as:0.014816928892907748
volts:0.11306353304143822
stuff:0.05413734356803004
electronic:0.07988280212980758
works:0.055094925806495186
requires:0.07433619972057084
it:0.02539669849925718
robert:0.05917429683255006
has:0.019718045812713907
battery:0.08728151273329554
uv:0.35429802776229474
or:0.012487249216723801
and:0.010605483735855273
for:0.006024978942816185
subject:0.0004943880905929314
cause:0.05839816913596419
power:0.05003435704019522
will:0.020987136016727487
the:0.001395838907387135
units:0.08999062557060548
an:0.03325548661339765
just:0.021747936360479368
about:0.018241040376330953
is:0.004975419016493776
their:0.02803117812188359
very:0.03228226836636013
little:0.04343219818330489
soft:0.0989498283739031
cup.portal.com:0.09979172419013935
