mark:0.06985172009981838
resistance:0.11365751964929703
saw:0.07900885077059197
with:0.013600636669524355
way:0.040287739989454494
to:0.006410228651585259
make:0.0409321042639466
re:0.008696290762283036
file:0.0706624623827537
you:0.01292555789322609
a:0.009743052040788803
odd:0.11301148327471387
course:0.05688725116046556
cheap:0.08642398182341507
it:0.007973382086976092
not:0.014021162990138718
only:0.031012470657425267
robert:0.07431190765017914
making:0.07150249281098613
of:0.004521874082924155
up:0.031243264426799644
one:0.022867695529665638
in:0.004132086090569546
required:0.08704142908141788
resistor:0.2850943412007779
use:0.038669291342961584
and:0.004439504819660347
subject:0.0006208594626050766
values:0.0993243341940295
the:0.0017529139767187279
composition:0.14198676242413172
can:0.020106185870644496
increase:0.0977847844927276
is:0.006248200625364277
filters:0.14198676242413172
decrease:0.13657694160392816
carbon:0.14198676242413172
by:0.02303338313528293
cup.portal.com:0.12531983968064012
