believe:0.018729930002847762
andrew:0.06492169239951721
with:0.00504161531715127
user:0.06520074971712096
though:0.021427105186298964
work:0.017457521241295723
single:0.028029540263037715
to:0.004752410896864934
software:0.048548032560021666
t:0.02220925047414174
speak:0.030908903574468915
that:0.011962228463257821
think:0.012411620926970304
protection:0.07293055682987866
could:0.026019123367690643
need:0.033124172267193726
re:0.0032236250239497458
scott:0.06589788022709493
creative:0.049001873441046215
best:0.020992897241046846
on:0.008741531469642929
you:0.004791370598351051
used:0.017021237140835047
onto:0.03753588514107195
a:0.007223297202653767
how:0.011339336183009693
as:0.0068975358639398136
copy:0.08836065375163817
files:0.028528547970583528
no:0.009704704622263015
internet:0.02462529261305695
it:0.005911300512758138
not:0.010395000147861464
made:0.020048099585500013
copies:0.03892434684251252
university:0.020261552599988394
expect:0.02979500933757231
disks:0.07430536058264677
be:0.009973469950646057
writes:0.005700537853599676
of:0.005028635833596689
even:0.0434265374422248
never:0.018999476128119485
now:0.014240641361019346
one:0.008476818170479504
external:0.03701745101401563
and:0.004937035532208489
still:0.01760094036404782
for:0.005609463153656448
subject:0.000230146180103606
victoria:0.05223198938450665
i:0.006582714042944653
cd-rom:0.1332349789730661
zealand:0.04697113144697064
impossible:0.035484936680464096
program:0.023936495106759267
the:0.0032489353878838493
would:0.03216033262428883
protected:0.04052962798291701
maybe:0.022826836916744173
myself:0.02873139708618865
about:0.008491518795878204
is:0.0023161433352643437
write:0.028053223491271668
new:0.014862065214513335
else:0.021780622632224626
disk:0.03018085330861967
average:0.03344414705950506
very:0.015027952515374546
fit:0.03504696620084807
schemes:0.04970312895358029
alex:0.048353395671756665
