tv:0.0161908592147507
since:0.01710103951627078
effective:0.01725626253677156
watts:0.04832004838029579
tower:0.02350126060114252
produces:0.02251448471802415
chris:0.032792711477942736
with:0.00499852458794485
height:0.022930613624114644
much:0.007466653288717656
though:0.010621983767567008
into:0.015306016264806722
from:0.007235660294275006
to:0.0023558960001552665
remember:0.011891555711629198
antenna:0.04832004838029579
might:0.009090107418283958
calls:0.017129443014779606
been:0.006270258065048886
that:0.0074124919964631795
indeed:0.01576171926711374
higher:0.015862709030076465
like:0.00497709001499433
nt:0.0030516177424035834
need:0.016420529841856723
account:0.03482717441647231
re:0.0015980363366588485
scott:0.016333662620391053
so:0.004366711954636411
phone:0.012552765496622091
this:0.002243514693894953
he:0.013590882115557567
on:0.004333408762728974
you:0.011876046782237647
amp:0.02323239809938795
why:0.007605652051940199
a:0.006564762984748011
was:0.0037840219406042124
running:0.025875730020911984
odd:0.020767067439370502
also:0.00633973133196396
button:0.020322666954224997
brake:0.023337922084816887
electronic:0.01843449279918637
taking:0.014559615530562417
d:0.007785659069987332
it:0.0102563590093154
not:0.005153076996375769
have:0.002184831680118175
only:0.00569887281311661
kind:0.011775755115226752
rand:0.026408285283723878
real:0.021859776529899552
second:0.011750836652360114
has:0.004550318264472441
feel:0.01301827642840247
talk:0.014784588750585588
his:0.007882175391048107
knew:0.016590149841443417
list:0.012442857251801623
be:0.002472056654433638
which:0.011041814807842033
613:0.026994614862841333
writes:0.00847772296176362
down:0.020208252794471436
if:0.005727781365499225
of:0.00332377069343143
key:0.027400362147321163
but:0.005686181386755643
up:0.00574128363398455
now:0.007059463238795916
good:0.006923119022903843
in:0.003796574826805352
yes:0.02279355444875119
or:0.0028816728961670317
douglas:0.01927513508228916
1500:0.04794011878567328
and:0.0008158064412196365
still:0.00872525248816046
for:0.0013903797560345043
subject:0.00011408955936759957
legally:0.021396660237476734
station:0.017675171528940842
however:0.01024401241109792
300:0.01777572921018099
car:0.0261422507682341
i:0.003263225764878546
top:0.014451419769945793
info:0.012587160082873495
power:0.046185560344795595
possible:0.022025398486876773
signal:0.019254539841109895
actually:0.020891573735906707
impossible:0.01759082331168306
the:0.0035432833802904198
see:0.007561477612868275
when:0.011176704639690052
less:0.011747288703402897
canada:0.015900032448746354
around:0.010116215526297588
would:0.0039856822483093
can:0.007389452926818064
home:0.012518645520774994
radio:0.01533055709729772
push:0.02051143284445208
friend:0.01484273256278977
an:0.0038371715323151146
amplifier:0.025178874717690623
just:0.010037509089452017
makes:0.011935802915606728
about:0.012628412568229122
hit:0.030595744785721447
is:0.011481736191908714
either:0.010698985927834866
3.0:0.01975531870702012
engine:0.017440380426242977
electronics:0.01927513508228916
does:0.005207217155288569
their:0.006468733412742368
run:0.011439463369176901
1:0.008369760221900465
slow:0.017549265406161717
geometry:0.024160024190147896
too:0.008344093452412379
transmitted:0.023129417109733843
ham:0.07481752842677643
article:0.010388883080982065
very:0.007449754238390801
takes:0.015281623307605432
three:0.012472170967831082
lewis:0.042526204718508126
hp:0.018485673102804807
mine:0.013954013011965754
seem:0.011793643396990334
while:0.00927496797383984
unlikely:0.020375754646526523
s:0.005302874195350585
