cable:0.0514005650403482
help:0.025477294286211868
thanks:0.023730793391859083
with:0.006962230676066039
from:0.020156482248337514
post:0.030744973862275957
via:0.0406932306978053
to:0.0016407132858224176
mail:0.03647994648614114
next:0.031885476473204465
channels:0.065467797388897
sources:0.045823083038267425
slip:0.06925891323554623
higher:0.044188975155213
me:0.012899865242911245
this:0.006249790932993083
link:0.1153782887799266
a:0.0033250098234437974
other:0.03284066637695025
as:0.009525168574012123
gary:0.050531886232412594
inspection:0.30221870671688345
416:0.07186235610417516
cables:0.06271892171449583
ontario:0.05653988335374131
d:0.021688621694964706
couple:0.037571330888744266
have:0.006086316823186343
term:0.046400949927553066
ring:0.05932485712094477
channel:0.0576891443899633
links:0.06843756952736824
device:0.04778755696322411
be:0.006886443537350849
applications:0.04643215508802776
of:0.006944306627347808
years:0.026544945511671348
please:0.022802563772681604
over:0.023880247053801876
system:0.026609789633839583
speed:0.07996345635442335
or:0.016055034707216316
for:0.011619602246859784
subject:0.0003178209153811702
i:0.004545207315366545
info:0.0350642316594333
signal:0.0536376467002347
the:0.0008973250118917297
upgrade:0.05264958813391365
would:0.011102971977433047
long:0.028337038632245057
here:0.021433344114564237
including:0.037856758411074165
head:0.04110547304113908
is:0.0031984836534602844
acquired:0.06969186138043759
16:0.08302363671012242
transfer:0.10820911990411894
remote:0.0536376467002347
microwave:0.07060806425110579
data:0.13973074396218152
high:0.06660294822956003
happy:0.04521541772005977
share:0.048583916901676856
