out:0.015709027987739467
there:0.012237053141028633
know:0.016451668342110693
all:0.012720904408617216
till:0.06665217754749923
thanks:0.026578488598882174
where:0.024632757309783492
to:0.003675197760242216
young:0.10010814738864499
that:0.013876185017379073
really:0.026018609909212346
could:0.020121455404347434
its:0.027570994080455605
need:0.025616026553296485
wait:0.04895199740146824
module:0.15035754088346845
he:0.06360532830080941
begins:0.07124387642921025
fun:0.05488336873245114
a:0.0037240110022570536
was:0.023612296909370285
as:0.01066818880289358
town:0.059387048969393764
are:0.008572151754683007
it:0.013714217189598879
not:0.0080388001143462
his:0.02459238722007009
sun:0.0967597947759691
be:0.007712816761832952
get:0.017524986337214967
of:0.0025925411408765156
wayne:0.1246031041995435
looking:0.034585137938755256
but:0.008870442963338804
finals:0.07440560700639624
over:0.026745876700258107
one:0.026221624207349935
and:0.002545316096605266
still:0.05444557552612126
for:0.004337984838827654
enjoy:0.12327318873180555
subject:0.00035595942522691063
i:0.002545316096605266
any:0.013643830217184098
the:0.0020100080266374745
when:0.03487131847583296
can:0.01152754656583618
home:0.03905817402481798
is:0.007164603383751038
does:0.016246517524500338
build:0.049755107506911395
wishes:0.06957503452315683
dreams:0.0724850820700904
close:0.04633217621560721
while:0.0289379000783803
everything:0.04119549978564338
