above:0.03446400038137399
believe:0.013751087850192028
out:0.01491363416557544
say:0.01200977831814901
form:0.021603676737227188
know:0.0078093362383436825
keeps:0.030216431647473427
take:0.013454108419846225
where:0.011692764545783302
with:0.00370143909360473
user:0.023934452427803895
companies:0.02516855914928947
from:0.005358052243228959
located:0.03093210977797324
to:0.003489111797698306
implement:0.03221208994566246
city:0.023289782268901212
cuts:0.034180057886270356
that:0.004391197790309833
quite:0.0168113884943633
id:0.029682334227995277
me:0.006858156205092055
re:0.0023667120428998135
zip:0.03849303979004728
this:0.0033226736605786013
carefully:0.0294312883014609
something:0.012599122260528626
two:0.023604929527257106
on:0.003208916615438544
registers:0.038950765496247444
benefits:0.03260602860944234
you:0.010553145368520036
them:0.00927758969324203
state:0.016820970803421622
more:0.008046955859624847
stable:0.03178999263870883
a:0.0026515901123665728
how:0.008325082260943825
hard:0.017115401282123476
as:0.00506401367225961
listen:0.02703130614141309
copy:0.04324825246915623
therefore:0.021727376712372567
hands:0.02535044275541198
plus:0.02263227755683336
are:0.004069059377222946
internet:0.01807932875388991
encrypted:0.030459889121067073
it:0.00433994214860724
ones:0.021472341647954786
should:0.010397545204009364
domain:0.028248120563168187
only:0.008440102773856244
copies:0.02857736856792058
able:0.016692817886776387
allowed:0.024252109038714373
disks:0.027276651353123498
after:0.012210213213069311
provides:0.02796297712050399
public:0.01875787720291515
usually:0.020871840140421604
be:0.007322294394145206
writes:0.004185205006440268
down:0.01496433909464024
if:0.00424145835293297
of:0.0036919098525140252
what:0.0233023317214337
registering:0.03864196698884598
they:0.005904554585492048
find:0.01339523251692019
who:0.008183878950847141
in:0.0011245550752815852
compare:0.027276651353123498
or:0.0042677940360954765
yellow:0.03587793121914807
registration:0.09389735321335674
message:0.020552657522529882
and:0.007249317996660567
for:0.002059170018430848
subject:0.00016896808159505252
until:0.018108643831421797
i:0.002416439332220189
license:0.029609584991123535
special:0.022124754385221664
valid:0.02717736909889755
will:0.021518455915885148
the:0.003816470936653433
do:0.004546315942446181
agreement:0.03125206091191521
because:0.01116912847401591
protected:0.029755929405179574
once:0.016981210094461432
road:0.022852230290952597
may:0.011778642578733107
makes:0.017677075204126418
address:0.02020773008818741
company:0.02130460784576804
different:0.015995043658299037
is:0.0051013789915948845
patch:0.06695219634076573
violated:0.03456375802434906
2:0.012331706025920309
their:0.02874082820091862
1993:0.019175036727912258
1:0.02479144166993302
byte:0.06836011577254071
16:0.022069574315349
change:0.018810184227281566
article:0.005128689115927855
very:0.011033180327743338
thus:0.021084525777698135
registered:0.032723237772526115
upon:0.021949845460081874
john:0.016971382275834467
s:0.003926811904152014
