ian:0.030996562575318878
out:0.013312735582830054
resistance:0.027611713813106058
there:0.010370384017820875
k:0.021404864724585665
search:0.048216398862991144
small:0.016885570058000062
i.e:0.019517169474437306
with:0.009912328420161818
active:0.025241932174219592
such:0.021729007948788685
array:0.030853524112130798
work:0.011441087367176857
wrote:0.014551271043462492
often:0.01755548241965371
store:0.025215836434918495
to:0.003893217966358279
q:0.02398123414419581
recall:0.022095227203802387
then:0.01803254632515032
basic:0.021579959376045198
enough:0.013740952129589808
knock:0.030783340383325388
make:0.009943957533049174
that:0.005879739414143674
hour:0.02630347229762869
like:0.006579881714738267
decade:0.03185541120412467
hot:0.023636260942154867
could:0.008526040425570945
12:0.020075620517582125
finding:0.025189860676451663
cant:0.03177171015449111
re:0.002112658207786274
tells:0.025011299436817024
fixed:0.02562052375773914
this:0.002966002476674684
best:0.055032227795738624
amount:0.021008005715405807
something:0.01124667410826849
starting:0.022155491428684844
you:0.009420321854385115
took:0.019070065968455816
etc:0.01312047450541376
m:0.007733416452633176
seconds:0.026147822852610435
sure:0.012327932317283635
a:0.006311883054672972
how:0.007431429362876408
y:0.024086839415450905
intelligence:0.02553723403041031
want:0.010692643885379556
below:0.020971039056711254
was:0.005002605277408958
paradise:0.034361018569646726
standard:0.017197991754023936
odd:0.05490953424647115
given:0.0157502121987643
also:0.0083813397270032
solution:0.021976593605837563
are:0.003632267692662291
z:0.028198136376279184
it:0.005811108978643593
choose:0.022450867171679427
reported:0.023329760435094143
pd:0.030783340383325388
christopher:0.054679707305938685
per:0.019982062799847555
common:0.03803534508058023
writes:0.003735945711963629
making:0.017370662095324313
if:0.0037861605636350807
of:0.003295603145182011
gives:0.02054533602144692
seems:0.013313486380684057
using:0.01245435355166622
up:0.022770514751735332
one:0.005555428857489392
in:0.003011520371093059
required:0.0422913158248697
5:0.014682897666201598
world:0.014244354173630942
resistor:0.10389031077655467
and:0.008628190157983951
subject:0.00015083026492665705
space:0.017274083375780246
values:0.14477784306248367
combination:0.02802428519737097
i:0.003235571309243982
will:0.0064028550559507595
yet:0.01485914543890488
program:0.04706158359973009
the:0.0025550949491154338
do:0.004058293327155348
when:0.0073879912025069825
around:0.013373979848325624
once:0.015158368332909074
an:0.015218612517995538
problem:0.011952346282743415
just:0.0066349636354004855
is:0.004553773337129897
write:0.01838516341800855
linear:0.03202662786794009
filters:0.0689879184659623
told:0.017515365913723897
1:0.011065106734037902
x:0.017204293726249167
taste:0.02910594644232706
very:0.009848827637194617
three:0.016488632804929224
by:0.0055956806486845544
strange:0.024838209213868492
