some:0.004844551349101054
since:0.008302164412463408
stored:0.040735489372533955
out:0.004888701655935518
lead:0.06413634253311055
terminals:0.0237851723582893
stephen:0.03378970356341093
help:0.00888005278025642
percentage:0.01869527934779965
chris:0.031840226082317846
carter:0.02074237890482341
hand:0.013100578653330596
with:0.009706678452938544
floor:0.04079540844285334
from:0.0035127479436936745
myth:0.023521631255707037
wrote:0.010687033090011872
prevent:0.01669301855671648
my:0.007885595529712044
ground:0.016086944661399753
to:0.005146801842662854
remember:0.011546157827888929
then:0.006621910165044827
garage:0.022818651372063688
clock:0.017801414180910437
us:0.008547204921929443
that:0.004318314839433321
guy:0.014051164925099044
think:0.011948116411025354
really:0.008097077772576455
could:0.012523727430091763
happens:0.015502396326882899
anything:0.009631706017922837
covered:0.01915914410293706
re:0.003103240686955772
so:0.004239877997447801
had:0.006366840189552428
this:0.006535051100059157
off:0.009059989410607263
something:0.008260005465408808
on:0.0021037710590841906
you:0.002306219873065236
used:0.008192794640401933
dry:0.02145340899609596
m:0.005679729095917312
why:0.007384740996489653
sure:0.009054124564975948
a:0.004635698343058573
air:0.015992277948677053
same:0.008058478632898807
was:0.0036741125896323054
red:0.014990120144989839
idea:0.01150363607992015
steve:0.013307692310516126
drive:0.011717028003344352
solution:0.016140485760303937
didnt:0.02765579490528252
no:0.0046711441335373855
manual:0.016305383389555034
works:0.012344921135065311
effectiveness:0.024528111077994633
it:0.009958456465476365
not:0.007505103841194583
ames:0.021338672351571022
being:0.008073875227905179
plug:0.01968146877467566
ve:0.007573168875632507
acid:0.04346830055214059
connection:0.017866249524906626
batteries:0.0438070722908979
ancient:0.019027406765532166
be:0.00720076253698097
which:0.010721098195166123
charged:0.02186053702911888
found:0.011097595457497915
writes:0.0027438273486205906
battery:0.05867056042653061
if:0.011122828543791026
of:0.0008068074089864674
short:0.014369202761913974
totally:0.017093424483687353
safe:0.017231290241481213
but:0.008281533886934566
never:0.00914497606166747
well:0.006982854398976534
they:0.0038710357863391853
who:0.005365364623376964
in:0.00221178052150818
become:0.02748732593190994
or:0.008393918560619319
clean:0.018015942705295874
use:0.0068995001151342245
and:0.002376332455336866
gets:0.02769557130616435
for:0.001349995281792838
subject:0.00011077575473866513
guide:0.019508036705470428
car:0.06345733070297488
i:0.005544775729119355
back:0.0087400693778736
discharge:0.02385375867343955
power:0.011211017760043743
similar:0.013131777128077598
leads:0.01883732570316165
concrete:0.06737282494204629
the:0.00562969053103857
do:0.005961144555240636
thing:0.00939391051919069
when:0.016278105097639866
invented:0.023155271889957335
start:0.011691128995363122
would:0.01160974663200468
because:0.007322499165537402
may:0.015444195248463327
an:0.003725718417268617
thought:0.011139362677144035
problem:0.008778279220106159
just:0.004872981591144755
company:0.013967336264030497
contribute:0.022217693082111592
is:0.008918593423756479
days:0.012357894707677064
does:0.0050559701839731335
advice:0.016140485760303937
dead:0.014237685206685212
under:0.010071881440272362
hood:0.024610279655987083
supposed:0.01513981332537909
article:0.0033623770967493817
very:0.007233371335201026
owns:0.02345828074894028
earth:0.014608029720306013
somewhere:0.01609759775478252
by:0.008219381533752415
high:0.01160715280349179
father:0.017965442557493987
s:0.0025744244018921923
