know:0.05364674459383921
thanks:0.08666898456157231
from:0.07361497864610222
2.1:0.22817306749506275
to:0.011984340522528964
martin:0.20193927701109596
anyone:0.07273542389745179
contact:0.15130749126002468
on:0.02204386196692565
td:0.29163505159095143
a:0.006071757068897369
standard:0.1323497626287929
copy:0.14854834543753662
of:0.008453938502858202
who:0.05621969018408036
subject:0.0011607372561747086
the:0.0032771869999524044
newsgroup:0.1671375582858413
obtain:0.1991482701572238
does:0.05297777453641414
mv:0.2786570955667777
