school:0.01490378883522994
cleaning:0.022181490179007047
at:0.0036105123461247176
lead:0.015836945236147176
stephen:0.033374256388450964
all:0.01173034218007735
with:0.007190500534297713
remove:0.018107173709178814
from:0.006939116839591603
myth:0.04646486174283111
work:0.008299477311435672
sell:0.014262591389264622
several:0.01155103021339097
my:0.0038943207431569728
to:0.005648357213487011
then:0.013080986473572158
areas:0.033739775860113404
us:0.008442116336823754
that:0.0028434805363481705
guy:0.01387840470061012
think:0.005900606670198997
nt:0.0029265514414854037
happens:0.01531179309335565
me:0.004440937214772725
anything:0.009513283402948377
sas:0.027315764640053638
so:0.008375496699876394
this:0.004303134740749336
these:0.006789491693028454
on:0.004155810042944999
you:0.002277864710691483
used:0.016184127117515292
dry:0.04237927514802563
etc:0.009517721260074736
inc:0.015004161868050826
more:0.005210733712380024
a:0.005151039808449818
same:0.007959398977576282
was:0.010886817222558019
as:0.006558312788664086
services:0.01637976076829225
oil:0.018368066544309867
drive:0.011572966183631102
solution:0.03188407432978073
nc:0.021466927116938286
computer:0.010986487316251292
didnt:0.027315764640053638
pressure:0.01803558480327557
likely:0.013550855757908722
effectiveness:0.024226535941789785
it:0.00983601642696641
not:0.004941885316196434
have:0.0041905787962922365
being:0.007974606270185034
plug:0.03887896700571176
try:0.01997040715035568
bag:0.021720514837094383
acid:0.021466927116938286
after:0.007906613474036686
batteries:0.02163423037316884
be:0.004741485714241569
found:0.010961149611709006
writes:0.0027100917664654198
certainly:0.012605562611703447
down:0.009690022856365402
if:0.0027465181137844644
of:0.0023906629372836717
offered:0.018967887888983802
kept:0.01636793287940235
gotten:0.017662749646694724
institute:0.015952696106284043
but:0.00545314116598697
shop:0.019915958118084824
never:0.009032537831401068
well:0.006896999631776004
nearly:0.017582544334423834
who:0.005299397025548559
miles:0.016451454036519778
rodney:0.0492988443117372
one:0.012089888210356014
in:0.001456390999135168
wash:0.024068887249872585
clean:0.017794435213017646
use:0.006814670195685853
and:0.006258974008045736
gets:0.013677525993413132
for:0.0026667939582956887
subject:0.00010941375775417335
car:0.06267711762056126
i:0.003911858755028585
we:0.016570621791565203
back:0.01726521901694703
leads:0.018605719239598188
concrete:0.022181490179007047
water:0.01680367710947357
impossible:0.016869887930056702
unfortunately:0.015089725741089988
than:0.005863120009096153
the:0.006796133696622609
do:0.005887851794315547
thing:0.009278411619364577
when:0.010718642974128983
invented:0.022870575924097206
start:0.04618954242430349
around:0.01940323305863636
would:0.026756342306273086
can:0.0035433032476955466
did:0.006737340341979366
put:0.010194505326011391
may:0.007627153800982914
an:0.003679910403941544
problem:0.008670349557563871
wires:0.02298767990952366
company:0.02759121343960123
is:0.004404469293289573
engine:0.033451221473285705
days:0.012205953379303986
time:0.006473401515998826
carry:0.015952696106284043
first:0.007694896841766562
plastic:0.020858648407437168
under:0.019896093664800323
hood:0.024307694250380686
very:0.0071444364417354396
owns:0.023169859264322162
earth:0.014428422797515364
919:0.02298767990952366
before:0.008713910931240347
usual:0.017582544334423834
by:0.004059161782037566
high:0.022928883816733782
