prism.gatech.edu:0.04334960174407594
school:0.016681304934844522
some:0.010711347478287654
go:0.008924001155018933
ask:0.013369553139249393
at:0.008082247820682854
round:0.02018661785320752
ideas:0.01649997081210766
know:0.011319955281268824
help:0.009816939082760536
send:0.013455720737964326
take:0.009751142799705062
fax:0.014030474036162338
your:0.005779505606336067
with:0.005365388777885755
much:0.008014664539265741
such:0.008821179832421096
from:0.00776671793055207
several:0.012928676018657782
corp:0.021230113050055264
to:0.0063220144958295
receive:0.019644122805071128
look:0.010876918918696838
enough:0.011156644618978882
make:0.01614752737018077
that:0.004773916863777204
higher:0.01702694455521969
like:0.005342381025269144
through:0.010869097679012967
nt:0.006551179373600354
me:0.009941180554170136
need:0.00881285317200567
circuits:0.02600327125057521
re:0.0017153234072393145
joel:0.05010159420043258
national:0.029854806651261594
phone:0.013474069386282428
this:0.004816352645609349
two:0.008554079966299595
these:0.015198495166045345
you:0.01529721989198317
books:0.016746504188285143
none:0.016617019414776578
input:0.03914817705848364
3:0.010740669470814769
bill:0.014199604934365676
m:0.012557933138679561
a:0.004484187560057232
how:0.00603377521664736
other:0.00632710086161427
want:0.008681642053725604
looked:0.01708717066275085
as:0.00734049688272494
part:0.011234963818409528
volts:0.056013126460896005
drive:0.012953228205532059
avenue:0.024409687272807307
output:0.018749349490523492
are:0.002949134777987273
amps:0.05669301611368245
it:0.0031454626581648806
not:0.002765642241174151
clever:0.027299450020231222
have:0.0046903725976848885
made:0.010667796109715603
rated:0.02622002760310065
only:0.0061171387076572785
ve:0.008372172931318506
differential:0.02579629677681159
technologies:0.02265057625725965
has:0.009768573154922487
device:0.01841355405922397
without:0.010308304976158235
be:0.0026534920052177584
writes:0.0030333137202640478
get:0.012058476837533232
battery:0.043240382455027156
dept:0.018822511423586236
things:0.02050207273523165
if:0.015370422471637828
of:0.0035677171663438287
catalog:0.02505079710021629
but:0.00305175790023124
parts:0.03347426615978313
supply:0.03704555443673894
seems:0.010809573804500358
well:0.007719577569510756
up:0.012325324498645731
35:0.02071203776941033
one:0.00451060049438359
shack:0.05229326308375689
in:0.0016300890082063348
intend:0.02334637711658105
or:0.006186343648652159
p.s:0.02080198488587077
and:0.003502728573309999
for:0.0059697039066435595
subject:0.00012246310500925824
car:0.014030474036162338
i:0.006129775003292498
power:0.024787663120830663
voltage:0.04743368411063419
any:0.004693978285728474
suggestions:0.018151359500325127
than:0.0065623912028415655
the:0.0003457582614628684
do:0.006590072650518319
thing:0.010385011170297966
see:0.008116448446840258
difficulty:0.02431103495527995
devices:0.019471002034507606
can:0.011897697143638258
radio:0.03291147119970336
may:0.01707362869210854
simple:0.015133892463102023
an:0.004118798800741912
willis:0.028975870999563634
about:0.004518422845513173
trade:0.019353591267585755
is:0.0012324432426177245
stuck:0.021814238840773617
number:0.0344348373632719
3.0:0.02120525035524178
right:0.017797005447617427
dc:0.020537267832565053
their:0.013887005675061596
first:0.008612636832068997
guess:0.013743840655668136
too:0.008956503981029802
various:0.016351279717225636
e-mail:0.025226566758277676
article:0.0037171233042045918
useful:0.017588473472836874
north:0.01841355405922397
charging:0.02779316866331547
