know:0.04569907872808525
from:0.06270905588371671
2.1:0.19436965008838678
design:0.41812968971393805
martin:0.17202234708352618
anyone:0.061959805542273746
on:0.018778104638492218
td:0.24842985876266233
magazine:0.15639627914088453
electronic:0.4792968127788455
telephone:0.16581942175922892
of:0.007201503169101431
department:0.12844724380344208
mag:0.20367759187656848
for:0.01204995788563237
subject:0.0009887761811858628
the:0.00558335562954854
newsgroup:0.14237643853979073
number:0.09267647586658363
does:0.045129215345834264
mv:0.23737456289021802
