since:0.016400177241013784
there:0.007522778570304488
obsolete:0.04985164169530713
circuit:0.07587155155593521
know:0.010113730538182802
technology:0.02760383349030281
thanks:0.01633923479439478
where:0.015143088510112802
continue:0.032034477105749554
with:0.004793667022865143
companies:0.06519069418996289
longer:0.027821401707985045
several:0.02310206042678194
my:0.015577282972627891
to:0.0011296714426974025
interrupt:0.04813777449974517
crucial:0.04685218047111428
appreciate:0.031468961765692575
been:0.012026560550995404
that:0.011373922145392682
could:0.01236974717480375
me:0.026645623288636344
circuits:0.13939458522849332
so:0.008375496699876394
anyone:0.013712415980667142
this:0.004303134740749336
contact:0.028525182778529244
hi:0.025828005409954138
you:0.004555729421382966
timer:0.04768646485070396
am:0.01339619964509316
united:0.032143622810468994
sweden:0.0436173100448524
question:0.017893328552025446
fine:0.026550463753447218
advance:0.025930337841611882
electronic:0.03535796159843942
computer:0.021972974632502584
success:0.036736133088619734
are:0.01053953084592173
no:0.009227424067069754
should:0.013465673296995734
have:0.008381157592584473
made:0.019062127474737716
royal:0.05004451462489889
hint:0.044866004508639444
states:0.028302128979144945
selling:0.034178501109422464
without:0.0184197580721516
be:0.004741485714241569
get:0.010773557174517397
if:0.016479108682706786
of:0.003187550583044896
even:0.013763602030869064
institute:0.031905392212568086
looking:0.06378406587065517
but:0.00545314116598697
they:0.00764688216809626
thompson:0.09596912058945506
called:0.043971385177979244
in:0.008738345994811008
thomas:0.03019676241007459
thor:0.10307790723002655
and:0.001564743502011434
for:0.005333587916591377
subject:0.0002188275155083467
i:0.009388461012068602
any:0.01677520108670176
pretty:0.023590328335406776
unfortunately:0.030179451482179976
the:0.0012356606721132017
would:0.015289338460727477
can:0.007086606495391093
an:0.007359820807883088
hold:0.02844082469626246
is:0.011011173233223929
today:0.02327152676883896
production:0.03934160070165399
told:0.025411637432205984
serial:0.03392883547430191
give:0.019370789109475466
by:0.016236647128150265
integrated:0.04518333657569428
