since:0.008035428206440487
out:0.004731634936066103
resistance:0.01962760379485852
there:0.003685859379827901
circuit:0.018587006606072477
hours:0.015727607937954306
all:0.0038315977134389203
your:0.005059968763780171
with:0.009394817297824053
much:0.014033709795662099
from:0.006799777144017474
drawing:0.019049132428501342
both:0.009018891896820232
to:0.0038744554701348657
sound:0.05544069540768563
everyone:0.012279167700855836
most:0.007456206682598545
manufacturer:0.02013970548280615
positive:0.01777911646713499
day:0.010214068416718361
engineer:0.017906045541092146
that:0.0069659563340256385
quite:0.010667467398029724
nt:0.005735570696565771
hot:0.033603358929810534
its:0.008304516289293856
assertion:0.020371147703033606
consider:0.01293318907056704
re:0.001501769087462532
resist:0.02289142841819076
this:0.004216726412621839
on:0.014253260147289275
focus:0.020075957092620247
you:0.006696373366370143
products:0.03253081762358947
suggest:0.01474457753056272
amp:0.10916428022603976
vs:0.013721333112704185
temp:0.023819587940132073
more:0.005106100505304119
sure:0.008763228996623306
a:0.004486760243683196
how:0.010565164636378507
other:0.011078779018730205
low:0.013637729076224176
test:0.014361043590279801
running:0.012158475551994785
listen:0.01715239506161955
operation:0.01729223347591364
usa:0.014637034883649496
equipment:0.016204650251167022
experiment:0.020405327179611552
whole:0.012015724799306385
minutes:0.016004687743122786
output:0.01641509312824948
cheap:0.014924623367095774
are:0.0025819734200852426
results:0.014711179714331165
no:0.004521067213584376
amps:0.0248174247244634
it:0.0027538588734134293
not:0.00484265067129289
deleted:0.014109957819270427
have:0.0061596459415379865
being:0.00781447361415722
probably:0.009587243835458668
between:0.009328778498178335
assembly:0.020689769157798753
facts:0.016265408811794734
stage:0.02004445838795749
quality:0.01543840899829056
points:0.01471950316654792
has:0.00855240541274338
device:0.016121103553858738
get:0.005278610342534627
if:0.0026913671476442138
of:0.003123543543224717
designs:0.02188213352549636
distortion:0.024519802346336
but:0.005343640339360725
equal:0.017906045541092146
fairly:0.015759865655614
bearing:0.04553183239056542
requirements:0.01954364120522272
factors:0.019982192578576103
now:0.006634194368988932
good:0.026024254640313237
one:0.0039490397902635435
in:0.0028542923999114933
gon:0.019198816744956087
or:0.013540390716929423
fortunately:0.02289142841819076
better:0.008980786631732542
and:0.0038333073744055207
few:0.009179226911270226
still:0.008199634868391755
for:0.003919865818217759
incredibly:0.02115819045790221
subject:0.00021443338869090998
create:0.015272472655596862
costs:0.016531135160376846
combination:0.01992087742945647
i:0.001533322949762208
seperate:0.022704601046163078
20:0.01262984878877759
any:0.004109587414814487
will:0.0045514270879649975
yet:0.01056252507102877
than:0.005745386675580165
the:0.0030271205220443894
do:0.008654432757909598
when:0.005251704589733878
correlation:0.023900723310885164
level:0.014138695432103408
drivers:0.03158476914442173
listening:0.019830624996315674
effect:0.027842357065240204
because:0.007087238148170738
na:0.01750322678325453
an:0.010818049862189599
amplifier:0.023662075035902026
just:0.004716419933597935
many:0.014885148815888299
about:0.007911776548770053
current:0.025399564046030665
f:0.014924623367095774
idle:0.02173607872962939
cooling:0.023662075035902026
is:0.005395032668487227
switched:0.02188213352549636
grant:0.01817261208303942
either:0.010054468703266498
save:0.014548233865145758
vary:0.02043980004584204
conclusions:0.020337256664295193
temperature:0.08320741057685085
does:0.004893529374849498
beleive:0.022526079911340452
run:0.021500678139657788
runs:0.030134863618018752
wanted:0.012229558190948201
bias:0.04300774323525215
words:0.01328457482533082
very:0.0070009738625841245
function:0.016518074777299028
mine:0.013113409818473839
high:0.011234232231492053
wish:0.015004327368589471
s:0.00498342394261862
