bbs:0.09411727097106189
know:0.028694770364146555
with:0.013600636669524355
312:0.14143954155412722
several:0.0655453807457534
anyone:0.03890499417770677
none:0.08424442400979754
them:0.03408974817516839
classic:0.11897006008857423
following:0.06365847146604096
video:0.08129560913639587
have:0.011889549142968671
systems:0.06977714233215374
always:0.06178967669764436
kelly:0.2705929633388783
has:0.024762197067129094
be:0.01345258737529003
which:0.03004400773296553
of:0.00904374816584831
looking:0.060322915009456836
for:0.030265010503448743
subject:0.0006208594626050766
i:0.004439504819660347
appreciated:0.07871539812037774
info:0.068497568823079
games:0.07743884399090059
any:0.023797378285786215
the:0.007011655906874911
would:0.02168952665359014
come:0.055841713359753686
bought:0.08518799415973163
sean:0.2383535595919041
does:0.02833694917064012
atari:0.1443142847161546
