say:0.021563011071222084
there:0.010429306654285767
lead:0.043911529972953535
anyway:0.03464220251868789
split:0.05418098394644552
way:0.019686054767574356
floor:0.05586189451549805
from:0.009620139254888358
wrote:0.029267897439691604
possibility:0.048192972518651504
often:0.03531045895771257
ground:0.044056291629515236
to:0.001566135409194126
then:0.018135003974725037
death:0.03812973163677753
might:0.024171421998618704
that:0.003942098016300873
cold:0.05020625437545034
could:0.017148967674159743
re:0.004249323895206484
michael:0.03414426365538283
so:0.011611484061192274
beaten:0.0663155365600973
this:0.005965709526947943
aisun3.ai.uga.edu:0.06407281571738713
a:0.0031738730132872617
was:0.020124116684122402
no:0.012792565183892157
ft:0.06424370068743872
it:0.003896084428863318
not:0.013702500194908294
collins:0.06513893793576957
being:0.02211140829460396
probably:0.027127542216241005
only:0.015153820889423712
fail:0.05187483799193768
real:0.02906356652270736
acid:0.059521934278783425
batteries:0.11997164116029993
topic:0.04962087330215366
be:0.006573423376562174
charged:0.05986806163656421
battery:0.05355911008634045
if:0.007615345679129651
of:0.0022095521087015756
but:0.01512007323296387
year:0.028122280866018774
or:0.007662630201171424
and:0.0021693034914249424
for:0.0036971461694553865
subject:0.0003033745101365716
cause:0.03583524015161439
i:0.0021693034914249424
concrete:0.18450966830719495
ago:0.032513246879143684
the:0.006852300090809573
do:0.008162703623937463
would:0.010598291433004274
mcovingt:0.0629435830604189
an:0.010203387938201554
problem:0.04808102936467237
long:0.027048991421688463
is:0.006106196065696907
time:0.01794897693072402
charlie:0.12469071763253277
remote:0.10239914370044807
brett:0.11904386855756685
covington:0.062345358816266384
s:0.007050412282454754
