another:0.00972590057187973
above:0.023882947632706535
read:0.0099429958855172
believe:0.00952926263302781
out:0.01033488683403912
form:0.014970968967025856
know:0.005411733007273253
keeps:0.020939457018863163
send:0.01286555754770273
take:0.009323461097963611
where:0.008102880694007726
your:0.005526018518338871
cut:0.01605708550791404
with:0.00256503235434012
way:0.007598126401519926
user:0.033172311259587854
much:0.007663144164736541
companies:0.017441369936788315
from:0.0074260724072822415
my:0.004167606409343426
located:0.02143540940754286
via:0.01499224288866511
to:0.002417893263317247
implement:0.022322413207959073
city:0.016139410519677155
then:0.006999475218314926
cuts:0.023686180465047002
mail:0.013439980284367789
make:0.007719651242761858
that:0.004564534545190484
quite:0.011649997289953515
id:0.020569336877294973
me:0.00475258193159888
re:0.0016400899244656602
zip:0.02667500125801522
something:0.008730970689313696
two:0.01635780204081852
on:0.004447445835432368
registers:0.026992197142136385
benefits:0.022595405790753902
you:0.026814863524105
them:0.006429206892685267
state:0.011656637662020245
card:0.026850073215037205
m:0.006003573298754701
includes:0.01652523847119451
why:0.007805800790149151
more:0.005576399236055815
sure:0.009570368509470191
stable:0.02202990717945612
a:0.0018375054287452564
how:0.005769135952759317
hard:0.011860672818313637
as:0.0035092726325307824
copy:0.029970280219853877
therefore:0.015056690879626604
hands:0.017567412084890755
whole:0.013122436293979342
plus:0.01568377128938452
are:0.0056395735228177675
encrypted:0.021108168776879814
it:0.004511255654473315
not:0.005288684285754078
should:0.007205316413304735
probably:0.020940558903764984
domain:0.01957545196921304
copies:0.019803615060225665
able:0.011567829939081882
allowed:0.01680628608823189
disks:0.018902240849971545
after:0.008461463542390137
register:0.022717812756179675
provides:0.019377852565963288
public:0.012998879816055235
usually:0.014463819044678127
be:0.0050742215538374675
which:0.0056661944408663055
notes:0.020518922932445255
writes:0.00580054728962774
down:0.010370024460320868
if:0.005878512454064994
of:0.0017056191716292863
mailing:0.019358573568274525
what:0.016148107070116335
but:0.008753726608558028
registering:0.02677820519402484
saying:0.013230505170896661
they:0.004091752739069051
find:0.018565322260292897
who:0.011342569072226739
in:0.0031171877525349207
compare:0.03780448169994309
point:0.009655859479210792
quoting:0.023634882045033
or:0.0029575063934345848
yellow:0.024862776897479802
registration:0.13013843690974003
message:0.014242631090174216
and:0.005860925222446335
for:0.0014269686969827805
subject:0.0001170919161930627
i:0.0016745500635560958
license:0.020518922932445255
special:0.015332066635372905
suggestion:0.020298967740842312
info:0.012918401137685952
any:0.004488102045126348
will:0.009941274955291967
the:0.004628307956073132
do:0.0031505171881863886
agreement:0.021657129930186855
can:0.003791956107182953
because:0.007740010082870675
protected:0.020620337043940232
once:0.011767680679495202
road:0.015836194675309254
put:0.010909909208538505
problem:0.009278795140550808
just:0.005150827032745113
makes:0.012249902992333219
people:0.006602075175759286
address:0.01400360242953338
about:0.004320246404920489
company:0.04429115841620197
different:0.011084284640400208
is:0.004713554857730945
patch:0.09279339492842968
violated:0.02395207792915417
2:0.00854565593024302
their:0.019916889718180446
unless:0.013500269411142504
1:0.017180034139690426
byte:0.047372360930094004
too:0.008563674859054808
nothing:0.011205508778512757
change:0.013035127666274068
article:0.007108183160671938
thus:0.014611206459983794
registered:0.022676629684469853
by:0.0043440152404261665
upon:0.015210857818828668
john:0.011760870173604585
s:0.005442423516280862
