125:0.0931838904780551
sell:0.05705036555705849
my:0.015577282972627891
corp:0.07587155155593521
to:0.002259342885394805
w:0.05072689926277629
h:0.05792101843105765
t:0.04223398450820397
been:0.02405312110199081
that:0.005686961072696341
so:0.01675099339975279
getting:0.0444623208561424
best:0.03992091934363007
m/s:0.09148230369638882
a:0.002289351025977697
uunet:0.061917906760939105
250:0.0749196859665129
far:0.04080947659215413
prices:0.0715157619537548
are:0.01053953084592173
those:0.030424846791599347
works:0.04877255727132361
it:0.011241161630818753
have:0.008381157592584473
ve:0.029920224574220236
tube:0.17482757036079288
of:0.003187550583044896
what:0.015089214803223464
dtmedin:0.34193747432581323
or:0.011054286191853857
205:0.18486582895508416
for:0.010667175833182755
subject:0.0004376550310166934
al:0.062459248864298884
transmitter:0.10048407107896272
offer:0.05762563309494817
i:0.006258974008045736
the:0.0012356606721132017
original:0.050592918250384915
got:0.0362648167480422
here:0.029514768944645838
expressed:0.0673731004200539
about:0.01614780623478478
is:0.004404469293289573
guaranteed:0.08430524650374782
sale:0.05204708449350213
dave:0.11495982529097025
opinions:0.04681328123803348
close:0.056965790429025255
mine:0.053528508931147314
200:0.06813319747838055
s:0.010171086571410137
intergraph:0.09627554899949034
