some:0.014594210939166928
out:0.014727213738505749
help:0.026751159000522464
send:0.03666683901095279
with:0.007310342209869342
much:0.021839960869499145
my:0.011877678266628767
to:0.006890995800454155
line:0.07059509372014972
tie:0.06624757025313786
phone:0.14686735631047845
this:0.006562280479642738
on:0.006337610315491124
m:0.0342203678029018
a:0.0034912603146159877
want:0.023657474596402273
quick:0.0507409402523912
as:0.010001427002712731
standard:0.07610111351155592
advance:0.03954376520845812
chip:0.040405054472540926
those:0.046397891357189004
it:0.0085713857434993
should:0.020535151777918495
area:0.04010583805824184
settings:0.0628864505893577
be:0.007230765714218392
which:0.01614865415646897
if:0.008376880247042617
of:0.004861014639143467
trying:0.03370410278835495
generator:0.07165283172934653
mizzou1.missouri.edu:0.07790228112346011
lines:0.04416477655368146
up:0.01679325462940481
over:0.025074259406491974
one:0.02458277269439056
in:0.006662988821043393
subject:0.00033371196115022873
i:0.011931169202837183
appreciated:0.04230952648970304
info:0.07363488648480994
any:0.012791090828610092
connect:0.05745095412950684
the:0.0009421912624863163
do:0.008978973986331209
would:0.011658120576304701
can:0.010807074905471418
gather:0.07124957095161875
just:0.014679857043323575
wires:0.14022484744809435
about:0.012312702254023394
audio:0.06200373099918327
handy:0.13119951380966108
questions:0.0378022042155689
wanted:0.03806449986932628
function:0.05141250774434323
