go:0.0374121586883486
lead:0.07431181995422906
with:0.01124668032287591
floor:0.09453551379545824
to:0.0026503830001746746
that:0.0066712427968168625
cold:0.08496443048153135
quite:0.051080757348257726
nt:0.013732279840816125
re:0.007191163514964819
on:0.009750169716140192
combined:0.09754645727029554
a:0.002685584857396914
as:0.0153868107734042
surface:0.08778818737097145
reason:0.05138869084631784
only:0.025644927659024742
suspect:0.07465567428649537
acid:0.1007294272410181
batteries:0.10151446559717688
strongly:0.08974905134513854
ruins:0.11787554491955242
be:0.011124254944951372
which:0.024844083317644573
battery:0.2719154819768054
of:0.003739242030110359
tends:0.09997518275730118
subject:0.000513403017154198
i:0.003671128985488364
concrete:0.1040823769938023
alan:0.08462851330767768
the:0.010146675134468021
because:0.03393696728643296
quickly:0.08162843160620496
dirt:0.1070468131443265
is:0.010333562572717843
temperature:0.09960887131555705
does:0.023432477198798565
goes:0.061981292230589936
dead:0.1319723898004283
primarily:0.09133365772527445
plates:0.11367836095762898
