know:0.05141146356909591
thanks:0.08305777687150678
carter:0.20828805483593507
someone:0.09181075477762582
most:0.07735814433195991
re:0.015580854282423772
used:0.0822693128473694
a:0.005818767191026646
are:0.026787974233384394
writes:0.027552599625731762
what:0.0383517542915263
george:0.16592975746063196
in:0.007403320912270436
and:0.007954112801891455
for:0.013556202621336416
subject:0.0011123732038340957
group:0.11237983061694354
the:0.006281275083242108
frequently:0.1944562779144668
is:0.011194692787110995
does:0.050770367264063546
lot:0.10327305784439128
news:0.12786985484014243
