another:0.008594981900730925
above:0.010552930349335446
some:0.004525336725323078
since:0.007755122571332098
simply:0.023710413487468135
positions:0.01875641122703711
at:0.01365837228611521
bbs:0.015686211828510314
say:0.007354825481657145
there:0.0035572828898339046
know:0.004782461727357759
thanks:0.0077263048252564455
your:0.014650374676526308
with:0.006800318334762178
much:0.0067720808897671755
312:0.023573256925687867
into:0.013882200798313073
from:0.0032812878078688976
bits:0.03418122789896739
wire:0.03952068429579677
via:0.013248958831843585
to:0.007478600093516136
line:0.010944975770565846
pin:0.03777741940267467
software:0.01091389879256301
make:0.013644034754648865
that:0.004033774714354382
nt:0.0027677463245055754
bytes:0.01989755891941356
re:0.0014493817937138392
file:0.011777077063792283
this:0.004069631305204799
game:0.034558245440819625
certain:0.012776414696746159
on:0.007860601941694417
you:0.015079817542097104
etc:0.009001255765341998
8:0.011443764660363823
3:0.018150898795640462
a:0.0032476840135962676
how:0.020393224763242238
load:0.017426328960478934
want:0.007335651037644115
classic:0.019828343348095707
as:0.003101217675259761
following:0.010609745244340161
question:0.03384474547824968
also:0.00574998888247894
sig:0.018291226446192924
addressing:0.020886639946773353
chip:0.025057398122506
video:0.013549268189399312
are:0.004983809159699423
those:0.007193471528246357
it:0.0026577940289920308
choose:0.015402339106152164
ftp:0.014702972663911145
have:0.0059447745714843354
probably:0.009252805097012436
systems:0.011629523722025623
ve:0.007074161624137342
suitable:0.019932635801273708
pointer:0.022092890217556203
kind:0.010680336034740542
between:0.009003355992427929
always:0.010298279449607393
kelly:0.045098827223146384
switches:0.06239259986096309
determine:0.01690876542317458
yourself:0.013590211904552682
be:0.0022420978958816716
writes:0.002563032523323885
if:0.002597482247144997
of:0.0015072913609747182
trying:0.020901769171072837
available:0.010469239642690814
looking:0.010053819168242805
up:0.015621632213399822
david:0.009676144338544551
pick:0.015581606616426411
one:0.0038112825882776064
code:0.012560126009037583
in:0.0006886810150949243
chosen:0.019081858436794216
or:0.0026136103011747494
and:0.0029596698797735646
for:0.007566252625862186
subject:0.00010347657710084611
i:0.004439504819660347
example:0.0217934817345574
info:0.011416261470513169
judging:0.022092890217556203
games:0.05162589599393373
directly:0.014079458625954961
voltage:0.02003981227929894
concrete:0.02097784342510744
any:0.0039662297142977025
information:0.009452795676293662
allow:0.027180423809105365
will:0.004392656375594125
images:0.04948664818745097
2000:0.03353215120973895
the:0.006427351247968669
do:0.011136711921030955
when:0.005068505592417581
would:0.00722984221786338
anonymous:0.017615438123926342
may:0.007213277238138879
an:0.0034802253432625455
lower:0.015391405476920996
address:0.0742516593938049
many:0.007182949719294936
about:0.0076357843435804
is:0.005206833854470231
cartridge:0.06744243179868004
move:0.013708624478965183
sean:0.03972559326531735
addresses:0.01867914682819673
applied:0.017158914729909353
2:0.007551975008121739
atari:0.024052380786025764
build:0.0144636940427068
1:0.007591177875677165
4000:0.045098827223146384
although:0.012247052157964178
article:0.0031408251175062056
going:0.016882292124416144
answer:0.011768492411352157
understand:0.011613012647037416
by:0.007677794378427644
high:0.01084234040946326
s:0.002404791786263637
