library:0.12498831617018447
school:0.054276484713374706
at:0.013148731529170612
know:0.018416046651616443
with:0.008728766817754438
several:0.04206643838906562
technical:0.05726488422267612
re:0.005581201534002545
anyone:0.02496887686031927
this:0.01567111756332594
books:0.054488625567853145
none:0.05406731690181035
them:0.02187849509749613
a:0.004168669032377299
local:0.04561766346143212
college:0.061485302993561974
courses:0.08822798163875682
have:0.015261212332765757
kelly:0.08683207032516244
has:0.01589215632666494
be:0.008633750106529423
which:0.019281975112201758
writes:0.009869587925635259
of:0.014510491460129749
particular:0.05061270818035533
david:0.037260376706634235
good:0.024179251512828345
in:0.007955807547514498
or:0.010064350114971423
for:0.014567859533376446
subject:0.0003984620431644522
i:0.0028492344364984316
offering:0.08308110870902952
appreciated:0.050518837599645414
info:0.04396112625958802
any:0.015272944272967272
information:0.03640031767886216
source:0.04655623823432574
the:0.005625022462604872
would:0.02784028794341421
come:0.0358387115592449
bought:0.05467289177415612
is:0.004010039207323342
sean:0.07648659001829758
type:0.048365858363159646
electronics:0.06731912849635319
does:0.018186400213992912
article:0.012094520601740313
data:0.08759240666286007
