some:0.029936842952137284
believe:0.05570953539308565
technology:0.08635045348248571
help:0.05487417230876402
send:0.07521402874041597
thanks:0.051112478074773406
someone:0.05649892601700051
to:0.007067688000465799
enough:0.062362782741984514
could:0.038695106546821983
me:0.027784325138578068
greatly:0.10007510640514362
hi:0.08079529897472833
a:0.0035807798098625512
advance:0.08111541581222179
chip:0.08288216302059677
it:0.008791164865127486
made:0.05963024492097439
kind:0.0706545306913605
talk:0.08870753250351351
be:0.014832339926601828
of:0.004985656040147145
please:0.04911321427962192
david:0.06401141639344857
in:0.004555889792166422
subject:0.0006845373562055973
i:0.004894838647317819
appreciated:0.08678877228657032
info:0.07552296049724096
any:0.02623813503304634
would:0.023914093489855796
broken:0.11516005818064017
thru:0.13233254295889263
dave:0.08990447875319467
needed:0.08553391513169284
by:0.02539578140556836
data:0.07523963136425159
s:0.01590862258605175
