with:0.011467203466461712
ca:0.020162241138160012
work:0.019853651607748074
sell:0.03411835587235851
name:0.02708071084147305
my:0.027947478274420626
to:0.0027023512942957466
look:0.023246748277214808
amiga:0.09880547760368188
make:0.034511382026464775
expand:0.05283091280654436
problems:0.02689287486168405
like:0.011418030034398757
nt:0.007000770114925867
me:0.010623418435338674
so:0.010017750954754118
this:0.005146886650700186
two:0.018282249339738346
these:0.0324830582960577
used:0.03871497075170324
them:0.028742336696710606
support:0.026852512838563783
guarantee:0.04841005513806474
m:0.013419752079569334
a:0.0027382433840125392
same:0.019040130887535416
drive:0.05536870095698017
scsi:0.20735158314377267
are:0.006303052760796329
model:0.035872073642975975
have:0.015036782739636849
drives:0.03967688874270256
selling:0.04088016799362294
decided:0.03658463787272897
without:0.02203147534120093
of:0.0019062802506444965
host:0.09385989406221028
even:0.0164623475271179
never:0.02160724736139079
they:0.01829254165701458
box:0.03106410794810399
in:0.001741957861710691
and:0.0018715559533862248
for:0.006379389468864196
subject:0.0002617348714903755
each:0.024960876444711913
offer:0.034462388419527826
i:0.014972447627089798
paid:0.04054892291933487
will:0.022221673429476164
the:0.0007389735392049539
got:0.02168778256500563
essentially:0.04412515833878649
because:0.017301199008769745
regards:0.040483996049133955
instead:0.030075826584163152
an:0.0176058458541517
about:0.009657021375704624
is:0.0026340453616731756
new:0.016901956518466144
disk:0.03432332337058707
time:0.015485391861801114
2:0.01910205443230793
sale:0.06225239517850254
every:0.023844593401347022
adapter:0.1960358163161742
little:0.04598703337055812
todd:0.049897158935437926
