tip:0.13615138813818034
some:0.005481393779968799
reference:0.035038808103458725
at:0.00827197194792893
lead:0.018141852758778925
help:0.010047383662168062
your:0.011830349504049414
with:0.019219679049421744
4:0.01166323710882009
into:0.00840753006095017
such:0.00902824978153896
from:0.0079490352528655
wrote:0.012091901289637845
conductor:0.13528719385738544
wire:0.07180518695996878
ground:0.10920996234922087
to:0.005176334873580586
remember:0.013063962612775738
line:0.01325729459533328
look:0.011132245653877514
near:0.016923829941227816
respect:0.019189475065418408
approximately:0.04863531744984945
potential:0.04024668864621122
that:0.0065146408532296115
like:0.005467789030557151
suppose:0.01809454922831535
52:0.050598620716126995
me:0.005087270800021337
re:0.0017555892149209884
michael:0.01410655024259948
phone:0.05516144837952242
off:0.010250973934067374
reply:0.016860077555657955
on:0.002380323123189155
you:0.013046924634007554
regular:0.019000200242984325
facing:0.027397968156284327
am:0.0076729406417904485
sure:0.010244338122813163
a:0.0013112714796679767
dealing:0.022127707453511548
series:0.016842020473087634
as:0.0037564045080611193
standard:0.014291288922357918
are:0.015091816469512334
those:0.008713219034213897
taking:0.015995070582871387
square:0.02381415858241957
it:0.003219299809764995
ones:0.03185568056691884
plug:0.02226870410655791
ring:0.11697859150608829
be:0.00814734164982354
loop:0.02410126855027558
which:0.02426088887356841
floating:0.026835521208807236
down:0.011100307873019521
making:0.014434775544001894
if:0.006292492204351261
of:0.0018257331978003629
looking:0.012177865471392695
conditions:0.04258058878046787
lines:0.0663508380149205
please:0.008992560361057535
over:0.009417562218400741
one:0.009232966270193639
in:0.0016683540083989716
measurements:0.05569086757833697
installed:0.018804553781009824
or:0.009497344474691343
use:0.007806476656090836
and:0.0017924761243699055
subject:0.00012533782578412345
i:0.0026887141865548584
away:0.012999922940486717
48:0.04820253710055116
will:0.01064136474087591
the:0.006015869093809343
thing:0.010628790775234539
see:0.016613950811372544
when:0.012278633266138365
start:0.03968397306876778
would:0.004378636836170779
holding:0.02162750441169523
eric:0.01872313840525167
ends:0.022211796310631405
may:0.008737209049013291
bought:0.01719757628576742
sport:0.023543599367224093
just:0.005513561330825756
wires:0.026333304685088137
idle:0.0508195643537814
is:0.007568243011004617
assuming:0.018629904561826303
time:0.007415539764806168
plastic:0.04778882827619407
under:0.02279176926859755
supposed:0.01713002352777634
article:0.0038043797197962487
very:0.008184237050626514
little:0.033032939463358654
67:0.026199157396618395
mike:0.01500193440825213
while:0.0203788028720988
s:0.002912846388995391
