go:0.00913348475020717
stored:0.023045194691973435
at:0.004135985973964465
lead:0.03628370551755785
terminals:0.026911861682383673
carter:0.02346907660123212
your:0.005915174752024707
way:0.008133205725570625
floor:0.04615818513956646
motorola:0.02287928217345086
from:0.0079490352528655
work:0.009507382460048374
post:0.012124778424559533
to:0.003882251155185439
garage:0.025818286294212907
been:0.013776905044332764
that:0.008143301066537014
problems:0.012878278102778277
cold:0.04148498014121719
motorcycle:0.021805649630306137
like:0.005467789030557151
nt:0.01005744439045688
could:0.014170039017146079
me:0.005087270800021337
anything:0.010897845776147436
re:0.0017555892149209884
this:0.009858825133735568
off:0.010250973934067374
he:0.014930828239626623
two:0.01750975993101701
on:0.002380323123189155
you:0.007828154780404533
tell:0.011314671613250952
went:0.015316719555098985
inc:0.017187866177485453
them:0.04817377559026144
inside:0.017624673836029045
why:0.01671101014229114
a:0.005900721658505894
wondering:0.016896401417170408
was:0.008314189052595171
letting:0.022944945281313484
bring:0.01780923449431491
idea:0.01301585115145895
said:0.01028875506414757
act:0.017519404051729363
are:0.006036726587804935
caused:0.01869631069978952
proper:0.01927947467155794
month:0.01865635441026882
place:0.012767265808997303
it:0.008048249524412488
not:0.005661126841088872
should:0.007712733062129012
have:0.004800475240823032
ames:0.02414375604097942
only:0.0062607335130013455
completely:0.016887294070607843
charge:0.01932512983537012
suspect:0.018225798417360373
hope:0.013560852289389885
acid:0.04918244334772715
robert:0.03000386881650426
batteries:0.0247828742302967
decided:0.017519404051729363
ruins:0.028777128337167723
asked:0.015832398585626437
noticed:0.019043206672086036
writes:0.0031045182676880862
battery:0.1327662447210693
keeping:0.019625070058145948
totally:0.019340447420510106
what:0.0043213244272142315
but:0.006246790819252678
year:0.011618594911782404
never:0.01034713253925756
they:0.008759808680823884
good:0.007605680053330982
one:0.009232966270193639
in:0.0008341770041994858
become:0.01555034166570492
leaving:0.021728472511324166
bringing:0.02488171652700014
use:0.007806476656090836
better:0.020997332124895803
and:0.004481190310924764
for:0.0030549189005828546
subject:0.0002506756515682469
cause:0.0148051696401036
however:0.011253985465713207
outside:0.016923829941227816
i:0.008066142559664573
faster:0.01831127242908137
preserve:0.02626575192709706
discharge:0.026989464038962123
concrete:0.07622934653067209
any:0.0048041655694310206
actually:0.011475653178878331
will:0.005320682370437955
than:0.013432875889384611
warm:0.024832035262537522
the:0.0031848718731931815
do:0.016861922979025744
thing:0.010628790775234539
see:0.008306975405686272
when:0.012278633266138365
would:0.008757273672341559
did:0.007717892222736927
once:0.012596390586501907
rtsg.mot.com:0.053083996812155934
friend:0.016306100561938056
just:0.011027122661651512
is:0.0037841215055023085
else:0.01186174753679839
does:0.005720604762148006
dead:0.03221861159447076
bad:0.01286667158096894
somewhere:0.018213713891561442
s:0.002912846388995391
