help:0.19455388364016338
finding:0.4053277581574495
need:0.17465472649974875
this:0.047725676215583546
posted:0.3103073567710814
but:0.06048029293185548
parts:0.33169954649239647
ok:0.2967135627737211
subject:0.0024269960810925726
i:0.01735442793139954
blue:0.3633328752239372
