frequency:0.05049407389962063
folks:0.03740622071004827
small:0.03018935252793951
take:0.02147221343773438
thanks:0.0201352186355168
from:0.008551234893234097
to:0.002784240727456224
dod:0.03532791961305492
a.k.a:0.06032221607690042
that:0.0035040871256007762
protection:0.04272699289023195
nt:0.007212914663863016
lost:0.035399053780988385
so:0.010321319165504245
anyone:0.016898128784256478
this:0.01590855873852785
hi:0.031828451111256616
two:0.018836256895487995
on:0.010242602530086665
vhs:0.1248391667957856
a:0.004231830684383015
want:0.019117151189011937
as:0.008081961214313317
copy:0.10353369530494977
advance:0.031954557744208585
video:0.03531021406934367
anywhere:0.04269019499852992
processes:0.05594985160926125
are:0.006494054359608339
it:0.0069263723179792324
being:0.019654585150759074
ve:0.018435693929570045
kind:0.02783360299962687
between:0.023463291374206118
has:0.021510595432051537
found:0.027015358638959572
attempts:0.04658577561279239
of:0.0019640463188458452
even:0.01696120654309117
andy:0.045270790270824326
seen:0.026186514046690434
result:0.0357070905152677
never:0.022262012432948088
saying:0.030470254332974137
chance:0.03631371240416772
email:0.027716148070383244
in:0.007178977854322848
recording:0.05790127816512851
and:0.007713079080622018
subject:0.0002696662312325081
however:0.024213120244413265
i:0.007713079080622018
tape:0.16765124297851852
will:0.011447528736396814
the:0.004568200060539715
do:0.007255736554611078
original:0.031173414275489694
friend:0.035082822421139456
warning:0.043334755733327436
different:0.02552744341425503
destroying:0.05665650401943206
unit:0.043334755733327436
ka:0.1288356464590163
time:0.015954646160643574
tapes:0.05270835948724002
experience:0.0334567957050015
sold:0.04148008186910951
circle:0.05503688129139994
playing:0.04045828237732417
s:0.006267033139959782
