read:0.026670624257622608
week:0.0405628094635951
scheme:0.05400972911146357
send:0.03450996612795556
take:0.0250088132980671
your:0.014822732025661912
with:0.006880322079877027
miller:0.11203990676556635
from:0.009959673581531478
my:0.01117899130976825
via:0.040214486807242884
to:0.004864232329732344
then:0.01877506293853886
day:0.029921212185445554
mail:0.03605077064512772
that:0.008162461774928865
jeff:0.09918774797247991
re:0.004399300032684359
this:0.006176263980840224
game:0.03496481303424103
on:0.005964809708697528
you:0.02615524656041044
card:0.10803205928873794
m:0.0161037024954832
includes:0.044326522016851166
more:0.01495787089200854
a:0.004928838091222571
how:0.015474858790930874
want:0.022265858443672723
copy:0.04019543464780403
whole:0.035199005588556355
california:0.04681728502262277
play:0.03766962626800519
it:0.0040335932910584935
probably:0.02808498488269657
systems:0.0352990249445013
buy:0.035374601473458424
disks:0.05070248133874721
register:0.060937191863634894
which:0.015198733323735503
if:0.007884122585451873
mailing:0.10385305349568452
but:0.00782686143824012
saying:0.035488884458405166
in:0.0020903494340528293
or:0.007933075972977474
registration:0.11635907300164991
and:0.00224586714406347
subject:0.0003140818457884505
i:0.0067376014321904095
suggestion:0.05444899582249467
info:0.03465171128696938
the:0.005320609482275668
when:0.015384405209926304
would:0.010972348777698543
protected:0.05531102171786321
put:0.02926422705349152
problem:0.024889003435830403
company:0.03960150634860412
lab:0.05070248133874721
is:0.0031608544340078104
patch:0.06222615895200579
nothing:0.030057129429422454
by:0.011652182056672542
