some:0.014594210939166928
at:0.022024125311360776
out:0.014727213738505749
there:0.011472237319714343
il:0.06428275045910771
technology:0.04209584607271179
help:0.026751159000522464
much:0.021839960869499145
into:0.02238504878727983
such:0.024037715043347483
companies:0.0497079043198467
gain:0.057320062881165645
to:0.0017227489501135387
antenna:0.07066807075618259
us:0.02574845482731245
mail:0.0383039438104482
me:0.013544858505056809
need:0.024015024893715455
this:0.006562280479642738
contact:0.043500903737257096
personally:0.048985557563831265
you:0.013894974735218047
specs:0.06057360160946147
market:0.04888569018841278
etc:0.029029049843227947
them:0.01832323964415301
a:0.0034912603146159877
how:0.016442037465364056
as:0.010001427002712731
copy:0.04270764931329178
are:0.032145569080061276
plan:0.048819552467982585
be:0.007230765714218392
get:0.01642967469113903
making:0.03843258988590505
if:0.008376880247042617
of:0.007291521958715199
what:0.011505526287457891
they:0.011661495306346796
who:0.03232632185584621
now:0.020648929973478055
our:0.027872192787254918
and:0.004772467681134873
subject:0.00033371196115022873
i:0.004772467681134873
group:0.03371394918508307
person:0.035064930488423136
info:0.03681744324240497
any:0.012791090828610092
will:0.014166316811291055
cost:0.04151259505438601
the:0.004710956312431581
do:0.008978973986331209
can:0.010807074905471418
because:0.022059028736181426
here:0.02250501132029245
about:0.012312702254023394
entire:0.04661772778361002
is:0.0033584078361332988
right:0.024248419922378747
paper:0.04820810496545744
cellular:0.13119951380966108
e-mail:0.034371197208153334
main:0.046480212645335355
