408:0.10536778848035301
know:0.024677502513166038
river:0.10922147535694303
much:0.03494393739119863
ca:0.08226194384369284
into:0.035816078059647725
hacker:0.11337426265250791
from:0.016931445088603513
to:0.0027563983201816617
engineer:0.08917210679463888
re:0.0074788100555634104
telling:0.08588048635251626
you:0.022231959576348874
m:0.027376294242321443
a:0.0027930082516927903
how:0.026307259944582488
ms:0.08360279844770174
want:0.03785195935424363
old:0.05295826164684648
let:0.046102754855056494
college:0.08239030601137305
2600:0.2803954823385927
get:0.026287479505822445
what:0.018408842059932623
35:0.09030448467462904
processors:0.11497511680597863
chief:0.09966575996318723
subject:0.000533939137840366
i:0.007635948289815797
the:0.001507506019978106
see:0.035387715228223524
can:0.017291319848754268
sony:0.10161852935446554
eric:0.15952113921274422
sj:0.12411028485589296
hills:0.12210861568475329
days:0.059565052491003447
atari:0.12411028485589296
trouble:0.0762964376458067
weaver:0.3906537535407497
by:0.01980870949634332
los:0.0911979334756609
s:0.012408725617120366
