help:0.02642089777829379
true:0.03189235545873884
take:0.026243816423897573
thanks:0.02460971166563164
with:0.007220091071475893
ca:0.025389488840645937
o:0.08644392552592299
both:0.027724741756891824
to:0.0017014804445565812
that:0.008565546307024118
nt:0.017631569178331814
could:0.01863097722624762
me:0.013377638029685735
need:0.0474370862098083
anyone:0.041306537028182495
quantities:0.07250380850578901
this:0.019443794013756257
off:0.026956264789584572
30:0.042260561412023334
reply:0.044335759498211655
them:0.03619405361808002
a:0.0017240791677115988
following:0.033794003370861254
baden:0.4258432977379378
those:0.022912538941821728
not:0.007443333439209443
have:0.006311735964785838
only:0.03292682069800707
buy:0.037121495373382295
inqmind.bison.mb.ca:0.07762657211150147
be:0.007141497001697176
if:0.008273461972387769
of:0.002400501056367144
mailing:0.054490799673661626
please:0.02364710317166981
who:0.015963615731282077
now:0.020394004912077088
in:0.002193576566598648
fear:0.05315760661114193
lying:0.06051182691249047
and:0.004713548327046788
few:0.028217623467978844
for:0.004016652628544123
subject:0.0003295920603952876
i:0.007070322490570182
the:0.0009305592715914234
do:0.017736244911271522
around:0.05844924526305273
would:0.01151419316178242
can:0.03202096268287827
extra:0.0479589593764352
problem:0.026118090025254125
here:0.022227171674362913
is:0.0033169460109958504
right:0.02394905671346049
addresses:0.05949654174907107
life:0.03444912781837913
de:0.09977733400355482
by:0.012227598454532914
s:0.0076597071710619545
