stored:0.02337441175900163
at:0.008390142975756488
fast:0.01657999011880018
there:0.00874075224359188
lead:0.01840102208390434
help:0.010190917714484748
all:0.00454318014593472
small:0.02846424666920011
storage:0.023918184937695222
with:0.0027848922704264163
floor:0.046817587784417414
ignoring:0.025444241581860802
such:0.018314449556836178
from:0.004031296449667503
wood:0.0719868479683968
to:0.0032814265716448352
job:0.016530897882329414
slightly:0.020617484077885957
next:0.012754190589281789
that:0.001651926787783223
need:0.009148580911891602
sitting:0.02161807378315218
re:0.0017806690608484312
this:0.0024999163731972336
best:0.02319215314248985
slower:0.023272730213903678
on:0.014485966435408284
set:0.01261625992440915
you:0.002646661854327247
slowly:0.025136915290729513
dry:0.024620340800281557
none:0.017250048725815686
cycle:0.024074326951138036
why:0.016949738858609585
more:0.006054376313432029
a:0.007980023576265115
other:0.006568133275390052
same:0.009248063573945774
load:0.02140948986573126
low:0.016170450190380097
constantly:0.024848226615413152
as:0.0076201348592097
old:0.01260910991591583
removing:0.024235762911498423
also:0.007064272055616984
stuff:0.013921031203207725
are:0.0030614827695296457
no:0.005360693981821476
works:0.014167266635955907
sink:0.02796575470937577
place:0.012949655320554409
it:0.01306115922818941
not:0.0028710000408379284
cool:0.021861080830830493
should:0.00782291496301657
couple:0.015028532355497708
heat:0.021762384971225176
completely:0.017128541128759386
charge:0.019601203118732553
acid:0.024942524840633057
batteries:0.050273830581459025
placed:0.04337936544596665
be:0.008263732244821019
charged:0.025087568685798336
neal:0.05687523230107754
writes:0.003148868528655059
battery:0.22443817559990284
down:0.022517767399553888
of:0.0046295377515652054
even:0.007995997370314409
piece:0.041044865845652506
but:0.003168015344049573
killing:0.01927163167502696
fact:0.01142031966013733
david:0.01188783447306902
one:0.004682432894169631
in:0.002538281455635578
become:0.015772489403786418
and:0.003636165852293237
for:0.0015492802995813047
subject:0.00012712836615246808
exercise:0.023767000660006744
faster:0.018572862035211107
rate:0.01849845575948215
concrete:0.10309111626052798
howard:0.02499038358279259
will:0.02698346059293534
turned:0.018699515904350466
than:0.006812387058187911
the:0.007178600095133838
do:0.0034205615186023654
thing:0.02156126128690435
would:0.00444118879097322
effect:0.016506540260106697
because:0.008403439518545306
radio:0.017082620765560316
an:0.0042757054217225565
problem:0.010074120438312307
just:0.005592326492694696
here:0.008573337645825697
general:0.014040144586131198
is:0.005117573845536455
number:0.011915546897132182
days:0.014182155355000822
keep:0.0252325198488183
temperature:0.04933010769913301
does:0.005802327687321549
2:0.009278140724263853
1:0.009326304247260518
too:0.00929770413268808
volume:0.021080952382460064
every:0.01158165965208284
wives:0.028851956040965583
leave:0.01682467678235484
thus:0.015863595585125265
s:0.002954458480266754
