computing:0.03381753084634916
help:0.016589866046835634
anyway:0.023631890090267706
document:0.035308785828112386
graphics:0.027277065427439705
with:0.004533545556508119
user:0.029315065764286944
though:0.01926778450860992
someone:0.017081070656302478
wrote:0.019965697478239234
name:0.021412655083955436
my:0.007366002025816289
to:0.004273485767723507
line:0.021889951541131693
mail:0.02375438375841749
been:0.011373956490088676
that:0.0053783662858058415
nt:0.005535492649011151
me:0.016799824502396043
wanting:0.04283420379057924
re:0.005797527174855357
anyone:0.012968331392568923
two:0.01445573203607218
on:0.007860601941694417
you:0.01292555789322609
libraries:0.038874315234253734
support:0.02123221945374811
card:0.023727971678404975
a:0.0075779293650579576
how:0.010196612381621119
other:0.010692309983193107
y:0.033049384314223336
commercial:0.032297260467075595
copy:0.026485363915219707
question:0.03384474547824968
also:0.01149997776495788
course:0.01896241705348852
based:0.023417852805430562
works:0.023062992198067754
pain:0.034317829459818705
it:0.0026577940289920308
catch:0.037565024253929595
have:0.003963183047656224
ve:0.014148323248274685
buy:0.023308845932123765
real:0.019826308945722848
disks:0.033408611734833435
register:0.04015241324348036
has:0.01650813137808606
sending:0.03519221313536401
which:0.010014669244321843
if:0.005194964494289994
of:0.0030145827219494365
andy:0.10422809853050251
gotten:0.033408611734833435
what:0.014270420201498157
version:0.02418969463306655
up:0.01041442147559988
called:0.04158534102103463
one:0.007622565176555213
in:0.0027547240603796974
our:0.017285080798297624
accuse:0.04613395429775509
system:0.01732730487784903
registration:0.03833535350829551
and:0.0029596698797735646
subject:0.00020695315420169222
i:0.0014798349398867823
we:0.03134288152823186
allow:0.027180423809105365
actually:0.018948171527915385
program:0.04304858034703992
the:0.004090132612343698
do:0.005568355960515478
can:0.006702061956881499
protected:0.03644524686835948
page:0.03259492816424253
wants:0.02729097025266472
stone:0.11571083609454536
people:0.011668784031574553
is:0.004165467083576184
cards:0.03050401135156668
right:0.015037779796824028
does:0.009445649723546707
their:0.011733981539393132
hear:0.025687453986502382
unless:0.02386094128481001
protect:0.032010601527222196
x:0.02360589139183025
guess:0.02322602529407483
lots:0.028284457452840004
answer:0.023536984822704315
by:0.007677794378427644
