since:0.008699224449581223
read:0.009856535051730096
out:0.010245018252873564
all:0.004148121002809962
happen:0.02940549761884622
storage:0.02183834276919998
own:0.00985430711107824
your:0.005477966183396794
with:0.01017091090068778
way:0.0075320557371588845
maynard:0.04572289499000401
insurance:0.01930618704629893
from:0.011042246796915333
except:0.014018962691320929
my:0.012394099060830017
to:0.007190604313517378
recall:0.017003718326404446
everyone:0.013293533728317842
software:0.036727642023668565
make:0.01530504768130177
that:0.0030165619602997985
think:0.012519548065465697
like:0.005063648102211622
its:0.008990541547974653
need:0.008353052136944506
re:0.0016258282729485676
package:0.01690114362198349
practice:0.01785447002192105
accidents:0.04916039704777919
so:0.004442654771238783
had:0.00667134124209624
off:0.009493293251984133
something:0.008655049205058794
two:0.00810778014197092
on:0.00440877239338513
set:0.023038387688051488
regard:0.019960117280323493
you:0.0024165173452553126
used:0.00858462394929072
purchased:0.020812411292055324
backup:0.043400609900881876
3:0.010180286715815737
why:0.007737924261539159
a:0.006071757068897369
how:0.005718969553170106
richard:0.016243815281646864
hard:0.03527260959881099
as:0.01391502887333945
copy:0.05941933817501465
waste:0.01860252171825365
drive:0.0245548152070086
question:0.009491243840639584
compiler:0.024324370262920322
cheap:0.016157527036551513
l:0.014369393820666796
are:0.005590533753054135
no:0.009789093358108781
it:0.002981351562956278
not:0.0026213478633737605
deleted:0.015275563030427552
made:0.010111215443121746
typing:0.02464657883750172
ve:0.007935363908814932
copies:0.03926281942375175
money:0.013479216377083174
left:0.012714805145654616
able:0.011467240113524648
second:0.03586559708676869
disks:0.018737873538232665
robert:0.013893095778076972
installation:0.021566515130150704
floppies:0.14670241819160676
be:0.005030097888151924
writes:0.0028750538739894015
if:0.0029136974772322145
end:0.011757536532936997
of:0.005917756952000742
shipping:0.01784046734931217
well:0.0073168170006667164
must:0.01007591490208477
they:0.004056172280468451
good:0.007043521092867388
box:0.027552513136579193
repeated:0.022520266558299855
one:0.00427526481641575
in:0.004635122658117143
floppy:0.038304531248676846
vendor:0.02390997817681456
installed:0.0348293039596095
or:0.00879536683960546
clean:0.01887757474772307
install:0.038418699000344614
and:0.001659988758655608
gets:0.014510071053881758
subject:0.00011607372561747085
space:0.013293533728317842
i:0.005809960655294629
room:0.03467850852450961
the:0.004260343099938125
do:0.0031231213865499856
original:0.02683624359368243
got:0.009618060094045974
would:0.004054998461323374
can:0.0037589825758161453
protected:0.020441029765297273
eric:0.017339254262254807
put:0.02163008086562417
last:0.009478967617649992
just:0.01531811169738112
makes:0.012143382096747713
finally:0.015810975981722198
number:0.021758824768676157
discussion:0.014947269323870397
new:0.014991300564204755
disk:0.030443295511303318
time:0.006867434651755277
does:0.005297777453641414
2:0.008471345878675691
goes:0.014013161721698595
experience:0.014400968586065861
1:0.008515321269237864
too:0.008489208121149986
almost:0.01313909969680247
side:0.014001582950309536
close:0.015108318331176263
sometimes:0.015236984018773261
