some:0.006867863971372672
expensive:0.02382403996551111
typical:0.052454180467434636
say:0.011162029260397313
region:0.028233384032951683
all:0.005612163709684066
story:0.021147397223603554
your:0.007411366012830956
with:0.006880322079877027
much:0.010277628644470184
ca:0.024194689365792013
led:0.14878162195871986
my:0.005589495654884125
covering:0.03205088969322702
to:0.003242821553154896
within:0.019037942448957748
band:0.05862691762540425
make:0.010353414607939433
that:0.010203077218661082
nt:0.01680184827582208
re:0.004399300032684359
rahul.net:0.037513908821890034
so:0.006010650572852471
off:0.012843867340919708
he:0.00935372475011903
on:0.002982404854348764
you:0.00653881164010261
tell:0.014176617962485016
regular:0.023806133245621537
why:0.010468956353847097
a:0.004107365076018809
other:0.00811357639901124
low:0.019975261999881293
red:0.021250699734956184
volts:0.03591429873080979
silicon:0.03197871267798106
mistaken:0.03169854768392662
baden:0.08116072262770108
are:0.007563663312955595
not:0.003546529462211558
ones:0.019956646943393275
have:0.00902206964378211
ve:0.010736080582514318
energy:0.0269741472381956
inqmind.bison.mb.ca:0.07397355695331316
anybody:0.01787997144066291
be:0.003402713277279243
found:0.01573247356033528
writes:0.007779557541383086
get:0.007731611619359543
leds:0.1558641077094784
were:0.009125313514542936
of:0.002287536300773396
gives:0.02139132044585944
seen:0.015249793474249134
what:0.016243095935234667
but:0.00391343071912006
fairly:0.02308356793086992
order:0.01649598153607348
visible:0.027901376321746083
must:0.0136321201616441
they:0.021951049988417497
find:0.012449686692196413
david:0.029369943992288164
clear:0.019398533777568314
in:0.004180698868105659
according:0.020232507085801283
or:0.003966537986488737
and:0.0033688007160952048
green:0.024754769407951665
for:0.0019138168406592588
subject:0.00015704092289422526
i:0.00224586714406347
we:0.007927905327729235
physical:0.02510088999632186
exist:0.02139132044585944
the:0.002660304741137834
do:0.004225399522979392
around:0.013924673136197857
colour:0.031113079476002895
would:0.005486174388849271
did:0.009670064961429208
prof:0.03465798049376238
pray:0.029178226352556833
an:0.00528175375624551
just:0.006908168020387564
here:0.010590593562490565
priced:0.0339150762271489
is:0.004741281651011716
stuck:0.02797355333699205
electronics:0.026531656525033313
blue:0.18807819423356748
matter:0.017770017717062013
light:0.08216975731308925
sold:0.02415604767671671
plastic:0.05987659072252551
article:0.004766664001862359
very:0.010254367598726161
de:0.02377048251261159
s:0.021897751089035942
