some:0.0074365406059449315
typical:0.028398760125681176
out:0.00750431273299656
say:0.012086273721449322
region:0.030571180163068704
all:0.006076865163352174
story:0.02289845559243697
your:0.00802504600115454
with:0.007450030277573852
much:0.01112864248127345
ca:0.02619807128780027
led:0.13425093276529923
my:0.006052320135861792
covering:0.03470478501814391
to:0.003511335439721862
within:0.020614332588043426
band:0.06348137577273072
hall:0.02917458734787355
that:0.011047918007467414
nt:0.018193084120316904
re:0.004763573283798351
so:0.0065083477540440774
off:0.013907372279976755
on:0.0032293555747725474
you:0.00708024190329582
regular:0.02577734173092778
took:0.021499373735138085
state:0.01692811074484469
why:0.011335812612445902
a:0.003557972295150051
other:0.008785401196381598
3d:0.029798181073869546
low:0.02162926458585873
red:0.02301031181492071
volts:0.03888809416711888
electronic:0.02747561347139879
baden:0.0878810372401859
it:0.0021837925461144713
not:0.0038401911374265282
have:0.006512746664301311
ben:0.035726075782953975
ve:0.011625055407818054
energy:0.029207675353460204
inqmind.bison.mb.ca:0.08009875593670852
adams:0.029513466558468867
anybody:0.019360478630017167
be:0.00736893321194231
found:0.017035162453866225
g:0.022515936057398104
writes:0.004211862363169187
get:0.008371808759816066
leds:0.16877005293383013
were:0.009880912722753498
if:0.004268474011231906
of:0.002476950134595397
gives:0.023162576278956085
seen:0.016512515226893967
what:0.011725377108237341
but:0.004237472753187327
fairly:0.02499494616718399
order:0.017861890835238804
ed:0.025274966061586003
visible:0.030211681367495764
must:0.014760894442544569
they:0.011884326426850238
find:0.013480552469257263
universe:0.02822582388959231
in:0.003395153539385168
according:0.021907810220294383
or:0.0042949774375992695
douglas:0.02872854528188321
and:0.0012159153327732162
green:0.026804527384406262
for:0.0020722857510323185
subject:0.0001700443114141293
i:0.0012159153327732162
we:0.017168712174700253
bones:0.037527749579233154
physical:0.027179307639329405
source:0.019867948800635825
the:0.001920389834367014
wrong:0.016837083164521406
do:0.004575273368831189
devices:0.027036168430080627
colour:0.033689321725608234
planet:0.03013447524945535
did:0.01047077097734373
prof:0.037527749579233154
mr:0.02150927183620009
an:0.0057190964239601065
just:0.007480181932903732
here:0.011467521691868765
priced:0.03672333094659436
is:0.0017112906171379866
stuck:0.03028983482349458
solid:0.028697849189934493
right:0.012355882762995539
electronics:0.02872854528188321
blue:0.17819510440919212
matter:0.01924142045796524
light:0.0667302169262349
sold:0.026156229968419372
plastic:0.032417262493087066
article:0.005161355925583446
very:0.011103455361678009
de:0.025738739026394716
s:0.01975911722471396
