there:0.019527212459088242
thanks:0.021206240903363437
gain:0.04878303223928991
to:0.0014661693192455647
w:0.03291851973435483
martin:0.09882134832457887
that:0.007380949477329294
control:0.03244291776533004
cco.caltech.edu:0.04788049096336407
esp:0.05660970027097864
and/or:0.042989170501531594
finding:0.047431971699276
this:0.005584919557142755
la:0.04636493052159977
these:0.01762378694786109
on:0.005393710906800957
working:0.03370786181602774
m:0.02912371727906536
want:0.020134020933108315
looked:0.0396276936646775
advance:0.03365426826251755
dual:0.059070648525240875
electronic:0.04589012037244265
are:0.027357931131967043
not:0.006413936261446435
ones:0.03609180830188145
have:0.0054388363100814135
ve:0.019416315947100363
area:0.0341326281346739
kind:0.02931411379747936
be:0.012307686322073857
found:0.028452345800606356
of:0.004137033735441248
but:0.014154962175540643
parts:0.15526361750707918
find:0.02251539082631266
good:0.034468294709776574
in:0.007560838378488957
substitute:0.06170265036900514
use:0.01768914391220583
and:0.0020308373111212227
for:0.0069223162321717865
subject:0.0002840101797023223
i:0.012185023866727335
appreciated:0.0360081076508111
info:0.031333994248855294
any:0.0326581042432598
angeles:0.050395265198089914
the:0.0032074596169746933
thing:0.024084387607712303
would:0.019843609491582467
can:0.009197510557848015
an:0.009552107857039752
places:0.040583211513726965
audio:0.15830739829578705
either:0.026633645820354872
having:0.027839270132131503
carry:0.04140912606312028
trouble:0.040583211513726965
too:0.020771466679409538
nice:0.033614249539944234
project:0.04097484952567075
los:0.04850953908279835
