at:0.009082113530458052
out:0.012146155660623298
50:0.03557920916627248
wave:0.05075380903807122
with:0.00602914821432523
motorola:0.05024007322623745
led:0.04345854936938553
from:0.017455098029488157
feet:0.04527898916448796
to:0.0042624716291469
signature:0.051535188825386
1988:0.047114441690281304
lights:0.05060439659165301
100:0.03483002163743373
that:0.003576336344685328
like:0.012006588283594568
could:0.015557826343567602
re:0.003855056729671861
glenn:0.05753010851010018
30:0.035289747158493714
detect:0.05283094362088596
used:0.04071058780076012
cycle:0.05211967690452564
28:0.045593457765451
m:0.01411149187748528
more:0.01310741263732707
a:0.01151755980079501
low:0.03500819113381257
khz:0.062462997614461564
accuracy:0.04988818656263478
logic:0.04281176235254611
output:0.042137713287980626
no:0.011605626146211441
square:0.05229294616551926
able:0.027190363155780092
allen:0.04591782136808796
500:0.04298739314793341
ir:0.18163325223615187
be:0.011927036229638584
loop:0.05292340413617215
writes:0.0068171380517274465
detection:0.06114512780508131
of:0.004009084238468838
duty:0.05186511388813005
distance:0.0973017819199541
toward:0.04610785952982856
in:0.007326998016267648
better:0.02305377186908663
and:0.0039360558194926785
subject:0.00027522635971152884
i:0.005904083729239018
away:0.028546222539419283
stan:0.05696507514417239
detector:0.05452807743217002
detecting:0.062942585404512
leaning:0.06223131868815168
source:0.064314803334017
the:0.001554129917503202
level:0.036294176933956174
would:0.019229889610399505
an:0.009256681840842646
long:0.024539291186686442
about:0.010154805982699706
biased:0.05369455066279791
is:0.00276982089578004
hardware:0.03659465075953146
meters:0.06035171500986349
designed:0.04051131336992539
position:0.03549322636301249
upon:0.03575335652260759
built:0.03806698591829643
tone:0.05617166234895458
