cleaning:0.12027296897061598
thanks:0.044297480998136955
adrian:0.28937315077092574
surprise:0.21628296267113148
to:0.006125329600403693
t:0.057250512333343155
avoid:0.08592776651606887
hi:0.07002259244476455
used:0.04387696685193035
am:0.03631858570447479
etc:0.05160719972129413
a:0.003103342501880878
want:0.04205773261582626
quick:0.09020611600425102
standard:0.06764543423249415
question:0.04851080185215788
equipment:0.2689971941693726
ie:0.09296929303914249
electronic:0.19171872511153823
not:0.026796000381153994
components:0.10814148133556574
safely:0.12631594042580802
be:0.012854694603054918
what:0.020454268955480696
using:0.04898712396988713
clean:0.0964853820439179
and:0.00848438698868422
subject:0.0005932657087115177
i:0.00848438698868422
the:0.0016750066888645623
can:0.019212577609726965
an:0.019953291968038595
lab:0.09577135363985584
type:0.07201138911848214
electronics:0.10023070242790363
lewis:0.11056813226812112
