ability:0.030365830798927483
at:0.006673977367079024
out:0.008925584083942877
lead:0.029274353315302357
technology:0.025512633983461687
hand:0.023918480723126315
your:0.009544941077130777
with:0.004430510430223844
floor:0.03724126301033203
my:0.014397185777731839
ground:0.029370861086343493
to:0.002088180545592168
that:0.002628065344200582
like:0.00882302320839904
nt:0.010819371995794523
me:0.008209005154579884
re:0.002832882596804322
this:0.003977139684631962
on:0.007681951897564999
you:0.008421196809223059
why:0.013482746819348534
a:0.0031738730132872617
how:0.00996487119112973
factor:0.034280154611188
other:0.010449302938120537
was:0.0067080388947074665
as:0.0060614709107349885
fort:0.04662288597278103
surrounding:0.041277660968549956
question:0.03307554671738037
colorado:0.035706073390893635
are:0.004870540769706254
those:0.014059967077936062
place:0.020601724373609284
co:0.034583225327958454
it:0.007792168857726636
not:0.004567500064969431
thermal:0.08543042095651616
collins:0.04342595862384638
systems:0.02273043272941372
heat:0.0346219760905855
able:0.01998079716750507
hope:0.02188228437606095
acid:0.03968128951918895
batteries:0.039990547053433315
feel:0.02307785366853165
div:0.040912493530535735
call:0.020128455287868996
be:0.004382282251041449
myers:0.18725875019367838
which:0.00978706312513271
battery:0.035706073390893635
upset:0.03916872400044793
whatever:0.02503758014207093
of:0.005892138956537535
key:0.02428668463058012
explain:0.02723528430312579
but:0.010080048821975914
sticking:0.04463527790863337
again:0.01849900862203044
please:0.014510722400797385
david:0.018912463934427987
bob:0.0558182577883197
in:0.001346058347685534
or:0.015325260402342849
rather:0.019496088279642904
better:0.016941029328040935
for:0.0024647641129702576
subject:0.00020224967342438103
i:0.0014462023276166282
employer:0.03424310926805019
concrete:0.08200429702541999
any:0.007752176259763692
than:0.03251366550498776
the:0.002855125037837322
when:0.009906624566998
lower:0.03008320161398195
dirt:0.08433991338643906
here:0.05455760320070897
expressed:0.03113453883047945
maintain:0.0346219760905855
nose:0.03862248692543775
is:0.01017699344282818
average:0.05878062210458465
presumably:0.037351859975643796
temperature:0.11771957519111287
does:0.009230975866193373
goes:0.024416872696899065
mass:0.03190824712651263
hewlett-packard:0.04573059024811147
too:0.014791802029276489
opinions:0.02163341026909123
going:0.01649860366704305
