pixel:0.0317151401120247
at:0.005683645241641491
say:0.012242225640435764
circuit:0.05971825348273609
help:0.013807049806721271
graphics:0.022701557678320786
swing:0.03776849261907586
your:0.008128594981814598
with:0.007546159700510288
c:0.016684501260832
work:0.01306498363864712
signals:0.03278017075950501
outputs:0.0382650154651154
pulse:0.0383953555123252
single:0.02097694626137016
to:0.007113285987565578
mhz:0.03048455864583405
make:0.011355357957094862
that:0.002238094357641786
r:0.020001417849865356
need:0.012394851558046685
re:0.0024125193727623905
310:0.03609422684175274
glenn:0.03600271306761108
this:0.0033869834733639935
mean:0.017054335850515228
restrict:0.03556365846603034
detect:0.03306194536274799
tell:0.015548548733048083
am:0.03163231658131675
card:0.019747795783962848
vs:0.02204265771008608
ns:0.03908974689421143
a:0.00810873363394681
wondering:0.023218925818434172
below:0.02394757363250253
steve:0.02069131514086701
also:0.01914189847328473
logic:0.026791877085141757
video:0.06765892631351657
cheap:0.02397568528004418
it:0.006635911543354296
should:0.021197576028819092
have:0.006596782105131004
try:0.03143728609475346
only:0.008603459601737333
650:0.03256328939951156
completely:0.04641282112308994
between:0.04495869379444656
able:0.03403180936916992
b:0.019747795783962848
differential:0.03628124320867694
allen:0.02873566885615827
500:0.026901787969997034
screen:0.07235433232463319
be:0.011196024331692993
which:0.008334789242048501
g:0.022806464264590338
writes:0.004266208974306854
detection:0.0382650154651154
if:0.004323551095247802
of:0.003763366172240103
trying:0.017395665955279974
flow:0.03329657532514073
rs:0.04003557575996547
oh:0.020836878607364346
fact:0.015472691152444125
in:0.0011463206573838094
presence:0.061602531616784535
yes:0.017205457229057346
monitoring:0.03687720011274801
and:0.004926418251494063
subject:0.00017223843156140837
300:0.026835617001176464
i:0.0036948136886205472
voltage:0.03335659076167179
detecting:0.03938987602733977
the:0.004376630380581598
around:0.015272222149378295
would:0.0060170944909959745
needs:0.02160868750109256
put:0.016048124513205028
amplifier:0.038011978606061966
10:0.0372951194567247
about:0.006354943098850784
15:0.0215600692385848
ma:0.02587882532411301
is:0.00173337178639138
white:0.02192883319884253
keep:0.017092997316941427
65:0.03157639040092171
run:0.01726989953798319
build:0.024075052019473256
blank:0.07112731693206067
difference:0.04138263028173402
going:0.014050423768062467
by:0.006389906289143007
mv:0.12404735222004942
black:0.022771305524154437
