watts:0.07342137221421569
technology:0.021867971985824304
story:0.023344529402679247
produces:0.03421032093517955
with:0.0037975803687632947
though:0.016139897413056364
such:0.012487124697842848
my:0.012340444952341576
store:0.028981837980393336
to:0.0008949345195395006
recall:0.025395163734240406
most:0.012055814701084662
been:0.019055069963914796
that:0.006757882313658639
think:0.00934901316576984
higher:0.02410307735738891
through:0.015386125285875499
nt:0.004636873712483367
sitting:0.029479191522480245
re:0.0024281850829751335
description:0.0284093523466617
so:0.006635133749252728
anyone:0.010863082789879165
had:0.00996369146546841
this:0.010226930617625045
something:0.012926372189373526
on:0.003292265098956428
amp:0.035301176332836234
73:0.03546151797303345
a:0.0045341043046960875
other:0.008956545375531888
mobile:0.07992494738191035
sb:0.037777589037570676
was:0.017249242872104914
as:0.0051955464949157044
fort:0.03996247369095517
wife:0.026240143033402406
modified:0.03206380275378314
colorado:0.030605205763623116
turning:0.03080022061491451
mind:0.019673089629935955
are:0.00417474923117679
those:0.012051400352516626
pa:0.03363416434031796
model:0.023759425399893182
co:0.02964276456682153
not:0.0039150000556880836
should:0.010667611313204414
collins:0.037222250249011185
systems:0.038966456107566376
real:0.03321550459737984
dig:0.037777589037570676
has:0.006914119960302279
div:0.035067851597602055
his:0.011976811957826343
installation:0.09662919116755835
myers:0.16050750016601006
if:0.004351626102359801
of:0.008838208434806302
electrical:0.030760746289743197
department:0.0225199713161879
what:0.005976896772705398
but:0.004320020923703963
fairly:0.02548186070290835
over:0.013025589302073752
bob:0.04784422096141689
in:0.004615057192064688
system:0.014514430709367046
or:0.004378645829240814
rather:0.01671093281112249
1500:0.07284407659641265
and:0.004958407980399869
still:0.01325785118330875
for:0.0021126549539745064
subject:0.00017335686293518376
car:0.03972264077770636
i:0.0024792039901999343
employer:0.029351236515471592
back:0.013677641039399595
power:0.017544514806302224
possible:0.033467163934604964
signal:0.02925689820012802
any:0.006644722508368879
impossible:0.026728913343726207
source:0.020254986764284576
the:0.003915600051891185
less:0.01784977634153427
home:0.019021837999099667
an:0.005830507393258031
here:0.011690914971580495
expressed:0.026686747568982386
about:0.006396208963129036
including:0.020649140951495
is:0.00523388234202592
number:0.016248473041543886
done:0.017199113970264277
dc:0.029072236282462218
friday:0.03235901297506079
their:0.009829114406374767
run:0.017382041742775294
issues:0.024709282354538283
hewlett-packard:0.03919764878409555
opinions:0.018542923087792484
claiming:0.02994799860822368
usual:0.027858057257139066
included:0.024303775652603696
s:0.004028807018545574
