408:0.02674309352293223
some:0.005926583122504335
obvious:0.019526133573106657
reference:0.01894229981227591
simply:0.015526108324281163
circuit:0.023493221547776888
all:0.009685967823820214
case:0.02509249855133762
switch:0.06475299627426664
your:0.01918678510935933
with:0.008906000661769756
way:0.01758754131519333
ca:0.010439332975087924
from:0.008594642176956097
gain:0.04655436579180966
work:0.010279555654773115
signals:0.025791504912300894
my:0.009646845292693414
via:0.01735142831784591
to:0.006995934822796096
most:0.009424342456685471
positive:0.02247208121988128
that:0.0017609371849465828
ran:0.023044647180009935
control:0.030960754009553535
provide:0.017141906996362505
re:0.0018981751410059417
michael:0.01525225990697304
so:0.005186855824288934
this:0.002664885473966594
off:0.011083540344956093
recently:0.016798535860851213
you:0.0028213146670493495
used:0.010022657402725205
am:0.008296123638077997
amp:0.055191686855398776
input:0.0649819994828637
m:0.006948298031046051
a:0.00354442671534618
same:0.0098583418808559
low:0.01723753573593817
want:0.019214192565605904
was:0.004494726569042566
as:0.016245972796284636
fine:0.016442419177261726
logic:0.1053995164516998
course:0.01241701421269045
digital:0.020961256837622656
it:0.0017403828920810758
application:0.018732831004146844
have:0.005190361554798506
only:0.013538438967200878
carlos:0.0635490503965982
ve:0.018529276132258216
kind:0.013987445162249033
cmos:0.029623183844104374
between:0.02358239437610564
able:0.02677629671178344
switches:0.02723737861950673
be:0.005872703118146917
which:0.006557829099073694
writes:0.0033566618833378798
analog:0.10941630672624415
of:0.003948032194228196
trying:0.013686945294763431
adjust:0.02811693050414651
supply:0.08198914585999073
san:0.020497286464997683
must:0.035291275545373056
up:0.006819595788590784
in:0.002705782262352647
or:0.0034229008005232753
use:0.025321515650974843
and:0.0038761158831552268
for:0.0016515170706196648
subject:0.00013551754767521977
i:0.00872126073709926
signal:0.06861262420537638
voltage:0.026245033340401656
driving:0.021254358333508527
will:0.005752819009661341
unfortunately:0.01868981259302516
the:0.006887083340001499
jose:0.023146683623264185
level:0.017870736865958116
come:0.012188800378017301
an:0.009115717142758748
amplifier:0.029907901948932003
shifting:0.02953171934916692
long:0.012082798198520735
about:0.005000082133613561
hit:0.01817107685243355
is:0.0027276408821387196
either:0.012708440137631258
stays:0.030421080207162304
2:0.009890403817743192
goes:0.01636054414208465
build:0.01894229981227591
experience:0.01681331357764034
1:0.029825236932863583
change:0.015086340649291813
4000:0.02953171934916692
ac:0.026104670237201096
high:0.01419961332812955
