some:0.03766247984301142
know:0.039802423408332316
where:0.059595380588185864
that:0.011190471788208929
like:0.03756900204866687
anyone:0.053964991923915843
voice:0.2339673742862044
something:0.06421488119882332
on:0.016355123394815804
am:0.05272052763552792
richard:0.12051862950899285
answering:0.17824555770918457
ones:0.1094396767863502
date:0.11541287708978461
get:0.042399160493262006
looking:0.08367372081956916
wong:0.19772672051021695
and:0.0061580228143675786
for:0.010495124610066903
subject:0.0008611921578070418
i:0.012316045628735157
the:0.0048629226450906645
do:0.02317154577117731
can:0.02788922556250688
chips:0.2679187708514176
time:0.05095193451302302
does:0.03930609078508146
