some:0.014594210939166928
iisi:0.06735941382834407
typical:0.027866283373324655
at:0.011012062655680388
out:0.0073636068692528745
watts:0.035334035378091294
resistance:0.030545458405748578
know:0.007711719535364387
help:0.013375579500261232
case:0.015447569420667225
thanks:0.012458666530726019
increases:0.032863330774065384
your:0.015749152777265782
way:0.010827330122165897
motorola:0.030458044393406453
c:0.048489331789292996
work:0.0126567028999394
to:0.0017227489501135387
0:0.022907226802940203
w:0.01933963034393346
value:0.023336580123479174
appreciate:0.02399508334634059
like:0.007278994146929208
need:0.03602253734057318
package:0.04859078791320253
this:0.006562280479642738
on:0.012675220630982248
characteristic:0.03759036878769961
you:0.0069474873676090235
specs:0.030286800804730736
rev:0.03312378512656893
used:0.01234039692710541
am:0.010214602229383536
ta:0.028858460805048947
jc:0.03862211722744617
m:0.0171101839014509
more:0.007946368911379537
a:0.0026184452359619905
as:0.015002140504069094
40:0.023903169925154993
mac:0.0214455133425696
also:0.00927185707299729
stuff:0.01827135345421014
are:0.0040181961350076595
manual:0.02455998373051727
d:0.011386526389856473
it:0.0085713857434993
not:0.0037681875535997807
thermal:0.10572014593368874
pd:0.03405407029905371
have:0.009585948996518491
try:0.015227435452146205
date:0.02236124493614577
postings:0.028791615248069276
doing:0.01675439315728322
has:0.006654840461790944
25:0.02298551592681008
sending:0.028373721840387237
if:0.012565320370563923
of:0.0024305073195717334
style:0.02869266859046502
suffer:0.030724041983523926
what:0.011505526287457891
characteristics:0.03514745435840579
but:0.004158020139065064
reading:0.02053951278976869
drops:0.03496628225294796
using:0.013777628616530755
email:0.01714936661854963
in:0.0033314944105216964
cpu:0.055905779679917125
fear:0.026911038346890605
accurate:0.027952889839958563
and:0.0023862338405674366
few:0.01428517188066429
for:0.010167151966002312
subject:0.00016685598057511437
i:0.009544935362269746
info:0.018408721621202485
power:0.033773191002131775
information:0.015242633028023532
the:0.006595338837404213
reads:0.03243212532727193
would:0.0058290602881523506
here:0.011252505660146225
interested:0.01798172634634325
is:0.0033584078361332988
maximum:0.030589628200892907
assuming:0.024801060447931265
days:0.018614078903438577
type:0.020253203189573105
does:0.007615555089609533
1:0.012240774324529429
plastic:0.03180943882134168
delay:0.03445229413896689
by:0.006190221717607289
james:0.06486738314319426
