sells:0.047385083367132035
at:0.008310990683532369
say:0.017901367681769278
know:0.011640331374134923
all:0.009000639911757464
50:0.03255833291630595
rick:0.04540247623706224
graphics:0.03319567396358228
where:0.017428837719186432
with:0.005517239403674975
motorola:0.045974406631556906
january:0.04904442927716661
such:0.01814167173082829
to:0.003900563660634427
line:0.026639658007603664
mhz:0.13372943179540409
normally:0.04014954475585645
that:0.0032726851456082715
circuits:0.05347842577948486
re:0.003527740592246892
anyone:0.015782214619258408
national:0.030699754009316165
had:0.014475551751718255
ti:0.03574208543633644
hi:0.029726572264286835
slower:0.04610635231056389
pointers:0.049998166228783295
used:0.01862701422959307
speeds:0.046939301434579715
am:0.015418267516050618
etc:0.04381743372562708
a:0.009222197057476194
richard:0.035246014290365835
looked:0.03514153966490269
whole:0.028225617688936697
video:0.0329784074798587
application:0.03481478969638612
have:0.004823118991958989
systems:0.02830582188945859
400:0.043309688438437764
somewhat:0.04058336657889251
be:0.010914363342216439
converter:0.050837293455354
writes:0.0062383244435619085
applications:0.03679529271126728
of:0.003668690293693182
even:0.015841126865717224
looking:0.024470616466100412
conventional:0.05030415939626587
least:0.0227137960632687
find:0.019966478657296133
si:0.05105927927997848
in:0.00838111801389106
speed:0.03168363364986586
or:0.006361428846255522
and:0.003601862400856508
for:0.012277315581587697
subject:0.00025185808388696507
i:0.003601862400856508
example:0.02652225607318778
appreciated:0.031931718105436255
any:0.009653653455554785
research:0.02912576868430922
the:0.0028443509810907657
do:0.006776584140627327
thing:0.02135785316155619
would:0.01759716313404483
can:0.024468848842576794
mentions:0.05439210338316333
places:0.03598888568198429
about:0.009292605474734638
either:0.023618516104843
issue:0.02954113214589484
paper:0.036383475445628255
article:0.007644649814307556
very:0.016445683884749502
high:0.026389847411712464
200:0.03920872685076616
