looks:0.08557763685934727
know:0.030846878141457548
led:0.21077396444151983
from:0.021164306360754392
both:0.05614260205770595
re:0.009348512569454263
these:0.04141589932747357
on:0.012675220630982248
dont:0.12165916650251146
disclaimer:0.09385138817685468
a:0.006982520629231975
low:0.0848948634994955
price:0.07825360504609907
baden:0.34493307116772964
have:0.012781265328691322
inqmind.bison.mb.ca:0.31438761705158097
call:0.0664239024499677
anybody:0.07598987862281738
writes:0.016531559775439058
of:0.004861014639143467
but:0.016632080556260257
fairly:0.09810516370619715
in:0.004441992547362262
subject:0.0006674239223004575
the:0.0018843825249726326
bar:0.12597698394469442
priced:0.14413907396538284
guys:0.09711689273728129
blue:0.19983308137316547
stock:0.12419757698299703
article:0.020258322007915025
de:0.10102455067859926
mike:0.07988530072394259
s:0.031021814042800917
