some:0.005076247283188496
frequency:0.021734405722010616
go:0.008458401094757075
there:0.011971030246658444
circuit:0.0603673649336354
help:0.009304750956703465
thanks:0.008666898456157231
beats:0.02471398834417983
with:0.01017091090068778
way:0.0075320557371588845
response:0.015267819794031922
led:0.05498451246300517
from:0.0036807489323051113
turn:0.02975198378012622
except:0.014018962691320929
to:0.00659138728739093
sound:0.030010289470682006
player:0.01690114362198349
born:0.018686621556702046
speak:0.015588838324514756
that:0.0015082809801498993
quite:0.011548692965693049
nt:0.00310468935531495
could:0.006561344153591554
asking:0.015588838324514756
me:0.004711255132193673
so:0.013327964313716347
this:0.0022825323407453
off:0.018986586503968266
two:0.00810778014197092
these:0.007202765100430186
certain:0.014331804312002214
on:0.026452634360310777
you:0.0024165173452553126
etc:0.010097060815035808
them:0.006373300745792352
m:0.02380547325419256
a:0.006071757068897369
how:0.005718969553170106
want:0.02468606044841976
quick:0.017649022696483895
was:0.0038498310178321114
as:0.0034787572183348626
let:0.010022338011968803
output:0.017771122560583136
based:0.013134360921306706
no:0.0048945466790543905
d:0.007921061836421894
it:0.004472027344434417
not:0.0026213478633737605
have:0.002222828752815882
probably:0.010379233543605254
color:0.016063617854797332
generating:0.025964779963535398
per:0.015377500502491379
real:0.01111997327825325
his:0.008019256702196768
be:0.002515048944075962
sort:0.027282272240530696
leds:0.11520390569831013
if:0.0029136974772322145
of:0.008453938502858202
looking:0.02255552474266647
what:0.004001922186941875
explain:0.015630684904402628
but:0.002892535748914827
again:0.010616822339600079
pattern:0.022645093105614772
easy:0.014407311148951338
please:0.008327892856109803
in:0.0015450408860390476
minute:0.019445488584319
speed:0.014602022464720787
or:0.005863577893070307
use:0.0072294762075971655
better:0.019445355402620896
and:0.001659988758655608
for:0.0070728013676537825
subject:0.00011607372561747085
each:0.011069606075480937
i:0.00829994379327804
tape:0.10824438948830434
blinking:0.02815567205449808
possible:0.011204224447672096
any:0.0044490750708209015
flash:0.04781995635362912
will:0.004927414543057758
background:0.0192478260883331
the:0.005898936599914328
do:0.009369364159649956
cassette:0.12850597325645013
would:0.016219993845293497
effect:0.03014237786628179
once:0.011665353021412635
increasing:0.022165949018077318
put:0.010815040432812085
an:0.007807809900536841
just:0.005106037232460374
is:0.0023362837120927296
either:0.010885055248318948
time:0.006867434651755277
hear:0.014407311148951338
goes:0.014013161721698595
light:0.015183542112201276
guess:0.013026770708415885
volume:0.0192478260883331
every:0.021149117625542575
going:0.009468763843694272
respond:0.017582642382871768
remain:0.019527140300195506
tone:0.02368978803412432
s:0.00269754904720008
