mode:0.032729788431437874
laser:0.04189280324710879
say:0.01621833311339781
there:0.015688529667985427
means:0.024227309576399597
text:0.03091080113874844
though:0.021243967535134016
ca:0.017577338428139497
line:0.024135074776119564
that:0.0029649967985852723
memory:0.028902839539891586
like:0.00995418002998866
nt:0.006103235484807167
re:0.003196072673317697
so:0.008733423909272823
this:0.008974058775579812
two:0.015938371219259072
on:0.004333408762728974
you:0.009500837425790118
vs:0.029201811496267886
graphic:0.0900579388720966
deskjet:0.21595691890273067
a:0.009548746159633472
other:0.011788957160956504
said:0.01873081050139686
also:0.02535892532785584
d:0.015571318139974664
wild:0.040385526411147676
it:0.002930388288375829
not:0.005153076996375769
have:0.00436966336023635
only:0.02279549125246644
bubblejet:0.05628208431196197
buy:0.02569949679695698
between:0.01985355423971287
500:0.07127824162990667
rotate:0.15594616120070437
printers:0.04832004838029579
writes:0.005651815307842414
if:0.01145556273099845
of:0.001661885346715715
oh:0.027604411830269005
one:0.008404366733124979
in:0.001518629930722141
or:0.005763345792334063
use:0.014211790835447421
and:0.003263225764878546
few:0.01953527778552382
for:0.0027807595120690086
subject:0.00022817911873519915
i:0.006526451529757092
info:0.02517432016574699
actually:0.020891573735906707
will:0.009686370469258842
images:0.03637480123180157
the:0.004509633393096899
do:0.018418408177089656
can:0.036947264634090315
drivers:0.03360943383316672
page:0.03593799771954946
an:0.015348686129260459
thought:0.02294518295035652
is:0.009185388953526972
printer:0.07428943892697147
matter:0.025819683862397802
tc:0.053989229725682666
fonts:0.08466241494528684
image:0.03163301706780921
e-mail:0.02350167330472023
article:0.006925922053988043
little:0.020045629930756106
difference:0.027411571340464846
give:0.0201986006098804
hp:0.036971346205609615
facility:0.04364873465065417
