played:0.029181316698951982
small:0.04300353813332391
send:0.04220643339390249
take:0.015293159211048226
cnn:0.03740078779409828
with:0.004207391199924801
from:0.006090447873598386
to:0.005949061122694234
near:0.02593363868691745
that:0.004991433459488875
think:0.0103578994786227
protection:0.03043145536786304
nt:0.005137255767787328
re:0.00269021944444727
so:0.014702310753739858
anyone:0.012035357911089145
this:0.011330556223843576
two:0.013415751314052602
on:0.0072950910106372654
vhs:0.08891422671066744
a:0.007032754590593356
want:0.013615812717353825
was:0.006370223986340904
as:0.0115124339599571
copy:0.07373982615244624
demand:0.03408025128503923
video:0.0502980027750363
anywhere:0.030405246797514114
processes:0.03984917488717168
are:0.004625261738138313
place:0.019564227462708098
police:0.0264430497239762
it:0.012332929127337121
have:0.0036780619650910278
being:0.01399858942392193
ve:0.013130458266384419
buy:0.021631950541323497
kind:0.01982393307167669
always:0.01911479207193315
has:0.01532049602714462
be:0.00416159177796742
found:0.01924115471407912
writes:0.004757283388615557
attempts:0.03317979701918307
if:0.009642452082926753
of:0.0013988531335664652
even:0.012080283796877884
seen:0.01865082655123995
result:0.02543166878425541
never:0.0158556779198695
saying:0.021701835819888052
they:0.006711651974875854
who:0.009302538663552866
chance:0.02586372322311226
in:0.005113084946604043
recording:0.04123903984422821
or:0.004851161566209247
and:0.00412011598371356
subject:0.0001920644380720741
however:0.01724531585753175
i:0.009613603961998306
tape:0.20896099169804555
will:0.008153275862613557
the:0.004338146820080881
do:0.005167754812276955
see:0.01272939396698688
original:0.022202647577507048
would:0.020129129052612434
friend:0.024987046184840333
thought:0.019313571260372035
warning:0.030864322428772777
different:0.01818141653245502
destroying:0.04035247408578255
ka:0.045880320141879906
tapes:0.037540486253501884
experience:0.023828940825864373
wanted:0.043815251648145356
sold:0.02954336766217152
article:0.005829732951917993
playing:0.028815611189604986
check:0.023807996867537335
john:0.019291211507783065
s:0.004463570365870636
