some:0.00788876266981996
bench:0.03968113843897913
typical:0.03012571175494557
say:0.012821249826132051
circuit:0.031271382735892216
small:0.02019422905585143
case:0.01670007504936997
your:0.0085130555552788
much:0.011805384253783321
4:0.01678560475796405
ca:0.013895598622245414
led:0.08544890450331885
from:0.00572008280020389
my:0.012840733261220288
covering:0.036815211134112125
to:0.0009312156487100209
near:0.024356593091091387
day:0.017184479971370757
make:0.01189243569830881
that:0.009375800687418293
think:0.009728027213030779
through:0.01600988712178937
nt:0.014474565237616997
re:0.0025266250187714226
quantities:0.03968113843897913
on:0.003425735305670878
you:0.007510797154171917
them:0.01980890772340866
why:0.012025152568608153
a:0.0037743354752605273
other:0.00931964856643183
sorry:0.021469031653639357
price:0.021149622985432184
stanley:0.03341392299033866
also:0.01002362926810518
2.50:0.045936337599983855
others:0.018218433939651325
are:0.008687991643259806
no:0.007606390109341283
not:0.004073716274161925
have:0.006908792069562877
mistake:0.03018798645160046
ve:0.01233198445288807
buy:0.020316494089486256
selling:0.02817416983344284
absolutely:0.02704364016991645
details:0.02577582352898875
be:0.007817044015371234
found:0.018071084494979715
sort:0.021199062889601557
writes:0.004467989128497043
leds:0.1790330966933198
were:0.010481779036974994
if:0.004528043376779793
of:0.00262757548061809
future:0.02367909678593142
seen:0.01751665466636725
but:0.008990313814194734
visible:0.03204887820741104
they:0.025214043905614696
find:0.014300315795090475
now:0.011161583769447597
clear:0.02228209960936901
in:0.003601615578942375
or:0.00455615849799382
weeks:0.02459841138738588
and:0.0025797122600729047
for:0.0065949093833528516
subject:0.0001803848438649885
each:0.017202766198382537
summer:0.030410582098352856
i:0.005159424520145809
will:0.007657468546643814
the:0.0015278777229507832
sky:0.031495384136682084
do:0.004853499452070924
when:0.008835638127322541
around:0.01599455698076781
colour:0.03573799669540873
can:0.005841662111065632
did:0.011107507050290307
just:0.007935057861255987
dozen:0.03480913865062088
company:0.0227441083758875
current:0.021366525160343364
interested:0.01943970415820892
is:0.005446066761297242
write:0.02198766165532104
right:0.01310725401209662
blue:0.24304023410249853
matter:0.02041150683716583
light:0.047192090348733694
sold:0.027746811520552982
plastic:0.06877716501911715
article:0.005475222164301358
very:0.023557330970046586
charlie:0.03707021335021245
john:0.018118097294471933
s:0.012576411098432804
