some:0.01111939881079385
go:0.009263963103781558
at:0.004195071487878244
out:0.0056103671384783805
say:0.009035928448893065
checks:0.026779012844499652
all:0.00454318014593472
knows:0.01663791148162493
dos:0.050422176517770534
own:0.010792812550228549
with:0.008354676811279247
programmers:0.0273750278109473
such:0.009157224778418089
times:0.013383219721395365
copying:0.02714269369585477
my:0.004524829815858578
to:0.0026251412573158684
80:0.01903172203553957
most:0.00884093078079542
software:0.04022551269258938
t:0.012267966928573534
normally:0.02026596068628945
that:0.003303853575566446
think:0.006855942988231216
gee:0.024114175759092877
protection:0.020142725219680777
like:0.005545900302422254
really:0.009292360681861553
through:0.011283158542975368
nt:0.006800748111642272
anything:0.011053529287235256
re:0.0017806690608484312
package:0.037021552695773355
anyone:0.015932521425156106
this:0.0024999163731972336
off:0.010397416418839765
programs:0.01682467678235484
these:0.007888742729042584
you:0.005293323708654494
dont:0.023173174571906947
computers:0.02065604222185081
fun:0.019601203118732553
more:0.006054376313432029
a:0.0053200157175100765
how:0.0062636333201386875
hard:0.012877301917026235
dealing:0.022443817559990285
same:0.009248063573945774
as:0.00381006742960485
minority:0.02362046895206982
copy:0.09761748414466692
overall:0.022064829760379105
responsible:0.018623120071776297
far:0.0118541812958162
computer:0.02553050385871729
files:0.015758626498036617
are:0.024491862156237165
those:0.008837693591845525
manual:0.018712368556584588
missed:0.02069491512965634
it:0.006530579614094705
not:0.0028710000408379284
being:0.009265732999643563
try:0.011601855582587585
buy:0.014318291072590316
disks:0.041044865845652506
decided:0.017769681252468358
without:0.010701002308583311
dialog:0.026779012844499652
get:0.006258923691862488
spend:0.019524272451007386
things:0.021283104077526187
if:0.003191192475063854
of:0.00740726040250433
what:0.004383057633317292
but:0.003168015344049573
seems:0.01122136709229085
they:0.008884948804835655
who:0.030786973196044006
accept:0.017010057003155873
professional:0.02276431128330508
good:0.007714332625521425
one:0.004682432894169631
boxes:0.023478311984690386
in:0.002538281455635578
point:0.010483504577428861
or:0.012844027765773055
world:0.012005955660631796
install:0.021038811357331575
and:0.0018180829261466185
few:0.010883940480506128
for:0.0030985605991626095
subject:0.00012712836615246808
however:0.011414756686651968
i:0.0009090414630733093
we:0.006417828122447476
games:0.01585652519813679
will:0.010793384237174138
program:0.013222063963733693
than:0.006812387058187911
the:0.0017946500237834594
do:0.0034205615186023654
thing:0.010780630643452175
when:0.006227021156398743
disable:0.027789367701374107
would:0.00888237758194644
can:0.004116980916370064
protected:0.022387794504849397
once:0.012776339023451936
label:0.026249366963022394
last:0.010381726438378562
friend:0.01653904485568003
upgrades:0.027789367701374107
just:0.011184652985389391
here:0.008573337645825697
people:0.04300780400208907
interested:0.013700362930547239
is:0.0025587869227682277
number:0.011915546897132182
having:0.012461387582954103
disk:0.0333426569885703
ignorant:0.02380434912410687
matter:0.014385252437621633
experience:0.015772489403786418
serial:0.019711037751737298
hidden:0.024318580733935894
x:0.02900152370996288
first:0.008940737282814483
volume:0.021080952382460064
150:0.022443817559990285
comes:0.014400839701169104
majority:0.019632326790064866
going:0.02074110175285412
especially:0.014882360511892104
s:0.002954458480266754
