russ:0.8033703853349894
nelson:1.1379644805788092
proposal:0.33665726339985425
businesses:0.41555347941327736
of:0.013888613254695616
who:0.09236091958813201
for:0.023239204493719568
subject:0.0019069254922870211
governments:0.33375831482020574
discussion:0.24556228174929937
else:0.18046801609557547
