out:0.008925584083942877
there:0.006952871102857178
know:0.009347538830744712
posting:0.024993852704213945
programming:0.03324075217547978
your:0.009544941077130777
with:0.008861020860447688
from:0.006413426169925573
my:0.014397185777731839
single:0.024632020231154357
to:0.002088180545592168
recall:0.029627691023280472
h:0.026766531244655428
t:0.019517220113639714
perhaps:0.02188228437606095
that:0.002628065344200582
jeff:0.03193544915780603
think:0.01090718202673148
like:0.00882302320839904
nt:0.010819371995794523
could:0.011432645116106496
huh:0.03787055542471547
re:0.002832882596804322
package:0.029448962371637896
so:0.007740989374128183
this:0.003977139684631962
presume:0.08498475602914808
hooked:0.04367850726223722
getting:0.020546981607762773
couldnt:0.05574389206615934
you:0.012631795213834588
integration:0.04463527790863337
am:0.02476267207123281
contained:0.03889068334249014
a:0.007405703697670277
j:0.023137338329764112
series:0.027176896672482322
was:0.013416077789414933
as:0.012122941821469977
ram:0.029468614153282186
question:0.016537773358690184
far:0.018858924788798498
plans:0.03527056512636575
it:0.018181727334695485
catch:0.03671127370270392
neat:0.03968128951918895
suitable:0.03895924270248952
assembly:0.03902842818402947
device:0.03041026352205171
be:0.008764564502082899
asked:0.02554773408135175
writes:0.005009563568314866
of:0.0014730347391343837
future:0.02654929033574129
looking:0.01965064655611094
but:0.020160097643951828
year:0.03749637448802503
lines:0.026766531244655428
again:0.01849900862203044
up:0.010177730078427157
one:0.014898650117812462
in:0.002692116695371068
use:0.012596814604146576
and:0.0014462023276166282
still:0.01546749304719354
for:0.007394292338910773
subject:0.00020224967342438103
i:0.013015820948549653
44:0.03443017451494694
directly:0.02751894185982106
ago:0.04335099583885824
sick:0.03402456264428005
the:0.0005710250075674644
can:0.01309948473390475
did:0.012453871541234587
extra:0.029429361435539782
needs:0.0253738375959799
an:0.006802258625467703
during:0.022184617498503565
i/o:0.03909825132876374
is:0.002035398688565636
having:0.019824934791063346
nice:0.023937420126929985
rom:0.03817484361960437
leave:0.026766531244655428
article:0.006138885456943947
before:0.016107532327444277
project:0.05835811902140987
s:0.009400549709939672
