say:0.05270958261854287
circuit:0.12856012902533465
tel:0.1129291133138438
fax:0.08496231499676081
256:0.13575759291443812
re:0.010387236188282514
best:0.06764377999892872
you:0.01543886081690894
a:0.003879178127351097
manual:0.2183109664934868
it:0.009523761937221443
try:0.06767749089842758
achieve:0.1446769837303166
free:0.0802085498367982
order:0.07789769058701367
zone:0.1355626603405868
code:0.09001423639810267
email:0.07621940719355391
in:0.004935547274846957
for:0.009037468414224276
subject:0.0007415821358893971
power:0.07505153556029283
the:0.004187516722161405
level:0.09779264340538191
can:0.04803144402431741
regards:0.1147046554725462
current:0.08784015899252272
trade:0.1171967471203804
is:0.014926257049481327
lee:0.11853198053818656
hewlett-packard:0.16767883090974203
smart:0.13778606888707393
