another:0.008870021321554315
at:0.0035238600498177244
out:0.004712708396321839
circuit:0.01851265857964819
all:0.0076325426451703295
small:0.011954983601064045
take:0.02550898956402844
camera:0.10378280104727018
with:0.0023393095071581895
powered:0.022156141237267453
though:0.009942176806442719
high-speed:0.022156141237267453
into:0.014326431223859092
such:0.007692068813871194
from:0.010158867053162107
zoo.toronto.edu:0.04051181527527603
bits:0.017637513595867172
throw:0.01705348230613924
to:0.001653838992108997
design:0.01505266882970177
then:0.006383521399103213
martin:0.018578413485020828
apart:0.07370653503505735
that:0.004162855505213722
kinds:0.01823958669513218
bit:0.0109003367922228
really:0.007805582972763704
nt:0.005712628413779508
could:0.0060364366213042295
toronto:0.01606840118056233
need:0.007684807965988945
cant:0.022494370789379704
re:0.0014957620111126823
sunos:0.020255907637638015
so:0.008174484779079361
hi:0.025208133280115237
fair:0.01689079814721553
pieces:0.020358040845658676
on:0.00202803530095716
you:0.0177855676610791
henry:0.07320387589532328
them:0.005863436686128964
particularly:0.01606840118056233
a:0.003910211552369906
want:0.0075703918708487266
collision:0.023200196538745933
factory:0.02226573713401991
bring:0.015173467789156302
aa:0.023887597566452565
volts:0.02442172313695066
standard:0.012176178161848947
operation:0.017223064542009985
250:0.018280403375829146
deliver:0.024057836024127754
advance:0.012654004866706599
processing:0.01897293589878734
are:0.005143291052809805
no:0.00450298294473004
dick:0.020189239427697167
determined:0.01904678415014628
it:0.010971373751679102
dunn:0.022736869276645442
precise:0.022613782641978428
made:0.009302318207672005
utzoo:0.021945566303325767
buy:0.012027364500975864
between:0.009291463384185622
expect:0.013824884332633552
yourself:0.01402509868549837
johnson:0.018469414915231325
without:0.00898884193920998
be:0.0023138450285498853
writes:0.0026450495640702493
get:0.015772487703493467
battery:0.07541122700156735
were:0.006205213189889197
things:0.008938903712560998
if:0.005361203358107274
of:0.006999861080366591
even:0.006716637791064102
piece:0.01723884365517405
key:0.012823369484946303
breaking:0.020222434638955948
what:0.003681768411986525
but:0.002661132889001641
supply:0.016151861734418176
well:0.006731471640613379
easy:0.013254726257035231
spencer:0.037245716773442225
good:0.0064800394054379965
one:0.01966621815551245
rest:0.013066523333891236
in:0.004975031653045733
use:0.006651118110989392
and:0.005345163802871058
still:0.008166836328918188
for:0.002602790903296592
subject:0.00010678782756807318
i:0.003054379315926319
6:0.011753398530236778
suggestion:0.01851265857964819
cameras:0.022736869276645442
discharge:0.02299502336119573
news.cso.uiuc.edu:0.018342420121973006
voltage:0.04136217254447301
information:0.00975528513793506
flash:0.043994359845338796
the:0.006331525283908046
do:0.0028732716756259867
thing:0.018111459480999653
when:0.01569209331412483
svr4:0.02372430958837155
cassette:0.09458039631674732
may:0.007444102109759323
an:0.003591592554246947
just:0.0046975542538635435
note:0.011846756395513991
people:0.00602109256029247
film:0.10378280104727018
is:0.0075228335529385895
life:0.01116151741315484
article:0.0032413315212664042
little:0.009381354807593856
charlie:0.021945566303325767
u:0.015126573934372063
brett:0.020951720866131767
bin:0.026043583569383317
needed:0.013343290760544085
mine:0.013060956179199945
s:0.004963490246848147
zoology:0.02204946824893881
