some:0.013192507063653719
reference:0.02108267267242008
frequency:0.05648489622669426
go:0.010991142665503544
there:0.010370384017820875
circuit:0.05229564570522087
anyway:0.01722324193019511
take:0.01200988209229211
text:0.020432563464596425
with:0.003304109473387273
way:0.019574834119169982
led:0.02381626716853331
to:0.007007792339444903
sound:0.03899642134608396
look:0.013396431210598364
then:0.01803254632515032
born:0.02428205061040379
h:0.019961480928217607
that:0.0019599131380478915
quite:0.015006776170109613
control:0.017229572146559454
like:0.006579881714738267
asking:0.0202566825685785
me:0.006121969945788388
need:0.010854248539532409
re:0.002112658207786274
this:0.002966002476674684
implied:0.03025120922479601
something:0.01124667410826849
these:0.00935952527174544
certain:0.03724649708203965
on:0.005728913279539999
you:0.0062802145695900775
m:0.015466832905266351
a:0.003155941527336486
how:0.007431429362876408
other:0.007792700496225485
want:0.010692643885379556
as:0.00452041898427694
let:0.013023377077699575
chip:0.09131085756506424
based:0.017067248654805325
express:0.02630347229762869
it:0.013559254283501717
not:0.003406271234892457
should:0.00928142453239254
only:0.0075341030410694156
color:0.020873627720923084
without:0.0126961044339124
be:0.006536285391383857
which:0.007298826737387106
breaks:0.031218148525337414
sort:0.017725770099779832
writes:0.003735945711963629
leds:0.07484999522771561
if:0.007572321127270161
of:0.005492671908636685
gives:0.04109067204289384
looking:0.01465471946557426
what:0.005200237870037465
explain:0.020311059480297197
but:0.003758662272601188
again:0.013795870836768464
easy:0.03744272953964754
good:0.009152598030279657
one:0.005555428857489392
shack:0.032203195910336165
in:0.0010038401236976864
minute:0.025268149007872144
1-2:0.03328732589796387
replacing:0.031689231061716235
or:0.007619338505119608
force:0.020192113665620178
use:0.028182703860124544
better:0.025267975946908508
and:0.001078523769747994
for:0.01102877501396861
subject:0.00015083026492665705
each:0.014384233883393306
costs:0.023255664717140315
guide:0.02656179009049928
i:0.003235571309243982
possible:0.014559161711664305
voltage:0.029210573830842523
any:0.01156256798066449
detecting:0.03449395923298115
information:0.027557302649534068
flash:0.03106946316761214
the:0.003832642423673151
do:0.004058293327155348
cassette:0.03339703259772151
would:0.0052692070401377175
can:0.004884553629591601
law:0.016987802967480033
radio:0.020267516162529187
an:0.0050728708393318455
about:0.005565063165660291
is:0.007589622228549827
levels:0.02590737305363419
either:0.01414442207408677
provided:0.02281336403166409
guess:0.016927442163478267
volume:0.025011299436817024
every:0.013740952129589808
article:0.004578151866195486
respond:0.02284750140147179
needed:0.018846455876474696
tone:0.061566680766650776
s:0.007010579444700772
