reference:0.02028061447292584
large:0.01627192456460639
at:0.0047878533285566904
out:0.0064031364080459775
mark:0.016324043284196687
help:0.02326187739175866
all:0.005185151253512452
take:0.011552984403998387
own:0.0123178838888478
much:0.009495635160651801
c:0.014054878779505215
ca:0.011176894543980005
my:0.010328415884025013
to:0.005243148978606422
compressed:0.029479672797415406
enough:0.013218198515964109
next:0.014556413172549866
jeff:0.02291021352625215
docs:0.02981734552082305
through:0.01287751790230884
nt:0.007761723388287375
its:0.011238176934968315
me:0.00588906891524209
generally:0.021014942897951625
re:0.0020322853411857095
prefer:0.02231808752740131
amount:0.020208788106667545
borland:0.03280672778668866
on:0.005510965491731412
you:0.0030206466815691406
books:0.039681933837458265
them:0.015933251864480878
m:0.007439210391935174
a:0.0030358785344486846
how:0.007148711941462632
closest:0.030643520560489492
richard:0.020304769102058577
hard:0.014696920666171245
want:0.0102858585201749
corrections:0.031243238262494193
old:0.01439083196925176
copy:0.055705629539076235
compiler:0.0304054628286504
also:0.00806248441130199
course:0.01329430326032619
across:0.020973718053444796
are:0.006988167191317668
manual:0.021356507591754146
book:0.0169005353841504
reason:0.014522890891350695
licensed:0.02974811168507615
it:0.0018633447268476737
not:0.0032766848292172003
have:0.0055570718820397045
spread:0.025333243762113846
desk:0.029100348004287464
probably:0.012974041929506568
ve:0.019838409772037328
bed:0.030978074326790762
disks:0.02342234192279083
open:0.017961742275833494
manuals:0.05312253635782361
usually:0.017922558381448985
his:0.01002407087774596
which:0.007021153981073466
writes:0.007187634684973503
things:0.012145249609457879
of:0.005283711564286376
even:0.009125866563945791
seen:0.014089483101208439
but:0.010847009058430602
fact:0.013034060481678473
using:0.02396109324614044
windows:0.014930473812084247
they:0.0050702153505855635
find:0.01150242792213799
good:0.008804401366084234
one:0.005344081020519687
in:0.004828252768872024
system:0.012147947441535462
or:0.003664736183168942
rather:0.013986324200613387
and:0.005187464870798775
subject:0.00014509215702183858
each:0.013837007594351169
space:0.0166169171603973
i:0.00829994379327804
faster:0.0211972881923605
ms.uky.edu:0.033870557010200045
program:0.030180798178087772
detailed:0.026876416318315874
than:0.007775006968584027
the:0.004506132124934556
when:0.007106926319802912
got:0.012022575117557468
would:0.010137496153308435
can:0.004698728219770181
hate:0.02188037631824907
because:0.028772646177627943
protected:0.02555128720662159
eric:0.02167406782781851
instead:0.01667246908469914
come:0.01304996562211635
bought:0.01990806385254598
convenient:0.02974811168507615
shelf:0.02981734552082305
an:0.004879881187835526
just:0.0063825465405754666
lab:0.04684468384558166
is:0.002920354640115912
stuck:0.025845130800481786
white:0.01847265840119887
easier:0.022699313665264134
primary:0.025007355366637993
on-line:0.0320209602388022
article:0.008807966090397837
full:0.016791643934365507
three:0.015861347861263437
documentation:0.02433219775814772
online:0.027521613638095126
while:0.011795339705861534
four:0.01906546821208138
s:0.0033719363090000997
