feeling:0.02021591134532186
at:0.004078541724326069
out:0.010909047213707961
there:0.004248976785079386
lead:0.01788988258157366
final:0.017854853690910163
case:0.011442644015309053
hand:0.043850547992398244
your:0.017499058641406422
with:0.010830136607213839
much:0.008088874396110793
floor:0.022758549617425128
high-speed:0.02564368198757807
into:0.00829075881010364
from:0.003919315992732294
zoo.toronto.edu:0.04688867508712503
feet:0.020333620134052464
several:0.013048385981793502
ground:0.03589771910553093
to:0.0006380551667087179
that:0.0032120798651340443
nt:0.009917757662811645
affect:0.045383870184367854
toronto:0.01859768655157677
its:0.019146523666983054
sitting:0.02101757173362017
re:0.003462412062760838
started:0.015181689240689375
sunos:0.023444337543562514
this:0.002430474251719532
balance:0.0232166049315682
reduced:0.023143117203992786
internal:0.03669043903815123
on:0.007041789239434582
you:0.00771943040845447
henry:0.08472670821217972
them:0.006786385053390004
why:0.016478912779203762
a:0.0012930593757836991
how:0.00608964350569039
factor:0.020948983373503777
same:0.008991172919113945
was:0.004099357102321229
collision:0.026852079327252233
as:0.003704232223226937
surrounding:0.025225237258558304
question:0.02021283410506578
considerably:0.025399960999219633
no:0.005211785815659767
dick:0.023367175263538386
determined:0.022044889062669305
reason:0.01237135150003948
place:0.012589942672761228
it:0.007936468281017869
not:0.005582500079407082
dunn:0.026315820922043334
heat:0.10578937138790014
whether:0.026457949860016892
utzoo:0.025399960999219633
between:0.03226202563953341
acid:0.024249676928393245
batteries:0.0244386676437648
feel:0.014103132797436007
be:0.002678061375636441
myers:0.05721795144806839
which:0.011961966041828868
writes:0.0030613999584146404
battery:0.08728151273329554
if:0.003102548239645413
of:0.005401127376826073
kept:0.018489701956361914
key:0.014841862829798961
what:0.004261306032391811
but:0.00924004475347792
loss:0.03940603466778503
spencer:0.043108468487780355
bob:0.03411115753730648
in:0.0032903648498979715
external:0.019879742211230615
rather:0.011914276170892885
better:0.010352851256025013
and:0.003535161245285091
for:0.0015062447357040462
subject:0.00012359702264823285
rate:0.017984609766163197
concrete:0.05011373707108999
any:0.004737441047633367
water:0.018981931549590512
will:0.015740352012545616
than:0.026492616337397426
the:0.00558335562954854
uh:0.023808426095965816
when:0.006054048346498777
svr4:0.027458691653207808
greater:0.019532791186730066
major:0.015168648021841629
because:0.008170010643030157
quickly:0.019651289090382676
an:0.008313871653349413
dirt:0.025770529090300823
here:0.008335189377886092
is:0.008706983278864107
object:0.03916641014937928
unlike:0.021351813822529844
average:0.01796074564306753
production:0.044441437829646165
time:0.007312546156961637
presumably:0.022826136651782316
temperature:0.16785939425399427
does:0.005641151918229283
significant:0.019272813858814655
underground:0.0273670128231329
article:0.0037515411125768564
u:0.017507608720338033
difference:0.014847934476085123
comes:0.014000816376136628
going:0.01008248001874853
by:0.004585349420449843
s:0.002872390189148233
zoology:0.025520217880716213
