some:0.008981052885641187
at:0.006776653941957162
say:0.014596499802058027
resistance:0.07518882069107342
there:0.021179515051780326
circuit:0.03560126649932344
controlled:0.03732821396724844
with:0.008997344258300729
gain:0.03527388484994809
often:0.023902464525220816
to:0.004240612800279479
building:0.029234365914143474
caps:0.03962886554070685
matthew:0.03297132569862689
enough:0.018708834822595357
that:0.0026684971187267447
memory:0.026012555585902427
control:0.04691745030678498
provide:0.025976582140641646
cds:0.0918753752555868
could:0.023217063928093192
circuits:0.04360548563557997
re:0.0028764654059859275
glenn:0.04292631173445937
he:0.01223179390400181
hi:0.0242385896924185
wiring:0.044890517056065865
you:0.012826130524816659
used:0.015188180833360505
input:0.0328242407644209
a:0.005371169714793828
how:0.010118176901762496
other:0.010610061444860854
low:0.02612149646138323
as:0.006154724309361681
worked:0.029570491081341153
local:0.02351064193781502
let:0.017731828790406346
also:0.011411516397535126
output:0.031441216837954776
d:0.014014186325977196
reported:0.03176436613085895
regions:0.0456236722853299
probably:0.018363259346378526
networks:0.03895366853391926
cmos:0.08978103411213173
charge:0.031663481961029506
earlier:0.030353434883725328
after:0.014840105289730395
allen:0.0342617590208041
has:0.008190572876050392
network:0.028257612846381362
sort:0.024134317751238695
gates:0.18506027710867504
writes:0.010173267554116345
leds:0.05095557367425256
were:0.011933102288248456
of:0.005982787248176574
even:0.025833222273323474
using:0.016957081374191697
up:0.01033431054117219
errors:0.033030956289429335
in:0.0027335338752998537
visit:0.037758665149156476
or:0.005187011213100657
and:0.005873806376781383
few:0.017581750006971437
ttl:0.049553100160452904
subject:0.00020536120686167922
i:0.0014684515941953457
cells:0.0840165195053408
power:0.020783502155158017
the:0.0028990500384194345
do:0.005525522453126898
serve:0.032208527628470617
can:0.006650507634136257
may:0.014315580980306391
about:0.007577047540937474
ma:0.03085552250182705
is:0.0020667125145435684
vary:0.07830015709868722
build:0.05740973943105161
light:0.08058956967245293
paper:0.029666526132589195
easily:0.028453190526118364
transfer:0.03495986950748459
dark:0.0354768598897419
words:0.02544507024236442
very:0.013409557629103442
function:0.031638466304211216
by:0.007618734421670509
high:0.02151787558185786
