some:0.004844551349101054
at:0.029243651865707255
out:0.004888701655935518
there:0.0038082115584114
know:0.005119813799412041
all:0.007917575358060508
with:0.004853339226469272
frequencies:0.07514238065664788
such:0.007979324495717007
from:0.0035127479436936745
often:0.025786891189034905
to:0.0028593343570349184
real-time:0.024694108317055628
band:0.0827101742433089
most:0.015407431236240979
cases:0.015268819910731916
software:0.01168375887336621
that:0.005757753119244429
terminology:0.024610279655987083
control:0.012654084107639102
like:0.004832527234475822
re:0.001551620343477886
voice:0.015047694196830573
described:0.01721729570007607
this:0.002178350366686386
amount:0.015429116230816714
on:0.0021037710590841906
relative:0.040855763292057326
used:0.024578383921205794
market:0.016227615000302998
them:0.006082403201378593
3:0.019431252652594353
more:0.01055119523502677
a:0.0057946229288232155
richard:0.015502396326882899
same:0.016116957265797614
low:0.014090433775849875
khz:0.050281417166827984
as:0.009959927305606037
misleading:0.02495626143581717
stuff:0.012130359139724572
are:0.010670728325331544
dick:0.02094319442707175
d:0.0075595195949254585
508:0.023994429012342798
contain:0.01945978758515873
have:0.008485487355147765
energy:0.11416444059319297
per:0.014675622886195092
completely:0.014925284800993654
whose:0.07765106743777943
hz:0.16950361212041468
has:0.008836302687855195
writes:0.0027438273486205906
of:0.002420422226959402
density:0.04642825859312592
adjust:0.022983549001314784
equal:0.03700087418864684
street:0.016547836017919527
again:0.010132237087585138
david:0.010358693939188772
in:0.00221178052150818
5:0.043134819699878556
or:0.0055959457070795466
and:0.00396055409222811
few:0.009483931539030235
for:0.0040499858453785145
subject:0.00011077575473866513
i:0.0007921108184456221
room:0.016547836017919527
rate:0.03223797269287346
world.std.com:0.019070856142574883
20:0.05219638752540448
noise:0.2850877726317104
will:0.009405023609155887
the:0.0015638029252884916
wrong:0.032905668757218176
constant:0.10291075684511745
around:0.00982238354005658
db:0.02421480173148781
1000:0.019388449823580418
17:0.01631661310572824
audio:0.020582151369023492
dynamics:0.02358596397992266
ma:0.016644057781068533
spectrum:0.022557598154592448
is:0.011148241779695598
dependent:0.022818651372063688
1/2:0.01968146877467566
white:0.07051803207096664
does:0.0050559701839731335
bandwidth:0.08868532335586338
1:0.008126655153214559
too:0.008101733891553928
amounts:0.020875170320118736
precisely:0.020677543560827225
article:0.0033623770967493817
little:0.009731695858499851
random:0.03703902945212094
wide:0.07139978186493953
consulting:0.02486702406975508
thus:0.01382305009492243
pink:0.17113276675343253
high:0.01160715280349179
built:0.015321566946368272
range:0.016595667989583708
s:0.0025744244018921923
