thanks:0.03691456749844746
controlled:0.08986421881004253
i.e:0.06397294438843339
stand:0.07292108434197152
with:0.010830136607213839
buffer:0.0981445485231672
receive:0.07930405132417602
require:0.07184298257227012
recommendations:0.09979172419013935
reply:0.06650363924731749
you:0.010292573877939293
am:0.030265488087062323
a:0.01293059375783699
also:0.027472169105177153
computer:0.04964264639195028
d:0.0674757119398902
not:0.011165000158814165
have:0.009467603947178755
received:0.07165353316021798
suitable:0.09523370438386326
baud:0.1004492554578599
device:0.07433619972057084
1200:0.10387025736895876
be:0.010712245502545764
which:0.023923932083657735
of:0.007201503169101431
looking:0.04803491380382674
what:0.017045224129567244
alone:0.07109654324841655
please:0.035470654757504716
asynchronous:0.12267082551208948
cpu:0.08282337730358091
for:0.01204995788563237
subject:0.0004943880905929314
i:0.007070322490570182
info:0.05454436035911847
any:0.01894976419053347
will:0.020987136016727487
would:0.01727128974267363
extra:0.07193843906465279
is:0.004975419016493776
receiver:0.10090094903423322
uart:0.11868728144510901
nice:0.058513693643606625
project:0.0713265899150565
data:0.054339733763070594
