computing:0.04406526746645497
form:0.034478595196786824
estimates:0.05876513850288772
employees:0.05622660892429271
owned:0.050899791492805824
companies:0.04016800349078522
corporate:0.0540854952806959
to:0.006960601818640559
obviously:0.03719083920026219
then:0.01612000353308892
software:0.028442281701830878
been:0.014820609971933732
that:0.0035040871256007762
think:0.014542909368975307
nt:0.007212914663863016
re:0.0037771767957390967
package:0.03926528316218386
lost:0.07079810756197677
so:0.010321319165504245
anyone:0.016898128784256478
this:0.01590855873852785
distribute:0.05695361397101078
you:0.005614131206148706
them:0.014806658298305464
more:0.012842616422431575
a:0.005642440912510688
how:0.013286494921506306
wondering:0.03635286365512421
jeffrey:0.055548434148155044
was:0.017888103719219912
as:0.016163922428626635
copy:0.034511231768316594
business:0.03653094680033907
thread:0.04204977569195925
purchase:0.04406526746645497
due:0.0334862877262473
follow:0.0381514374991645
interesting:0.0330103491103173
copies:0.04560832559324699
disks:0.04353243347266175
has:0.021510595432051537
environment:0.04240054045331107
if:0.013538392318452714
of:0.007856185275383381
seen:0.026186514046690434
what:0.009297394979763953
tend:0.043026303977165
they:0.00942343055058327
in:0.001794744463580712
or:0.006811226845485711
and:0.003856539540311009
few:0.023087146473800876
for:0.00328635215062701
subject:0.0002696662312325081
i:0.003856539540311009
group:0.027243595301077225
any:0.010336235013018256
will:0.022895057472793627
the:0.003045466707026477
do:0.007255736554611078
intended:0.04109645310077399
would:0.0094207034960038
major:0.033095232047654466
home:0.02958952577637726
protected:0.04748926107089266
forum:0.051584868223500384
an:0.009069678167290271
many:0.01871920229876862
environments:0.06097412033081529
revenue:0.11647601936596594
is:0.005427729836175029
discussion:0.03472597923727466
guys:0.03923914858071971
pirates:0.058068240811100326
