public-key:0.16273314977062955
there:0.02353279450197814
discussing:0.12477863231026814
thanks:0.051112478074773406
specifically:0.10377032440399131
someone:0.05649892601700051
to:0.0035338440002328996
could:0.038695106546821983
me:0.027784325138578068
tools:0.22817809518813698
am:0.04190606042824014
a:0.010742339429587655
compatible:0.11552723904665936
also:0.03803838799178375
pgp:0.11653289835828194
looking:0.06650988065145241
macintosh:0.12040015194121999
toward:0.11467852242034281
email:0.07035637587097283
point:0.05644964003230925
for:0.041711392681035124
subject:0.0006845373562055973
i:0.004894838647317819
source:0.07998122978717498
the:0.0038654000512259126
development:0.19934682220801037
is:0.006889041715145228
dedicated:0.13970900635509215
james:0.17741506500702703
