go:0.02431790314742659
at:0.011012062655680388
all:0.011925847883078641
small:0.037359323753325145
with:0.007310342209869342
from:0.010582153180377196
often:0.07768300970696766
both:0.028071301028852975
to:0.005168246850340615
most:0.023207443299587974
problems:0.06857683089729433
through:0.029618291175310337
re:0.0046742562847271315
so:0.012772632467311501
this:0.013124560959285476
describe:0.058407705093536016
reply:0.044889956491939303
amount:0.046480212645335355
two:0.023309867908166394
you:0.013894974735218047
nelson:0.06638126136709721
size:0.045010964213323346
bill:0.03869392344614647
why:0.02224653225192508
a:0.0017456301573079939
uunet:0.09442480781043214
as:0.010001427002712731
equipment:0.05043697390675737
are:0.008036392270015319
no:0.014071821702281374
likely:0.0413301100616216
it:0.00428569287174965
deleted:0.04391724371247921
have:0.006390632664345661
postings:0.05758323049613855
has:0.013309680923581889
bogus:0.07413846746366108
writes:0.008265779887719529
of:0.007291521958715199
short:0.04328722332026585
looking:0.03242356681758305
oh:0.04037145230176842
yep:0.07085891415781745
they:0.011661495306346796
rf:0.06857989469789302
david:0.031205565491806177
difficult:0.046590103462974986
in:0.002220996273681131
rather:0.032168545661410794
and:0.004772467681134873
subject:0.00033371196115022873
transmitter:0.07661910419770906
cause:0.03941876416677584
house:0.0429733993061274
power:0.033773191002131775
signal:0.056319529035246445
the:0.0028265737874589485
do:0.008978973986331209
home:0.036617038148266855
return:0.04612959634771161
problem:0.026444566150569806
makes:0.034912223528149676
different:0.0315902112251406
is:0.0067168156722665975
addresses:0.06024024852093446
transmitted:0.06765354504597149
seem:0.034496406936196725
