ian:0.15454624157271665
sells:0.07074392728050699
gs:0.08740160905344574
with:0.008237005306895032
iastate.edu:0.135384445073448
1980:0.0757351025896683
themselves:0.04558380586370166
software:0.03965895617579235
that:0.004885980639922209
r:0.08733013427406
re:0.0052667676447629656
tools:0.06266863177702355
path:0.06247786804311147
two:0.026264639896525513
more:0.017907310222827124
a:0.0039338144390039295
mac:0.048327917391706145
stuff:0.04117488102357214
schmidt:0.17407151426454612
computer:0.037756378945990356
meg:0.0655734450236659
it:0.004828949714647492
choose:0.11193812646161291
mitchell:0.15179586214838098
uses:0.04809852295544278
free:0.04066912386091177
which:0.01819566665517631
writes:0.009313554803064259
of:0.005477199593401089
macintosh:0.06613529472827577
called:0.03777823233601034
clear:0.04644719355192413
author:0.05695785560648601
in:0.0025025310125984575
use:0.02341942996827251
and:0.008066142559664573
for:0.02291189175437141
subject:0.0003760134773523704
austin.ibm.com:0.07349475477798256
i:0.005377428373109717
will:0.04788614133394159
the:0.004246495830924242
intended:0.057303505027839784
development:0.05475018356417186
apple:0.10685540696588945
n:0.05156359853245636
request:0.05493381728724411
article:0.011413139159388746
s:0.017477078333972346
