played:0.04408916327341658
small:0.03248636848115229
send:0.06376841567122223
chris:0.04170377437955761
cnn:0.05650771199325718
with:0.006356819312929862
c:0.05621951511802086
hell:0.037101966570455384
work:0.02201165721728591
to:0.005992170261264482
near:0.03918234540740788
that:0.007541404900749496
think:0.01564943508183212
protection:0.04597795974057568
re:0.004064570682371419
so:0.011106636928096957
anyone:0.018183855974362947
abc:0.059774945442036403
on:0.011021930983462824
vhs:0.06716889952599334
a:0.009107635603346055
how:0.014297423882925264
was:0.009624577544580277
as:0.008696893045837156
idea:0.03013452494848648
copy:0.037137086359384154
demand:0.05149081444152665
video:0.03799686079201112
pat:0.13216761624860152
place:0.02955899584039593
police:0.03995199903948578
it:0.01490675781478139
cool:0.04990029320080873
have:0.0055570718820397045
buy:0.03268305570917354
kind:0.029951377140902822
always:0.02887995758694247
be:0.006287622360189905
stereo:0.05609749103692188
writes:0.007187634684973503
if:0.014568487386161072
of:0.0021134846257145506
they:0.010140430701171127
who:0.01405492254602009
or:0.007329472366337884
subject:0.00029018431404367716
i:0.00622495784495853
tape:0.18040731581384056
the:0.002457890249964303
see:0.019232453928382347
strong:0.03924622158663598
would:0.04054998461323374
an:0.009759762375671052
thought:0.029180287012953398
is:0.005840709280231824
field:0.042309324455796805
wanted:0.06619913020752397
christmas:0.0658577257456823
needed:0.03625894228408719
check:0.03597077787595314
john:0.02914650434328093
news:0.0333573534365589
