since:0.01818928748548801
week:0.015671994565479925
at:0.008008772840494827
out:0.010710700900731453
say:0.008625204428488834
there:0.008343445323428613
thanx:0.022057580980646804
know:0.011217046596893652
all:0.008673343914966283
where:0.008397530901062553
with:0.002658306258134306
frequencies:0.08231506244660064
from:0.003848055701955343
wrote:0.01170715897587664
to:0.006264541636776504
sound:0.015687196768765593
most:0.016878140581518524
cases:0.016726298174938144
that:0.011037874445642443
trap:0.026609619799803447
control:0.013861973954277379
like:0.01588144177511827
really:0.008869980650867845
nt:0.012983246394953426
believed:0.01986740785840708
suppose:0.01751881357105077
happens:0.01698217052172172
me:0.00492540309274793
re:0.0016997295580825932
this:0.009545135243116709
he:0.007227878216001069
on:0.004609171138538999
you:0.01010543617106767
used:0.008974834128803934
market:0.017776614613968282
etc:0.01055601812481016
them:0.0066629962342374584
a:0.002539098410629809
how:0.017936768144033513
wondering:0.016358788644805895
low:0.015435429727180998
was:0.00402482333682448
as:0.003636882546440993
surface:0.04149987039355014
question:0.00992266401521411
stuff:0.026576514115214743
act:0.016961968468265247
silicon:0.024710823432985363
are:0.014611622309118763
it:0.003116867543090654
not:0.0027405000389816585
have:0.009295465693593687
made:0.010570816145081824
due:0.030137658953622568
states:0.015694816979344012
able:0.023976956601006082
hope:0.013129370625636568
hz:0.026526214624038917
be:0.007888108051874608
asked:0.015328640448811048
writes:0.0030057381409889197
if:0.00304613827165186
of:0.0026514625304418908
seen:0.011783931321010695
what:0.004183827740893778
adjust:0.05035486644833512
equal:0.020266387907872472
lines:0.016059918746793255
seems:0.010711304951732172
they:0.008481087495524942
david:0.03404243508197037
one:0.004469595035343738
in:0.0024229050258339608
feature:0.021477757227746717
nearby:0.024187781024872693
and:0.0052063283794198615
few:0.010389215913210393
for:0.007394292338910773
subject:0.00012134980405462862
however:0.010895904109985968
i:0.003470885586279908
appreciated:0.015385282359892012
room:0.03625480436653278
power:0.012281160364411554
any:0.004651305755858215
information:0.011085551293108021
noise:0.20820046425527944
the:0.002055690027242872
do:0.003265081449574985
when:0.005943974740198799
around:0.010759974696152889
would:0.008478633146403418
because:0.008021464994975063
did:0.014944645849481502
regards:0.01876985271368938
last:0.009909829782088627
just:0.005338129833935845
many:0.00842364103444588
about:0.004477346274190325
audio:0.02254681127243028
dynamics:0.05167470290146691
is:0.003663717639418144
white:0.015449859753729964
lack:0.017634186631375393
drawn:0.022830994713254525
does:0.011077171039432046
man:0.013172951539978175
himself:0.017012642956822584
too:0.008875081217565892
amounts:0.022867800214311885
professor:0.023293643323754262
article:0.003683331274166368
pink:0.18746816721626014
high:0.012715108298370551
built:0.016784080154885243
range:0.01817979993404397
s:0.005640329825963803
