tv:0.12421839528693977
rumors:0.09125302104106521
much:0.028642571632130024
beast:0.08872596071602819
my:0.015577282972627891
to:0.00903737154157922
apart:0.07551899081460793
that:0.005686961072696341
scott:0.06265700087166404
this:0.017212538962997345
recently:0.054251009255535894
fix:0.2139363422547779
took:0.05533445371174884
a:0.00686805307793309
how:0.02156332782342827
part:0.04015118217070946
have:0.008381157592584473
color:0.06056773945251453
heard:0.044305694416719256
which:0.02117856282815603
get:0.021547114349034793
of:0.006375101166089792
together:0.058343708876233295
easy:0.054322648594406685
clean:0.07117774085207058
and:0.003129487004022868
for:0.005333587916591377
subject:0.0004376550310166934
i:0.009388461012068602
back:0.03453043803389406
noise:0.07508869202649422
will:0.018578776145955482
the:0.004942642688452807
thing:0.03711364647745831
when:0.021437285948257966
got:0.0362648167480422
jr:0.0766002689751292
sony:0.08329387652005373
put:0.040778021304045564
simple:0.05408505831075805
rid:0.0756943234230792
is:0.013213407879868716
volume:0.07257377049699366
john:0.04395866228822698
