thanks:0.026937657363731934
with:0.007903072659318208
powered:0.07485182850428193
work:0.02736584410797708
trick:0.06713382539621461
my:0.012840733261220288
to:0.0037248625948400837
that:0.009375800687418293
me:0.014643090275737092
phone:0.0396938800839131
these:0.022386972609445173
american:0.04360858401875967
europe:0.055581089453344036
m:0.036994992219353304
sure:0.029487081353502753
a:0.0037743354752605273
how:0.01777517563823141
same:0.02624450473687314
wondering:0.04863423651158509
sweden:0.07190961926313504
question:0.029499811937123033
universal:0.06643036104545715
are:0.008687991643259806
d:0.024619516518608588
it:0.009266362965945189
have:0.006908792069562877
plug:0.06409775641482209
buy:0.08126597635794502
calendar:0.08316514795144725
if:0.018112173507119172
germany:0.05682088828631469
but:0.008990313814194734
in:0.00240107705262825
and:0.007739136780218714
for:0.004396606255568568
subject:0.000360769687729977
i:0.015478273560437428
special:0.04723934044412193
phones:0.06692907127431459
the:0.004074340594535422
do:0.009706998904141848
around:0.03198911396153562
would:0.012603373596005083
can:0.035049972666393786
different:0.0341515797028547
general:0.03984365355523718
is:0.003630711174198161
touch:0.06451616486892975
days:0.040246657088515846
electronics:0.06095110282777924
dc:0.0605016809121511
adapter:0.06755288264949247
wall:0.06062856929525704
tone:0.07363042226822425
s:0.00838427406562187
