some:0.00788876266981996
all:0.006446404261123589
watch:0.025974080003880743
fax:0.020666509053266145
with:0.003951536329659104
powered:0.037425914252140965
work:0.01368292205398854
trick:0.033566912698107305
my:0.006420366630610144
pulse:0.04021135205682707
08:0.042680674850708596
to:0.0037248625948400837
most:0.01254456394572323
been:0.00991378640014486
make:0.01189243569830881
that:0.004687900343709146
think:0.009728027213030779
swedish:0.07988209148373929
me:0.007321545137868546
re:0.0025266250187714226
so:0.006904125658006217
phone:0.05954082012586964
two:0.012599928599008861
these:0.011193486304722586
set:0.017901449892742713
american:0.021804292009379837
europe:0.027790544726672018
28:0.029882198670599644
8:0.039898530842890086
m:0.018497496109676652
sure:0.029487081353502753
a:0.0018871677376302637
how:0.008887587819115705
same:0.02624450473687314
wondering:0.024317118255792546
sweden:0.10786442889470256
connections:0.037898607418403875
modified:0.03336368664920678
question:0.014749905968561516
universal:0.03321518052272857
science:0.022848866393022402
computer:0.018112857467333213
are:0.004343995821629903
internet:0.01930090502104464
d:0.012309758259304294
it:0.004633181482972594
not:0.004073716274161925
46:0.0701235142211285
have:0.006908792069562877
plug:0.03204887820741104
only:0.009010379988305992
buy:0.04063298817897251
calendar:0.041582573975723625
holds:0.033166395063448255
be:0.003908522007685617
virtually:0.033670864852428116
writes:0.008935978256994086
things:0.015099499514461146
if:0.013584130130339378
of:0.00262757548061809
germany:0.05682088828631469
institute:0.026300390877927748
but:0.004495156907097367
accept:0.02413589169366712
box:0.02140904736963924
in:0.0048021541052565
and:0.005159424520145809
for:0.0065949093833528516
subject:0.0001803848438649885
i:0.009028992910255166
special:0.023619670222060966
phones:0.033464535637157296
the:0.003565048020218494
do:0.004853499452070924
older:0.029852367466483988
around:0.01599455698076781
would:0.006301686798002542
can:0.035049972666393786
many:0.012521628564716848
different:0.01707578985142735
15:0.04515960448622492
general:0.01992182677761859
is:0.0018153555870990806
touch:0.032258082434464874
days:0.020123328544257923
electronics:0.03047555141388962
dc:0.03025084045607555
72:0.035257618846194334
handle:0.05489671468552302
adapter:0.033776441324746234
wall:0.03031428464762852
article:0.010950444328602716
tone:0.1472608445364485
s:0.004192137032810935
