some:0.005507249411006387
there:0.004329146158382771
all:0.004500319955878732
watch:0.018132848304595987
where:0.008714418859593216
with:0.0027586197018374873
powered:0.026127525043947466
work:0.009552228603727847
trick:0.023433505091131512
both:0.01059294378447282
my:0.0044821427421240624
pulse:0.028072075964200027
to:0.003900563660634427
0:0.017288473058822793
make:0.008302266430894828
that:0.00818171286402068
think:0.006791264280795071
swedish:0.027883371555644843
me:0.005111267360398796
need:0.009062273544798284
re:0.001763870296123446
so:0.009639722616838868
phone:0.02771082194537329
this:0.004952664512937915
two:0.008796176569119393
these:0.007814320627825201
on:0.0023915510624494805
set:0.012497238604367552
pushed:0.024089160160974232
you:0.007865080038802668
american:0.01522186423296328
numbers:0.016640294344333482
none:0.017087312417081574
europe:0.019400946318620084
m:0.01291334634071766
more:0.0059972595557581405
sure:0.020585320944898147
a:0.003293641806241498
how:0.0062045424397600205
other:0.006506169753924107
same:0.0183216353823454
bigger:0.021987343642589377
wondering:0.016976101423855174
norway:0.027196051691581666
sweden:0.07530158243592443
connections:0.052915036772865784
question:0.010297104166731625
universal:0.02318795621398032
town:0.021009569210870434
estimate:0.027442210904650394
are:0.009097802569828664
d:0.008593604822533185
it:0.0032344851862261504
not:0.008531745404376862
couple:0.01488675374837037
have:0.0024115594959794946
plug:0.02237374516366431
only:0.006290265274855125
interesting:0.030830420395485024
buy:0.028366425709848736
calendar:0.029029344096259888
holds:0.023153898440520477
regarding:0.01866507722203244
be:0.0027285908355541098
writes:0.0062383244435619085
down:0.011152667815816782
things:0.010541160038397404
if:0.009483260657029377
of:0.001834345146846591
germany:0.039667412577238555
even:0.007920563432858612
but:0.003138128406841558
they:0.004400564266545961
up:0.006337077218643324
depending:0.02123002901205765
one:0.004638258998941615
in:0.005866782609723742
our:0.01051780859896412
system:0.03163050465909234
rather:0.012139073834494639
and:0.007203724801713016
few:0.010781261796727766
for:0.004603993343095387
subject:0.00012592904194348253
i:0.007203724801713016
special:0.01648920373992935
phones:0.046724068625464896
the:0.004266526471636149
do:0.0033882920703136635
around:0.011166011477139791
got:0.010434687837880065
would:0.008798581567022415
can:0.02854699031633959
country:0.015899783528396848
an:0.0042353685781213995
just:0.011079137391187602
makes:0.01317442397288667
btw:0.017697125096430823
different:0.023841668849162712
general:0.013907690391922412
is:0.007603942270490488
touch:0.02251979339764529
right:0.00915034714052028
days:0.014048361436557416
electronics:0.021275384949319166
dc:0.02111851126178859
does:0.005747588746875119
converting:0.025879205546374722
first:0.008856390704674722
handle:0.05748618235936844
adapter:0.023579779792747366
wall:0.02116280248985387
position:0.016239825269868922
article:0.003822324907153778
very:0.008222841942374751
live:0.014607020160130465
task:0.023692541683566017
process:0.017059262892611168
by:0.004671865447250783
apply:0.01886583012023431
tone:0.07710355539408388
s:0.0029265862304529164
