out:0.011438612612431648
correct:0.03176910136098494
british:0.043287430482834406
k:0.03678311705098701
all:0.009262794472294089
pardon:0.057017558145329224
adequate:0.05254644275415261
my:0.00922538117796409
to:0.001338057436981389
pound:0.055652684838327394
normally:0.04131894897204644
that:0.0033680060721793864
terminology:0.057583275699930936
re:0.0036304903182346653
lost:0.06804866649160873
michael:0.029171798074501834
so:0.009920491236746796
uk:0.041957664899599866
this:0.005096916877392417
contains:0.04075391752308539
brown:0.09018647322825644
american:0.031330439003769084
used:0.019169548624629763
m:0.013289463224427884
a:0.0013558292483945582
how:0.01277051453620509
other:0.013391339687688453
sorry:0.030848705677074022
j:0.029651734558532643
explanation:0.04477661927831501
foreign:0.04285198809287953
book:0.030191247676540515
terry:0.05254644275415261
it:0.013314773970484348
not:0.005853495228892862
should:0.031899264897737464
have:0.004963598185899542
drives:0.039291676230637486
ve:0.01771974465075179
money:0.030099221036205142
relate:0.05597633940403216
hopefully:0.04488101531497774
alien:0.055036049831314514
exchange:0.04704745756074677
rates:0.044520437189254865
species:0.05339121340453736
sort:0.03046078939476728
writes:0.0064200232137627405
whatever:0.032086995910226825
of:0.0037755453507910416
what:0.01787266219410934
but:0.0064590604101981575
present:0.03518932313426508
good:0.015728250984072805
called:0.02604130578501683
in:0.003450091298922145
u.s:0.03424992622328833
system:0.021701187662548783
or:0.006546713181583352
rather:0.02498527818362003
and:0.007413542028947375
for:0.006317453648778135
subject:0.0002591937562331873
i:0.0018533855072368438
ms.uky.edu:0.06050662611530881
the:0.00219539711647297
interest:0.035463932006484324
americans:0.04157688127675248
mr:0.03278597745906227
an:0.008717457655939191
is:0.005216944211469202
ignorance:0.046852626851515616
9:0.034571200540048794
does:0.011829988488713836
approx:0.05614230477645256
dollars:0.08904087437850973
1:0.038029590134460355
update:0.04215380768909034
article:0.007867309517636902
bad:0.053215554305755024
past:0.032072955795178285
strange:0.042683136221890516
s:0.012047306424388704
