transmissions:0.027861492435530568
ask:0.013248011747074396
at:0.004004386420247414
watts:0.10278992109990194
there:0.004171722661714307
all:0.008673343914966283
take:0.00966249604698047
where:0.008397530901062553
with:0.005316612516268612
ca:0.009347948164056005
into:0.008140017740829028
from:0.003848055701955343
feet:0.019963917949796964
to:0.0025058166547106014
antenna:0.05139496054995097
most:0.016878140581518524
legal:0.03435741085303114
might:0.009668568799447481
100:0.01535687317650487
that:0.0047305176195610475
bit:0.012386746354798634
like:0.005293813925039423
nt:0.016229057993691783
could:0.013719174139327793
re:0.0033994591161651865
consumer:0.02488023886388187
this:0.002386283810779177
he:0.021683634648003207
illegal:0.01868072329828767
you:0.015158154256601504
nelson:0.024138640497126256
posted:0.01551536783855407
bill:0.042211552850341595
why:0.00808964809160912
more:0.005779177390094208
interference:0.025430023456689425
a:0.0038086476159447137
mobile:0.05594746316733724
load:0.02043633123547075
was:0.00402482333682448
hearing:0.020612875932362853
as:0.007273765092881986
listen:0.0194133925924694
acts:0.01990576635225192
local:0.013892652054163419
cb:0.055290002607522454
equipment:0.018340717784275404
stuff:0.013288257057607371
poorly:0.02620710435734233
are:0.005844648923647504
no:0.005117026073556863
brian:0.03396434104344344
play:0.014554173785365642
hey:0.01751881357105077
amps:0.02808881252905176
it:0.012467470172362617
not:0.008221500116944976
have:0.0023238664233984217
ve:0.00829606226830652
charge:0.01871023934060834
allowed:0.017417423764167595
dealt:0.025697480274975485
uses:0.015522705135620167
his:0.01676753674095688
personal:0.01524497941452598
heard:0.012284760724635793
be:0.007888108051874608
which:0.005872237875079626
writes:0.0060114762819778395
certainly:0.013980714896616548
were:0.007051378624874086
if:0.009138414814955581
of:0.0017676416869612604
opinion:0.015042325293580405
what:0.004183827740893778
but:0.006048029293185548
well:0.0076493995916061125
court:0.01816664376119686
operator:0.02493814352650655
over:0.018235825022903253
in:0.0032305400344452813
communities:0.02556178498793148
recording:0.026055575174307826
clearly:0.016520501711020017
use:0.007558088762487945
weeks:0.016548022206059592
1500:0.05099085361748885
and:0.003470885586279908
few:0.010389215913210393
for:0.0059154338711286175
subject:0.00012134980405462862
legally:0.045516531777905045
i:0.000867721396569977
tape:0.01886076483508333
house:0.015626690656773596
power:0.024562320728823108
signal:0.020479828740089613
ago:0.013005298751657473
actually:0.011110518759550384
unfortunately:0.016735877640117983
than:0.006502733100997551
the:0.0006852300090809572
do:0.003265081449574985
when:0.005943974740198799
watt:0.02743835414886688
can:0.007859690840342848
home:0.013315286599369765
radio:0.048918414010468175
may:0.008459206942908321
wants:0.016002432557244314
friend:0.015787270089512754
an:0.004081355175280622
amplifier:0.05356233349036004
record:0.035060439974878135
long:0.010819596568675385
btw:0.01705359327474243
here:0.016367280960212692
compute:0.026609619799803447
guitar:0.055290002607522454
is:0.004884956852557526
does:0.022154342078864093
hear:0.015062188928449124
too:0.008875081217565892
designed:0.017861806349467102
him:0.010893251378924126
ham:0.10610485849615567
almost:0.013736331501202582
article:0.003683331274166368
very:0.007923829508106578
three:0.013265854574874876
security:0.03374430830034447
rubber:0.025430023456689425
s:0.005640329825963803
