another:0.01312133331590875
some:0.013817004439447977
technology:0.01992702772672747
all:0.016936115336916413
watch:0.022746531601031655
where:0.021863394061938008
switch:0.025160434449764353
your:0.007455220249593269
o:0.020715851975147227
both:0.013288189836143419
pulse:0.03521467517402607
to:0.0032620098463688302
0:0.02168731531639309
make:0.010414677416270435
think:0.017038438195604202
need:0.02273611824257084
re:0.002212665696912252
so:0.024184866210293966
phone:0.03476150445218425
this:0.0031064049607776273
two:0.011034256997948588
these:0.00980257972247895
on:0.009000156661052484
set:0.01567700937352616
pushed:0.030218354758145192
you:0.019732508499717936
numbers:0.04174843078104968
them:0.008673722908474797
inside:0.022213346314048442
more:0.007523189501897786
sure:0.01291150307786511
a:0.0008263338022759734
how:0.007783213001355765
other:0.00816158572681604
same:0.01149167663034682
norway:0.1364630286062796
sweden:0.06297410444345554
connections:0.06637862601093222
universal:0.02908785039860253
science:0.020009658143001863
computer:0.0158621473678421
are:0.0114126280757614
internet:0.016902567710737313
not:0.0035675148436447625
have:0.0030251515570867034
only:0.007890746972007612
interesting:0.03867484688664394
able:0.015606303113080882
holds:0.02904512703781267
has:0.006300440673884917
be:0.0034228476753696527
writes:0.003912795213121671
down:0.013990328857710994
things:0.013223230344025146
of:0.004602144037058903
germany:0.024880152267380395
even:0.009935854720509027
they:0.005520234464542862
depending:0.05326350474031032
over:0.011869471908398566
one:0.011636815476634586
rest:0.019329176529424903
email:0.01623608673945527
in:0.0073595142796534525
system:0.03967850288596198
or:0.003990008625462043
use:0.009838932116848213
and:0.00451831259752414
for:0.005775423601989479
subject:0.0001579701591243686
i:0.00225915629876207
phones:0.1172248822319356
the:0.0053520923786204945
got:0.013089667583612864
can:0.020463100412726944
country:0.05983587174000235
an:0.005313006737051696
just:0.006949044754236011
makes:0.016526496344686236
btw:0.022199943907948726
bj:0.038526011197312596
different:0.029907892284156776
is:0.003179557714682413
division:0.02344714447408481
right:0.01147854197509053
days:0.017622796594971433
converting:0.03246385547829255
first:0.011109791889887817
handle:0.048075229428742046
almost:0.01788161497197969
position:0.02037185181782374
article:0.004794869114299414
little:0.013877743798215764
live:0.03664719850825632
task:0.029720821520212992
process:0.021399785403748917
by:0.005860564939746545
tone:0.03224053992809819
