out:0.016594043649020562
correct:0.0460875695800204
there:0.025852929171187252
know:0.0173785228965958
fax:0.04307948366032943
from:0.011923552879298248
via:0.04814410392416402
design:0.10600471006832234
that:0.004885980639922209
me:0.015261812400064011
package:0.05475018356417186
anyone:0.023562179572413963
phone:0.04137108628464182
this:0.007394118850301676
tools:0.18800589533107062
hi:0.044380516338231056
on:0.007140969369567464
73:0.07691653194150917
compuserve:0.07349475477798256
m:0.019279080452339045
other:0.019426873068055083
as:0.011269213524183358
standard:0.042873866767073755
it:0.009657899429294984
ftp:0.10685540696588945
pd:0.15348313374221392
systems:0.04225939606031846
domain:0.06286201477437428
whether:0.04024589556171584
site:0.05500794644279727
public:0.04174288166282526
be:0.00814734164982354
recommended:0.06913558407592031
if:0.018877476613053782
available:0.038043152504425776
warranty:0.07230380565082674
please:0.026977681083172604
rf:0.231819362359075
one:0.013849449405290457
in:0.0025025310125984575
subject:0.0003760134773523704
i:0.005377428373109717
any:0.02882499341658612
information:0.034349595556109364
filter:0.07363351951661654
the:0.002123247915462121
wrong:0.03723129657506846
can:0.01217698580898188
disclaimers:0.07691653194150917
is:0.007568243011004617
does:0.01716181428644402
understand:0.042199398069516246
mike:0.04500580322475639
especially:0.04401824940137101
apply:0.05633177444351653
void:0.07745485888263871
s:0.008738539166986173
