mark:0.03300685675046363
viewing:0.06001179964667199
much:0.019199965599559686
ohio:0.05574083272588317
array:0.12002359929334398
led:0.13897184468671636
from:0.009302991806925008
item:0.05347655670440064
quite:0.029189004199004415
like:0.012798231467128277
finding:0.048995663073977416
this:0.005769037784301308
on:0.01114305110416022
pointers:0.05823962220056077
am:0.01795974018353149
material:0.04640329161322948
m:0.01504191991336343
sure:0.023978505716035204
a:0.004603859755537567
screens:0.06299150042140354
course:0.02688078900989032
columbus:0.06354568562609467
are:0.01412992047475221
square:0.05574083272588317
laptop:0.06585662418473599
not:0.013250769419251976
b:0.03363635545620046
be:0.012713434222801568
which:0.028393238077308085
leds:0.07279367667750365
of:0.004273419462983268
lcd:0.13471490847948847
what:0.010114748384578365
but:0.014621609280228797
distance:0.05185864201228324
street:0.04382448879470996
they:0.010251864005579602
clear:0.07247803828981568
in:0.0019525241966427526
yes:0.029305998576965815
or:0.007410016018715224
for:0.010725786689409033
subject:0.00029337315265954173
each:0.02797812524572105
i:0.00629336397512291
appreciated:0.03719518812281586
away:0.030428391058501876
any:0.011244915014162719
suggestions:0.04348347660517448
the:0.0008283000109769814
magnus.acs.ohio-state.edu:0.10112864587827233
when:0.014370048822458638
would:0.030746691629814596
an:0.02960103753500231
about:0.010824353629910678
interested:0.0316162221474167
is:0.01180978579739182
sheets:0.06683406908601616
1/2:0.05212345027139379
window:0.038318601558518045
ideal:0.05934559501132656
guess:0.03292480508720499
too:0.021456240306203262
nothing:0.028075340675834164
very:0.0191565108987192
