materials:0.041165195950234434
effective:0.03179500341420901
expensive:0.06378089439585652
all:0.007512345123199143
story:0.028307539590650424
became:0.03406021658312067
ever:0.02081434690417213
your:0.00992072615890758
with:0.0046049399747208454
led:0.09957825091725345
wrote:0.02028011791096741
to:0.0021703923780957966
displays:0.040143057276832934
family:0.03102729975684777
re:0.00883324022310639
so:0.008045752735314332
off:0.017192578330364965
recently:0.026057571374706212
on:0.003992195474325117
you:0.008752739990688534
regular:0.03186647757287922
a:0.0021992190958210946
low:0.02673853968488047
as:0.012600222995543597
red:0.05689163708570947
whole:0.023558389567144015
output:0.032183922747512764
baden:0.10864033737566287
are:0.010124588686633473
ft:0.044515320161374855
it:0.0053992981061412905
collins:0.04513564203423403
have:0.004025595379115377
made:0.018311650015102373
probably:0.01879703712621424
color:0.02909159139057784
inqmind.bison.mb.ca:0.04950986095300487
anybody:0.02393382003868264
be:0.0045548130483265455
get:0.010349401380245057
leds:0.15647774592880706
if:0.010553549917534004
of:0.0030620564656021836
future:0.027594537986754725
gives:0.028634050990520514
available:0.02126821911664748
looking:0.020424294058320032
what:0.014495151228293405
but:0.005238450568900868
fairly:0.030899264159432175
they:0.02203747144506481
now:0.013007199983293262
in:0.002798105541645519
become:0.026080494289725573
and:0.009018836562774564
green:0.0662726110134139
for:0.005123604140347622
subject:0.00021021225899227005
we:0.010612156737905274
limited:0.030567677660612278
20:0.024762459436264723
will:0.017847328266193455
cost:0.05229933235198237
the:0.003561037842467967
do:0.005656046605562966
see:0.0139321713496943
less:0.02164461068186045
maybe:0.02084970930978208
forget:0.030230026263106252
10:0.022758832739339877
just:0.009247154043038473
here:0.014176385083648787
priced:0.045398133532404045
stuck:0.03744491391565865
efficient:0.040710799748497055
new:0.013574799723492495
blue:0.09440932978259785
de:0.03181875611924386
charlie:0.08639986733592821
brett:0.08248709002414081
going:0.03429630998503437
range:0.031492566814879316
s:0.0244266252305519
