at:0.009575706657113381
out:0.012806272816091955
there:0.009975858538882037
know:0.026823372296919605
much:0.018991270321303603
carson.u.washington.edu:0.059774945442036403
wire:0.05541487254519329
my:0.010328415884025013
to:0.0014980425653161205
helps:0.04597795974057568
like:0.012659120255529056
nt:0.01552344677657475
need:0.020882630342361264
re:0.004064570682371419
so:0.011106636928096957
phone:0.03192768615445184
this:0.0114126617037265
these:0.018006912751075462
western:0.04446225830103696
you:0.006041293363138281
europe:0.04470652847334194
m:0.014878420783870349
sure:0.02371786978433917
a:0.0030358785344486846
how:0.014297423882925264
fine:0.035208223673049564
jack:0.0464647380299993
universal:0.05343311649308509
are:0.006988167191317668
works:0.03233832601685587
it:0.0037266894536953474
not:0.006553369658434401
have:0.011114143764079409
hope:0.03139632106130484
mother:0.046300044497166674
without:0.02442620092176625
if:0.007284243693080536
end:0.02939384133234249
of:0.0021134846257145506
germany:0.04570375796942703
what:0.010004805467354686
but:0.007231339372287068
sticking:0.0640419204776044
they:0.03042129210351338
who:0.01405492254602009
in:0.007725204430195238
u.s:0.038345026097811936
and:0.00207498594831951
for:0.0035364006838268913
subject:0.00029018431404367716
i:0.00829994379327804
we:0.014649390279499673
any:0.011122687677052252
lives:0.042309324455796805
connect:0.04995735141696247
phones:0.10766850596302781
the:0.004096483749940505
do:0.02342341039912489
may:0.020228538341737292
bought:0.03981612770509196
problem:0.02299527491353896
just:0.012765093081150933
wires:0.06096732497743232
here:0.01956957506112387
about:0.010706697612194256
is:0.008761063920347735
days:0.032372311136414915
wall:0.1462993737342072
