pc:0.10751103425799623
at:0.004736371034701242
british:0.023970996450171745
help:0.011505874838934393
all:0.0051293969389585555
send:0.03154136689114218
modify:0.02872736952790736
your:0.006773829151512165
with:0.0031442332085459537
ext:0.02936061165509221
several:0.015152964365953746
my:0.005108678824356459
single:0.017480788551141803
uicvm.uic.edu:0.058325374136821886
to:0.0066687056133427295
design:0.020232081760351843
inputs:0.0305603081675342
software:0.015138633809039015
channels:0.029566102046598652
bunch:0.021807543124485622
that:0.001865078631368155
rod:0.06095390465188598
helps:0.022741786538349264
higher:0.019956311360418776
like:0.00626150034144448
need:0.02065808593007781
re:0.0020104328106353257
greatly:0.020983490052691407
so:0.005493605362284517
anyone:0.008994165320652642
phone:0.01579218885058908
this:0.002822486227803328
bitnet:0.026237934259468416
bc:0.03108955587083126
these:0.008906645016660983
on:0.005451707798271935
you:0.0029881666097243114
am:0.00878675460592132
them:0.007880963287807748
8:0.015873609045020786
onto:0.023409476754647024
a:0.005255660688669229
how:0.007071844071124325
ascii:0.02832467432267554
driver:0.01978379354024942
permit:0.02936061165509221
chip:0.017378518052705776
are:0.0034565128043076644
complex:0.02417200468711594
internet:0.015357709371583905
it:0.0018433087620428601
dip:0.0322201763484461
have:0.002748659210471252
boards:0.1006089124429574
probably:0.012834536102307573
only:0.007169549668114445
transmission:0.026053161982564074
similarly:0.026627695023114406
university:0.012636237105369106
whose:0.02012248091667188
able:0.014179920570487468
hope:0.015529363105591642
be:0.012440027035214438
rates:0.02465379048652286
writes:0.003555174145255712
if:0.003602959246039835
end:0.014538889261158653
of:0.00418151796915567
interface:0.022702685681741306
opinion:0.017791997659073598
available:0.014521848536635646
ok:0.01754757629306953
supply:0.021709491578519056
vancouver:0.02650777159561818
using:0.011851723541101726
up:0.01444581043389661
cheaper:0.04741267095663219
over:0.010784627701716978
one:0.005286617783739906
in:0.002865801643459524
system:0.012017324350766264
ho:0.031473743849229886
or:0.007250660835517047
and:0.0020526742714558595
for:0.0052475623050334515
subject:0.00014353202630117365
offer:0.018898729133289452
purpose:0.020219792968519286
i:0.005131685678639648
suggestion:0.024882605617806707
appreciated:0.01819764580202281
possible:0.013854686144970872
any:0.005501544442412943
than:0.007691404743115383
the:0.003647191983817998
do:0.0038619242951962187
canada:0.020003266629067994
devices:0.022820851846896015
would:0.02005698163665325
can:0.01394461278125344
modules:0.03199612959360434
problem:0.022748013892963274
columbia:0.029293823913164485
is:0.00433342946597845
either:0.013460014554372894
simultaneously:0.029707592951530765
having:0.014069308561399794
multiple:0.02308615224530007
sole:0.029779759727510017
ideal:0.029034672828122134
run:0.028783165896638655
build:0.02006254334956105
serial:0.04450879492327777
hook:0.027648494821121597
article:0.00435662838879893
satellite:0.026313658667434757
decode:0.0324539672728533
close:0.018682329119196456
604:0.03282489668944981
data:0.04732815521299697
s:0.003335678929333432
