looks:0.03603268920393569
help:0.022527291789913653
all:0.02008563853992192
send:0.030877338114486553
gs:0.06532120255573313
thanks:0.02098301731490698
fax:0.03219624568298304
ca:0.021647879958866537
happiness:0.06123946012406193
to:0.0029014719159806963
mhz:0.04973796410636082
enough:0.025601563441446276
make:0.01852716298262846
cco.caltech.edu:0.0947529715906573
like:0.024518717126498384
need:0.020223178857865644
this:0.005526130930225463
best:0.025633432420646675
hi:0.03316859642120426
on:0.005336935002518841
you:0.005850515677986546
am:0.01720354059685648
them:0.01543009654244464
ta:0.04860372346113507
a:0.004410013028988616
price:0.03294888633519961
40:0.04025797040026104
overall:0.04877488683873275
cheap:0.03911822335165103
os/2:0.04980118541225778
it:0.003609004523578652
ve:0.019211933673972992
calendar:0.06478127314112733
has:0.011208152356700536
get:0.013835515529380235
if:0.007054214944877992
of:0.0020467430059551437
seen:0.02728910411181424
looking:0.05460811253487671
but:0.0070029812868464235
they:0.009820206573765722
find:0.022278386712351474
now:0.017388572609244677
one:0.010350641134480237
in:0.0018703126515209523
pasadena:0.05904204103077656
and:0.006028380228801945
for:0.020548349236552042
subject:0.0002810205988633505
i:0.00803784030506926
818:0.06478127314112733
angeles:0.049864788722320544
source:0.06566879919368052
currently:0.03788351054586628
suggestions:0.041652593379693445
joseph:0.08598312902407898
the:0.004760545326246651
thing:0.023830867738157437
got:0.023285829701374463
would:0.009817364695835537
can:0.009100694657239087
because:0.01857602419888962
an:0.009451559353281439
btw:0.03949253179414037
is:0.0028281329146385673
new:0.018147363840879442
entry:0.052537580406330685
carry:0.04097324052561375
electronics:0.047477701150059615
los:0.047998912355611
s:0.006530908219537035
