all:0.014239818367855091
fax:0.045651393132587904
though:0.03709767465090567
simulation:0.08852354324019233
require:0.057903299386605774
matthew:0.06397421404211186
that:0.010355361953267965
nt:0.021315777663356374
could:0.0225240172436725
me:0.01617296537917231
re:0.005581201534002545
you:0.01659101460921558
etc:0.03466155205161545
m:0.020430070330090627
a:0.0020843345161886493
how:0.019632283540733198
member:0.05956564063800834
fl:0.1782656534809893
d:0.027191704811597543
it:0.005117245219999581
should:0.024519584212439993
sex:0.06456190307546754
networks:0.07558174491655975
university:0.03507970300893513
writes:0.009869587925635259
of:0.0058041965840519
institute:0.05809638581990009
looking:0.03871470664786036
central:0.06836433154650966
clarke:0.34840401297245144
find:0.031588757278707316
in:0.0026519358491714994
thomas:0.10997029892624179
and:0.0028492344364984316
for:0.009711906355584297
subject:0.0007969240863289044
300:0.0620823975400351
i:0.008547703309495294
research:0.04607957433636981
the:0.0011250044925209745
do:0.02144232593750736
specific:0.05470382520105123
solutions:0.07025823829060852
chips:0.06198120818204436
purchasing:0.08328985858924952
suite:0.07894363449135063
build:0.05569601586594559
first:0.02802320640882151
article:0.012094520601740313
training:0.06689266025091951
says:0.03822427976757564
opposite:0.07202717262247924
specify:0.07817806293332748
