some:0.0082804033697401
laser:0.20857267999624376
at:0.006247978811733553
radar:0.03615722180253747
k:0.02686993656916073
all:0.006766438515221923
till:0.035453285929520864
case:0.017529156789409615
where:0.013102530483927387
i.e:0.04900055314858728
your:0.008935689519016046
work:0.02872443211333764
hence:0.03263371196781128
to:0.003909784851321506
otherwise:0.025201310862496707
front:0.024942914392666195
h:0.02505802925031572
100:0.023961078715113982
normally:0.03018334570298428
that:0.0024603164924430977
think:0.010210978918642236
nt:0.0050643868916484995
happens:0.05299400730182664
comments:0.026127695134958155
this:0.003723279704761837
off:0.015485513815293265
you:0.015767347217268704
regular:0.02870243015429547
them:0.01039616433710809
more:0.00901715621149451
a:0.002971285374141266
said:0.015542587437329307
40:0.027124164454076585
separately:0.03998870768177352
fine:0.02297274168737986
lucky:0.03377089388323808
course:0.01734859432553205
talked:0.0349676987006027
are:0.009119310377322347
works:0.02110018435142369
it:0.009726395169928282
have:0.003625890873387609
directions:0.041786217616592944
only:0.01891540763502534
ve:0.012944210631400242
buy:0.02132511436343238
university:0.016669078734742222
60:0.028877016165893738
edward:0.03205737888923847
has:0.007551592013379794
his:0.013081057031952175
claims:0.026640607628430683
if:0.01425851956943424
end:0.019178960301953967
of:0.008274067470882496
what:0.006527958177281072
detectors:0.11843477198946761
who:0.009170587760523747
over:0.014226530159711757
in:0.0037804191892444783
point:0.015613730221702558
and:0.004061674622242445
for:0.002307438744057262
subject:0.0001893401198015482
however:0.017000701448205056
costs:0.0291932812406655
car:0.021692505956619784
i:0.0027077830814949636
back:0.01493870014232296
detector:0.11253667044511685
any:0.007257356498502179
addition:0.028123153338591445
research:0.021895967947069342
will:0.008037626559597761
the:0.0037420362198038095
1000:0.06627824691465078
development:0.02756924136919292
makes:0.019808353774836696
people:0.021351392057774716
about:0.006985930356892706
is:0.0038109592466760837
deal:0.023378120508939778
save:0.025691561932065912
cop:0.03864291665140847
ka:0.045229535459016354
center:0.02316759456363694
their:0.010735344812636268
illinois:0.034178864409040825
x:0.021596879358482996
beam:0.03978009856683527
reflect:0.033553990171379354
opinions:0.020252554294468383
april:0.02412875079353271
buying:0.028448354079698694
s:0.004400257311035591
