tv:0.023101591806412577
another:0.013521373965784017
some:0.007119127287398501
at:0.010743475761639403
cable:0.026327118679202736
circuit:0.028220516127512484
form:0.02081329832001156
all:0.005817486772233483
vertical:0.09878870389080578
existing:0.02640043692900031
your:0.007682513549885747
with:0.0106980617705405
from:0.005162025941647413
signals:0.030981258949532176
possibility:0.025859643790495927
outputs:0.07233021215966935
to:0.005882557390631596
design:0.022946141508691724
look:0.014458343440706772
then:0.01946195548507077
inputs:0.06931972340440684
that:0.008461088425231142
produce:0.025704142005063393
like:0.007101457704321178
nt:0.004354137510502674
me:0.006607248051247224
re:0.004560250033880129
master:0.028996976020052738
anyone:0.010200699692935312
sync:0.26162620945559195
these:0.010101438860359406
recently:0.02017872905236396
you:0.013556072912407851
used:0.0120394116362004
a:0.004257634530019497
how:0.008020506080665393
other:0.008410414559950676
want:0.011540231510440133
local:0.01863648446290215
cables:0.032124325756205184
drive:0.06887326216599972
fine:0.01975095474341805
jack:0.026065584748536194
business:0.022052217885570533
are:0.003920191351226985
works:0.018141012155797196
burst:0.06913064795884628
it:0.004181163777316732
feed:0.030385902427800985
couple:0.019243852406429993
have:0.006234763574971377
being:0.011864658109299684
probably:0.029112484329624492
has:0.006492527279796043
which:0.01575478454289656
writes:0.004032087750107088
showing:0.02618307510747447
were:0.009459166448001825
if:0.0040862830473378615
whatever:0.02015219865093514
of:0.00474245330648143
style:0.027992847405331728
what:0.005612451847540435
generator:0.06990520168716734
hd:0.05437323585038956
they:0.005688534295778925
find:0.025810326069187685
up:0.00819183152653893
powers:0.03231588792835994
boxes:0.030063692175518176
in:0.00216682563285964
our:0.02719238320707797
point:0.013423999763780859
or:0.004111655229896862
and:0.006984099045563228
subject:0.0001627863225123067
station:0.10087780823834529
i:0.0011640165075938716
cameras:0.06931972340440684
horizontal:0.09900518787215339
possible:0.015713241603442573
community:0.024808224737662345
the:0.00229802746947882
would:0.005686888086002293
can:0.005271743856327521
just:0.0071609058747919875
is:0.004914743174829217
does:0.007429809843521496
build:0.02275386014035582
dave:0.04275944721188527
hook:0.03135743924834523
article:0.0049410541482719575
neither:0.022821838112810786
already:0.01771820927620336
black:0.043043321417609
check:0.02017872905236396
include:0.020497093129540254
s:0.0037831480540001117
