another:0.014882586109990461
some:0.007835817953915128
read:0.015214785650321623
week:0.02313985774768848
out:0.007907228852888993
say:0.012735201169580828
scheme:0.030810919291774517
send:0.019686893428699483
take:0.028533545373633604
your:0.00845592095423666
with:0.0039250159516077
miller:0.031957691527091076
from:0.005681692982752856
wrote:0.017285738085186988
my:0.012754553843359748
via:0.02294115019205131
to:0.0036998635170223644
then:0.010710606374334249
day:0.017069147891025985
mail:0.020565875871381582
that:0.009312875850589982
jeff:0.028291807307586552
nt:0.004792473501492876
re:0.002509667803880339
this:0.003523372069606839
mean:0.017741087629730607
game:0.01994636985174824
on:0.0034027437935522814
you:0.022381167358740475
machine:0.02183086814982783
card:0.061629027111025
m:0.009186675920242094
includes:0.02528694209014999
more:0.008533013596112254
a:0.0028117532735162315
how:0.008827939578718955
want:0.012701999783303232
copy:0.02293028151049223
whole:0.020079969631055638
california:0.026707847160556616
play:0.021489384112620413
it:0.013806258915703569
not:0.0040463758964829856
have:0.0034312121687761934
probably:0.016021635671336968
buy:0.020180141780160844
earlier:0.026482862650230147
disks:0.02892423432076183
register:0.034762827573214534
without:0.015081949562432851
be:0.003882290316358868
which:0.017340836678087487
sort:0.021056787299738457
writes:0.004438002624278942
if:0.004497653823915498
of:0.002609940745848841
mailing:0.059245030517672374
but:0.0044649880687947
registering:0.0409760455317964
saying:0.020245336771573415
removed:0.03098895120005256
author:0.02714099159772152
in:0.0035774436623051773
context:0.027870744618771624
installed:0.026881677552718742
or:0.013576740759122522
registration:0.06637933694724994
and:0.001281199377485872
subject:0.00017917420732898185
i:0.008968395642401105
suggestion:0.03106150768397347
info:0.019767754761022802
decide:0.027474546420219993
will:0.015212152280580997
program:0.037270247414551344
the:0.004552870530135219
when:0.026329015627726226
disabled:0.03904529336769049
would:0.006259393598015947
can:0.005802456325085324
hate:0.027020062030589456
protected:0.0315532674229421
did:0.0220659200462143
once:0.018006920771308093
put:0.016694357715079055
an:0.006026162003770045
problem:0.014198424778829424
people:0.010102504295792734
company:0.022591463353230538
is:0.005409515977664373
patch:0.03549814436859391
nothing:0.017146684573831603
transfer:0.030501899570288562
words:0.02220039685575419
article:0.01087695141364565
registered:0.034699809181604875
by:0.006647217951793061
