out:0.015921312149735946
know:0.033347976369143294
help:0.028920171892456718
thanks:0.026937657363731934
your:0.0170261111105576
into:0.024200052743005223
someone:0.02977646100895973
from:0.01144016560040778
florida:0.06901218856927754
to:0.007449725189680167
that:0.004687900343709146
r:0.04189486171255581
anyone:0.022606956076235016
this:0.014188714550578893
shot:0.053738274940374815
best:0.0329077848643437
used:0.026681939301849537
a:0.0018871677376302637
same:0.02624450473687314
as:0.010812353516446195
it:0.009266362965945189
should:0.022200164084236213
university:0.03176135272430613
barely:0.07746252078848273
dept:0.05545010122083513
whatever:0.04466162944261302
of:0.00525515096123618
electrical:0.06401560714351963
what:0.024876813594503548
but:0.017980627628389468
up:0.01815486986962682
now:0.022323167538895194
in:0.00240107705262825
clean:0.11734708626962989
use:0.022469993618207406
and:0.0025797122600729047
for:0.008793212511137136
subject:0.000360769687729977
i:0.005159424520145809
sphere:0.16375434509737222
the:0.004074340594535422
jr:0.06314346496598489
regards:0.05580226482448194
just:0.015870115722511974
long:0.03216636817714304
wires:0.07579721483680775
is:0.014522844696792644
move:0.04779493399422997
query:0.077913012954261
time:0.021344729323023157
does:0.016466065058615205
engineering:0.052253371530041885
john:0.07247238917788773
s:0.00838427406562187
