another:0.02174024833714293
correct:0.03208056313903381
there:0.008997833191932817
know:0.01209681495743433
from:0.008299727984609564
via:0.03351207233936907
design:0.036893796151229834
nuclear:0.04784564482608946
through:0.023230032294361047
its:0.020272789765040884
me:0.010623418435338674
re:0.0036660833605702994
package:0.038110421892707864
anyone:0.016401124996484228
national:0.03190366593125013
had:0.01504322044786407
this:0.010293773301400373
tools:0.043622282903614425
hi:0.030892320196219653
on:0.00497067475724794
m:0.026839504159138668
sure:0.021392588432933367
a:0.0013691216920062696
j:0.02994243783851826
was:0.008680991510797898
as:0.007844256472715867
also:0.01454408952627026
ontario:0.04656225687955167
d:0.017861217866441525
releases:0.056038882524273935
it:0.010083983227646235
not:0.005910882437019264
ftp:0.07437974406449167
pd:0.05341814948871171
made:0.022799799528607854
domain:0.04375689263706444
whether:0.028014299851782592
robin:0.05513326173867575
charge:0.04035541818562584
earlier:0.03868575034200286
site:0.038289845072927514
quality:0.0376878807899446
public:0.02905631958882935
g:0.034656881970701
writes:0.006482964617819238
if:0.013140204309086457
institute:0.03816135146993437
available:0.05296203583949471
but:0.006522384531866767
please:0.018778581930443673
continued:0.04680584510098825
rf:0.10757630540845964
one:0.009640303017408064
in:0.003483915723421382
winter:0.05271757141045538
and:0.0037431119067724496
for:0.009569084203296293
subject:0.0002617348714903755
i:0.005614667860158675
we:0.013213175546215391
any:0.01003222810087066
water:0.040197031516779905
research:0.03026795569153703
yet:0.025784987673393763
source:0.030581058448037494
the:0.0036948676960247696
wrong:0.02591590251793981
canada:0.03647654502947693
regards:0.040483996049133955
just:0.011513613367312606
stewart:0.054304267738400615
is:0.010536181446692702
does:0.011945968768014953
first:0.01840740028814746
sold:0.04026007946119452
although:0.030977837811321157
article:0.00794444000310393
very:0.0170906126645436
understand:0.029374090813094642
by:0.009710151713893785
mike:0.03132756891135004
