believe:0.02896895840440454
laser:0.06535277306548971
at:0.011746200166059081
circuit:0.06170886193216064
all:0.012720904408617216
printing:0.06479325041083596
where:0.024632757309783492
adrian:0.26043583569383316
work:0.05400193237307477
to:0.003675197760242216
slightly:0.05772895541808068
make:0.02346773977799605
that:0.004625395005793024
endor.uucp:0.07855808911919474
nt:0.00952104735629918
could:0.020121455404347434
re:0.004985873370375608
anyone:0.02230552999521855
this:0.006999765844952254
best:0.03246901439948579
on:0.0067601176698572
vs:0.0455548259341779
deskjet:0.08422319837206496
onto:0.058055502351524624
board:0.047882620258068595
a:0.0037240110022570536
was:0.011806148454685143
are:0.008572151754683007
it:0.009142811459732586
thermal:0.07517877044173422
precise:0.07537927547326143
only:0.017780483176923823
bubblejet:0.08780005152666068
color:0.04926176142137848
manage:0.06718772477050369
found:0.03566027340342663
sort:0.0418328174354804
writes:0.008816831880234166
if:0.008935338930178791
of:0.0025925411408765156
what:0.012272561373288417
but:0.008870442963338804
instance:0.056996745316799144
wax:0.07805488474609013
postscript:0.06707888062864821
in:0.00473812538385308
for:0.004337984838827654
subject:0.00035595942522691063
i:0.007635948289815797
directly:0.048433337673285067
water:0.054667962862820677
the:0.003015012039956212
do:0.009577572252086622
when:0.03487131847583296
did:0.04383762782514575
imagine:0.052503180726219505
printed:0.06488488880133944
else:0.03368736300450743
transfer:0.06059710714630662
resolution:0.05957095993115824
article:0.010804438404221347
needed:0.04447763586848028
