out:0.013237944933488312
watts:0.12704372270774397
circuit:0.05200184994283199
help:0.024045985618447157
case:0.027770911318053433
with:0.006571094121230869
fm:0.0655704181717816
both:0.02523263013829481
my:0.010676564734048329
pin:0.054756034864550926
us:0.023144678496460628
that:0.0038978047801626605
packages:0.05556472587157439
need:0.021586539230306026
re:0.004201578682900792
this:0.005898679082824932
these:0.018613887338190367
you:0.006244932465266538
books:0.04101952711287821
tell:0.02707893318676913
am:0.01836332985057714
none:0.04070236216203701
more:0.01428560703169355
a:0.004707317278133916
following:0.030756340146514172
odd:0.05460105371699659
ic:0.1999239572053782
are:0.007223723388777814
it:0.011556924597976583
not:0.006774269759280504
have:0.00574438891177138
date:0.08039998179288366
kind:0.030960974123180447
list:0.032714928055298645
writes:0.007429914505815307
of:0.00873890272205567
what:0.03102613830325723
but:0.01495018476967214
please:0.021521520864103985
code:0.07282050585015047
in:0.009982005724409578
and:0.004289858589784155
subject:0.0002999658077754865
i:0.004289858589784155
info:0.03309433100440896
the:0.004234567471848612
can:0.00971422463413161
label:0.06193670856443485
an:0.040354972519628614
is:0.02415034848455406
type:0.036410252925075236
16:0.03917969372837238
article:0.009104863823782033
says:0.02877558139806256
