looks:0.014754764975749528
cleaning:0.02332880863654189
there:0.003955943903349773
circuit:0.03989797107682799
all:0.0041123613389926345
solder:0.08373885223105032
wave:0.02122034257195219
own:0.009769356187706876
with:0.00504161531715127
companies:0.017140656662016102
from:0.0036490183380611016
ship:0.022088799703560077
approach:0.017742468340232048
to:0.002376205448432467
look:0.03066165936563677
important:0.013544695228332855
most:0.008002566655030336
make:0.022759661422625477
that:0.010466949905350595
technical:0.016537703633272845
like:0.005019995963399453
could:0.006504780841922661
anything:0.0100053497858595
re:0.0032236250239497458
avoid:0.01666702367768577
so:0.004404356023210862
on:0.0043707657348214645
brown:0.04003968423495868
curious:0.018475311813885755
you:0.0023956852991755253
used:0.008510618570417523
am:0.007044553261643817
etc:0.01001001718731998
them:0.006318358497983797
m:0.005900063414293414
why:0.0153424360358104
paint:0.02103558522526347
sure:0.009405362155858635
board:0.10835506739433626
a:0.007223297202653767
other:0.005945293050999615
was:0.003816642819402524
as:0.0034487679319699068
finished:0.02131577845935397
red:0.031143266852953027
question:0.009409422773047864
also:0.006394384188273993
stuff:0.012600933416696646
are:0.008313509244843434
no:0.009704704622263015
d:0.00785277682059067
reason:0.011518154844864344
requires:0.0173023913142708
it:0.004433475384568603
not:0.012993750184826831
ones:0.014623405087831278
have:0.004407332871962525
neat:0.022577285416090265
boards:0.10082574199563618
probably:0.010289757392367278
ve:0.015733911198512363
machines:0.017008390236570223
real:0.011024111439647618
layer:0.025313829693831513
be:0.0049867349753230285
writes:0.002850268926799838
if:0.005777158791063873
of:0.0025143179167983446
seen:0.0335232528959787
but:0.011470400383627764
using:0.009501812838986727
well:0.00725374099204028
they:0.012063615834151858
one:0.008476818170479504
in:0.0015317215680559523
logo:0.024434108330281878
or:0.008719544711677827
better:0.009638861514230185
yellow:0.024434108330281878
and:0.0024685177661042446
few:0.0098518426763202
still:0.00880047018202391
green:0.14511416549488906
for:0.001402365788414112
subject:0.000115073090051803
i:0.004937035532208489
any:0.01323216292614837
will:0.009769873662959347
yet:0.011336503201233463
exist:0.015674674464638383
normal:0.01626018394189027
than:0.00616638483715285
the:0.0032489353878838493
do:0.006192395852642213
when:0.005636527770878172
invented:0.024053536747757405
got:0.009535145782890405
colour:0.0683951316067305
would:0.004020041578036104
because:0.007606561633166008
put:0.010721807325632668
mask:0.09251316531108321
just:0.005062019670111577
makes:0.012038697768327476
about:0.012737278193817304
company:0.014509172584617888
is:0.006948430005793032
printed:0.020975718362501974
either:0.010791218565143784
lot:0.010683419777005994
dale:0.02080095071425047
blue:0.017226989773548744
their:0.0065244983559556635
marketing:0.021348065837496894
chemical:0.021413375341896038
guess:0.01291447096092954
change:0.025620768171642133
almost:0.013025831595967966
side:0.04164263894704129
especially:0.01347110218748854
appear:0.017020248139035268
