at:0.0293655004151477
technology:0.11225558952723143
someone:0.07344860382210067
stevens:0.19770257990309623
could:0.05030363851086858
me:0.03611962268015149
tell:0.08033416845408176
a:0.004655013752821317
it:0.0342855429739972
rated:0.19053220058253137
of:0.006481352852191288
institute:0.12974859499777688
what:0.06136280686644208
in:0.011845313459632698
and:0.006363290241513164
subject:0.0008898985630672766
filter:0.34853199237865157
just:0.039146285448862866
is:0.017911508459377595
new:0.0574666521627849
dave:0.11687582237915307
s:0.062043628085601835
