408:0.15052541211479
sells:0.2870182192523426
small:0.08539274000760032
store:0.12752008711373067
that:0.009911560726699338
re:0.010684014365090587
voice:0.10361412289817623
digitized:0.1677945282562546
also:0.0423856323337019
chip:0.18470882044590137
netcom.com:0.09197243356346112
which:0.03691120950050051
noticed:0.11589151489012357
of:0.005555445301878247
san:0.11537044096012983
good:0.04628599575312855
shack:0.16285616217512858
in:0.005076562911271156
thomas:0.10525728611511714
for:0.009295681797487828
subject:0.0007627701969148084
i:0.005454248778439855
will:0.03238015271152241
the:0.004307160057080302
jose:0.13028276210808698
radio:0.10249572459336188
about:0.028143319437767756
chips:0.11864974137705635
5.00:0.18502298778670168
speech:0.27139144009795835
amounts:0.14374045848996042
