at:0.011746200166059081
there:0.012237053141028633
terminals:0.07642968717796964
send:0.039111294945016306
princeton.edu:0.08172704447755634
from:0.011287630059069008
wire:0.06797557698877045
to:0.003675197760242216
job:0.04628651407052235
h:0.047109094990593556
that:0.018501580023172096
generally:0.051556659909641325
re:0.009971746740751216
on:0.0067601176698572
you:0.007410653192116292
them:0.03908957790752643
more:0.01695225367760968
a:0.009310027505642634
j:0.04072171546038484
accurately:0.07665007787065244
removing:0.13572027230439118
cheap:0.049549749578757976
readily:0.0740352128183019
it:0.004571405729866293
not:0.0080388001143462
gloves:0.08205627931209462
try:0.03248519563124524
ira:0.07421912378006637
batteries:0.07038336281404263
usually:0.04397000989582151
battery:0.1256853783359456
if:0.008935338930178791
of:0.0025925411408765156
available:0.036014184370856406
but:0.008870442963338804
using:0.058784548763864554
good:0.02160013135145999
or:0.017981638872082276
use:0.022170393703297975
and:0.005090632193210532
for:0.004337984838827654
subject:0.00035595942522691063
signal:0.06007416430426287
the:0.005025020066593686
when:0.03487131847583296
peter:0.04909190774434609
long:0.031737483268114465
is:0.007164603383751038
time:0.04212026586409903
does:0.016246517524500338
article:0.010804438404221347
by:0.01320580633089555
s:0.00827248374474691
