at:0.008809650124544311
technology:0.03367667685816943
ever:0.026434220568298607
miss:0.04825820565706109
someone:0.0220345811466302
work:0.020250724639903038
post:0.025825778044311805
to:0.004134597480272492
otherwise:0.03553384831612036
that:0.010407138763034304
swedish:0.05911274769796707
me:0.010835886804045448
re:0.0037394050277817052
phone:0.08812041378628707
illegal:0.04109759125623287
firm:0.05227979885679773
these:0.016566359730989428
you:0.0055579898940872185
them:0.01465859171532241
a:0.004189512377539185
how:0.013153629972291244
nor:0.03454538996975403
as:0.008001141602170185
technically:0.05552640961372642
universal:0.04915846717363828
course:0.02446151799900019
organization:0.03831833228116871
foreign:0.04413754773566592
are:0.006429113816012255
no:0.011257457361825098
it:0.0068571085947994395
not:0.006029100085759649
try:0.024363896723433927
machines:0.03945946534884292
tom:0.03795728223474755
shortly:0.056235926973449264
after:0.019292136876649515
public:0.02963744598060594
writes:0.006612623910175624
were:0.015513032974722991
things:0.022347259281402496
of:0.007777623422629546
germany:0.08409491466374573
but:0.006652832222504103
oh:0.032297161841414734
good:0.016200098513594993
one:0.009833109077756225
in:0.0017767970189449048
thomas:0.036840050140291
system:0.0447044465848505
yes:0.05333691741007778
moving:0.04240981581641332
or:0.006743114577030853
for:0.00650697725824148
subject:0.000266969568920183
i:0.0038179741449078986
ol:0.056687131326253956
connect:0.04596076330360547
phones:0.049527512742992795
the:0.005276271069923372
would:0.00932649646104376
an:0.008978981385617367
problem:0.021155652920455844
german:0.0469560592570758
about:0.009850161803218715
including:0.0317996770653023
is:0.010746905075626556
either:0.025035627071133583
days:0.029782526245501723
lot:0.024785533882653907
told:0.0310021976672913
article:0.00810332880316601
neither:0.03742781450500969
by:0.00990435474817166
