another:0.020919861607439423
at:0.033243962734129474
andrew:0.03552319018086791
british:0.04206231452577306
all:0.009000639911757464
saw:0.032050760218259006
hand:0.029785277881628994
with:0.005517239403674975
into:0.01689437644323006
via:0.03224746583599665
to:0.006500939434390712
building:0.03585346763055332
design:0.03550157742854191
most:0.017515051546858847
t:0.09721785113209215
think:0.013582528561590142
bit:0.025708341491091507
nt:0.006736590110589042
re:0.003527740592246892
finger:0.046939301434579715
communicate:0.053624691690201516
these:0.015628641255650402
on:0.004783102124898961
standards:0.07994902521179312
modem:0.04022047713712085
more:0.011994519111516281
magazine:0.0398367880830555
a:0.003952370167489797
how:0.012409084879520041
other:0.013012339507848214
route:0.04826143946989332
universal:0.04637591242796064
video:0.0329784074798587
mind:0.028581658518963556
are:0.006065201713219108
telephone:0.04223702252357718
it:0.0032344851862261504
not:0.005687830269584574
ones:0.032005943211102415
have:0.009646237983917979
made:0.021939429735075483
able:0.024881747416138387
selling:0.03933752014480698
uses:0.0322169351871362
scientist:0.046513636950801705
talk:0.0326376770531795
pgp:0.0428753116601226
vancouver:0.046513636950801705
lines:0.033331906832967134
using:0.020796420553253966
one:0.00927651799788323
in:0.001676223602778212
use:0.015686599318371207
better:0.02109637614435286
and:0.003601862400856508
for:0.003069328895396924
subject:0.00025185808388696507
i:0.003601862400856508
yet:0.024811969270624186
currently:0.03395220284771035
suggestions:0.03733015444406488
phones:0.046724068625464896
the:0.003555438726363458
canada:0.03510007163213817
can:0.008156282947525597
whereas:0.047461472142911465
compression:0.04590911943490998
countries:0.039768672536135814
may:0.01755684459848897
an:0.008470737156242799
just:0.011079137391187602
current:0.05966501365529845
is:0.007603942270490488
having:0.024687654645475107
new:0.016264146838524028
hardware:0.03348755777051464
days:0.02809672287311483
article:0.007644649814307556
models:0.04210568914132616
by:0.009343730894501566
data:0.027682505879300115
include:0.03171248370985473
conservative:0.04970178701903444
