out:0.008925584083942877
circuit:0.10518556011163745
small:0.022642014395954632
solder:0.049059125549504236
manufacturing:0.042065461828580626
both:0.017012909714456348
to:0.00522045136398042
association:0.03612065596429701
manufacturer:0.03799080806983888
basic:0.02893676370878788
make:0.026667886111359146
really:0.014783301084779743
re:0.002832882596804322
michael:0.02276284243692189
national:0.02465283276505692
two:0.014127192671615996
on:0.0038409759487824996
curious:0.032471760157738595
you:0.008421196809223059
specs:0.03671127370270392
used:0.044874170644019676
am:0.012381336035616405
material:0.09597044401827007
well.sf.ca.us:0.04421035770673153
them:0.011104993723729098
glass:0.12411531290561707
names:0.031037100090764238
why:0.026965493638697068
sure:0.016530636516357604
a:0.004231830684383015
same:0.044138485239286644
as:0.018184412732204964
experiments:0.04238337242781571
are:0.04383486692735628
daniel:0.03241348481210863
it:0.005194779238484424
not:0.009135000129938863
boards:0.10632532792267088
occasionally:0.040912493530535735
agent:0.03769368145504129
call:0.020128455287868996
if:0.010153794238839534
of:0.004419104217403151
what:0.006973046234822964
but:0.005040024410987957
they:0.014135145825874905
find:0.016033687406616592
called:0.04064021963419294
clear:0.04996592033616081
in:0.002692116695371068
or:0.005108420134114283
industries:0.045085455336442475
and:0.007231011638083142
green:0.15940571209665846
for:0.0024647641129702576
subject:0.00020224967342438103
i:0.0028924046552332564
structures:0.043808010545262226
the:0.005139225068107179
can:0.006549742366952375
major:0.02482142403574085
because:0.01336910832495844
an:0.006802258625467703
cast:0.04216995669321953
about:0.007462243790317209
mix:0.03909825132876374
is:0.008141594754262543
electronics:0.03416955764587624
goes:0.024416872696899065
by:0.007503299051645198
aside:0.034206244194935245
