out:0.015104834603595638
there:0.01176639725098907
know:0.03163782373482825
help:0.02743708615438201
all:0.01223163885443963
thanks:0.025556239037386703
remove:0.05664295365435423
into:0.02295902439721008
from:0.04341396176565003
to:0.0035338440002328996
that:0.004447495197877908
nt:0.00915485322721075
me:0.013892162569289034
re:0.004794109009976545
anyone:0.02144762499540245
this:0.013461088163369718
shot:0.05098246596907354
something:0.025521298937993882
on:0.01300022628818692
you:0.014251256138685175
tell:0.030897757097723754
them:0.018793066301695395
glass:0.1400275325089013
a:0.0035807798098625512
how:0.016863628169604156
hard:0.034669659007378326
other:0.01768343574143475
labels:0.07683272821552531
should:0.021061694131198457
writes:0.00847772296176362
what:0.011800539782008092
but:0.008529272080133465
surfaces:0.076562812712989
please:0.02455660713981096
or:0.008645018688501094
clean:0.05566464348687571
use:0.02131768625317113
and:0.0024474193236589093
for:0.008342278536207025
subject:0.00034226867810279864
i:0.007342257970976728
any:0.01311906751652317
will:0.014529555703888261
the:0.0028990500384194345
can:0.022168358780454187
may:0.023859301633843984
long:0.030516810834725447
many:0.02375898753305248
is:0.006889041715145228
discussion:0.044075281339617835
houses:0.06547310197598125
new:0.022102558524148035
right:0.024870174279362812
does:0.015621651465865707
their:0.0194062002382271
release:0.050946198581887925
especially:0.04006789368586335
john:0.137511712799069
