there:0.019951717077764074
help:0.09304750956703464
small:0.06497273696230459
thanks:0.043334492280786154
fm:0.3805935141709932
to:0.005992170261264482
design:0.08180798277011832
that:0.007541404900749496
circuits:0.12323289418750859
this:0.0114126617037265
reply:0.07806948955119879
used:0.042923119746453596
am:0.03552905123263838
etc:0.05048530407517903
a:0.0030358785344486846
accepted:0.09156279610216667
ic:0.12893646515419319
advance:0.06877176557992716
be:0.02515048944075962
trying:0.05861583093626948
available:0.05871877886552674
please:0.041639464280549016
in:0.003862602215097619
use:0.03614738103798583
for:0.014145602735307565
subject:0.0005803686280873543
transmitter:0.3997518479880473
purpose:0.08175829330749101
i:0.00414997189663902
info:0.06403033607374777
any:0.022245375354104504
graham:0.10594102397706592
will:0.02463707271528879
can:0.018794912879080725
an:0.019519524751342103
alarm:0.13028158262632553
is:0.005840709280231824
remote:0.09794700701781989
