reference:0.02573540043460934
at:0.0060756207755478
lead:0.053299512243033254
know:0.008509483625229668
where:0.02548216273425878
from:0.005838429340897762
sell:0.024000498613659087
to:0.00570289307623792
pin:0.10082662971610412
that:0.002392445692651564
think:0.009929296741576242
like:0.01606398708287825
nt:0.0049246796670513
me:0.029892101528401233
package:0.026808710572801393
anyone:0.011537343100975112
this:0.0036205685404925446
on:0.003496612587857172
possibly:0.0267376114717058
tell:0.016620862438775537
board:0.049533745094553716
a:0.005778637762123014
low:0.023419272689515998
part:0.08445593491080267
andrew.cmu.edu:0.056203853885893246
no:0.007763763697810413
square:0.034982177779692196
it:0.00945808082041302
not:0.00831600011828917
have:0.0035258662975700197
only:0.00919680164323646
christopher:0.033373476528107404
ve:0.012587128958809892
buy:0.02073683534651011
g:0.02437932386904484
if:0.0046217270328510985
of:0.0040229086668773515
monitor:0.05168656331156977
what:0.01269575314478112
but:0.004588160153451105
nec:0.07481737647895773
negative:0.06810793964251867
supply:0.08354411241940436
sense:0.022664289974917175
please:0.013209761082105205
they:0.01930178533464297
find:0.014596184397747519
called:0.018498306867977474
one:0.013562909072767207
email:0.01892343902736511
in:0.0036761317633342856
or:0.009300847692456348
better:0.015422178422768298
and:0.002633085617177861
subject:0.0001841169440828848
i:0.005266171234355722
power:0.03726696938166265
voltage:0.07131409059391898
yet:0.018138405121973542
the:0.006757785606798406
do:0.00990783336422754
can:0.017887572257332
an:0.01238480191119637
just:0.008099231472178524
makes:0.01926191642932396
is:0.005558744004634426
number:0.017256998954467296
repair:0.03528077644005995
mystery:0.07585234456092894
goes:0.08891109506181177
three:0.020127503492913604
side:0.02220940743842202
s:0.012836612707365896
