at:0.010364294264169778
out:0.01386090704800541
there:0.010797399830319382
know:0.029032355897842397
all:0.011224327419368131
reid:0.22736128308913683
remove:0.1039564796479913
into:0.021068281211557485
from:0.03983869432612591
to:0.003242821553154896
most:0.0436845991521656
that:0.004081230887464433
nt:0.00840092413791104
me:0.012748102122406409
re:0.004399300032684359
anyone:0.019681349995781073
this:0.012352527961680447
shot:0.046783909948091014
something:0.02341954490780615
on:0.011929619417395057
you:0.01307762328020522
tell:0.028353235924970032
them:0.01724540201802636
glass:0.12849585336110944
a:0.0032858920608150473
how:0.015474858790930874
hard:0.0318145106185354
other:0.01622715279802248
labels:0.0705053270683644
frank:0.09214527944824993
should:0.019327201673335053
writes:0.007779557541383086
available:0.03177722150369682
what:0.010828730623489779
but:0.00782686143824012
surfaces:0.07025763990133108
please:0.02253429831653241
in:0.0020903494340528293
stores:0.06381482111440512
or:0.007933075972977474
clean:0.05108049637619183
use:0.01956211209114527
and:0.00224586714406347
for:0.0038276336813185177
subject:0.0003140818457884505
i:0.0067376014321904095
will:0.026666008115371398
the:0.002660304741137834
can:0.02034272923382855
may:0.021894417969880363
long:0.02800366170715982
is:0.006321708868015621
discussion:0.0404455522881199
houses:0.06008119946031221
new:0.020282347822159374
right:0.022822042279885876
hardware:0.041760954396171196
does:0.014335162521617944
their:0.017808042571549575
article:0.009533328003724717
release:0.04675062928690892
especially:0.03676818479408637
john:0.03154680470096289
