out:0.014368013403420242
there:0.011192426653379847
know:0.03009451525995858
help:0.026098691707826794
all:0.011634973544466966
thanks:0.024309593230684916
remove:0.05387988274438574
into:0.021839071987590077
from:0.0412962075331793
to:0.003361461366075197
that:0.004230544212615571
nt:0.008708275021005348
me:0.013214496102494448
re:0.004560250033880129
anyone:0.020401399385870624
this:0.012804449716376074
shot:0.04849551640960654
something:0.024276357526384424
on:0.012366068908275364
you:0.013556072912407851
tell:0.029390549434420158
them:0.01787633136014928
glass:0.13319692116700368
a:0.0034061076240155977
how:0.016041012161330786
hard:0.03297845612896962
other:0.01682082911990135
labels:0.07308479025379237
should:0.02003429441748146
try:0.029712069174919423
writes:0.01612835100042835
what:0.01122490369508087
but:0.008113210027444027
surfaces:0.07282804136113588
please:0.02335872386469823
in:0.00216682563285964
or:0.008223310459793723
clean:0.05294929502410129
use:0.0202777991188701
and:0.002328033015187743
for:0.007935338119806684
subject:0.0003255726450246134
i:0.006984099045563228
any:0.01247911300352204
will:0.013820796889064443
the:0.002757632963374584
can:0.021086975425310083
may:0.022695433261461354
long:0.029028185915958352
many:0.022600012531440165
is:0.00655299089977229
discussion:0.04192526761573404
houses:0.06227929212349436
new:0.02102438493760423
right:0.023656995046223168
does:0.014859619687042991
their:0.018459556324167244
article:0.009882108296543915
release:0.04846101816325925
especially:0.038113362286552946
john:0.13080382436984614
