such:0.02958488005335075
to:0.0021203064001397397
stop:0.0511377402243175
hole:0.07179924107611083
manufacturer:0.07715056408028818
software:0.08663956579942328
think:0.022149969654285468
anything:0.035711402312606215
re:0.005752930811971855
worried:0.077398708417671
so:0.01572016303669108
these:0.02548670727844527
you:0.008550753683211105
them:0.022551679562034476
fun:0.12665392784411802
a:0.008593871543670124
how:0.02023635380352499
copy:0.05256326069328219
daily:0.06859392830356838
are:0.02967283299697964
missed:0.06686049503427433
being:0.029935445075771512
crack:0.16086091955937765
disks:0.0663032448275925
usually:0.050734626802870976
if:0.02062001291579721
what:0.014160647738409712
but:0.010235126496160159
they:0.014352609607811442
find:0.03256071904112908
who:0.019893121142059204
point:0.03386978401938555
still:0.03141090895737765
for:0.01001073424344843
subject:0.00041072241372335844
i:0.0029369031883906913
we:0.020734521626368768
games:0.05122877371705732
will:0.017435466844665914
the:0.0023192400307355475
thing:0.03482972977115318
around:0.03641837589467132
can:0.013301015268272515
major:0.05040658419565834
protected:0.07232979763105189
people:0.02315804830881719
about:0.015154095081874947
is:0.004133425029087137
having:0.04025986757569787
mostly:0.06278536953447471
pirates:0.08844239754306049
nothing:0.03930547694616783
leaves:0.07666596920245171
especially:0.04808147242303602
