read:0.0397719835420688
know:0.021646932029093013
thanks:0.03497169552484496
own:0.039762993606105176
ca:0.03607979993144423
my:0.016670425637373705
to:0.007253679789951741
martin:0.08148426967114399
re:0.006560359697862641
anyone:0.029349381572655986
he:0.027897073816144476
contact:0.06105389998211522
am:0.028672567661427464
a:0.004900014476654018
j:0.05358120455313794
accurately:0.1008553656192795
as:0.02807418106024626
old:0.04645461547968989
standard:0.05340429018354801
40:0.06709661733376839
usa:0.06394073133383728
copy:0.05994056043970775
equipment:0.07078873530772962
also:0.026026265468062568
digital:0.07244504556160812
facts:0.07105415428310331
has:0.018680253927834227
manage:0.08840490101382063
his:0.03235840423693433
credit:0.08478008962148731
writes:0.01160109457925548
of:0.0034112383432585726
who:0.022685138144453477
in:0.0031171877525349207
st:0.06731135513893509
and:0.0033491001271121917
subject:0.0004683676647722508
i:0.0033491001271121917
the:0.002644747403470361
can:0.015167824428731812
nra:0.09316668262048731
east:0.07143261893668451
obtain:0.0803580739230903
does:0.0213769967427636
mass:0.0738927828192924
nothing:0.04482203511405103
dave:0.12302718145174008
article:0.014216366321343876
opinions:0.05009842378105337
written:0.06286875330624754
everything:0.054204604981109704
