pc:0.1369661121368993
case:0.0338576864014624
custom:0.07304439583567372
such:0.026342701417367102
scientific:0.05784519913429976
cases:0.10081604379414771
that:0.009504236313273337
reduced:0.06847826460359509
possibly:0.053108954293114255
assume:0.047554637743687345
approval:0.23110654920595586
a:0.0038260387009490275
as:0.010960467948178334
also:0.020321878516158444
stuff:0.040046802091419476
ie:0.05730983817481385
computer:0.03672195760500432
have:0.014006866113634324
kind:0.03774694105428849
60:0.05577615451220572
if:0.009180142736485057
of:0.005327139330568182
even:0.046004368431945906
wayne:0.06400844393812165
what:0.012608795931460701
supply:0.11062918996176832
requirements:0.06666255698767751
well:0.02305298507059376
eliminated:0.0804494313557385
or:0.009237143256206648
use:0.04555560349992734
and:0.010460203136733967
for:0.008913667477043122
subject:0.000365711738246826
i:0.010460203136733967
power:0.11103514850015925
necessary:0.04938049010248664
the:0.0020650767396960357
do:0.019679942983739634
supplies:0.15175439203607843
can:0.01184336975942073
satisfy:0.07852365121024275
satisfied:0.07430492869485526
is:0.007360893887415449
assuming:0.054358488653000026
hardware:0.04862576881745961
smith:0.053941624033787154
process:0.04954196894840503
