some:0.0068277010241716615
sells:0.029373209572608163
laser:0.22930797566838493
at:0.005151842178096088
radar:0.08944154866943478
k:0.04431182521931769
help:0.012515162105507583
all:0.011158688077734399
till:0.029233411205043518
case:0.01445386612460091
where:0.010803840925343635
i.e:0.0404039648769053
your:0.007368024691118494
with:0.0034200431391201596
work:0.023685058058366123
hence:0.026908499341879475
to:0.003223857684422996
otherwise:0.020780028255041143
front:0.020566964499215985
h:0.020661883767804187
legal:0.022101258443470318
100:0.03951476138983709
normally:0.024888021895443178
that:0.0020286820200846596
think:0.008419579108354124
nt:0.004175897963289114
happens:0.043696813038348284
re:0.0021867865659542136
scott:0.022351327796324597
comments:0.02154388897093041
supposedly:0.027129203014293782
this:0.003070072739014146
off:0.012768757005592692
you:0.016251432438851514
regular:0.02366691609213837
them:0.008572275856913688
more:0.007435198981407753
a:0.002450007238327009
said:0.01281581771148206
40:0.02236553911125613
separately:0.03297314493058518
colorado:0.02756258296840912
fine:0.01894243612819041
lucky:0.027846175658108596
course:0.014304981285965024
talked:0.028833014718040822
are:0.007519431363757023
works:0.01739839762310374
it:0.008020010052397004
have:0.0029897696675301334
being:0.011378970350439463
directions:0.034455302245260847
only:0.015596915067477036
ve:0.010673296485540551
buy:0.017583866229496876
60:0.023810872978894837
edward:0.02643327732972295
has:0.006226751309278075
his:0.010786134745644774
claims:0.0219668168164253
writes:0.003867031526418493
if:0.011757024908129987
end:0.015814230424418183
of:0.005685397238764288
what:0.005382702356705445
detectors:0.0976567418158768
who:0.0075617127148178255
over:0.011730647675551799
one:0.005750356185822353
in:0.005195312920891534
point:0.01287447930561439
and:0.0033491001271121917
for:0.003805249858620748
subject:0.0001561225549240836
however:0.028036244493531145
costs:0.024071652952829446
passive:0.07169038989259327
car:0.0178868031572128
i:0.002232733418074794
back:0.01231787555595051
detector:0.09279339492842968
any:0.005984136060168463
addition:0.023189266787961366
will:0.006627516636861312
the:0.003526329871293815
1000:0.054650484298045386
130:0.031513176060044
an:0.005250866307378577
makes:0.03266640797955525
people:0.017605533802024766
about:0.017280985619681957
unit:0.02508854279297904
is:0.0031423699051539634
deal:0.01927669585824859
save:0.021184270365036804
cop:0.03186345758975786
ka:0.07458905847627258
their:0.008851950985857976
x:0.03561590631048073
beam:0.032801133905986976
reflect:0.027667325229032102
article:0.004738788773781292
wont:0.03492338825504761
opinions:0.016699474593684455
april:0.019895636619228725
buying:0.023457414767470854
s:0.0036282823441872412
