at:0.011294423236595269
out:0.015104834603595638
dan:0.050946198581887925
know:0.04745673560224238
someone:0.028249463008500255
from:0.021706980882825015
work:0.025962467487055173
to:0.005300766000349349
might:0.02727032225485187
that:0.004447495197877908
really:0.02501789414347341
nt:0.00915485322721075
re:0.004794109009976545
anyone:0.02144762499540245
this:0.02019163224505458
getting:0.03477181502852161
shot:0.05098246596907354
you:0.007125628069342587
paint:0.06256738169565546
sure:0.027974923335374404
a:0.0035807798098625512
worked:0.04928415180223525
stuff:0.03747969939325156
gas:0.05087397014960259
it:0.008791164865127486
should:0.021061694131198457
try:0.031235765030043494
left:0.037492374147443094
writes:0.00847772296176362
of:0.0024928280200735725
available:0.03462902343351577
what:0.011800539782008092
but:0.01705854416026693
now:0.021178389716387747
over:0.02571718913486356
in:0.002277944896083211
stores:0.06954179224005685
clean:0.05566464348687571
use:0.04263537250634226
and:0.007342257970976728
for:0.008342278536207025
subject:0.00034226867810279864
i:0.007342257970976728
will:0.014529555703888261
the:0.0019327000256129563
do:0.009209204088544828
shelf:0.07033835353630052
mask:0.06879184087234393
long:0.030516810834725447
wires:0.07191017817850992
is:0.010333562572717843
move:0.045343911738115604
time:0.020250127819278377
does:0.015621651465865707
paper:0.049444210220981985
article:0.010388883080982065
carbon:0.07827475364407262
lots:0.04677814117200462
john:0.03437792819976725
