laser:0.05569838613536055
pixel:0.05586189451549805
bbs:0.04598912104267797
circuit:0.15777834016745615
from:0.019240278509776717
outputs:0.06739860678514645
my:0.010797889333298878
to:0.00783067704597063
amiga:0.05726226542940655
clock:0.09750320039998672
that:0.003942098016300873
need:0.021831840812468594
circuits:0.06441719468892496
this:0.01789712858084383
on:0.005761463923173749
used:0.022437085322009838
speeds:0.056540522182561934
inc:0.041602448815959106
card:0.03478304939220729
input:0.04849035567471269
a:0.012695492053149047
vga:0.15376300940644305
boost:0.06532677091248787
chip:0.07346373540461987
across:0.043854137748111845
output:0.09289450429395729
video:0.039723990828011625
dual:0.06309819274287093
mind:0.034427906852387925
it:0.011688253286589952
systems:0.03409564909412058
ve:0.0207401556707663
inqmind.bison.mb.ca:0.14290346229617318
has:0.012099709930528989
disc:0.07113160754619231
be:0.01972027012968652
must:0.026334777584994286
called:0.030480164725644705
system:0.02540025374139233
or:0.007662630201171424
and:0.004338606982849885
subject:0.0003033745101365716
winnipeg:0.059296904423145017
i:0.004338606982849885
signal:0.10239914370044807
any:0.011628264389645537
the:0.0017130750227023932
can:0.019649227100857123
come:0.02728629175533419
simple:0.037490779056320915
an:0.02040677587640311
is:0.0030530980328484533
notice:0.045885970836415275
various:0.04050657929949078
john:0.030471345449793703
integrated:0.06264053479812162
