simply:0.013415102367909602
expensive:0.017763538570775828
read:0.0198859917710344
at:0.003863881633572066
out:0.00516744341701956
correct:0.014351830877988808
there:0.004025346427969945
circuit:0.020298967740842312
scheme:0.020135206028396503
know:0.005411733007273253
case:0.010840399593450682
ever:0.011593956389604651
where:0.008102880694007726
your:0.005526018518338871
method:0.03500787651532069
much:0.007663144164736541
c:0.011342533751881403
previous:0.015233330788126342
into:0.00785440308325608
response:0.015401748037839218
such:0.016868571960243845
times:0.024653299486780935
from:0.0074260724072822415
carson.u.washington.edu:0.02411971482748837
my:0.004167606409343426
to:0.0006044733158293117
player:0.05114819780337108
design:0.016505119330813344
mc:0.024862776897479802
h:0.015496412825853142
that:0.004564534545190484
view:0.014935740143792243
bowman:0.027454304666951417
quite:0.011649997289953515
bit:0.011952123675682892
re:0.0016400899244656602
joel:0.02395207792915417
this:0.004605109108521219
two:0.01635780204081852
on:0.004447445835432368
standards:0.0185846418255484
you:0.004875429731655455
them:0.006429206892685267
8:0.01294952316830643
more:0.005576399236055815
a:0.004900014476654018
how:0.005769135952759317
same:0.00851795329179216
khz:0.026574170037731455
was:0.007767202930713909
broad:0.024177048518573253
as:0.0035092726325307824
old:0.023227307739844945
idea:0.01215954515465244
said:0.009611863283611544
kolstad:0.05810723313730554
course:0.010728735964473768
cd:0.0978772598460652
are:0.0028197867614088838
no:0.004937481299046096
manual:0.01723507630211738
book:0.013639028555630145
digital:0.054333784171206094
d:0.007990544834986997
care:0.013886039216113583
it:0.0015037518848244383
not:0.002644342142877039
comparable:0.02221042504126975
analysis:0.018884939190800424
have:0.0022423272506476
term:0.017095086815414287
components:0.021343713421493236
only:0.0058488431503038885
interesting:0.014333441061058827
kind:0.036256930223198154
between:0.01018800809669476
real:0.011217516903501085
points:0.03215049375851257
channel:0.021253895301565427
netcom.com:0.056474301310897174
uses:0.01497804881507209
component:0.02329167065512183
anybody:0.013331557653125855
asked:0.014790793415519433
writes:0.008700820934441609
analog:0.023634882045033
of:0.005116857514887859
implemented:0.02192505840378264
but:0.002917908869519343
particular:0.01487303266703424
significantly:0.02143540940754286
understanding:0.017605942039082566
find:0.009282661130146449
box:0.013897100924151785
one:0.004312767139366765
in:0.00467578162880238
point:0.009655859479210792
office:0.016012008390553337
speed:0.014730110381077986
use:0.007292892665558544
and:0.0033491001271121917
gets:0.014637352378915808
for:0.005707874787931122
subject:0.0001170919161930627
i:0.0041863751588902395
info:0.012918401137685952
similar:0.0138805188064329
cae.wisc.edu:0.026284880705311292
information:0.010696584581069144
precision:0.02677820519402484
addition:0.017391950090971026
turned:0.017223238332954374
than:0.0062745670272783384
portable:0.02243733589389777
filter:0.06878920902210228
the:0.0036365276797717468
see:0.007760463865838492
when:0.005735414222998841
less:0.012056427879808233
units:0.021313569214090774
would:0.004090568623264807
complicated:0.021789048593508248
once:0.011767680679495202
bought:0.01606615679328272
an:0.015752598922135732
mahan:0.0284026516339235
just:0.010301654065490226
people:0.006602075175759286
n:0.01605708550791404
is:0.005891943572163682
new:0.007561401600366433
hardware:0.031137553716443434
linear:0.024862776897479802
notice:0.01771037470879186
16:0.01529382781502255
slow:0.018011088180008072
eventually:0.0185846418255484
guess:0.013141040626910759
dave:0.01537839768146751
dedicated:0.023897593192318392
article:0.010662274741007907
takes:0.01568377128938452
answer:0.013316978254951125
by:0.0043440152404261665
data:0.03860981083165542
john:0.011760870173604585
