know:0.037390155322978846
help:0.06485129454672112
send:0.08888930669321887
thanks:0.06040565590655039
to:0.004176361091184336
clock:0.1300042671999823
me:0.032836020618319535
ic:0.3594592361874477
advance:0.09586367323262575
real:0.07750284406055295
has:0.032265893148077304
crystal:0.3494280580978978
anybody:0.09210894378523318
if:0.020307588477679068
of:0.02356855582615014
in:0.005384233390742136
external:0.13012194901896404
rather:0.07798435311857162
subject:0.0008089986936975241
i:0.005784809310466513
any:0.031008705039054767
than:0.04335155400665034
can:0.0261989694678095
an:0.054418069003741625
time:0.04786393848193072
wanted:0.09227757544079099
wish:0.11321447014481148
