cable:0.19189544281729995
there:0.020395088568381056
fm:0.12968371593974581
remember:0.06183608970047182
band:0.11073973329243025
near:0.08010612838847833
that:0.007708991676321707
broadcast:0.11290947706051727
re:0.008309788950626012
this:0.011666276408253757
set:0.058875879647242696
trucks:0.1266659039139889
you:0.012351088653527152
interference:0.12432455912159275
a:0.003103342501880878
air:0.08564753301402599
as:0.0177803146714893
listen:0.09490991934096152
town:0.09897841494898961
it:0.007619009549777155
not:0.013398000190576997
systems:0.06667593600628025
robert:0.07100915619906008
netcom.com:0.07153411499380309
if:0.02978446310059597
of:0.004320901901460859
they:0.020731547211283195
over:0.04457646116709684
and:0.00848438698868422
for:0.007229974731379422
subject:0.0005932657087115177
i:0.00424219349434211
the:0.006700026755458249
around:0.05260432073674746
can:0.019212577609726965
company:0.07480284532514112
is:0.0059705028197925315
hear:0.07363736809464017
thru:0.11468820389770697
