some:0.010518350226426615
at:0.007936621733823703
out:0.010614208099823963
dan:0.0716000628718425
know:0.04446396849219106
your:0.011350740740371734
active:0.04025064860213395
someone:0.019850974005973153
from:0.02288033120081556
work:0.01824389607198472
to:0.0037248625948400837
might:0.01916292915205807
t:0.023209667162166145
that:0.0031252668958060975
really:0.01758014183054888
nt:0.012866280211215109
re:0.0033688333583618965
anyone:0.015071304050823344
this:0.014188714550578893
getting:0.024434248398420597
shot:0.03582551662691654
you:0.005007198102781278
more:0.011454225457844377
paint:0.043966268218568694
sure:0.0196580542356685
a:0.0025162236501736846
j:0.02751467260836813
as:0.014416471355261593
worked:0.03463210667184099
wife:0.03640524348778352
stuff:0.026337086060122722
those:0.016719960849437478
gas:0.03574927632134236
it:0.006177575310630125
should:0.014800109389490806
probably:0.021506519955218094
try:0.021949456507598133
left:0.0263459926441492
be:0.005211362676914156
found:0.024094779326639615
writes:0.005957318837996057
of:0.0017517169870787266
available:0.024333908358686755
what:0.008292271198167849
but:0.011987085085592977
who:0.011649124993097733
now:0.014882111692596794
over:0.018071538310985204
commonly:0.046495217796367685
in:0.0032014360701709994
stores:0.048867205357877794
clean:0.03911569542320996
use:0.029959991490943208
and:0.006879232693527745
for:0.008793212511137136
known:0.02934170042942665
subject:0.000240513125153318
i:0.005159424520145809
will:0.010209958062191752
the:0.002037170297267711
do:0.012942665205522463
got:0.01992931370838355
can:0.007788882814754174
major:0.02951736912358371
peter:0.03317020793536898
shelf:0.04942695113361659
mask:0.048340212504890324
long:0.02144424545142869
wires:0.05053147655787183
is:0.009681896464528428
move:0.03186328932948664
time:0.014229819548682104
does:0.01097737670574347
paper:0.034744580155284636
article:0.014600592438136955
carbon:0.055003880939078056
lots:0.03287112622897622
by:0.008922842115469965
john:0.024157463059295906
s:0.0055895160437479125
