land:0.0497079043198467
all:0.011925847883078641
with:0.007310342209869342
to:0.0017227489501135387
most:0.023207443299587974
been:0.01834050484026799
swedish:0.14778186924491768
re:0.0046742562847271315
michael:0.07511738004184224
this:0.006562280479642738
these:0.020707949663736784
recently:0.041366394557346114
on:0.006337610315491124
you:0.0069474873676090235
brand:0.056319529035246445
a:0.0017456301573079939
how:0.016442037465364056
said:0.027393810358292903
compatible:0.056319529035246445
modified:0.061722820301032544
equipment:0.15131092172027208
hands:0.050067124441938664
universal:0.06144808396704785
are:0.008036392270015319
internet:0.03570667428893258
telephone:0.055964054843739765
not:0.015072750214399123
have:0.006390632664345661
money:0.03875274708411413
shall:0.04949722517540943
be:0.007230765714218392
virtually:0.06229109997699202
writes:0.008265779887719529
spend:0.05125121518389439
if:0.016753760494085234
of:0.004861014639143467
what:0.011505526287457891
fact:0.02997833910786049
york:0.04703959009281804
find:0.02645558422091738
who:0.03232632185584621
accept:0.04465139963328417
in:0.006662988821043393
or:0.008428893221288567
subject:0.00033371196115022873
blind:0.06416962751510873
i:0.004772467681134873
phones:0.061909390928740995
the:0.0018843825249726326
older:0.05522687981299538
would:0.011658120576304701
can:0.021614149810942836
refer:0.0560226029601451
many:0.02316501284472617
is:0.0067168156722665975
new:0.02154999456104434
days:0.03722815780687715
lot:0.030981917353317387
handle:0.050779461084108794
guess:0.03745196578669567
switching:0.06624757025313786
tone:0.13621628119621484
god:0.03316472789719031
panix.com:0.06474576635511207
s:0.007755453510700229
