ian:0.04094322071516001
expensive:0.030224528314454394
content:0.035351902452391434
lead:0.028837422668805308
small:0.022304073882582175
solder:0.2416344989751701
with:0.004364383408877219
operations:0.034785946658424986
such:0.014350874652744766
from:0.006317703391269967
added:0.031221031244488148
to:0.005142534179443398
within:0.02415261355464789
that:0.0025888404883169912
talking:0.024326053584793048
nt:0.005328944415839094
me:0.008086482689586155
anything:0.01732269515163734
re:0.0027906007670012727
anyone:0.012484438430159636
quantities:0.04382692902215605
this:0.003917779390831485
best:0.018172955820607718
amount:0.0277493806837823
management:0.03380518226477049
tell:0.01798526159419741
performance:0.028291128608929968
used:0.02946960460204277
why:0.013281511792194077
a:0.0020843345161886493
commercial:0.031092138807856353
as:0.011942002391298782
oil:0.03344633012545976
stress:0.04185816341734159
lc:0.038724925763906785
moves:0.038514695338782184
existance:0.04341603516258122
silver:0.11660533017070292
it:0.007675867829999372
not:0.008998656844417386
have:0.007630606166382879
occasionally:0.04030185929873669
copper:0.049141819884325005
assembly:0.03844591433053649
after:0.014397117072126502
attempt:0.0287809581883328
be:0.008633750106529423
writes:0.004934793962817629
applications:0.02910672408503233
of:0.0072552457300648745
andy:0.03344633012545976
seen:0.019346752915092184
but:0.009929600332095676
particular:0.025306354090177664
seems:0.017585724547619985
good:0.024179251512828345
in:0.005303871698342999
point:0.016429372845224333
and:0.004273851654747647
for:0.007283929766688223
subject:0.0001992310215822261
i:0.0028492344364984316
example:0.020980292117596302
possible:0.01923113151466106
mention:0.028169215031917334
improve:0.03539726846788682
addition:0.02959227328911488
the:0.0033750134775629237
when:0.00975876449883385
can:0.012903970036383782
may:0.027776500409549713
an:0.013401464754652787
pure:0.037666491469584264
about:0.0073508670173274
general:0.022003211664832472
is:0.008020078414646683
solid:0.03362359942402773
vary:0.03798141948816917
keep:0.01977175062780538
electronics:0.06731912849635319
does:0.009093200106996456
2:0.02908073958351356
guess:0.022359382559221295
under:0.018114353933624174
article:0.0060472603008701565
metal:0.03742378108372188
process:0.053978563182590554
reduce:0.03402907965509735
