simply:0.032888638063262254
out:0.012668570957854407
motorola:0.0524009365908068
led:0.045327734288498886
from:0.01820585493398227
feet:0.047226472569412176
to:0.002963869161485658
1988:0.0491408692898633
lights:0.05278092977839077
that:0.00373015726273631
location:0.04936373090832692
could:0.016226980164796317
re:0.0040208656212706514
glenn:0.06000452177935181
detect:0.055103242271246654
you:0.011952666438897246
used:0.04246158082444872
knowing:0.04617230449060014
28:0.047554466701599435
more:0.013671172320652967
a:0.009009704037718677
logic:0.04465312847523626
output:0.043950088053055066
no:0.012104792862177527
sensing:0.0696323072315544
allen:0.04789278142693046
500:0.04483631328332839
ir:0.0631484783760098
be:0.006220013517607219
loop:0.05519967958288923
writes:0.007110348290511424
detection:0.06377502577519234
of:0.006272276953733505
what:0.009897226913942271
distance:0.05074340239911586
in:0.011463206573838095
presence:0.05133544301398712
system:0.02403464870153253
or:0.007250660835517047
use:0.017879349760724174
and:0.004105348542911719
for:0.0034983748700223014
subject:0.0002870640526023473
transmitter:0.06590890683673899
i:0.004105348542911719
away:0.029774017057243772
detector:0.11374674217033318
detecting:0.06564979337889962
the:0.005673409752605775
level:0.03785521680208333
would:0.02005698163665325
did:0.03535292566544012
long:0.025594744571060053
about:0.010591571831417974
interested:0.03093630339155828
biased:0.05600399370205804
angle:0.05745473905581472
field:0.04185438548315384
hardware:0.0763372284661194
designed:0.04225373545035229
article:0.00871325677759786
respond:0.043483954280220505
upon:0.03729113529777351
built:0.03970427563521241
tone:0.05858764782632897
