since:0.0425706728383762
pc:0.07091153323399751
thanks:0.042412481806726875
where:0.03930759145178216
fax:0.1301550357397187
o:0.07448891454893365
to:0.011729354553964517
could:0.032108705432469305
so:0.02174065100818979
machine:0.13841699380103603
a:0.005942570748282532
wondering:0.07657305323100631
was:0.01883959859790182
as:0.017023705536532305
baden:0.7339001514207013
those:0.03948756711250128
ve:0.03883263189420073
inqmind.bison.mb.ca:0.1337819647028004
environment:0.08931177669952756
be:0.012307686322073857
seek:0.10339348469814248
if:0.02851703913886848
they:0.019849353712930715
who:0.02751176328157124
few:0.04863037235970822
subject:0.0005680203594046446
i:0.00812334924448489
the:0.0032074596169746933
start:0.05994812952941516
got:0.04706710258788455
de:0.17195668200612638
comes:0.06434417738820238
integrated:0.11728440557946174
