your:0.01326244444401329
from:0.00891128688873869
job:0.03654198479251764
most:0.0390862202940429
latter:0.04889056180268639
bit:0.028685096821638945
nt:0.0075166163339204055
re:0.003936215818717585
lost:0.07377908051195474
michael:0.03162837054393357
so:0.010755901025104422
this:0.005526130930225463
two:0.03925872489796445
on:0.016010805007556524
brown:0.09778112360537278
you:0.017551547033959638
possibly:0.040810038562077273
glass:0.11496997405994001
m:0.014408575917011284
a:0.005880017371984821
j:0.03214872273188276
as:0.016844508636147757
definitely:0.04479843941179772
stuff:0.06154561163523414
nyx.cs.du.edu:0.04948880890545655
hands:0.04216178900373782
mnemosyne.cs.du.edu:0.0628620988590857
it:0.014436018094314608
only:0.014037223560729332
ve:0.019211933673972992
usually:0.03471316570722751
greg:0.046097564184162346
writes:0.0069606567475532875
get:0.013835515529380235
if:0.007054214944877992
of:0.0020467430059551437
what:0.009688864242069802
but:0.014005962573692847
well:0.017714399054245735
good:0.017052735277468412
in:0.0018703126515209523
or:0.007098015344243003
use:0.03500588479468101
and:0.002009460076267315
gets:0.03512964570939794
for:0.0034247248727586736
subject:0.0002810205988633505
i:0.006028380228801945
away:0.02914719564551232
the:0.003967121105205542
do:0.007561241251647333
interest:0.03845036838597774
can:0.018201389314478175
sp:0.04967512024334499
mr:0.03554690187666751
imagine:0.0414498795206996
is:0.011312531658554269
either:0.02635329165382482
done:0.027880668962323142
keep:0.027888574569746537
plastic:0.05357379169910177
article:0.008529819792806327
little:0.024687775809457517
bad:0.028848432071014566
dangerous:0.04426048140197144
s:0.006530908219537035
