another:0.02082164629472844
go:0.00913348475020717
wagner:0.06048735230853406
there:0.004308821528531208
circuit:0.021728472511324166
geoff:0.05496822869442966
story:0.016878204356866686
solder:0.09120851510612055
fax:0.014359827886776477
compound:0.020105252448382654
prevent:0.03777481194524574
hence:0.04320519612639803
to:0.004529293014383012
rd:0.024317658724924723
most:0.01743282125790646
make:0.00826328865422396
that:0.0032573204266148057
v:0.018059381755408506
australia:0.021779782701616138
re:0.0017555892149209884
complete:0.017385989907487222
resist:0.02676040223534977
these:0.015555267353041715
on:0.002380323123189155
brown:0.021805649630306137
rarely:0.024059162118431635
used:0.037079126917124235
dry:0.02427357543689731
them:0.02064590382439776
computers:0.020365112049712066
why:0.00835550507114557
board:0.016860077555657955
a:0.005900721658505894
was:0.0041570945262975854
as:0.0037564045080611193
old:0.012431516818508563
red:0.016960652370622307
equipment:0.018943464378124834
also:0.006964775266101251
are:0.021128543057317272
reason:0.01254559588736398
it:0.003219299809764995
not:0.002830563420544436
have:0.004800475240823032
made:0.01091821385876996
boards:0.19767525754637402
tom:0.017820320298003546
campus:0.024317658724924723
color:0.01734569064133045
b:0.01437046172072414
shows:0.018141852758778925
spelling:0.025354221342867213
usually:0.015482397850641377
uses:0.01603284098514759
writes:0.0031045182676880862
were:0.014566228145279804
depends:0.020214864485927214
of:0.009128665989001814
produced:0.021553178283917385
seen:0.012171196669588512
but:0.003123395409626339
well:0.007900788310579084
pro:0.021130357514348462
one:0.004616483135096819
in:0.0025025310125984575
or:0.006331562983127562
use:0.007806476656090836
and:0.00985861868403448
green:0.05927198308946174
for:0.0030549189005828546
subject:0.00012533782578412345
each:0.01195309576225641
purpose:0.01765672062039712
con:0.02723027762763607
info:0.013828147696677923
research:0.01449451399313041
the:0.004954245136078283
original:0.014489051705509293
composition:0.05732798858439121
automatic:0.02162750441169523
older:0.04148498014121719
colour:0.049664070525075044
development:0.018250061188057286
mask:0.10076551339047561
during:0.013748213661044463
ltd:0.025299310358063497
about:0.004624489109492355
film:0.04872431974050243
environments:0.02834008409742119
techniques:0.02232631017506408
different:0.011864868065780507
general:0.013842396070833575
is:0.0037841215055023085
white:0.015957601623570856
days:0.013982406688028979
applied:0.08313615024068757
lot:0.011636400883875074
blue:0.037527339225007596
2:0.018294925371787875
light:0.016395374111766635
61:0.047392580816190535
filled:0.04686450834367526
non:0.02328778629077306
under:0.011395884634298775
dark:0.021652543594678154
article:0.0038043797197962487
close:0.01631414655479127
manner:0.021407965604615234
north:0.0188457971122574
s:0.011651385555981565
