stored:0.2583487615468601
help:0.11263645894956825
to:0.007253679789951741
me:0.05703098317918656
on:0.026684675012594205
you:0.029252578389932726
card:0.16110043929022325
a:0.007350021714981026
how:0.1384592628662236
are:0.03383744113690661
and:0.010047300381336574
subject:0.0014051029943167523
values:0.2247866510706983
phones:0.26067111969996204
the:0.007934242210411084
can:0.04550347328619544
understand:0.1576924875229291
