know:0.030846878141457548
true:0.06458201980394616
motorola:0.12183217757362581
o:0.17504894918999409
me:0.027089717010113618
wanting:0.13814030722461806
anyone:0.04182286874103478
these:0.04141589932747357
a:0.0034912603146159877
low:0.0848948634994955
let:0.057628443568820624
baden:0.862332677919324
those:0.046397891357189004
not:0.015072750214399123
have:0.012781265328691322
only:0.03333840595673217
inqmind.bison.mb.ca:0.15719380852579048
be:0.014461531428436784
if:0.016753760494085234
please:0.04788538392263137
who:0.03232632185584621
fear:0.10764415338756242
for:0.00813372157280185
subject:0.0006674239223004575
do:0.017957947972662418
would:0.023316241152609402
can:0.021614149810942836
life:0.06975948383221775
de:0.20204910135719853
little:0.058633467547461605
by:0.04952177374085831
quantity:0.1450012283671621
s:0.015510907021400459
