replacement:0.08977864771059278
reference:0.06784787387306099
previous:0.06314908035805102
to:0.0025058166547106014
that:0.006307356826081396
re:0.006798918232330373
description:0.07954618657065275
master:0.08646371031433907
du:0.10896277819656316
you:0.01010543617106767
am:0.029715206485479373
a:0.005078196821259618
commercial:0.07575175636823184
ic:0.3235133125687029
military:0.07039706477691945
not:0.010962000155926634
made:0.042283264580327294
keith:0.07164485580217576
references:0.07507941085475751
writes:0.012022952563955679
looking:0.047161551734666254
but:0.012096058586371096
find:0.03848084977587982
in:0.006461080068890563
or:0.024520416643748554
cross:0.08328018570211176
and:0.006941771172559816
for:0.01774630161338585
subject:0.00048539921621851447
guide:0.08548066992760678
i:0.003470885586279908
any:0.05581566907029858
will:0.02060555172551426
can:0.015719381680685696
industrial:0.09952095545552749
10:0.05255221377993026
just:0.02135251933574338
about:0.0179093850967613
e:0.1131232616746846
almost:0.05494532600481033
article:0.014733325096665473
functionality:0.1042223006972313
especially:0.05682355831813348
include:0.06111860496808366
