at:0.009472742069402485
out:0.012668570957854407
there:0.019737182485530053
know:0.013267474469444106
your:0.01354765830302433
much:0.01878706311354765
carson.u.washington.edu:0.059132204093197305
wire:0.054819013700621325
to:0.001481934580742829
that:0.00373015726273631
view:0.03661665325574873
son:0.04588334730510448
need:0.02065808593007781
re:0.0040208656212706514
so:0.010987210724569034
anyone:0.017988330641305283
political:0.038761029865392746
these:0.017813290033321966
on:0.005451707798271935
western:0.04398416950210108
you:0.005976333219448623
europe:0.04422581311341353
m:0.014718437764688948
sure:0.02346283892644305
a:0.0030032346792395596
how:0.0282873762844973
as:0.008603378066849661
jack:0.045965117190967054
universal:0.0528585668533745
theory:0.04374783717179167
are:0.006913025608615329
it:0.0036866175240857202
not:0.0064829033180211285
have:0.005497318420942504
proof:0.045022673029044946
left:0.03144521702688776
exists:0.0401250866991221
without:0.02416355360002683
be:0.006220013517607219
writes:0.007110348290511424
if:0.00720591849207967
end:0.029077778522317306
of:0.00836303593831134
sticking:0.06335329767676995
they:0.020062787623822447
net:0.03564669338600519
rest:0.03512506272551408
in:0.003821068857946032
or:0.007250660835517047
word:0.03299867221681096
for:0.006996749740044603
subject:0.0002870640526023473
exercise:0.05366742084517651
i:0.0020526742714558595
any:0.02200617776965177
connect:0.0494201755952747
phones:0.05325539004622881
the:0.007294383967635996
can:0.009296408520835629
americans:0.04604751367210221
return:0.03968137320233257
may:0.020011027176772375
an:0.009654818694212223
wires:0.060311762343266385
religion:0.03818850820390014
about:0.010591571831417974
is:0.005777905954637934
days:0.032024221769356695
does:0.01310203026169382
wall:0.09648417479245207
article:0.00871325677759786
shown:0.044401802118404984
strange:0.04727272076187875
