at:0.02288220811569951
out:0.01530100128675922
there:0.01191920760489802
know:0.016024352281276646
much:0.022690868435843267
carson.u.washington.edu:0.0714194153333422
wire:0.06620997758646471
to:0.0017898690390790012
that:0.004505254875772426
son:0.05541754934252879
need:0.024950675214249825
re:0.009712740331900534
so:0.013270267498505456
anyone:0.02172616557975833
these:0.021514752897388866
western:0.053123737190849354
you:0.0072181686936197646
europe:0.0534155924616553
m:0.017776814443065874
sure:0.028338234028041608
a:0.0018136417218784352
how:0.034165272655301934
steve:0.04165134866018684
jack:0.05551631037350566
universal:0.0638421651605692
are:0.00834949846235358
not:0.007830000111376167
have:0.006639618352566921
doing:0.03481432344370539
without:0.029184551750681756
writes:0.017175646519936687
if:0.008703252204719602
end:0.03511991431916246
of:0.010100809639778632
sticking:0.07651761927194294
they:0.024231678558642694
one:0.01277027152955354
rest:0.042423777058088426
in:0.009230114384129375
word:0.03985553917095349
subject:0.0003467137258703675
i:0.0024792039901999343
we:0.017503167606674936
any:0.013289445016737757
connect:0.05968930299169542
phones:0.06432144512076987
the:0.00783120010378237
americans:0.055615828201370204
return:0.047926853348271806
may:0.02416916269402378
wires:0.07284407659641265
about:0.012792417926258072
is:0.003489254894683947
days:0.0386786055136386
does:0.0158245300563315
wall:0.11653283448958496
article:0.021047607280950675
