at:0.005540660455688246
out:0.02222975658642377
there:0.01154438975568739
know:0.015520441832179897
tel:0.02556885584464388
case:0.015544723945325509
situation:0.022164354017450306
fax:0.01923675056530434
hand:0.019856851921085997
much:0.0219773191139614
into:0.01126291762882004
from:0.005324353801447646
carson.u.washington.edu:0.03458676088470031
wire:0.03206395140979738
often:0.01954289552376545
to:0.0008667919245854282
remember:0.01750078010390712
everywhere:0.031292867623053146
might:0.013377893936342427
son:0.026837429555815827
need:0.012083031393064379
re:0.002351827061497928
so:0.006426481744559246
anyone:0.010521476412838938
had:0.019300735668957677
these:0.010419094170433602
on:0.003188734749932641
western:0.0257265897087761
you:0.006991182256713483
europe:0.051735856849653566
m:0.00860889756047844
sure:0.013723547296598766
a:0.002634913444993198
how:0.024818169759040082
other:0.008674893005232144
same:0.012214423588230267
was:0.00556893795032318
as:0.010064329059333566
jack:0.026885257224905257
universal:0.030917274951973762
far:0.015656465862398754
are:0.008086935617625478
no:0.007080161862783081
it:0.0021563234574841004
not:0.0037918868463897165
austria:0.07565357240291747
have:0.006430825322611986
laugh:0.03190198602550546
tom:0.023872504550155695
closed:0.02595014277430699
mixed:0.03518619597780927
without:0.014133399275487391
writes:0.008317765924749213
if:0.004214782514235279
end:0.017007757248902574
of:0.008560277351950758
germany:0.02644494171815904
sealed:0.03518619597780927
seen:0.032609621265689975
but:0.004184171209122078
never:0.013861253024288431
sticking:0.148222809658858
well:0.02116814981324962
they:0.011734838044122562
box:0.019927918306330863
rest:0.0410896960185259
in:0.005587412009260707
and:0.003601862400856508
word:0.019301110164549804
subject:0.00016790538925797672
i:0.004802483201142011
any:0.006435768970369857
yet:0.016541312847082792
connect:0.028906140442519164
phones:0.031149379083643267
the:0.0056887019621815315
do:0.004517722760418218
americans:0.026933451393116387
return:0.02320985979759075
put:0.015644398110357102
may:0.011704563065659314
thought:0.016884191227620835
places:0.023992590454656196
just:0.014772183188250139
wires:0.1411067647276421
here:0.011323276135996202
nicely:0.03396508896874664
many:0.011655352374704992
about:0.012390140632979517
is:0.0033795298979957724
either:0.01574567740322867
days:0.018731148582076557
somebody:0.04774500910031139
does:0.007663451662500159
wall:0.16930241991883097
e-mail:0.017293684129888468
article:0.005096433209538371
