essential:0.051236523010660284
fax:0.03089538727154939
your:0.012726588102841037
with:0.0059073472402984585
damage:0.08988834052866003
much:0.017648453227878096
cambridge:0.04719814553013012
compound:0.043256755267732386
hell:0.034478595196786824
to:0.005568481454912448
harris:0.23506055401155088
that:0.0035040871256007762
like:0.011764030944532053
through:0.023933972666917446
re:0.0037771767957390967
avoid:0.039058075689122215
so:0.010321319165504245
617:0.052609812265569676
on:0.005121301265043333
you:0.005614131206148706
great:0.025467178674067444
a:0.001410610228127672
skin:0.0519456569366527
blood:0.04218862337786466
also:0.014984819511914814
athena.mit.edu:0.09873279484686409
likely:0.03339806873666392
care:0.03197996910377674
it:0.013852744635958465
not:0.006090000086625909
ames:0.0519456569366527
try:0.024609996690337303
only:0.013470063012821078
mit:0.051763651830565034
exposure:0.05541809672557012
25:0.03714830856858195
which:0.013049417500176949
g:0.0714141810305354
kill:0.037319516228317036
things:0.022572989173133835
of:0.005892138956537535
department:0.03503106649184785
but:0.013440065095967886
street:0.040283115962814205
using:0.022266874531766876
highly:0.08437724675572932
one:0.019864866823749952
and:0.005784809310466513
for:0.00328635215062701
subject:0.0002696662312325081
cause:0.03185354680143502
rm:0.0519456569366527
cells:0.05516236129138537
will:0.011447528736396814
the:0.0022841000302698576
do:0.007255736554611078
less:0.027766318753497755
jonathan:0.09657586605038518
ma:0.040517352780176936
is:0.021710919344700114
bone:0.0635126499094103
toxic:0.11902740775635567
production:0.048481568541432186
chemical:0.05018083918504931
hidden:0.051584868223500384
handle:0.04103390794675458
engineering:0.039058075689122215
lots:0.03685550516582183
unlikely:0.04816087461906269
