your:0.017999031745446606
with:0.008354676811279247
damage:0.06356389794526673
work:0.05785921325686582
to:0.005906567828960704
most:0.026522792342386255
need:0.0274457427356748
re:0.005342007182545293
these:0.023666228187127752
you:0.031759942251926965
a:0.003990011788132557
stronger:0.07270728873449527
want:0.027037113824459735
removing:0.07270728873449527
waste:0.06112257135997628
alcohol:0.537719228386645
are:0.009184448308588935
likely:0.04723441149899611
works:0.04250179990786772
not:0.017226000245027566
have:0.007303580187823612
try:0.10441670024328825
if:0.028720732275574683
of:0.005555445301878247
but:0.009504046032148718
good:0.023142997876564275
use:0.047507986507067085
for:0.009295681797487828
subject:0.0003813850984574042
vnet.ibm.com:0.07819503642934302
will:0.016190076355761206
the:0.004307160057080302
do:0.010261684555807095
can:0.01235094274911019
instead:0.04382477587978059
may:0.026586078963426154
pure:0.07210442652748988
is:0.0038381803841523415
time:0.022564428141481623
does:0.017406983061964646
first:0.026822211848443443
grain:0.08865020346849496
neither:0.05346830643572813
luck:0.058896980370194585
carbon:0.08722043977482377
while:0.03100489294112175
