thanx:0.09515034932828033
know:0.02419362991486866
work:0.03970730321549615
to:0.0027023512942957466
acceleration:0.3443597856445152
that:0.013604102958214776
communication:0.09436593100252152
michael:0.11783118437936035
anyone:0.032802249992968456
bell:0.08751378527412888
working:0.06212821589620798
hard:0.159072553092677
harder:0.0959674610224091
output:0.08014427821439453
play:0.06278271044667533
it:0.006722655485097489
have:0.010024521826424566
only:0.052295538755658295
has:0.02087793086052061
sort:0.06151884916982412
of:0.01143768150386698
electrical:0.09288539075726376
sense:0.06443768718358805
direction:0.08663039970665941
one:0.019280606034816128
in:0.003483915723421382
subject:0.000523469742980751
any:0.04012891240348264
research:0.06053591138307406
the:0.0014779470784099078
would:0.0182872479628309
an:0.0176058458541517
problem:0.04148167239305067
makes:0.0547642722010191
is:0.005268090723346351
type:0.063539460986896
does:0.023891937536029906
sensor:0.23105320329174922
playing:0.07853666579127633
mike:0.06265513782270007
