know:0.025181125013434728
though:0.02536269593480285
such:0.019622624525181615
from:0.008638492392144648
to:0.007031628367810362
most:0.018944851673133038
acceleration:0.2389435247329289
software:0.028732509066135267
that:0.007079686233356669
sources:0.03927692831851493
gee:0.051673233769484725
talking:0.033262154901655794
need:0.01960410195405343
re:0.0076314388322075615
michael:0.030660155119119275
anyone:0.017070558669810113
voice:0.0370050438922058
these:0.01690444870509125
you:0.017014254777818014
a:0.004275012630142025
how:0.013422071400297185
richard:0.038123239946722225
output:0.08341547324355347
mind:0.0309148551327565
are:0.006560320220420668
dick:0.05150316180534991
d:0.018590247167112606
508:0.05900670808137361
it:0.00349852479326502
have:0.01043368598260516
only:0.013607512635400882
money:0.03163489557886867
has:0.01086504565190358
sort:0.03201491130266357
writes:0.006747575418546554
spend:0.0418377266807301
if:0.006838269589422543
of:0.013888613254695616
electrical:0.048338315598167876
available:0.027561875794022753
what:0.009392266357108481
sense:0.03353389843227541
street:0.04069416816651638
variety:0.047679759260029396
direction:0.04508316719428194
one:0.020067569546441275
in:0.003626116365193683
and:0.0038958919845998963
subject:0.00027241792746957445
voltage:0.05275787314346047
world.std.com:0.046898738064903536
any:0.02088341359773076
devices:0.08662609068413588
would:0.00951683312351404
an:0.01832445180738238
about:0.02010237102697697
17:0.040125548555923526
ma:0.04093079515548485
is:0.0027415574172516724
sorts:0.05077108114352499
type:0.03306645418705812
does:0.012433559329974746
lot:0.02529136110474888
sensor:0.12024197314162459
article:0.008268702860373478
consulting:0.06115257960011198
comes:0.030858942216790933
range:0.040811795770302785
