there:0.04476970661351939
take:0.05184753976428545
your:0.03073005419954299
name:0.06737152453244515
to:0.003361461366075197
that:0.008461088425231142
nt:0.017416550042010696
re:0.009120500067760258
off:0.05325505970625245
you:0.013556072912407851
used:0.0481576465448016
brand:0.10989176397121257
a:0.0034061076240155977
want:0.04616092604176053
skin:0.1254297569933809
others:0.0657641030016682
are:0.01568076540490794
works:0.07256404862318878
made:0.056721452485804916
try:0.05942413834983885
ve:0.04451545607383986
if:0.016345132189351446
of:0.00474245330648143
but:0.016226420054888054
well:0.04104555878422792
one:0.047966385745152315
in:0.00433365126571928
and:0.004656066030375486
for:0.007935338119806684
subject:0.0006511452900492268
i:0.004656066030375486
tape:0.10120410399313008
the:0.0018384219755830562
paul:0.07987859734412335
is:0.00655299089977229
does:0.029719239374085982
very:0.04251810955569384
process:0.08820887154228213
s:0.015132592216000447
