frequency:0.07351343111856533
at:0.00647768391510611
ideas:0.026448482625290225
there:0.026993499575798455
help:0.03147195176532054
small:0.021976072796073613
thanks:0.01465725474203061
oscillator:0.09246694619164146
with:0.004300201299923142
motorola:0.03583299340400759
fm:0.21455026534149124
frequencies:0.04438557288787289
such:0.014139832378439696
from:0.018674387965371523
my:0.006986869568605157
single:0.02390754904788511
to:0.00202676347072181
design:0.027670347113422374
look:0.017435061207911107
then:0.011734414336586788
that:0.0025507693046652705
think:0.010586382555357024
nt:0.0052505775861944005
circuits:0.0833634284209617
re:0.0027495625204277245
this:0.0038601649880251397
reply:0.026405856759964295
used:0.014518114031888718
am:0.024034358186784788
etc:0.017075911672487027
e.g:0.02984761191317129
stable:0.03693249144791173
a:0.005134206345023511
accepted:0.03096976926985049
ic:0.043610863213918286
advance:0.02326103835791654
chip:0.09507071640597864
are:0.009454579141194493
no:0.008277542177812573
plan:0.028717383804695636
have:0.003759195684909212
robert:0.07048703005053758
mixed:0.041136802650527014
be:0.008506783193198107
writes:0.004862223463364429
of:0.002859420375966745
trying:0.019825942816679383
cheers:0.03201590203209078
interface:0.03104926130002855
designs:0.04006361211653378
available:0.019860763439810514
please:0.014083936447832755
up:0.009878385076120474
one:0.007230227263056047
in:0.005225873585132073
yes:0.019609160812528593
use:0.024452640113931588
and:0.007018334825198343
for:0.009569084203296293
transmitter:0.18028024517108016
purpose:0.027653540383416077
i:0.005614667860158675
info:0.021657319554355865
any:0.007524171075652995
graham:0.03583299340400759
pretty:0.02116191218323255
will:0.008333127536053562
yet:0.01933874075504532
the:0.002216920617614862
do:0.00528174940372424
would:0.0068577179860615884
can:0.006357102885571422
fan:0.029408499893306423
an:0.006602192195306888
handbook:0.04239384528393613
just:0.008635210025484456
about:0.007242766031778467
lab:0.031689050836717005
alarm:0.044065829417727756
is:0.003951068042509763
done:0.019475467289858075
linear:0.04168171421048085
article:0.005958330002327948
remote:0.03312913472661555
lots:0.02682863978982618
high:0.04113711508296355
everything:0.022718106499435686
