ian:0.1482808534008498
out:0.03184262429947189
know:0.033347976369143294
where:0.0499312648171287
wonder:0.09973966777883592
pin:0.13171046224175764
r:0.08378972342511162
could:0.040786733927731286
anyone:0.04521391215247003
consultant:0.15537177946753872
bus:0.1093795311285314
on:0.013702941222683512
nelson:0.28705410320906904
a:0.0037743354752605273
old:0.14313043688336888
advance:0.0855000328831527
computer:0.07245142986933285
if:0.036224347014238344
even:0.04538268777746016
expansion:0.12493904263358671
find:0.0572012631803619
in:0.0048021541052565
or:0.03644926798395056
for:0.008793212511137136
subject:0.000721539375459954
i:0.010318849040291619
the:0.006111510891803133
ibm:0.10649910997620722
would:0.025206747192010166
sp:0.12754422765183174
