read:0.052721001439486555
at:0.020487558429172815
much:0.04063248533860305
to:0.006410228651585259
need:0.04467911608133107
anyone:0.03890499417770677
on:0.011790902912541626
am:0.07601564449773793
working:0.07368695373736296
a:0.006495368027192535
hard:0.06288914889710487
drive:0.13133970924679017
it:0.007973382086976092
has:0.024762197067129094
regarding:0.09202317142025296
be:0.01345258737529003
if:0.015584893482869983
of:0.004521874082924155
produced:0.10676341801103263
reading:0.07642609410146489
in:0.004132086090569546
and:0.008879009639320694
subject:0.0006208594626050766
i:0.004439504819660347
appreciated:0.07871539812037774
information:0.11343354811552395
the:0.005258741930156184
when:0.030411033554505487
would:0.02168952665359014
head:0.08029906361524844
write:0.15135692674360526
disk:0.08141811590232283
needed:0.0775772718636284
project:0.08957292687007096
