some:0.017085905489756404
read:0.011058551521453276
go:0.009489913423385987
large:0.014605044487256465
at:0.012892170913967283
out:0.005747205361368097
all:0.004653989417786786
microphone:0.030813365258072545
principles:0.02462102369231362
small:0.04373774488194163
anyway:0.014870799129973336
where:0.009011984381628107
with:0.011411265888576534
lincoln:0.02846715715750518
into:0.00873562879503603
response:0.017129749037206547
journal:0.02415976231365502
from:0.016518483013271718
to:0.004706045912505276
grace:0.024743491600270087
remember:0.013573775787908448
pointing:0.024954695530774108
physics:0.02236880502679635
most:0.0090565632388636
enough:0.011864139155792177
puts:0.02408695426381758
that:0.0033844353700924566
bit:0.013293093649052193
like:0.005681166163456942
laid:0.027804710615265855
nt:0.003483310008402139
could:0.0073615080747612555
started:0.015996316468238563
flat:0.02408695426381758
had:0.007484919442351879
described:0.020240820798626016
this:0.0025608899432752147
opening:0.0719392202541048
two:0.009096533817821032
these:0.008081151088287525
on:0.002473213781655073
you:0.00271121458248157
spec:0.025599905133592407
them:0.014301065088119423
impressive:0.025649428896831517
m:0.006677144937151571
more:0.01240408805678757
a:0.006812215248031195
how:0.0064164048645323135
want:0.009232185208352105
was:0.004319322605372613
commercial:0.020323641952452447
as:0.0039029959034976506
said:0.010690267456894791
are:0.003136153080981588
pressure:0.04293348967804136
d:0.00888704498720505
it:0.008362327554633463
ones:0.01654941453842369
have:0.0024939054299885507
ve:0.008903091214767973
whether:0.013938822365277194
buy:0.029335035368233814
kind:0.013441593643722244
university:0.011465073666334896
against:0.012601369717843154
buck:0.027432159499243543
which:0.006301913817158623
showing:0.020946460085979574
down:0.011533490619283698
were:0.007567333158401459
of:0.0037939626451851446
plate:0.07566251075208479
but:0.003245284010977611
distance:0.02302017767374524
present:0.017680489184533188
using:0.010753271115341077
they:0.01365248230986942
zone:0.047612251436693905
up:0.013106930442462288
good:0.007902487079802435
author:0.01972686706370979
shack:0.027804710615265855
in:0.0017334605062877119
or:0.006578648367834979
thoughts:0.020946460085979574
use:0.00811111964754804
for:0.003174135247922673
subject:0.00013022905800984534
i:0.007449705648600777
back:0.010274910829597745
elements:0.023909551121520625
actually:0.011923483546834559
than:0.006978542840094933
coverage:0.022576412902009988
the:0.004779897136515946
do:0.0035039898483243737
see:0.008631150055664274
units:0.023704847711281448
got:0.02158198850371292
can:0.004217395085062016
radio:0.0174992700525252
sony:0.02478500715962574
label:0.026889595425535134
presentation:0.027962080674866937
an:0.00437999091981335
engineers:0.02663938423340074
people:0.007342795805234719
about:0.004804956977179861
audio:0.02419657795090079
paul:0.03195143893764934
unit:0.020927516183411786
is:0.001310598179954458
involved:0.017565254327150573
critical:0.02384035778009645
disk:0.017077946262438446
mount:0.025599905133592407
build:0.018203088112284656
aluminum:0.03067196263917863
nothing:0.012462712202443457
engineering:0.018862192649868777
under:0.011840602083442143
article:0.003952843318617566
luck:0.020111164028846933
wide:0.020984570035915154
side:0.01570909306620094
before:0.010371679352305582
mike:0.04676212725303957
built:0.018012183580852457
s:0.0060530368864001784
aside:0.02202548406698269
