some:0.010810526621605131
fast:0.03223886967544479
technology:0.03118210820200873
all:0.008833961394873066
where:0.01710608146512742
camera:0.048047593077439894
text:0.03348670123364414
with:0.010830136607213839
from:0.007838631985464589
to:0.0012761103334174358
scientific:0.03909906978522113
published:0.037963863099181025
perhaps:0.08023504271222348
been:0.013585559140939252
format:0.07444545383403729
make:0.016297041512497255
view:0.031531006970228065
articles:0.1169969061305463
anyone:0.015489951385568437
this:0.004860948503439064
best:0.022547926666309573
starting:0.0363103887303446
you:0.005146286938969647
serious:0.033305496639254355
a:0.0051722375031347965
how:0.01217928701138078
advantages:0.05079992199843927
standard:0.02818559759687256
acceptance:0.04831599619663668
rich:0.04203514346724034
it:0.0031745873124071474
ve:0.01689938610210587
university:0.02176240834813568
between:0.02150801709302227
free:0.026736183278932735
without:0.020807504488911988
be:0.02678061375636441
which:0.011961966041828868
thinking:0.03225487531341347
if:0.006205096479290826
of:0.0036007515845507157
but:0.006160029835651946
print:0.040707065100506694
now:0.015295503684057816
postscript:0.0465825559921168
one:0.018209461255104118
in:0.0016451824249489857
or:0.018730873825085703
and:0.005302741867927637
for:0.009037468414224276
subject:0.0002471940452964657
i:0.0017675806226425455
group:0.07491988707796236
possible:0.0715825450823495
research:0.02858640259756275
the:0.0034895972684678375
do:0.006651091841726821
thing:0.020962337362268116
start:0.026088537850764003
would:0.04317822435668407
can:0.008005240670719567
documents:0.044932109405021264
laboratory:0.044322727751599296
ready:0.039032215637318485
just:0.010873968180239684
about:0.009120520188165476
discussion:0.06366429526833688
readers:0.04212773683144945
moderator:0.05277745996416204
new:0.015962958934106916
time:0.014625092313923274
electronics:0.04176279267829318
publishing:0.05338484220940105
online:0.04688867508712503
