mode:0.032452417343035854
some:0.004947190148870144
reference:0.015812004504315063
pc:0.028244424254219348
at:0.003732902595145894
know:0.01568485329226655
essential:0.021493287195149865
where:0.007828206772176957
with:0.0024780821050404546
from:0.003587170569619388
bits:0.018683806775283023
contents:0.02111562711084475
my:0.004026331615806362
ground:0.032855539520316446
io:0.026184486255895707
to:0.004671861559629935
then:0.006762204871931369
inputs:0.024085666606615937
t:0.010916411250001872
make:0.00745796814978688
that:0.005879739414143674
technical:0.01625740357169195
think:0.0061006272352904884
like:0.0049349112860537
could:0.006394530319178209
re:0.0015844936558397056
so:0.0043297059211225425
this:0.004449003715012025
ti:0.01605364854343925
parallel:0.058491780349085476
routines:0.022152457142710906
pins:0.02219461956158026
these:0.021058931861427238
on:0.0021483424798274995
you:0.004710160927192558
traditional:0.021148602282209387
them:0.012422535351968142
8:0.012510556281245196
input:0.05424344872086504
m:0.005800062339474881
sure:0.03698379695185091
a:0.004733912291004729
as:0.00678062847641541
running:0.012828222086638566
bring:0.032147177519398946
following:0.011598789292541363
also:0.0062860047952524
display:0.01561915854633677
no:0.004770109051620805
magic:0.021829459831745297
it:0.0014527772446608982
not:0.007664110278508028
should:0.01392213679858881
have:0.006498948472215926
boards:0.019823366222870842
drives:0.017148485812523987
try:0.01032368505230251
only:0.005650577280802062
ve:0.007733617368760315
kind:0.011675960580351948
able:0.011175700110638427
referring:0.02012436526150115
device:0.05102739133361219
writing:0.016959570954015398
heard:0.01145189559076218
without:0.0095220783254343
anybody:0.012879640444545318
be:0.014706642130613679
which:0.00547412005304033
writes:0.0028019592839727218
making:0.013027996571493235
if:0.008518861268178931
of:0.003295603145182011
trying:0.011425119589272864
but:0.005637993408901782
result:0.014978821868692807
reading:0.013925093416792333
saying:0.012782013470188302
lines:0.07485555348081603
seems:0.009985114785513043
port:0.05300564155105348
accept:0.015136067672299717
in:0.0022586402783197944
pull:0.019152925522807732
external:0.0545850548850739
or:0.005714503878839706
use:0.014091351930062272
and:0.003235571309243982
few:0.00968486229197579
for:0.00689298438373038
monochrome:0.025770763927235044
subject:0.00011312269869499278
purpose:0.015935938526036385
i:0.007280035445798959
any:0.008671925985498367
alan:0.01864696055931881
driving:0.017741985558055846
noise:0.01940851785430571
will:0.01440642387588921
later:0.013539881478634337
the:0.003832642423673151
do:0.0030437199953665113
ibm:0.03339378872135311
responsibility:0.01838037655334182
violation:0.021829459831745297
would:0.003951905280103288
can:0.007326830444387401
an:0.01902326564749442
rules:0.01745557330749429
i/o:0.06560554036521374
about:0.004173797374245218
general:0.012493348996133692
is:0.0011384433342824741
usage:0.021868513455071244
new:0.014610165804097856
time:0.00669283885552421
printer:0.055244900557980904
adapter:0.0423636721700207
by:0.004196760486513415
data:0.0746020073696393
says:0.010851808239099864
while:0.009196366550332721
todd:0.02156572123480792
buying:0.01699668612388778
