laser:0.04050791718935313
choice:0.031176551029078868
there:0.007584950294026012
circuit:0.11474788375814994
all:0.007884858104514803
solder:0.05351904605400462
your:0.010412662993233575
tm:0.037984101903806175
to:0.0011390075703230007
colors:0.07537019295509165
important:0.025969994156803494
make:0.01454611969710499
that:0.011467921501966176
technical:0.031708654900159505
could:0.012471976490297996
anything:0.019183811159664495
re:0.003090417378331988
curious:0.03542373835389665
am:0.013506912038854261
etc:0.019192760226927567
why:0.029416902151305893
a:0.0034624069235861033
other:0.011399239568858768
red:0.029856354999525218
question:0.018041207300389293
equipment:0.03334675960777347
are:0.010626634406631827
no:0.009303683770103387
reason:0.02208439606618618
it:0.008500547844792693
not:0.009965454687206032
ones:0.028038264300635177
have:0.012675635036718666
boards:0.15465502243297582
color:0.0916024489240509
suspect:0.03208343027188231
layer:0.0485356073468505
netcom.com:0.026603596485298673
be:0.004780671546590672
which:0.010676796136508411
writes:0.010929956876323345
of:0.003213893976293201
seen:0.0214253296745649
but:0.010996416896700997
in:0.0029368545767684377
logo:0.04684886886467269
or:0.011145643928976616
offers:0.037356119201509295
yellow:0.04684886886467269
and:0.0031553505329817346
few:0.018889483478564353
still:0.01687362877875659
green:0.13911771237526555
for:0.0026888335777857353
subject:0.00022063600737205204
i:0.006310701065963469
possible:0.021297286140203157
yet:0.021736105311455898
the:0.004360554603242455
an:0.007420645773237494
mask:0.04434515362018865
just:0.009705690607156082
about:0.008140629589436956
company:0.027819239996953307
is:0.013322609597884161
printed:0.040217906281821966
ad:0.03578241038310786
dale:0.03988281459261247
blue:0.06606052276798857
marketing:0.04093182871321718
light:0.028861278395093334
dark:0.03811563459228468
almost:0.024975148184004696
natural:0.034604203237199836
usual:0.03545570923635881
john:0.022160978508940873
s:0.0051275725690580025
