believe:0.012486620001898508
cleaning:0.06221015636411171
out:0.006771132753335976
say:0.010905430886595078
there:0.0052745918711330315
damn:0.024723200329670153
adrian:0.074837883820067
high-speed:0.03183353626044174
zoo.toronto.edu:0.05820663114263797
several:0.016197996391191932
harm:0.027658979776601138
to:0.007128616345297401
remember:0.015992092163915127
job:0.01995108365108722
t:0.014806166982761161
make:0.010115405076722435
that:0.003987409487752607
like:0.006693327951199271
nt:0.00410389972254275
toronto:0.023086783305405645
re:0.002149083349299831
sunos:0.029103315571318986
mean:0.01519208078637851
on:0.00291384382321431
you:0.009582741196702101
henry:0.1051779826082231
used:0.02269498285444673
dry:0.05942840882826582
etc:0.013346689583093308
sure:0.025080965748956362
a:0.0024077657342179226
hard:0.015541571279169593
quick:0.023329167932133885
collision:0.03333361571658898
advantages:0.03153098606799679
standard:0.017494508853231245
let:0.013247918061797844
question:0.012545897030730484
equipment:0.11594706645231578
ie:0.02404378268253685
electronic:0.07437364336223465
emergency:0.03183353626044174
no:0.006469803081508677
dick:0.029007527913358
it:0.013793034529768987
not:0.013860000197148618
dunn:0.03266791562736414
components:0.027967624483335965
only:0.007664001369363716
ve:0.020978548264683154
safely:0.03266791562736414
utzoo:0.03153098606799679
kind:0.015836360327373906
completely:0.020672377224364772
between:0.013349803712910377
has:0.006119393528083626
switches:0.03083772177036107
be:0.013297959934194742
writes:0.0038003585690664504
things:0.025686504921152296
if:0.003851439194042582
of:0.004469898518752613
even:0.009650341653827733
key:0.018424381443888367
what:0.0105797942873176
but:0.0038234667945425877
gear:0.029200726825995844
least:0.013837140130497024
again:0.014033730678781713
spencer:0.05351396088138251
up:0.007721036611220602
now:0.009493760907346232
over:0.011528395129421597
in:0.0010211477120373015
clean:0.024953116045840835
and:0.002194238014314884
for:0.001869821051218816
known:0.018717981308427344
subject:0.00015343078673573735
i:0.0032913570214723265
we:0.023236963891620173
water:0.047127554192086786
the:0.0017327655402047195
do:0.00825652780352295
thing:0.013011105948994003
when:0.007515370361170896
svr4:0.03408665170743038
essentially:0.02586647212963346
would:0.005360055437381471
can:0.004968770071481111
because:0.010142082177554678
generic:0.03168027047261323
an:0.0051603341296651535
just:0.006749359560148769
lab:0.024768453527548924
is:0.00772047778421448
days:0.01711639439396651
significant:0.02392487237645957
article:0.004657085519060925
very:0.010018635010249697
u:0.02173358323904032
give:0.013581817651471302
lewis:0.028595206621065804
before:0.01221950728288876
going:0.012516182092239555
answer:0.017449833575453197
needed:0.019171394770896674
doubt:0.020000415511382572
dangerous:0.024165205363145325
s:0.010697177256138246
zoology:0.03168027047261323
