say:0.015059880748155105
there:0.007283960202993233
thanx:0.03851323663287537
know:0.00979265972744684
with:0.004641487117377359
4:0.01971642463633872
work:0.016072003682462727
outputs:0.04707204283407053
to:0.005469044286074725
respect:0.032439350705826354
acceleration:0.23230620460145865
us:0.016348225287182508
measure:0.07329132902869573
that:0.005506422625944076
communication:0.03819573397721109
nt:0.0056672900930352255
mainly:0.03819573397721109
re:0.0029677817680807184
michael:0.047693574629741095
anyone:0.026554202375260176
617:0.04133628106580474
bell:0.03542224642048074
you:0.013233309271636235
working:0.02514713500560799
bill:0.024567570441997755
hard:0.06438650958513117
other:0.021893777584633504
want:0.01502061879136652
harder:0.03884397231859416
output:0.032439350705826354
helpful:0.03686193151789847
cheap:0.029493898558784506
are:0.015307413847648227
play:0.02541204946651144
it:0.005442149678412253
not:0.004785000068063213
have:0.004057544548790895
systems:0.023812834287957226
only:0.02116724187729026
has:0.008450591062591674
call:0.0210869531587199
be:0.004590962358233899
which:0.01025311375013903
sort:0.024900486568738334
union:0.040324813235899024
writes:0.005248114214425097
ave:0.04149190385460137
if:0.0053186541251064225
of:0.006172717002086941
electrical:0.0375964676874639
park:0.035644779913055286
what:0.007305096055528819
ph:0.08708558056875304
sense:0.026081921002880877
fairly:0.03114449641466576
using:0.01749540141781683
who:0.010262324398681334
direction:0.03506468559555262
one:0.007804054823616051
in:0.004230469092725964
additional:0.03392663411714234
and:0.001515069105122182
subject:0.00021188061025411345
any:0.01624265502045726
information:0.019355724480029878
research:0.02450263079791093
ways:0.028320145883167412
rt:0.05061400396604211
than:0.011353978430313183
the:0.0017946500237834594
do:0.005700935864337274
would:0.014803962636577397
because:0.01400573253090884
130:0.042767881795774
may:0.014770043868570086
nj:0.038732188668739086
an:0.014252351405741851
problem:0.01679020073052051
makes:0.02216649112898392
willis:0.05013285617384818
ma:0.031835062898710444
is:0.004264644871280379
linear:0.04498978676686822
type:0.025718353256600764
does:0.009670546145535914
engineering:0.030688488041453167
sensor:0.09352153466570802
article:0.006431213335846039
playing:0.03178865043932613
respond:0.032095299587781796
mike:0.02536041292823574
range:0.03174250782134661
