tv:0.08165217793645825
at:0.003797262984717375
cable:0.09305274705580278
out:0.005078349565001982
concept:0.018344188552244758
permits:0.0250765030680426
know:0.005318427265768542
case:0.010653496152184291
hand:0.013608790756261523
specifically:0.017444149361015782
stand:0.016973011010631305
with:0.01008323063430254
much:0.007531020989482462
operate:0.0227532422890224
into:0.01543796468088264
to:0.005346462258973051
require:0.01672207352975253
antenna:0.024368300260752616
pound:0.02470787301011949
pointing:0.022050485275037467
usable:0.025000211787441735
us:0.01775755505331893
enough:0.010483398823006017
make:0.007586553807541826
that:0.0059811142316289105
nt:0.0030779247919070626
could:0.006504780841922661
urban:0.025313829693831513
me:0.004670640863812693
re:0.0032236250239497458
afraid:0.01946217342125626
supposedly:0.019996093601052745
this:0.004525710675615681
laws:0.031998913043430104
something:0.008580436711911736
wiring:0.025154169040036905
on:0.0043707657348214645
legend:0.025395933982498297
them:0.006318358497983797
leg:0.02411467741582618
m:0.011800126828586829
legislation:0.023177552947700214
a:0.004213590034881365
how:0.017009004274514537
want:0.00815774986082837
was:0.007633285638805048
as:0.0034487679319699068
services:0.017226989773548744
cables:0.022708575103524354
drive:0.012171567882784434
fine:0.013961881801381726
are:0.0027711697482811445
wow:0.02232612632934899
d:0.00785277682059067
police:0.04752910230559515
it:0.0014778251281895344
not:0.002598750036965366
have:0.006610999307943787
probably:0.010289757392367278
transmission:0.04177489766169756
ve:0.015733911198512363
neil:0.024053536747757405
regarding:0.017056018840822747
heard:0.023298684132929952
anybody:0.013101703210830581
asked:0.014535779735941513
writes:0.005700537853599676
get:0.00566540506591001
down:0.010191230935142922
if:0.011554317582127747
whatever:0.014245519736005874
inch:0.022664366051079573
of:0.0033524238890644594
produced:0.01978804730376898
looking:0.011180540281925189
what:0.0039674228577441
detectors:0.04798650244400843
street:0.017189777932407783
seems:0.010157271936987405
fact:0.010337358313055342
well:0.00725374099204028
court:0.017226989773548744
they:0.020106026390253096
find:0.0091226152485922
up:0.005790777458415451
rf:0.07094471865299277
one:0.004238409085239752
in:0.006126886272223809
or:0.005813029807785218
england:0.021251920330969745
and:0.0008228392553680816
still:0.00880047018202391
for:0.002804731576828224
subject:0.000115073090051803
purpose:0.016210696086830116
i:0.004937035532208489
away:0.011935274078981338
signal:0.019420527253533257
source:0.013445120524568208
the:0.005523190159402543
users:0.017020248139035268
do:0.0030961979263211064
around:0.010203424280834636
violation:0.02220582982884435
would:0.01206012473410831
1000:0.02014058796328828
did:0.00708582346311623
an:0.011610751791746596
just:0.010124039340223155
many:0.007987935463698678
about:0.004245759397939102
company:0.04352751775385366
eye:0.01978804730376898
is:0.003474215002896516
else:0.010890311316112313
receiver:0.02348556572348532
keep:0.011419890448818625
does:0.005252106958351402
their:0.013048996711911327
goes:0.01389235860340809
unless:0.013267506145433152
drove:0.0227532422890224
first:0.008092908747375177
guess:0.01291447096092954
picking:0.023539111068306685
article:0.006985628278591388
written:0.015446202320931508
registered:0.022285653310599684
by:0.00426911842593606
upon:0.014948601649538519
fit:0.017523483100424037
todd:0.0219375440147184
