picks:0.0370887473567673
tv:0.1222148727823117
cable:0.02785579008638225
permits:0.03753386265668312
know:0.007960484681666463
true:0.016666327691340948
watch:0.024801057035963546
with:0.015092319401020576
though:0.016035769042649545
operate:0.03405646587776256
from:0.005461756480194681
to:0.0017783214968913946
receive:0.027628508203261327
require:0.02502916812195217
line:0.01821808870197412
near:0.023256617919235646
that:0.002238094357641786
nt:0.004606958398209281
could:0.00973618809887779
urban:0.03788908702560587
re:0.004825038745524781
tells:0.02856129032462331
lost:0.04521943644281097
michael:0.01938513033337864
so:0.00659232643474142
supposedly:0.02992963687383379
this:0.006773966946727987
something:0.012842976239764664
on:0.003271024678963161
brown:0.05993036608071235
you:0.007171599863338347
legend:0.038011978606061966
them:0.009457155945369297
sharp:0.034691563121719025
m:0.017662125317626738
a:0.003603881615087471
j:0.019704055867928144
was:0.01142530495614691
also:0.009570949236642364
are:0.008295630730338394
base:0.024849263583310008
police:0.04742688918235731
it:0.006635911543354296
have:0.003298391052565502
frame:0.031177194247901784
try:0.01571864304737673
ve:0.01177505612275764
real:0.016500605509666113
quality:0.024801057035963546
channel:0.031263794379076885
poor:0.025493265746421044
screen:0.024118110774877726
writes:0.004266208974306854
get:0.008479832098652402
if:0.012970653285743407
whatever:0.021322326314537825
inch:0.03392343821839007
produced:0.02961823854499615
even:0.01083328675978081
looking:0.016734744163913833
what:0.011876672296730725
detectors:0.03591247924841921
they:0.024075345148586932
up:0.04333743130168983
rf:0.035396074682783496
pick:0.05187167105855502
in:0.002292641314767619
or:0.008700793002620456
england:0.03180932591474181
watching:0.027481316733802157
and:0.0024632091257470313
still:0.013172316659545465
for:0.0020990249220133807
subject:0.00017223843156140837
purpose:0.02426375156222314
i:0.0036948136886205472
away:0.017864410234346262
we:0.008695121972348193
fees:0.03788908702560587
detector:0.03412402265109995
rate:0.025062423932201622
pay:0.021502206851599245
the:0.004376630380581598
do:0.004634309154235463
interest:0.023566354817212164
around:0.015272222149378295
can:0.011155690225002754
radio:0.023144195875920426
did:0.010605877699632034
junk:0.03392343821839007
mr:0.021786810827634926
an:0.011585782433054668
just:0.015153400818914657
else:0.016300336937664882
time:0.010190386902604605
receiver:0.035152588695797383
drove:0.03405646587776256
picking:0.07046546797222131
article:0.005227954066558716
bad:0.01768129707578312
registered:0.03335659076167179
by:0.012779812578286014
todd:0.03283554975106238
s:0.004002814715200118
