case:0.03986469527914122
with:0.01886539925127572
aurora.alaska.edu:0.08672890780429757
to:0.0066687056133427295
look:0.038244650391546946
bruce:0.07430094257566264
its:0.06670401793658613
re:0.006031298431905976
this:0.008467458683409984
pins:0.08448274542795066
vacuum:0.09442123154768965
onto:0.07022843026394107
want:0.03052577367277712
as:0.025810134200548982
output:0.06592513207958259
are:0.010369538412922992
it:0.00552992628612858
not:0.009724354977031691
try:0.039296607618441816
shareware:0.08000481419249454
quality:0.06200264258990886
cad:0.20103814483473575
screen:0.06029527693719432
writes:0.010665522435767134
what:0.014845840370913407
but:0.010730374552425972
windows:0.044309793248766154
tubes:0.09772436723552858
in:0.005731603286919048
or:0.010875991253275569
use:0.026819024641086257
and:0.0061580228143675786
for:0.015742686915100355
subject:0.0004305960789035209
i:0.0030790114071837893
elements:0.158111547739088
program:0.08956882039948628
the:0.003647191983817998
do:0.011585772885588656
draw:0.06810805704522391
is:0.00433342946597845
object:0.06822535961504779
electronics:0.07274809047186553
oriented:0.08912277885459229
article:0.01306988516639679
needed:0.05380359177638744
by:0.01597476572285752
high:0.045118126220024535
