some:0.00956997438633897
there:0.003761389285152244
all:0.007820228120051568
watch:0.015754769838419468
ever:0.010833696954220741
fax:0.012535423524112252
with:0.004793667022865143
powered:0.022700964382446162
ca:0.008428477852837383
from:0.0034695584197958016
work:0.008299477311435672
trick:0.02036025852180279
my:0.0038943207431569728
pulse:0.04878098446238038
08:0.02588827818813472
to:0.00451868577078961
0:0.015021132329796856
otherwise:0.014563052588573919
most:0.007608997803143599
mail:0.012558670101786296
been:0.006013280275497702
make:0.007213444603892228
that:0.00853044160904451
think:0.011801213340397994
swedish:0.024226535941789785
nt:0.008779654324456211
agreed:0.0194645500070257
me:0.004440937214772725
re:0.0015325430441728303
complete:0.015177114140552369
so:0.004187748349938197
phone:0.07222984736580908
this:0.004303134740749336
fingers:0.023295972619513775
illegal:0.016843275105013475
two:0.007642579642021768
these:0.006789491693028454
on:0.0020779050214724997
set:0.010858256492319349
pushed:0.020929926041502202
you:0.002277864710691483
american:0.013225554169623836
numbers:0.01445796065983073
europe:0.01685655991617811
m:0.011219792722262886
sure:0.017885606722616423
a:0.002289351025977697
how:0.0053908319558570676
other:0.005652901589475044
same:0.015918797955152563
wondering:0.014749727466628266
nor:0.014157946708915587
as:0.006558312788664086
technically:0.022756725251527225
sweden:0.0872346200897048
connections:0.02298767990952366
question:0.008946664276012723
universal:0.020146912776081265
course:0.01002521229467221
converts:0.023992280147363765
foreign:0.018089158908059805
are:0.013174413557402162
no:0.004613712033534877
digital:0.016923637692670752
d:0.007466574681873096
18:0.03169466797723852
magic:0.042227479674523685
it:0.005620580815409376
46:0.042533934855438604
ab:0.021426147072458088
have:0.006285868194438354
plug:0.01943948350285588
try:0.00998520357517784
only:0.005465312451923306
interesting:0.013393543286563166
buy:0.024646238731507918
real:0.010481942024582983
snail:0.023295972619513775
calendar:0.02522221700166843
holds:0.020117321595862058
switches:0.0439816687544494
uses:0.01399588167965753
be:0.0023707428571207844
which:0.005294640707039008
writes:0.0054201835329308395
down:0.009690022856365402
things:0.009158712820246925
if:0.005493036227568929
of:0.001593775291522448
germany:0.03446512896055153
but:0.002726570582993485
seems:0.009657733972873271
now:0.006770140974910837
box:0.01298581561765003
one:0.004029962736785338
email:0.01124548630724566
in:0.005097368496973087
thomas:0.04529514361511189
system:0.009160747250993955
or:0.0027635715479634644
and:0.005476602257040018
for:0.004000190937443532
subject:0.00010941375775417335
i:0.007041345759051452
special:0.01432668521665993
any:0.00419380027167544
connect:0.018836378403116995
phones:0.02029816096024295
operators:0.026136739752956176
the:0.0037069820163396047
do:0.005887851794315547
around:0.00970161652931818
would:0.007644669230363738
can:0.017716516238477732
an:0.003679910403941544
problem:0.008670349557563871
makes:0.011446630664967108
german:0.01924428658076877
different:0.010357446303324786
general:0.012083730996260457
is:0.005505586616611964
either:0.010260502898005567
touch:0.019566377870085253
days:0.012205953379303986
electronics:0.018485170529736326
dc:0.018348870440570417
converting:0.022485211376358366
life:0.011435980956101271
first:0.007694896841766562
handle:0.03329800726826806
adapter:0.020487349655993616
wall:0.01838735298298779
position:0.01411001211972218
article:0.006642072789480337
neither:0.01533926823975807
task:0.02058532310211474
process:0.014821982513252327
by:0.008118323564075132
telecom:0.023992280147363765
tone:0.04466107580203766
s:0.005085543285705069
