some:0.015671635907830255
read:0.015214785650321623
at:0.005912516862110275
there:0.0061595905072291774
know:0.016562082223601365
all:0.012806279605990485
true:0.03467490996185029
split:0.03199950729722957
your:0.00845592095423666
into:0.012018818140821385
my:0.006377276921679874
to:0.002774897637766773
remember:0.01867532910416934
near:0.02419312602336594
most:0.012460372241389515
legal:0.02536453150223775
that:0.013969313775884971
quite:0.017826841490667125
nt:0.004792473501492876
re:0.002509667803880339
so:0.006857789244194094
phone:0.019713739102077642
these:0.011118362235563372
on:0.006805487587104563
you:0.007460389119580159
american:0.021657954479115542
regular:0.05432272015779411
am:0.010968700380546077
m:0.009186675920242094
approval:0.03774223286808675
sure:0.04393377221797054
a:0.0028117532735162315
how:0.008827939578718955
same:0.013034183560594714
y:0.02861322534587121
was:0.005942692175177084
sweden:0.07142700436875157
equipment:0.05416050889316227
universal:0.03299225984807938
are:0.004314841487256547
it:0.004602086305234523
not:0.0040463758964829856
approved:0.03381932454891125
have:0.006862424337552387
buy:0.020180141780160844
holds:0.03294380180798887
has:0.01429227481726914
be:0.011646870949076602
writes:0.004438002624278942
of:0.002609940745848841
germany:0.028219770021391186
what:0.00617746377850088
but:0.0044649880687947
years:0.029929871449401253
least:0.016158807937627397
lines:0.023712631706674606
using:0.014794768984194098
in:0.005962406103841963
system:0.015001492142567283
yes:0.017898294432912007
or:0.004525580253040841
use:0.011159594145955356
and:0.002562398754971744
few:0.01533978188527709
still:0.013702745518319109
for:0.002183549415517275
subject:0.00017917420732898185
i:0.0076871962649152316
ago:0.038404909065297234
information:0.016367928083783657
pretty:0.019315570851809575
phones:0.09971982431475059
the:0.003035247020090146
do:0.009641851260489888
when:0.017552677085150816
can:0.023209825300341297
home:0.01966015471047885
mr:0.0226641320690162
just:0.007881802439368361
btw:0.02517980215062641
about:0.019832540543393385
changed:0.02536453150223775
hold:0.023287118207677985
is:0.0018031719925547913
number:0.016793723814750056
discussion:0.023072966070403968
regulation:0.0385822539617378
new:0.011570466878413066
else:0.016956726344550716
days:0.019988272647987734
does:0.01635555455486611
handle:0.027264140179387268
cellular:0.03522134598917076
article:0.005438475706822825
somewhere:0.02603705408659454
by:0.006647217951793061
