some:0.01853233135132308
go:0.010293292337535063
at:0.009322381084173872
say:0.010039920498770071
circuit:0.04897528724774653
know:0.006528439818297893
all:0.010095955879854932
thanks:0.010547019285270702
your:0.013332616107738227
with:0.00618864948983648
powered:0.02930706512866065
lincoln:0.030877075223749002
into:0.018950305851665464
such:0.01017469419824232
alot:0.026793528621214303
from:0.004479218277408336
outputs:0.03138136188938035
several:0.014912441122049716
my:0.005027588684287308
single:0.01720331571699669
to:0.00437523542885978
grace:0.02683817871986967
then:0.008443811374475148
inputs:0.030075223910906668
plugs:0.030781739215798323
that:0.003670948417296051
sources:0.04073162936734882
like:0.006162111447135837
through:0.012536842825528183
nt:0.007556386790713634
could:0.007984704525534694
dynamic:0.029165963292247098
re:0.001978521178720479
so:0.010812810554337778
anyone:0.008851400791753393
this:0.0027776848591080368
recently:0.01750958499781846
you:0.005881470787393882
input:0.06773256030753518
3:0.012388708701786346
m:0.007242405884212021
a:0.008127801790640394
other:0.007297925861544501
was:0.009369959091019953
physically:0.028390283534618126
stuff:0.01546781244800858
9v:0.035489979823237476
output:0.04325246760776847
boom:0.030781739215798323
are:0.010204942565098817
taking:0.0180261906568868
d:0.019278774839968628
wild:0.025000563968805702
it:0.0018140498928040844
couple:0.01669836928388634
have:0.0027050296991939305
kind:0.014579506333137883
university:0.012435661913220389
batteries:0.055859811757176685
electric:0.027661269236400915
uses:0.018068757300721886
be:0.006121283144311865
fastest:0.02975445871611072
common:0.01781020126789074
writes:0.0034987428096167317
things:0.01182394670973677
if:0.00709153883347523
of:0.006172717002086941
trying:0.014266286894541777
catalog:0.028894570200249475
looking:0.013724261086807639
what:0.004870064037019213
but:0.0035200170489439694
supply:0.021364896474098116
using:0.01166360094521122
well:0.008904063016684364
together:0.018830509214022385
box:0.016764756670405327
in:0.0009401042428279919
ought:0.0264077785111186
or:0.014271141961970059
resistor:0.03243136685617315
use:0.008797775279086498
and:0.003030138210244364
for:0.006885690220361354
subject:0.00014125374016940898
each:0.026941898384768414
passive:0.0648627337123463
i:0.007070322490570182
power:0.02859106116582584
signal:0.0476779081779864
directly:0.038439156883559575
any:0.005414218340152419
driving:0.022154013712704656
the:0.0019940555819816215
would:0.004934654212192466
because:0.009337155020605893
maybe:0.014010122128795365
friend:0.03675343301262228
an:0.004750783801913951
just:0.01242739220598821
guitar:0.06435873319394148
paul:0.0346563226572387
is:0.001421548290426793
either:0.013246363529700307
save:0.01916672080646187
does:0.012894061527381219
2:0.010309045249182056
run:0.028326290247485657
build:0.019744090280520394
1:0.010362560274733907
guess:0.015852683930876472
give:0.012503895615640246
by:0.005240399337656963
mine:0.01727639706243379
appear:0.020892579726223184
aside:0.02389007531074842
