another:0.03790607402373639
know:0.010545941244942751
small:0.025544836754410355
watch:0.03285610120149017
706:0.05052371598116844
your:0.010768651471634723
with:0.00499852458794485
remove:0.037761969102902825
from:0.007235660294275006
work:0.03461662331607357
to:0.0011779480000776333
then:0.01364000298953678
might:0.018180214836567916
that:0.0059299935971705445
nt:0.012206470969614334
me:0.009261441712859357
re:0.003196072673317697
michael:0.07704346670958177
phone:0.025105530993244182
this:0.004487029387789906
getting:0.023181210019014412
aisun3.ai.uga.edu:0.0963830390278644
programs:0.03019813781448305
athena.cs.uga.edu:0.04806489484910194
you:0.009500837425790118
etc:0.03969784593945702
sure:0.018649948890249606
amateur:0.040592736766788644
a:0.001193593269954184
intelligence:0.03863325148190278
was:0.007568043881208425
worked:0.03285610120149017
stephenson:0.05159348643376679
cover:0.03354022690810159
sake:0.04259220511247318
those:0.015862526959722737
it:0.008791164865127486
not:0.005153076996375769
try:0.04164768670672467
university:0.02008837693674063
left:0.024994916098295402
u.s.a:0.043876668386399136
scientist:0.04214055997252121
writes:0.01695544592352724
if:0.01145556273099845
of:0.00332377069343143
georgia:0.08215637265140861
piece:0.03683513601532917
but:0.005686181386755643
wear:0.04189280324710879
associate:0.04233120747264342
using:0.018841201526879667
please:0.01637107142654064
over:0.01714479275657571
in:0.004555889792166422
or:0.005763345792334063
use:0.014211790835447421
better:0.019112956164969257
still:0.03490100995264184
for:0.008342278536207025
subject:0.00022817911873519915
i:0.001631612882439273
tape:0.07092937202937323
athens:0.04576464985289653
artificial:0.04403207282300761
research:0.02638744855159639
will:0.019372740938517683
alternative:0.037215065609951685
the:0.0038654000512259126
do:0.00613946939236322
radio:0.03066111419459544
industrial:0.04678335512866677
mcovingt:0.14202654639274007
drop:0.037005740652615825
shelf:0.04689223569086703
eye:0.039237837388670115
is:0.002296347238381743
does:0.010414434310577139
paper:0.03296280681398799
dave:0.02996815958439823
article:0.013851844107976087
est:0.05218316909604842
covington:0.14067670707260105
