some:0.0068277010241716615
pc:0.019490304456127972
at:0.005151842178096088
out:0.006889924556026081
folks:0.02165623304265952
there:0.0053671285706265925
andrew:0.06606066945915787
help:0.012515162105507583
remind:0.030869895971071325
send:0.017154076730270307
your:0.014736049382236988
with:0.01026012941736048
much:0.010217525552982054
motorola:0.05699750997596529
someone:0.012885719968789589
work:0.011842529029183061
except:0.018855914731016454
my:0.005556808545791235
to:0.004835786526634494
add:0.020094856236559756
software:0.04939975242949573
mail:0.017919973712490385
been:0.017160706283291687
that:0.004057364040169319
think:0.008419579108354124
like:0.006810754757360662
nt:0.01252769388986734
along:0.020432522872170962
me:0.01901032772639552
need:0.011235099365480913
re:0.0021867865659542136
on:0.002964963890288245
you:0.003250286487770303
tell:0.014093713763873993
vs:0.01998018681323592
m:0.008004764398339602
a:0.0016333381588846726
how:0.0076921812703457555
other:0.008066128583812343
was:0.005178135287142605
as:0.00467903017670771
old:0.015484871826563298
mac:0.06019793218966905
local:0.017873587438104983
it:0.004010005026198502
have:0.0089693090025904
boards:0.027358563909927008
probably:0.01396037260250999
ve:0.010673296485540551
buy:0.017583866229496876
assembly:0.0301272077210052
hope:0.01689158793941547
always:0.015537754959056767
evaluation:0.03324103695416
has:0.006226751309278075
netcom.com:0.018824767103632394
writes:0.003867031526418493
applications:0.022808777937978548
get:0.015372795032644705
if:0.003919008302709996
of:0.0034112383432585726
suffer:0.02874764162201069
department:0.020281143758438223
intel:0.029564962922450217
but:0.007781090318718248
impression:0.027667325229032102
never:0.012888533513812049
least:0.014079896974891709
using:0.02578269682625638
well:0.009841332807914296
please:0.011201259397106752
cheaper:0.02578583859044908
in:0.004156250336713227
or:0.007886683715825559
use:0.019447713774822784
and:0.0033491001271121917
for:0.005707874787931122
subject:0.0001561225549240836
i:0.006698200254224383
faster:0.022808777937978548
we:0.00788154330826883
any:0.005984136060168463
favorite:0.028260029873829102
information:0.014262112774758858
alan:0.025734986502919523
the:0.002644747403470361
users:0.023091798644772996
do:0.004200689584248518
ibm:0.04608733414175049
start:0.016476971274166738
around:0.013843242299144068
level:0.020587924927448823
would:0.01090818299537282
can:0.010111882952487876
drivers:0.0229959284121667
an:0.010501732614757155
just:0.006867769376993484
long:0.01391994880180459
here:0.010528660266803484
about:0.005760328539893986
interested:0.01682500710768959
is:0.0015711849525769817
discussion:0.020104514295264275
time:0.009236900408793646
questions:0.017685241738277846
does:0.0142513311618424
their:0.008851950985857976
run:0.015654002505189443
serial:0.02420653758985282
under:0.014194873842723036
dog:0.02909687691266345
words:0.019344205447411545
little:0.013715431005254176
needed:0.01950773503003521
project:0.022524186288965208
seem:0.01613866991167098
s:0.0036282823441872412
