at:0.007465805190291788
form:0.028926956987134708
know:0.010456568861511032
small:0.025328355087000095
706:0.05009554889658226
your:0.01067739171340053
from:0.007174341139238776
work:0.017161631050765284
to:0.0011679653899074837
might:0.018026145219308863
that:0.005879739414143674
really:0.01653725206094005
nt:0.006051513150190157
re:0.0031689873116794113
michael:0.05092703731650321
phone:0.024892772256013294
this:0.00889800743002405
getting:0.022984759086649882
aisun3.ai.uga.edu:0.047783116806187007
programs:0.029942221392326412
you:0.009420321854385115
paint:0.04135809976492479
sure:0.018491898475925455
amateur:0.0402487305230023
a:0.004733912291004729
intelligence:0.038305851045615465
worked:0.03257765966588432
stephenson:0.10231250699577481
stuff:0.02477471654808154
starts:0.03790222351180822
ontario:0.0402487305230023
are:0.005448401538993437
results:0.031043082617529326
sake:0.0422312542216895
internet:0.02420791477215768
gas:0.06725711307913564
it:0.005811108978643593
try:0.02064737010460502
university:0.01991813645422588
left:0.024783094775428487
u.s.a:0.043504832213633035
scientist:0.041783436582923564
writes:0.0056039185679454435
if:0.005679240845452621
of:0.004943404717773017
georgia:0.08146013220521023
available:0.02289037142215449
but:0.005637993408901782
wear:0.04153777949077736
associate:0.04197246842626508
ottawa:0.04389543481702514
over:0.016999497902706422
in:0.0015057601855465294
stores:0.04596830334512233
or:0.005714503878839706
use:0.028182703860124544
better:0.01895098196018138
and:0.003235571309243982
still:0.017302619340928367
for:0.008271581260476458
subject:0.00022624539738998556
i:0.001617785654621991
athens:0.04537681383719401
similar:0.026819985490395774
survey:0.042844141184228704
artificial:0.04365891966349059
research:0.026163826106243876
will:0.019208565167852278
the:0.003193868686394292
do:0.006087439990733023
canada:0.06306114564418046
radio:0.030401274243793783
industrial:0.04638688601740688
once:0.02273755249936361
mcovingt:0.09388195439520107
drop:0.03669213268098348
shelf:0.046494843862978315
reaction:0.039992681551845544
mask:0.04547257278002395
note:0.02509906015998727
eye:0.038905313343003414
is:0.006830660005694845
paper:0.032683460993530464
dave:0.05942838426058631
non:0.04203642779605646
carbon:0.05174093884947173
lots:0.03092114416454543
est:0.05174093884947173
by:0.00839352097302683
covington:0.09298968772595663
