expensive:0.018925639224938732
go:0.009090804914925827
acting:0.024116678389704733
at:0.004116658936702948
out:0.005505500462992803
know:0.005765771615225709
help:0.010000433271223349
all:0.008916521781741038
happen:0.015802019748445396
tried:0.01447600024783491
chris:0.017928725434202337
wonder:0.017244708915032377
someone:0.020593066492177754
my:0.00444025355761823
to:0.002576073196431459
remember:0.013002916058510429
enough:0.011365180032417738
been:0.006856263491688968
that:0.008105248257814878
guy:0.0158239754530321
memory:0.015802019748445396
nt:0.010010446986763157
me:0.005063498506563293
started:0.015323574186864043
so:0.004774815875630467
had:0.007170133110664182
error:0.017595598874635507
this:0.00490637792870485
off:0.010203072186711917
something:0.009302155687680013
these:0.0077412895939202924
on:0.002369200117940607
registers:0.02875804181498643
fix:0.02032728485598357
backup:0.02332275765701596
amp:0.02540365025820925
m:0.006396330430448935
a:0.004568004149964843
series:0.01676331944283956
quick:0.01896857579528643
as:0.007477702431934751
given:0.013027044669071406
also:0.006932229587287693
died:0.018954219725020212
chip:0.01510469326076296
button:0.02222198162284415
panel:0.023039465031705515
display:0.01722486643427793
play:0.014962234732618885
works:0.013902457913788505
digital:0.01929611026640964
it:0.0176234099399051
not:0.005634672977345466
twist:0.02726994026770356
have:0.004778043113529465
received:0.01808079808715781
try:0.011384998468894358
ve:0.00852866214498801
hope:0.013497483820747874
always:0.012415682700928538
batteries:0.024667066406790637
has:0.019902326614701888
be:0.0027030899866236973
get:0.006141934463977206
kinda:0.047728055646042405
if:0.009394632052758074
whatever:0.015443741022211976
of:0.0018172017342592396
gotten:0.020138836045764077
seen:0.01211432191879604
but:0.006217600207947759
years:0.010419511322338286
never:0.010298781452625515
again:0.011410603449102887
up:0.006277852197908339
in:0.001660557961630752
system:0.0104449641553389
yes:0.012461896591139667
and:0.0017841000677139712
green:0.019665003735288705
for:0.0030406435786175137
subject:0.0001247521350094313
station:0.01932705671856148
however:0.011201396748583704
i:0.009812550372426843
example:0.013137192260550955
back:0.009842788411530549
voltage:0.02416014751429498
pay:0.01557402832709291
any:0.004781716197611249
will:0.005295819368706936
turned:0.018349992242586904
the:0.005283315490577474
thing:0.010579123528621292
when:0.0122212564751751
listening:0.023073951514404688
radio:0.03352663888567912
sony:0.023742647045435872
symptoms:0.048233356779409466
may:0.008696380969345004
come:0.011220531189109385
simple:0.01541676895773944
an:0.004195785694213723
long:0.011122949743498058
hit:0.016727580093128077
unit:0.02004738699812811
is:0.0025109591298192887
fee:0.023508953491348666
itself:0.03143042841676991
repair:0.02390519898976024
right:0.009064829877524763
hardware:0.01658729497044183
motherboard:0.021099178662296502
receiver:0.07638296141843823
does:0.005693872964194042
goes:0.015060874747619983
light:0.016318760214048097
told:0.014487008255743597
late:0.018009995259958736
changing:0.020011302670586473
remote:0.08421611818354607
function:0.0768785162532235
bad:0.012806546947413008
thus:0.015567079779795817
before:0.019870974460024712
by:0.004628203153351243
black:0.01649323530955111
while:0.0202835748212946
sometimes:0.016376197777186213
strange:0.061631257441888646
s:0.0028992349572711136
