basically:0.036001894938054
some:0.010711347478287654
belt:0.052589234296768095
inexpensive:0.05021699587205516
know:0.011319955281268824
existing:0.039721758315193124
incidentally:0.05498121835606399
way:0.01589332861969306
operate:0.09685783873492106
such:0.01764235966484219
work:0.01857864645862664
automotive:0.05229326308375689
to:0.0050576115966636
gm:0.045166233731127596
job:0.031848518855864004
lock:0.046381730823293464
value:0.03425553045648319
that:0.003182611242518136
control:0.027978296054504803
like:0.010684762050538288
nt:0.006551179373600354
seat:0.04550732550398772
re:0.003430646814478629
scott:0.03506492709331657
michael:0.027566011024529262
trigger:0.05353914878246387
something:0.01826294786388553
these:0.015198495166045345
am:0.014993911529370327
assume:0.031848518855864004
them:0.013448249280112302
a:0.0038435893371919134
how:0.01206755043329472
air:0.03535907326267128
other:0.01265420172322854
as:0.00734049688272494
fine:0.02971703282495927
mechanisms:0.05669301611368245
are:0.005898269555974546
application:0.03385658447538467
have:0.0046903725976848885
systems:0.0550535251428002
bag:0.0486220699105599
open:0.03032073925461801
device:0.03682710811844794
environment:0.03851058261355776
which:0.01185222323410567
found:0.024536885369330252
writes:0.0060666274405280956
get:0.012058476837533232
things:0.02050207273523165
of:0.0035677171663438287
looking:0.023797113260611413
but:0.00610351580046248
they:0.017117791275371445
up:0.012325324498645731
one:0.00902120098876718
boxes:0.045233445108119094
in:0.006520356032825339
use:0.015254858052727964
and:0.0017513642866549995
for:0.00895455585996534
subject:0.0002449262100185165
car:0.028060948072324676
i:0.007005457146619998
the:0.005532132183405894
do:0.006590072650518319
when:0.011997013237098494
units:0.044582511750575204
would:0.01711283754319956
an:0.02471279280445147
cars:0.03506492709331657
unit:0.03935909006971941
is:0.004929772970470898
linear:0.05200654250115042
request:0.03578257823297552
automobile:0.052148782744599644
article:0.0074342466084091835
very:0.01599305038333438
ranges:0.056931323328391265
s:0.005692075971156132
