some:0.01883123992150571
go:0.03137793954506657
at:0.028418226208207453
take:0.06857255259147431
look:0.038244650391546946
been:0.023665167535829663
that:0.011190471788208929
nt:0.023034791991046404
its:0.033352008968293066
re:0.006031298431905976
comments:0.059419435710146774
this:0.008467458683409984
wan:0.08828471854925825
you:0.008964499829172932
used:0.03184618561833654
paint:0.07871380277840524
bottle:0.1961903318331442
a:0.004504852018859339
stuff:0.047151879881832615
d:0.029384584231887667
it:0.01105985257225716
deleted:0.056667411241908654
has:0.017173781836879853
if:0.010808877738119504
of:0.0031361384768667524
least:0.03883326423720133
find:0.03413623770440952
in:0.005731603286919048
use:0.026819024641086257
better:0.03606799792421618
and:0.009237034221551367
for:0.0052475623050334515
subject:0.0004305960789035209
i:0.0061580228143675786
will:0.018279118466182007
yet:0.04242046359171232
the:0.003647191983817998
wrong:0.04263583962628807
na:0.07029521724242546
maybe:0.042708275521650386
bought:0.059081995949491296
btw:0.060512750329731205
is:0.00433342946597845
does:0.01965304539254073
plastic:0.24626662313296782
check:0.053375992977220794
s:0.010007036788000296
