since:0.009760105480017957
at:0.0042973903046557614
correct:0.01596203629356804
all:0.009307978835573572
damn:0.020984570035915154
jhunix.hcf.jhu.edu:0.060288182989184265
ever:0.012894741740633466
where:0.009011984381628107
with:0.0028528164721441335
much:0.008522911558828934
c:0.02523022141881912
ca:0.010031944371182055
into:0.00873562879503603
o:0.03415589252487689
from:0.008259241506635859
liu:0.06054160236872827
to:0.0006722922732150395
remember:0.013573775787908448
band:0.024308721942240787
earl:0.02804271141609235
teams:0.02017556164766906
been:0.007157270181567996
that:0.005076653055138686
think:0.007023161109895391
really:0.00951900362532159
nt:0.006966620016804278
could:0.014723016149522511
toronto:0.01959561119580772
brought:0.01889947728066179
lost:0.017095152801550488
anyone:0.00816055975434825
july:0.0240152169594776
contend:0.028647846287653222
this:0.0025608899432752147
starter:0.02933882441966799
game:0.014497605404441402
on:0.007419641344965219
set:0.012923973581102054
you:0.00542242916496314
society:0.018127957162960232
rotation:0.026700744146604935
a:0.0034061076240155977
how:0.0064164048645323135
same:0.009473626100139573
baltimore:0.05100468181150999
low:0.016564851414535706
hopkins:0.027221563538925454
was:0.004319322605372613
as:0.0039029959034976506
red:0.01762253148752464
season:0.01862065574973521
idea:0.02704757361230006
steve:0.031289305822774505
baseball:0.05483818302568988
jay:0.04973822706495398
fine:0.01580076379473444
sig:0.02302017767374524
team:0.03125097140189754
staff:0.02347640234696877
march:0.04228011771602981
are:0.006272306161963176
no:0.005491442615524438
those:0.00905324709408566
internet:0.013934311917632225
book:0.015169261027725237
it:0.00668986204370677
fifth:0.024423504856436854
have:0.004987810859977101
university:0.011465073666334896
has:0.005194021823836834
his:0.008997214836611008
greatest:0.024308721942240787
14:0.018213916193934965
if:0.003269026437870289
of:0.00474245330648143
even:0.008191021696419637
gotten:0.021022980067285427
johns:0.03193787090983758
gives:0.017739143784371244
but:0.006490568021955222
anyways:0.02757778370972979
again:0.011911556771258625
well:0.008209111756845584
they:0.01365248230986942
pitching:0.024346683602933735
now:0.008058119014040216
called:0.013084168272471872
one:0.004796638574515231
in:0.0034669210125754238
logo:0.055304518367077025
yes:0.013009004246360433
female:0.02628660051837817
and:0.0018624264121501943
for:0.00476120287188401
subject:0.00013022905800984534
i:0.0009312132060750972
any:0.009983290402817632
pretty:0.014039122228876228
the:0.0051475815316325575
original:0.015054478113529168
rock:0.023772132209487963
club:0.02357300052890135
law:0.014667517684116907
maybe:0.012916649182157678
sport:0.02446237397667674
an:0.00437999091981335
btw:0.018301417172894317
here:0.008782443442065347
people:0.007342795805234719
address:0.015574738311871271
many:0.009040005012576065
is:0.003931794539863374
win:0.01653402635916264
having:0.012765323865465177
managing:0.02893208486386774
blue:0.0389918207557396
their:0.014767645059333794
records:0.04810190748082908
first:0.018317608091619912
fans:0.020063417656329064
weaver:0.03176046776754063
committee:0.02347640234696877
orioles:0.02933882441966799
existed:0.024702326387363433
spring:0.04645557109791776
era:0.02462102369231362
bad:0.0133687855938848
realize:0.019090298825029942
by:0.004831392560083737
god:0.012942332837927926
four:0.03422484049778511
s:0.021185629102400627
news:0.014970129347138627
