another:0.00981197048844504
looks:0.015146484399884471
out:0.005213173004780796
fast:0.015406185508619635
lead:0.01709829485672527
proven:0.020987760949985994
true:0.011430445982999322
jhunix.hcf.jhu.edu:0.05468618368487953
ever:0.011696557773583454
with:0.005175463511411923
c:0.02288582031353062
hell:0.015103455418061485
into:0.007923911075143302
o:0.04647317235132586
from:0.0037458949311069715
kings:0.0230890601293662
sell:0.015398549995489237
liu:0.05491605524597033
my:0.004204487881992483
to:0.0036589358232499932
band:0.022049946894510446
most:0.0082150241768453
front:0.015561729775955458
jays:0.04690093469248698
day:0.022507106511175858
been:0.006492214102749731
that:0.003069952437473246
like:0.010306540385032505
tie:0.02345046734624349
debt:0.02624370529687118
could:0.013354948277221746
brought:0.017143331161662244
re:0.001654603994593675
anyone:0.007402277653280492
attendance:0.02795017645090651
baby:0.02208438114425405
had:0.006789418078239536
89:0.0209341266113473
this:0.006968793429709102
starter:0.026612650469167866
largest:0.023742316761251443
opening:0.02175153414762756
extremely:0.01954933798690102
joke:0.021719586147744874
game:0.039451448335094966
on:0.0022434018815897785
you:0.0024592875637554066
gregg:0.024509005793437445
society:0.016443500966401983
apparently:0.01676398697456488
a:0.0037075330774683055
owner:0.019831009897396494
as:0.0035403281425531786
red:0.015985039623639608
season:0.0337808356521745
steve:0.028381892449861827
definitely:0.018831202407614087
sig:0.020881134615565372
staff:0.021294966730657512
are:0.00568948125310819
no:0.004981175823816415
internet:0.012639530721746044
likely:0.014630127455441275
wild:0.04181510256729449
it:0.0015170594236281944
fifth:0.022154064139688297
have:0.002262170854635632
made:0.01029017500848673
miracle:0.024754890090582626
only:0.005900602824200383
agent:0.022015778548962167
second:0.012166795471912684
holds:0.021719586147744874
has:0.009422782954748238
willing:0.015822565725573765
free:0.012776583159843962
pitch:0.02208438114425405
be:0.005119126169358153
greatest:0.022049946894510446
get:0.005815814049960718
spend:0.018142023073944913
spots:0.02598587826977394
if:0.005930534688171764
of:0.005162139439798371
but:0.00294373107190447
year:0.04380107462317968
stadium:0.025363834240476644
ticket:0.02240697747526329
excellent:0.017234802713895516
who:0.005721472894840036
pitching:0.02208438114425405
pick:0.01778785180105316
good:0.007168185183006633
olson:0.02598587826977394
in:0.0031447734848582386
winter:0.02379288621179845
moving:0.01876540522850147
female:0.023844040293219137
and:0.0025340536360008176
for:0.007197983692745
275:0.025436972744685538
subject:0.00011812812784078892
al:0.016858469826204564
forced:0.02008759068345999
we:0.017890405828061548
pretty:0.012734602021768258
the:0.007337418681309365
thing:0.010017400155420162
allowing:0.02080281790273616
rock:0.021563217269668283
can:0.003825513240874838
major:0.014497468905830938
ends:0.0209341266113473
maybe:0.01171642956788639
last:0.009646736956015476
sport:0.02218932152751651
an:0.003973000613105029
record:0.017064815916976082
competitive:0.02642433359120859
address:0.01412752811475049
entire:0.016501850542870802
rockies:0.02624370529687118
is:0.004755267732578122
division:0.017533484142125366
win:0.014997678777116556
east:0.018016191501730165
seats:0.04938425243787361
blue:0.03536868696870185
sale:0.014048106876564732
their:0.006697715126467761
gone:0.017387599101251164
history:0.014694723913056994
easily:0.01636687950617428
every:0.021523438291481383
almost:0.013371650133914018
committee:0.021294966730657512
orioles:0.05322530093833573
existed:0.02240697747526329
very:0.007713462353024103
by:0.004382457853173301
upon:0.01534546718005724
sales:0.021412186268033512
especially:0.013828742068572307
s:0.0109811731124959
