since:0.019615898268663542
at:0.017273823773616293
there:0.008997833191932817
all:0.009353606182806777
50:0.03383513028557285
anyway:0.029887390408279743
dh:0.06455886141666226
angels:0.050417843497339375
city:0.036076329396925406
h:0.034639040434259964
day:0.024934343487871293
might:0.02085377584194555
dodgers:0.05854803325110923
really:0.019131330815597314
nt:0.007000770114925867
re:0.0036660833605702994
larger:0.0417240367070665
attendance:0.1857864669972021
largest:0.052605525372968885
la:0.08545693076530153
cleveland:0.05283091280654436
opening:0.04819457566042969
joke:0.04812378891559158
game:0.11654937678080343
october:0.053061603957624694
why:0.01744826058974516
a:0.0013691216920062696
series:0.03517010157615359
was:0.017361983021595796
40:0.03749516851004704
70:0.04217487115061379
are:0.006303052760796329
no:0.011036722903750096
officially:0.05366326029464717
18:0.037909308757089206
it:0.0033613277425487446
wins:0.04826587722247949
have:0.005012260913212283
tom:0.03721302179877211
bother:0.04495691206365933
listing:0.05484907020070268
highest:0.04626604336389975
writes:0.006482964617819238
of:0.003812560501288993
but:0.013044769063733534
again:0.02393989351086292
york:0.036893796151229834
over:0.01966608580901331
in:0.006967831446842764
5:0.025479145950173362
world:0.024718144007183106
for:0.009569084203296293
subject:0.0002617348714903755
gate:0.060093415057026714
6:0.02880734933881563
the:0.006650761852844586
sox:0.051855132460004824
home:0.02871924560648381
an:0.00880292292707585
1-0:0.05985716455134965
record:0.11343083521284103
rockies:0.17444345285567314
is:0.0026340453616731756
white:0.06664645383961945
new:0.016901956518466144
1993:0.0297025078726484
first:0.01840740028814746
late:0.03778567632971735
article:0.00794444000310393
prediction:0.05572762077609177
april:0.03335444962635404
john:0.026289003917469075
s:0.012165417271686633
