week:0.04659241627575113
mark:0.04058951303097555
know:0.016673988184571647
where:0.02496563240856435
such:0.02598671896578106
to:0.0018624312974200418
published:0.05540671911772366
badly:0.07064837683351045
that:0.009375800687418293
like:0.01573836572309018
re:0.005053250037542845
anyone:0.022606956076235016
espn:0.06755288264949247
beaten:0.07886171915254814
this:0.0070943572752894465
on:0.006851470611341756
possibly:0.05239126572158569
a:0.005661503212890791
was:0.023931382002740153
as:0.032437060549338585
baseball:0.05063886270390281
giants:0.07235762206471479
brian:0.20195013593398806
d:0.024619516518608588
not:0.00814743254832385
catch:0.06548497471293133
after:0.02607045523871556
reporter:0.08042270411365414
list:0.07869266478166431
writes:0.008935978256994086
get:0.03552362095381412
coast:0.07235762206471479
of:0.00262757548061809
central:0.061897435319137134
in:0.0048021541052565
watching:0.05756221748296397
and:0.005159424520145809
subject:0.000360769687729977
1972:0.07910968048590215
i:0.010318849040291619
games:0.1349947415517051
the:0.0010185851486338555
can:0.023366648444262526
german:0.0634541341311835
during:0.03957256094327663
many:0.025043257129433696
is:0.003630711174198161
east:0.05502242269447321
does:0.016466065058615205
every:0.03286687198564049
article:0.010950444328602716
live:0.041847138837130524
data:0.03965331923251098
weekly:0.07660423152196481
1991:0.058673543134814946
