school:0.019446654950781312
some:0.006243512701247882
at:0.009422085694699796
there:0.004907909013781537
majors:0.0319352908642414
all:0.005101967008803696
chris:0.020517364935397325
whom:0.0225043358254106
cut:0.01957762297221605
with:0.0031274191272168306
much:0.018686597535400334
3b:0.06609132359776884
c:0.04148819832238974
though:0.013291680222517003
mentioned:0.018797666410651538
kimbark.uchicago.edu:0.0652987249651087
to:0.0007370048984442945
sound:0.018455525610312464
player:0.04157500570113585
slightly:0.023153324365540375
teams:0.0221175943196372
bunch:0.021690925246814572
that:0.005565314846542409
bit:0.014572642770351335
like:0.006228016382399322
earn:0.032047875940165636
could:0.016140204869797403
best:0.013022331978403391
you:0.00891656132741265
them:0.015677638198205782
a:0.006721142851667142
how:0.007034026723150397
million:0.06278360308766533
as:0.008557370697508218
standard:0.016278313050600197
jail:0.029407994549023254
let:0.012326939800817244
250:0.024439041946295648
pitchers:0.028173205476030215
frank:0.06282632689653406
team:0.05138862944429676
are:0.003438028778616179
d:0.009742482472604468
it:0.0018334514959356789
should:0.008785091669697752
have:0.008201881494347373
made:0.012436254288331557
probably:0.012765902219407531
follow:0.02019781985249885
palmer:0.030313973971258797
keith:0.021072016412404634
mitchell:0.028816861530842376
500:0.02229827345106706
his:0.009863256906445222
minimum:0.026211005240169668
if:0.007167384168592612
of:0.009358103048618437
together:0.019031905034493212
up:0.007184280055360345
rf:0.029338992384125354
over:0.021453911791650883
one:0.0052583471004043975
tim:0.021807001602867318
in:0.002850476500981131
thomas:0.05910168471704439
replacing:0.029994619774993438
total:0.01957762297221605
better:0.01195837364332301
and:0.005104243509235158
still:0.010918230386254262
for:0.001739833491508417
subject:0.0001427644753583866
half:0.0202226924256311
legally:0.026774430457591203
however:0.012818710717630551
p:0.10800410822346579
i:0.004083394807388127
dump:0.029917674654928735
will:0.006060456389857136
175:0.03150725499432944
cf:0.030313973971258797
cost:0.017759398953748024
the:0.0032246118074397987
thf2:0.06432576477039506
ss:0.05867798476825071
wind:0.02708009042464975
can:0.004623347553142852
law:0.016079364306117463
put:0.01330192138795069
an:0.004801594323859555
thought:0.01435607703311076
2b:0.06504706189120289
ted:0.04798410831924086
about:0.005267466204929794
disclaimers:0.029203603036615778
paul:0.017513489257267686
is:0.004310256046374287
save:0.019371712472841144
win:0.018125536917798616
lot:0.02650859238786514
hernandez:0.032910272451374845
dollars:0.04904390406944654
1:0.010473389796388816
advice:0.020801374696434484
too:0.010441272020665757
donald:0.029548728818100115
beck:0.032047875940165636
players:0.07939837247139876
u:0.0202226924256311
four:0.01875960508568435
s:0.0066356821481927085
james:0.01850050143121405
