go:0.017065195191176552
1968:0.05275841233361349
minnesota:0.08840490101382063
with:0.00513006470868024
further:0.03112135439545076
from:0.0074260724072822415
to:0.0012089466316586234
near:0.03162084015334671
day:0.022309675752305896
family:0.03456550060631287
that:0.003043023030126989
paris:0.05072506484188258
duke:0.05567186702679432
13:0.03454156626724967
re:0.0032801798489313205
scott:0.0670539833889738
muscle:0.049591628600829885
93:0.03211417101582808
sender:0.04870737685414598
he:0.027897073816144476
contact:0.03052694999105761
path:0.03891165465842907
apr:0.03269480944770174
on:0.013342337506297102
mn:0.05028268893287475
pulled:0.04391946048745224
gatech:0.051515863938323775
am:0.014336283830713732
cage:0.04658334131024366
m:0.012007146597509403
a:0.002450007238327009
as:0.007018545265061565
bring:0.033275148660430486
usa:0.03197036566691864
experiment:0.044569530418625235
theory:0.03568902506119846
organization:0.03361257217646378
no:0.009874962598092191
internet:0.025057315290479
decides:0.04932976050302566
kevin:0.07904495303192483
date:0.031384203419151956
university:0.04123403687015181
left:0.025652677048250538
his:0.016179202118467163
be:0.010148443107674935
twins:0.05335000251603044
sort:0.02752159041807921
writes:0.00580054728962774
of:0.006822476686517145
dl:0.10370657490871416
nature:0.03344223808999798
gmt:0.0371692836510968
lines:0.030992825651706284
women:0.03315188766520548
who:0.011342569072226739
news.duke.edu:0.20351049595391166
up:0.01178474009081039
in:0.0031171877525349207
message-id:0.049591628600829885
5:0.022797130586997217
subject:0.0004683676647722508
until:0.02509794495933898
i:0.0016745500635560958
appreciated:0.029690895782247744
will:0.009941274955291967
the:0.0033059342543379517
would:0.008181137246529614
did:0.014420272310903204
arm:0.04391946048745224
eric:0.1049481179031212
twin:0.052204211442196544
reports:0.03468616179112414
may:0.016324785328419567
an:0.007876299461067866
15:0.029314129227900384
is:0.0023567774288654727
today:0.024904616366652216
study:0.03250327498627016
although:0.027717012778550508
article:0.007108183160671938
side:0.02824880770676485
comes:0.02652786260741677
close:0.03048169487868895
going:0.019103646351313005
s:0.005442423516280862
news:0.08075990832008996
newsgroups:0.03759888018264469
