there:0.03824079106571447
thanks:0.08305777687150678
to:0.0057424965003784615
newsletter:0.4848123926488236
dodgers:0.49765828263442846
could:0.06287954813858572
me:0.04514952835018936
so:0.042575441557705
on:0.021125367718303745
tell:0.1004177105676022
a:0.005818767191026646
how:0.05480679155121351
if:0.05584586831361744
subscribe:0.2178324952366572
please:0.07980897320438561
net:0.1381309368707701
and:0.007954112801891455
subject:0.0011123732038340957
the:0.003140637541621054
is:0.011194692787110995
somebody:0.15815534264478145
