some:0.005779885520462149
rating:0.027224232577561135
at:0.013083638798828184
say:0.009393787001324472
there:0.004543460324639344
ever:0.013086247806088419
with:0.0028951850336116206
4:0.01229836388207267
someone:0.010908208488430791
from:0.00419095175460483
correction:0.026793483186523363
name:0.013674418345694312
to:0.004093660871556923
stop:0.016455213438518006
bizarre:0.028889936719250307
player:0.05773162920380498
add:0.01701099216065207
then:0.007900397771167342
value:0.03696883979957097
grade:0.027420966877806253
thoroughly:0.029361769292539044
100:0.0167253074199558
that:0.0034346992617274932
hour:0.023048092062773654
grand:0.02482567656048877
me:0.0053643003980423
anything:0.02298258564672677
happened:0.016694558904645697
this:0.005197845924469495
parallel:0.022778977165650447
getting:0.013426740456557852
he:0.031487786287529414
posts:0.01991592808004293
on:0.0025099446794024254
rotation:0.027097289851752533
3:0.011591415567512968
bill:0.04597297835185719
more:0.00629415359317191
a:0.004839370733131072
exposed:0.02755660536388603
was:0.013150412882693845
as:0.007921922378386322
gary:0.0420265192427986
said:0.010849033805264516
baseball:0.01855087049548915
sig:0.02336206150058304
21:0.02008021297601151
section:0.020345342206055876
kevin:0.022304763974355026
book:0.07697273541296222
it:0.006789216430494494
not:0.008954109038256905
ones:0.016795197922657705
purchase:0.021596343956331893
catch:0.02398954519186593
analysis:0.02131567393813117
probably:0.011817939183312913
only:0.013203329091775115
completely:0.017806899193264704
has:0.005271160761814609
absolutely:0.019814152203701158
love:0.01619909623852202
his:0.03652334735653973
without:0.01112480438021037
be:0.002863669589789462
claims:0.01859567166142934
writes:0.003273576193156249
if:0.003317576335462422
of:0.004812885781330165
totally:0.02039364010182501
looking:0.02568203312283806
what:0.004556644074240748
but:0.006586962596538715
impression:0.02342134957507173
result:0.017500009707977732
never:0.010910590251791388
huge:0.021276846326937975
significantly:0.024194422499602835
lines:0.01749100061531939
again:0.012088461079742664
latest:0.020625478219073026
disappointed:0.02916760734623567
who:0.006401251852642813
identified:0.027097289851752533
in:0.0026388074538785714
according:0.017027357448446623
quoting:0.026676995575581806
or:0.0033381755331835907
and:0.004725215525876112
for:0.0032212758704165743
subject:0.00013216315293078365
al:0.018861456340209068
i:0.0037801724207008895
draft:0.024444681307339622
away:0.013707839536255794
we:0.0066719995332374755
will:0.00561042249952121
than:0.0070821845654428775
the:0.004104595598950289
got:0.010951256542725614
did:0.008138173482390917
increase:0.020815572936570728
forward:0.021414096564635273
put:0.012314154948251383
bought:0.01813407796469535
an:0.004445040289909588
thought:0.013290031708869865
makes:0.013826623179465218
statements:0.020868709350645526
about:0.004876317724365701
is:0.0026601250187194446
living:0.018237648584302477
argument:0.017419512079899613
new:0.008534651311304688
selection:0.026236661486391234
does:0.006032122843255075
break:0.01942676509033607
1993:0.014998296054505629
existence:0.020141330975131804
filled:0.024708268012878294
first:0.00929482588807446
dave:0.017357795402844517
although:0.015642274538389893
selective:0.028542390884234225
before:0.021051428388343014
s:0.012285866947643928
james:0.06850680727994113
