from:0.038480557019553434
gi:0.28580692459234636
you:0.025263590427669177
m:0.06221885055073055
a:0.006347746026574523
giants:0.7301541862893945
early:0.15921550449060368
in:0.008076350086113203
i:0.01735442793139954
the:0.010278450136214357
see:0.08042662551868983
here:0.08183640480106345
win:0.46220119140386473
guess:0.13618896649707515
little:0.10660630463174837
