say:0.025993766770788265
way:0.02373113451433621
from:0.011596880197673638
teams:0.05665739914756379
that:0.0047521181566366685
re:0.005122472640796856
articles:0.05769710439314612
greatly:0.05346478287398084
th:0.07969518783268333
two:0.025545060721278236
big:0.03802439114887064
game:0.040712453533020374
on:0.013890652746281915
am:0.02238816926988172
a:0.005739058051423541
baseball:0.10266509150928241
nine:0.06914123091677112
let:0.03157722935277842
magic:0.07057195233276561
it:0.009393299444930739
should:0.02250427592100657
couple:0.04323276431033587
between:0.031820080082827475
sports:0.1314979530301859
doing:0.03672195760500432
has:0.01458595169707604
be:0.015848253620204693
writes:0.018116777836097598
hitter:0.21693502237204917
of:0.005327139330568182
even:0.023002184215972953
david:0.03419787999102047
in:0.004867937038205219
or:0.009237143256206648
weeks:0.09974150370775645
each:0.03487684105973445
i:0.002615050784183492
any:0.014017633784778182
information:0.03340851074635294
the:0.004130153479392071
rule:0.10818349502071732
would:0.012776022549375014
last:0.0298652404391712
rules:0.05643171644614592
is:0.011041340831123174
issue:0.04289534256801168
keep:0.03629335046747837
1993:0.04150213428781009
paper:0.05283079996214513
article:0.022200900830591806
players:0.05084758784983413
opinions:0.03911794733589099
s:0.008499127135013948
