entries:0.0501530061360852
out:0.010156699130003964
folks:0.031924274571506706
louis:0.04063104903101689
hung:0.04718665991425872
stephen:0.03510051102923291
thanks:0.01718436762858761
o:0.03018085330861967
florida:0.044025016845918426
wisdom:0.0418921877656267
my:0.008191502252847425
nl:0.04578018025317049
weather:0.04498385852790312
kansas:0.054204761560617404
to:0.0035643081726487004
sharing:0.047407715350580595
montreal:0.04250384066193949
add:0.029622589796997573
jays:0.09137595896984534
apart:0.03971257275595762
day:0.021925026170369587
been:0.012648624027771027
pittsburgh:0.03812556382110989
bit:0.023492105155652584
like:0.020079983853597813
could:0.013009561683845322
re:0.0032236250239497458
oakland:0.04860696364767299
anyone:0.01442167887621889
this:0.004525710675615681
93:0.03156047841210691
patterns:0.05030833808007381
opening:0.04237798894279162
you:0.009582741196702101
m:0.011800126828586829
beat:0.037464932562308886
a:0.004815531468435845
as:0.020692607591819442
quotes:0.0418921877656267
also:0.012788768376547986
are:0.005542339496562289
taking:0.029370258915100044
it:0.014778251281895345
not:0.005197500073930732
couple:0.027206825815987226
follow:0.032560278555321426
philadelphia:0.04276119379254019
details:0.03288639553698564
list:0.02510024652518603
glad:0.03999218720210549
predictions:0.04506879211792908
if:0.005777158791063873
of:0.0016762119445322297
but:0.005735200191813882
san:0.06962009368283696
again:0.02105059601817257
york:0.032441096615736575
well:0.01450748198408056
up:0.011581554916830902
pick:0.03465564230205185
in:0.0015317215680559523
context:0.03579949093273252
st:0.03307540726654569
weeks:0.03138418004597509
and:0.0016456785107361632
still:0.01760094036404782
for:0.005609463153656448
subject:0.000230146180103606
i:0.0016456785107361632
later:0.027546655422049166
the:0.0019493612327303093
do:0.006192395852642213
jim:0.02919250643921439
just:0.010124039340223155
makes:0.02407739553665495
long:0.020519924526798145
here:0.015520697462270656
is:0.0023161433352643437
horse:0.046760860299348575
east:0.07020102205846582
new:0.04458619564354001
blue:0.03445397954709749
their:0.013048996711911327
chicago:0.03640258221382658
dead:0.029580018403544274
dave:0.060453011575424
almost:0.02605166319193593
little:0.020218437085331588
prediction:0.049001873441046215
los:0.039309454084336594
mine:0.028148612455172296
t4:0.054712007250470276
s:0.010697177256138246
