with:0.048735614732462275
guy:0.14109711445620288
think:0.05998950114702313
grab:0.22310266803287054
re:0.015580854282423772
this:0.02187426826547579
wells:0.5068250239022891
landed:0.23251752189498823
a:0.005818767191026646
tigers:0.24882914131721423
team:0.1334676903622707
d:0.07591017593237648
has:0.04436560307860629
pitching:0.20796125577505897
david:0.20803710327870784
subject:0.0011123732038340957
i:0.007954112801891455
yet:0.10958619761192348
the:0.003140637541621054
would:0.03886040192101567
their:0.06307015077423808
