1968:0.06331009480033618
at:0.027819947761718877
committed:0.04664688790174729
inning:0.06016806334185201
hand:0.03323409953108077
your:0.01326244444401329
way:0.018235503363647824
to:0.0014507359579903482
might:0.022390369851352062
paris:0.06087007781025909
dodgers:0.0628620988590857
re:0.003936215818717585
anyone:0.01760962894359359
error:0.03963640167549472
this:0.022104523720901853
he:0.016738244289686687
shot:0.08371857569658392
on:0.005336935002518841
you:0.005850515677986546
tell:0.025368684774973185
am:0.01720354059685648
m:0.014408575917011284
beat:0.04574665449713506
a:0.0029400086859924105
other:0.014519031450862219
quick:0.0427292128441189
season:0.040181415038902296
local:0.03217245738858897
internet:0.030068778348574802
play:0.033704402450320435
should:0.017292759391931364
have:0.021526341606216963
probably:0.025128670684517983
palmer:0.05967066455395153
pace:0.06560192094607166
after:0.02030751250173633
has:0.011208152356700536
be:0.012178131729209922
sort:0.03302590850169505
writes:0.020881970242659864
if:0.007054214944877992
of:0.004093486011910287
well:0.017714399054245735
they:0.009820206573765722
who:0.013611082886672086
now:0.017388572609244677
errors:0.045200255975008555
one:0.020701282268960473
bob:0.038779000147674735
in:0.0037406253030419045
subject:0.0002810205988633505
i:0.00401892015253463
hr:0.05788731558597209
rate:0.04089132325780264
actually:0.02572962239053773
the:0.0031736968841644337
writer:0.05366492920166087
home:0.03083540054590893
eric:0.08395849432249695
maybe:0.027872769287813938
is:0.0028281329146385673
right:0.02041972203989789
time:0.016626420735828564
does:0.01282619804565816
2:0.02050957423258325
runs:0.03949253179414037
although:0.033260415334260614
article:0.017059639585612654
dumb:0.054132842491880176
warren:0.058890580636543934
comes:0.03183343512890012
dean:0.05245566313851959
s:0.006530908219537035
