above:0.04063665716609769
mark:0.089660416844543
wonder:0.055080115042043715
ohio:0.15141539635986173
sue:0.08267216879577408
my:0.014182302407914944
to:0.004114027343554719
a.k.a:0.08913282674049465
really:0.029125309599864566
re:0.005581201534002545
anyone:0.02496887686031927
he:0.023733331455525898
cleveland:0.0804291508398138
student:0.060045036898039875
you:0.00829550730460779
state:0.0793347279683766
a:0.004168669032377299
ns1.cc.lehigh.edu:0.1608583016796276
science:0.050472122778616645
career:0.07212634490186234
computer:0.04001049112187038
are:0.009595692262704859
tragedy:0.08350156955927872
not:0.02699597053325216
due:0.09895947716114872
university:0.07015940601787025
accident:0.07252975792257756
edward:0.06746403616988991
his:0.055057583328515125
be:0.008633750106529423
floating:0.08531292563396928
writes:0.009869587925635259
dept:0.06124339537823581
if:0.02000449014219132
seen:0.03869350583018437
well:0.02511743149482604
now:0.024655438774302152
over:0.02993941421670683
in:0.005303871698342999
subject:0.0003984620431644522
i:0.0028492344364984316
will:0.016915005147810216
the:0.0033750134775629237
got:0.033017221218366775
meant:0.06077103402076145
because:0.026339138789470355
may:0.027776500409549713
an:0.013401464754652787
just:0.017528187514416208
graduate:0.08207902956219924
article:0.012094520601740313
bad:0.040904493235020656
