picks:0.0605132193715677
at:0.009273315920572959
all:0.01004281926996096
consideration:0.052787228054934014
own:0.023857796163663108
your:0.01326244444401329
much:0.018391545995367697
into:0.018850567399814593
mentioned:0.03700172230307198
from:0.00891128688873869
my:0.010002255382424224
to:0.0014507359579903482
teams:0.04353673829233849
that:0.0036516276361523874
indeed:0.038823603247417
nt:0.0075166163339204055
re:0.003936215818717585
so:0.010755901025104422
this:0.005526130930225463
93:0.0385370052189937
he:0.033476488579373374
big:0.029218742672290077
on:0.005336935002518841
you:0.005850515677986546
none:0.038131686657066254
roger:0.09292115312771773
passing:0.051444982578102864
how:0.013845926286622361
richard:0.07865426346902692
was:0.009320643516856691
baseball:0.039445008843040086
worth:0.03700172230307198
overall:0.0975497736774655
far:0.026203979706541067
are:0.006767488227381321
those:0.019535954255658527
it:0.003609004523578652
not:0.006346421142904893
made:0.02447978475703159
being:0.04096429326158207
after:0.02030751250173633
has:0.022416304713401072
his:0.019415042542160595
writes:0.020881970242659864
predictions:0.05503136721768182
of:0.004093486011910287
year:0.02605011280220686
ignore:0.04737648579532865
well:0.017714399054245735
in:0.00935156325760476
subject:0.0002810205988633505
the:0.005553969547287758
do:0.007561241251647333
less:0.02893542691153976
radio:0.0755231654898456
did:0.017304326773083845
an:0.009451559353281439
record:0.04059629891827995
is:0.0028281329146385673
east:0.042859571362010705
yesterday:0.046277505587944454
new:0.018147363840879442
figure:0.0388683961481553
1993:0.03189111371589618
him:0.0252264768775085
article:0.02558945937841898
neither:0.03939769947895757
prediction:0.059833866517488
opinions:0.03005905426863202
mike:0.10090774828287485
s:0.006530908219537035
