report:0.041257915472551684
at:0.009575706657113381
out:0.012806272816091955
know:0.013411686148459803
all:0.010370302507024904
your:0.013694915458491984
faces:0.05909109951366065
such:0.02090236090725868
from:0.009201872330762778
my:0.010328415884025013
look:0.025773568742129462
young:0.040804951381241156
helmets:0.06803892895722742
genetic:0.06425298662822507
that:0.007541404900749496
me:0.02355627566096836
re:0.004064570682371419
anyone:0.018183855974362947
espn:0.05433601430502654
this:0.00570633085186325
tail:0.061784970860449574
something:0.021637623012646986
on:0.005510965491731412
you:0.006041293363138281
m:0.029756841567740697
a:0.0015179392672243423
as:0.008696893045837156
said:0.02382070465938513
tate:0.13548222804080018
those:0.02017299624225609
pocket:0.061956148653581525
it:0.007453378907390695
not:0.013106739316868801
have:0.0055570718820397045
being:0.021150042716577697
only:0.02898991822324536
pitt.edu:0.05367201765307177
has:0.01157363558572338
end:0.02939384133234249
of:0.008453938502858202
even:0.018251733127891582
what:0.010004805467354686
but:0.007231339372287068
pete:0.05650771199325718
david:0.05427054868140204
one:0.010688162041039374
tim:0.044325101084089005
in:0.003862602215097619
and:0.00207498594831951
subject:0.00029018431404367716
combination:0.05391628782537675
i:0.00414997189663902
rose:0.05359179909548892
league:0.04228105508949183
caught:0.04907852427968969
than:0.015550013937168055
the:0.002457890249964303
do:0.007807803466374963
can:0.009397456439540363
nobody:0.04356836592889595
maybe:0.02878166393850352
just:0.012765093081150933
about:0.010706697612194256
e:0.06762803687073536
is:0.005840709280231824
win:0.07368424790496395
does:0.013244443634103535
glove:0.06803892895722742
every:0.026436397031928217
under:0.026383950294626514
little:0.025492811977157217
soft:0.05807924708903009
s:0.013487745236000399
