out:0.015709027987739467
lead:0.025761430917466077
k:0.025257740375011085
help:0.014267284800278647
all:0.012720904408617216
ml:0.04102813965604731
percentage:0.030037082152131436
with:0.0038988491785969825
from:0.005643815029534504
clark:0.06686382220291642
to:0.001837598880121108
1987:0.033930068076097795
remember:0.01855082691014155
matt:0.03272417646260228
gm:0.032820796511286054
everyone:0.02038341838342069
randy:0.03343191110145821
that:0.004625395005793024
williams:0.07109654528005577
rod:0.037791420884169306
through:0.015796421960165515
nt:0.00476052367814959
re:0.002492936685187804
so:0.006812070649232801
ball:0.029724035598212965
had:0.010229389904547569
he:0.04240355220053961
these:0.011044239820659617
big:0.018505203692450383
on:0.0033800588349286
am:0.010895575711342437
them:0.009772394476881607
roger:0.029425031823777283
loved:0.034986537015909626
came:0.02012484488318631
3:0.015609772964250798
a:0.004655013752821317
other:0.009195386585546073
as:0.00533409440144679
season:0.025448229524638124
said:0.014610032191089549
let:0.0153675849516855
course:0.01630767866600013
giants:0.07139285377051859
are:0.004286075877341504
not:0.0040194000571731
being:0.012972026199500988
strike:0.03512259616011767
craig:0.030433238288603438
throwing:0.033930068076097795
ancient:0.030570700203288347
suffered:0.035191681407021315
his:0.012296193610035045
sacrifice:0.03683741525989815
pitch:0.03327380092400944
be:0.003856408380916476
thrown:0.03272417646260228
writes:0.004408415940117083
were:0.010342021983148661
of:0.003888811711314773
even:0.011194396318440172
what:0.0061362806866442085
but:0.004435221481669402
years:0.029730338973071913
robbie:0.041370094951964316
excellent:0.025967102755602583
quinn:0.04340597261563886
who:0.008620352494892323
up:0.026869207407047693
thompson:0.07805488474609013
david:0.016642968262296626
good:0.010800065675729996
bob:0.02456003342686067
in:0.00473812538385308
system:0.014901482194950168
for:0.002168992419413827
subject:0.00017797971261345532
i:0.005090632193210532
6:0.01958899755039463
skills:0.03649101700036008
limited:0.025880633752651733
catcher:0.040242919418338095
runners:0.04102813965604731
will:0.007555368966021896
improving:0.03995301867207317
the:0.002512510033296843
see:0.011795905076074508
fan:0.026663706569931157
agree:0.020110367859762928
last:0.029068834027459974
an:0.005985987590411579
sgi.com:0.041370094951964316
btw:0.02501193680295557
is:0.003582301691875519
solid:0.030037082152131436
guys:0.02589783806327501
right:0.012932490625268665
does:0.024369776286750505
lot:0.016523689255102607
2:0.012989397013969393
history:0.02214005069567254
1:0.013056825946164724
too:0.013016785785763312
every:0.016214323512915976
under:0.016182156180704264
count:0.05684494102046414
defensive:0.03410475055872462
beck:0.07990603734414634
article:0.0054022192021106735
offensive:0.03343191110145821
comes:0.020161175581636746
seem:0.01839808369930492
s:0.00827248374474691
