report:0.04744660279343444
at:0.011012062655680388
out:0.014727213738505749
all:0.011925847883078641
faces:0.06795476444070975
from:0.010582153180377196
my:0.011877678266628767
look:0.029639604053448884
young:0.04692569408842734
helmets:0.07824476830081155
badly:0.06534974857099717
that:0.00433630781793096
dodgers:0.07464874239516427
nt:0.008925981896530481
me:0.013544858505056809
re:0.0046742562847271315
anyone:0.02091143437051739
espn:0.06248641645078053
this:0.006562280479642738
tail:0.07105271648951701
ci:0.0789592484738109
on:0.006337610315491124
m:0.0171101839014509
a:0.0017456301573079939
said:0.027393810358292903
tate:0.07790228112346011
hmm:0.06200373099918327
those:0.023198945678594502
it:0.0085713857434993
have:0.006390632664345661
being:0.024322549124064355
only:0.016669202978366084
pitt.edu:0.061722820301032544
against:0.03229100990197308
netcom.com:0.08047587936802848
writes:0.008265779887719529
end:0.03380291753219387
of:0.009722029278286934
but:0.008316040278130129
seems:0.029456088617263478
david:0.031205565491806177
one:0.01229138634719528
rest:0.04083288541841011
in:0.002220996273681131
and:0.0023862338405674366
subject:0.00033371196115022873
combination:0.06200373099918327
i:0.0023862338405674366
league:0.04862321335291561
caught:0.05644030292164315
the:0.004710956312431581
do:0.008978973986331209
did:0.020548888043037068
eric:0.09970071200796515
maybe:0.03309891352927905
just:0.014679857043323575
e:0.038886121200672835
win:0.08473688509070854
yesterday:0.054954537885684045
does:0.015231110179219066
smith:0.09844346386166157
too:0.024406473348306208
every:0.030401856586717454
under:0.03034154283882049
little:0.058633467547461605
davis:0.061909390928740995
s:0.007755453510700229
