king:0.16301567009234155
at:0.00855305837334399
cs.ulowell.edu:0.058392805883805216
tried:0.03007635002948224
nichols:0.05266271645363529
to:0.001338057436981389
sound:0.033506633875033304
enough:0.023613092494537826
worse:0.03781616906155715
that:0.006736012144358773
guy:0.032876997543192905
jeff:0.08185396677340574
nt:0.027731205892133532
had:0.014897169763904223
he:0.04631455944233695
why:0.017278860001495207
a:0.0013558292483945582
was:0.008596710039819277
season:0.03706052843393901
idea:0.026916274711269474
steve:0.031137415988683362
weird:0.047797276472746675
hmm:0.04815823766926856
it:0.003328693492621087
not:0.005853495228892862
traded:0.05145442349758281
only:0.012946953769604723
400:0.044571135674508766
hope:0.028043315899417914
mo:0.10835768010640227
greg:0.04251717084947012
be:0.005616128710072537
writes:0.0064200232137627405
get:0.012760912381467206
if:0.013012629509969112
of:0.0018877726753955208
what:0.00893633109705467
but:0.0064590604101981575
least:0.023375362938897883
excellent:0.03781616906155715
230:0.05648299720180469
oh:0.06271293561439753
well:0.016338523399547035
in:0.003450091298922145
point:0.02137413554621418
better:0.021710833701955368
and:0.005560156521710532
for:0.006317453648778135
subject:0.0002591937562331873
i:0.005560156521710532
we:0.013084892288485145
than:0.013889332837082146
the:0.0051225932717702625
see:0.01717850253797258
would:0.009054850933052194
can:0.02518153376032175
jonathan:0.04641267349023365
during:0.028430771939829808
trading:0.057583275699930936
ted:0.04355838959076719
hit:0.06950877941610503
sincere:0.05818400777486383
deal:0.032003058172432125
move:0.03433810791818463
win:0.03290752819056642
does:0.03548996546614151
1:0.019014795067230177
smith:0.038230471402587014
guess:0.02908890546539469
spring:0.0462300586168599
god:0.051518023917965526
include:0.03263614828392817
