prism.gatech.edu:0.05762325109883266
out:0.014368013403420242
purdue:0.07031174339774773
technology:0.04106911811971881
way:0.02112649779934809
name:0.03368576226622257
to:0.0016807306830375986
t:0.031417964085371244
that:0.004230544212615571
cubs:0.06738551571932588
like:0.056811661634569424
nt:0.008708275021005348
bobby:0.06363570230776538
re:0.004560250033880129
michael:0.10992787323196423
harry:0.19090710692329615
he:0.03878373676878623
on:0.006183034454137682
gatech:0.07161961571913306
great:0.061493919237382365
a:0.0034061076240155977
giant:0.06931972340440684
personality:0.07094815502177906
team:0.03906371425237192
skip:0.07185191077975128
internet:0.03483577979408056
bonds:0.06659846058350184
reason:0.032587950292786924
it:0.008362327554633463
not:0.007352561080194694
couple:0.038487704812859985
uucp:0.05162961716263504
atlanta:0.05837627557527713
quality:0.04688004683627256
references:0.05035814142697151
his:0.022493037091527522
be:0.007054405574847211
certainly:0.03750923508848343
of:0.007113679959722145
georgia:0.11722311707579033
institute:0.04746899816991837
rutgers:0.06502732800005101
but:0.008113210027444027
years:0.02719238320707797
up:0.01638366305307786
in:0.00216682563285964
star:0.055985694810663456
frequent:0.06571650129594543
and:0.004656066030375486
subject:0.0003255726450246134
andre:0.13289393287435597
i:0.004656066030375486
sf:0.06951177653816465
the:0.00459605493895764
do:0.008759974620810936
forget:0.046819674822127975
comes:0.036880199234701365
s:0.030265184432000894
