believe:0.04723199739848566
all:0.02074060501404981
jhunix.hcf.jhu.edu:0.26867559810397335
ever:0.11493139377521132
with:0.012713638625859724
way:0.03766027868579442
c:0.05621951511802086
liu:0.13490248353901407
bruce:0.10014474868893661
teams:0.0899128290820034
cubs:0.12012200628227657
think:0.03129887016366424
110:0.12570994330379595
sometime:0.11322546552807385
re:0.008129141364742838
cleveland:0.11714680665798967
best:0.10587722086788844
something:0.04327524602529397
was:0.019249155089160554
steve:0.06972073580074753
baseball:0.16292503652560034
far:0.05411691461133482
it:0.007453378907390695
have:0.011114143764079409
indians:0.1189924467403046
writes:0.014375269369947007
of:0.004226969251429101
ingres.com:0.12937565444370447
in:0.011587806645292856
and:0.00414997189663902
subject:0.0005803686280873543
i:0.00829994379327804
back:0.045790363479729077
the:0.004915780499928606
record:0.16768036509724327
article:0.017615932180795674
