some:0.013735727942745343
manager:0.09239760799796701
out:0.01386090704800541
u.washington.edu:0.07943597587250255
lead:0.045461348677881305
know:0.014516177948921198
all:0.011224327419368131
c:0.030424678769752467
to:0.006485643106309792
everyone:0.03597073832368357
respect:0.04808656692863671
that:0.008162461774928865
cubs:0.06500720339982026
could:0.017754225356777145
seattle:0.0572513724717701
re:0.004399300032684359
lost:0.041229486168445295
so:0.012021301145704943
he:0.03741489900047612
big:0.03265624181020656
game:0.03496481303424103
etc:0.02732145867597924
seeing:0.04715634900539326
winning:0.05510641298007652
a:0.0016429460304075237
how:0.015474858790930874
was:0.010417189812957478
season:0.044908640337596686
baseball:0.04408559811869186
let:0.027119267561797937
idiot:0.06235065435589446
science:0.03978390854314488
far:0.029286800848487077
worst:0.05070248133874721
hey:0.045342811595660816
it:0.0040335932910584935
have:0.01202942619170948
only:0.01568866162669749
after:0.02269663161958766
has:0.012526758516312365
be:0.006805426554558486
batting:0.06326108569254646
credit:0.056852530687350314
writes:0.007779557541383086
of:0.004575072601546792
what:0.021657461246979558
david:0.029369943992288164
in:0.0020903494340528293
for:0.007655267362637035
subject:0.0003140818457884505
i:0.0067376014321904095
face:0.04222672459935953
the:0.004433841235229724
got:0.026025339078006752
fan:0.04705359982929028
an:0.01056350751249102
jim:0.07967837051644398
just:0.013816336040775128
is:0.0031608544340078104
today:0.03340148547998062
wanted:0.03582541164171885
first:0.022088880345776954
dave:0.04125029025146579
him:0.02819429768662715
little:0.02759222002233487
give:0.027802779663011843
s:0.01459850072602396
