another:0.015726988158784247
believe:0.015409020427874754
go:0.013797391856695937
dan:0.02818300347083162
watch:0.027263573337406734
braves:0.06817230922138161
with:0.012443135676373347
funny:0.031920327308909376
hell:0.024208375350935427
single:0.02305976362065514
to:0.006842123489812635
0:0.025994016230286753
100:0.023961078715113982
cubs:0.039188739638189515
justice:0.030537348478741108
think:0.010210978918642236
dodgers:0.08470779278883889
ball:0.031621314466184
this:0.01116983911428551
off:0.015485513815293265
30:0.024277343789885747
he:0.04511016191546766
healthy:0.037007997086785545
score:0.03422567777096531
them:0.01039616433710809
3:0.016606141451330634
m:0.009707905759688454
sure:0.015475489504675201
a:0.002971285374141266
beating:0.03751222348170562
looked:0.02641846244311833
was:0.006279866199300607
as:0.0056745685121774355
danny:0.03891057855199604
rbi:0.08277683996153988
hitting:0.034040250252494936
it:0.0024315987924820705
not:0.004275957507630957
should:0.02330229988983659
have:0.003625890873387609
only:0.00945770381751267
strength:0.036870280165813195
his:0.039243171095856524
be:0.004102562107357952
which:0.009162356968209346
batting:0.038136115488414536
get:0.0186436024863989
if:0.0047528398564780795
of:0.0013790112451470826
but:0.004718320725180214
year:0.07020597776481281
excellent:0.027624577399577212
again:0.017318220837645518
well:0.02387046681068574
now:0.011715704949491094
good:0.02297886313985105
over:0.014226530159711757
in:0.0037804191892444783
and:0.004061674622242445
for:0.002307438744057262
subject:0.0001893401198015482
i:0.005415566162989927
hr:0.03900209206147056
6:0.020839359096164498
back:0.01493870014232296
power:0.03832418837121336
the:0.006414919233949387
start:0.019982709843138387
got:0.01568903419596152
would:0.006614536497194156
an:0.006368071904693168
ready:0.02989701623283969
note:0.021004887226088634
hit:0.025387958439215666
eye:0.03255905655655605
rockies:0.04206437870278643
is:0.0038109592466760837
win:0.02403883264984639
stays:0.04250321135326932
field:0.05521216808416037
right:0.013757968750285812
lot:0.017578392824577238
run:0.018984641336080813
drove:0.037437958943639695
1:0.013890240368260344
smith:0.027927223790542285
first:0.013315991697808801
him:0.016996562435200764
natural:0.029695805614901986
full:0.021912499885980517
close:0.02464477458276979
wish:0.02649700365091332
opposite:0.03422567777096531
