above:0.039458783045341235
at:0.012767608876151174
know:0.017882248197946402
mentioned:0.05094440027234548
members:0.053452787079777034
to:0.001997390087088161
band:0.07222156519071538
that:0.005027603267166331
bit:0.03949397388486521
champs:0.0821552627916724
could:0.021871147178638514
me:0.03140836754795782
greatly:0.056564190576820314
anyone:0.048490282598301196
national:0.04716194094184802
on:0.007347953988975216
curious:0.06211988899741297
a:0.006071757068897369
hockey:0.05698990954319574
wondering:0.05215845654865647
was:0.012832770059440371
baseball:0.05430834550853345
giant:0.0823799611472661
todays:0.10664048917004394
early:0.05076436375062726
it:0.0049689192715937965
being:0.02820005695543693
whether:0.04141244325915688
robert:0.09262063852051315
be:0.008383496480253208
if:0.00971232492410738
of:0.005635959001905468
park:0.06509046766731835
but:0.009641785829716091
in:0.0025750681433984127
st:0.05560503250607681
or:0.009772629821783846
and:0.00276664793109268
for:0.004715200911769188
subject:0.00038691241872490284
i:0.00553329586218536
appreciated:0.04905452346632236
the:0.0032771869999524044
would:0.02703332307548916
fan:0.11592915899970067
maine.maine.edu:0.09385224018166027
imagine:0.0570686747024125
an:0.013013016500894736
is:0.003893806186821216
1993:0.043908055116088945
too:0.028297360403833283
dead:0.09945745318293148
grateful:0.07809787110532646
answer:0.044003928146795025
clue:0.07351327214572997
black:0.051152932699187505
bears:0.08814348241778942
