king:0.08312185158173853
reserve:0.05236854961307418
all:0.009446216145012783
way:0.01715220613412419
3b:0.12236710408695815
c:0.05120985535502891
from:0.00838190350920966
clause:0.05976671200743281
several:0.027905459129380163
look:0.02347691410174169
re:0.003702381215625451
this:0.005197845924469495
getting:0.026853480913115704
these:0.03280467273463253
taxes:0.14143651596643275
a:0.0013826773523231634
how:0.013023396012169548
was:0.008766941921795897
old:0.02621696121131014
250:0.045248523207497886
frank:0.03877400372822398
are:0.01273091844754902
no:0.022291994775891284
it:0.006789216430494494
not:0.005969406025504603
have:0.005061887258887652
palmer:0.05612587260025144
500:0.04128492213217367
free:0.028589186080442926
list:0.02882800591011465
common:0.0333280003923896
were:0.015359438588834646
dept:0.04062680683506732
of:0.00962577156266033
what:0.009113288148481497
year:0.024502581348610414
never:0.021821180503582775
latest:0.04125095643814605
please:0.018964508484210444
they:0.01847365593084641
up:0.013301587825271135
rf:0.05432070867159843
now:0.016355588097804397
called:0.026556975206502315
in:0.003518409938504762
thomas:0.03647529716860495
rep:0.05444846515512227
and:0.0037801724207008895
for:0.0032212758704165743
subject:0.0002643263058615673
p:0.19996800235433762
we:0.026687998132949902
alan:0.0435711157623687
will:0.01122084499904242
175:0.05833521469247134
cf:0.05612587260025144
the:0.0007462901089000524
do:0.014224117206069241
ss:0.10864141734319686
2b:0.12043366904608853
ted:0.0444209319589012
about:0.009752635448731402
guys:0.038462135737537144
new:0.017069302622609375
economics:0.05892356539020204
run:0.026503311172152426
qualify:0.05708478176846845
hernandez:0.06093288067729798
1993:0.029996592109011257
agents:0.04509736011709404
beck:0.05933616634466311
players:0.11025368058528393
s:0.012285866947643928
