there:0.03399181428063509
hall:0.16964482272652398
re:0.013849648251043352
on:0.018778104638492218
you:0.020585147755878587
etc:0.0860119995354902
a:0.015516712509404389
have:0.01893520789435751
university:0.08704963339254272
be:0.021424491005091528
hitter:0.1955093411501184
of:0.014403006338202863
ryan:0.32925464451876146
subject:0.0009887761811858628
any:0.03789952838106694
actually:0.09053015285559572
rule:0.1462480580835623
can:0.06404192536575654
maine.maine.edu:0.23984461379757624
number:0.09267647586658363
players:0.137476811593996
side:0.11927274365078493
