22:0.01714545926029939
some:0.00480467849849117
since:0.008233833841167413
24:0.015074418719623296
believe:0.017882073089138605
minnesota:0.041473904179323264
played:0.016692193502692697
help:0.008806965926097931
split:0.01962109706702554
with:0.004813394047650596
much:0.014380221148641412
3b:0.05086040128717191
ca:0.00846316294688198
divided:0.02345664887296091
from:0.003483836437984262
starters:0.02409101381052164
dennis:0.022322056768413315
my:0.003910346754445685
to:0.0034029608891131624
look:0.009757894338583996
young:0.01544878817726003
formerly:0.022630843541840945
might:0.00875343677316233
been:0.00603802628486189
that:0.0014275910511706866
guy:0.013935517477155842
like:0.004792753347772318
nt:0.01175437945222121
me:0.004459212676561913
re:0.0015388498056714839
scott:0.015728712152969164
so:0.00420498188224247
had:0.012628876425367369
this:0.008641686228336116
he:0.006543758055638829
apr:0.015338305666823041
personally:0.016126932531302474
you:0.0022872386395420656
great:0.010375517237583034
rotation:0.022525319136024742
3:0.028906986970834807
m:0.005632982354387128
sure:0.008979605021231291
a:0.0034481583354231977
how:0.016239049348507707
sorry:0.013075788826084875
looked:0.030658462588310165
was:0.007287745959682187
as:0.006585301730181222
season:0.015708783657184026
mon:0.02222407055979719
baseball:0.015420888230818141
houston:0.020703358218718583
also:0.006104926467817146
andrew.cmu.edu:0.01676863953385704
third:0.015032037023324634
team:0.0131819941098539
are:0.002645725850210805
terry:0.022272772031595552
it:0.0014109276944031769
not:0.0024811111464031477
have:0.01051955994130973
ve:0.007510838267602611
date:0.01472345345589845
moved:0.018348170122353683
between:0.0191182374160198
left:0.0120345892325126
able:0.010853766362595347
after:0.007939150978045068
liked:0.02090916241861431
doing:0.011031699198211176
has:0.017527151833523474
heard:0.022244011188640944
be:0.007141497001697176
kid:0.02083941114983335
twins:0.025028396242088358
g:0.014547333172886841
of:0.001600334037578096
short:0.014250937718606041
looking:0.010674425289739277
what:0.003787827584348277
but:0.008213373114202595
year:0.010184200478229022
years:0.009176030547244418
never:0.00906970876897885
banks:0.038840628996854115
order:0.011540398605483507
well:0.013850764692620122
they:0.019195877047484437
who:0.026606026218803463
highly:0.03437591534492676
up:0.00552864349939253
pitching:0.02053938328642558
good:0.02666682882896295
sounds:0.014661335652513739
in:0.002193576566598648
fear:0.01771920220371398
5:0.010694950151924622
and:0.007070322490570182
few:0.009405874489326282
for:0.001338884209514708
subject:0.00010986402013176255
i:0.007070322490570182
winfield:0.02575959450232479
back:0.008668134650483694
favorite:0.019886687688990854
psilink.com:0.025646841522126786
pretty:0.01184370393794085
will:0.00932761600743444
the:0.0024814913909104626
ss:0.022577743110417457
would:0.003838064387260807
maybe:0.021793523311459458
quickly:0.017467812524784604
last:0.026915587062462935
jim:0.013935517477155842
here:0.014818114449575277
about:0.004053564528073546
minors:0.02484130828292475
is:0.007739540692323652
portland:0.02475086010712732
mostly:0.0167944404104562
time:0.01300008205682069
questions:0.012445170112121448
spot:0.039718687783589376
keep:0.010902940675415314
does:0.005014357260648253
2:0.008018146304919378
their:0.00622915069375191
gone:0.016171182703221248
1993:0.012467719353951183
1:0.008059769102570818
wanted:0.012531522590724702
too:0.008035052954174884
although:0.013003043031912586
very:0.028695349658986787
spring:0.05878637083378481
give:0.009725252145497972
playing:0.01648300393150244
mike:0.013149843740566682
seem:0.011356841789694394
happy:0.015630020940267577
s:0.0025532357236873185
