phoenix:0.061575778852049026
say:0.03953218696390715
marc:0.04992962911741142
princeton.edu:0.06384925349809088
ever:0.027535646425311047
with:0.006091951841557784
way:0.018045550203609824
bds:0.0619925010876084
teams:0.043083230601793296
that:0.0108407695448274
nt:0.007438318247108734
re:0.003895213570605943
greatly:0.040655511977089595
so:0.01064386038942625
93:0.03813557808129585
two:0.019424889923471994
game:0.030958428207400912
on:0.005281341929575936
am:0.017024337048972556
m:0.014258486584542417
more:0.01324394818563256
a:0.0043640753932699845
baltimore:0.0544581238091643
cult:0.049345363839796375
baseball:0.039034123334258417
nine:0.05257614434296137
let:0.02401185148700859
theory:0.08476143452034635
magic:0.05366408875304052
it:0.003571410726458041
not:0.0062803125893329675
should:0.017112626481598746
only:0.013891002481971735
between:0.024196519229650056
doing:0.027923988595472033
heard:0.028152576660623693
be:0.012051276190363985
writes:0.013776299812865881
hitter:0.1099740043969416
of:0.0020254227663097776
even:0.017491244247562765
who:0.013469300773269252
david:0.07801391372951544
one:0.010242821955996066
in:0.003701660456135218
or:0.014048155368814277
subject:0.0002780933009585239
each:0.026520931222506407
i:0.003977056400945728
stupid:0.04022589782569325
any:0.02131848471435015
information:0.025404388380039215
pretty:0.029979375592912777
the:0.004710956312431581
wrong:0.027535646425311047
do:0.007482478321942673
thing:0.02358262953255163
rule:0.08226453267200379
would:0.009715100480253917
rules:0.08582323542851358
is:0.008396019590333247
argument:0.0366535566681221
keep:0.02759806858464501
paper:0.04017342080454786
orioles:0.06265061464616602
players:0.03866535326081137
opinions:0.02974593912000044
dumb:0.053568958715923085
dangerous:0.0437994347207009
s:0.019388633776750572
