know:0.027419447236851153
with:0.012996163928656608
from:0.037625433530230026
my:0.021115872474006696
to:0.006125329600403693
bet:0.09585936255576911
bruce:0.10237018754869076
dodgers:0.3981266261075428
re:0.008309788950626012
anyone:0.03717588332536425
la:0.2905535646020252
on:0.011266862783095332
a:0.003103342501880878
was:0.019676914091141903
have:0.011361124736614507
moved:0.19816023732141974
tom:0.08434951607721679
writes:0.014694719800390275
what:0.020454268955480696
year:0.10998936516487343
ingres.com:0.1322506689868979
they:0.020731547211283195
in:0.007896875639755132
subject:0.0005932657087115177
i:0.00424219349434211
the:0.0033500133777291247
when:0.05811886412638827
did:0.03653135652095479
ny:0.18671970362590753
move:0.07859611367940039
does:0.02707752920750056
first:0.04172344065313425
article:0.01800739734036891
