since:0.01105426311272752
incredible:0.030677574372224542
looks:0.018912184941292213
trend:0.030753780571850704
at:0.009734420027120785
bright:0.029050458142820226
fields:0.027119483256300227
knowledge:0.02042414997155876
miss:0.026661992075724356
previous:0.019188947070126
my:0.01049960509757239
to:0.004568616000301096
colors:0.025192799302668753
remember:0.01537361346144327
changes:0.022529885633901594
look:0.01310037748218735
rookie:0.03224180783032354
front:0.01943066811804383
teams:0.04570154848367024
been:0.02431890144565921
that:0.0057498004215659135
like:0.006434469964136316
me:0.005986677792290302
he:0.008785266339890803
two:0.01030270404780835
on:0.011204614922415247
performance:0.02094481344528517
traditional:0.027574973141444283
etc:0.012830519267725058
seeing:0.02214524677048855
card:0.01691109583709526
phillies:0.030528244690523326
more:0.0070244145072968275
a:0.003857746203995566
how:0.007267198879718918
same:0.010729797516732665
was:0.009784100929297079
as:0.004420520222193472
old:0.014629354046090188
season:0.02108969297621944
baseball:0.04140636287390948
also:0.008196116749610865
mets:0.08970635807200639
uniform:0.06150756114370141
exact:0.023596388786426895
doc:0.030677574372224542
no:0.0062195897026658
early:0.019352160766813706
play:0.017690155982212383
reds:0.06468636857410782
it:0.007576915574364021
have:0.011298356091660836
per:0.019540470251784625
reminds:0.030909420776086594
virginia.edu:0.02655330276302433
has:0.011765463799851392
minor:0.02401067501230846
of:0.004297029515264943
style:0.02536368494184753
seen:0.014323010445427364
but:0.003675597912985692
years:0.012319201231935875
least:0.02660400422880091
wearing:0.027750380314453017
pete:0.028722151952373813
now:0.009126598883305217
newer:0.027159374129081922
one:0.010865313898073176
in:0.0009816558115717706
expos:0.03443194745788292
logo:0.0626377141726563
jersey:0.028263605435407138
office:0.020169822724011938
reaching:0.030528244690523326
or:0.011176433000603624
seasons:0.0321422580761651
thoughts:0.023723891257601177
opposed:0.024735493853586636
and:0.0052734449515302465
few:0.01262777624810103
for:0.0017975075299009613
subject:0.000147496999403416
i:0.0021093779806120984
rose:0.02724003047947503
the:0.007912324414249727
see:0.00977561194149821
sox:0.029222229342102165
meant:0.022495355134757002
once:0.014823376767540917
uniforms:0.11117579314793176
gray:0.03176108199060183
return:0.02038877186639187
about:0.005442078344319732
changed:0.04176038888213729
is:0.0014843791540920658
today:0.01568578047402405
throughout:0.025569970413878713
white:0.018778835059782277
new:0.019049718948989467
patch:0.029222229342102165
time:0.008726574419357534
their:0.00836289292034096
unless:0.017005864230610446
first:0.010373231101607962
guess:0.01655335504384339
nice:0.017457124070468275
change:0.016419939822709874
shoulder:0.030528244690523326
little:0.01295767238617936
past:0.018251461032615268
todd:0.028118840947042367
s:0.010283474268331795
