taken:0.11767433213423786
trip:0.1836650013117363
that:0.01238945090837417
this:0.018749372798979248
0.00:0.26930411819739236
game:0.10614318242537454
on:0.018107458044260352
was:0.06324722386438468
are:0.02296112077147234
try:0.08701391686940688
after:0.06890048884517683
looking:0.09263876233595156
year:0.08838431129320184
english:0.15779108517998677
one:0.03511824670627223
yes:0.09524449537513888
and:0.006817810973049818
still:0.07291818150819811
subject:0.0009534627461435106
the:0.002691975035675189
tonight:0.34710669862947835
nice:0.11284783774124135
immaculate:0.2245625836082721
era:0.18026106631872468
s:0.044316877204001306
