cs.ulowell.edu:0.31655047400168096
out:0.06200932100423473
with:0.030780388252081438
bases:0.26268790203165343
3:0.12323504971776944
red:0.19013783973381848
steve:0.16879757088602035
key:0.1687285458545566
clemens:0.3226067545166697
subject:0.0014051029943167523
sox:0.27838018478528903
1-0:0.3213384623282981
hit:0.18840537578575836
win:0.1783934422962285
1st:0.23688242897664327
2:0.10254787116291625
1:0.10308020483814255
mike:0.16817958047145806
s:0.032654541097685175
