yankees:0.028723447323999705
since:0.010054380017103926
go:0.009776041466302147
minnesota:0.025322006823054154
all:0.004794310706765282
finish:0.024594675940416404
graphics:0.017682117789646845
fax:0.015370067034589896
braves:0.048302992965903555
4:0.024967532705313357
ca:0.010334415055740308
starters:0.029417670130435974
post:0.012977777911714474
surprise:0.024454103819600292
awesome:0.028805158484159408
my:0.014324838110507054
nl:0.10674373687171411
415:0.02642277851181136
to:0.0020776871760163278
montreal:0.04955221624909528
randy:0.05039986598209781
day:0.012780417265140061
teams:0.020783870039056063
that:0.006972957295165363
view:0.017112305290375034
dodgers:0.030009544681473075
higher:0.018652632728833628
nt:0.0035883344307660226
could:0.015166926184181482
me:0.005445169248264044
seattle:0.024454103819600292
re:0.0018790980039104048
barry:0.02642277851181136
contend:0.029511600447079955
this:0.005276205410768031
best:0.012237065728449417
opening:0.024702747323436323
these:0.00832480388491931
mvp:0.058469836299355614
guarantee:0.024813194090867356
posted:0.01715266796222058
3:0.011766160525817184
m:0.006878465890030513
astros:0.03271806981078306
a:0.000701760867259495
sorry:0.015966918013761933
series:0.0180268862350134
said:0.011012587078710714
baseball:0.018830531859742754
jail:0.02763464814405703
houston:0.02528098516155083
colorado:0.023684430590944522
silicon:0.027318498267622008
others:0.01354938805562008
team:0.01609660587283667
computer:0.013470868870177463
giants:0.08072056330837528
are:0.003230710460307666
those:0.009326209318027941
play:0.016090041370755988
bonds:0.05488516349595127
d:0.03661998436938765
reds:0.029417670130435974
it:0.0017228916067335274
not:0.0030296985355576125
wins:0.024739293852728182
signs:0.025240295662894454
probably:0.011996099070498535
systems:0.015077472966244275
won:0.02171678132994365
interesting:0.016422233979504586
after:0.009694541144044982
west:0.04098401306267527
atlanta:0.048109091428871605
mt:0.028042314198390542
pitch:0.025080754465333747
be:0.011627361952511987
6th:0.029905930172916616
writes:0.0033229265880279513
predictions:0.026271255706933536
were:0.007795493957147232
if:0.006735180098124716
of:0.0019541767393541575
what:0.004625337200988096
but:0.0033431317701025642
san:0.04058256717190497
again:0.012270699186472452
york:0.03782077595402455
they:0.004688038314109265
find:0.010635410742077338
pitching:0.025080754465333747
comment:0.019746720587350566
in:0.0035714512943616178
become:0.01664433555173441
francisco:0.025080754465333747
5:0.013059662748330066
yes:0.013401235530170296
or:0.00338849978745269
world:0.012669601450917974
better:0.011237265684931674
completed:0.027021066753097737
subject:0.00013415556227144873
i:0.006715029903104344
6:0.014765576043011028
any:0.005142147066777926
offense:0.025002843980228392
angeles:0.023804798636283677
predicted:0.028042314198390542
will:0.017085005199547
than:0.021566853500795895
the:0.004166473924562605
closer:0.02342370277501984
would:0.004686681638715458
because:0.008867951250726201
maybe:0.013306095891167458
7:0.016037831803674903
an:0.0045120509475464156
thought:0.013490383945686997
sgi.com:0.031183488657259534
just:0.005901450067667769
n:0.018397062792986942
rockies:0.059608818061235046
is:0.0013501137029681603
division:0.019912399075981572
new:0.017326628792799465
2:0.029373008323046363
1993:0.030448802040302887
standings:0.029058579859168914
1:0.009841828602636727
cincinnati:0.03105295857483109
first:0.009434948891412267
fans:0.020668344821846523
article:0.004072024524204025
before:0.010684393302626353
by:0.004977062687523448
los:0.022914053637100727
concern:0.02314903738538233
s:0.003117770255557881
diego:0.02607608066514326
