22:0.01627479140723731
24:0.014308920894017424
out:0.009204508586566093
mark:0.011732906110516368
there:0.003585074162410732
behind:0.02756048750780233
majors:0.023327731998488834
know:0.0048198247096027415
all:0.003726827463462075
knows:0.013648286762270449
true:0.010090940594366589
defense:0.015328931829093305
ever:0.020651734818983285
among:0.01345509948431963
braves:0.018774014844169545
continue:0.01526643049570877
with:0.0022844819405841692
compared:0.016104643069975083
mentioned:0.013731107885905617
mss:0.02316827108239409
alomar:0.04751484599083961
adjusted:0.02403992557971522
my:0.0037117744583214894
nl:0.02074414417721788
to:0.004845231422194327
young:0.014664279402633542
important:0.01227488005067665
rookie:0.11397982846266723
impact:0.01872361091902928
might:0.00830892631202518
perhaps:0.03384915864421928
been:0.005731407762583747
ivan:0.026201586666374545
make:0.00687531438808478
that:0.0054203847724137
catchers:0.025575248189518375
nt:0.008368108027997326
hot:0.016342258542036765
brought:0.01513434704115495
re:0.0014607050889772287
exactly:0.012563994739343783
so:0.003991447646034844
this:0.0020507126498883555
he:0.018634373525627756
something:0.007776020770170011
management:0.017694900091715805
you:0.013026538814266918
more:0.00993296113922442
a:0.0027275471207937403
how:0.005138136707926267
88:0.019557884748318575
quick:0.01585654382887225
was:0.017294162775417687
old:0.04137364191159881
season:0.01491107198709265
baseball:0.014637796250346906
singer:0.022203973902974065
146:0.02529611161146312
21:0.015844543051384084
others:0.021065064242721844
team:0.01251259597146288
hitting:0.018748731584381978
thread:0.016261436693374865
it:0.004017837067265296
not:0.009420468883999451
have:0.003994145415216038
only:0.005209125930739401
aix:0.022588505437400836
against:0.010090940594366589
lopez:0.05389579236995775
has:0.00415927528861934
netcom.com:0.01257435615125445
greg:0.017106517958966495
his:0.014409601886759818
be:0.013557685714159485
which:0.005046454423896554
writes:0.005166112429824706
get:0.0051342733409809466
predictions:0.020421796428436615
if:0.0026177750772008175
of:0.003797667686830833
what:0.0035954769648305906
plate:0.040392746625461926
but:0.00519752517383133
year:0.05800220428616372
younger:0.02214341067431795
they:0.0036442172832333738
who:0.01515296336992791
up:0.0052478920716890025
good:0.012656326963746087
one:0.0038410582334985253
olson:0.045881316320069615
bob:0.014390644586051172
in:0.005552490684202827
threw:0.04099984806551909
point:0.008599749848672112
or:0.002634029131652677
better:0.01747043649454221
and:0.0037284903758866197
few:0.03571292970166073
for:0.001270893995750289
suck:0.021532683836854305
subject:0.00010428498785944647
dismiss:0.022940658160034808
i:0.0014913961503546479
league:0.030389508345572254
games:0.03902191747978975
catcher:0.04715967119336495
20:0.012284501360959453
than:0.01676485877600931
the:0.0038276520038506598
do:0.0028059293707285026
when:0.005108103292358343
would:0.003643162680095219
can:0.003377210907959818
major:0.012798546768428875
because:0.006893446480056695
did:0.006421527513449083
bat:0.0201600358413938
come:0.009379662790896127
last:0.008516259968982413
development:0.01518462122287579
an:0.003507414603756784
just:0.004587455326038617
makes:0.010910069852546774
jones:0.038752331874489544
head:0.013487733341623762
15:0.01305394817179939
hit:0.013983211484099254
is:0.0020990048975833117
does:0.004759721931005958
history:0.012972685954495628
too:0.00762702292134569
supposed:0.02850542977669032
terms:0.0150356991219315
article:0.0031653628137367227
very:0.013619081967058182
bad:0.010705472838853062
past:0.012904353308216264
realize:0.01528715335598101
mike:0.02496415647623206
seem:0.010780127167561476
favor:0.018600375146627227
s:0.0024235792220938216
