at:0.012407957921893396
all:0.013437575079525229
4:0.03498971132646027
such:0.027084749344616882
trivia:0.1694213804516039
except:0.045413541112729765
to:0.0019411255775927195
most:0.02614923188685969
teams:0.05825338222214305
location:0.06465953485175216
you:0.015656309560809066
etc:0.032708788555749796
3:0.032978393586445345
bill:0.04359878698157348
a:0.0019669072195019647
same:0.027353427472233977
was:0.02494256715778551
as:0.022538427048366717
question:0.030746282864043725
balls:0.07255989465199844
have:0.007200712861234548
foul:0.2622048271603372
date:0.050391537884272156
after:0.02717202376992889
be:0.00814734164982354
prior:0.06473346944169785
what:0.012963973281642694
associated:0.0640816278562893
ok:0.04596970690860468
who:0.03642402462630558
good:0.022817040159992946
one:0.027698898810580914
5:0.036603843477713845
total:0.05156359853245636
for:0.009164756701748563
subject:0.0003760134773523704
i:0.0026887141865548584
the:0.006369743746386363
rule:0.11123091741566711
would:0.013135910508512339
william:0.057347313794239685
pitcher:0.07180518695996878
bat:0.07268970669572976
record:0.05431899151037458
during:0.041244640983133386
pitches:0.08050656362642171
is:0.0037841215055023085
2:0.027442388057681816
batter:0.16822251807360963
1:0.05516968709647067
too:0.027500251660063334
nice:0.0445033726303487
by:0.013949795419960087
data:0.04132881159444806
