bottom:0.020867507571390793
at:0.008195023371669125
with:0.005440254667809743
miller:0.06644227029120796
4:0.011554741879900833
o:0.016283623180464564
knocked:0.02545884907001866
my:0.004419601215489773
to:0.002564091460634104
receive:0.019918226844211653
0:0.017047238551025266
player:0.01808029317700559
add:0.0159824205416359
young:0.017460723381740404
day:0.011829316445408708
t:0.023965330744190157
hall:0.021304233551703012
began:0.0208456197061005
that:0.0032270197714835054
like:0.0054169258767845264
nt:0.006642591178813381
mainly:0.02238447665641208
re:0.001739258152456607
ball:0.02073769925456718
this:0.002441778783122879
announced:0.04489135409959171
getting:0.012614891033603191
jon:0.03859877454621705
he:0.029583873628283446
cal:0.07487111983315571
opening:0.022864403336575943
something:0.0092588898472722
game:0.0276465963526557
bases:0.023214279714425187
on:0.002358180582508325
mvp:0.02705929633388783
took:0.01569954268100781
vs:0.015891218349131823
seconds:0.02152634718563743
a:0.003897220816315521
how:0.006117967428972671
baltimore:0.024316185514789642
was:0.012355271638623985
as:0.0037214612103117135
running:0.014081211220682333
failed:0.01970836435453505
let:0.02144314179304953
gold:0.024047774735158726
jason:0.02120882173852579
streak:0.02850943412007779
injured:0.02589039201630222
role:0.02052909197007717
base:0.01791458537401419
it:0.0015946764173952184
texas:0.03691320624808374
have:0.004755819657187468
courtesy:0.02768037257865305
received:0.017996701351868705
being:0.009050250836861154
second:0.012789282682103565
after:0.008973086919371867
robert:0.01486238153003583
has:0.004952439413425818
feel:0.01416872876393571
crowd:0.024904483873436713
his:0.008578739727931425
heard:0.012570452834511045
batting:0.05002039333829255
writes:0.003075639027988662
get:0.006113367326935452
of:0.0027131244497544927
standing:0.046002424209954616
cheers:0.06075575827485134
future:0.01630002941543186
park:0.02088949892579054
years:0.010371048478978575
seems:0.010960405066888735
wearing:0.02336194807867905
well:0.007827292605364394
they:0.004339161044222064
up:0.018745958656079784
good:0.015069859082413945
over:0.009329956988462128
tim:0.018967019998772972
in:0.004132086090569546
gon:0.02223490869532124
compare:0.02004516704090006
our:0.010371048478978575
5:0.024175561738769145
and:0.0035516038557282777
gets:0.031044803185049343
for:0.001513250525172437
subject:0.00012417189252101533
fourth:0.022445677049795856
i:0.0017758019278641388
similar:0.014719805990077679
possible:0.01198591452541666
rangers:0.021706747302080016
face:0.016694286469514232
favorite:0.04495316379930025
pretty:0.01338613979962617
than:0.00665395945218354
the:0.0042069935441249465
see:0.01645940243173187
when:0.030411033554505487
less:0.012785421193471057
around:0.011010206665830862
fame:0.02697697271947201
fan:0.018602585979021737
because:0.008208010692532623
did:0.007646097876478909
na:0.02027117892572269
return:0.017164500966590366
an:0.004176270411915054
during:0.013620323301406839
btw:0.0174501884671783
about:0.01374441181844472
15:0.015543305730142528
hit:0.016649777395020507
nose:0.02371241057747806
is:0.0012496401250728553
broken:0.02088949892579054
yesterday:0.04089640028702068
gave:0.01726452982808322
time:0.014693115999104313
man:0.013479299250210228
2:0.018124740019492176
their:0.007040388923635879
1:0.009109413450812598
first:0.00873281315995833
him:0.011146582806340967
orioles:0.02797422793503227
show:0.0140003193941155
words:0.015385391309336626
article:0.0037689901410074464
era:0.023475859799647867
april:0.015823971450642384
playing:0.018629627699326013
says:0.011911752299663106
while:0.010094616306411732
3rd:0.02052909197007717
s:0.014428750717581821
