school:0.012121748252653684
some:0.0038917895837778473
ability:0.013360965551528093
out:0.003927256996934867
folks:0.012344052834315927
say:0.01265029982845029
there:0.003059263285257158
know:0.012338751256583019
take:0.007085830434452345
your:0.004199774073937542
continue:0.013027354023004818
with:0.0019494245892984912
much:0.023295958260799086
ca:0.006855161986974404
often:0.010357734627595688
my:0.0031673808711010047
to:0.0013781991600908309
near:0.024031838516543502
most:0.018565954639670378
apart:0.015355528132303614
enough:0.02432148526937396
worse:0.012983551377801291
latter:0.015482011237517359
that:0.004625395005793024
complaining:0.018745308991149755
think:0.004799160091761851
nt:0.021422356551673155
asking:0.011951442715461315
happens:0.012453591715929262
re:0.001246468342593902
michael:0.010015650672245632
so:0.006812070649232801
barry:0.017527109746168203
getting:0.009040671907415622
he:0.031802664150404704
best:0.008117253599871447
these:0.011044239820659617
big:0.009252601846225192
on:0.0016900294174643
you:0.0055579898940872185
numbers:0.011759141336662327
them:0.009772394476881607
working:0.021123593404710716
3:0.015609772964250798
bill:0.010318379585639059
more:0.01271419025820726
a:0.0032585096269749218
how:0.004384543324097081
hard:0.01802822268383673
million:0.052180150121748516
price:0.010433814006146543
as:0.002667047200723395
baseball:0.024981838933925388
also:0.004944990438931888
jack:0.028498372658399572
learn:0.02540009453814821
course:0.008153839333000065
career:0.03221643405616518
team:0.01067741522898166
computer:0.008935676350551052
are:0.010715189693353758
bonds:0.01820357922615717
reason:0.008907373080028426
not:0.006029100085759649
have:0.008520843552460881
being:0.012972026199500988
only:0.004445120794230956
stay:0.013162325227520609
money:0.0310021976672913
expect:0.011520736943861293
real:0.008525312846660825
after:0.006430712292216504
plays:0.016509170914330934
usually:0.010992502473955378
his:0.018444290415052567
without:0.014981403232016634
be:0.005784612571374713
writes:0.004408415940117083
get:0.008762493168607484
were:0.005171010991574331
making:0.051243453181206725
if:0.008935338930178791
of:0.005833217566972159
what:0.0061362806866442085
again:0.008139563793693393
they:0.021768124571847354
exceptions:0.01927552463991538
who:0.004310176247446161
up:0.004478201234507949
jackson:0.01742659961893258
now:0.005506381326260815
one:0.006555406051837484
in:0.00236906269192654
point:0.007338453204200203
or:0.0022477048590102845
and:0.003181645120756582
gets:0.011124387807976015
still:0.013611393881530315
for:0.005422481048534567
subject:8.898985630672766e-05
i:0.003181645120756582
away:0.009229945287745569
paid:0.05514653517029543
su:0.020431761119389085
fell:0.01668939498523185
pay:0.011109473539992944
will:0.01888842241505474
than:0.014306012822194611
the:0.002512510033296843
do:0.007183179189064966
when:0.01307674442843736
start:0.009391873626275042
would:0.006217664307362507
nobody:0.013360965551528093
because:0.005882407662981714
did:0.005479703478143218
put:0.008291530998489265
sport:0.016715955550729106
jim:0.022575538312992464
problem:0.014103768613637229
just:0.003914628544886287
many:0.012354673517187291
nose:0.016993894247192613
is:0.004477877114844399
win:0.03389475403628341
living:0.012280016713430335
pirates:0.01916251946766311
does:0.004061629381125084
lot:0.016523689255102607
their:0.01513683618581714
matter:0.010069676706335143
dollars:0.030570700203288347
first:0.006258516097970138
nothing:0.01703237334333939
dave:0.011687582237915307
him:0.01597676868908872
late:0.0128471299521039
article:0.0054022192021106735
players:0.012372913043459641
already:0.009685954404324505
sign:0.014445706886310186
citizens:0.027249054592894142
understand:0.009987190876452178
todd:0.016965034038048898
millions:0.0317446402502438
s:0.006204362808560183
