at:0.02380986520147111
committed:0.05988451825224315
inning:0.07724278401994517
your:0.0170261111105576
with:0.007903072659318208
way:0.023410443507385723
from:0.01144016560040778
to:0.0037248625948400837
dodgers:0.08070134312990732
re:0.005053250037542845
anyone:0.022606956076235016
error:0.05088456971854052
this:0.028377429101157786
he:0.021488286588111288
shot:0.053738274940374815
on:0.006851470611341756
tell:0.032567906130033145
m:0.036994992219353304
beat:0.0587288132057815
a:0.0018871677376302637
quick:0.05485507054312562
season:0.05158424903642863
local:0.0413024790799453
scale:0.0653939742780483
play:0.04326916530784381
should:0.022200164084236213
have:0.02072637620868863
palmer:0.07660423152196481
pace:0.08421868229563255
after:0.02607045523871556
has:0.01438884424171015
be:0.007817044015371234
writes:0.017871956513988173
if:0.009056086753559586
of:0.00262757548061809
well:0.022741458245315472
they:0.012607021952807348
who:0.0174736874896466
universe:0.05988451825224315
errors:0.05802735564359207
one:0.039863955720633344
bob:0.04978385154093379
in:0.00240107705262825
subject:0.000360769687729977
i:0.005159424520145809
rate:0.05249561769582772
the:0.002037170297267711
writer:0.06889416586699706
home:0.03958598718731552
maybe:0.03578260922084222
is:0.003630711174198161
right:0.02621450802419324
time:0.021344729323023157
2:0.02632985881210012
runs:0.05069987189788291
1:0.02646653908006363
article:0.010950444328602716
dumb:0.06949486536119752
warren:0.1512055448776128
dean:0.06734172970485623
