another:0.0238441433375116
feeling:0.0469530844149411
at:0.009472742069402485
there:0.009868591242765026
all:0.010258793877917111
knows:0.037569477539153066
your:0.01354765830302433
with:0.012576932834183815
much:0.01878706311354765
ca:0.02211342576443356
single:0.034961577102283606
day:0.02734734447056852
teams:0.04447301223410922
that:0.00373015726273631
cubs:0.11883037180612306
think:0.015481161586328552
uxa.cso.uiuc.edu:0.04794199290034349
like:0.01252300068288896
nt:0.015356527994030937
re:0.0040208656212706514
wait:0.03947741725924858
harry:0.05610889880899744
ball:0.04794199290034349
he:0.017098206532475648
best:0.02618468903184338
on:0.005451707798271935
you:0.011952666438897246
more:0.013671172320652967
a:0.006006469358479119
looked:0.04005379789763102
steve:0.03448552523477835
said:0.023564568050144435
idiot:0.056987157207000316
also:0.01595158206107061
it:0.0036866175240857202
should:0.017664646690682576
have:0.005497318420942504
made:0.05001246348210756
stated:0.04174295766556731
terrible:0.05445136461730649
after:0.020744233200698403
doing:0.028824762421132424
be:0.006220013517607219
get:0.014133053497754004
hitter:0.056760776462937604
down:0.025423285773689873
of:0.002090758984577835
totally:0.04429586344697476
what:0.009897226913942271
who:0.01390379434660052
up:0.01444581043389661
pitching:0.05366742084517651
point:0.023672429690968395
watching:0.045802194556336925
and:0.004105348542911719
subject:0.0002870640526023473
each:0.027376445132909842
i:0.004105348542911719
we:0.014491869953913657
games:0.035805056899018556
than:0.015382809486230766
the:0.003241948430060443
thing:0.024343359517472653
jose:0.04903114702992521
when:0.014061015514448775
agree:0.03243607719316601
bat:0.055494292208567886
stone:0.05350070916199409
sandberg:0.07000963325103042
an:0.009654818694212223
jim:0.036412158569342684
about:0.010591571831417974
is:0.005777905954637934
does:0.01310203026169382
lot:0.026651111701778397
run:0.028783165896638655
too:0.02099481578348921
count:0.04584269437134205
by:0.010649843815238346
