school:0.08658391609038345
go:0.046319815518907785
out:0.0280518356923919
say:0.045179642244465315
contract:0.12097443970769706
to:0.0065628531432896705
player:0.09255388173943338
next:0.06377095294640893
that:0.008259633938916114
re:0.008903345304242156
ball:0.10615726999361771
you:0.02646661854327247
a:0.0033250098234437974
season:0.09088653401656473
let:0.05488423197030535
have:0.012172633646372687
bag:0.12618584810121497
buy:0.07159145536295157
stay:0.09401660876800433
able:0.06279679109787308
be:0.013772887074701697
writes:0.015744342643275292
in:0.008460938185451928
and:0.004545207315366545
for:0.015492802995813047
subject:0.0006356418307623404
i:0.004545207315366545
su:0.14594115085277917
any:0.024363982530685887
lot:0.059013175911080726
goes:0.07673874276168277
nothing:0.06082990479764068
him:0.1141197763506337
article:0.019293640007538117
sign:0.10318362061650133
todd:0.1211788145574921
s:0.01477229240133377
