manager:0.023656014095865048
bench:0.07075672878275796
at:0.0106140362946317
tommy:0.033449644345618326
played:0.024434957958760998
know:0.007432982684688566
all:0.011494793140316761
rick:0.028991942657401192
ever:0.015924229258011208
with:0.00352305648668402
way:0.020871961681283656
much:0.010525282346746575
blew:0.033702440725732974
my:0.00572418229717049
hitters:0.03636408381175129
to:0.002490721373658128
everyone:0.018418751551283755
harris:0.03504667898666195
then:0.009613737046842189
respect:0.024622639692374222
day:0.015321102625077543
next:0.016134819420175757
that:0.010448934501038457
cubs:0.03328682101798026
think:0.008673180888726238
really:0.01175539604331883
could:0.018182038015976596
sitting:0.027348165629288903
started:0.019754487204752442
lost:0.021111483881432833
had:0.009243424612542983
this:0.0031625448094663795
he:0.028737347123859672
game:0.017903669324761975
you:0.006696373366370143
seeing:0.024146323285894142
a:0.0008412675456905995
how:0.02377162043185164
looked:0.022439778340239067
was:0.01600230965243468
baseball:0.022573950843908484
let:0.04165911583288237
idiot:0.0319265398810303
worst:0.02596211393851514
it:0.0020653941550600723
not:0.003631988003469668
have:0.009239468912306979
made:0.01400951537300001
terrible:0.030505884996442793
after:0.023243538405601824
has:0.006414304059557537
be:0.0034847063682980203
batting:0.03239272460160512
hitter:0.0317997121147783
end:0.016290562666117527
of:0.005856644143546345
even:0.0101154183600363
sit:0.02804647347397758
seen:0.015617258377243091
what:0.005544831945762839
year:0.014908197085600313
sat:0.03131752712879314
who:0.007789475145987038
up:0.008093134761158943
over:0.012083980436863602
one:0.005923559685395316
in:0.00214071929993362
and:0.0034499766369649686
still:0.012299452302587634
for:0.003919865818217759
subject:0.00016082504151818252
showed:0.025751541558794794
twice:0.027170973549732913
i:0.006899953273929937
top:0.020371278470887443
league:0.02343287390501957
face:0.021622118017744336
mention:0.02273900490528267
the:0.005448816939679901
do:0.004327216378954799
thing:0.013638147199547932
jose:0.0274692570709822
when:0.007877556884600819
start:0.01697326558965369
got:0.013326227841148038
can:0.005208228870106708
because:0.021261714444512216
bat:0.03109017575540249
may:0.04484398861300797
last:0.013133509349756012
an:0.0054090249310947995
jim:0.04079916562589
just:0.014149259800793807
pinch:0.037073620171127086
hit:0.04312894144493264
is:0.006474039202184673
today:0.017103170275893694
right:0.011685985504760842
batter:0.035975297539838205
wanted:0.018344337286422305
first:0.011310571261391815
too:0.011762155830509016
him:0.028873678353774794
little:0.0141285463969787
by:0.005966478763958832
while:0.02614870489010268
s:0.0037375679569639658
