school:0.032761481763928874
some:0.010518350226426615
go:0.017526416682829973
your:0.011350740740371734
continue:0.03520906492704005
way:0.015606962338257147
funny:0.040547442797803805
c:0.023298177436296936
though:0.02239229010460072
mentioned:0.03166814070983638
from:0.0076267770669385185
florida:0.04600812571285169
kimbark.uchicago.edu:0.11000776187815611
to:0.002483241729893389
sound:0.031091741343499377
that:0.006250533791612195
nt:0.006433140105607554
re:0.0033688333583618965
opponents:0.05273978699060143
he:0.014325524392074192
you:0.015021594308343834
tell:0.043423874840044195
beat:0.03915254213718767
sorry:0.028625375538185806
quick:0.03657004702875041
was:0.007977127334246718
standard:0.02742382468884898
jail:0.04954319802403017
local:0.027534986053296864
486:0.04295429357916401
daily:0.040167615673260756
frank:0.07056170047838958
team:0.028857878997247722
those:0.016719960849437478
it:0.0030887876553150626
should:0.014800109389490806
have:0.004605861379708584
shooting:0.04295429357916401
being:0.017529765134460792
probably:0.021506519955218094
follow:0.03402695776952509
usually:0.029709466145825345
his:0.03323295570279742
be:0.005211362676914156
sort:0.028265417186135407
writes:0.005957318837996057
things:0.040265332038563056
if:0.018112173507119172
of:0.0035034339741574533
expansion:0.0416463475445289
but:0.0059935425427964885
ok:0.029404046761359746
up:0.012103246579751212
bob:0.06637846872124505
in:0.006402872140341999
and:0.0017198081733819362
subject:0.000240513125153318
legally:0.045106472933059055
however:0.021595485623395614
i:0.0034396163467638723
pretty:0.025928108620897537
will:0.020419916124383503
the:0.0027162270630236144
thf2:0.1083686307393142
writer:0.04592944391133138
wind:0.04562141359828382
law:0.027088658785981674
did:0.014810009400387075
ted:0.08083809239367605
about:0.017748039285078766
current:0.028488700213791154
disclaimers:0.04919886277339776
is:0.004840948232264214
their:0.013636789356592018
runs:0.0337999145985886
advice:0.03504375737147071
first:0.01691490837289226
donald:0.04978029089175425
article:0.007300296219068477
u:0.03406886021254969
dumb:0.04632991024079835
by:0.008922842115469965
mike:0.02878749575637571
says:0.023072313012860973
news:0.02764753618165242
james:0.031167511420153397
