some:0.017425923509453045
dallas:0.1649436504174544
choice:0.05630392051520213
week:0.0514602806627699
there:0.01369819381458429
know:0.018416046651616443
help:0.031941682388683536
thanks:0.029752039476360643
from:0.012635406782539934
both:0.03351797137773489
attend:0.08882507618522995
to:0.004114027343554719
denver:0.08793815946178515
that:0.0051776809766339825
v:0.05741266140152257
could:0.0225240172436725
me:0.03234593075834462
two:0.027832678099303156
game:0.04435834489418638
identical:0.07294437828238466
more:0.018976403370458594
a:0.004168669032377299
let:0.03440504093660932
are:0.009595692262704859
play:0.047789824369857334
d:0.027191704811597543
catch:0.07232668848890922
have:0.007630606166382879
area:0.04788756783073652
pitt.edu:0.07369888991168065
kind:0.041127264133777014
love:0.0488390662713649
if:0.01000224507109566
of:0.00290209829202595
please:0.05717657781806731
they:0.013924173500115577
one:0.02935256441121261
in:0.007955807547514498
or:0.020128700229942845
and:0.005698468872996863
for:0.004855953177792149
i:0.0028492344364984316
rangers:0.13931196029693144
the:0.0011250044925209745
do:0.01072116296875368
less:0.04102784412830265
home:0.043721836594945496
may:0.027776500409549713
dates:0.08350156955927872
rockies:0.17704708648038467
right:0.02895333722075074
shawn:0.09261961556409921
fans:0.12277613789693904
greetings:0.08169630671722405
