ask:0.034288971580663144
trend:0.06548746215888208
all:0.011224327419368131
with:0.006880322079877027
navy:0.06763242165057566
to:0.003242821553154896
caps:0.06060885317990458
remembered:0.07075834124743456
that:0.004081230887464433
really:0.022957596978716775
re:0.008798600065368718
cap:0.06823587217278215
more:0.01495787089200854
a:0.0032858920608150473
classic:0.06018485392716109
uniform:0.06548746215888208
no:0.013244067484500115
reason:0.0314377873412768
it:0.0040335932910584935
not:0.007093058924423116
should:0.019327201673335053
disagree:0.049981047328461106
made:0.027359759434329427
money:0.03647317372622506
towards:0.04905620159234753
be:0.013610853109116972
writes:0.007779557541383086
if:0.007884122585451873
of:0.009150145203093584
style:0.05400972911146357
who:0.015212386755692333
one:0.011568363620889676
in:0.0020903494340528293
and:0.00449173428812694
green:0.04950953881590333
for:0.0038276336813185177
enjoy:0.05438523032285539
subject:0.0003140818457884505
i:0.00449173428812694
person:0.03300228751851589
the:0.009754450717505393
sox:0.06222615895200579
kidding:0.06954440905643185
uniforms:0.23673904187971354
road:0.12743479009307682
return:0.04341609068019916
wants:0.04141806073639705
just:0.013816336040775128
is:0.0031608544340078104
white:0.039987872303771675
new:0.06084704346647812
blue:0.04701954855839187
marketing:0.05826766205057976
too:0.022970798445464666
bad:0.03224236525583981
sales:0.056931224665594984
while:0.025533441245629673
especially:0.03676818479408637
john:0.03154680470096289
s:0.00729925036301198
