some:0.0248412101092203
manager:0.04177551425439997
week:0.018339568108540337
at:0.023429920544000827
out:0.006266899463193936
there:0.0048818031147720604
11:0.020554333178829313
your:0.006701767139262035
way:0.009214749040141188
funny:0.023940245481682033
previous:0.01847446499836599
such:0.010228814912062758
times:0.014949341178154397
reviews:0.03176542229581458
to:0.002199253978868347
signature:0.026589964447140648
100:0.017970809036335487
been:0.00780447014479489
that:0.007380949477329294
lance:0.06331149047245113
think:0.015316468377963353
really:0.010379764591441095
could:0.016054352716234652
re:0.0019890452275434603
oakland:0.02999153076133014
happened:0.017937770737970378
anyone:0.017796965421716927
this:0.013962298892856889
he:0.05920708751405131
shot:0.04230459942114613
tell:0.01281928220011943
serious:0.019132944877869523
beat:0.02311666051716931
a:0.0022284640306059495
quick:0.021591889469102638
was:0.00941979929895091
red:0.019216058270971018
season:0.02030443845050914
baseball:0.03986463659668944
local:0.01625735878678698
also:0.015781884379569854
stuff:0.015550088046136288
are:0.0034197413914958804
it:0.0036473981887231058
should:0.00873836245868872
have:0.0054388363100814135
being:0.010350020903857171
palmer:0.030152729428858487
pace:0.0662998137220937
states:0.01836627518859406
expect:0.018384154697651
60:0.021657762124420304
after:0.010261774934388039
edition:0.025921739909282086
has:0.022654776040139383
usually:0.017541227352056453
his:0.009810792773964131
be:0.012307686322073857
perfectly:0.023765010610834403
thrown:0.02610971526271458
sort:0.03337724795384074
writes:0.014069412574841752
hitter:0.02807846920772977
things:0.0118868400432992
if:0.00712925978471712
end:0.014384220226465474
of:0.006205550603161871
america:0.020945417842906714
but:0.0035387405438851607
never:0.011723081015222661
they:0.004962338428232679
who:0.00687794082039281
good:0.008617073677444144
one:0.005230377169019269
bob:0.019595771351218618
in:0.0018902095946222392
useless:0.025530187689371202
and:0.004061674622242445
for:0.00519173717412884
subject:0.00014200508985116116
murder:0.0227584042297784
fits:0.027211237147918576
i:0.0020308373111212227
special:0.01859420847268629
top:0.017987405458336783
limited:0.020649441823924253
games:0.01771207601919535
the:0.0020046622606091835
thing:0.012042193803856151
writer:0.0271179163519031
regularly:0.02642501637936107
home:0.015581718360964619
did:0.008744207677888114
named:0.024794238575685894
bat:0.027451963698919217
mr:0.01796253020363518
an:0.004776053928519876
during:0.015576433562779098
about:0.005239447767669529
press:0.01908165085514716
is:0.004287329152510594
done:0.014088635911812225
headed:0.03040407456104224
does:0.006481323480518751
2:0.010363880596252173
runs:0.01995633255554965
aluminum:0.0334454911757001
smith:0.04189083568581343
too:0.010385733339704769
category:0.027755997815089157
him:0.012747421826400573
150:0.025070221742542337
article:0.0043102812782797924
dumb:0.02735436189749264
april:0.018096563095149534
by:0.005268273802218969
weekly:0.06030545885771697
strange:0.023384909738588953
dean:0.026506851054039153
s:0.006600385966553386
