looks:0.06711971518380178
at:0.017273823773616293
out:0.023101511746675685
football:0.10887531296809103
compared:0.08083899266497296
from:0.016599455969219128
to:0.0027023512942957466
day:0.049868686975742586
might:0.0417075516838911
teams:0.08109784583866975
re:0.007332166721140599
he:0.06235816500079354
a:0.0027382433840125392
below:0.07278184143211554
hmm:0.09726075450852277
college:0.08077480981507161
not:0.011821764874038528
only:0.026147769377829148
always:0.052097178392131516
plays:0.0971127700842996
mapping:0.10860853547680123
500:0.08176033598724589
predictions:0.20501881904626562
future:0.06871581028074215
what:0.018047884372482965
but:0.013044769063733534
good:0.031764899046264686
bob:0.1444707848638863
in:0.003483915723421382
or:0.01322179328829579
and:0.0037431119067724496
for:0.019138168406592587
i:0.0037431119067724496
the:0.0029558941568198155
do:0.014084665076597974
thought:0.052638949121406126
1993:0.0594050157452968
nice:0.061955675622642314
explaining:0.10942001030352387
past:0.06477479307653654
mike:0.06265513782270007
especially:0.06128030799014395
s:0.0364962518150599
