sent:0.053688796325395804
believe:0.015858918834528033
at:0.0064304015507622705
out:0.008599832840003357
there:0.006699116683044871
cut:0.026722740845287602
with:0.004268812969266769
much:0.012753261821605338
throw:0.031119493259378177
to:0.005029923941937338
job:0.02533933252035895
positive:0.03231386861544973
jays:0.03868471255657686
might:0.015526168875025153
that:0.007596451651849858
williams:0.11676439918257335
think:0.010509109689989454
really:0.014243764548838874
nt:0.005212252202353566
happened:0.024615335027287816
this:0.0038319886012512334
he:0.011606811733724345
used:0.014412142396619457
dry:0.03773920852597903
rotation:0.03995366824856943
holes:0.03498718536694523
a:0.0020386921545202845
was:0.0064632199569444205
as:0.005840249344649769
season:0.027863025026976046
granted:0.03435986836110052
jay:0.03721290711064075
given:0.020348814300593293
also:0.02165689243327834
worst:0.031457743896303014
staff:0.03512892321991677
are:0.01877113522923286
taking:0.024868248424464272
d:0.013298133010051354
it:0.002502594377664029
not:0.004400802982306313
should:0.011991329505353865
b:0.022342396689884976
has:0.015544152903453299
be:0.00844468988521856
which:0.009429871040273851
g:0.05160586804396353
showing:0.031343243194349
down:0.03451628579493661
end:0.019738929945806637
of:0.0028385486943903453
kept:0.02915164688010346
looking:0.01893346967450105
but:0.009712163828473142
well:0.012283707373382078
loss:0.031064611270954622
they:0.027238529182707843
up:0.009806280075564852
pitching:0.03643116889490084
good:0.02364977885196349
in:0.005187728522466875
and:0.008360527324615837
subject:0.00019486829848188537
al:0.027810322487023587
i:0.005573684883077224
cf:0.04137746812135325
than:0.010442345125689497
the:0.006052031467065389
thing:0.016525054270985082
start:0.020566146626879653
fan:0.0291938393101436
because:0.02576236932692721
pitcher:0.03721290711064075
thought:0.019595521205778923
stewart:0.04043091466654644
is:0.003922228129790714
win:0.049481392753698415
east:0.02972014072548188
keep:0.019338792584860737
their:0.04419514214837121
experience:0.048353617150294126
dave:0.02559324577645688
orioles:0.04390116062797035
going:0.015896464847077973
mike:0.02332417539385185
