school:0.028634050990520514
c:0.02036297397975559
though:0.019571214185910863
mentioned:0.027678453691274314
members:0.02904127801972138
kimbark.uchicago.edu:0.09614851628720732
sound:0.0271746715679404
young:0.029559492339166823
most:0.014618861921000299
jays:0.041730752915362435
hall:0.03606622215445785
perhaps:0.022743791634960986
that:0.005463064967472076
memory:0.026627025402892246
reliable:0.03652829697200187
catchers:0.05155325619304491
re:0.00294441340770213
anyone:0.013172557083790481
espn:0.11808456652116005
1982:0.03987383393235829
age:0.03246290256624899
on:0.003992195474325117
you:0.008752739990688534
brings:0.040859370491051254
bill:0.02437412500544659
impressive:0.041402621447641424
ray:0.03415566036683992
was:0.013944269828368277
as:0.012600222995543597
part:0.01928521348356911
standard:0.02396885464930895
jail:0.043301535280845266
oops:0.04361445125446349
career:0.03805090636554942
frank:0.061672037425994045
literally:0.041165195950234434
wow:0.040784734711881626
it:0.008098947159211936
not:0.004747322902172952
should:0.012935528679003777
catch:0.038156599439030846
have:0.004025595379115377
probably:0.01879703712621424
follow:0.0297400969481676
interesting:0.025732476865522932
ve:0.014371131488404994
between:0.018290282252333902
abstract:0.044052009137572234
his:0.029046126637878058
be:0.0045548130483265455
writes:0.005206790480453247
if:0.005276774958767002
of:0.004593084698403275
piece:0.03393473160467333
seen:0.020413109374979158
they:0.007345823815021604
up:0.021156856226021804
in:0.006995263854113799
point:0.017334928828819374
repeat:0.0370191877639242
and:0.003006278854258188
subject:0.00021021225899227005
legally:0.03942376768165004
however:0.018874794521235534
i:0.003006278854258188
special:0.027525284983189156
research:0.02430969669713998
will:0.008923664133096728
the:0.002967531535389972
thf2:0.09471588985877068
thing:0.0178262396466532
wind:0.03987383393235829
fame:0.045669678225877815
can:0.006807606239667034
law:0.023675914371999732
maybe:0.02084970930978208
an:0.014140128166326562
relationship:0.03594476963220878
makes:0.021991951828755702
ted:0.07065376579289796
about:0.007756032915920248
disclaimers:0.043000580849190166
is:0.002115532495202078
length:0.036399563601911086
recent:0.029906260539252133
else:0.01989411201053588
average:0.030547409912618794
tonight:0.03826373055758029
their:0.011918768650249717
advice:0.030628795812860224
guess:0.02359178947193428
dave:0.0276084619793275
donald:0.043508758180982064
almost:0.023795219923343054
article:0.006380573860760638
u:0.029776720343252093
check:0.026057571374706212
s:0.0048853250461103805
james:0.054481791616331134
