believe:0.020791118472060673
frequency:0.023918245531399242
king:0.04016893306103153
out:0.0056372110003849755
there:0.008782574024661698
your:0.0060283838381878585
4:0.011886456957792722
someone:0.010542861792646028
longer:0.03248048811841316
often:0.014867561666405292
options:0.02165062396496084
to:0.00395655261270095
remember:0.02662798121072949
player:0.037198689311542604
that:0.0016598307437056307
guy:0.0162025394590855
nt:0.006833287576291277
months:0.016247820765453683
need:0.009192354026302566
re:0.001789189008507993
had:0.007341667395608302
he:0.015216585717896988
two:0.008922437476810102
on:0.016981156826196313
you:0.01861527715722992
clarification:0.028475024423016297
taxes:0.06834970388808474
a:0.006013654130439022
lists:0.022665813055600247
want:0.009055492668479338
was:0.004236656144025768
as:0.011484892251918925
old:0.012669440585369972
injured:0.07990097057662648
are:0.0061522620248921096
no:0.016159029705969042
place:0.013011615393858495
it:0.00164045660162666
not:0.008654210649415763
choose:0.019013413824819417
expose:0.028378360751640606
ve:0.008732697124533178
between:0.011114190650939739
determine:0.020873021431478667
netcom.com:0.03080416435139846
list:0.041793711917534636
be:0.0027677572111840733
minimum:0.023451952056993915
writes:0.0031639348852514943
get:0.006288870695172834
down:0.011312753956713674
dept:0.01963305019302296
if:0.009619384015742718
of:0.003721350919918443
park:0.021489197459545292
seen:0.012404138232642836
what:0.004404029200940819
but:0.00318317331220292
year:0.011840960364639483
dl:0.05656722267748045
anyways:0.0270499792368163
latest:0.019934672728482063
please:0.00916466677945098
must:0.01108832740420812
who:0.006186855857578221
now:0.007903896640565762
in:0.0008501421143277056
rep:0.02631241617544186
or:0.0032263706110195467
rather:0.012313318913458675
and:0.0027401728312736115
still:0.019537885954349733
for:0.004670079371943646
subject:0.00012773663584697749
i:0.005480345662547223
period:0.01813880973012735
person:0.040265948886227525
we:0.012897070868076267
any:0.0048961113219560155
alan:0.021055898047843247
than:0.006844982211576369
the:0.006131005344408564
do:0.010310783524973636
when:0.006256815515998737
disabled:0.05567223647641994
can:0.012410038168962393
maybe:0.025338881170739944
put:0.01190171913658746
last:0.010431399770619607
just:0.005619084035721942
long:0.0113890490196583
qualified:0.02758642563930772
is:0.006427574805996744
number:0.011972559083242861
limit:0.02124604316099882
length:0.022118395107381377
maximum:0.023417897187286433
new:0.008248801745854292
economics:0.028475024423016297
time:0.007557463970831165
specifications:0.028099562148176604
questions:0.014469743240409146
keep:0.012676624804430244
periodically:0.028099562148176604
gone:0.01880190142049169
run:0.012807820231518635
1993:0.014495960779952808
whenever:0.022694899400463323
article:0.0038771908149119664
little:0.011221716277026145
players:0.035520324526678394
thus:0.015939497956345958
wish:0.01787596897023339
s:0.00890578393573232
