22:0.01646777312352866
abs:0.025596065504089164
basically:0.015510697819161604
some:0.009229540514888175
24:0.014478591892760712
at:0.006964150296082459
out:0.013970479435736677
hung:0.021634990316419016
ba:0.022722355099995775
stephen:0.016093514938304417
majors:0.023604345421395816
much:0.006905916480474036
though:0.009824285381860393
such:0.030403434046921713
o:0.013837861596046962
blew:0.02211306387538211
starters:0.023138799825916042
members:0.01457803283993919
longer:0.013415853788040218
both:0.00887630072058592
to:0.0010894855020480876
young:0.014838164138633148
most:0.0073383219919645765
jays:0.04189569660277493
hall:0.03620877639222251
been:0.011598738238904657
that:0.008226987164453995
memory:0.013366135281293736
like:0.00920663291311204
catchers:0.025878512002042307
nt:0.0028224448684681363
re:0.0014780257026805158
anyone:0.006612311263404708
espn:0.03951710131274657
had:0.006064855674632945
this:0.004150058801355091
93:0.014470416979464036
age:0.016295607217049885
something:0.00786822655005345
these:0.0065479682731183495
game:0.011747071572768724
on:0.0020039874515386954
performance:0.01498423412488781
brings:0.020510434989579086
etc:0.018358292390974192
impressive:0.020783134086365455
beat:0.017177597538449923
ray:0.017145331488492763
a:0.002207911661417225
how:0.005199063230154641
other:0.005451810228584627
sorry:0.012558959228215906
looked:0.014723332824030374
was:0.010499539139542121
as:0.003162506562122602
part:0.009680719811910186
quotes:0.019207485299654926
also:0.011727250052802896
raw:0.04215210194469709
career:0.019100652602469473
early:0.013844826477443797
it:0.005420639205375051
not:0.007149130536473891
catch:0.019153708018802045
couple:0.012474275868199677
have:0.0020207534116508017
interesting:0.025834186260248318
ve:0.007213967189831755
cs.cornell.edu:0.04411399624885152
between:0.009181287929037175
always:0.01050180275888817
second:0.02173672550713254
edward:0.01786597005289575
his:0.007290233365633425
noticed:0.01603242300851512
found:0.04228490917402367
writes:0.002613685339990365
were:0.018394900760541094
things:0.008832908806878457
of:0.007685398638962002
produced:0.03629112232786089
piece:0.01703443048930242
seen:0.010246896800878865
plate:0.0204358560002337
but:0.0026295779535589338
represented:0.022722355099995775
again:0.009651656672363706
they:0.025812005421162867
up:0.005310120040918516
good:0.0064032009935158065
over:0.007928619575175327
in:0.005618330494687446
context:0.016413995842675777
point:0.008701723167035812
or:0.002665262678668321
weeks:0.01438958452700834
and:0.004527242069060749
for:0.002571927770055921
subject:0.00010552156874315532
twice:0.017827595293500646
i:0.0015090806896869164
special:0.013817040288004042
group:0.03198161187517761
away:0.010944599155429526
actually:0.009661320660478595
than:0.005654550522606565
the:0.00595852181809528
do:0.0028392012604999866
thing:0.008948349545948444
categories:0.023066273586120796
greater:0.016676216981556104
level:0.013915158745429836
fame:0.045850190788035435
major:0.012950308192560442
1000:0.0184688395552683
did:0.006497672108470218
an:0.0035490045002440187
jim:0.013384706509679324
relationship:0.01804342191023919
ready:0.016661973473637928
makes:0.011039438269770649
many:0.007324905247344243
about:0.0038933445862524563
length:0.018271717697402007
horse:0.02143976203448393
recent:0.015012233551324193
new:0.00681422752918398
else:0.009986372432166232
time:0.012486244821373229
tonight:0.019207485299654926
does:0.004816161321492194
fly:0.019576091993277783
fischer:0.022001716535592797
blue:0.015797081531475528
rbis:0.026687976083647102
their:0.005982939203880292
history:0.013126512270161582
first:0.007421165333561427
guess:0.01184251882583262
dead:0.013562379979490655
tedward:0.023138799825916042
dave:0.02771758633497701
almost:0.011944636088002244
article:0.003202896760144668
players:0.1320429455230871
majority:0.03259121443409977
by:0.007829529445194989
s:0.004904634631272871
