at:0.017797272978877395
all:0.009637048794406983
guilty:0.04748926107089266
sharks:0.05823800968298297
to:0.001392120363728112
look:0.02395119519470617
respect:0.04128644635286991
berkeley:0.054912940962189696
franchise:0.0624195833978928
class:0.04008252193605053
510:0.05858635489582306
that:0.0070081742512015524
guy:0.03420536108029162
r:0.03131535117908212
indeed:0.03725497281317794
sometime:0.052609812265569676
re:0.0037771767957390967
oakland:0.05695361397101078
carrying:0.046859532479234724
he:0.01606195159111349
on:0.005121301265043333
a:0.009874271596893702
member:0.04031210022976322
was:0.017888103719219912
course:0.024708604039394136
team:0.032355803724186845
are:0.006494054359608339
those:0.018746622770581416
internet:0.028853878213278852
imagination:0.057259728612377735
yeah:0.03994164085038538
deep:0.045957531088853955
have:0.010328295215104099
proof:0.0422940261787998
color:0.037319516228317036
hope:0.02917637916808127
if:0.006769196159226357
of:0.013748324231920914
style:0.04637198964115559
future:0.035399053780988385
gives:0.036732570462586926
but:0.013440065095967886
never:0.022262012432948088
san:0.04078752963236913
in:0.001794744463580712
indication:0.05290838602558527
or:0.006811226845485711
and:0.005784809310466513
for:0.00985905645188103
subject:0.0002696662312325081
i:0.003856539540311009
any:0.010336235013018256
the:0.006852300090809573
jose:0.0460595623614449
fan:0.040399555408986605
club:0.048812778872977546
uniforms:0.13550719568872494
refer:0.045270790270824326
weiss:0.05894714360897538
is:0.0027138649180875143
win:0.06847425057835034
bandwidth:0.053972633658492614
trouble:0.038533554366569044
whoever:0.050899791492805824
designed:0.03969290299881579
s:0.012534066279919563
