sent:0.10215784856360034
believe:0.06035199667584279
know:0.03427430904606394
cut:0.10169487488345559
with:0.01624520491082076
to:0.007656662000504615
re:0.010387236188282514
he:0.08834073375112418
was:0.04919228522785475
reds:0.16261434322102106
mo:0.31002336252665097
be:0.016068368253818646
writes:0.018368399750487843
down:0.06567682158203217
if:0.018615289437872478
expansion:0.12840957159563077
but:0.01848008950695584
in:0.009871094549693914
use:0.04618832021520411
subject:0.0007415821358893971
i:0.005302741867927637
draft:0.13716182289118342
su:0.17026467599490902
any:0.0284246462858002
the:0.004187516722161405
got:0.06144871726751594
pitcher:0.14161578539327174
rockies:0.16475214991924683
does:0.0338469115093757
article:0.02250924667546114
