school:0.043291958045191724
join:0.05459053607730061
out:0.01402591784619595
there:0.01092594030448985
help:0.025477294286211868
knows:0.04159477870406232
thanks:0.023730793391859083
from:0.010078241124168757
to:0.0032814265716448352
mail:0.03647994648614114
could:0.035931170364906125
me:0.02579973048582249
michael:0.035770180972305825
anyone:0.019915651781445134
cleveland:0.128303645387322
you:0.006616654635818117
medical:0.04789306514486513
letters:0.05583105723837207
m:0.16295413239477047
a:0.0033250098234437974
member:0.04751068955650665
j:0.03635867451820074
copy:0.040673951726944546
are:0.007653706923824113
it:0.01224483677642757
probably:0.02841932994082391
sports:0.11427798299051872
list:0.10398673560434213
be:0.006886443537350849
boston:0.04964020399225643
if:0.023933943562978902
of:0.006944306627347808
mailing:0.10508939937063314
looking:0.06175917489063438
they:0.011106186006044566
one:0.011706082235424076
email:0.032665460225808816
and:0.0022726036576832726
molecular:0.07451882695315384
for:0.007746401497906523
subject:0.0003178209153811702
i:0.006817810973049818
info:0.0350642316594333
the:0.002691975035675189
harvard:0.06694753211124911
would:0.011102971977433047
mm:0.13648158424637433
just:0.013980816231736736
address:0.03800977802301917
f:0.04424084783817676
ma:0.04775259434806567
figure:0.04395830516755659
s:0.007386146200666885
