sent:0.04326685350928956
out:0.01386090704800541
know:0.014516177948921198
all:0.011224327419368131
way:0.040761713401095134
name:0.03249685300976766
to:0.00810705388288724
franklin:0.07300604991523114
that:0.008162461774928865
cubs:0.06500720339982026
like:0.04110490812383552
really:0.022957596978716775
nt:0.00840092413791104
bobby:0.0613897363439619
re:0.004399300032684359
harry:0.1227794726879238
had:0.018051864537436884
he:0.01870744950023806
ci:0.07431458679888084
game:0.03496481303424103
you:0.00653881164010261
great:0.029661772808619726
m:0.0161037024954832
a:0.0016429460304075237
sorry:0.03738137276163087
was:0.010417189812957478
giant:0.06687314493131012
bonds:0.06424792668055472
d:0.02143346143972983
it:0.008067186582116987
references:0.048580795258960745
netcom.com:0.07574200411108563
greg:0.051520807029357914
his:0.02169916519417949
be:0.006805426554558486
writes:0.015559115082766172
what:0.010828730623489779
but:0.00782686143824012
particular:0.039894722918633024
seems:0.02772337752213033
one:0.011568363620889676
star:0.05400972911146357
frequent:0.06339709536785323
watching:0.050112989338109815
and:0.0067376014321904095
for:0.0038276336813185177
subject:0.0003140818457884505
i:0.00898346857625388
sf:0.06705841971917059
the:0.004433841235229724
do:0.008450799045958784
eric:0.09383596424279073
forget:0.045167215710758754
thought:0.031583369472843674
about:0.011588425650845547
minors:0.07101691662059663
hear:0.03898448899128009
smith:0.09265267186979911
spring:0.05601995338278318
training:0.052727155727195385
comes:0.035578545144064846
s:0.00729925036301198
