at:0.03959393314401937
lead:0.04341814199572934
behind:0.0396375550674011
know:0.013863765456834851
braves:0.054001660675364084
much:0.019631425500673386
to:0.003097076764249058
cubs:0.3104276566845349
think:0.016176944129534326
higher:0.04170644846109991
nt:0.008023354513735264
re:0.004201578682900792
so:0.01148101794814517
this:0.005898679082824932
he:0.01786666525303635
rotation:0.061501714045550694
a:0.0015691057593779719
how:0.029558719038856724
as:0.017980093488022885
season:0.08578054895945435
far:0.027970540136195522
early:0.03935664155947507
learned:0.05100893814002199
it:0.007704616398651055
not:0.006774269759280504
morgan:0.13073592610754795
have:0.01148877782354276
atlanta:0.053784883114300276
pitch:0.05607943975956646
be:0.01299912937387576
writes:0.007429914505815307
helped:0.0528910333198963
short:0.03890986365866592
even:0.018866960087258716
year:0.02780630018213092
good:0.01820235788044381
in:0.003992802289763831
better:0.02512602102585846
and:0.00857971717956831
still:0.022940551485725248
enjoy:0.05194095030834503
subject:0.0002999658077754865
idiots:0.0666413190684594
i:0.0021449292948920776
we:0.030286379903684716
top:0.03799586770974511
will:0.025467535840523244
than:0.03214834342066205
the:0.004234567471848612
pitcher:0.057282789597278456
last:0.024496208450106718
is:0.006037587121138515
run:0.030076791330195446
1:0.022005886426120322
fans:0.04621349010727481
era:0.17013404012104355
while:0.04877174170513533
s:0.013942388333843108
