manager:0.047312028191730096
know:0.014865965369377131
saw:0.040932296182354874
wonder:0.044462261539963
with:0.02113833892010412
much:0.0421011293869863
to:0.004981442747316256
everyone:0.03683750310256751
respect:0.049245279384748444
that:0.012538721401246148
cubs:0.06657364203596051
think:0.017346361777452475
believed:0.05266059914276576
re:0.004505307262387597
lost:0.04222296776286567
managers:0.06757823973402137
wait:0.04423373259168817
had:0.036973698450171934
this:0.006325089618932759
he:0.01915823141590645
game:0.03580733864952395
you:0.006696373366370143
seeing:0.048292646571788285
winning:0.056434278353090415
how:0.015847746954567764
richard:0.04501298210576842
let:0.02777274388858825
idiot:0.0638530797620606
also:0.0178734594178261
have:0.012319291883075973
after:0.023243538405601824
writes:0.00796701675924774
if:0.016148202885865284
losing:0.059314692490276
what:0.011089663891525678
never:0.02655348470917904
again:0.029420110097686965
they:0.022479990951993826
in:0.00428143859986724
yes:0.032130673138601074
for:0.003919865818217759
subject:0.00032165008303636504
until:0.06894375241842517
i:0.013799906547859874
the:0.0009081361566133169
do:0.017308865515819196
can:0.010416457740213415
fan:0.048187421511923775
tries:0.06218035151080498
an:0.010818049862189599
jim:0.08159833125178
just:0.028298519601587614
is:0.0032370196010923363
today:0.03420634055178739
win:0.04083705305576315
spot:0.05814241645429047
wanted:0.03668867457284461
article:0.009763046750802423
little:0.0282570927939574
bad:0.033019289719835955
s:0.014950271827855863
