with:0.03773079850255144
guy:0.10923647570802804
think:0.04644348475898565
grab:0.17272464621899655
re:0.012062596863811953
this:0.016934917366819967
wells:0.3923806636662884
landed:0.1800135653380554
a:0.004504852018859339
tigers:0.19264191585848844
team:0.10332982479659669
d:0.058769168463775334
has:0.034347563673759705
writes:0.02133104487153427
they:0.030094181435733666
pitching:0.16100226253552952
david:0.16106098318351575
in:0.005731603286919048
for:0.010495124610066903
subject:0.0008611921578070418
i:0.0061580228143675786
yet:0.08484092718342463
the:0.0024314613225453322
would:0.030085472454979872
did:0.05302938849816017
their:0.04882850382521658
article:0.02613977033279358
james:0.11159979895603313
