at:0.03146303615908682
mark:0.10727228443900678
angels:0.5509950039352088
on:0.018107458044260352
a:0.004987514735165697
gary:0.1515956586972378
daniel:0.15280642839994069
won:0.15434426730924236
against:0.09226002829135166
stadium:0.20472237636956148
and:0.006817810973049818
for:0.011619602246859784
subject:0.0009534627461435106
the:0.008075925107025567
home:0.20924021799009632
snow:0.19503834885168395
hit:0.12784650499747888
today:0.10139736663565546
win:0.12105269298672647
their:0.05406012923506121
runs:0.13399251858726194
before:0.07593550954366586
by:0.035372695529184504
