some:0.0068277010241716615
at:0.005151842178096088
surely:0.02623692472426328
happen:0.01977562705361003
saw:0.01986772270839447
with:0.0034200431391201596
indicated:0.030689944750797914
from:0.004950714938188161
reach:0.025487154789651335
to:0.002417893263317247
look:0.02773296285702819
areas:0.024071652952829446
day:0.01487311716820393
that:0.008114728080338638
like:0.006810754757360662
consider:0.018832538471176566
re:0.0021867865659542136
anyone:0.009783127190885327
this:0.003070072739014146
93:0.021409447343885387
opening:0.05749528324402138
apr:0.02179653963180116
on:0.002964963890288245
you:0.003250286487770303
sam:0.057666029436081644
assume:0.020301102662509802
more:0.007435198981407753
a:0.0008166690794423363
season:0.02232300835494572
baseball:0.13148336281013362
usa:0.02131357711127909
given:0.016302851223282344
section:0.024033679097212206
are:0.0037597156818785114
those:0.03255992375943088
kevin:0.05269663535461655
d:0.010654059779982662
reason:0.015626970315839345
not:0.017628947619180258
should:0.00960708855107298
relation:0.032801133905986976
date:0.020922802279434636
terrible:0.029613900055026336
secure:0.024998572507368044
be:0.006765628738449957
writes:0.003867031526418493
if:0.007838016605419992
of:0.005685397238764288
future:0.020494189031098536
available:0.01579569489949842
what:0.01076540471341089
but:0.007781090318718248
treat:0.028221172898866134
robbie:0.10886867092622188
stadium:0.134087170487666
gmt:0.024779522434064533
they:0.03273402191255241
up:0.007856493393873594
now:0.009660318116247043
in:0.007273438089248148
po.cwru.edu:0.05576522324312521
watching:0.02490996546046394
and:0.001116366709037397
for:0.013318374505172618
subject:0.0003122451098481672
i:0.0033491001271121917
6:0.017183331184556692
games:0.01947292568192237
champion:0.03767194749040279
any:0.005984136060168463
actually:0.014294234661409852
will:0.006627516636861312
the:0.005730286040852449
see:0.020694570308902642
would:0.01636227449305923
did:0.00961351487393547
joe:0.06981524959513923
imagine:0.023027710844833113
just:0.006867769376993484
people:0.008802766901012383
worry:0.025709725326635808
is:0.0031423699051539634
printed:0.028458284561990982
picture:0.07176364497711228
today:0.016603077577768143
seats:0.0979021144821003
marked:0.032236064691431005
notice:0.023613832945055813
him:0.014014709376393613
grain:0.03628955697540729
words:0.03868841089482309
diamond:0.029279640324968156
article:0.004738788773781292
initial:0.026939523039129144
