some:0.006210302527305075
at:0.00937196821760033
out:0.006266899463193936
jumped:0.03286988700208184
mark:0.03195344642864032
say:0.010093324331210338
know:0.013126331124024487
returned:0.025262501072948248
all:0.005074828886416442
where:0.01965379572589108
braves:0.05112923191603621
your:0.006701767139262035
with:0.003110783919093337
much:0.009293600369999634
o:0.018622228637233413
mss:0.03154828402708982
alot:0.026936047390476083
from:0.01350913171963046
surprise:0.02588492904308754
to:0.0036654232981139117
russ:0.05982545422707368
recall:0.04160484271354279
then:0.00848872526476491
young:0.019968380463160566
next:0.014246702253984975
that:0.0018452373693323234
playoff:0.024764439344044032
think:0.0076582341889816765
catchers:0.03482586987508885
nt:0.003798290168736375
anything:0.012347027395315976
re:0.0019890452275434603
started:0.017442791893558005
so:0.01630548825614234
off:0.011614135361469949
he:0.08458155359150188
big:0.014764790180146582
on:0.008090566360201435
you:0.005912755206475764
books:0.019418818686415748
tell:0.01281928220011943
how:0.006996611687388959
was:0.014129698948426365
as:0.004255926384133076
aa:0.06353084459162917
part:0.013027777193687645
baseball:0.01993231829834472
singer:0.03023519850617745
career:0.025704601640557323
step:0.022125109761608253
no:0.0119760184700267
d:0.009690660757324656
it:0.0018236990943615529
have:0.0027194181550407068
traded:0.028190455426867177
being:0.020700041807714342
keith:0.020959931218721632
moved:0.047431971699276
left:0.015555346720747668
after:0.010261774934388039
atlanta:0.05092398507630558
walk:0.024419292417417037
mitchell:0.08599074105746049
netcom.com:0.03424505505022488
his:0.019621585547928262
writes:0.003517353143710438
down:0.012576412643367861
of:0.002068516867720624
even:0.017863398380489635
but:0.0070774810877703214
year:0.026327241661804807
well:0.017902850108014307
continued:0.02539466063989788
now:0.02636033613635496
good:0.008617073677444144
george:0.021182522229016846
one:0.005230377169019269
in:0.006615733581177836
point:0.011710297666276919
or:0.0035867630728887516
rather:0.01368874283464289
and:0.0020308373111212227
300:0.022125109761608253
i:0.005077093277803057
away:0.014728636097466332
back:0.01120402510674222
will:0.006028219919698321
than:0.0076095812884013885
the:0.0036083920690965303
wrong:0.014060755621435429
do:0.003820839994183493
club:0.025704601640557323
because:0.009386820738800606
did:0.017488415355776228
mad:0.02796879214814075
last:0.011596609319465413
an:0.004776053928519876
about:0.010478895535339058
minors:0.06421742460373099
hit:0.01904096882941175
is:0.0014291097175035314
cards:0.02093094395931969
handy:0.027914790172268316
right:0.01031847656271436
does:0.006481323480518751
stat:0.03085132518450257
x:0.016197659518862245
smith:0.04189083568581343
him:0.012747421826400573
article:0.0043102812782797924
very:0.009272566445656634
assistant:0.029758538087615284
close:0.018483580937077342
going:0.011584125978987673
fit:0.021624723826055195
doubt:0.018511022866917914
s:0.00990057894983008
1991:0.02309490527646971
