school:0.02272827797372566
at:0.011012062655680388
all:0.005962923941539321
guilty:0.029383980287614832
c:0.016163110596431
though:0.01553465126006675
mentioned:0.02196977261744899
sharks:0.03603476849134571
kimbark.uchicago.edu:0.0763178848029708
to:0.0017227489501135387
sound:0.021569895557052694
look:0.014819802026724442
80:0.024979135171645683
respect:0.025545988680838256
helmets:0.039122384150405774
franchise:0.03862211722744617
enough:0.015200928293358727
class:0.024801060447931265
make:0.011000503020935649
that:0.00650446172689644
guy:0.021164567168430435
indeed:0.023051514428153848
really:0.012196223394943287
sometime:0.03255232133932123
me:0.006772429252528404
re:0.0023371281423635658
oakland:0.03524004864456292
child:0.024783528879633712
he:0.009938332547001471
on:0.003168805157745562
you:0.0069474873676090235
m:0.00855509195072545
a:0.006109705550577978
member:0.024943112017165994
was:0.011068264176267321
standard:0.01902527837788898
jail:0.034370593629170935
course:0.01528844874937512
frank:0.04895217970688278
team:0.02002015355434061
are:0.0040181961350076595
those:0.011599472839297251
imagination:0.035429457078908724
yeah:0.024713890276175952
deep:0.02843622236122838
it:0.00428569287174965
should:0.010267575888959247
have:0.009585948996518491
proof:0.026169428698132376
probably:0.014920148218932554
follow:0.023606201952608034
color:0.023091450666271163
hope:0.018052884610250283
liked:0.03175579042327048
his:0.011527681509407854
sun:0.02267807690061776
writes:0.0041328899438597645
if:0.008376880247042617
of:0.008506775618501066
style:0.02869266859046502
future:0.021903164526986565
gives:0.02272827797372566
but:0.012474060417195192
san:0.025237283960028403
up:0.008396627314702405
in:0.005552490684202827
indication:0.03273706385333088
and:0.003579350760851155
for:0.0061002911796013875
subject:0.00016685598057511437
legally:0.03129261559730972
however:0.014981868151230707
i:0.004772467681134873
any:0.006395545414305046
will:0.007083158405645528
the:0.006124243206161056
thf2:0.07518073757539923
jose:0.02849935421114403
wind:0.031649855683809396
fan:0.04999444981862092
club:0.030202906927654857
law:0.01879275703277479
uniforms:0.12576761599859781
maybe:0.016549456764639526
refer:0.02801130148007255
just:0.0073399285216617875
weiss:0.036473545108053514
nicely:0.03375280716269198
ted:0.056081426598112764
disclaimers:0.034131711049044694
is:0.0033584078361332988
win:0.04236844254535427
trouble:0.023842636764314595
whoever:0.031494245986173605
advice:0.024311606676457806
designed:0.02455998373051727
donald:0.034535076806154516
article:0.005064580501978756
u:0.023635271772456348
s:0.015510907021400459
james:0.021622461047731422
