believe:0.015858918834528033
at:0.012860803101524541
out:0.008599832840003357
attitude:0.03209024110112937
became:0.031574069387272446
with:0.004268812969266769
someone:0.016083635873452698
from:0.0061793595213881424
both:0.032784001201580114
my:0.006935870520659133
most:0.013551791707788597
day:0.03712851147099083
that:0.002532150550616619
pitched:0.08416880231555202
me:0.007909406426310545
oakland:0.04115626119073041
anyone:0.012211056566725482
this:0.0038319886012512334
agrees:0.043006253167442374
he:0.011606811733724345
opening:0.0358820928274732
something:0.014530374577835932
game:0.021693497138032754
certain:0.024060693370514665
on:0.02220476606887401
deserves:0.04115626119073041
great:0.018403289698778663
more:0.009280430845406758
a:0.0020386921545202845
same:0.014175863872471623
was:0.0064632199569444205
as:0.005840249344649769
season:0.027863025026976046
baseball:0.054704756789617635
usa:0.026603078000209668
given:0.020348814300593293
also:0.01082844621663917
section:0.02999824179287071
are:0.004692783807308215
base:0.028114130331482124
kevin:0.032887316224961424
reason:0.01950519652560969
it:0.012512971888320144
not:0.008801605964612626
expense:0.040332936415946874
made:0.01697503322567884
ve:0.013322143788521418
against:0.018856064176334647
has:0.007772076451726649
his:0.0403889571132538
which:0.009429871040273851
noticed:0.029607321322294346
6th:0.04344000076211975
of:0.004257823041585518
ryan:0.032444800737250215
seen:0.018923101391404035
looking:0.01893346967450105
what:0.006718555496325775
but:0.004856081914236571
robbie:0.09059144879992186
lately:0.038380532290879274
stadium:0.08368213924595214
seems:0.034401271377825955
they:0.006809632295676961
net:0.02419812032772615
in:0.007781592783700313
thoughts:0.031343243194349
and:0.004180263662307919
for:0.0071244276550089195
subject:0.00019486829848188537
i:0.004180263662307919
imo:0.07721494176526265
any:0.007469250118896403
the:0.004951662109417137
did:0.01199935068206544
joe:0.058094441268947965
last:0.015913595270507282
just:0.01714435859074286
is:0.001961114064895357
printed:0.035520924526280716
picture:0.02985786688828759
today:0.020723549385389436
having:0.01910139702496614
lot:0.018091630571280225
notice:0.029474200245288643
words:0.024144957164287405
players:0.027093970168159797
playing:0.029236277046387538
by:0.0072294560205632555
7th:0.04023625592872045
s:0.009057463954102457
