at:0.013765078319600485
braves:0.07509605937667818
with:0.009137927762336677
clark:0.07835604164404268
single:0.05080354172675586
to:0.004306872375283846
line:0.04412193357509357
look:0.0370495050668111
might:0.03323570524810072
that:0.0054203847724137
cubs:0.17267538403077257
walks:0.08956603966168315
re:0.005842820355908915
michael:0.046948362526151394
so:0.015965790584139376
wade:0.08982431000467081
this:0.008202850599553422
two:0.02913733488520799
game:0.04643764231110137
on:0.007922012894363905
beat:0.06790519026918486
a:0.006546113089904977
j:0.04772076030513848
no:0.017589777127851716
it:0.005357116089687062
left:0.045693830992196274
netcom.com:0.0502974246050178
be:0.00903845714277299
6th:0.0929887516314126
er:0.08592648407292733
writes:0.010332224859649412
hitter:0.1649610065954124
of:0.0030381341494646664
outs:0.09035402174960334
breaking:0.07899388530842168
what:0.014381907859322363
year:0.03866813619077581
up:0.02099156828675601
pitching:0.07798547091564711
in:0.0027762453421014137
and:0.0029827923007092957
subject:0.0004171399514377859
6:0.04591171300873741
the:0.0023554781562157906
jose:0.07124838552786007
hits:0.07738673866092624
7:0.04986763326455165
1-0:0.0953973560037135
win:0.052960553181692835
2:0.030443899251490762
1:0.06120387162264714
article:0.01266145125494689
takes:0.055873435218432355
april:0.05315865409200175
by:0.01547555429401822
s:0.019388633776750572
