another:0.022860879694727616
79:0.057243721251264354
nichols:0.11184040813864814
ever:0.02725177378175114
with:0.00602914821432523
my:0.009796023312683519
nl:0.054747432055337907
to:0.0014208238763822997
like:0.012006588283594568
really:0.020117481888566244
nt:0.007361634553839572
anything:0.02393032113731344
re:0.007710113459343722
barry:0.10841511183196827
he:0.016393125850724076
big:0.028616294369768633
set:0.027313552413669288
am:0.016848828419601707
why:0.018347655465505222
a:0.0028793899501987526
factor:0.046649282563678514
vote:0.04695704507037626
was:0.009128465300014285
red:0.03724349438085104
said:0.022592833285190024
blood:0.04305849190111959
rich:0.0468020154068243
are:0.0066279523876415
those:0.019133151075129487
reds:0.12070343001972698
reason:0.027548576536170388
have:0.010541249755621708
won:0.04455298437792563
only:0.013747796270817387
ve:0.018815811330179736
indians:0.056429407732515584
west:0.04204030205913597
sherri:0.11995358168630688
without:0.02316711840002572
be:0.005963518114819292
writes:0.013634276103454893
were:0.015992817499714422
if:0.006908767214055766
seen:0.02672644217136446
never:0.02272102299857588
particular:0.0349592932792145
75:0.04811289350461034
they:0.009617728087708697
who:0.013330442002410807
adobe.com:0.16457665439604102
news.duke.edu:0.059794320976149305
in:0.005495248512200737
for:0.003354111988784268
subject:0.00027522635971152884
i:0.0039360558194926785
person:0.02891953029973042
ugly:0.0565607378951695
snichols:0.12400946404189563
felt:0.04654870344053043
yet:0.027114110749341894
the:0.005439454711261207
would:0.009614944805199753
thinks:0.04669994251009532
once:0.02766011541159697
eric:0.041113695673387685
uniforms:0.34575289621607647
win:0.03494304539823032
new:0.01777319139055203
pirates:0.05926552412679311
their:0.01560498575857437
goes:0.033227084494749246
article:0.016707894439517545
