22:0.019288641667836812
some:0.0054052633108025655
leagues:0.03105373234533279
at:0.004078541724326069
out:0.010909047213707961
majors:0.13823841184289679
coffee:0.02638872998208102
nichols:0.025112313864464976
performing:0.02564368198757807
braves:0.044501368519512995
though:0.011507149081530924
cup:0.0202743916550714
unusual:0.0232166049315682
subsequent:0.02564368198757807
name:0.012788113452917828
ground:0.017948859552765466
to:0.0057424965003784615
recall:0.01810581118089362
player:0.017996588116000935
then:0.007388334952665755
rookie:0.027017440820780378
might:0.00984761636980762
been:0.020378338711408876
that:0.004818119797701067
like:0.005391847516243857
nt:0.00661183844187443
brought:0.01793700390062809
so:0.009461209235045556
ps:0.02085908482786905
had:0.014207485978538287
derek:0.025520217880716213
this:0.004860948503439064
age:0.01908698437922973
he:0.007361727812593681
big:0.012850835897534987
certain:0.015260717554446801
on:0.0023472630798115272
numbers:0.01633214074536434
am:0.007566372021765581
ages:0.025770529090300823
state:0.012304228643243592
came:0.013975586724434937
bill:0.014331082757832023
more:0.005886199193614472
a:0.0019395890636755486
below:0.0171846014492495
test:0.016555091916572548
was:0.020496785511606146
as:0.007408464446453874
expectations:0.027745151855606363
steve:0.014847934476085123
standard:0.01409279879843628
immediately:0.019549534892610566
pointed:0.020026145861371872
let:0.01067193399422604
also:0.006868042276294288
hypothesis:0.026035151376596878
organization:0.01773996864868922
career:0.022372523650114707
poorly:0.026692421104700523
are:0.002976441581487155
sake:0.0230707777692563
early:0.01621639397589482
play:0.014823695522131673
it:0.0031745873124071474
not:0.008373750119110623
have:0.007100702960384067
hurt:0.04176279267829318
cm:0.028729232605530775
whose:0.017327691900467446
craig:0.02113419325597461
struggle:0.025056868535544993
has:0.004929511453178477
his:0.03415609336120846
sherri:0.026934021813823532
anybody:0.01407219974496618
stats:0.021502793385440772
writes:0.0030613999584146404
prior:0.021278131159076605
were:0.007181959710519903
of:0.0036007515845507157
arizona:0.026035151376596878
but:0.003080014917825973
tend:0.019720389322867286
year:0.011457225538007647
dl:0.0273670128231329
younger:0.026244042280673126
initially:0.025056868535544993
pete:0.024068099552683613
well:0.0077910551395988185
they:0.012957217007051994
who:0.005986355899230779
adobe.com:0.02463570289570367
up:0.012439447873633191
pitching:0.06932041859168632
good:0.007500045608145829
damaged:0.026244042280673126
bob:0.01705557876865324
in:0.0008225912124744929
5:0.012031818920915198
or:0.0031218123041809502
douglas:0.02088139633914659
and:0.005302741867927637
for:0.006024978942816185
subject:0.00012359702264823285
doug:0.020007590206753637
i:0.003535161245285091
example:0.01301555159147178
snichols:0.02784471762051823
directly:0.016817131136557313
stanford:0.027017440820780378
than:0.0066231540843493565
the:0.00279167781477427
do:0.0033255459208634103
when:0.006054048346498777
can:0.0040026203353597835
agree:0.013965533235946476
did:0.007610699275198913
may:0.00861585892333255
during:0.027114532498171022
people:0.006968857129968135
relatively:0.02064169138764789
affected:0.023405595646939756
is:0.001243854754123444
argument:0.01629046963027649
bone:0.1164398581672522
handy:0.024296206261048347
time:0.007312546156961637
their:0.007007794530470898
define:0.019790536568333034
talent:0.02478918533698562
campaign:0.02389337581202228
smith:0.03646054217098576
very:0.008070567091590033
little:0.010858049545826223
players:0.034369202898499
era:0.023367175263538386
initial:0.02132712240597724
bad:0.012687967809011037
by:0.013756048261349529
seem:0.012776447013406193
s:0.005744780378296466
james:0.016016637813134383
