library:0.021583033977841132
another:0.011430439847363808
sent:0.018957126537575322
obvious:0.019828084092278413
looks:0.017644873579246857
health:0.021476013403364698
at:0.009082113530458052
say:0.009781159661172904
there:0.004730819513284265
von:0.0308915092825308
swing:0.030175857504931746
4:0.012805512908137522
into:0.009230947953517456
surprised:0.022683931402057933
turn:0.017636485230487192
wrote:0.013276159663365263
post:0.013312256723872064
aaa:0.030782986554706914
to:0.00213123581457345
obviously:0.01897883031353586
gm:0.02537690451903561
look:0.012222517135442838
h:0.018212278991208846
might:0.010964356370507453
next:0.013806082596645232
been:0.007563094779491955
make:0.009072579811080946
that:0.001788168172342664
think:0.007421381585198738
bit:0.014046825763173709
bay:0.02470744533645101
like:0.006003294141797284
need:0.009903103048954826
sarcasm:0.030081274315920423
re:0.0019275283648359305
so:0.01053412986994763
national:0.0335481847936857
baby:0.025727165662893892
apple.com:0.02834688134364613
this:0.010824380172606576
he:0.008196562925362038
md:0.025808342760667808
something:0.010261140810121252
you:0.002864943244374855
tell:0.01242280955475491
inc:0.018871213895898978
imho:0.02231789513585593
more:0.019661118955990608
a:0.0028793899501987526
was:0.004564232650007142
old:0.013649036506919196
season:0.019676466127297516
let:0.01188215331315889
160:0.029897160488074653
course:0.01260902989639185
career:0.024909613960952457
giants:0.05520066013184426
hitting:0.024740594255679312
pat:0.020892475420741134
no:0.005802813073105721
hey:0.05960008740666757
it:0.0017672960295874844
not:0.006215567098721287
ab:0.0269483499261844
area:0.01653848992092447
42:0.025084364227321947
chuck:0.15412230922142356
his:0.009507366193326065
list:0.015008394829492677
be:0.002981759057409646
stats:0.02394125449100622
14:0.019246664019364267
writes:0.0034085690258637232
down:0.012187451427593598
were:0.007996408749857211
if:0.006908767214055766
end:0.013939347435956232
of:0.0050113552980860475
even:0.025966383212876688
opinion:0.01705830703395716
what:0.004744546922663047
year:0.012756498537163154
years:0.011493687747321615
never:0.01136051149928794
again:0.012586954320144422
eh:0.025687051536903923
quinn:0.06712263806542092
who:0.006665221001205404
good:0.00835056624412113
over:0.010339900786182256
one:0.005068612926678466
in:0.003663499008133824
better:0.02305377186908663
and:0.004920069774365848
subject:0.00013761317985576442
i:0.0039360558194926785
medicine:0.02284254819930924
improve:0.024449659663385744
than:0.014748466827004755
the:0.005050922231885406
see:0.009120545161913279
when:0.006740589911565649
protected:0.04846842109297291
arm:0.025808342760667808
regime:0.029381266371801548
pitcher:0.026279217908029808
cosmic:0.03159550688565322
decisions:0.025647247175595102
is:0.0069245522394501
done:0.013652904904230405
new:0.008886595695276014
average:0.019997531231456634
time:0.008141803968575844
does:0.006280870176997552
2:0.010043348206677365
batter:0.09234895966412075
article:0.004176973609879386
chuq:0.07167761489303988
three:0.015043752610682849
past:0.017028424984037956
going:0.011225854041493209
by:0.015316012497172671
mike:0.016471196025555173
s:0.022386876113361483
