another:0.010870124168571464
manager:0.019249501666243125
feeling:0.02140508260092903
at:0.004318455943404073
there:0.0044989165959664085
all:0.0046768030914033885
knows:0.01712726181931978
ahead:0.0423690145554783
situation:0.017275158278306856
where:0.009056160775655695
your:0.006176138344025797
with:0.005733601733230856
much:0.008564690537058488
ca:0.020162241138160012
into:0.00877845050481562
single:0.015938366031923407
to:0.0006755878235739366
day:0.024934343487871293
enough:0.011922296700673511
teams:0.020274461459667437
that:0.003401025739553694
cubs:0.08125900424977532
think:0.007057588370238016
uxa.cso.uiuc.edu:0.021855908528097767
like:0.011418030034398757
nt:0.010501155172388801
re:0.0018330416802851497
wait:0.017997057868186853
so:0.005008875477377059
harry:0.025579056809984124
ball:0.021855908528097767
this:0.005146886650700186
ti:0.018571867922802267
he:0.038973853125495964
best:0.011937137646869775
game:0.029137344195200858
on:0.00497067475724794
you:0.008173514550128262
tell:0.011813848302070848
score:0.023655983165226022
why:0.00872413029487258
more:0.006232446205003558
sure:0.010696294216466683
a:0.004791925922021944
richard:0.018314105464601854
other:0.0067613136658427
looked:0.018259819629802377
was:0.004340495755398949
prophet:0.027086334749925108
steve:0.03144268477288614
said:0.010742670728742314
idiot:0.025979439314956027
also:0.01454408952627026
straight:0.019591478565996613
it:0.006722655485097489
not:0.002955441218509632
should:0.008053000697222939
have:0.0025061304566061414
made:0.022799799528607854
against:0.02532628227605732
stated:0.019029877759302743
terrible:0.024823416222595606
after:0.00945692984149486
doing:0.013140700515516251
returns:0.025876236328692143
be:0.01134237759093081
5th:0.028976837106846603
writes:0.003241482308909619
get:0.006443009682799619
hitter:0.025876236328692143
down:0.011590027338005677
making:0.015071603876825507
of:0.0009531401253222482
totally:0.020193702453767903
looking:0.012715124242189431
what:0.004511971093120741
but:0.0032611922659333834
must:0.011360100134703418
who:0.006338494481538472
up:0.013171180101493967
pitching:0.024466030091183408
called:0.013148306352238891
in:0.004354894654276727
point:0.010791842947353239
watching:0.02088041222421242
and:0.005614667860158675
gets:0.016359393835258845
for:0.003189694734432098
subject:0.00013086743574518774
each:0.012480438222355957
i:0.0037431119067724496
we:0.006606587773107696
back:0.010325278039546752
news.cso.uiuc.edu:0.022478456031829665
games:0.016322893586317284
actually:0.011981931995593552
will:0.005555418357369041
than:0.007012751383428731
the:0.005542301544037154
thing:0.011097708015318414
jose:0.022352434675407082
when:0.012820337674938587
sox:0.025927566230002412
would:0.004571811990707725
because:0.008650599504384873
agree:0.014787035191002152
extra:0.019042527987702212
bat:0.025298868506847122
stone:0.048780058353582845
sandberg:0.031916156335028575
an:0.004401461463537925
jim:0.016599660524259163
about:0.004828510687852312
claimed:0.02086201835353325
is:0.006585113404182939
yesterday:0.021550799170856488
itself:0.01648556784605088
spot:0.023655983165226022
does:0.005972984384007477
lot:0.012149771511104857
run:0.013121737394055857
innings:0.02809914969778295
too:0.00957116601894361
infield:0.03157795598460234
count:0.04179775075034128
change:0.014568672097600429
article:0.003972220001551965
going:0.010675567078674914
understand:0.014687045406547321
by:0.004855075856946892
says:0.012554052668762588
s:0.009124062953764975
