yankees:0.1681166475728218
say:0.01860338210066219
there:0.008997833191932817
percentage:0.044172179635487405
take:0.02084067774838925
tony:0.045321025269046154
hand:0.030953327994634055
way:0.016984047250456307
hell:0.03346451886746957
to:0.00405352694144362
remember:0.027280627809031687
80:0.039182957131993226
jays:0.1039177572598241
might:0.02085377584194555
through:0.023230032294361047
re:0.0036660833605702994
michael:0.02945779609484009
had:0.03008644089572814
best:0.0954971011749582
on:0.00994134951449588
winning:0.04592201081673043
speaking:0.04132822832186663
other:0.0135226273316854
as:0.007844256472715867
baseball:0.07347599686448643
based:0.02961669619510336
team:0.031404162438181345
no:0.011036722903750096
probably:0.04680830813782762
won:0.0423690145554783
60:0.0399182282293237
second:0.026957801731884966
alleg.edu:0.05896528437286214
has:0.010438965430260305
be:0.017013566386396214
writes:0.006482964617819238
soon:0.035264643500386966
if:0.0065701021545432284
of:0.00571884075193349
but:0.006522384531866767
again:0.02393989351086292
who:0.012676988963076945
up:0.013171180101493967
in:0.006967831446842764
and:0.0018715559533862248
subject:0.0002617348714903755
forced:0.04450779896531331
i:0.0037431119067724496
games:0.03264578717263457
20:0.030831689690251175
any:0.01003222810087066
the:0.0096066560096644
do:0.007042332538298987
would:0.00914362398141545
record:0.15124111361712136
blue:0.07836591426398645
history:0.06511779616374276
guess:0.029374090813094642
too:0.01914233203788722
article:0.00794444000310393
lifetime:0.1102665234773515
s:0.01824812590752995
