out:0.00998455168712254
there:0.0077777880133656566
know:0.010456568861511032
sector:0.04518848216952697
way:0.014681125589377486
motorola:0.04129904324529689
though:0.02106393391195491
from:0.007174341139238776
sell:0.029492138126953962
to:0.0058398269495374185
matthew:0.0363243418713686
thursday:0.044221420247769164
trip:0.043581525734988275
make:0.01491593629957376
toronto:0.10212966852052328
re:0.006337974623358823
so:0.008659411842245085
cleveland:0.18266959682262796
sunday:0.03786289826132939
on:0.004296684959654999
communications:0.03575493979943809
m:0.011600124678949763
as:0.00678062847641541
season:0.03234944431098066
private:0.030082043420970775
town:0.07549201140177172
are:0.01634520461698031
those:0.015728098765148815
18:0.03276906350189067
it:0.0029055544893217965
systems:0.025427263731208564
bank:0.08070671250061984
always:0.022516577101683963
anybody:0.025759280889090637
be:0.014706642130613679
writes:0.0056039185679454435
get:0.011138762502467139
if:0.017037722536357863
end:0.02291723222521618
of:0.0016478015725910056
available:0.04578074284430898
they:0.02371829553833247
who:0.010958075205371596
in:0.009034561113279178
and:0.004853356963865973
for:0.0027571937534921526
seriously:0.032855539520316446
subject:0.00022624539738998556
doug:0.07324812685862349
until:0.02424716716410715
i:0.003235571309243982
info:0.024960978469427096
will:0.02881284775177842
than:0.012123739679825942
the:0.003832642423673151
leland.stanford.edu:0.08554762469363206
many:0.01570509345405164
dates:0.04741190813959045
15:0.028320429932039353
is:0.0022768866685649483
either:0.021216633111130152
division:0.03358107979762994
tickets:0.1901353863702974
easier:0.03539553995261526
does:0.010326176392690891
illinois:0.04084084645487082
16:0.02955078594767069
fans:0.03485593745379202
article:0.006867227799293229
april:0.08649543716664693
going:0.018456065119065106
playing:0.06788762636195073
needed:0.02826968381471204
doubt:0.029492138126953962
