since:0.030781871129287406
at:0.013553307883914324
take:0.03270383277439544
chris:0.11805376132059385
active:0.06873572299749028
service:0.05603986505351297
from:0.013024188529695009
to:0.0021203064001397397
family:0.06062257029414873
perhaps:0.044437869809846854
she:0.051002192075361275
that:0.0053369942374534894
technical:0.059026880660296925
r:0.047695688718909696
master:0.07316160103520998
so:0.01572016303669108
had:0.047212568790219546
this:0.00807665289802183
on:0.007800135772912153
theodore:0.08363663315779661
bill:0.047623290395257194
a:0.002148467885917531
as:0.012309448618723361
secret:0.06148710196097398
red:0.055578753152962325
military:0.059566747118931854
team:0.049280377979915344
no:0.017319165172038613
place:0.041837347958714244
foul:0.09546944988914843
left:0.044990848976931716
agent:0.07654716849331462
after:0.02968021057946079
call:0.04087624766151858
soldier:0.09155815545246779
his:0.02837583140777318
be:0.008899403955961097
which:0.01987526665411566
of:0.005982787248176574
duty:0.077398708417671
least:0.03704095973394588
in:0.0027335338752998537
will:0.017435466844665914
the:0.005798100076838869
when:0.020118068351442094
sox:0.08137266939877681
fan:0.061531630545994975
her:0.050867827768149666
an:0.013813817516334412
ted:0.06902329427460033
clinton:0.05638701982262204
replaced:0.0665484231700973
hopes:0.08818810058996496
resulted:0.08500941983053419
by:0.030474937686682035
grounds:0.07830015709868722
s:0.009545173551631052
