some:0.01716965992843168
week:0.050703511829493876
at:0.01295536783021222
mark:0.08834188130271148
louis:0.06931178952349941
know:0.03629044487230299
all:0.028060818548420328
with:0.008600402599846284
o:0.05148498505588061
from:0.012449591976914347
russ:0.16539978521602725
young:0.05520669892756157
make:0.025883536519848583
nt:0.010501155172388801
could:0.02219278169597143
me:0.01593512765300801
anything:0.034135899269403
on:0.022368036407615734
a:0.004107365076018809
how:0.01934357348866359
was:0.013021487266196848
being:0.028614763675369824
decent:0.0662582694532311
allen:0.0655004216574196
fill:0.07106566335918789
but:0.009783576797800151
who:0.019015483444615417
up:0.0395135403044819
george:0.05856344380963481
in:0.005225873585132073
st:0.05642275357234265
ended:0.07305739822529236
or:0.009916344966221843
and:0.0028073339300793373
i:0.008422001790238012
we:0.019819763319323086
any:0.01504834215130599
see:0.026020378844282002
did:0.07252548721071907
last:0.032061214000874964
an:0.013204384390613775
watson:0.08751882506485892
about:0.02897106412711387
trade:0.06204533671078963
deal:0.04847522046706631
somebody:0.05581953269815816
x:0.044781764552148565
smith:0.1158158398372489
give:0.034753474578764806
assistant:0.08227360530105403
vacation:0.0869305113205398
s:0.009124062953764975
news:0.045130537002403215
