some:0.005867019473031931
believe:0.010917949147388646
week:0.0173258231377165
at:0.004426959861580056
say:0.009535401880741425
played:0.020382929754544348
honor:0.027079161338027763
all:0.009588621413530564
where:0.009283702503687244
your:0.00633131769940333
with:0.005877662078286908
much:0.00877988376663282
4:0.012483766352656678
contract:0.05106458761530932
often:0.015614675317983448
suggests:0.02477610812454764
my:0.004774946036835685
to:0.0027702495680217705
signature:0.025120167417399208
matt:0.024666464670303225
everyone:0.015364385716146248
near:0.018114451143123243
camp:0.028888220303009707
matthew:0.02153905698905274
might:0.01068887002953993
family:0.019801342055877722
that:0.0034864786475826814
really:0.009806008759753397
signed:0.024850555791809656
nt:0.01435333772306409
could:0.015166926184181482
me:0.005445169248264044
re:0.0018790980039104048
michael:0.015098970862681856
so:0.005134726620024724
this:0.0026381027053840153
he:0.03995309566633757
something:0.010003323201826748
on:0.002547783041403467
you:0.005585919491544944
ownership:0.0267402604295075
bill:0.015555346109003604
m:0.006878465890030513
more:0.012778080661514833
a:0.00280704346903798
hard:0.027178225151512657
want:0.009510542551317495
million:0.019665885724277077
was:0.013348660313086215
as:0.008041348343889632
steve:0.016116350989117522
jack:0.0214811854209042
sake:0.02504164823195659
play:0.032180082741511976
care:0.0318192657414462
place:0.01366546541365038
it:0.005168674820200582
not:0.006059397071115225
hurt:0.022665234217365143
money:0.03115798760531789
per:0.017772990530517674
second:0.01381756671684556
strongly:0.023452013416820117
has:0.005350625496917342
his:0.03707395058302024
be:0.0058136809762559935
were:0.007795493957147232
making:0.015450287391318611
if:0.010102770147187074
whatever:0.016607842104288256
of:0.0029312651090312356
america:0.01978763092696715
piece:0.02165683876278147
what:0.013876011602964288
but:0.0066862635402051285
year:0.02487196699708193
years:0.011204901623017053
least:0.012098805943248655
fact:0.012051593611200197
well:0.00845662266408716
shut:0.02371425338250138
they:0.004688038314109265
up:0.013502114274898338
jackson:0.026271255706933536
now:0.008301077376272585
35:0.022689569013725888
in:0.0035714512943616178
point:0.01106299478020131
or:0.00338849978745269
and:0.00863360987541987
gets:0.016770433881370877
for:0.0016349189091058995
subject:0.00013415556227144873
legally:0.025159891937535452
until:0.014377717212887659
i:0.004796449930788818
bullshit:0.027700336996154283
appreciated:0.017008854870232376
we:0.006772582440773719
ago:0.014377717212887659
actually:0.012282985563322033
the:0.00265139249744893
do:0.003609637783449732
when:0.006571228355998673
less:0.027626789513530425
quote:0.02027617041477683
would:0.004686681638715458
can:0.004344552725817655
did:0.008260859514788771
leland.stanford.edu:0.025363366115197447
butt:0.0279027183988575
put:0.012499795475109444
may:0.009351887072561965
about:0.014849490155606103
is:0.004050341108904481
obtain:0.023017136751839938
paper:0.019380142699681382
too:0.009811647577208525
him:0.01204279046916235
mouth:0.024283744263441088
dog:0.025002843980228392
spring:0.023928120791641055
entitled:0.026221746679581718
training:0.02252164943121411
going:0.010943797407284838
live:0.01556124760777718
sometimes:0.017610584544310803
god:0.013332553928518717
s:0.006235540511115762
