yankees:0.3727803924440831
all:0.02074060501404981
way:0.07532055737158884
to:0.002996085130632241
matt:0.10670927107370308
rookie:0.1268645047236644
that:0.007541404900749496
michael:0.06531946090594977
this:0.0114126617037265
paying:0.10195236539180987
best:0.05293861043394422
you:0.012082586726276563
jt:0.1407783602724904
are:0.04192900314790601
it:0.007453378907390695
only:0.02898991822324536
alleg.edu:0.13074910882678126
be:0.01257524472037981
of:0.004226969251429101
year:0.053799146004557645
yankee:0.12982389981767697
and:0.00414997189663902
gets:0.07255035526940878
subject:0.0005803686280873543
will:0.02463707271528879
the:0.011470154499833416
do:0.015615606932749927
an:0.019519524751342103
snow:0.11871899495319893
win:0.07368424790496395
dollars:0.09968706588028807
going:0.047343819218471354
realize:0.08507633172024213
by:0.04306241194857244
