believe:0.01448447920220227
know:0.008225834171055347
all:0.006360452204308608
jhunix.hcf.jhu.edu:0.08239385008521849
ever:0.052868441136597215
episode:0.040702871894917766
way:0.01154915213031029
creating:0.0326289367476191
c:0.0517219539085792
into:0.011938692686549244
cup:0.02919512398330282
from:0.005643815029534504
kings:0.034787517261578416
liu:0.12411028485589296
my:0.0063347617422020094
to:0.000918799440060554
band:0.033221919987729075
teams:0.027573267585147714
been:0.009781602581476262
that:0.004625395005793024
cubs:0.03683741525989815
really:0.013009304954606173
through:0.015796421960165515
110:0.03855104927983076
sometime:0.034722476095275984
brought:0.02582928561690445
this:0.003499882922476127
largest:0.03577175725361884
best:0.03246901439948579
something:0.01327107544775682
you:0.007410653192116292
society:0.024774874789378988
holes:0.03195496263514331
m:0.009125431414107148
why:0.01186481720102671
a:0.0009310027505642634
baltimore:0.03485319923786516
series:0.023915669071784443
red:0.024084126366283674
steve:0.06414307693668773
baseball:0.049963677867850775
stanley:0.03296840401713414
nine:0.03364873237949528
washington:0.025594755569429962
sig:0.03146090948745183
far:0.016595853814142678
are:0.004286075877341504
internet:0.019043559620764042
not:0.0080388001143462
have:0.0034083374209843524
founded:0.03657594383887628
only:0.008890241588461911
has:0.014196992985154014
his:0.012296193610035045
greatest:0.033221919987729075
of:0.010370164563506062
chapter:0.06583767498776805
dr:0.026125630700710008
president:0.02510305439447999
comment:0.02619731597921842
in:0.0035535940378898095
1990:0.02847297580228846
world:0.016808337924884512
female:0.03592502070845017
and:0.0038179741449078986
capitals:0.03810644011650628
for:0.004337984838827654
subject:0.00017797971261345532
i:0.001272658048302633
back:0.014042378133783584
the:0.008542534113209266
rock:0.03248858068630022
club:0.09664930216849554
sport:0.03343191110145821
problem:0.014103768613637229
record:0.05142197862982127
address:0.02128547569289074
pi:0.12359077512782773
head:0.02301906490303789
is:0.005373452537813278
division:0.026417116107468885
man:0.019320328925301326
their:0.010091224123878093
nice:0.021064929711698387
committee:0.03208441654085732
orioles:0.04009639337354626
existed:0.033759846062730026
ass:0.03248858068630022
earth:0.04694046883458332
april:0.02268102574592075
past:0.022023429646022424
answer:0.020241806947525712
by:0.01320580633089555
champions:0.07558284176833861
god:0.0176878548785015
security:0.024745826086919283
