feeling:0.06150192747309186
saw:0.047850430748386685
where:0.02602051828498256
to:0.0019411255775927195
day:0.03582116951778693
re:0.0052667676447629656
michael:0.04231965072779844
anyone:0.023562179572413963
this:0.007394118850301676
opening:0.06923727770934969
on:0.007140969369567464
you:0.007828154780404533
a:0.0019669072195019647
season:0.05376386519289744
baseball:0.1583355988769919
usa:0.05133269980322148
given:0.03926461350959551
section:0.05788393134680687
those:0.026139657102641694
kevin:0.06345862426506642
reason:0.03763678766209194
not:0.016983380523266617
alleg.edu:0.08471069022580195
be:0.00814734164982354
writes:0.009313554803064259
of:0.0027385997967005445
park:0.06325693336683051
robbie:0.17480321810689148
stadium:0.16147117009430204
in:0.01001012405039383
yes:0.03756120944371675
better:0.03149599818734371
and:0.0026887141865548584
for:0.018329513403497127
subject:0.0003760134773523704
create:0.05356120691892421
back:0.02966699605728926
games:0.04689958157195388
any:0.01441249670829306
will:0.015962047111313864
the:0.007431367704117424
did:0.02315367666821078
joe:0.11209772470205454
simple:0.046467444464172405
is:0.0037841215055023085
printed:0.06854037549437265
picture:0.05761306709430141
today:0.039987693884483845
seats:0.07859747218985517
notice:0.05687275258597949
words:0.046589565232498235
article:0.011413139159388746
answer:0.04276438087505432
