say:0.041704285148737225
marc:0.052673015332653804
thanks:0.021905347746331464
fax:0.033611465273443844
way:0.019037063951060917
much:0.019199965599559686
ca:0.02259943512189364
post:0.028379975872870118
my:0.010441914959673641
teams:0.04545044107441931
that:0.01143641622311462
really:0.02144390926583435
nt:0.015694034103789858
re:0.004109236294265611
so:0.02245737576670154
phone:0.03227853984845681
two:0.02049219156761881
game:0.0326594407462691
curious:0.047101893855181265
you:0.006107681202293647
am:0.01795974018353149
more:0.013971637646381603
a:0.004603859755537567
baseball:0.0411788553855913
nine:0.05546494348268453
let:0.02533118398629478
drive:0.03103081042643944
ultra:0.1176805281931625
mind:0.03329292091219931
book:0.034172511106414
it:0.0037676420850546372
not:0.006625384709625988
have:0.0056181386060181636
ames:0.05651230809591887
domain:0.04904618735143488
uucp:0.046523391289407405
between:0.02552599830820226
101:0.06373680367787345
technologies:0.05426182004486378
network:0.04036801835197337
be:0.006356717111400784
hitter:0.05800826605552964
of:0.004273419462983268
wayne:0.2567371652463121
san:0.04437324652312686
please:0.021048520405552253
david:0.08230039250586245
subject:0.00029337315265954173
each:0.02797812524572105
i:0.004195575983415274
any:0.011244915014162719
pretty:0.03162659403208381
yet:0.02890185431523257
the:0.002484900032930944
do:0.015787207008933993
jose:0.050108754656956536
rule:0.13017684290954448
would:0.010248897209938199
rules:0.09053879781469566
is:0.002952446449347955
argument:0.03866748835318376
new:0.018945050163555462
keep:0.02911444597940573
1993:0.03329292091219931
little:0.025772952768114993
players:0.04078982322019662
dumb:0.05651230809591887
s:0.013635962216615788
