read:0.009646821539991156
go:0.016556870228035123
large:0.012740570722925854
at:0.003748787287040132
majors:0.050824675673303336
know:0.01050106489921959
all:0.004059863109133154
jhunix.hcf.jhu.edu:0.052591819203330954
anyway:0.01297239924104057
ever:0.011248604497148342
episode:0.02598055652867091
with:0.0024886271352746697
much:0.022304640887999123
creating:0.020826980902735596
c:0.022009342088757107
into:0.00762044214035058
o:0.01489778290978673
times:0.011959472942523518
cup:0.01863518552125712
from:0.0072048702504695795
kings:0.022204798252071327
learning:0.021140013103488856
several:0.011993410093903815
aaa:0.025412337836651668
liu:0.07921933075908061
my:0.00404346494183107
to:0.0029323386384911294
band:0.021205480843231324
young:0.015974704370528454
most:0.00790040622964697
been:0.006243576115835912
that:0.008857139372795152
really:0.008303811673152877
through:0.01008282252776522
nt:0.0030386321349891
could:0.0064217410864938615
need:0.008175327623392495
brought:0.016486778053343264
re:0.0015912361820347683
so:0.004348130201637958
had:0.006529397811413341
this:0.0022339678228571022
largest:0.02283303654486309
30:0.01456640627393145
he:0.00676652428732015
something:0.008470899221972437
big:0.011811832144117265
on:0.0021574843627203827
you:0.007095306247770917
gregg:0.02357036301836963
1989:0.020132394102827616
used:0.008401972375901555
society:0.015813749865561055
holes:0.02039678466072977
m:0.0058247434558130725
why:0.015146575150246864
a:0.0011885141496565065
baltimore:0.02224672291778627
series:0.015265320684117728
was:0.0037679197195803643
red:0.015372846616776814
steve:0.040942389534055997
stanley:0.02104366213859626
deserved:0.02515436072253918
nine:0.02147791428478422
let:0.009809096777671595
washington:0.0163370780230404
sig:0.02008143158773521
pitchers:0.02241867840007511
course:0.02081831319063846
balls:0.021922351150178255
are:0.005471586226393409
internet:0.012155463587721729
likely:0.01406982470182863
wild:0.020106836553635224
it:0.0014589592754892424
not:0.007696723513735721
founded:0.023346347131197622
only:0.005674622290507602
ben:0.023868059140101164
has:0.01359286562408363
call:0.011306196161696628
his:0.01569726843834261
greatest:0.021205480843231324
spend:0.01744722219026192
if:0.002851703913886848
of:0.008274067470882496
chapter:0.042024047864532794
but:0.002830992435108129
dr:0.016675934489814897
dl:0.02515436072253918
president:0.01602322620924255
olson:0.0249906744211443
comment:0.01672169105056495
in:0.0045365030270933734
1990:0.01817423987380114
world:0.010728726335032667
forcing:0.022462775366183817
female:0.02293086428198947
and:0.0032493396977939563
still:0.008688123754168286
capitals:0.024323259648833796
for:0.0027689264928687147
i:0.0016246698488969781
the:0.006735665195646856
do:0.0030566719953467945
thing:0.009633755043084922
less:0.011697300240835224
rock:0.020737391927425672
club:0.06169104393733757
because:0.007509456591040485
did:0.006995366142310491
maybe:0.01126771524400989
sport:0.02133951772433503
problem:0.009002405498066317
here:0.00766128044946126
address:0.013586473846526004
pi:0.07888772880499642
head:0.014693020150875247
minors:0.0770609095244772
is:0.003429863322008475
either:0.01065345832814195
division:0.016861989004767375
done:0.011270908729449781
gave:0.015795208140586776
time:0.020163957062600598
man:0.012332124845937016
their:0.006441206887581761
too:0.008308586671763814
nice:0.013445699815977694
him:0.020395874922240917
committee:0.020479414813313182
orioles:0.025593442578859312
existed:0.021548837912380867
ass:0.020737391927425672
players:0.015795208140586776
earth:0.029962001383776585
april:0.014477250476119627
past:0.014057508284695165
answer:0.012920302306931305
somewhere:0.016508600250649305
by:0.00842923808355035
mike:0.013597497995564697
champions:0.04824436708617358
god:0.011290120135213723
security:0.015795208140586776
s:0.007920463159864064
