another:0.016927521606019683
ian:0.041880851723904135
incredible:0.08477314444843728
ever:0.0201787943269455
with:0.00892866224106179
ca:0.01569884424497955
from:0.012924767243208787
turn:0.0261181537001108
1980:0.08209453868498395
nl:0.040538174880670054
to:0.002104120855100505
most:0.014172484457763647
been:0.011200308299400299
that:0.010592507646854253
nt:0.005450981310858309
re:0.0028545076547951947
had:0.011713041875436146
best:0.018589130381384992
personally:0.029914844313790084
two:0.014235033837048178
took:0.025766425010814345
them:0.011189764668185045
phillies:0.042180246480799405
m:0.010448967268061618
astros:0.09940299072283708
a:0.00213206736770442
how:0.010040938910145987
speaking:0.03217923121244577
same:0.014825140080371087
was:0.02703698119393544
red:0.02757724393085917
baseball:0.028605159084647388
also:0.0113244055853402
mets:0.08263028402561402
schmidt:0.04717205157550677
career:0.036889046629196766
it:0.005234434041831632
ws:0.04778306461118262
have:0.011708029308724874
only:0.01017966594098692
strike:0.08043342632088016
against:0.039439401406990024
decided:0.028485748572659193
1986:0.03891731506990674
his:0.01407961100385692
pitch:0.03809977205039248
boston:0.03183035981182855
of:0.0029685585582555516
totally:0.03144668168373017
seen:0.019789808325361473
year:0.018891303177172913
never:0.016823963594365346
must:0.017690537614347305
in:0.005425334408992076
expos:0.04757391213646418
for:0.002483579106199038
twice:0.03443039396378369
until:0.02184095973560797
i:0.005828968160164731
away:0.04227455856982703
don:0.034035155265129347
will:0.008651185838956368
later:0.024392458236318346
the:0.010356911587635843
thing:0.01728192698568669
sox:0.08075150398351896
home:0.0670846500426263
forget:0.02930697202606484
thought:0.020493025993829867
hit:0.02732597053381228
is:0.002050936083134839
east:0.031081368544969595
done:0.020218805736035864
events:0.03105762486241698
run:0.06130155179513118
1:0.014950564060493958
almost:0.02306864832263029
close:0.0265260550852713
mike:0.024392458236318346
high:0.021353616989629932
strange:0.033560023136295594
s:0.004736154815694796
