ian:0.08068222905634473
basically:0.05770891982717479
funny:0.06618773750817973
from:0.012449591976914347
florida:0.07510149932539026
im:0.0869305113205398
nl:0.07809560160834966
that:0.005101538609330541
nt:0.021002310344777602
me:0.01593512765300801
re:0.005499125040855449
injury:0.07673717042995237
sucks:0.08529484021597769
chances:0.0717684672391342
this:0.007720329976050279
winning:0.06888301622509564
phillies:0.16251800849955064
m:0.020129628119354002
a:0.004107365076018809
looked:0.05477945888940713
was:0.013021487266196848
as:0.023532769418147602
course:0.035972820586764986
have:0.007518391369818424
92:0.06446345424083638
second:0.040436702597827445
talk:0.050876378935838636
get:0.01932902904839886
of:0.00571884075193349
but:0.009783576797800151
year:0.03639353994425958
they:0.027438812485521873
in:0.005225873585132073
or:0.009916344966221843
the:0.005542301544037154
wrong:0.03887385377690971
do:0.02112699761489696
thing:0.03329312404595524
fan:0.058816999786612846
did:0.02417516240357302
forget:0.05645901963844844
last:0.032061214000874964
injuries:0.07941836979456936
about:0.014485532063556935
is:0.003951068042509763
scary:0.17058968043195538
east:0.05987734234398555
lot:0.03644931453331457
their:0.02226005321443697
first:0.027611100432221192
late:0.05667851449457602
very:0.0256359189968154
spring:0.07002494172847896
killed:0.05371742642158655
training:0.06590894465899423
