ian:0.06531418542656478
at:0.010487678719695607
out:0.01402591784619595
ahead:0.10289617820616156
much:0.020799962732856326
from:0.020156482248337514
my:0.011312074539646444
to:0.0016407132858224176
job:0.041327244705823524
then:0.018998575592569084
bunch:0.048288131204218154
that:0.01238945090837417
started:0.03903862947605839
lost:0.04172031338473631
this:0.006249790932993083
on:0.006035819348086785
serious:0.04282135282189845
took:0.04018335329067475
am:0.01945638519882578
phillies:0.19734329603516865
m:0.016295413239477047
a:0.0016625049117218987
as:0.019050337148024246
old:0.03152277478978957
1964:0.21891172627916874
season:0.18177306803312945
local:0.03638551728471371
lose:0.050056496823658175
it:0.0040816122588091894
not:0.007177500102094819
ve:0.02172778213127898
hope:0.034386446876667205
after:0.022966829615058942
talk:0.041185640090916985
heard:0.03217437332642708
found:0.03183952982448806
were:0.01846789639847975
of:0.0023147688757826027
but:0.007920038360123931
reading:0.03912288150432131
they:0.022212372012089133
in:0.002115234546362982
and:0.004545207315366545
i:0.00909041463073309
games:0.07928262599068395
the:0.007178600095133838
managed:0.05632276921624392
did:0.019570369564797206
many:0.022061916994977303
about:0.011726383099069898
15:0.07956692219001532
is:0.0031984836534602844
today:0.03379912221188515
division:0.04717342162048015
paper:0.04591248091948327
cardinals:0.1490376539063077
by:0.011790898509728167
