out:0.030209669207191276
there:0.02353279450197814
know:0.03163782373482825
much:0.04479991973230593
1992:0.1011781162790844
dh:0.1688462529358859
signature:0.12817726451442157
mi:0.13672412553856877
grand:0.12858427346714696
nt:0.0183097064544215
anyone:0.0428952499908049
am:0.04190606042824014
phillies:0.28336473276844726
a:0.0035807798098625512
as:0.041031495395744536
files:0.08485414268173562
are:0.016484907220544243
list:0.14931428702161947
get:0.03370189680233647
of:0.004985656040147145
mailing:0.22634639864444062
they:0.02392101601301907
who:0.033155201903432005
up:0.0344477018039073
david:0.06401141639344857
in:0.004555889792166422
for:0.008342278536207025
subject:0.0006845373562055973
i:0.004894838647317819
elaborate:0.14272908419243532
coverage:0.11867088833107813
do:0.018418408177089656
here:0.04616412578521528
people:0.03859674718136198
busy:0.1309462039519625
