mark:0.02916139771157466
tony:0.04488101531497774
wrote:0.025005582278571466
post:0.025073570916807574
to:0.002676114873962778
been:0.014245052303120767
that:0.006736012144358773
cubs:0.05364672125227885
williams:0.05176932908741924
think:0.013978136189597623
gee:0.04916482436319906
re:0.0036304903182346653
had:0.014897169763904223
80s:0.06555396067148268
on:0.004922415779022232
roger:0.21425994046439767
phillies:0.05364672125227885
a:0.0013558292483945582
how:0.02554102907241018
wondering:0.03494110195977958
was:0.008596710039819277
steve:0.062274831977366725
baseball:0.036381318835813664
washington:0.03727391587781062
pitchers:0.05114941188366651
mind:0.058828268019614306
daniel:0.04153961160386737
d:0.017687807984243062
have:0.004963598185899542
probably:0.023176929272128236
only:0.012946953769604723
philadelphia:0.04815823766926856
alive:0.042767195083474145
writes:0.019260069641288225
of:0.005663318026186563
who:0.037661734200985876
box:0.030762514667054437
one:0.00954670784248177
in:0.008625228247305362
or:0.006546713181583352
and:0.0018533855072368438
still:0.019822418274073272
for:0.0031587268243890676
subject:0.0002591937562331873
p:0.03268085475370242
we:0.013084892288485145
world.std.com:0.08924420058952517
howard:0.0509512674988975
the:0.0036589951941216163
dad:0.05597633940403216
got:0.021477221569228874
stone:0.04830646555403349
just:0.011401830713261028
many:0.01799224298619508
about:0.009563263886620111
press:0.03482864427929773
is:0.007825416317203803
does:0.011829988488713836
matter:0.02932915545534507
under:0.02356624686510329
him:0.02326713886760493
show:0.029223967667328467
article:0.023601928552910708
players:0.036037610806193124
already:0.028211517682498556
jewish:0.22278682648688147
comes:0.05872187062612644
s:0.012047306424388704
