24:0.06660152270669928
at:0.016017545680989655
know:0.022434093193787304
hours:0.07120317048273858
posting:0.05998524649011346
paragraph:0.09018724508972112
swing:0.10643847919921379
hand:0.05740435373550315
correction:0.09840515643050397
to:0.005011633309421203
been:0.026677097949480713
nt:0.012983246394953426
ball:0.16213110326297978
error:0.06846287562130907
on:0.018436684554155997
state:0.04832206158073847
posted:0.06206147135421628
m:0.024887540220292218
a:0.012695492053149047
sorry:0.05777121244979317
following:0.049769350418904755
doctors:0.08911741781657688
fighting:0.08290721225060081
it:0.006233735086181308
should:0.029869311676972356
catch:0.0881070568864894
made:0.042283264580327294
mistake:0.08123312717885214
second:0.04999446866640484
after:0.035076612502999115
his:0.03353507348191376
in:0.0032305400344452813
and:0.003470885586279908
for:0.011830867742257235
subject:0.00048539921621851447
until:0.05202119500662989
i:0.003470885586279908
the:0.005481840072647658
did:0.029889291698963004
bat:0.09383580318903297
last:0.03963931912835451
sandberg:0.1183799253153787
food:0.07664507797873447
article:0.014733325096665473
