out:0.017851168167885755
final:0.058434066624796895
where:0.027991769670208513
though:0.03765976063046485
bullpen:0.09180167831216321
to:0.004176361091184336
then:0.02418000529963338
might:0.03222856266482494
that:0.005256130688401164
re:0.005665765193608644
so:0.015481978748256365
this:0.007954279369263925
he:0.02409292738667023
you:0.008421196809223059
regular:0.06131882805690396
rotation:0.08293412954627291
a:0.006347746026574523
said:0.03320461861611261
also:0.02247722926787222
emergency:0.08392477741389187
likely:0.05009710310499588
kevin:0.13653219160059743
couple:0.047818057494765434
has:0.016132946574038652
get:0.019914757201380643
if:0.010153794238839534
of:0.005892138956537535
candidate:0.08710236121665048
again:0.03699801724406088
well:0.02549799863868704
now:0.025029006028458246
in:0.008076350086113203
rogers:0.33488559327180134
for:0.004929528225940515
subject:0.00040449934684876206
steven:0.06797748678559122
possible:0.03904502459037246
saves:0.08236941144328454
any:0.015504352519527384
the:0.004568200060539715
see:0.02680887517289661
less:0.04164947813024663
start:0.0853806693297731
would:0.014131055244005698
did:0.024907743082469173
an:0.013604517250935406
is:0.012212392131393813
dave:0.053125373808705946
beck:0.09080231516380265
appear:0.05982875103418458
