some:0.008981052885641187
manager:0.030206910307027678
at:0.013553307883914324
out:0.009062900762157385
much:0.013439975919691781
c:0.019893059195607386
indicated:0.04036908117220341
1992:0.030353434883725328
from:0.0065120942648475046
my:0.007309340471771549
nl:0.040850006995136745
to:0.00318045960020961
job:0.02670375811760905
might:0.016362193352911125
quite:0.02043230293930309
nt:0.00549291193632645
attention:0.03265137264248199
re:0.0028764654059859275
managers:0.04314610690710595
file:0.023372968326603148
this:0.00807665289802183
philly:0.046099636929315194
he:0.01223179390400181
best:0.01873212369201103
these:0.012743353639222636
on:0.0039000678864560766
you:0.008550753683211105
went:0.025095855886431415
largely:0.04021522988984441
them:0.011275839781017238
came:0.023220974865214978
phillies:0.04250470991526709
3:0.01801127649721246
a:0.0010742339429587655
was:0.006811239493087582
old:0.020368562171864033
baseball:0.02882519876991391
oops:0.042607963917822025
fine:0.024916589060927388
across:0.029685877860260328
are:0.0049454721661632735
likely:0.025433913884074833
crap:0.0373807213908669
it:0.002637349459538246
flame:0.032289642345213816
deleted:0.027025996130756437
made:0.01788907347629232
laugh:0.039018582908118216
date:0.027521532229102485
cs.cornell.edu:0.08585262346891874
doing:0.020620791578194735
robert:0.024580092530443874
valentine:0.04930087075412221
edward:0.0347699263337125
be:0.0044497019779805485
stick:0.032510225421957396
writes:0.005086633777058172
predictions:0.08043045977968882
were:0.011933102288248456
of:0.005982787248176574
year:0.0761464835756816
seems:0.01812682376446983
order:0.043143336325115265
they:0.007176304803905721
who:0.009946560571029602
in:0.005467067750599707
thoughts:0.033030956289429335
and:0.0029369031883906913
still:0.03141090895737765
for:0.0025026835608621075
enjoy:0.035559573672636215
subject:0.00020536120686167922
i:0.0029369031883906913
pay:0.02563724663075295
fired:0.07297283037995131
will:0.008717733422332957
the:0.0034788600461033215
wrong:0.020334015821768157
do:0.005525522453126898
thank:0.02792687928284242
around:0.01820918794733566
got:0.017016567858696725
thinks:0.034845341719071124
last:0.050311443509065336
jim:0.05209739610690569
thought:0.020650664655320866
record:0.029666526132589195
ted:0.034511647137300164
is:0.0020667125145435684
win:0.026072887720218013
managing:0.0456236722853299
right:0.01492210456761769
time:0.012150076691567029
fischer:0.0428187252577306
1993:0.023305044638539517
dead:0.026394477960085663
tedward:0.04503166427659045
article:0.006233329848589239
prediction:0.04372474860893354
three:0.022449907742095945
checked:0.03462127808120171
