all:0.028060818548420328
my:0.05589495654884125
next:0.07877588305144632
like:0.03425409010319627
re:0.010998250081710898
had:0.04512966134359221
off:0.06421933670459855
on:0.014912024271743821
a:0.012322095228056428
tigers:0.1756440997533277
it:0.010083983227646235
call:0.07814576758819727
be:0.017013566386396214
but:0.019567153595600302
david:0.14684971996144083
winter:0.15815271423136615
subject:0.0007852046144711264
i:0.01122933572031735
stan:0.16251800849955064
back:0.12390333647456103
felt:0.1328007127568074
will:0.03333251014421425
the:0.002216920617614862
can:0.025428411542285687
maybe:0.07787979653948011
long:0.07000915426789955
people:0.04427273941391522
is:0.007902136085019527
