go:0.04323182781764727
lead:0.08587143639155359
percentage:0.10012360717377146
ahead:0.09603643299241747
braves:0.2136065688936624
from:0.018812716765115013
nl:0.11801113131928394
to:0.0030626648002018463
everyone:0.06794472794473563
t:0.057250512333343155
make:0.03911289962999342
that:0.007708991676321707
like:0.025880868077970517
through:0.05265473986721837
winning:0.10408989118458899
astros:0.28937315077092574
a:0.003103342501880878
houston:0.11179813438108034
let:0.051225283172284995
are:0.014286919591138345
native:0.11753830024267761
it:0.007619009549777155
not:0.013398000190576997
west:0.0906202066608042
atlanta:0.10637454660383833
points:0.08144791752156517
be:0.012854694603054918
of:0.008641803802921719
in:0.007896875639755132
known:0.07237619439258573
i:0.00424219349434211
games:0.07399711759130502
the:0.006700026755458249
would:0.02072554769120836
did:0.03653135652095479
stuck:0.10567786816196997
lee:0.09482558443054925
aware:0.09104216026624176
