ian:0.05775149027190991
at:0.009273315920572959
out:0.012401864200846945
ahead:0.09098188388755339
much:0.018391545995367697
from:0.00891128688873869
my:0.010002255382424224
to:0.0014507359579903482
job:0.03654198479251764
then:0.016798740523955823
bunch:0.04269687390688764
that:0.010954882908457163
nt:0.0075166163339204055
re:0.003936215818717585
started:0.03451836711567269
lost:0.03688954025597737
this:0.005526130930225463
on:0.005336935002518841
serious:0.03786309091620495
took:0.035530543962280836
am:0.01720354059685648
phillies:0.1744930196521491
m:0.014408575917011284
a:0.0014700043429962052
as:0.016844508636147757
old:0.027872769287813938
1964:0.19356405271000185
season:0.16072566015560918
local:0.03217245738858897
lose:0.04426048140197144
it:0.003609004523578652
not:0.006346421142904893
ve:0.019211933673972992
hope:0.030404858290947846
after:0.02030751250173633
talk:0.03641677650144239
heard:0.028448919572840785
found:0.028152847423757867
writes:0.0069606567475532875
were:0.016329508394445254
of:0.0020467430059551437
but:0.0070029812868464235
reading:0.03459286364592622
mizzou1.missouri.edu:0.06560192094607166
they:0.019640413147531444
in:0.0037406253030419045
and:0.00401892015253463
subject:0.0002810205988633505
i:0.010047300381336574
games:0.07010253245492054
the:0.006347393768328867
managed:0.04980118541225778
do:0.007561241251647333
fan:0.04210058932094393
did:0.017304326773083845
many:0.01950737923766414
about:0.010368591371809174
different:0.026602283136960503
15:0.07035391014696092
is:0.0028281329146385673
today:0.029885539639982663
division:0.041711235959161395
paper:0.04059629891827995
cardinals:0.1976709936020502
article:0.008529819792806327
by:0.010425636577022801
