hmmm:0.04105705024231307
at:0.014561405164536051
out:0.019474001637693552
watch:0.09530984728696736
swing:0.04838112690873354
your:0.010412662993233575
way:0.014317130740054078
my:0.007853010424217367
to:0.009112060562584005
player:0.06425228153811904
look:0.01959643243203232
near:0.029791535351086983
make:0.01454611969710499
that:0.002866980375491544
think:0.023797488058323227
need:0.015877702409068068
re:0.003090417378331988
so:0.016889431361734215
ball:0.07369595602862718
this:0.013016093513340968
he:0.03942479026909674
you:0.013780140233274096
great:0.02083678255150973
etc:0.019192760226927567
a:0.004616542564781471
lean:0.09447877714836267
oasys.dt.navy.mil:0.09738606089156372
far:0.02057337249687109
brian:0.030876673675857676
it:0.008500547844792693
not:0.004982727343603016
ab:0.043206445336196476
mileage:0.044251768866023916
call:0.02195831485949345
his:0.015243215219051708
pitch:0.041248513542160456
get:0.02172518967423343
if:0.011076866442370402
of:0.003213893976293201
opinion:0.027349682351964374
what:0.015213919057795558
plate:0.04272951709139774
but:0.005498208448350498
who:0.021372774780724767
over:0.016578022748093866
bob:0.030446322429992564
in:0.0029368545767684377
tends:0.04296454135024513
better:0.036962245806634764
subject:0.00022063600737205204
outside:0.029791535351086983
i:0.006310701065963469
will:0.009366159875233756
the:0.0024917454875671174
see:0.014623022821579968
when:0.010807226800361454
forget:0.06345807165974371
come:0.019844575822061228
just:0.009705690607156082
batters:0.04952853554389235
about:0.008140629589436956
pitches:0.09447877714836267
is:0.015543044530864854
done:0.021889781416699988
vary:0.042062067862931145
time:0.013053801404162922
lot:0.020483912299713972
article:0.00669696595302976
says:0.021165510284525357
seem:0.022807541775997833
s:0.010255145138116005
