some:0.008222090669953198
since:0.014090293122561137
go:0.013700227125310755
boy:0.0319354415853509
there:0.006463232292796813
story:0.025317306535300028
true:0.018192118254632725
case:0.01740571202328701
discussing:0.03427018774718633
truly:0.030692277950918157
way:0.01219980858835594
into:0.012611295091425256
my:0.006691649727678178
to:0.004852813943981799
discrimination:0.04002969943071381
animal:0.035661809221193684
owners:0.030405968052036964
jays:0.037322574790500204
that:0.007328970959883312
think:0.010139070616398276
dodgers:0.04205562951840241
grand:0.03531539905083614
stretch:0.03872742944131936
its:0.014562144760804016
re:0.0026333838223814828
effort:0.028608147089638755
ball:0.03139862915304186
had:0.010805693561141798
this:0.007394118850301676
sight:0.037322574790500204
he:0.011198121179719966
on:0.003570484684783732
numbers:0.024843256345061255
none:0.025510635439586576
impressive:0.037029105097538456
more:0.008953655111413562
a:0.005900721658505894
member:0.028104914948919427
other:0.009713436534027542
was:0.012471283578892755
baseball:0.052778532958997294
local:0.02152382712616868
also:0.010447162899151876
personality:0.04097006135060481
503:0.08382084654099164
theory:0.028651752513919892
career:0.034031444425526594
no:0.007927786874524717
it:0.004828949714647492
farm:0.03872742944131936
against:0.03638423650926545
always:0.018710958436610615
sports:0.03380053018029427
walk:0.03232976742587608
his:0.01298893691200885
writes:0.0046567774015321296
were:0.010924671108959854
if:0.0047193691532634455
plate:0.03641036315534596
but:0.004685093114439509
years:0.01570264382380559
well:0.011851182465868625
beyond:0.027503973221398637
who:0.009106006156576396
up:0.009460988523608342
in:0.0025025310125984575
clearly:0.02559514349594651
or:0.0047486722373456716
use:0.011709714984136255
and:0.004033071279832287
for:0.002291189175437141
subject:0.0001880067386761852
station:0.029126691111071527
forth:0.03477341988790566
i:0.0026887141865548584
we:0.009491154265591339
games:0.02344979078597694
possible:0.018147687485666072
will:0.007981023555656932
than:0.010074656917038459
the:0.003715683852058712
allowing:0.03310871018322798
got:0.01557854803965193
home:0.04125863453325843
radio:0.025263030709631453
increase:0.029610885444980892
put:0.01751731901089281
last:0.015353257408869704
friend:0.024459150842907083
an:0.012646452655799108
opposition:0.03717431134544505
here:0.01267887961706617
paul:0.04612707733956419
is:0.005676182258253463
length:0.03255453927776555
night:0.023576301736507214
yesterday:0.030960303034188192
run:0.01885094667878447
hewlett-packard:0.04251012614613179
first:0.013222217108387615
guess:0.021099699034758123
fans:0.028964793095404635
almost:0.021281640353975832
natural:0.029486680223247748
article:0.005706569579694373
april:0.023958830013296566
going:0.015336730169363962
live:0.021807663901039852
by:0.006974897709980043
s:0.004369269583493087
