week:0.03788833850995147
with:0.006426674470214807
into:0.019679163769037215
from:0.009302991806925008
viola:0.07154830650929483
reach:0.047893444714619544
scored:0.054425838179112965
think:0.01582140689591819
this:0.011538075568602616
two:0.04098438313523762
on:0.00557152555208011
used:0.021697401190515008
rotation:0.060150028022571564
why:0.039114781981406735
a:0.0030692398370250444
was:0.01946068426596452
secret:0.04391935854355285
red:0.03969910939497309
season:0.04194763108456834
starts:0.04914793818014693
are:0.01412992047475221
place:0.029883819970510175
18:0.04249175267278131
it:0.0037676420850546372
should:0.018052880683884394
wins:0.0541002140295924
have:0.011236277212036327
ve:0.020056414275026753
cs.cornell.edu:0.0613233024777991
hm:0.05859605380224377
edward:0.049671323333875
25:0.04041409393724849
without:0.024694620712115332
found:0.02939033522260437
cheers:0.04784794149850931
relief:0.05745032841406345
what:0.010114748384578365
again:0.026833726792395804
they:0.020503728011159204
up:0.014763300773103128
rest:0.03589704212607482
in:0.005857572589928257
clemens:0.13471490847948847
p.s:0.049833326429888226
and:0.002097787991707637
still:0.022436363540984036
subject:0.00029337315265954173
each:0.02797812524572105
i:0.00629336397512291
games:0.07318396245293904
the:0.004141500054884907
wrong:0.02904859403109737
sox:0.17437000585452173
last:0.023957830242412066
ted:0.049302353053285945
is:0.002952446449347955
night:0.03678939391850577
days:0.03272805081923267
tonight:0.05340103055838129
fischer:0.061169607511043715
runs:0.04122846725761907
trouble:0.041921119585608076
first:0.020632470652648807
tedward:0.06433094896655779
eight:0.05386217560342559
already:0.06386343563290883
three:0.03207129677442278
going:0.023932040484062448
s:0.013635962216615788
