some:0.009050673450646156
correct:0.025366026668073246
know:0.009564923454715518
help:0.016589866046835634
all:0.0073958746561727995
thanks:0.015452609650512891
your:0.00976691645101754
with:0.013600636669524355
ron:0.03284727392422508
way:0.013429246663151498
much:0.013544161779534351
dh:0.051046541585267835
except:0.024995049759719484
to:0.005341857209654383
brains:0.04359374183988315
us:0.015968034001434078
day:0.019715527409014513
think:0.01116083742270198
talking:0.025268923878777275
nt:0.005535492649011151
re:0.0028987635874276785
anyone:0.012968331392568923
this:0.004069631305204799
he:0.024653228023569538
best:0.018877333953189412
names:0.031758893116130844
more:0.009855961440470743
a:0.002165122675730845
other:0.021384619966386215
wondering:0.02789870931672323
as:0.006202435350519522
baseball:0.05809729984633811
reason:0.020714821116345178
it:0.007973382086976092
not:0.009347441993425812
being:0.01508375139476859
only:0.010337490219141756
able:0.020445466869074953
humor:0.04304372838273366
be:0.004484195791763343
writes:0.00512606504664777
get:0.01018894554489242
were:0.03607682087144882
of:0.0030145827219494365
trying:0.020901769171072837
but:0.0051572342810109325
present:0.028096901417281425
who:0.010023665691735259
up:0.031243264426799644
sounds:0.027617864833804948
over:0.015549928314103548
in:0.0027547240603796974
according:0.02666299383400169
our:0.017285080798297624
and:0.0073991746994339115
for:0.007566252625862186
known:0.025247509671832234
subject:0.00020695315420169222
i:0.004439504819660347
we:0.02089525435215457
league:0.03015393076149805
any:0.007932459428595405
alan:0.034113819317823556
mail.sas.upenn.edu:0.04538074694540123
pretty:0.02231023299937695
the:0.0035058279534374557
wrong:0.020491643851394268
can:0.013404123913762998
major:0.02539866645517668
maybe:0.020526458002653673
come:0.055841713359753686
friend:0.02692402650924656
just:0.009103787313689039
is:0.006248200625364277
somebody:0.029424249794377945
himself:0.02901380969380596
first:0.014554688599930551
article:0.006281650235012411
players:0.0575484327602774
jewish:0.11858937017131158
past:0.025608639123281887
by:0.007677794378427644
appear:0.030610058668652573
john:0.020786654260324385
s:0.014428750717581821
