believe:0.03621119800550567
at:0.0293655004151477
where:0.030790946637229363
own:0.03777484392579992
florida:0.08511503256877562
aaa:0.0995316565268857
to:0.006890995800454155
then:0.02659800582959672
began:0.07469680394686012
guy:0.05643884578248116
nt:0.011901309195373974
re:0.006232341712969509
ball:0.0743100889955324
this:0.017499414612380634
he:0.07950666037601177
tampa:0.10432635773441538
state:0.044295223115676935
a:0.0023275068764106585
was:0.014757685568356426
aa:0.0995316565268857
taylor:0.18080865982414782
rush:0.08511503256877562
probably:0.03978706191715347
real:0.042626564233304125
hopefully:0.07704574295737847
allowed:0.06386388713528118
virginia.edu:0.08010246333512339
his:0.03074048402508761
be:0.009641020952291189
which:0.021531538875291963
year:0.08249202387365506
george:0.06637190298425279
in:0.008883985094724524
and:0.006363290241513164
subject:0.0004449492815336383
i:0.003181645120756582
league:0.0648309511372208
rate:0.06474459515818752
the:0.0037687650499452652
thing:0.03773220725208261
last:0.036336042534324965
jonathan:0.07967508949156776
is:0.013433631344533195
him:0.0399419217227218
progress:0.08371364728193327
