out:0.018409017173132185
all:0.0149073098538483
to:0.00646030856292577
us:0.03218556853414056
day:0.039739109933794876
that:0.0054203847724137
think:0.022496062930133676
control:0.04765053546782849
re:0.005842820355908915
michael:0.046948362526151394
so:0.015965790584139376
this:0.008202850599553422
game:0.04643764231110137
on:0.007922012894363905
phillies:0.08633769201538628
a:0.0043640753932699845
hard:0.04225364691524233
other:0.021551687309873606
tigers:0.18662185598791067
baseball:0.058551185001387625
organization:0.05987239418932611
are:0.010045490337519149
it:0.010714232179374124
deleted:0.05489655464059901
try:0.03806858863036551
minimum:0.07658528093612076
greatest:0.07786387497124002
writes:0.010332224859649412
of:0.009114402448394
ryan:0.06945215157817625
but:0.01039505034766266
rest:0.051041106773012636
in:0.0027762453421014137
for:0.005083575983001156
subject:0.0004171399514377859
i:0.0059655846014185915
we:0.04211699705356156
tiger:0.09869906059226362
the:0.004710956312431581
behalf:0.09118386277013378
see:0.027646652522049626
did:0.025686110053796334
here:0.028131264150365563
win:0.052960553181692835
time:0.024679843279745525
detroit:0.07420859690178548
keep:0.04139710287696752
fans:0.12853126936085807
article:0.01266145125494689
sometimes:0.05475791131746641
s:0.009694316888375286
