yankees:0.019116943202260674
louis:0.03152643269296294
minnesota:0.016853108220026006
800:0.0160524257043538
06:0.16674735758867715
braves:0.016074072910058204
4:0.01661718731892093
1.0:0.09174567852560939
florida:0.034159879291816304
kings:0.0174519317365778
angels:0.03439879623229844
08:0.06337866098232313
kansas:0.02102927204358401
5.0:0.016964601264399224
montreal:0.03297956867414703
city:0.02461395049154777
jays:0.01772510240886632
t:0.008616297842810842
teams:0.013832742935692833
cubs:0.01848030865881178
pittsburgh:0.02958237727925583
dodgers:0.039945815328515995
13:0.013169694162095192
toronto:0.013435118043948436
seattle:0.016275473779600196
oakland:0.01885755111414738
lost:0.19925286793780417
national:0.032650574498202474
2.0:0.01568497929104767
cleveland:0.018022585639690718
apr:0.012465579521866216
american:0.021585519848750605
phillies:0.01848030865881178
3:0.015661979562793443
astros:0.021775571546307118
baltimore:0.01748488256080192
milwaukee:0.01983637925449126
tigers:0.019972907664257997
red:0.024164675283896663
03:0.19707482216939912
3.5:0.048157277113061406
houston:0.03365161235550913
colorado:0.03152643269296294
mets:0.018101282955443877
california:0.013309261628504801
streak:0.041000189537235616
1.5:0.07133432636794892
giants:0.0179079064641769
reds:0.019578984468082806
05:0.26428109155182145
texas:0.013271470473809372
won:0.21680465642100935
mlb:0.039807893674985995
philadelphia:0.0331792540463857
400:0.015353936369479609
07:0.15703425854897385
indians:0.03661306053547834
west:0.013638492641258156
atlanta:0.03201909429546973
500:0.05578297171036174
04:0.28008274003734246
boston:0.013945742927590436
twins:0.020340803634874484
listed:0.015183262523284138
286:0.01848030865881178
san:0.05401960446293704
york:0.0503433740123805
sat:0.017386988305617593
order:0.009378986157633752
in:0.0005942464946304029
2.5:0.016275473779600196
expos:0.020843419698584643
st:0.025663861156650838
francisco:0.0333850845391399
and:0.0012769144297350831
0.5:0.039945815328515995
for:0.002176246574662702
600:0.03288191784189851
subject:8.928748124420834e-05
300:0.027822880502891983
league:0.013009555412151333
games:0.01113668993849072
rangers:0.015608530668719743
angeles:0.031686655040939475
joseph:0.02731905437219901
scores:0.052064950358162304
sox:0.035379421477729045
home:0.019594401684691294
road:0.024151520976391373
last:0.014583027104076909
10:0.029000385530730748
gb:0.04083900190125528
including:0.010635343500101103
idle:0.018101282955443877
rockies:0.01983637925449126
3.0:0.07730342102747002
east:0.02723517912636132
yesterday:0.029407110574279086
white:0.0227355795707063
new:0.017297654497159334
detroit:0.01588411438700425
pirates:0.01922660816153489
02:0.07735996511002828
blue:0.02673352259172782
2:0.05213135925338886
hernandez:0.041165357514428735
1993:0.020265256207425666
standings:0.03867998255501414
1:0.10480395408292754
cincinnati:0.041334707400611286
chicago:0.04236822277729648
cardinals:0.020935055063762285
orioles:0.0201152475118125
april:0.011378441009659238
los:0.03050098109553876
200:0.027800167532984702
700:0.05395176204548277
rain:0.019010760264753714
s:0.004150075457230892
diego:0.03470996690544153
