ian:0.035396074682783496
go:0.012551175818026627
at:0.011367290483282982
out:0.01520228514942529
11:0.024930417016902653
ahead:0.0557630901246295
with:0.003773079850255144
much:0.011272237868128589
from:0.010923512960389362
gerald:0.03267081877038389
my:0.006130414589227751
single:0.02097694626137016
to:0.002667482245337092
job:0.022396700356704363
then:0.010296002256618085
bunch:0.026169051749382746
that:0.008952377430567144
think:0.00928869695179713
memory:0.02181698210430526
like:0.007513800409733375
12:0.04585012685951014
re:0.0024125193727623905
started:0.02115641855476713
lost:0.06782915466421645
this:0.0033869834733639935
something:0.012842976239764664
on:0.003271024678963161
mvp:0.03753386265668312
serious:0.02320641056154497
took:0.021776785009139866
am:0.010544105527105585
8:0.019048330854024943
phillies:0.17824555770918457
m:0.008831062658813369
a:0.003603881615087471
how:0.00848621288534919
as:0.01548608052032939
old:0.017083310208660156
1964:0.15818137640817356
season:0.09850927557924435
local:0.01971860291558679
also:0.009570949236642364
lose:0.054254783654029505
team:0.020665964959319338
no:0.007262875717306515
row:0.03564911154183692
it:0.004423941028902864
not:0.0038897419908126766
won:0.02788154506231475
ve:0.01177505612275764
hope:0.01863523572670997
after:0.01244653992041904
talk:0.02231995979120663
heard:0.017436434576902415
found:0.017254971001658046
callison:0.03954534410204339
writes:0.004266208974306854
were:0.020016816741578052
of:0.006272276953733505
but:0.008584299641940777
reading:0.021202077718470907
seems:0.015203142512135987
they:0.012037672574293466
up:0.008667486260337965
in:0.004585282629535238
and:0.0036948136886205472
subject:0.00017223843156140837
i:0.00862123194011461
games:0.0644491024182334
felt:0.02913047892729969
impossible:0.026556468741508615
the:0.006321799438617864
managed:0.030523307188157996
did:0.010605877699632034
last:0.01406556485199676
10:0.01864755972836235
many:0.011956135661794152
about:0.006354943098850784
different:0.016304625148459664
15:0.0431201384771696
jerry:0.031485521111362096
is:0.00173337178639138
today:0.018316943650311956
division:0.025564951071744082
time:0.010190386902604605
their:0.009765700765043316
paper:0.024881602562816744
cardinals:0.12115318962706303
article:0.005227954066558716
by:0.006389906289143007
thats:0.03347832291847425
