sent:0.05253832211842304
effective:0.057685220480064914
rick:0.06875232115897997
thanks:0.0284769520702309
whom:0.060118725705025466
from:0.012093889349002507
wrote:0.03679392820989801
to:0.005906567828960704
make:0.05028801380999153
that:0.004955780363349669
jeff:0.12044226539515418
cubs:0.2368119552422024
like:0.01663770090726676
me:0.015479838291493495
re:0.005342007182545293
anyone:0.023898782137734158
26:0.06280518615506747
cal:0.07665376554346895
something:0.028438018816621752
on:0.014485966435408284
more:0.018163128940296085
also:0.02119281616685095
march:0.0619101723699008
are:0.009184448308588935
ken:0.05894389573021159
writes:0.018893211171930352
of:0.0027777226509391236
dl:0.2533403472770017
they:0.013327423207253481
who:0.018472183917626405
in:0.007614844366906735
expos:0.1780623568536231
or:0.00963302082432979
for:0.013943522696231742
subject:0.0003813850984574042
p:0.048087543423305
info:0.04207707799131996
room:0.11394367086624588
the:0.004307160057080302
can:0.01235094274911019
did:0.023484443477756647
is:0.0038381803841523415
move:0.05052607307961453
today:0.040558946654262185
questions:0.04320251910350731
article:0.034728552013568614
give:0.033760518162228664
mike:0.045648743270824334
john:0.03830683427974065
