prism.gatech.edu:0.024356219536619986
read:0.011685582793288256
go:0.010028001297907872
at:0.004541056765229026
out:0.006073077830311649
there:0.00946163902656853
majors:0.030782986554706914
know:0.00636018106009434
technology:0.01735911178256156
richmond:0.03198718681852911
braves:0.04954791546502478
your:0.006494495990625065
with:0.003014574107162615
compared:0.021251487762441346
such:0.009912459811689683
from:0.013091323522116118
loose:0.026897564892972996
work:0.020877035711240242
smiley:0.03212465200967427
to:0.0085249432582938
remember:0.014343422868666144
stop:0.017133778941137306
then:0.016452374739956734
might:0.021928712741014905
next:0.013806082596645232
been:0.007563094779491955
that:0.003576336344685328
memory:0.017431093949316058
nt:0.003680817276919786
could:0.007778913171783801
re:0.0019275283648359305
injury:0.05379512978594599
exactly:0.0165792920271753
murphy:0.02841426320739537
had:0.007909322091145027
this:0.005412190086303288
getting:0.01398042047538498
he:0.040982814626810186
leading:0.023274351720265214
game:0.015319634576858183
on:0.002613447552779845
you:0.002864943244374855
gatech:0.030272208706025313
brings:0.026748144599811903
great:0.012996137570786994
state:0.013699553540931012
a:0.0028793899501987526
how:0.006780221635201672
sorry:0.01637843651927126
was:0.004564232650007142
russell:0.0538966998523688
promised:0.0275427357329421
career:0.024909613960952457
straight:0.020601348595171695
hitting:0.024740594255679312
are:0.00331397619382075
no:0.011605626146211441
play:0.01650473315866207
plan:0.020131774213601062
month:0.04096704628234287
it:0.0017672960295874844
not:0.0031077835493606436
have:0.010541249755621708
due:0.01708836332421898
being:0.06017950298737572
uucp:0.02182282787286636
after:0.009944400451881191
atlanta:0.04934901646569819
suffered:0.02721006294357318
june:0.023691115104951272
heard:0.013931171955772549
univ:0.02394125449100622
be:0.002981759057409646
writes:0.0068171380517274465
certainly:0.015854418954925984
of:0.002004542119234419
short:0.01785040136918179
georgia:0.04954791546502478
arizona:0.028987591223427454
kept:0.020586472281310175
institute:0.020064215721305702
suffer:0.02533941606888571
what:0.004744546922663047
but:0.003429294960053661
never:0.01136051149928794
corrected:0.029381266371801548
well:0.00867457685646054
they:0.0048088640438543485
who:0.013330442002410807
highly:0.021529245950559796
one:0.010137225853356932
comment:0.020255656684962695
bob:0.03797943313432062
in:0.003663499008133824
intend:0.026234588718632313
p.s:0.02337542631505066
and:0.0039360558194926785
for:0.001677055994392134
subject:0.00013761317985576442
i:0.002952041864619509
we:0.0069471335346080925
back:0.03257252659898254
power:0.013927089073044031
any:0.010549353260709353
yet:0.013557055374670947
the:0.0027197273556306034
did:0.033895073060679695
long:0.012269645593343221
is:0.00276982089578004
having:0.0269782617775295
time:0.008141803968575844
suffering:0.024234210546486456
expected:0.021388496204733678
dale:0.049750727481506274
guess:0.0154441096027611
nothing:0.01316936083247891
japan:0.026699285094891577
fans:0.0424020682427573
him:0.012353171666821174
article:0.008353947219758772
players:0.01913337068576233
playing:0.020646236883273675
process:0.0186420810991421
