ability:0.03578830058445024
out:0.005259719192323481
there:0.016388910456734775
all:0.004259231386813799
tried:0.013829750236770851
situations:0.02134154182809851
own:0.010118261765839263
with:0.007832509510574294
ca:0.00918102051826929
such:0.008584898229766958
alomar:0.027151340566194063
turn:0.015274455958546942
my:0.008484055904734833
scored:0.04422099352052928
hitters:0.026948383539065684
to:0.0049221398574672524
denver:0.02630293162473038
brains:0.02510532454171842
most:0.024865117820987114
jays:0.023659846518977807
bruce:0.020565439462906624
that:0.006194725454187085
nt:0.006375701354664629
clutch:0.023081569500263955
anything:0.010362683706783051
re:0.003338754489090808
happened:0.0301098294530217
so:0.0091233089052225
anyone:0.007468369418041925
off:0.009747577892662278
getting:0.01210804273314592
comparing:0.02390385728923613
something:0.008886880880194297
big:0.012391877472623023
on:0.011317161277662722
you:0.009924981953727175
vs:0.015252731897604207
m:0.01833233989441168
a:0.0018703180256871362
how:0.005872156237630019
member:0.017816508583689994
series:0.016014956967712796
quick:0.018121764375854
said:0.009783503699390322
tate:0.08346672977513582
also:0.006622755052140921
evidence:0.014364768011219092
hands:0.017881115872120948
course:0.010920320535267942
rbi:0.07815759666011467
are:0.01148056038573617
no:0.010051301215915265
base:0.051584408777853356
phrase:0.021849734429209216
it:0.0015306045970534463
not:0.008074687614856671
have:0.0045647376173897575
being:0.00868662468716584
mistake:0.01994563390552173
only:0.005953286777987886
ve:0.008147918299229617
pitt.edu:0.06613159317967772
indians:0.024435948884169695
left:0.013055380283484649
has:0.0047534574727078165
call:0.011861411151779943
be:0.005164832653013137
stats:0.020734836478817888
found:0.011939823684183023
notes:0.020885332270524637
writes:0.0029520642456141175
get:0.005867740961121082
were:0.006925461149429907
things:0.0099764550363404
if:0.002991742945372363
end:0.012072470547212093
of:0.003472153313673904
fraction:0.02638961950802101
what:0.008218233062469922
tend:0.019016089704193453
forgot:0.04285424362144452
extent:0.021849734429209216
they:0.012494459256800138
who:0.017317672422774752
up:0.01199518187814629
david:0.03343453445550661
good:0.007232186836426335
in:0.0023796388646583544
compare:0.01923978086514961
sir:0.02361260495946648
use:0.007423122891729232
and:0.002556679114893682
for:0.002904900561714946
subject:0.00011918284326793882
baerga:0.029397338680801563
cause:0.014078130059562797
i:0.002556679114893682
hr:0.04910084804167276
we:0.0060167138647945085
any:0.004568246724503604
the:0.0023554781562157906
do:0.006413552847379434
uh:0.022958125163967037
when:0.005837832334123821
would:0.004163614491537393
nobody:0.01789415029222512
home:0.01307751362438102
because:0.007878224548636223
agree:0.01346676419180553
did:0.007338888586798952
bat:0.023040040961592914
come:0.010719614618167
individual:0.05171901149017704
an:0.012025421498594688
people:0.013439938750652834
many:0.008273218873116488
eye:0.020494763278903583
is:0.0023988627400952133
right:0.008660149972278123
somebody:0.016945215283369442
figure:0.01648436443783372
rbis:0.06028623168895283
their:0.0067575161543826515
runs:0.05024719447022323
batter:0.026660265141130096
stealing:0.02621789504003978
count:0.038065808719060804
position:0.01536983463041166
greetings:0.024435948884169695
players:0.04971259704961462
lots:0.01628881701525161
by:0.008843173882296126
soft:0.023853976482994498
