at:0.010243779214586407
posting:0.038362657639026056
maynard:0.061141080509889076
4:0.028886854699752083
from:0.009843863423606693
violent:0.056114192624489634
work:0.023547354232445392
that:0.008067549428708763
think:0.016741256134052966
13:0.09157531522015029
anything:0.026991176166504694
re:0.004348145381141518
anyone:0.019452497088853386
this:0.006104446957807198
personally:0.045567960524494196
two:0.021683598054108272
slowly:0.061380839663409265
m:0.01591645014088456
a:0.0032476840135962676
det:0.07045245079770665
want:0.022006953112932343
season:0.04438644684529905
steve:0.07458497318219504
given:0.03241613440908466
team:0.07449359462080227
results:0.04259399707986582
texas:0.046141507810104676
have:0.0059447745714843354
palmer:0.06591526898401623
be:0.006726293687645015
stats:0.054007015944827985
if:0.007792446741434991
end:0.031444574448552434
of:0.0022609370414620775
even:0.019525109857744485
but:0.007735851421516398
one:0.011433847764832819
in:0.006198129135854319
point:0.025599255363489077
5:0.03021945217346143
and:0.004439504819660347
for:0.003783126312931093
subject:0.0003104297313025383
baerga:0.07656981237790175
al:0.04430249047351432
doug:0.05025162191463705
leaders:0.051425179107543566
steven:0.05216876892847699
i:0.0022197524098301735
phillips:0.07185510181850449
top:0.0786426099108678
will:0.013177969126782376
the:0.0035058279534374557
do:0.008352533940773217
jose:0.05302205434631447
magnus.acs.ohio-state.edu:0.1070082183130556
would:0.02168952665359014
hits:0.11518026219300649
home:0.06812472213631043
did:0.01911524469119727
10:0.03360897392902517
people:0.01750317604736183
is:0.0031241003126821383
run:0.031125981725434824
runs:0.043625471167945754
batter:0.1388813812003056
article:0.009422475352518616
neither:0.04352071454070894
john:0.031179981390486576
