wagner:0.19325709062576632
there:0.009177789855771475
lead:0.03864214637619911
truly:0.043583034690303786
with:0.005848273767895473
ron:0.04237298336225036
into:0.017908039029823863
to:0.0013781991600908309
line:0.028238037488059888
rd:0.10359322616817933
walks:0.05732226538347722
could:0.015091091553260574
re:0.0037394050277817052
ball:0.04458605339731944
this:0.00524982438371419
he:0.015901332075202352
on:0.0050700882523928995
you:0.011115979788174437
score:0.04825820565706109
3:0.023414659446376197
a:0.004189512377539185
how:0.013153629972291244
was:0.017709222682027712
drive:0.028238037488059888
causes:0.04267151299374716
ip:0.05765562958615313
d:0.018218442223770354
catch:0.04845888128756918
have:0.010225012262953057
amazing:0.04901457979911728
second:0.027496957766522667
his:0.018444290415052567
twins:0.12163800573654941
writes:0.013225247820351248
what:0.009204421029966312
years:0.022297754229803936
they:0.009329196245077437
find:0.021164467376733904
one:0.009833109077756225
in:0.0035535940378898095
rather:0.025734836529128634
better:0.02236215871301403
and:0.005726961217361847
gets:0.03337316342392804
for:0.00325348862912074
subject:0.000266969568920183
ninth:0.05854116355956759
back:0.04212713440135075
don:0.04458605339731944
caught:0.04515224233731452
runners:0.061542209484070964
the:0.005276271069923372
thing:0.022639324351249566
closer:0.04661316852228948
would:0.00932649646104376
hits:0.049527512742992795
home:0.029293630518613487
maybe:0.02647913082342324
thought:0.026845864051917127
many:0.018532010275780934
unknown:0.04719136423117774
arrest:0.05525612288984722
save:0.036225102324212936
win:0.03389475403628341
somebody:0.03795728223474755
2:0.05845228656286226
run:0.053536688567747896
runs:0.03751790520443335
1:0.019585238919247086
first:0.018775548293910413
wall:0.04486514127849021
article:0.01620665760633202
davis:0.049527512742992795
going:0.021778156840496825
by:0.00990435474817166
s:0.006204362808560183
