yankees:0.04609650014093501
some:0.009415619960752856
at:0.007104556552051863
fast:0.028079015523774495
help:0.017258812258401587
all:0.015388190816875664
percentage:0.03633518002273964
fax:0.024666478547446687
with:0.00471634981281893
though:0.02004471130331193
ca:0.03317013864665034
to:0.0011114509355571215
80:0.03223114215696217
jays:0.04274036790525024
t:0.020776395604842273
puts:0.039821174387762934
been:0.023665167535829663
that:0.0055952358941044646
nt:0.005758697997761601
need:0.015493564447558356
re:0.003015649215952988
cs:0.08251149328723698
so:0.008240408043426775
this:0.004233729341704992
la:0.03514760862121273
on:0.012266342546111853
you:0.008964499829172932
them:0.01182144493171162
winning:0.03777455728472987
vs:0.027553322137607597
m:0.01103882832351671
a:0.0022524260094296694
series:0.028930244844900532
was:0.007140815597591819
tate:0.05025953620868394
also:0.011963686545802954
science:0.027271227630381575
far:0.02007562961388227
rbi:0.04706263884910131
computer:0.021618571815849315
are:0.005184769206461496
base:0.031061579479137506
pain:0.03570161290577913
it:0.00276496314306429
should:0.013248485018011931
couple:0.025451546731084827
have:0.004122988815706878
pitt.edu:0.039821174387762934
indians:0.044142359274629124
has:0.008586890918439926
throwing:0.04104443718882797
blue.cis.pitt.edu:0.04816047896462211
be:0.004665010138205414
5th:0.047671570724166994
notes:0.03772834216610902
writes:0.005332761217883567
get:0.010599790123315501
of:0.0031361384768667524
fraction:0.047671570724166994
what:0.007422920185456703
year:0.01995774771136816
forgot:0.03870705875485311
san:0.03256423736777858
they:0.007523545358933416
pitching:0.04025056563388238
david:0.04026524579587894
good:0.013064595575479832
in:0.005731603286919048
threw:0.04232242380956809
or:0.010875991253275569
weeks:0.02935939423655734
and:0.0015395057035918946
for:0.0052475623050334515
subject:0.00021529803945176046
hr:0.08869830613979594
we:0.010868902465435242
back:0.01698674774248014
league:0.03136981506639717
any:0.008252316663619414
actually:0.019712210702428103
scoring:0.04154639129267653
the:0.001823595991908999
uh:0.04147274223168239
can:0.00697230639062672
nobody:0.0323249166569228
maybe:0.021354137760825193
come:0.019364465116688778
an:0.007241114020659167
pitches:0.04609650014093501
trade:0.034024862067207215
is:0.002166714732989225
yesterday:0.03545454057140906
right:0.01564414188540564
runs:0.060512750329731205
23:0.03491670690609718
dave:0.056552817280235354
him:0.01932673631744603
article:0.006534942583198395
shots:0.039527886934772
619:0.1023644006621702
s:0.005003518394000148
news:0.024749004162608213
