some:0.01729684259456821
believe:0.016093865780224745
among:0.02551485531841352
split:0.03531797472064597
from:0.006270905588371671
gerald:0.03751094006970003
my:0.014077248316004464
to:0.0030626648002018463
remember:0.020612029900157276
mail:0.022698633369154488
that:0.012848319460536177
could:0.011178586335748574
sometime:0.03858052899475109
happens:0.027674648257620584
me:0.008026582817811443
re:0.0027699296502086707
anyone:0.01239196110845475
had:0.01136598878283063
this:0.003888758802751252
appeared:0.03522595605398999
he:0.01177876450014989
two:0.013813255056691197
recently:0.024513418996945847
on:0.007511241855396888
you:0.004117029551175717
machine:0.024094810032032198
february:0.03809348175354531
posted:0.02528430314431034
m:0.01013936823789683
more:0.009417918709783155
a:0.0051722375031347965
same:0.014385876670582314
was:0.006558971363713968
as:0.0059267715571630995
baseball:0.027757598815472653
copy:0.025308236630098832
subscription:0.04679066576225831
tate:0.04616431473982821
therefore:0.025429077930036046
also:0.010988867642070863
soul:0.03122577250985479
others:0.01997280165235849
seeking:0.03917943341422587
files:0.024513418996945847
have:0.007574083157743006
received:0.028661413264087197
pitt.edu:0.03657648610431558
date:0.026502216220617207
kind:0.020411308866393037
second:0.020368116864090863
facts:0.030000642919532514
references:0.030587908126012323
regarding:0.029311084230154646
blue.cis.pitt.edu:0.044236291789726975
be:0.008569796402036612
writes:0.004898239933463425
of:0.007201503169101431
looking:0.019213965521530697
what:0.006818089651826898
years:0.016516854985039953
particular:0.02511889961543561
find:0.015677383242025115
si:0.12027296897061598
david:0.018492186958107365
one:0.0072837845020416484
in:0.003948437819877566
or:0.009989799373379042
for:0.004819983154252948
subject:0.00019775523623717257
bibliography:0.09494982515608721
i:0.00424219349434211
appreciated:0.025072311993898096
ago:0.021193820187886254
any:0.015159811352426776
information:0.01806534284802789
revealed:0.03770007564010866
the:0.0039083489406839785
when:0.009686477354398045
would:0.006908515897069452
can:0.006404192536575655
an:0.0066510973226795314
repost:0.0411306737879455
here:0.01333630300461775
jerry:0.03615004275748982
is:0.003980335213195021
new:0.012770367147285532
else:0.018715201669170792
matter:0.022377059347411427
guess:0.022193757503227062
dave:0.025972404973145128
article:0.024009863120491883
past:0.02447047738446936
mine:0.024186955887407307
seem:0.02044231522144991
while:0.016076611154655723
s:0.004595824302637173
