22:0.13735208572261817
since:0.02198705080663386
out:0.012947001088796263
know:0.013559067314926395
all:0.01048426187523397
i.e:0.03796196699972971
with:0.006426674470214807
4:0.027299664881084387
into:0.019679163769037215
trivia:0.06609295611024109
gerald:0.055648097905598944
corp:0.05085895214189063
to:0.0045435137145851566
young:0.04125335744037568
that:0.003812138741038207
think:0.01582140689591819
re:0.004109236294265611
michael:0.03301862858982076
so:0.01122868788335077
anyone:0.018383678567487818
beaten:0.06412931008009409
he:0.017473991291431158
hi:0.034626556703455
on:0.00557152555208011
brings:0.05702351705893967
a:0.0015346199185125222
was:0.00973034213298226
as:0.008792463299088116
steve:0.03524344886631194
fisher:0.06609295611024109
jack:0.04697533954681248
pitchers:0.05789438927491924
injured:0.061169607511043715
mind:0.03329292091219931
frank:0.04303488325879805
worst:0.047359460591137506
slide:0.06263698545197253
have:0.0056181386060181636
robinson:0.13218591222048218
referred:0.05362918431056182
chuck:0.0547614065731798
list:0.031995918647489886
writes:0.014533239363023349
were:0.05114186694963624
but:0.007310804640114399
they:0.010251864005579602
who:0.014209372244328004
in:0.009762620983213762
proceeded:0.05310401218049206
and:0.002097787991707637
for:0.010725786689409033
subject:0.00029337315265954173
al:0.041868287700244304
i:0.002097787991707637
mighty:0.062125776488951734
possible:0.028318369483127277
the:0.004969800065861888
when:0.014370048822458638
because:0.01939255273510455
jerry:0.05362918431056182
paul:0.035989258144055576
trade:0.04636354831135928
win:0.0372469824574543
does:0.013389986970742037
61:0.05546494348268453
triple:0.06658143701761288
23:0.04757880941050605
orioles:0.13218591222048218
article:0.01780951385311211
67:0.0613233024777991
