yankees:0.020126640906605427
thu:0.020745974239223964
750:0.07656874866558845
louis:0.01659578059013366
minnesota:0.01774323717530907
06:0.19749874087637773
braves:0.016923055634181
4:0.008747427831615067
1.0:0.01931828019658958
florida:0.017982049134248373
kings:0.01837368869449564
125:0.020014849715356903
angels:0.03621563406146913
08:0.022242041823608703
kansas:0.022139973031801475
5.0:0.03572123787362935
montreal:0.01736072365065134
city:0.012956991543966168
thursday:0.01837368869449564
jays:0.018661287395250102
t:0.00907138399648043
teams:0.014563345555535763
cubs:0.01945638129924198
pittsburgh:0.03114482678344188
dodgers:0.04205562951840241
toronto:0.014144719349086558
12:0.025023836842338283
seattle:0.017135093873593164
oakland:0.019853548532148123
lost:0.19743697601790705
national:0.03437507667240331
2.0:0.03302682259171306
cleveland:0.018974482768547622
apr:0.013123972806471828
american:0.022725600122452224
phillies:0.01945638129924198
3:0.04946759037966802
astros:0.02292568976178109
baltimore:0.018408379879154134
milwaukee:0.020884075341876362
tigers:0.021027814759201204
red:0.01272048927796673
03:0.25359119331578783
3.5:0.03380053018029427
houston:0.01771449312376273
colorado:0.01659578059013366
250:0.03218380876026258
mets:0.019057336632668023
california:0.014012215587756817
streak:0.043165692505751585
1.5:0.09387748056345392
giants:0.01885374659432709
reds:0.020613085760411123
01:0.04205562951840241
05:0.2086796999313238
texas:0.013972428421369726
won:0.2434726470230302
mlb:0.04191042327049582
philadelphia:0.017465839718079794
07:0.047236663285858335
indians:0.01927342447202117
west:0.014358835562451369
atlanta:0.01685512182103072
500:0.029364627713729156
04:0.27219308538840326
boston:0.014682313856864578
twins:0.021415141855026305
listed:0.01598519540303506
286:0.03891276259848396
4.0:0.039812997609116954
3-4:0.020361469690051457
san:0.05687275258597949
york:0.026501177517080584
order:0.009874355144832718
in:0.0006256327531496144
2.5:0.05140528162077949
expos:0.021944304541819747
st:0.027019346781121834
francisco:0.017574190628878224
5:0.018301921738856922
and:0.0013443570932774292
0.5:0.04205562951840241
for:0.002291189175437141
600:0.017309319427337422
subject:9.40033693380926e-05
league:0.013696679817722707
games:0.01172489539298847
rangers:0.016432924894180294
angeles:0.016680122988100184
joseph:0.02876196217354755
scores:0.05481485970806524
sox:0.03724805289380628
home:0.020629317266629216
road:0.025427129478665565
last:0.015353257408869704
10:0.04070946137881922
gb:0.04299599143829341
including:0.01119706938919095
15:0.011766939197114943
idle:0.05717200989800407
rockies:0.020884075341876362
3.0:0.048831808916648324
east:0.028673656897119842
yesterday:0.030960303034188192
white:0.011968201217678142
new:0.01821126300933324
detroit:0.016723064090543208
pirates:0.02024209802922159
02:0.2036146969005146
blue:0.01407275220937785
2:0.06174537312978408
hernandez:0.043339584143711946
1993:0.02133560424655026
standings:0.040722939380102914
1:0.07585831975764716
cincinnati:0.021758939283068265
chicago:0.029737320681717486
cardinals:0.022040779803045505
orioles:0.021177672556450488
april:0.011979415006648283
los:0.03211194840692285
rain:0.020014849715356903
s:0.004369269583493087
diego:0.018271619902688413
