some:0.01913994877267794
at:0.01444204938449887
into:0.029357441032498138
work:0.03319790924574269
both:0.03681482102144652
to:0.002259342885394805
trust:0.06802243055275957
day:0.08338698477911057
t:0.1267019535246119
that:0.005686961072696341
think:0.02360242668079599
re:0.006130172176691321
michael:0.04925729838809327
had:0.025154237470198938
off:0.03579438439272706
he:0.026067757500331728
leading:0.07402006940543364
used:0.032368254235030584
them:0.024030478221840016
8:0.048401496432358464
tigers:0.1957999800528899
weird:0.08070687666709686
have:0.008381157592584473
after:0.031626453896146746
his:0.0302365416640206
writes:0.010840367065861679
get:0.021547114349034793
were:0.025431201597906544
of:0.003187550583044896
least:0.03946987512633578
in:0.002912781998270336
and:0.006258974008045736
subject:0.0004376550310166934
ninth:0.09596912058945506
i:0.003129487004022868
6:0.04816966610752778
top:0.05543659387159534
the:0.0074139640326792095
thing:0.03711364647745831
closer:0.07641503036440898
because:0.028929873752369082
just:0.01925227153222764
days:0.048823813517215944
does:0.019975226464549595
wanted:0.04992065556632955
article:0.013284145578960673
little:0.03844817544095843
before:0.03485564372496139
going:0.035701896459830865
s:0.010171086571410137
james:0.05671465192847586
