since:0.014711923701497657
go:0.014304648910250935
inning:0.0840583237864109
with:0.008600402599846284
into:0.013167675757223428
from:0.006224795988457174
viola:0.047874234502542856
turn:0.02515792746113614
to:0.00202676347072181
that:0.0025507693046652705
r:0.022795733578890663
pitched:0.08478769056787226
like:0.008563522525799068
afternoon:0.04092966384930131
re:0.0027495625204277245
so:0.007513313216065589
glenn:0.0820650077276429
this:0.015440659952100559
starter:0.0442239632796466
he:0.011692155937648788
two:0.01371168700480376
on:0.007456012135871911
used:0.014518114031888718
rotation:0.08049489044197077
why:0.02617239088461774
a:0.003080523807014107
was:0.006510743633098424
as:0.0058831923545369005
secret:0.029387217848994916
red:0.02656337466869523
season:0.02806790021099793
equipment:0.029668808180445507
course:0.017986410293382493
starts:0.032885752752892426
team:0.02355312182863601
are:0.009454579141194493
digital:0.030362997036850466
d:0.013395913399831143
place:0.019995791303797247
not:0.004433161827764448
should:0.012079501045834409
wins:0.03619940791685962
have:0.003759195684909212
only:0.00980541351668593
ve:0.0134201007281429
cs.cornell.edu:0.0820650077276429
edward:0.033235958995460474
his:0.04068593473908655
be:0.004253391596599054
5th:0.0434652556602699
found:0.019665591950419097
writes:0.004862223463364429
of:0.0014297101879833724
saturday:0.07328364703175531
relief:0.038441028571174804
what:0.006767956639681111
again:0.01795492013314719
they:0.006859703121380468
up:0.009878385076120474
good:0.011911837142349259
one:0.007230227263056047
rest:0.0480386887275413
in:0.005225873585132073
clemens:0.13521018387831013
and:0.0014036669650396686
subject:0.0001963011536177816
each:0.018720657333533935
i:0.0028073339300793373
6:0.021605512004111725
games:0.024484340379475923
normal:0.02773796084204811
the:0.002771150772018577
thing:0.01664656202297762
see:0.013010189422141001
sox:0.07778269869000724
start:0.02071736829325377
last:0.032061214000874964
an:0.006602192195306888
ted:0.032989074469478095
ma:0.029494249450275855
is:0.005926602063764645
night:0.02461643269547077
yesterday:0.03232619875628473
days:0.0656967490709597
tonight:0.035731571917740415
expected:0.030510060762634805
fischer:0.04092966384930131
first:0.027611100432221192
tedward:0.0430449732055644
article:0.005958330002327948
eight:0.0360401322052333
already:0.02136607589189229
three:0.021459470635827007
corporation:0.03492169265966376
before:0.015633781376637092
going:0.03202670123602474
four:0.025794456992815983
plenty:0.0342743886193305
s:0.004562031476882488
