school:0.01660513459267628
some:0.005331218607914859
leagues:0.03062833875156111
majors:0.02726894699366731
know:0.005634132993873524
help:0.009772112876903181
jhunix.hcf.jhu.edu:0.05643414389398527
faith:0.017100575892031015
thanks:0.009102222122904853
your:0.005753115169777454
with:0.008011333928623935
much:0.007978067897533933
3b:0.028217071946992633
missing:0.01971528522095547
c:0.011808665275931322
both:0.010254356540220264
except:0.014723111502300518
nl:0.02424886259985286
kimbark.uchicago.edu:0.055757358760161316
to:0.0031465734248649103
brains:0.02567850546732843
look:0.010827252622264432
young:0.01714180605969948
famous:0.02297221939337267
most:0.008477604858296977
us:0.009405828247420072
day:0.011613255871063342
might:0.009712717515426694
that:0.0031680787710911124
rod:0.025884534852170755
quite:0.012128764301869412
like:0.0053179865913638045
talking:0.01488443461352634
nt:0.006521265312533685
re:0.0017074908802656187
anyone:0.007638880135348818
harry:0.023827066617519457
winner:0.025170625854952975
this:0.002397180083887758
he:0.007260882226119795
big:0.012674797049623548
starting:0.017906493072498707
rotation:0.0249938472605206
names:0.01870729320539214
card:0.013976750440704299
m:0.012500590978228969
more:0.00580556632794852
a:0.0031883655841241894
other:0.012596419980200097
sorry:0.014508751985107874
wondering:0.01643348630985067
series:0.016380595254646878
was:0.004043201525577103
as:0.007306978632118889
season:0.01743029419495762
steve:0.014644538113399025
standard:0.013899746760101537
baseball:0.034221697169760805
cohen:0.02756364343721787
frank:0.035764149557539926
play:0.014620631199910692
reason:0.012201880931545788
it:0.003131099814976913
catch:0.022127343053684554
ken:0.01884051461696261
have:0.004668955371211442
only:0.0060892065674396645
between:0.01060669336094249
able:0.012043220210550999
humor:0.02535452493777462
his:0.016844100835664445
be:0.005282751206734898
thinking:0.015906513853190207
writes:0.006038925945365866
were:0.02125073010236026
kinda:0.023319187005144005
whatever:0.015091144195220835
of:0.003551426220378788
trying:0.01231200101857715
converted:0.02316171588153136
but:0.003037822932650275
present:0.01655022960196029
award:0.025814820367555284
well:0.007684328356864588
ed:0.018119496217666675
who:0.0118087020477977
up:0.018403566717155952
sounds:0.01626805736785771
over:0.009159546815156884
one:0.004490004145094166
in:0.0032452913588034787
threw:0.023963381517746317
our:0.010181622935983532
or:0.006158095504137765
world:0.011512560222523638
and:0.005230101568366984
for:0.004456833738521561
subject:0.000121903912748942
al:0.01739732502612891
i:0.0034867343789113225
we:0.012308163522502007
games:0.01520488717629555
any:0.0046725445949260605
actually:0.01116125172192276
pretty:0.013141644095523408
the:0.004130153479392071
wrong:0.01207042035082128
thf2:0.05492656626513185
around:0.010809107000701533
would:0.004258674183125004
can:0.007895579839613821
major:0.014960858322912291
law:0.01372986815179893
because:0.01611618537803209
maybe:0.012090927316631616
pitcher:0.02327930718793508
come:0.03289306403382751
stone:0.04543895846635114
friend:0.015859358080789067
just:0.010725009712017222
long:0.010869001119217282
ted:0.04097273176117827
affected:0.023084971049036472
is:0.006134078239512874
stuck:0.021714630444240404
representative:0.024200025663246708
somebody:0.017332092344633582
does:0.00556387586455491
too:0.008915606702577608
dave:0.016010386627281242
infield:0.029415082287026835
late:0.017598808153566983
article:0.007400300276863936
players:0.03389839189988943
u:0.01726777846389505
jewish:0.12224452199166022
past:0.015084540853440015
says:0.011694186047614465
john:0.012244193605396555
s:0.005666084756675966
