school:0.03398621005416921
go:0.018181609829851654
out:0.011011000925985606
round:0.04112787562616111
there:0.017154747393965372
know:0.023063086460902837
hours:0.03659976052851048
all:0.008916521781741038
ca:0.019220080337311412
o:0.03271942975513908
to:0.0038641097946471893
day:0.023769187250120297
t:0.024077318271032166
r:0.028974016511487195
talking:0.030464403554787554
nt:0.006673631324508771
so:0.009549631751260935
ps:0.04210805909177304
on:0.02369200117940607
you:0.005194383078586185
am:0.015274171557956686
a:0.001305144042847098
how:0.012293112123636676
wondering:0.0336348925407224
want:0.01768783147394562
was:0.016550675403764217
listen:0.07983077327744427
steve:0.029973400437704543
are:0.006008517585058182
those:0.017345006114837008
it:0.0064085127054200365
not:0.005634672977345466
neat:0.048952618846102254
sports:0.04485677837011015
doing:0.025053298179115096
virginia.edu:0.04491726915988228
down:0.022096874550964093
coast:0.05004171993260648
of:0.0018172017342592396
what:0.008602262644828329
particular:0.031692069608259876
york:0.03516978698528451
who:0.012084606301250918
up:0.025111408791633354
clear:0.03082010039426741
one:0.018379643135992944
in:0.0049816738848922565
chief:0.046572785029526734
and:0.0035682001354279424
for:0.0030406435786175137
subject:0.0002495042700188626
p:0.03145914055730233
i:0.007136400270855885
rangers:0.04361636140137573
signal:0.04210805909177304
any:0.019126864790444995
48:0.04797729160008129
pretty:0.026897383709529217
the:0.0028177682616413193
do:0.006713251578565389
see:0.016536315527207253
when:0.0122212564751751
radio:0.03352663888567912
did:0.015363654611616498
last:0.02037535095382708
an:0.008391571388427445
just:0.010975594051083046
jonathan:0.04467762027564547
during:0.02736793934394832
about:0.00920575869459693
is:0.005021918259638577
east:0.03805289046159829
night:0.06257635227259858
new:0.01611214546620137
does:0.011387745928388085
virginia:0.045609867030477806
too:0.018247830540789687
show:0.02813148289471806
mike:0.02986366382203461
s:0.01739540974362668
