know:0.04569907872808525
thanks:0.07382913499689492
finds:0.19474566384631337
me:0.08026582817811442
anyone:0.061959805542273746
a:0.0051722375031347965
richard:0.1383732412881029
let:0.08537547195380832
starts:0.16564675460716183
dick:0.1869374021083071
boi.hp.com:0.22793410920026283
list:0.21567619236456145
if:0.024820385917163304
mailing:0.32694479804196974
please:0.07094130951500943
one:0.07283784502041647
in:0.006580729699795943
or:0.024974498433447602
subject:0.0009887761811858628
interested:0.10655837834870073
cards:0.14574138756859636
count:0.1579026139457337
s:0.022979121513185864
