another:0.011143242866274265
yankees:0.05744689464799941
read:0.022783950370833386
go:0.04888020733151074
out:0.0059204879350776875
bbs:0.020336897747515886
there:0.004611954701392701
traffic:0.021985126941637696
all:0.004794310706765282
take:0.010682156433847756
your:0.00633131769940333
with:0.002938831039143454
c:0.012995465806175678
programmers:0.028888220303009707
previous:0.01745326341554174
times:0.014122995685894606
from:0.004254131931809927
work:0.010176243537639717
post:0.012977777911714474
to:0.004847936744038098
young:0.018864600638563753
us:0.01035113761902008
walter:0.028185898984541574
tough:0.024086655252620583
that:0.0017432393237913407
through:0.011906850723742849
nt:0.0035883344307660226
me:0.005445169248264044
need:0.00965428136430772
re:0.0037581960078208096
had:0.007710595405437865
this:0.007914308116152045
mean:0.013283527923768143
he:0.007990619133267514
cleveland:0.027079161338027763
apr:0.018729689834361803
two:0.009370801169112118
game:0.04480415740568574
on:0.002547783041403467
you:0.011171838983089887
performance:0.019050307706515657
mvp:0.029234918149677807
beat:0.0218388551619489
more:0.012778080661514833
a:0.00421056520355697
214:0.029511600447079955
season:0.038364165112519784
coming:0.017470502285374848
baseball:0.018830531859742754
cyberspace:0.030223412090612755
fine:0.01627716873326915
jason:0.04582810727420145
mattingly:0.031892426336957554
team:0.01609660587283667
are:0.003230710460307666
no:0.011314027499321706
play:0.016090041370755988
kevin:0.04528203339517302
works:0.014950381877139398
boggs:0.031892426336957554
it:0.0017228916067335274
texas:0.019940551113914583
couple:0.031718510499040384
have:0.005138197117061837
follow:0.018979860866418518
only:0.0067011871269813394
date:0.01797889040092122
indians:0.02750579170881413
after:0.009694541144044982
facts:0.020352194945411503
electric:0.026271255706933536
writes:0.0033229265880279513
get:0.006604894348196595
of:0.0029312651090312356
key:0.01610976065948028
gmt:0.02129295646344239
please:0.009625202798518868
they:0.00937607662821853
who:0.006497753136853509
up:0.006751057137449169
pitching:0.025080754465333747
now:0.008301077376272585
pick:0.020201278929839268
one:0.009882521686187161
president:0.018921900297346726
in:0.0053571769415424264
or:0.00338849978745269
and:0.006715029903104344
for:0.006539675636423598
subject:0.00026831112454289745
6:0.014765576043011028
group:0.013553346406063543
we:0.006772582440773719
games:0.016733016540747367
tue:0.029058579859168914
mk:0.03254173152027416
any:0.005142147066777926
the:0.00265139249744893
users:0.019842701348021016
closer:0.07027110832505952
hits:0.024888197358287838
ralph:0.11133739315209774
did:0.008260859514788771
an:0.0045120509475464156
many:0.009312567977779363
is:0.0013501137029681603
division:0.019912399075981572
win:0.017032539716725335
does:0.006123059368530278
spare:0.025618936051044136
break:0.01971963089571802
life:0.01402200680044578
run:0.013451429288378869
runs:0.01885321869569515
drove:0.026526393020367824
1993:0.015224401020151443
1:0.019683657205273455
first:0.009434948891412267
article:0.00814404904840805
95:0.053813708872250184
three:0.014665768876746095
before:0.010684393302626353
homer:0.031183488657259534
by:0.014931188062570343
freenet.carleton.ca:0.11161087359543
says:0.025738962255553447
north:0.020171632084979022
check:0.016629706354712007
