read:0.031486153637471134
there:0.012746930355238158
help:0.029723510000580513
all:0.013250942092309599
thanks:0.027685925623835594
own:0.03147903660483327
with:0.00812260245541038
miller:0.13226933437601582
nights:0.07831121921013981
my:0.013197420296254184
weather:0.07247399429495502
to:0.0019141655001261538
that:0.004818119797701067
cold:0.061363199792217084
think:0.019996500382341045
indeed:0.051225587618119656
injury:0.07247399429495502
anyone:0.023234927078352653
this:0.007291422755158597
game:0.04127790427653455
sunday:0.06205308326162316
on:0.007041789239434582
disclaimer:0.05213966009825259
ray:0.12049357962746304
a:0.005818767191026646
air:0.053529708133766236
was:0.012298071306963688
as:0.01111269666968081
colorado:0.06546113454997166
are:0.008929324744461465
it:0.004761880968610722
have:0.007100702960384067
philadelphia:0.06889303444353696
left:0.04061673865973002
his:0.05123414004181268
if:0.009307644718936239
of:0.0027005636884130367
year:0.03437167661402294
extent:0.06797695155753979
one:0.01365709594132809
in:0.007403320912270436
or:0.009365436912542852
for:0.004518734207112138
subject:0.00037079106794469857
i:0.007954112801891455
any:0.0142123231429001
information:0.03387251784005229
the:0.004187516722161405
got:0.03072435863375797
once:0.03726432215173481
last:0.030280035445270803
just:0.016310952270359527
is:0.0037315642623703318
morning:0.05958528913332522
spent:0.06030336377744869
strictly:0.07288861878314504
does:0.01692345575468785
shoulder:0.07674461512478781
little:0.032574148637478664
opinions:0.03966125216000058
