since:0.011980967804812464
feeling:0.026147526051434267
out:0.007054952689104551
say:0.011362544756093076
there:0.010991365096732306
separated:0.03473083314183523
all:0.0057129810218340795
true:0.015468747258430221
defense:0.02349824280387956
nichols:0.03248059757320021
allows:0.024746547216444092
braves:0.02877932814435571
wonder:0.022098010226448677
with:0.0035019603400571696
much:0.010462256703951685
statistical:0.06734841553706498
arguments:0.024907309192708695
to:0.005776882706967554
animal:0.030323215026404216
apart:0.05516956215198903
us:0.012334589138832312
might:0.012737036741787102
that:0.0020772732061944722
along:0.020921924617612185
stretch:0.03292991006387634
could:0.009036581768419505
its:0.012382182970264492
me:0.006488554972482304
re:0.0022391646872944346
this:0.006287214830795438
these:0.019839951773640032
game:0.017796461724014896
on:0.006071961978913652
none:0.021691678038450863
why:0.010657021438047943
more:0.007613287579764826
a:0.0025086900464306497
member:0.0238975923517758
basis:0.022318612437353287
test:0.021412573975926174
baseball:0.04487755497112345
preventing:0.033167876103693796
evidence:0.01926771278151543
503:0.07127281562168152
others:0.016145677982445487
no:0.006740992432230598
it:0.0020530265253890538
not:0.003610239572311167
have:0.006122761834103627
farm:0.03292991006387634
left:0.017511408284434503
passes:0.027713560747976332
explained:0.028366197177367977
sherri:0.0348368186334484
be:0.010391519589295892
common:0.020156455327133834
writes:0.007919310072066615
certainly:0.01841770824703977
were:0.009289241302229337
things:0.013381592384073352
if:0.004012876765050355
of:0.00465725953450871
what:0.016534888077783794
but:0.003983731869762936
never:0.013197240903364434
balanced:0.03452432909350487
sense:0.0196785751279221
beyond:0.023386611960710218
adobe.com:0.06372828533499393
pitching:0.059773295073070845
one:0.0058880892681175
difficult:0.022318612437353287
in:0.003191850932236356
or:0.0040377931598987145
and:0.008001742219866853
for:0.0019481967839046347
enjoy:0.027681105254147954
subject:0.00015986201731747483
i:0.0011431060314095506
we:0.03228129115482563
snichols:0.03601472458701759
any:0.00612746866041202
will:0.013572519100638137
yet:0.01574891462686326
scoring:0.030848817486777785
than:0.008566474743829109
the:0.002708094646667256
would:0.0055847284197866835
home:0.017541096118930233
come:0.014378405236343764
just:0.007032266847101114
many:0.01109701214118619
paul:0.058832739361240546
is:0.008044090625468979
length:0.027681105254147954
today:0.017000756082624868
itself:0.020138058925714852
carry:0.02330813083792399
fielding:0.03800354994643445
mystery:0.03292991006387634
runs:0.04493162299932138
hewlett-packard:0.0361463348068905
almost:0.018095766049488433
natural:0.025072506537132815
percent:0.05666003130735916
article:0.009704585393013186
little:0.014043944322745295
thus:0.019948233969319194
going:0.013040812479339418
resort:0.03413153099478743
wish:0.02237172164538191
everything:0.037001945915248545
s:0.00371518731051508
