whats:0.06179538756391387
there:0.009177789855771475
with:0.011696547535790946
from:0.008465722544301757
wrote:0.02575574974692861
to:0.0027563983201816617
next:0.026783800237491752
that:0.0069380925086895365
think:0.014397480275285552
pitched:0.05765562958615313
helps:0.042299722961329625
like:0.011646390635086733
nt:0.007140785517224385
suppose:0.0385413898563117
me:0.010835886804045448
re:0.0037394050277817052
ball:0.04458605339731944
this:0.00524982438371419
he:0.0954079924512141
something:0.019906613171635227
game:0.05944018215820975
tell:0.024100250536224527
took:0.03375401676416679
a:0.0027930082516927903
other:0.013793079878319108
baltimore:0.05227979885679773
play:0.032019182327804416
missed:0.04345932177227831
not:0.006029100085759649
palmer:0.056687131326253956
hurt:0.09020763218511327
against:0.025832807921578466
hope:0.028884615376400455
west:0.16311637198944756
edward:0.04520090423382625
his:0.018444290415052567
pitch:0.04991070138601415
be:0.005784612571374713
of:0.0019444058556573865
but:0.006652832222504103
please:0.01915415356905255
they:0.009329196245077437
up:0.013434603703523847
damaged:0.056687131326253956
in:0.0017767970189449048
or:0.006743114577030853
and:0.0038179741449078986
for:0.00650697725824148
subject:0.000266969568920183
i:0.0019089870724539493
the:0.006030024079912424
got:0.06636461464891721
did:0.016439110434429655
arm:0.1001363699113911
last:0.02180162552059498
ready:0.04215479288830396
pinch:0.061542209484070964
hit:0.10739106419788227
is:0.008060178806719916
night:0.033478348465840246
tonight:0.048594937808126966
nothing:0.02554856001500909
orioles:0.06014459006031938
by:0.01980870949634332
mike:0.06390824057915408
dean:0.09966575996318723
s:0.006204362808560183
