at:0.018353437759467312
majors:0.12441457065860712
someone:0.04590537738881291
from:0.017636921967295324
post:0.053803704258982926
to:0.0028712482501892307
montreal:0.10271761493302042
nt:0.014876636494217468
re:0.007790427141211886
this:0.010937134132737895
age:0.08589142970653377
am:0.06809734819589022
a:0.002909383595513323
team:0.06673384518113536
are:0.013393987116692197
missed:0.09054025369224647
probably:0.04973382739644184
only:0.02778200496394347
university:0.04896541878330528
be:0.012051276190363985
but:0.02772013426043376
year:0.10311502984206883
in:0.007403320912270436
expos:0.2596742704115337
and:0.007954112801891455
subject:0.0005561866019170479
i:0.007954112801891455
the:0.007851593854052636
original:0.06429516694319748
would:0.019430200960507835
fan:0.08332408303103486
entire:0.07769621297268337
rockies:0.12356411243943513
average:0.08082335539380389
their:0.03153507538711904
first:0.03911572561231336
players:0.07733070652162274
