wilson:0.07798547091564711
all:0.0149073098538483
take:0.033214830161495366
watch:0.060065060008974214
where:0.028866512472402527
into:0.027981310984099787
longer:0.05303454700584649
to:0.008613744750567693
appreciate:0.05998770836585147
think:0.022496062930133676
like:0.03639497073464604
account:0.06366842823011344
michael:0.09389672505230279
ball:0.06966570843331163
on:0.007922012894363905
you:0.017368718419022558
score:0.1508068926783159
them:0.022904049555191264
how:0.0616576404951152
learn:0.05953147157378487
official:0.06337817220553633
officials:0.07571700201182684
d:0.02846631597464118
it:0.010714232179374124
always:0.041514939031229804
get:0.020537093363923786
if:0.01047110030880327
even:0.02623686637134415
using:0.034444071541326886
douglas:0.07047471264461974
use:0.025980930121052313
and:0.0029827923007092957
subject:0.0004171399514377859
i:0.011931169202837183
games:0.05202922330638634
scoring:0.08049613312956078
than:0.02235314503467908
the:0.0011777390781078953
when:0.020432413169433374
hello:0.06045766860393393
can:0.013508843631839271
law:0.09396378516387394
methods:0.06952301337763549
keep:0.08279420575393504
instructions:0.07550726731913714
takes:0.055873435218432355
mike:0.04992831295246412
s:0.019388633776750572
