mark:0.16686799801623278
re:0.041548944753130056
this:0.029165691020634387
he:0.08834073375112418
on:0.02816715695773833
was:0.0983845704557095
b:0.17005046369523563
bob:0.20466694522383888
in:0.009871094549693914
better:0.12423421507230016
subject:0.0014831642717787943
than:0.07947784901219228
alchemy.chem.utoronto.ca:0.3006824224265399
article:0.04501849335092228
borders:0.3055163878148527
says:0.14227926357930934
