ian:0.07033835353630052
basically:0.050310340362152386
at:0.011294423236595269
funny:0.05770213013533618
florida:0.06547310197598125
im:0.07578557397175265
nl:0.06808334499189457
that:0.004447495197877908
nt:0.0183097064544215
me:0.013892162569289034
re:0.004794109009976545
injury:0.06689907165688155
sucks:0.07435960429085234
chances:0.06256738169565546
this:0.006730544081684859
game:0.07620536174129455
winning:0.06005186029880133
phillies:0.14168236638422363
m:0.017548906565590668
a:0.005371169714793828
looked:0.047756451339483134
was:0.011352065821812635
as:0.020515747697872268
ns1.cc.lehigh.edu:0.06908657828548109
course:0.03136092051153871
have:0.006554495040354523
92:0.05619890882534454
second:0.03525250995708034
talk:0.04435376625175676
writes:0.00847772296176362
get:0.016850948401168235
of:0.004985656040147145
but:0.008529272080133465
year:0.03172770148986733
they:0.02392101601301907
in:0.006833834688249634
or:0.008645018688501094
subject:0.00034226867810279864
the:0.004831750064032391
wrong:0.03389002636961359
do:0.018418408177089656
thing:0.029024774809294315
fan:0.051276358788329146
did:0.021075782608243145
forget:0.049220683787365306
last:0.02795080194948074
injuries:0.06923652751321431
about:0.012628412568229122
is:0.003444520857572614
scary:0.14871920858170468
east:0.05220075999219253
lot:0.03177632549058193
their:0.0194062002382271
first:0.07221364728427082
late:0.049412038277322684
article:0.010388883080982065
very:0.0223492627151724
spring:0.06104738509662269
killed:0.04683057688035751
training:0.05745907995912317
