effective:0.07618802704914233
thanks:0.03761106877200308
whom:0.07940209055380722
from:0.015973061404342934
to:0.0026003757737562846
make:0.03320906572357931
that:0.006545370291216543
cubs:0.20851367128244233
like:0.02197432195299383
me:0.020445069441595184
re:0.007055481184493784
anyone:0.031564429238516815
26:0.08295024586518346
cal:0.10124082241590238
something:0.03755964749365137
on:0.019132408499595844
more:0.023989038223032562
also:0.027990511918482383
march:0.08176815218666142
are:0.012130403426438216
ken:0.07785042832292097
writes:0.012476648887123817
of:0.003668690293693182
dl:0.33460045866773813
they:0.017602257066183843
who:0.02439722404214808
in:0.003352447205556424
expos:0.2351766977312003
or:0.012722857692511044
for:0.012277315581587697
subject:0.0005037161677739301
p:0.0635118498043651
info:0.05557349923381882
room:0.07524582038336991
the:0.004266526471636149
can:0.016312565895051194
did:0.031017189498923875
is:0.005069294846993659
move:0.06673254935043428
today:0.05356842010940288
questions:0.05705993089142475
article:0.015289299628615112
give:0.04458936361049069
mike:0.06029079299920195
john:0.05059393206758199
