school:0.018182622378980526
okay:0.021528830677512482
24:0.018315418744342303
go:0.009727161258970636
out:0.011781770990804599
ultimate:0.026341947120088253
there:0.009177789855771475
stations:0.02743195787915721
know:0.012338751256583019
hours:0.03916174376550622
all:0.009540678306462913
till:0.02499456658031221
your:0.012599322221812625
with:0.005848273767895473
c:0.0129304884771448
ca:0.010282742980461605
from:0.004232861272150878
to:0.004134597480272492
everyone:0.015287563787565517
within:0.01618225108161409
then:0.007979401748879017
day:0.02543303035762872
might:0.01063542567939223
bunch:0.020281015105771627
that:0.0034690462543447683
complaining:0.028117963486724632
talking:0.01629845590181134
nt:0.007140785517224385
re:0.0018697025138908526
so:0.0051090529869246
philly:0.029964764004054872
best:0.012175880399807172
two:0.009323947163266557
on:0.0050700882523928995
you:0.0027789949470436092
took:0.016877008382083395
am:0.016343363567013654
m:0.006844073560580361
a:0.0027930082516927903
how:0.006576814986145622
wondering:0.017994667509286483
want:0.009462989838560908
as:0.0040005708010850925
listen:0.04270946370343268
steve:0.016035769234171934
mets:0.027061418018388596
mistaken:0.026943765531337625
are:0.0032145569080061277
those:0.009279578271437801
begin:0.02086609739770257
it:0.0034285542973997198
not:0.009043650128639473
only:0.013335362382692867
philadelphia:0.04960298479934662
hopefully:0.02311372288721354
sports:0.16798863499606254
robert:0.01597706014478852
somewhat:0.021509184286813032
virginia.edu:0.048061478001074034
has:0.005323872369432755
feel:0.015231383421230888
talk:0.05189390651455541
jody:0.029756400522052032
highest:0.02359568211558887
be:0.0028923062856873565
writes:0.003306311955087812
down:0.01182182788476579
coast:0.026772320163944468
if:0.0033507520988170464
of:0.003888811711314773
what:0.004602210514983156
but:0.006652832222504103
powerful:0.023006766937306952
particular:0.016955257240419037
again:0.01220934569054009
york:0.03763167207425443
they:0.004664598122538719
who:0.006465264371169241
up:0.006717301851761923
clear:0.016488753710933068
one:0.004916554538878112
in:0.007107188075779619
610:0.08370630788219577
p.s:0.02267416352559914
and:0.0028634806086809237
few:0.011428137504531434
for:0.00162674431456037
subject:0.0001334847844600915
station:0.020679950688860783
i:0.004772467681134873
signal:0.04505562322819715
any:0.0051164363314440365
will:0.005666526724516422
the:0.0037687650499452652
do:0.007183179189064966
thing:0.011319662175624783
when:0.00653837221421868
fan:0.03999555985489674
radio:0.05381025541151499
come:0.012005968372347043
an:0.008978981385617367
just:0.00587194281732943
during:0.014641847549012352
about:0.009850161803218715
is:0.0067168156722665975
east:0.02035829639695509
night:0.033478348465840246
new:0.01723999564883547
else:0.012632761126690284
does:0.012184888143375252
virginia:0.024401278861305626
nation:0.022409041184058037
too:0.009762589339322484
nice:0.01579869728377379
fans:0.020565003097737292
show:0.015050343348674163
article:0.004051664401583005
close:0.017374566080852704
mike:0.01597706014478852
check:0.016546557822938446
s:0.006204362808560183
