taken:0.03744183295180296
there:0.010429306654285767
tank:0.05271697403913906
i.e:0.03925612496562958
funny:0.051145069892684344
my:0.010797889333298878
to:0.001566135409194126
then:0.018135003974725037
that:0.011826294048902617
think:0.01636077304009722
nt:0.008114528996845892
re:0.004249323895206484
so:0.011611484061192274
had:0.01743646006456972
on:0.005761463923173749
you:0.006315897606917294
books:0.041485658102797286
roger:0.10031260849014982
a:0.004760809519930892
baseball:0.17033072000403673
awful:0.05716950053577972
copy:0.03882513573935616
jay:0.05793373038815663
stars:0.11325654541271275
book:0.03533748307595084
it:0.007792168857726636
occasionally:0.061368740295803595
has:0.012099709930528989
degree:0.05035743580302265
writing:0.04548248574031403
list:0.033086688601381586
writes:0.0075143453524723
of:0.006628656326104726
short:0.03935202120024168
find:0.02405053110992489
called:0.030480164725644705
author:0.045954633500687576
one:0.011173987588359347
in:0.008076350086113203
compiled:0.059985820580149965
and:0.004338606982849885
subject:0.0003033745101365716
i:0.0065079104742748264
special:0.039723990828011625
top:0.03842763893371949
pretty:0.032704773374086664
the:0.005139225068107179
can:0.009824613550428562
peter:0.041839694100294963
shelf:0.062345358816266384
is:0.00915929409854536
sale:0.03607809266026852
sold:0.0466650921027482
every:0.02763805144247041
article:0.00920832818541592
players:0.0421803853754306
jewish:0.17384123581930902
wish:0.0424554263043043
s:0.014100824564909508
