go:0.02860929782050187
out:0.03465226762001353
block:0.06452616598769605
with:0.008600402599846284
loose:0.07673717042995237
uicvm.uic.edu:0.0797685263930064
to:0.00810705388288724
add:0.05053265318311351
that:0.010203077218661082
cubs:0.08125900424977532
think:0.02117276511071405
like:0.017127045051598136
need:0.02825297046319465
re:0.005499125040855449
had:0.022564830671796106
he:0.07015293562589274
more:0.018697338615010675
was:0.013021487266196848
mind:0.0445537618089726
team:0.04710624365727202
play:0.047087032835006495
it:0.010083983227646235
not:0.008866323655528896
left:0.08601191716178122
has:0.015658448145390455
his:0.027123956492724362
were:0.02281328378635734
trying:0.039651885633358766
but:0.009783576797800151
in:0.005225873585132073
our:0.032790815043829316
suck:0.0810642215034515
subject:0.0003926023072355632
i:0.0028073339300793373
we:0.03963952663864617
any:0.01504834215130599
the:0.002216920617614862
sox:0.23334809607002174
because:0.025951798513154618
last:0.032061214000874964
mental:0.1568306145883583
is:0.01185320412752929
night:0.04923286539094154
white:0.09996968075942918
jimmy:0.07809560160834966
update:0.06385062047023979
supposed:0.05365727957965236
s:0.027372188861294926
