taken:0.029953466361442364
out:0.010710700900731453
wrote:0.02341431795175328
nl:0.28966368596551506
to:0.0025058166547106014
q:0.03858798585020598
make:0.01600073166681549
that:0.003153678413040698
me:0.00985080618549586
re:0.0033994591161651865
so:0.009289187248953818
this:0.004772567621558354
he:0.043367269296006414
game:0.05403652923473613
on:0.004609171138538999
you:0.01010543617106767
serious:0.03269994215490427
vs:0.03106010859148493
more:0.011558354780188415
a:0.002539098410629809
basis:0.03388371160943635
pitchers:0.19157779723700546
team:0.029120223351768157
are:0.035067893541885026
likely:0.030058261862997527
it:0.006233735086181308
not:0.016443000233889952
statement:0.03157454017902551
stay:0.035897250620510746
doing:0.024370026410593774
his:0.01676753674095688
be:0.005258738701249739
if:0.018276829629911163
of:0.0017676416869612604
what:0.008367655481787556
seems:0.021422609903464344
well:0.015298799183212225
they:0.016962174991049885
who:0.01175502612939862
bob:0.06698190934598364
in:0.014537430155003766
and:0.001735442793139954
for:0.0029577169355643087
subject:0.00024269960810925723
al:0.13854597020808115
will:0.01030277586275713
than:0.013005466201995101
the:0.006852300090809573
do:0.00653016289914997
extra:0.035315233722647735
pitcher:0.0463469843105253
needs:0.03044860511517588
may:0.016918413885816642
an:0.008162710350561243
is:0.004884956852557526
sean:0.09317457329501705
run:0.024334858439885407
article:0.014733325096665473
says:0.02328206131297789
especially:0.02841177915906674
s:0.005640329825963803
