another:0.01312133331590875
yankees:0.03382228412707657
prism.gatech.edu:0.027959210592333004
out:0.006971462124736449
there:0.005430644885071878
all:0.005645371778972137
where:0.010931697030969004
with:0.0069210340448467135
way:0.010250726742878954
into:0.010596472798712345
themselves:0.019150592995993
my:0.011245139187340844
to:0.0016310049231844151
line:0.016708897921928926
then:0.009443078992756232
most:0.01098577197613632
been:0.00868189578237538
that:0.002052690091328265
guy:0.02003746004111757
pitched:0.0341157571515699
nt:0.008450633748194538
me:0.006411767339671862
need:0.01136805912128542
re:0.004425331393824504
michael:0.017779261548365025
wait:0.021724259201835017
so:0.006046216552573491
this:0.0062128099215552545
starter:0.0711770296571827
he:0.05645443340308528
on:0.006000104440701656
you:0.009866254249858968
tell:0.014260503275872501
performance:0.022432019133707785
rotation:0.06477695325507705
impressive:0.03111321256716249
a:0.0016526676045519467
how:0.007783213001355765
baltimore:0.03093479222295724
columbus:0.0342169076448202
poorly:0.0341157571515699
staff:0.02847729278774318
no:0.01332243474772201
hey:0.022805556127995084
not:0.007135029687289525
fifth:0.02962614494419855
have:0.006050303114173407
won:0.025571831270170334
ve:0.010799607686552866
cs.cornell.edu:0.033020239795737975
after:0.011415465607484918
doing:0.0158621473678421
edward:0.026746097179778845
has:0.006300440673884917
his:0.032741343932045974
be:0.006845695350739305
noticed:0.024001201308605474
writes:0.003912795213121671
get:0.007777360800539185
if:0.003965387099191771
of:0.0034516080277941772
key:0.018969481486606956
but:0.003936587113907753
oh:0.019110746651724693
well:0.009957798284931034
please:0.01133381867991275
find:0.012523353477357339
who:0.00765120043925354
pitching:0.05906591880001675
now:0.009774641407563575
good:0.01917171421727218
chance:0.04254505950310774
over:0.011869471908398566
yankee:0.03533668279061031
in:0.005256795914038179
or:0.003990008625462043
and:0.00225915629876207
for:0.0019251412006631597
subject:0.0001579701591243686
andre:0.03224053992809819
fourth:0.05711030255273501
until:0.01692997470629967
i:0.001129578149381035
back:0.01246364923116886
room:0.023597801658689972
games:0.019703374506560508
um:0.0342169076448202
any:0.006054954238395309
will:0.013411897572819933
currently:0.021295464508031343
the:0.0031220538875286223
do:0.00425040188702069
strong:0.021364807017576985
got:0.013089667583612864
holding:0.027258333962669135
last:0.012900370130529573
an:0.005313006737051696
ted:0.026547420874846277
many:0.01096568655371653
is:0.012718230858729652
having:0.015484564452191487
time:0.009346212839666945
spot:0.028555151276367506
knocking:0.03453116696620451
himself:0.02214663580178088
fischer:0.032937480967485076
first:0.011109791889887817
too:0.011553360164878677
tedward:0.034639741751223425
update:0.02569137391701956
fans:0.024337281772470166
him:0.014180563925226673
orioles:0.03558851482859135
article:0.004794869114299414
prediction:0.03363442200687196
april:0.020131087940166343
by:0.005860564939746545
s:0.014684882387124693
