yankees:0.17862393804612317
with:0.018275855524673354
to:0.004306872375283846
hall:0.2862756383510092
nt:0.022314954741326203
anything:0.07253878594748137
re:0.01168564071181783
happened:0.10538440308557596
anyone:0.052278585926293475
this:0.016405701199106844
he:0.04969166273500735
more:0.03973184455689768
was:0.0276706604406683
season:0.1192885758967412
d:0.05693263194928236
virginia.edu:0.15019211875335636
has:0.03327420230895472
heard:0.16891545996374216
writes:0.020664449719298823
what:0.028763815718644725
subject:0.0008342799028755718
i:0.011931169202837183
any:0.03197772707152523
the:0.0023554781562157906
about:0.030781755635058486
mel:0.3947962423690545
him:0.07489110323010337
todd:0.1590471941067084
