where:0.10867392930786833
anyone:0.09840674997890536
them:0.08622701009013181
have:0.030073565479273697
stats:0.5464239260300243
find:0.12449686692196413
or:0.03966537986488737
for:0.019138168406592587
subject:0.0015704092289422528
al:0.4482369624379096
i:0.01122933572031735
the:0.004433841235229724
can:0.05085682308457137
individual:0.22715801125097368
request:0.22942947219966658
