tip:0.032768639179019676
at:0.00995440692038905
there:0.005185192008910437
know:0.006971045907674021
damn:0.02430416303594693
football:0.03137085288911097
with:0.003304109473387273
way:0.009787417059584991
into:0.010117536175041731
aaa:0.03373954458538498
to:0.0015572871865433117
remember:0.015721039754357242
besides:0.022881846294558694
look:0.026792862421196727
most:0.010489239909418293
male:0.027153377401736744
she:0.09364809279374245
that:0.009799565690239457
problems:0.015497588903343351
think:0.01626833929410797
like:0.006579881714738267
nt:0.008068684200253542
me:0.006121969945788388
started:0.018526807208976866
worried:0.028423254503664494
so:0.01154588245632678
wade:0.03247884655536119
had:0.008668974495379294
this:0.002966002476674684
mean:0.014934587891694127
off:0.012335917785064127
getting:0.030646345448866512
on:0.0028644566397699996
you:0.012560429139180155
great:0.014244354173630942
more:0.007183158337970202
a:0.003944926909170607
how:0.007431429362876408
member:0.022547445891223494
other:0.007792700496225485
was:0.010005210554817916
as:0.00904083796855388
austin:0.028287110144460764
woman:0.024741630494324422
baseball:0.021171049944004566
given:0.0157502121987643
are:0.007264535385324582
d:0.010292905211169693
boggs:0.035856456729121765
it:0.003874072652429062
not:0.003406271234892457
flame:0.023715556524733308
have:0.0028884215432070782
probably:0.013487139632933381
opportunity:0.025996346821815765
foul:0.03505940250166467
girl:0.02982345881950959
sports:0.027116809523173933
doing:0.015145214153476357
iq:0.034361018569646726
reporter:0.03362305143734693
heck:0.027981645617510053
thinking:0.019680940869201444
watched:0.028154169481126333
if:0.0037861605636350807
of:0.004394137526909348
even:0.018973553082101986
what:0.005200237870037465
women:0.06405618972599025
nearly:0.024238083715250935
they:0.005270732341851659
who:0.007305383470247731
cares:0.028610039036211884
good:0.009152598030279657
olson:0.03317970897722548
bob:0.04162717529976384
in:0.0010038401236976864
or:0.003809669252559804
england:0.02785562438861571
and:0.001078523769747994
still:0.01153507956061891
for:0.0018381291689947682
subject:0.00015083026492665705
cause:0.017816390583853484
i:0.003235571309243982
example:0.015883384992982513
everybody:0.02303903559172988
we:0.007614372348666497
room:0.022531234352082517
games:0.018812826506263987
face:0.020278370570313897
than:0.008082493119883962
the:0.0025550949491154338
do:0.008116586654310696
jose:0.02576212810046918
see:0.00999652972548687
greater:0.023836626532958725
can:0.004884553629591601
fan:0.022596361499941656
club:0.027302062759462016
thinks:0.025592623861464665
because:0.009970182479630023
crying:0.03397999438436123
bat:0.05831603588018998
sport:0.028332128052083228
an:0.010145741678663691
just:0.019904890906201456
many:0.020940124605402188
about:0.011130126331320583
is:0.003035848891419931
either:0.01414442207408677
guys:0.04389464078521188
new:0.009740110536065237
right:0.010959737818024291
applies:0.02690223750020661
man:0.016373160106187563
belong:0.02773235293440871
entered:0.028332128052083228
too:0.01103117439471467
little:0.013250501140669288
earth:0.019890029167196323
before:0.012012396989958443
smart:0.02802428519737097
s:0.01752644861175193
