some:0.017824990460051208
apologize:0.04096002738963989
agate.berkeley.edu:0.04483059915243443
know:0.01883778817798934
posting:0.0251846454729484
all:0.007282960539284665
essential:0.03872073113019365
thanks:0.015216691945924909
your:0.009617803222757728
with:0.00892866224106179
response:0.026806095821582762
wrote:0.01966087766941115
post:0.019714334384970843
to:0.005260302137751263
been:0.011200308299400299
that:0.005296253823427127
think:0.010990442958233246
like:0.017780749061201116
really:0.014896150711381112
nt:0.01635294393257493
me:0.008271669316065227
re:0.0028545076547951947
practice:0.03134754278657894
overwhelming:0.04414242283950087
posts:0.030710057039455507
these:0.012646076130526278
on:0.007740592751744884
you:0.004242740377165815
them:0.011189764668185045
necessity:0.042180246480799405
a:0.00213206736770442
anymore:0.03382789580661063
basis:0.02845197158044274
want:0.01444731273062734
said:0.016729044493613985
let:0.017596471318723852
daily:0.034035155265129347
others:0.0205826581913618
no:0.008593478902156563
it:0.007851651062747449
not:0.004602366477679121
have:0.011708029308724874
against:0.019719700703495012
postings:0.03516533160069529
earlier:0.030121729273925892
after:0.014726822043243902
explained:0.03616148800473627
get:0.020066778248719424
if:0.010231304118525332
of:0.0014842792791277758
what:0.014052551190788262
please:0.014621491274085914
they:0.00712152385120415
in:0.001356333602248019
usenet:0.031177088768272913
completed:0.04104726934249198
for:0.009934316424796152
subject:0.00020379356406120838
however:0.01829846491753369
i:0.011657936320329462
games:0.050837714375705736
joseph:0.062354177536545825
the:0.0034523038625452807
do:0.027416714462080025
see:0.013506761537489894
scores:0.15844702449964912
can:0.006599740400287888
come:0.018329722705873346
mr:0.02577828762048407
problem:0.01614935337439377
just:0.008964798194396075
during:0.022353965723682978
here:0.013743518363537374
people:0.011490634657046698
middle:0.03066488774916475
is:0.006152808249404517
sean:0.03911909565821327
time:0.012057328014532165
hernandez:0.14093635759710907
fans:0.031396951294255404
article:0.0061857471779893205
elsewhere:0.03616148800473627
s:0.004736154815694796
