at:0.004215143600260435
out:0.0056372110003849755
know:0.005903708735207186
nowhere:0.02469363241816657
thanks:0.009537735143139535
ever:0.012647952425023255
your:0.0060283838381878585
with:0.0027982171138255852
way:0.008288865165294465
though:0.011892555988567845
previous:0.016618179041592372
odds:0.027668217186481405
o:0.016751095616267375
to:0.004615978048151108
prime:0.024032626013952132
most:0.00888323188500975
sweep:0.058425174968781475
that:0.004979492231116892
cubs:0.026438336310931683
think:0.013777493086397656
uxa.cso.uiuc.edu:0.021333039903023657
really:0.009336821737755626
nt:0.0034166437881456386
could:0.0072206179680672595
sarcasm:0.02792233118319886
re:0.001789189008507993
anyone:0.00800437679254254
89:0.022636902460117174
contend:0.028099562148176604
best:0.011651560191203034
these:0.007926487909564319
game:0.028440278544597967
you:0.005318650616351405
them:0.014027360493131491
why:0.008515419043799074
a:0.006013654130439022
sorry:0.015202950644682413
series:0.08582177896573365
baseball:0.03585909894821826
let:0.011029367190204902
mets:0.05179218759500209
lose:0.020118400637259747
team:0.10728503340125112
worst:0.041241252763574286
are:0.0061522620248921096
no:0.010772686470646027
d:0.017433916003607993
reds:0.02801012610505626
it:0.00164045660162666
not:0.002884736883138588
examples:0.041988318537448145
wins:0.023555595582262716
against:0.02472039035557748
cka52397:0.028990003677525224
has:0.005094614707591153
greg:0.020953438265528337
anybody:0.014543517439773659
be:0.0027677572111840733
which:0.006181303026399606
virtually:0.02384348324478163
writes:0.0063278697705029885
certainly:0.014716541996438473
were:0.007422503815656933
if:0.0032064613385809054
of:0.003721350919918443
america:0.01884085432759073
even:0.008034255730937922
what:0.004404029200940819
but:0.01273269324881168
ok:0.015616503303880057
least:0.01151991570672958
well:0.008051999570111698
alone:0.018369441796241597
they:0.004463730260802601
who:0.012373711715156442
david:0.011944714063849253
good:0.007751243307940187
over:0.00959780264363329
in:0.004250710571638528
po.cwru.edu:0.022813045872187587
world:0.024126800849116524
and:0.005480345662547223
gets:0.015968020776999062
subject:0.00012773663584697749
i:0.0018267818875157408
usenet.ins.cwru.edu:0.024920437388954053
games:0.015932393739754667
silly:0.02235701630374584
any:0.0048961113219560155
impossible:0.019694988779587728
uiuc:0.02877731581833463
the:0.005770357971208061
do:0.0034369278416578786
would:0.013387315494321188
can:0.004136679389654131
did:0.007865603078674475
put:0.01190171913658746
people:0.014404527656202079
about:0.004712996078095079
crazy:0.023417897187286433
definition:0.019496552185297895
is:0.006427574805996744
division:0.018959652708709727
win:0.097305513979761
time:0.007557463970831165
90:0.01929167181600159
expected:0.03970687333701754
life:0.013351097384156506
talent:0.07685833539888363
dave:0.016776433834328194
orioles:0.02877731581833463
69:0.02631241617544186
article:0.0038771908149119664
very:0.016681746332855955
comes:0.014469743240409146
says:0.01225371648051468
panix.com:0.02478306846128692
s:0.00890578393573232
