some:0.014594210939166928
out:0.029454427477011498
nowhere:0.12902422938492034
with:0.007310342209869342
to:0.0017227489501135387
prime:0.06278523546144996
that:0.00867261563586192
think:0.017996850344106943
uxa.cso.uiuc.edu:0.05573256674664931
nt:0.008925981896530481
re:0.0046742562847271315
89:0.059138907677056124
contend:0.07341010611211139
on:0.006337610315491124
you:0.0069474873676090235
why:0.02224653225192508
a:0.005236890471923981
was:0.011068264176267321
mets:0.06765354504597149
team:0.16016122843472488
staff:0.06015828101410747
are:0.008036392270015319
no:0.028143643404562747
examples:0.05484724108954164
tom:0.04744660279343444
cka52397:0.07573638460753465
has:0.026619361847163778
call:0.03321195122498385
greg:0.05474085746869278
writes:0.008265779887719529
of:0.009722029278286934
america:0.049221731930830785
ryan:0.055561721262541
but:0.016632080556260257
they:0.011661495306346796
pitching:0.062388376732517695
in:0.002220996273681131
and:0.009544935362269746
subject:0.00033371196115022873
i:0.0023862338405674366
news.cso.uiuc.edu:0.057320062881165645
uiuc:0.07518073757539923
the:0.0037687650499452652
do:0.008978973986331209
uh:0.06428275045910771
can:0.010807074905471418
did:0.020548888043037068
come:0.030014920930867606
jerry:0.06100319715326407
is:0.0067168156722665975
talent:0.13386160081972234
improvement:0.06372710342697228
orioles:0.07518073757539923
69:0.06874118725834187
article:0.010129161003957513
comes:0.0378022042155689
panix.com:0.06474576635511207
s:0.007755453510700229
