train:0.028920005007149176
yankees:0.029770656341020527
reference:0.019435588869887263
at:0.004588359439866828
tomorrow:0.026331295102807226
desire:0.025309863441732795
all:0.0049691032846161
wonder:0.019220665144879835
with:0.003045975920778892
former:0.020785926680971657
from:0.004409230491823831
viola:0.03391091610596786
work:0.010547252416616165
starters:0.03049018935394145
to:0.002153436187641923
building:0.019794101921034642
day:0.013246369977931625
class:0.020667550373276052
that:0.0018067949241379
v:0.04006925326981262
pitched:0.03002897374278809
atmospheric:0.03002897374278809
re:0.0019476067853029715
boulder:0.02871024511580574
dawson:0.03167656399389307
michael:0.015649454175383798
so:0.005321930194713125
ball:0.023221902811103874
national:0.016948822525976633
this:0.005468567066368947
he:0.01656388757833578
burning:0.02470434361821268
brings:0.027026771106059944
them:0.007634683185063754
roger:0.045976612224652
m:0.0071292432922712085
a:0.002909383595513323
other:0.007183895769957868
same:0.01011506953400319
series:0.018684116462331594
kick:0.028849142236025326
as:0.012501783753390913
red:0.13171006606561386
season:0.019881429316123533
baseball:0.019517061667129208
fine:0.016870607176669584
definitely:0.02216589450062908
anthony:0.056012419623608846
far:0.012965510792298966
frank:0.06119022463360347
team:0.01668346129528384
staff:0.02506595042254478
are:0.0033484967791730493
play:0.0500299723871944
co:0.023775967412971433
it:0.0017857053632290205
3000:0.027333232043679392
have:0.00532552722028805
won:0.022508538982597845
p.o:0.023993012706724395
second:0.014321332170063887
leadership:0.0274935010992354
has:0.0055457003848257864
500:0.043435178493224376
pitch:0.02599515697188237
without:0.011704221275012994
boston:0.043435178493224376
writes:0.0034440749532164703
were:0.00807970467433489
of:0.004050845532619555
future:0.018252637105822134
park:0.023391886817942534
year:0.012889378730258604
hire:0.0309962505438042
again:0.025436136855291853
women:0.019683933301215754
pitching:0.02599515697188237
good:0.008437551309164057
chance:0.01872425795839898
over:0.010447608086038321
box:0.016502807347430246
rest:0.017013702257670876
in:0.003701660456135218
or:0.0035120388422035693
world:0.013131514003816024
use:0.00866031004035077
better:0.01164695766302814
and:0.006959848701655024
for:0.003389050655334104
subject:0.00013904665047926196
each:0.013260465611253203
andre:0.02837839191587809
i:0.000994264100236432
games:0.01734307443546211
body:0.01848792251913829
wing:0.029213509885019653
research:0.016079851461129047
will:0.01770789601411382
than:0.0074510483448930265
the:0.005103536005134212
when:0.0068108043898111245
sox:0.2203843129550205
start:0.029349605082109504
can:0.013508843631839271
country:0.017556010979271522
chinese:0.028779230671795428
butt:0.028920005007149176
pitcher:0.02655295976123845
record:0.02008671040227393
german:0.024456280863060308
long:0.012397454401607211
rockies:0.030891028109858783
is:0.002798673196777749
today:0.014787115967699754
division:0.020638371958960067
win:0.035307035454461885
east:0.04241311749365643
white:0.017702964301148916
center:0.017013702257670876
first:0.00977893140307834
chicago:0.021993226754186888
art:0.024020790550346074
dark:0.024020790550346074
article:0.004220483751648963
three:0.015200458367044128
hawk:0.030300774540551474
