with:0.005268715106212138
into:0.016133368495336815
from:0.0076267770669385185
viola:0.058656719750863326
my:0.008560488840813524
to:0.0012416208649466945
been:0.013218381866859813
think:0.012970702950707704
pitched:0.05194200863617399
huh:0.045035255099661636
re:0.0033688333583618965
ball:0.040167615673260756
this:0.004729571516859631
age:0.03714223987309569
two:0.016799904798678482
on:0.013702941222683512
used:0.017787959534566355
rotation:0.049312185135621724
why:0.0320670735162884
a:0.0025162236501736846
below:0.033440305522863895
was:0.015954254668493435
secret:0.036005960607777554
red:0.03254611671119415
season:0.034389499357619084
starts:0.04029245382336369
are:0.01158398885767974
brian:0.134633423955992
place:0.02449934790375158
should:0.014800109389490806
wins:0.044352427717954127
catch:0.04365664980862088
have:0.004605861379708584
ve:0.032885291874368186
cs.cornell.edu:0.10054811757621113
edward:0.040721535345789414
his:0.01661647785139871
asked:0.0303810891778237
found:0.024094779326639615
writes:0.005957318837996057
saturday:0.044894486469904155
relief:0.04709891788900697
what:0.008292271198167849
central:0.041264956879424754
again:0.021998821064036198
they:0.008404681301871565
up:0.012103246579751212
rest:0.058858213215726284
in:0.0048021541052565
clemens:0.16566292799504664
and:0.0017198081733819362
subject:0.000240513125153318
each:0.02293702159784338
i:0.005159424520145809
games:0.029998831455934467
catcher:0.05438232353829472
the:0.003395283828779518
when:0.011780850836430053
sox:0.14295198678163493
last:0.03928220814521618
during:0.026381707295517753
ted:0.040419046196838025
is:0.002420474116132107
night:0.03016067429354977
white:0.03062134365604137
days:0.053662209451354456
tonight:0.04377922325056484
temperature:0.04666361539107177
fischer:0.050148056608152955
first:0.01691490837289226
chicago:0.03804233816940435
tedward:0.05273978699060143
him:0.021590227958227997
article:0.007300296219068477
eight:0.04415727909830386
already:0.026178255146822985
three:0.02629268474299525
april:0.030650034791784794
going:0.019619961117564706
playing:0.03608441401220804
usual:0.03864991727567041
data:0.026435546155007317
giving:0.03417447700260428
four:0.03160401937858535
s:0.0055895160437479125
