since:0.020416547177588583
lead:0.039430761608366435
honor:0.05498727659456658
percentage:0.045975125743058315
ahead:0.04409836208835496
braves:0.09808464898178373
with:0.005967626293770891
nl:0.10837756957893421
to:0.004218977020686217
everyone:0.03119910977054187
animal:0.051673233769484725
make:0.017960004932139832
that:0.0035398431166783345
like:0.011884072076619113
through:0.024178196877804353
stretch:0.05611525490476886
its:0.021100250571777245
re:0.0038157194161037807
lost:0.03576026861548826
winning:0.0477963786051684
astros:0.13287542637440466
a:0.0028500084200946837
member:0.04072344819129141
other:0.014074571304407252
baseball:0.03823750857233477
houston:0.051335878032128725
let:0.023521813701559435
503:0.12145469600837563
are:0.006560320220420668
no:0.022974402779234893
reason:0.027267468612331914
it:0.00349852479326502
not:0.006152142944652703
farm:0.05611525490476886
only:0.013607512635400882
west:0.0832226387701263
atlanta:0.04884545507319106
points:0.037399553963984
be:0.01180533177831574
writes:0.006747575418546554
if:0.006838269589422543
of:0.009920438039068299
beyond:0.03985269589223067
they:0.009519588005181058
in:0.0054391745477905245
or:0.006880729160235564
and:0.0019479459922999481
for:0.0033198863562456525
known:0.03323396681292202
subject:0.00027241792746957445
i:0.0019479459922999481
6:0.029983159515910147
we:0.013752488833816018
games:0.03397826828172169
will:0.011564340254115147
than:0.014597972267545521
the:0.0069222215203076295
would:0.00951683312351404
home:0.0298914597128709
did:0.01677460248411189
7:0.03256661764215618
paul:0.0668371936961032
length:0.04717086303512967
division:0.04043436138898299
east:0.04154754366725528
yesterday:0.04486084725361962
deserve:0.051587843466724355
hewlett-packard:0.06159630523215013
natural:0.04272559787450183
supposed:0.037231581749146536
article:0.008268702860373478
little:0.023932027570392488
aware:0.04180507359164162
