go:0.014304648910250935
at:0.00647768391510611
fewer:0.040435992504906974
played:0.02982502221437004
ever:0.019436926888454855
way:0.01273803543784223
into:0.013167675757223428
to:0.00405352694144362
remember:0.020460470856773764
everyone:0.022481711452302232
1988:0.033603682676156515
legs:0.04191151232448162
that:0.0025507693046652705
like:0.008563522525799068
nt:0.010501155172388801
suppose:0.02833925724728801
willie:0.04455081447502038
re:0.0027495625204277245
so:0.007513313216065589
30:0.025169893193925666
he:0.07015293562589274
on:0.0037280060679359553
you:0.004086757275064131
numbers:0.025939282360284546
used:0.014518114031888718
roger:0.09736223765220424
why:0.01308619544230887
a:0.005134206345023511
was:0.006510743633098424
as:0.023532769418147602
40:0.02812137638253528
stephenson:0.04438557288787289
rich:0.03338084922398498
career:0.035532831679593944
far:0.018304250530304423
have:0.003759195684909212
second:0.020218351298913723
his:0.04068593473908655
highest:0.03469953252292481
be:0.008506783193198107
writes:0.009724446926728858
get:0.01932902904839886
end:0.019884069136584626
of:0.002859420375966745
liability:0.12794226032396655
but:0.0048917883989000755
year:0.03639353994425958
years:0.032790815043829316
they:0.006859703121380468
who:0.009507741722307709
good:0.011911837142349259
in:0.005225873585132073
37:0.038225805171909266
and:0.0014036669650396686
few:0.033612169130974805
still:0.030025133562199224
rogers:0.08125900424977532
subject:0.0001963011536177816
i:0.0014036669650396686
will:0.008333127536053562
the:0.002216920617614862
do:0.01584524821117272
leland.stanford.edu:0.07422514495476899
may:0.013684011231175226
human:0.023572370376739527
just:0.008635210025484456
many:0.01362647814395657
about:0.007242766031778467
is:0.0019755340212548817
else:0.018577589892191593
time:0.011614043896350835
does:0.008959476576011215
dale:0.035483974747839035
their:0.011130026607218485
smith:0.05790791991862445
too:0.014356749028415416
every:0.035766890102020533
late:0.02833925724728801
defensive:0.15046213481790272
article:0.011916660004655896
very:0.0128179594984077
brett:0.07702838553724914
immune:0.04582487124909418
steph:0.047874234502542856
s:0.02281015738441244
