out:0.016139412316170682
nowhere:0.07069820788214812
thanks:0.02730666636871456
your:0.017259345509332363
with:0.008011333928623935
to:0.009439720274594731
prime:0.06880573749199995
that:0.0047521181566366685
cubs:0.07569331902718797
uxa.cso.uiuc.edu:0.061076785475780056
re:0.005122472640796856
89:0.06480976183786971
contend:0.0804494313557385
why:0.02437976137197269
a:0.005739058051423541
sorry:0.04352625595532362
mets:0.07414087128325642
lose:0.057599256619003926
team:0.13163936583676017
are:0.008807005227414047
no:0.030842348936507117
it:0.0046966497224653694
not:0.008259041213369381
examples:0.06010656557757988
wins:0.0674399928314097
cka52397:0.08299877765209276
has:0.01458595169707604
which:0.017697155239965998
virtually:0.06826421915286796
writes:0.009058388918048799
of:0.005327139330568182
america:0.053941624033787154
but:0.027340406393852476
david:0.03419787999102047
over:0.027478640445470652
and:0.007845152352550476
subject:0.000365711738246826
i:0.002615050784183492
games:0.04561466152888665
impossible:0.05638702267032651
uiuc:0.08238984939769778
the:0.0030976151095440533
would:0.012776022549375014
definition:0.0558188959825652
is:0.011041340831123174
division:0.05428174542630593
win:0.046431169912717
expected:0.05684066114682648
talent:0.2200464671009134
orioles:0.08238984939769778
69:0.07533280795434724
comes:0.04142707311295221
s:0.008499127135013948
