positions:0.0653939742780483
out:0.015921312149735946
played:0.10962710867984664
all:0.012892808522247178
thanks:0.026937657363731934
to:0.005587293892260125
montreal:0.06662764211871595
cold:0.059704734932967976
hot:0.05653538090218124
re:0.005053250037542845
he:0.08595314635244515
came:0.04079360449294523
a:0.0037743354752605273
was:0.023931382002740153
as:0.02162470703289239
question:0.029499811937123033
third:0.04936195941443089
anywhere:0.057112558173708944
play:0.04326916530784381
it:0.004633181482972594
not:0.00814743254832385
his:0.04984943355419613
be:0.007817044015371234
writes:0.008935978256994086
what:0.012438406797251774
but:0.008990313814194734
2nd:0.0590086060890476
they:0.012607021952807348
find:0.0572012631803619
over:0.02710730746647781
in:0.0048021541052565
and:0.0025797122600729047
for:0.008793212511137136
subject:0.000360769687729977
p:0.045488216751775
i:0.0025797122600729047
back:0.02846428000091267
will:0.015314937093287628
currently:0.04863423651158509
the:0.0010185851486338555
ss:0.0741404267004249
when:0.035342552509290165
can:0.011683324222131263
bat:0.06974282669455154
long:0.03216636817714304
middle:0.054285139123521384
is:0.003630711174198161
today:0.0383665711594372
spot:0.06521379142846094
does:0.016466065058615205
1:0.02646653908006363
infield:0.08705274352511996
natural:0.056582548536502436
position:0.04652490482719206
article:0.010950444328602716
somewhere:0.052425960255440364
mike:0.04318124363456356
seem:0.07458682580799292
s:0.00838427406562187
