picks:0.051790593155846235
someone:0.019850974005973153
from:0.0076267770669385185
wrote:0.023203378150386134
smiley:0.05614578819708836
my:0.008560488840813524
to:0.004966483459786778
sharing:0.04954319802403017
add:0.03095694068875422
then:0.01437730044843066
positive:0.03988288288573525
us:0.018557444920585548
make:0.01585658093107841
that:0.0031252668958060975
think:0.02594140590141541
could:0.013595577975910426
12:0.03201247596046879
re:0.0033688333583618965
lost:0.031572129047908556
this:0.004729571516859631
big:0.05001406403364968
management:0.040809859670984196
prove:0.035377462521744125
a:0.0037743354752605273
was:0.015954254668493435
also:0.013364839024140238
andrew.cmu.edu:0.036709724384930274
bonds:0.04919886277339776
it:0.0030887876553150626
not:0.005431621698882567
should:0.029600218778981613
zero:0.04174427251963614
have:0.009211722759417168
has:0.019185125655613533
be:0.005211362676914156
of:0.00525515096123618
trying:0.024291245252868434
gotten:0.038826224448590206
but:0.017980627628389468
year:0.02229514158747434
excellent:0.03509067939946295
oh:0.029096542199472733
seems:0.0424592268356951
well:0.030321944327087295
they:0.008404681301871565
up:0.024206493159502424
now:0.014882111692596794
good:0.029189366691162146
in:0.0048021541052565
total:0.03298212158382344
better:0.02014608893064327
message:0.02925513413116866
for:0.005862141674091423
subject:0.000240513125153318
i:0.010318849040291619
draft:0.04448491553227571
pretty:0.025928108620897537
yet:0.023694312997172645
than:0.012888299839814965
the:0.0027162270630236144
agreement:0.08896983106455142
meant:0.036681615129648806
instead:0.027637246050312085
last:0.01964110407260809
ted:0.08083809239367605
revenue:0.05194200863617399
trade:0.07601951164565215
is:0.002420474116132107
argument:0.03170037333459209
pirates:0.10358118631169247
2:0.017553239208066746
gone:0.03540177835029516
give:0.021290416859063122
high:0.025201115546320013
favor:0.04289816250032946
s:0.011179032087495825
