some:0.026534928980303504
there:0.020858613308571534
know:0.02804261649223413
miller:0.10822036448946751
to:0.006264541636776504
guy:0.07696206243065613
pitched:0.13103552178671168
this:0.011931419053895886
he:0.03613939108000535
on:0.011522927846347498
you:0.050527180855338354
tell:0.05477329667323756
sam:0.11205557992693138
why:0.040448240458045605
a:0.0031738730132872617
jason:0.10363401531325102
are:0.014611622309118763
thread:0.09461199530690831
should:0.03733663959621545
made:0.052854080725409126
ve:0.0414803113415326
buck:0.12780892493965743
yourself:0.07968806071305892
his:0.0419188418523922
neal:0.13572498617302595
relief:0.11881772467454031
explain:0.08170585290937736
good:0.03681840571271589
in:0.0040381750430566014
better:0.0508230879841228
p.s:0.10306437966181428
subject:0.0006067490202731432
i:0.004338606982849885
than:0.03251366550498776
would:0.021196582866008548
can:0.019649227100857123
mr:0.0767489926882594
doctor:0.10011411576358722
yesterday:0.09991734161033462
figure:0.08392040077442622
