appearance:0.07044493239901864
out:0.01530100128675922
ron:0.05502984852240306
former:0.051829843152552714
to:0.0017898690390790012
that:0.009010509751544852
think:0.01869802633153968
like:0.015125182642969782
nt:0.009273747424966734
re:0.004856370165950267
scott:0.09927472865380536
he:0.020651080617145913
am:0.021225147489628126
sure:0.028338234028041608
a:0.007254566887513741
nor:0.04486414281786238
was:0.011499495248069943
idea:0.03600488695143839
baseball:0.04866592000115336
also:0.019266196515319047
no:0.014620074495876751
base:0.05002124487549417
d:0.02366031457632514
care:0.04111710313342724
not:0.015660000222752334
have:0.006639618352566921
walk:0.059621129538628616
hitter:0.27422089408068556
plate:0.06714638400076788
but:0.008640041847407926
who:0.01679289447056946
bob:0.04784422096141689
yankee:0.07755713495601484
in:0.002307528596032344
point:0.02859137612026053
and:0.0024792039901999343
subject:0.0003467137258703675
however:0.031131154599959913
i:0.012396019950999669
the:0.00489450006486398
do:0.01865760828328563
got:0.08618781123236002
hit:0.09297927636180284
first:0.09753531581252162
article:0.010523803640475338
players:0.04820615471477782
jewish:0.09933784903960516
by:0.051451193496995645
says:0.033260087589968415
