isbn:0.13270887536918094
school:0.04040582750884562
sent:0.04086313942544014
some:0.012972631945926157
since:0.022231351371152015
where:0.02052729775815291
someone:0.02448286794070022
from:0.009406358382557507
my:0.010557936237003348
paranoid:0.05912568694968881
to:0.0015313324001009231
building:0.04222741743154058
calls:0.044536551838426974
guy:0.037625897188320774
me:0.04815949690686865
lost:0.038938959159087225
anyone:0.018587941662682125
this:0.011666276408253757
on:0.005633431391547666
tell:0.02677805615136059
am:0.018159292852237396
none:0.040250113693569935
m:0.030418104713690493
a:0.004655013752821317
baseball:0.08327279644641795
copy:0.03796235494514825
local:0.03395981613239947
jack:0.09499457552799857
official:0.09013784491454056
book:0.03455220567426304
it:0.011428514324665733
have:0.011361124736614507
walking:0.05924712106671314
get:0.01460415528101247
of:0.010802254753652147
trying:0.029959202478537734
but:0.007392035802782336
find:0.02351607486303767
code:0.03600569455924107
in:0.001974218909938783
or:0.007492349530034282
men:0.039017761695859354
watching:0.04732893437488149
and:0.00424219349434211
for:0.003614987365689711
subject:0.00029663285435575884
space:0.03397236397236782
i:0.010605483735855273
house:0.038198577161002126
information:0.027098014272041834
the:0.004187516722161405
can:0.019212577609726965
home:0.03254847835401498
once:0.02981145772138785
rules:0.09154478445708117
number:0.02780294275997509
new:0.0191555507209283
ham:0.06484185796987291
little:0.026059318909982938
give:0.026258180792844518
roof:0.06387506489221036
