out:0.02404443059347877
hand:0.06443345827454436
way:0.035354547337684554
to:0.014063256735620724
owners:0.08811525435488263
that:0.014159372466713338
think:0.029382612806705205
equivalent:0.09630890659424028
re:0.015262877664415123
so:0.041706554995302854
getting:0.055351052494381346
two:0.03805692719700635
on:0.010347118882434487
you:0.022685673037090685
a:0.0028500084200946837
want:0.07724889664131353
baseball:0.07647501714466955
are:0.026241280881682674
mlb:0.12145469600837563
pace:0.12718739775258792
of:0.003968175215627319
future:0.07152053723097652
they:0.019039176010362115
bob:0.07518377579651224
in:0.003626116365193683
become:0.06759638315908464
point:0.04492930533183797
subject:0.0005448358549391489
i:0.0038958919845998963
the:0.0030765428979145017
increase:0.08581113741198544
sean:0.10458370471889669
decrease:0.11985323446875328
article:0.016537405720746957
players:0.15150505767501599
says:0.052265851927093224
s:0.012661964915428944
