prism.gatech.edu:0.03192639587908296
all:0.012892808522247178
where:0.012482816204282175
with:0.003951536329659104
o:0.023655263404053255
bullpen:0.040938586274343054
my:0.012840733261220288
to:0.0027936469461300626
been:0.00991378640014486
that:0.002343950171854573
guy:0.02288061315505993
higher:0.02508022914214792
nt:0.004824855079205666
happens:0.025243766991748507
me:0.007321545137868546
generally:0.026126685765020943
re:0.005053250037542845
michael:0.020301994605903307
so:0.006904125658006217
this:0.0070943572752894465
starter:0.12191470958172848
he:0.07520900305838951
on:0.006851470611341756
you:0.011266195731257877
tell:0.016283953065016572
arthur:0.036103315758045734
a:0.0009435838688151318
baltimore:0.03532418841675523
was:0.005982845500685038
as:0.02162470703289239
columbus:0.03907200940523388
staff:0.032517989737355396
early:0.04733433917288218
hey:0.052082959265286076
it:0.004633181482972594
not:0.00814743254832385
fifth:0.03382985469979429
ve:0.01233198445288807
charge:0.02781251793874213
after:0.02607045523871556
be:0.011725566023056851
noticed:0.02740677716996166
writes:0.004467989128497043
of:0.00262757548061809
but:0.004495156907097367
oh:0.02182240664960455
well:0.011370729122657736
please:0.012941995654765236
who:0.0174736874896466
pitching:0.033723446882442
now:0.022323167538895194
good:0.032838037527557415
chance:0.024290929243328405
over:0.013553653733238904
yankee:0.04035067156495366
in:0.0048021541052565
better:0.03021913339596491
and:0.003869568390109357
still:0.02759066327337226
4th:0.06877716501911715
for:0.004396606255568568
subject:0.0001803848438649885
andre:0.036815211134112125
fourth:0.06521379142846094
i:0.0012898561300364523
any:0.006914103150600049
than:0.01933244975972245
the:0.00458363316885235
do:0.004853499452070924
strong:0.024396299905206153
got:0.029893970562575325
about:0.006655514731904538
is:0.005446066761297242
knocking:0.03943085957627407
talent:0.03617881103235739
x:0.020575405334770962
first:0.012686181279669197
update:0.029336771567407473
fans:0.027790544726672018
article:0.005475222164301358
prediction:0.03840687377811731
by:0.006692131586602474
s:0.05030564439373122
