behind:0.20751425888227637
to:0.00810705388288724
re:0.021996500163421796
a:0.008214730152037619
d:0.10716730719864914
bag:0.3117532717794723
love:0.19248337883420286
stadium:0.3371897963733954
subject:0.0015704092289422528
i:0.01122933572031735
shea:0.3733289906502678
the:0.004433841235229724
see:0.10408151537712801
gif:0.5510641298007651
sean:0.6028942977912868
