yankees:0.13292944226688236
with:0.02720127333904871
to:0.0032051143257926296
hall:0.31956350327554517
signed:0.11500606052488653
nt:0.016606477947033453
anything:0.05398235233300939
re:0.008696290762283036
happened:0.07842560229624258
michael:0.06987663259706253
anyone:0.03890499417770677
this:0.012208893915614395
he:0.03697984203535431
chen:0.13044171855636683
more:0.02956788432141223
a:0.0032476840135962676
was:0.02059211939770664
season:0.0887728936905981
team:0.07449359462080227
d:0.042368470287838036
japanese:0.11643763943185012
has:0.024762197067129094
heard:0.12570452834511045
writes:0.01537819513994331
what:0.021405630302247236
in:0.004132086090569546
subject:0.0006208594626050766
doug:0.2010064876585482
i:0.004439504819660347
any:0.023797378285786215
the:0.0017529139767187279
about:0.0229073530307412
mel:0.4407027821794096
him:0.05573291403170483
article:0.018844950705037233
mike:0.07431190765017914
