out:0.010519438384646963
all:0.017036925547255197
nowhere:0.04608008192318583
with:0.01566501902114859
1992:0.03523166549003832
my:0.016968111809469666
to:0.0036916048931004393
prime:0.044846596758178536
jays:0.047319693037955614
next:0.02391410735490335
that:0.0030973627270935427
cubs:0.04933582400879216
quite:0.02371606591169108
uxa.cso.uiuc.edu:0.039808976247606646
like:0.010398563067041724
re:0.003338754489090808
had:0.013700075765019063
89:0.04224207691218294
contend:0.05243579008007956
off:0.019495155785324556
on:0.004526864511065088
why:0.015890380179946484
a:0.006234393418957121
sorry:0.028369791828023433
mets:0.04832396074712249
team:0.05720043872668745
are:0.005740280192868085
no:0.030153903647745797
it:0.01224483677642757
not:0.005383125076571115
examples:0.03917660077824403
cka52397:0.054097417576810455
has:0.009506914945415633
call:0.023722822303559887
be:0.005164832653013137
virtually:0.04449364284070858
writes:0.01180825698245647
certainly:0.027462118546925363
of:0.003472153313673904
america:0.03515837995059341
but:0.017820086310278847
well:0.015025606340654864
david:0.08915875854801764
over:0.017910185290351408
in:0.0015864259097722363
winter:0.048010645391664726
and:0.005113358229787364
subject:0.00023836568653587764
however:0.021402668787472438
i:0.003408905486524909
stan:0.04933582400879216
back:0.03761351285834888
games:0.029730984746506477
felt:0.040314502086887964
possible:0.02300867520504091
impossible:0.03675225584762353
will:0.010118797722350753
cf:0.050613510112726745
uiuc:0.05370052683957087
the:0.002691975035675189
can:0.007719339218193869
maybe:0.023642081092342178
long:0.021252778974183793
people:0.013439938750652834
is:0.011994313700476067
division:0.03538006621536011
win:0.060526346493363234
blue:0.03568447881663669
talent:0.14342314373541679
orioles:0.05370052683957087
69:0.04910084804167276
article:0.007235115002826795
players:0.03314173136640975
comes:0.027001574439692068
s:0.005539609650500163
