go:0.10807956954411817
nl:0.5900556565964196
hill:0.27684933323107563
t:0.14312628083335788
re:0.020774472376565028
mvp:0.3232082617658824
vs:0.18981177472574123
let:0.1280632079307125
ken:0.22922626117304506
for:0.018074936828448553
subject:0.0014831642717787943
al:0.21166745448456842
doug:0.4801821649620873
roberts:0.6184926981672197
s:0.0344686822697788
