taken:0.031083785846779812
some:0.011014498822012775
believe:0.020496904531418305
at:0.008310990683532369
rex:0.11758834886560016
final:0.036383475445628255
inning:0.05392420771203718
into:0.01689437644323006
blew:0.0527792939667139
wood:0.0950769690148637
bullpen:0.057159535552856335
to:0.0013001878868781423
then:0.015055474997884935
young:0.03541561817994516
apart:0.04345904188387815
that:0.0032726851456082715
problems:0.025878049395205407
think:0.013582528561590142
pitched:0.05439210338316333
need:0.018124547089596568
pen:0.057825739017138916
had:0.014475551751718255
leading:0.042596455035202374
two:0.017592353138238787
game:0.0560756435454809
starting:0.03699549040450205
bases:0.04708556734529637
combined:0.047852979038258185
vs:0.03223218816097493
3:0.022089301364505844
a:0.001317456722496599
was:0.00835340692548477
colorado:0.044464166864131696
stolen:0.046307796881040954
rbi:0.05505440771026945
team:0.03021909970466507
are:0.006065201713219108
opportunity:0.043408994221333874
university:0.022173019826402393
somewhat:0.04058336657889251
be:0.0054571816711082195
hitter:0.04979954916087922
of:0.003668690293693182
andy:0.04228120978124158
relief:0.09864112991848628
again:0.02303650130290583
increasingly:0.05633867350578435
up:0.025348308874573296
pitching:0.04708556734529637
david:0.04710274036499045
one:0.01855303599576646
in:0.005028670808334636
expos:0.05879417443280008
and:0.007203724801713016
subject:0.00025185808388696507
each:0.024018956578873728
leaders:0.041722315124988175
i:0.003601862400856508
league:0.03669676479465329
fell:0.04723413675065618
the:0.006399789707454223
strong:0.03406275835821236
once:0.02531161504646138
just:0.011079137391187602
rockies:0.16786068104979868
save:0.03417462483416315
today:0.02678421005470144
man:0.0273400881018415
their:0.014280034137563338
run:0.02525315498478674
runs:0.035394250192861645
six:0.03997451260589656
innings:0.054077608852337
wont:0.05633867350578435
three:0.027532905721438423
give:0.022294681805245346
going:0.020545430981600776
despite:0.04022047713712085
7th:0.05200346285127077
giving:0.035786480634802595
s:0.011706344921811666
