week:0.05561030329686425
send:0.04731205033671327
to:0.004445803742228486
most:0.05989017625700122
that:0.0055952358941044646
produce:0.06799160143274832
re:0.006031298431905976
started:0.05289104638691783
anyone:0.026982495961957922
this:0.02540237605022995
curious:0.0691334248519596
you:0.008964499829172932
am:0.02636026381776396
etc:0.03745683850739089
concerned:0.06493531036383594
a:0.0022524260094296694
season:0.12313659447405544
adam:0.07491295760089044
early:0.11299164834817035
hoping:0.0772073322124633
have:0.008245977631413756
bb:0.27282618305468065
has:0.017173781836879853
returns:0.0851411646944064
writes:0.010665522435767134
if:0.010808877738119504
of:0.006272276953733505
seen:0.041813949848747624
year:0.03991549542273632
please:0.030893796079117013
in:0.00859740493037857
subject:0.0004305960789035209
i:0.0030790114071837893
info:0.04750637837729673
yet:0.04242046359171232
the:0.007294383967635996
fan:0.06450896750789796
home:0.047247791159054
just:0.01894175102364332
about:0.01588735774712696
critical:0.07882698943418988
run:0.04317474884495798
first:0.03028314240953292
update:0.07002971277381138
significant:0.0671439966694188
article:0.01306988516639679
