yankees:0.19710227646468764
with:0.02016646126860508
to:0.004752410896864934
hall:0.3158903595597343
nt:0.0246233983352565
anything:0.080042798286876
happened:0.1162862378875321
anyone:0.05768671550487556
this:0.018102842702462724
he:0.054832179569663284
more:0.043842035373128474
was:0.030533142555220192
season:0.13162877340330065
d:0.06282221456472536
has:0.03671636116850176
heard:0.18638947306343961
what:0.0317393828619528
subject:0.000920584720414424
doug:0.29804410239026113
i:0.006582714042944653
any:0.03528576780306232
the:0.0025991483103070794
about:0.033966075183512814
mel:0.4356372329589567
him:0.08263845873666578
