ever:0.03146931020035548
way:0.020623485946982656
1988:0.05440596242806293
that:0.004129816969458057
williams:0.06347905828576407
like:0.013864750756055632
nt:0.00850093513955284
re:0.004451672652121078
weak:0.055694219388065694
age:0.04908081697516216
numbers:0.041996933345222594
great:0.030014889151579485
why:0.02118717357326198
a:0.008312524558609494
as:0.009525168574012123
stephenson:0.07186235610417516
rich:0.054045184457880445
not:0.007177500102094819
have:0.006086316823186343
robinson:0.07160070245276116
cs.cornell.edu:0.06643357768428235
second:0.0327344735315746
edward:0.053810600278364575
his:0.021957488589348293
highest:0.05618019551330684
be:0.006886443537350849
writes:0.015744342643275292
hitter:0.06284228822682376
even:0.01998999342578602
brooks:0.07084857267155245
liability:0.20714461195308867
but:0.007920038360123931
year:0.0589228741954679
years:0.026544945511671348
they:0.011106186006044566
good:0.01928583156380356
in:0.006345703639088945
and:0.0022726036576832726
few:0.027209851201265314
still:0.024306060502732704
rogers:0.06578109867838955
subject:0.0003178209153811702
i:0.0022726036576832726
the:0.002691975035675189
do:0.008551403796505912
leland.stanford.edu:0.12017404421248314
may:0.022155065802855128
ted:0.1068217649487862
is:0.009595450960380853
dale:0.05745024482983463
fischer:0.06626707480363069
smith:0.0937556798682491
too:0.023244260331720196
tedward:0.06969186138043759
every:0.028954149130207094
defensive:0.24360536113374723
article:0.019293640007538117
very:0.0207528868069458
players:0.044188975155213
brett:0.06235631210158263
steph:0.07751066538506939
s:0.01477229240133377
