out:0.01900285643678161
mark:0.048445547811164356
carter:0.08062763413003939
mss:0.0956625386627885
to:0.002222901871114243
player:0.0626977908557452
hall:0.07387758409058302
that:0.0055952358941044646
re:0.006031298431905976
dawson:0.0980951659165721
had:0.024748523962615083
he:0.02564730979871347
two:0.030077248913763087
m:0.02207765664703342
singer:0.0916809245026026
also:0.02392737309160591
no:0.018157189293266287
d:0.029384584231887667
have:0.008245977631413756
only:0.021508649004343332
robert:0.051538903692866185
has:0.017173781836879853
netcom.com:0.1038398443458432
which:0.020836973105121254
writes:0.010665522435767134
of:0.0031361384768667524
bob:0.059419435710146774
in:0.005731603286919048
point:0.03550864453645259
and:0.0061580228143675786
for:0.0052475623050334515
subject:0.0004305960789035209
each:0.04106466769936476
i:0.0061580228143675786
games:0.10741517069705567
the:0.003647191983817998
fame:0.09354917959171746
fan:0.06450896750789796
joe:0.06418498753101509
thought:0.04329978072889859
just:0.01894175102364332
record:0.06220400640704185
current:0.05100396328598093
five:0.06404810666202608
is:0.00433342946597845
six:0.0683435215520167
history:0.053564638779852916
dave:0.056552817280235354
article:0.01306988516639679
ruth:0.09632095792924422
three:0.09414477440233783
murray:0.08654457400069074
four:0.05658138953262861
s:0.010007036788000296
