land:0.02780861780131284
since:0.013991759604221547
utterly:0.040438163580242055
believe:0.015193509652659724
at:0.012321188985376657
all:0.013343606023025052
finish:0.03422615742757248
ever:0.018485468928880144
with:0.00408970193559124
from:0.005920085695315913
several:0.019709450154317458
7.50:0.050377923586753665
to:0.0009637756364271544
line:0.019746879362279642
ten:0.028153770926977826
lived:0.03144050959303192
front:0.024594062443118417
might:0.014874721229919202
that:0.007277719414709304
cold:0.030896156538738673
like:0.008144329115445267
nt:0.004993556305751318
me:0.007577543219612201
re:0.005229937101792595
happened:0.023582523767401616
sucks:0.040559784158646736
he:0.011119812640001645
game:0.020783280474898514
more:0.008891042138606475
a:0.0029297289353420876
how:0.009198342637965904
richard:0.026126416187264186
other:0.009645510404418956
was:0.006192035902806892
season:0.026693947053816214
mets:0.03784813708865538
mind:0.021186404216854107
hitting:0.03356416283637613
are:0.02247941893710579
brian:0.026126416187264186
play:0.02239103659287022
have:0.0035751791129206493
won:0.06044251027494806
ve:0.025526345440943135
completely:0.025153801657618675
shame:0.03677016030664658
second:0.019228641794771094
doing:0.018746174161995213
shall:0.027690755342886394
has:0.014891950683727987
which:0.009034212115507118
batting:0.037602743243821325
writes:0.004624212524598338
of:0.0013597243745855849
what:0.006436658062913505
year:0.01730601899447309
years:0.015592835125737017
never:0.015412162453579443
ok:0.02282412021336316
they:0.04566739420667277
who:0.018084655583690185
up:0.00939482776470199
pitching:0.03490258838182808
gardner:0.04031862208821897
david:0.017457659016395063
over:0.01402755770992558
one:0.006876300054374982
in:0.004970061591454279
210:0.04133758580277418
our:0.06237134050294807
and:0.006674779973615208
subject:0.0001866920062378902
i:0.002669911989446083
we:0.009424782557440349
games:0.04657161247005211
ago:0.020008151925626882
actually:0.03418621156784734
than:0.020008409541530926
the:0.002635500034926759
jose:0.03188738932715416
darkness:0.04321355773700271
when:0.00914457652338277
canada:0.026018234916130395
home:0.020485056306722718
last:0.030491783944888082
about:0.006888225037215885
is:0.007515318234703886
recent:0.026560105513881268
time:0.011045524265060934
their:0.02117040025988411
1970:0.03997179033199959
first:0.013129754051685602
guess:0.020952148691857717
era:0.0352958731253447
before:0.014868491379179331
live:0.02165516275487873
upon:0.024252276802048507
void:0.03845660825641503
main:0.026002916165222573
