ever:0.048062219215088374
way:0.03149768762811897
1988:0.08309274261740521
that:0.006307356826081396
like:0.021175255700157693
nt:0.012983246394953426
re:0.006798918232330373
numbers:0.06414077092724906
a:0.007617295231889427
stephenson:0.10975341659546752
rich:0.08254173626294467
have:0.009295465693593687
second:0.04999446866640484
his:0.03353507348191376
highest:0.08580248042032317
be:0.010517477402499477
writes:0.012022952563955679
liability:0.210910877624963
but:0.012096058586371096
year:0.08999129877126007
years:0.040541371326916244
good:0.02945472457017271
in:0.006461080068890563
few:0.04155686365284157
still:0.037121983313264495
rogers:0.2009313559630808
subject:0.00048539921621851447
i:0.003470885586279908
the:0.004111380054485744
do:0.01306032579829994
leland.stanford.edu:0.09176927012589621
may:0.033836827771633285
is:0.004884956852557526
dale:0.08774219210374742
smith:0.14319049288968955
every:0.04422088230795265
defensive:0.2790388682077468
article:0.014733325096665473
very:0.03169531803242631
brett:0.19047018969210694
steph:0.1183799253153787
s:0.02256131930385521
