yankees:0.05342024315398076
taken:0.03079328317531458
at:0.008233317873405897
out:0.011011000925985606
bradley:0.051641236345651605
damn:0.040204082779089774
saw:0.031751220403135084
braves:0.04491726915988228
much:0.016328942706167582
trivia:0.05620989725263493
from:0.007911890228319398
receive:0.04002260534117295
that:0.006484198606251903
cubs:0.051641236345651605
really:0.018237343394307718
re:0.0034947710540015934
started:0.030647148373728086
so:0.01909926350252187
this:0.00490637792870485
them:0.01369961842553496
winning:0.04377612246080845
loved:0.049046547218564884
3:0.021882859295678687
m:0.01279266086089787
why:0.04989876392955158
a:0.005220576171388392
how:0.012293112123636676
sorry:0.029695483034940413
series:0.03352663888567912
was:0.008275337701882109
team:0.08981003463629432
are:0.006008517585058182
officially:0.10231126261783198
it:0.0064085127054200365
not:0.005634672977345466
have:0.00955608622705893
being:0.018185083457244375
against:0.024142811141662116
without:0.021001967147686866
writes:0.006180022345958526
if:0.006263088035172048
of:0.0018172017342592396
america:0.11040388470466717
losing:0.046010462398999134
but:0.024870400831791036
mizzou1.missouri.edu:0.05824469616707297
least:0.022501517595387682
well:0.015727737478068642
they:0.02615662498619842
up:0.012555704395816677
in:0.003321115923261504
5:0.024288531653436286
and:0.0035682001354279424
still:0.019081393291864927
for:0.0030406435786175137
subject:0.0002495042700188626
showed:0.03995098970803678
until:0.026739866592192935
i:0.0035682001354279424
games:0.031120283099146967
survey:0.047248679062981185
favorite:0.04516322531238109
the:0.0035222103270516492
did:0.015363654611616498
label:0.051517449179763565
record:0.03604344296482799
counted:0.053883765968367414
is:0.0075328773894578665
cardinals:0.05850076134640115
article:0.007573204488940196
u:0.03534246246348612
spring:0.044501832126509995
training:0.041886058287958945
somewhere:0.0362572061579681
doubt:0.03252404017738848
s:0.02319387965816891
