believe:0.03291927091409607
at:0.02002193210123707
out:0.017851168167885755
all:0.007227786595805237
ever:0.02002592467295349
with:0.008861020860447688
into:0.013566696234715049
scored:0.037520842987115756
to:0.001044090272796084
make:0.013333943055679573
that:0.002628065344200582
think:0.01090718202673148
like:0.00882302320839904
me:0.008209005154579884
re:0.002832882596804322
fielder:0.047854089984127816
this:0.01988569842315981
two:0.014127192671615996
game:0.02251522051447339
on:0.007681951897564999
wells:0.046075002172935385
m:0.010369808425121758
a:0.0021159153421915077
j:0.046274676659528224
tigers:0.09048332411535064
coming:0.02633810571810299
bull:0.04238337242781571
team:0.048533705586280264
staff:0.03645956425097423
no:0.008528376789261438
yeah:0.029956230637789034
bang:0.04463527790863337
it:0.005194779238484424
should:0.012445546532071815
have:0.0038731107056640367
decent:0.03413304790014936
real:0.019375711015138238
be:0.004382282251041449
writes:0.005009563568314866
if:0.010153794238839534
deer:0.04808024879586782
of:0.0014730347391343837
year:0.018748187244012515
reading:0.024896379139113564
they:0.014135145825874905
up:0.010177730078427157
pitching:0.03781113741364709
david:0.05673739180328396
michigan:0.03902842818402947
one:0.007449325058906231
in:0.001346058347685534
pull:0.03424310926805019
and:0.007231011638083142
for:0.004929528225940515
subject:0.00020224967342438103
summer:0.03409671326178956
i:0.005784809310466513
tape:0.03143460805847222
back:0.015957247879299526
games:0.050452580175889786
20:0.04764897497584273
tiger:0.047854089984127816
will:0.01717129310459522
scoring:0.03902842818402947
than:0.010837888501662585
the:0.005139225068107179
when:0.009906624566998
moore:0.04282913379162581
can:0.01309948473390475
correctly:0.03301745052295741
an:0.006802258625467703
many:0.014039401724076465
head:0.02615802829890669
is:0.006106196065696907
division:0.030019450122123734
win:0.025677843966881376
time:0.01196598462048268
detroit:0.03597992577056266
keep:0.04014264521402911
blue:0.030277739601994764
runs:0.056845310915808106
1993:0.02295193790159195
art:0.03493933170959429
e-mail:0.020831028611002018
already:0.022013532737101146
going:0.01649860366704305
mike:0.02420766688604321
says:0.01940171776081491
s:0.004700274854969836
