re:0.03739405027781705
baseball:0.37472758400888084
bob:0.7368010028058201
subject:0.00266969568920183
is:0.02686726268906639
dave:0.35062746713745924
players:0.37118739130378925
jewish:0.7649014376049598
