read:0.031929620590111576
trash:0.04002969943071381
out:0.033188087298041125
all:0.013437575079525229
take:0.014970064298138757
thanks:0.014037934119127909
your:0.017745524256074122
mathematics:0.03747402693994361
wonderful:0.033846111268362
kids:0.030960303034188192
parents:0.03229299317248769
learning:0.03498523295295691
throw:0.030023736454470495
to:0.007764502310370878
signature:0.03520361490184818
schools:0.034669855469668366
then:0.011238594012505656
mail:0.021579686653773633
that:0.009771961279844418
think:0.010139070616398276
really:0.01374222354359807
nt:0.00502872219522844
re:0.0026333838223814828
ps:0.03172931213253321
indiana:0.041226171520822245
this:0.003697059425150838
telling:0.03023960787060432
two:0.013132319948262756
you:0.007828154780404533
them:0.02064590382439776
phillies:0.03891276259848396
computers:0.0305476680745681
m:0.009639540226169523
why:0.012533257606718355
a:0.0019669072195019647
anymore:0.03120742500469009
swear:0.04109695223442649
baseball:0.026389266479498647
local:0.02152382712616868
let:0.016233364385583274
sig:0.06646671018475739
whole:0.021069827288924578
files:0.046610022036446326
are:0.004527544940853701
those:0.013069828551320847
hey:0.027141823842473024
presidents:0.04693694769135977
it:0.009657899429294984
not:0.004245845130816654
feed:0.03509357745182649
have:0.007200712861234548
try:0.01715767374889713
university:0.016551690856328547
love:0.0230437847900102
talk:0.024363336391810052
dept:0.028896531622125347
of:0.009585099288451904
even:0.011825066533563562
gotten:0.030350076857700796
but:0.004685093114439509
phil:0.03120742500469009
they:0.006569856510617913
one:0.006924724702645229
bob:0.05188739456379014
in:0.0025025310125984575
point:0.01550377437507085
pictures:0.032747489800217064
or:0.0047486722373456716
use:0.011709714984136255
and:0.008066142559664573
word:0.02161180645185506
subject:0.0001880067386761852
i:0.005377428373109717
group:0.01899377418877919
the:0.003715683852058712
do:0.005058576893707723
because:0.012427621823200802
just:0.0248110259887159
newsgroup:0.027071576342072887
people:0.010600515070937446
edit:0.07464514958100041
dead:0.024163958695853072
nice:0.02225168631517435
article:0.011413139159388746
says:0.018035399608644847
students:0.03366553077108497
include:0.02367269910735635
s:0.017477078333972346
