at:0.005575727926926778
there:0.011617455513634778
split:0.030176750552450667
braves:0.030418656962705085
with:0.00370143909360473
way:0.010964384933838882
much:0.011058208035189438
into:0.01133420191761004
alomar:0.03849303979004728
often:0.019666584735941177
single:0.02057864981336946
to:0.0026168338482737293
important:0.019888413246665966
value:0.023631979871877644
that:0.010977994475774583
nt:0.018077938018289583
could:0.009551323767886439
account:0.02578974308055228
re:0.0023667120428998135
this:0.0033226736605786013
on:0.006417833230877088
you:0.003517715122840012
identical:0.03093210977797324
score:0.030543168137380436
more:0.03218782343849939
a:0.006187043595522004
was:0.005604184393046744
as:0.01012802734451922
steal:0.03410603231814889
let:0.014589479384511548
also:0.009389222352402318
nyx.cs.du.edu:0.029755929405179574
team:0.06082071965875628
no:0.014249946027626706
base:0.02437744212286741
d:0.011530659635297693
it:0.00433994214860724
unreasonable:0.036935235552459256
probably:0.015109010854615242
pitt.edu:0.03125206091191521
gordon:0.028395659037019117
robert:0.020224126765555087
has:0.013478157897298114
usually:0.020871840140421604
greg:0.027716889857565964
blue.cis.pitt.edu:0.037796831592488235
be:0.01098344159121781
which:0.008176533750110872
stats:0.02939622386870384
batting:0.06806572511223354
credit:0.030585222205220107
neal:0.037796831592488235
writes:0.012555615019320805
if:0.00848291670586594
of:0.00246127323500935
even:0.02125518288311425
separate:0.02672594643546761
nearly:0.027152789984806427
they:0.005904554585492048
pitching:0.03158905151013554
david:0.031600572649930304
one:0.00622348675807356
comment:0.024870869600523815
in:0.0022491101505631703
accurate:0.05661344777713126
murdoch.acc.virginia.edu:0.03682119437839167
or:0.0042677940360954765
and:0.006041098330550472
0.5:0.037796831592488235
for:0.002059170018430848
subject:0.00016896808159505252
i:0.0036246589983302837
walker:0.030843589259145775
offense:0.06298184749449937
remaining:0.031739156108979316
than:0.027163315485179643
the:0.0019082354683267165
do:0.004546315942446181
around:0.01498224324780782
level:0.022281868117681954
would:0.017708537584260307
meant:0.025769995439183655
maybe:0.016758943559128634
just:0.007432839009277759
about:0.006234279622290326
is:0.0034009193277299227
time:0.00999689854369439
lot:0.03137409352234672
runs:0.04749101924611816
created:0.04807715301879773
percent:0.02994375072256006
article:0.01025737823185571
little:0.014843915834800405
give:0.044871574772582405
going:0.0137836435699347
somewhere:0.02455393075254802
by:0.006268578954539025
john:0.016971382275834467
s:0.007853623808304028
