played:0.07653213247460991
thanks:0.03761106877200308
o:0.1321124144830144
to:0.005200751547512569
montreal:0.09302727390160341
re:0.007055481184493784
he:0.0600050266988768
big:0.05237321799750108
a:0.002634913444993198
j:0.05762506904771439
question:0.0411884166669265
also:0.027990511918482383
anywhere:0.07974206235574455
internet:0.053896866851218986
play:0.12082710312379025
it:0.012937940744904602
not:0.011375660539169148
cry:0.10878420676632666
keith:0.0743484352664088
nh:0.1147528356005183
heard:0.05099334640414858
writes:0.012476648887123817
short:0.06533920501172202
what:0.01736683213201191
but:0.012552513627366231
2nd:0.08238937453942494
find:0.03993295731459227
in:0.003352447205556424
and:0.003601862400856508
ooo:0.2418533282277693
subject:0.0005037161677739301
i:0.007203724801713016
can:0.03262513179010239
shawn:0.11708517439235183
does:0.022990354987500475
man:0.054680176203683
1:0.036953280979711484
too:0.03683995977102823
position:0.06495930107947569
article:0.015289299628615112
takes:0.06746980856565415
mike:0.06029079299920195
seem:0.05207004820557996
3rd:0.08327839195408664
s:0.011706344921811666
