school:0.03189933750698338
concept:0.03733203284316477
ever:0.023187912779209303
way:0.015196252803039852
c:0.022685067503762806
such:0.016868571960243845
kimbark.uchicago.edu:0.10711282077609936
to:0.0012089466316586234
1988:0.04008860389436216
might:0.018658641542793383
that:0.006086046060253978
like:0.010216132136040992
nt:0.00626384694493367
he:0.013948536908072238
best:0.021361193683872227
something:0.01746194137862739
game:0.026070255332548135
you:0.004875429731655455
numbers:0.030945108780690334
card:0.026850073215037205
m:0.012007146597509403
why:0.031223203160596603
a:0.00857502533414453
sorry:0.027872076181917758
standard:0.026702145091774005
stephenson:0.05295120976097117
birthday:0.05466826745505972
rich:0.039822767495280326
frank:0.06870481362369513
it:0.0030075037696488767
have:0.0044846545012952
expect:0.030317728799634982
second:0.024120138391686547
his:0.03235840423693433
highest:0.041395933536120824
be:0.010148443107674935
writes:0.01160109457925548
of:0.0017056191716292863
liability:0.20351049595391166
but:0.005835817739038686
year:0.04341685467034477
years:0.01955943353491573
good:0.014210612731223676
in:0.007792969381337301
or:0.0059150127868691695
few:0.0200493640430376
still:0.017909728791487254
rogers:0.04847028323670809
subject:0.0002341838323861254
until:0.02509794495933898
i:0.0033491001271121917
the:0.004628307956073132
do:0.012602068752745554
thf2:0.10551682466722698
law:0.026375799344245315
leland.stanford.edu:0.08854929573551389
may:0.016324785328419567
ted:0.07871077417278984
is:0.004713554857730945
dale:0.0423317593482992
smith:0.13816626506899868
every:0.021334636201205227
him:0.021022064064590416
defensive:0.17949868715118217
article:0.014216366321343876
very:0.015291600805117957
u:0.033172311259587854
brett:0.04594675628537668
says:0.022465146880943577
remain:0.039396862009166374
steph:0.057113121862682706
strange:0.038564587989953714
s:0.010884847032561724
