ability:0.07422758639737828
with:0.010830136607213839
work:0.03750134192574636
to:0.005104441333669743
day:0.04709820436597911
class:0.07348462354942596
nt:0.01322367688374886
re:0.006924824125521676
michael:0.055642503734697944
this:0.009721897006878128
he:0.05889382250074945
brings:0.09609518615487979
a:0.0025861187515673983
bring:0.0702475360609088
red:0.06690035101745465
definitely:0.07881206933557006
anthony:0.09957763488641573
team:0.05931897349434254
have:0.009467603947178755
leadership:0.0977546705750592
pitch:0.09242722478891509
park:0.08317115313046233
year:0.04582890215203059
again:0.04521979885385218
chance:0.06657513940764082
bob:0.06822231507461296
in:0.0032903648498979715
or:0.012487249216723801
and:0.003535161245285091
for:0.006024978942816185
subject:0.0004943880905929314
each:0.04714832217334473
the:0.00837503344432281
sox:0.09794858353556467
record:0.07141941476364065
hit:0.06629078036906313
is:0.004975419016493776
win:0.06276806303015446
east:0.07540109776650032
field:0.0720825527765427
does:0.022564607672917132
run:0.0495710079330999
too:0.03615773829378697
article:0.015006164450307426
bad:0.050751871236044147
says:0.047426421193103106
hawk:0.10773608725529413
