read:0.044451040429371015
rex:0.12219965666425114
means:0.11116059687995108
wood:0.09880547760368188
to:0.00810705388288724
bet:0.0845817904903845
that:0.006802051479107388
like:0.022836060068797515
re:0.007332166721140599
charles:0.08071083637125168
something:0.039032574846343586
on:0.01988269902899176
you:0.010898019400171016
8:0.05789198592889934
m:0.026839504159138668
how:0.025791431318218122
baseball:0.14695199372897286
athena.mit.edu:0.09582888911607397
it:0.006722655485097489
not:0.011821764874038528
spread:0.091398369651548
be:0.02268475518186162
which:0.02533122220622584
writes:0.012965929235638477
tend:0.08352164889684968
must:0.04544040053881367
they:0.01829254165701458
david:0.04894990665381361
one:0.019280606034816128
in:0.003483915723421382
5:0.10191658380069345
or:0.01322179328829579
for:0.006379389468864196
subject:0.000523469742980751
favorite:0.09475421781225052
the:0.004433841235229724
win:0.13292060406385653
9:0.06982026775735346
does:0.023891937536029906
runs:0.07356452000869283
article:0.01588888000620786
