yankees:0.04265646281698464
go:0.014518151132791993
at:0.006574365764585306
there:0.006849096907292145
obsolete:0.04538731557333933
where:0.013786991031595237
your:0.009402479270009421
with:0.004364383408877219
much:0.013038782608656204
from:0.006317703391269967
to:0.006171041015332078
hall:0.10254649731976449
she:0.02473986929028718
that:0.0025888404883169912
walks:0.042777809987669564
like:0.008691336294840845
through:0.017682561895707664
nt:0.005328944415839094
asking:0.026756961303271598
me:0.008086482689586155
anything:0.03464539030327468
re:0.0027906007670012727
happened:0.025166424617450976
so:0.007625452219290448
barry:0.039239797939182544
anyone:0.012484438430159636
this:0.003917779390831485
he:0.023733331455525898
standards:0.0316216293748137
you:0.01659101460921558
ta:0.06891572729563927
m:0.010215035165045313
more:0.018976403370458594
board:0.02679997402503839
a:0.003126501774282974
was:0.01321583782240874
season:0.028486824094744168
let:0.03440504093660932
bonds:0.040754281849605604
d:0.013595852405798772
not:0.004499328422208693
have:0.0038153030831914393
money:0.023135968408426345
girl:0.0393936732168149
real:0.019086521298494384
has:0.00794607816333247
alive:0.032873291743267447
heard:0.040338020289848876
writes:0.004934793962817629
get:0.009808761009635241
were:0.011576890279644023
making:0.022944829782629877
if:0.00500112253554783
trying:0.02012185241095818
what:0.006868970917885307
hammer:0.04630980778204961
least:0.017967629721690165
well:0.02511743149482604
they:0.020886260250173365
up:0.010025823659346154
now:0.012327719387151076
pick:0.030000406768940405
in:0.0026519358491714994
point:0.016429372845224333
replace:0.03280867933473674
or:0.005032175057485711
and:0.004273851654747647
for:0.004855953177792149
subject:0.0001992310215822261
doug:0.03225104093028945
i:0.004273851654747647
any:0.007636472136483636
alan:0.03284091561193462
mail.sas.upenn.edu:0.04368743549221461
the:0.002250008985041949
do:0.00536058148437684
got:0.033017221218366775
can:0.012903970036383782
scene:0.04113706762861718
her:0.024674692574102448
because:0.026339138789470355
thought:0.020034226904415763
just:0.008764093757208104
here:0.01343582765390594
about:0.0073508670173274
is:0.004010039207323342
mel:0.14141954950533295
right:0.01447666861037537
too:0.014571028864660421
japan:0.03865418886872363
him:0.03576888512482549
article:0.0060472603008701565
going:0.016252355851117034
playing:0.029890820562351438
s:0.009260242997851019
