yankees:0.05392420771203718
some:0.011014498822012775
looks:0.032293447871451796
know:0.011640331374134923
technology:0.03177044986619757
bradley:0.10425683564122117
monday:0.04769442131829233
your:0.011886153039445872
mathematics:0.05020105495728295
times:0.07954177758942528
from:0.007986530702171467
wrote:0.02429787711974397
emphasis:0.051758411092749444
to:0.0013001878868781423
w:0.058383789717534974
that:0.0032726851456082715
nt:0.006736590110589042
re:0.003527740592246892
resist:0.053773261095561325
chances:0.046040148794916275
this:0.004952664512937915
extremely:0.04168066400980783
game:0.02803782177274045
sunday:0.0421492641022346
on:0.009566204249797922
enemies:0.05392420771203718
baseball:0.03535165886876234
mets:0.05105927927997848
course:0.02307690377264169
daily:0.08412462905154612
section:0.03877131250588007
are:0.006065201713219108
daniel:0.04036396221885226
d:0.01718720964506637
not:0.005687830269584574
have:0.009646237983917979
only:0.01258053054971025
beware:0.05471744466685361
color:0.034855019873616847
sports:0.045279955524545154
edition:0.09194881326311381
has:0.02009008441295379
love:0.03086997585076838
evil:0.039402582211401894
be:0.0054571816711082195
writes:0.0062383244435619085
of:0.007337380587386364
institute:0.036721300471068925
department:0.032717694176348455
but:0.006276256813683116
york:0.03550157742854191
they:0.008801128533091921
good:0.015283111805278294
in:0.003352447205556424
stories:0.0436619306123778
and:0.009004656002141271
gets:0.031484116437667964
few:0.02156252359345553
for:0.003069328895396924
subject:0.00025185808388696507
i:0.001800931200428254
special:0.0329784074798587
any:0.009653653455554785
coverage:0.0873238612247556
the:0.006399789707454223
do:0.006776584140627327
original:0.02911479257805169
an:0.008470737156242799
just:0.011079137391187602
about:0.009292605474734638
is:0.005069294846993659
printed:0.04590911943490998
new:0.016264146838524028
mostly:0.038500462450385436
does:0.011495177493750237
chicago:0.079673576166111
article:0.007644649814307556
poster:0.042970126149306585
