believe:0.031951057063681475
princeton.edu:0.09014012258554008
with:0.008600402599846284
name:0.04062106626220957
remember:0.04092094171354753
that:0.005101538609330541
think:0.02117276511071405
dodgers:0.08782204987666385
like:0.017127045051598136
re:0.005499125040855449
had:0.022564830671796106
this:0.007720329976050279
something:0.029274431134757688
on:0.007456012135871911
roger:0.19472447530440848
8:0.0434189894466745
a:0.004107365076018809
was:0.03906446179859054
said:0.06445602437245389
baseball:0.055106997648364825
fisher:0.0884479265592932
it:0.010083983227646235
not:0.008866323655528896
sports:0.07058346008237922
greg:0.0644010087866974
aaron:0.14869437234526434
writes:0.019448893853457716
well:0.02474805750225507
who:0.019015483444615417
david:0.03671242999036021
in:0.00783881037769811
or:0.009916344966221843
subject:0.0003926023072355632
60s:0.09929496984062819
i:0.0028073339300793373
the:0.005542301544037154
once:0.03945634110183686
pitcher:0.14994612571052301
is:0.007902136085019527
right:0.028527552849857345
category:0.07673717042995237
article:0.023833320009311793
players:0.05458638107408665
jewish:0.1687282582952117
answer:0.04465104473718907
alex:0.08248520438123196
four:0.051588913985631965
s:0.009124062953764975
