say:0.029882598019961314
damn:0.033872731160335484
with:0.0046049399747208454
maynard:0.12420786434292427
4:0.019561177198257316
to:0.0010851961890478983
might:0.0167487018573106
worse:0.030669806404255016
hall:0.03606622215445785
been:0.011553073915129443
that:0.002731532483736038
like:0.018340772653679893
nt:0.016867997284782013
could:0.011882749254535885
toronto:0.03163071098535892
me:0.008532194333894053
re:0.00294441340770213
so:0.016091505470628664
this:0.008267439974353055
fingers:0.044757616686309926
best:0.01917461480284594
healthy:0.04108761881288789
on:0.003992195474325117
tell:0.018976575225373642
roger:0.03475397459501253
rotation:0.043099626378378046
more:0.010011173431659259
how:0.010357188954560033
series:0.02824685323439107
as:0.006300111497771798
old:0.02084970930978208
jay:0.040143057276832934
canadian:0.03820998280112045
therefore:0.027030909610668234
jack:0.03365949526582626
logic:0.03269874762359821
hey:0.030347551067961963
yeah:0.031135609796757103
it:0.0026996490530706452
have:0.016102381516461508
made:0.018311650015102373
probably:0.01879703712621424
only:0.010500285340703044
always:0.020920914157470136
valentine:0.10093091650450216
has:0.008384050975484654
stayed:0.04361445125446349
his:0.014523063318939029
be:0.0045548130483265455
signing:0.04686047326307406
boston:0.06566578165904788
6th:0.04686047326307406
writes:0.005206790480453247
of:0.0015310282328010918
future:0.027594537986754725
even:0.013221727935165557
year:0.03897260970408901
they:0.007345823815021604
now:0.013007199983293262
good:0.02551196616314172
rings:0.09001521287363687
in:0.005596211083291038
clemens:0.04826400264422618
morris:0.07741490893486343
world:0.019852367627816354
and:0.004509418281387282
subject:0.00021021225899227005
rm:0.04049307115534344
i:0.004509418281387282
morons:0.046545470628320526
top:0.026627025402892246
any:0.008057380049518167
will:0.008923664133096728
the:0.003561037842467967
do:0.011312093211125931
thing:0.0178262396466532
see:0.0139321713496943
fame:0.045669678225877815
would:0.007343698000821858
can:0.006807606239667034
ramsey.cs.laurentian.ca:0.08701751636196413
btw:0.0295416576412861
many:0.029184268150836117
about:0.007756032915920248
stewart:0.04361445125446349
is:0.002115532495202078
division:0.031201318237167975
win:0.02668878270573497
shawn:0.048862316872398795
does:0.009594400112893899
their:0.011918768650249717
easily:0.029125313136971552
little:0.018467233873216252
three:0.022980220523405297
s:0.0048853250461103805
