tv:0.02594973326199769
at:0.00603400693461939
there:0.012572314870919827
happen:0.02316186456278983
watch:0.026329889319002393
braves:0.06583764109736169
with:0.004005666964311968
into:0.012265780157413605
both:0.015381534810330395
to:0.0018879440549189463
receive:0.058663270842541165
teams:0.11331479829512758
that:0.014256354469910006
cubs:0.037846659513593985
think:0.009861287859784624
through:0.01622920064400566
re:0.002561236320398428
started:0.02246058134238976
so:0.01399740544362904
harry:0.03574059992627919
national:0.022288862499914474
this:0.01078731037749491
26:0.030112075553799474
on:0.0034726631865704786
products:0.02774032050778691
them:0.010040131311864663
winning:0.032082500707578794
why:0.02437976137197269
a:0.0009565096752372569
how:0.01801867119491951
other:0.018894629970300145
was:0.0060648022883656545
local:0.02093413323230104
team:0.13163936583676017
success:0.030697316690490462
are:0.008807005227414047
no:0.02313176170238034
officially:0.0749815417815618
it:0.011741624306163422
turner:0.03861923139130182
mlb:0.040762192495961684
buy:0.020594802227698397
exposure:0.037578024491996175
thinking:0.023859770779785308
writes:0.0045291944590243995
down:0.016194284773651767
if:0.004590071368242529
america:0.10788324806757431
but:0.004556734398975412
least:0.016490838237715633
well:0.02305298507059376
they:0.019169581325501582
who:0.008856526535848275
up:0.018403566717155952
one:0.0134700124352825
in:0.0012169842595513047
or:0.004618571628103324
repeat:0.032201622233002554
and:0.009152677744642223
still:0.013984308782394157
subject:0.000182855869123413
p:0.023055671504324315
until:0.01959702551619619
will:0.007762365376049893
the:0.0020650767396960357
would:0.006388011274687507
country:0.02308735690424748
did:0.0112596646811162
label:0.037755938782429464
people:0.020620180001001607
ted:0.030729548820883704
arrogant:0.03793859800901961
is:0.012881564302977036
representative:0.03630003849487006
does:0.008345813796832365
2:0.013345270904763073
their:0.031103088053048917
belong:0.033620729242399595
dollars:0.03140825363351542
fans:0.02817123712018807
successful:0.0328304410635034
article:0.0055502252076479516
advertising:0.036909267851147426
comes:0.020713536556476106
north:0.0274942108555536
s:0.016998254270027897
