thanks:0.05862901896812244
o:0.20593994022352244
to:0.00810705388288724
montreal:0.14501310343485238
big:0.08164060452551639
a:0.004107365076018809
j:0.08982731351555479
question:0.06420547303962072
anywhere:0.12430380308395475
internet:0.08401570420925313
play:0.09417406567001299
it:0.02016796645529247
not:0.01773264731105779
cry:0.16957538113574452
keith:0.11589609026822549
nh:0.17887942020080794
what:0.027071826558724445
but:0.019567153595600302
find:0.062248433460982064
ooo:0.3770066587079933
subject:0.0007852046144711264
i:0.005614667860158675
can:0.025428411542285687
does:0.03583790630404486
man:0.08523674525868231
1:0.057603643880138486
position:0.10126008697682976
takes:0.10517352511704914
mike:0.0939827067340501
seem:0.08116801632046287
