read:0.017710961421077514
out:0.009204508586566093
there:0.014340296649642929
know:0.009639649419205483
story:0.02808638693759847
with:0.0045689638811683385
much:0.013649975543436964
to:0.003230154281462885
might:0.01661785262405036
been:0.011462815525167494
that:0.00813057715862055
nt:0.011157477370663102
bobby:0.0407666217909122
me:0.008465536565660505
re:0.0029214101779544573
anyone:0.013069646481573369
this:0.004101425299776711
he:0.03726874705125551
on:0.007922012894363905
a:0.006546113089904977
how:0.010276273415852534
member:0.03117889002145749
j:0.04772076030513848
was:0.006917665110167075
as:0.01875267563008637
coming:0.02716117152179371
mets:0.04228346565373218
dollar:0.044050060805703645
far:0.01944826618844845
are:0.005022745168759574
no:0.017589777127851716
it:0.002678558044843531
not:0.009420468883999451
being:0.01520159320254022
only:0.010418251861478801
real:0.019981201984361308
hopefully:0.036115192011271155
has:0.00831855057723868
be:0.004519228571386495
writes:0.005166112429824706
if:0.005235550154401635
of:0.0030381341494646664
totally:0.0321837132856926
even:0.013118433185672075
reasons:0.028410347467157072
what:0.007190953929661181
but:0.00519752517383133
up:0.010495784143378005
now:0.012905581233423783
professional:0.03734769819917239
david:0.03900695686475772
one:0.0076821164669970505
and:0.0014913961503546479
few:0.017856464850830363
for:0.007625363974501734
subject:0.00020856997571889294
threatening:0.045451161810827215
i:0.004474188451063944
tape:0.03241693956029948
ago:0.022352857229411282
the:0.004122086773377633
do:0.01122371748291401
regularly:0.03881174280718657
accused:0.042862434186183136
individual:0.030169423369269942
an:0.014029658415027136
tour:0.04769867800185675
just:0.009174910652077234
press:0.028026174693497392
is:0.006297014692749936
right:0.015155262451486715
days:0.02326759862929822
time:0.012339921639872763
does:0.01903888772402383
blue:0.0312239189645571
matter:0.047201609560945976
1993:0.023669185961016696
wanted:0.023790312418328925
him:0.018722775807525842
art:0.03603118582551911
almost:0.023609319767691938
e-mail:0.021481998255095832
give:0.036925566739937604
before:0.01661089271267691
todd:0.0397617985266771
blame:0.03497753427733735
s:0.009694316888375286
news:0.047951195565053416
