at:0.019577000276765136
out:0.013090856656449554
say:0.010541916523708575
there:0.005098772142095264
watch:0.02135646578096861
ever:0.014685678093499226
with:0.006498081964328304
much:0.009706649275332952
into:0.009948910572124369
scored:0.02751528485721822
to:0.0030626648002018463
remember:0.015459022425117956
city:0.0204432533249244
then:0.008866001943198906
motor:0.027994885321043203
make:0.009778224907498355
that:0.00578174375724128
think:0.015997200305872837
nt:0.003967103065124659
toronto:0.022317223861892124
re:0.002077447237656503
so:0.011353451082054667
charles:0.022868070305187976
fielder:0.035092999321693734
this:0.008749707306190317
best:0.013528755999785745
two:0.010359941292518398
you:0.003087772163381788
wells:0.03378833492681928
went:0.018124784806867134
m:0.007604526178422623
why:0.009887347667522257
fun:0.022868070305187976
a:0.003103342501880878
same:0.021578815005873473
baltimore:0.029044332698220966
as:0.00889015733574465
tigers:0.033177218842295235
worth:0.019528686771065767
bull:0.031081139780398188
athena.mit.edu:0.027151518582887623
team:0.035591384096605526
staff:0.026737013784047768
are:0.007143459795569173
no:0.006254142978791721
bang:0.032732537132997806
it:0.0019047523874442887
should:0.018253468247038662
have:0.002840281184153627
suddenly:0.027073817238583514
decent:0.025030901793442865
92:0.024352860490982637
has:0.005915413743814172
exciting:0.03092463490836099
be:0.006427347301527459
which:0.007177179625097322
boston:0.02316542852971967
writes:0.0036736799500975688
deer:0.035258849116969734
what:0.005113567238870174
but:0.003696017901391168
year:0.04124601193682753
they:0.020731547211283195
up:0.0074636687241799145
pitching:0.05545633487334906
david:0.013869140218580524
michigan:0.028620847334954944
in:0.0029613283649081745
required:0.02079323028056094
yes:0.014815810391688273
or:0.007492349530034282
and:0.00848438698868422
subject:0.00014831642717787942
summer:0.025004256391979014
i:0.00424219349434211
back:0.023403963556305973
games:0.05549783819347876
improve:0.026351299859426858
pay:0.018515789233321575
20:0.01747129082447567
offense:0.02764203306703028
tiger:0.035092999321693734
will:0.025184563220072988
than:0.007947784901219229
the:0.005443771738809827
do:0.007981310210072185
see:0.019659841793457512
moore:0.031408031447192265
essentially:0.05000851278395803
would:0.00518138692280209
can:0.004803144402431741
last:0.012112014178108322
many:0.010295561264322742
head:0.019182554085864906
changed:0.020996195521296807
is:0.0059705028197925315
division:0.02201426342289074
win:0.0941520945452317
east:0.022620329329950097
detroit:0.026385278898412617
keep:0.014718969911810674
their:0.016818706873130154
runs:0.02084328066912964
standings:0.03212587439985897
nice:0.01755410809308199
article:0.004501849335092228
already:0.016143257340540843
close:0.019305073423169672
mike:0.01775228904976502
