another:0.013946574404959616
above:0.01712362283099714
belt:0.036051739234891335
looks:0.02152896524763453
at:0.005540660455688246
out:0.007409918862141257
say:0.011934245121179519
there:0.005772194877843695
all:0.00600042660783831
specifically:0.025453098438714853
braves:0.030227344654763545
way:0.02179085307605715
my:0.005976190322832084
nl:0.06679875357695317
to:0.0034671676983417127
might:0.013377893936342427
been:0.009227926963656851
that:0.008727160388288725
appears:0.049060390281689716
like:0.014649547968662557
really:0.012272929202458654
nt:0.008982120147452057
me:0.006815023147198395
anything:0.014599000945405055
performed:0.031196845785752592
re:0.004703654122995856
so:0.006426481744559246
this:0.00330177634195861
on:0.006377469499865282
size:0.022647026019282188
letters:0.058991305761298796
more:0.007996346074344188
a:0.0035132179266575978
hard:0.017007757248902574
other:0.008674893005232144
uunet:0.023754668631555256
was:0.01113787590064636
perception:0.03717782874085979
season:0.048015527404977595
said:0.013783049236876933
also:0.018660341278988257
pitchers:0.03313452467935629
ride:0.026557858722037
far:0.03131293172479751
reds:0.03681834186136326
yeah:0.02486932354835316
it:0.010781617287420503
couple:0.01984900499782716
have:0.009646237983917979
moved:0.028041543017182043
cs.cornell.edu:0.07019396887395872
strike:0.16567262339678146
able:0.016587831610758927
edward:0.028428241656494498
has:0.026786779217271725
be:0.007276242228144294
writes:0.008317765924749213
of:0.003668690293693182
short:0.021779735003907345
but:0.008368342418244155
least:0.015142530708845801
zone:0.1841605951796651
news.duke.edu:0.036478296444569076
up:0.008449436291524432
in:0.003352447205556424
douglas:0.028367179932425556
weeks:0.02289663449895038
watching:0.026789962853706505
for:0.0020462192635979496
subject:0.00016790538925797672
however:0.015076093737087504
doug:0.027180122545023815
i:0.0012006208002855027
we:0.008476376765496667
judging:0.03584884073037422
any:0.006435768970369857
offense:0.031292867623053146
ways:0.022442379756472293
the:0.007584935949575376
would:0.005865721044681611
eric:0.025081940127789974
ted:0.028217069986471832
n:0.02302525469059372
is:0.0016897649489978862
1/2:0.029831660218219085
expanded:0.07169768146074844
life:0.01754955568106107
fischer:0.035009020650974707
tedward:0.03681834186136326
under:0.015266185076136097
article:0.010192866419076742
little:0.014750557873575248
thus:0.020951918697335255
by:0.006229153929667712
s:0.0039021149739372225
