above:0.015042298508997487
say:0.010483673890980903
tomorrow:0.02793153955656899
finish:0.027040555315706434
damn:0.023767054460566886
with:0.0032310904795002614
4:0.013725245879440216
viola:0.03597180051019795
to:0.0038071800002509137
hall:0.02530613377688479
that:0.0019166001405219713
bit:0.015055713801412705
like:0.006434469964136316
nt:0.011835556105896771
toronto:0.02219392428254465
me:0.005986677792290302
re:0.002065969628608677
lost:0.03872382678804254
had:0.016954789897040166
this:0.0029004554606155745
fingers:0.03140451557547713
he:0.008785266339890803
best:0.013454011491499636
on:0.005602307461207623
you:0.0030707126486669714
tell:0.013315055544875429
am:0.009029482633709202
more:0.0070244145072968275
prove:0.02169557093874916
a:0.00231464772239734
series:0.019819615252860034
was:0.009784100929297079
said:0.012107761484328355
lucky:0.052615425829133367
therefore:0.01896643934008213
nyx.cs.du.edu:0.025974789204521394
jack:0.09446974361900409
starts:0.02470973687510149
worst:0.023810557534770786
hey:0.02129358555597331
mnemosyne.cs.du.edu:0.03299391929068034
it:0.0037884577871820104
have:0.002824589022915209
made:0.012848505811701664
probably:0.013189081298503913
only:0.007367603526349649
cs.cornell.edu:0.06166210525391953
valentine:0.07081893036503742
edward:0.024972875267307317
has:0.023530927599702784
greg:0.024194854129808964
his:0.030570647096772208
edge:0.05207957665854099
be:0.009587755643162508
signing:0.06576000115370614
boston:0.04607488547347558
6th:0.03288000057685307
writes:0.010960150127362912
of:0.0021485147576324713
cheers:0.02405614738322843
future:0.01936191339402127
even:0.00927712402080677
gives:0.02009129544638732
what:0.005085315486169233
year:0.04101813341783953
years:0.012319201231935875
again:0.013490989713303966
seems:0.013019265687188275
they:0.005154252069103556
who:0.014287877063357438
up:0.00742243298537229
wong:0.03386479743545152
now:0.009126598883305217
good:0.01790066134098894
rings:0.03157992274848586
one:0.005432656949036588
in:0.005889934869430623
5:0.0287168274797534
morris:0.10863749651632769
yes:0.014733955085656844
world:0.013929561816202633
better:0.024709567638689537
and:0.004218755961224197
subject:0.000147496999403416
i:0.0031640669709181476
top:0.018683050973300083
howard:0.02899436769274278
ago:0.01580754544400356
any:0.005653520808225454
will:0.006261355496703229
than:0.015807748974800674
the:0.0024986287623946506
do:0.007937214573552448
uh:0.028412265396290697
see:0.00977561194149821
start:0.015566641369516644
fame:0.032044470357383885
would:0.0051527604757147846
can:0.004776607693026041
last:0.036135290918113225
ted:0.024787370872094035
about:0.005442078344319732
is:0.0029687583081841316
division:0.021892637658123385
win:0.01872638344546045
average:0.021433818004986668
shawn:0.03428460907621352
fischer:0.030753780571850704
their:0.00836289292034096
run:0.014789140488328148
goes:0.01780678008834628
easily:0.020435993195554624
tedward:0.03234318428705391
every:0.013437284679212133
count:0.023554533572015524
article:0.008953954478636474
three:0.016124243129682168
bad:0.03028288449443518
