out:0.02222975658642377
all:0.01800127982351493
send:0.0553461720920042
take:0.040108474157277425
fax:0.057710251695913005
your:0.023772306078891744
ca:0.038802803699855115
kids:0.08295024586518346
parents:0.08652084963194814
to:0.0026003757737562846
t:0.048608925566046075
mail:0.05781727367614822
re:0.007055481184493784
cs:0.1930457578795733
ps:0.08501060986452293
la:0.08223214092510148
them:0.02765772021758945
phillies:0.10425683564122117
a:0.002634913444993198
let:0.043493164957600465
science:0.06380438162579839
computer:0.05057930009745878
those:0.0350172764959917
hey:0.07271960350247489
presidents:0.12575559570137898
shift:0.09143185148597957
talk:0.065275354106359
writes:0.012476648887123817
of:0.007337380587386364
key:0.06048759191012407
phil:0.08361234623898099
san:0.07618802704914233
david:0.04710274036499045
bob:0.06950952856658679
in:0.006704894411112848
pictures:0.08773855757794005
or:0.012722857692511044
and:0.007203724801713016
subject:0.0005037161677739301
too:0.03683995977102823
dead:0.06474117235492709
dave:0.06615612587499231
him:0.04521726987477939
article:0.030578599257230225
says:0.04832125932882204
619:0.23949406947375668
s:0.011706344921811666
