another:0.01449349889142862
ian:0.035858768469486546
grass:0.04188962874533259
at:0.005757941257872099
there:0.005998555461288546
know:0.008064543304956222
story:0.02349710802622617
ahead:0.028246009703652198
case:0.016154320962789254
suggested:0.028706287248074065
with:0.0038224011554872377
such:0.012568739891946396
from:0.0055331519897397095
to:0.004503918823826245
remember:0.018187085206021126
city:0.02405088626461694
near:0.023560625996611274
day:0.016622895658580862
ii:0.02399607715758247
been:0.009589806452427707
make:0.011503794008821592
that:0.01133675246517898
talking:0.02130517111347888
pipe:0.03838436920894713
location:0.030005405061924204
could:0.009863458531542859
dream:0.03257050979189125
ball:0.029141211370797022
this:0.01372503106853383
on:0.003313783171498627
convention:0.03757356758365315
phillies:0.10834533899970043
m:0.008946501386379556
a:0.0054764867680250785
other:0.009015084887790266
want:0.012369921357595959
was:0.023149310695461063
as:0.005229504315143911
those:0.012130167675082093
it:0.008963540646796653
should:0.01073733426296392
philadelphia:0.06484050300568185
area:0.020970372840910766
has:0.013918620573680405
topic:0.02854011013457204
be:0.007561585060620541
september:0.03553190297553451
were:0.01013923723838104
if:0.004380068103028819
of:0.002541707000859329
future:0.04581054018716144
park:0.05870904926856166
but:0.008696512709155689
stadium:0.03746553293037727
ed:0.025935749488032695
who:0.00845132597538463
in:0.003483915723421382
conversation:0.032621373454911215
st:0.02507677936548562
become:0.021648514867942142
or:0.00440726442943193
and:0.0049908158756965994
still:0.013344503805421877
for:0.0042529263125761305
subject:0.00017448991432691697
station:0.027032615279556582
i:0.0049908158756965994
back:0.013767037386062338
any:0.0066881520672471065
projects:0.03410540907997883
the:0.007882384418186176
see:0.02312922563936178
would:0.006095749320943635
listening:0.03227337009204316
reality:0.054779231663429837
spectrum:0.03553190297553451
is:0.0035120604822309006
planned:0.03227337009204316
morning:0.02804013606274128
guys:0.025390037316936283
new:0.056339855061553826
time:0.010323594574534077
center:0.02135052832335169
nice:0.020651891874214106
solely:0.03507035024864592
leave:0.04618538724567996
live:0.020239792640180776
s:0.008110278181124423
news:0.02005801644551254
