yankees:0.03572478760922464
above:0.017016600188303407
thu:0.036824104274622536
manager:0.02454311462445999
at:0.011012062655680388
help:0.013375579500261232
finish:0.030589628200892907
thanks:0.012458666530726019
your:0.007874576388632891
with:0.007310342209869342
ron:0.026483114601406472
way:0.010827330122165897
3.50:0.04249111227998506
from:0.005291076590188598
spot.colorado.edu:0.03375280716269198
angels:0.032141375229553855
my:0.005938839133314383
to:0.0034454979002270774
next:0.016739875148432348
really:0.012196223394943287
12:0.022208655197575228
me:0.006772429252528404
re:0.0023371281423635658
happened:0.021076880617115195
dunno:0.036824104274622536
boulder:0.06890458827793378
so:0.0063863162336557505
this:0.013124560959285476
starter:0.03759036878769961
off:0.013646609049727192
he:0.009938332547001471
on:0.003168805157745562
you:0.0034737436838045118
am:0.010214602229383536
a:0.0017456301573079939
bigger:0.029133230326430927
series:0.022420939754797916
below:0.023199211956486828
old:0.016549456764639526
red:0.022578868468390946
challenge:0.02949460264448609
colorado:0.0589150210949745
sig:0.02949460264448609
official:0.025351268882214534
no:0.007035910851140687
begin:0.02608262174712821
co:0.028531160895565722
not:0.007536375107199561
clip:0.036705053056055696
have:0.0031953163321728306
laugh:0.03170259861284605
cs.cornell.edu:0.03487762828424824
strike:0.03292743390011032
valentine:0.040056957487724296
edward:0.028250565146141406
minor:0.027162076107673946
coach:0.03186355171348614
be:0.003615382857109196
writes:0.0041328899438597645
predictions:0.03267487428549858
po:0.03261329743272976
down:0.014777284855957237
making:0.019216294942952523
if:0.0041884401235213085
end:0.03380291753219387
of:0.006076268298929333
what:0.0057527631437289456
but:0.004158020139065064
year:0.015467254476310324
they:0.005830747653173398
up:0.008396627314702405
box:0.019803368816916297
one:0.00614569317359764
in:0.0011104981368405655
world:0.01575781680457923
and:0.004772467681134873
usenet:0.02552624142902345
still:0.01276068176393467
for:0.004066860786400925
subject:0.00016685598057511437
space:0.019109454734456896
con:0.03625030709179052
until:0.017882285783529028
i:0.0023862338405674366
top:0.02113520141354572
league:0.04862321335291561
rangers:0.029168441687170022
20:0.019655202177535126
any:0.006395545414305046
will:0.03541579202822764
the:0.00518205194367474
wrong:0.01652138785518663
can:0.005403537452735709
major:0.040955349658972406
fan:0.02499722490931046
listening:0.030861410150516272
maybe:0.016549456764639526
may:0.011631409546498944
an:0.01122372673202171
10:0.01806482348685103
ted:0.028040713299056382
rockies:0.11120770119549163
is:0.0033584078361332988
occur:0.02843622236122838
life:0.017439870958054438
fischer:0.034790214271906116
tedward:0.03658822722472974
him:0.014978220646020675
u:0.023635271772456348
era:0.03154568660577683
prediction:0.07105271648951701
offensive:0.03134241665761708
give:0.014770226695975042
god:0.016582363948595157
s:0.0038777267553501147
august:0.031243208225390263
1991:0.027136513699851914
