to:0.0065628531432896705
add:0.163629543640558
re:0.01780669060848431
you:0.02646661854327247
steve:0.1527216117540184
baseball:0.17844170667089562
mets:0.25772779065131995
nyx.cs.du.edu:0.22387794504849393
greg:0.2085365998807344
list:0.1386489808057895
now:0.07866259037515448
in:0.008460938185451928
system:0.10643915853535833
subject:0.0012712836615246807
the:0.007178600095133838
sox:0.25186778623430917
can:0.04116980916370063
white:0.16185567361050437
players:0.176755900620852
jewish:0.18211938990594279
