re:0.09348512569454263
scott:0.9555192632928766
yankee:1.4929748479032854
subject:0.006674239223004574
