lead:0.09424913750292467
all:0.023269947088933932
inning:0.13941380530429126
4:0.060591939126309245
miss:0.11770294062697827
o:0.08538973131219224
to:0.006722922732150394
denver:0.14370382155950256
0:0.08939405581635201
on:0.03709820672482609
gregg:0.27019684435692015
a:0.0034061076240155977
baseball:0.18279394341896624
colorado:0.11495613872190145
mets:0.1320069171628712
minutes:0.09719920117164814
have:0.012469527149942754
heard:0.06591822827853352
cr:0.3053454372714597
ryan:0.21682622931723317
dl:0.1441774334096758
in:0.00866730253143856
5:0.06338714358335812
weeks:0.08879426549592952
and:0.004656066030375486
subject:0.0006511452900492268
ago:0.06978452988694255
radio:0.087496350262626
rockies:0.1446604243193387
2:0.047522184197449
runs:0.09150708586447158
first:0.045794020229049784
7th:0.13444797712767567
