out:0.07854513993869733
miss:0.32172137104707393
to:0.009187994400605538
surgery:0.3640715845231434
has:0.07098496492577007
ryan:0.2963291800668853
weeks:0.242704325688874
and:0.012726580483026328
for:0.021689924194138267
subject:0.0017797971261345532
is:0.03582301691875519
having:0.17445942616135743
right:0.12932490625268664
expected:0.27662455091455557
