another:0.01041082314736422
some:0.010962787559937598
manager:0.01843614244090891
go:0.00913348475020717
louis:0.022127707453511548
there:0.004308821528531208
lead:0.018141852758778925
behind:0.016562170896707504
final:0.05431899151037458
chris:0.018012897854081222
with:0.005491336871263355
c:0.012141303734408262
previous:0.016306100561938056
from:0.0079490352528655
wrote:0.012091901289637845
dennis:0.025466008425936316
both:0.010543211654029286
scored:0.0232523534004661
to:0.0006470418591975732
obviously:0.017285883008572568
young:0.017624673836029045
most:0.00871641062895323
been:0.006888452522166382
that:0.0016286602133074029
problems:0.012878278102778277
think:0.01351876082186437
quite:0.01247041963431644
memory:0.015876207634588337
indeed:0.017315691589223546
tie:0.02488171652700014
nt:0.006704962926971253
stretch:0.025818286294212907
could:0.014170039017146079
mainly:0.022594659535815013
12:0.01668255789489219
re:0.003511178429841977
so:0.004797232851572395
had:0.007203795707427865
starter:0.05647379348386796
philly:0.028135928642305047
he:0.014930828239626623
abused:0.02844559046292381
two:0.008754879965508505
these:0.0077776336765208575
game:0.04185928321000687
sunday:0.020975690116605012
on:0.00476064624637831
you:0.005218769853603022
none:0.01700709029305772
phillies:0.02594184173232264
a:0.0013112714796679767
was:0.016628378105190342
1964:0.05755425667433545
season:0.017921288397632483
forever:0.022155570061585795
mets:0.0254097821768907
streak:0.028777128337167723
giants:0.02513832879243612
staff:0.022594659535815013
are:0.0030183632939024675
those:0.008713219034213897
early:0.01644479389104827
reds:0.02748411434721483
have:0.004800475240823032
probably:0.0112076230752545
won:0.020289387251919186
only:0.012521467026002691
pitt.edu:0.02318227992527044
45:0.021175500512937387
robin:0.026401843649506696
against:0.012128078836421816
left:0.01372960180047212
larry:0.021337009558558665
gene:0.0252450341965561
after:0.009057341256642964
robert:0.01500193440825213
victory:0.0254097821768907
be:0.00271578054994118
neal:0.028037086345601606
down:0.011100307873019521
were:0.014566228145279804
if:0.0031462461021756305
of:0.0036514663956007257
short:0.016258112045170272
saturday:0.023395718301217658
kept:0.018750120293775464
but:0.006246790819252678
year:0.011618594911782404
oh:0.015162986780006918
well:0.007900788310579084
bach.udel.edu:0.029133869684481915
they:0.0306593303828836
up:0.006307325682405562
pitching:0.04686450834367526
title:0.019723912354849386
rest:0.015336294992830088
in:0.0025025310125984575
st:0.018012897854081222
or:0.009497344474691343
weeks:0.017091853921751693
and:0.0017924761243699055
4th:0.023894414138097037
for:0.0030549189005828546
subject:0.00012533782578412345
each:0.01195309576225641
i:0.0017924761243699055
back:0.009888998685763086
games:0.01563319385731796
the:0.007431367704117424
when:0.006139316633069183
would:0.004378636836170779
can:0.004058995269660626
arm:0.02350619012004486
once:0.012596390586501907
maybe:0.012431516818508563
serves:0.024229902231909923
last:0.010235504939246468
an:0.012646452655799108
jim:0.015898266417600327
long:0.011175170164829037
15:0.015689252262819923
hold:0.016290049826028264
hit:0.016806113333001922
cards:0.03694852079203852
win:0.015913030063982824
managing:0.027845433789168483
guys:0.018237914129066907
days:0.013982406688028979
time:0.014831079529612335
2:0.018294925371787875
their:0.014212991723771962
gone:0.018448814069872126
runs:0.017614040002081385
1:0.009194947849411777
too:0.009166750553354443
art:0.021652543594678154
saved:0.02175405751023292
three:0.013701821626631328
bad:0.01286667158096894
roberts:0.05226698857751153
by:0.004649931806653362
3rd:0.020721853397026254
s:0.008738539166986173
