at:0.01468275020757385
all:0.015901130510771518
opposing:0.08981255177112542
nichols:0.09040432991207391
braves:0.08010246333512339
much:0.029119947825998856
2-1:0.21363710660119622
to:0.009187994400605538
me:0.018059811340075744
need:0.032020033191620605
re:0.006232341712969509
game:0.09906697026368291
you:0.009263316490145364
sam:0.08217409194641634
winning:0.07806741838844174
a:0.004655013752821317
bigger:0.0776886142038158
was:0.014757685568356426
team:0.10677415228981657
role:0.0735625795594432
staff:0.0802110413521433
play:0.053365303879674024
d:0.03036407037295059
not:0.010048500142932747
have:0.008520843552460881
sherri:0.09696247852976472
certainly:0.05126262128759401
but:0.011088053704173505
who:0.021550881237230805
pitching:0.16636900462004717
clear:0.05496251236977689
one:0.016388515129593707
in:0.005922656729816349
rather:0.04289139421521439
still:0.03402848470382579
subject:0.0004449492815336383
i:0.003181645120756582
snichols:0.10024098343386563
games:0.11099567638695752
than:0.04768670940731537
the:0.005025020066593686
hold:0.05782967688240034
is:0.004477877114844399
run:0.04461390713978991
luck:0.06871314376522702
going:0.03629692806749471
