some:0.020483103072514983
at:0.030911053068576527
out:0.02066977366807824
way:0.030392505606079704
hell:0.059883875868103426
my:0.016670425637373705
to:0.004835786526634494
make:0.06175720994209486
that:0.006086046060253978
finds:0.09224794603246422
nt:0.01252769388986734
its:0.03627762379007316
this:0.009210218217042439
30:0.06005448200655948
score:0.1693270373931968
why:0.031223203160596603
seconds:0.08119587096336925
more:0.02230559694422326
a:0.002450007238327009
wondering:0.06313918424311046
was:0.015534405861427817
local:0.053620762314314944
jay:0.08944154866943478
mets:0.0949523439241705
no:0.019749925196184383
it:0.012030015078595507
have:0.0089693090025904
absolutely:0.07021857447627428
anybody:0.05332623061250342
least:0.042239690924675125
sense:0.11530954548642071
must:0.04065720048209644
who:0.022685138144453477
good:0.028421225462447353
box:0.16676521108982142
in:0.006234375505069841
door:0.07421004028303443
use:0.029171570662234175
for:0.005707874787931122
subject:0.0004683676647722508
i:0.0033491001271121917
the:0.003967121105205542
would:0.01636227449305923
can:0.015167824428731812
morning:0.07526562837893712
figure:0.0647806602469255
