another:0.008528866655340687
bottom:0.017255823568650082
manager:0.015103455153513839
go:0.00748243173766972
at:0.003388326970978581
say:0.007298249901029013
all:0.0036694916563318894
inning:0.021984484682599777
with:0.0022493360645751822
way:0.006662972382871321
followed:0.017095914234628
times:0.010809523621127026
from:0.0032560471324237523
post:0.00993299155550454
dennis:0.020862537672017057
both:0.008637323393493223
scored:0.019049043362689536
single:0.02501097438855673
to:0.0026503830001746746
0:0.01409675495565551
then:0.006138001345291551
h:0.013589162016517373
randy:0.019287641020072046
us:0.007922601485326908
might:0.008181096676455562
sweep:0.02348242609322179
considering:0.01540526905905805
think:0.005537492413571367
pitched:0.022175242148520437
through:0.00911332036163395
tie:0.020383867770196268
its:0.007953171369362194
kirk:0.02313253463858438
bobby:0.020069721497064468
oakland:0.021686183781269488
started:0.01261248029226502
had:0.005901571098777443
off:0.00839791326137058
he:0.01223179390400181
two:0.014344534097333165
big:0.01067607905333676
game:0.03429241278358255
on:0.0039000678864560766
moment:0.016185810766737627
score:0.03712169665927776
none:0.013932731663158823
3:0.00900563824860623
m:0.005264671969677201
beat:0.01671512375856858
sure:0.008392477000612322
a:0.005908286686273211
other:0.010610061444860854
beating:0.020343167349694203
was:0.010216859239631374
as:0.0030773621546808403
tigers:0.1378130628833802
interview:0.02059409243380344
said:0.008428864725628586
also:0.011411516397535126
career:0.037172808526344435
rbi:0.0673357755840988
are:0.0049454721661632735
it:0.002637349459538246
against:0.009935695354453256
victory:0.02081647539876046
his:0.01418791570388659
be:0.0022248509889902742
6th:0.045779077726233894
get:0.00505528452035047
deer:0.024409972465594433
of:0.002991393624088287
gotten:0.016575811206898126
what:0.003540161934602428
stadium:0.02204702514749124
anderson:0.055992320950872664
again:0.009391804377338532
double:0.01699288609630627
up:0.015501465811758285
david:0.009601712459017286
over:0.007715156740459069
one:0.0037819650299062407
in:0.008200601625899561
and:0.005873806376781383
gets:0.02567166417225234
few:0.008790875003485719
completed:0.02068150878410173
for:0.0062567089021552695
subject:0.00010268060343083961
ninth:0.04503166427659045
i:0.0014684515941953457
vela.acs.oakland.edu:0.02224098996913313
ago:0.011004483559094785
tiger:0.0971806135062288
than:0.005502312623921005
2000:0.016637105792524327
the:0.008407245111416361
strong:0.01388712456142504
got:0.017016567858696725
home:0.011266780968697494
radio:0.013797501387567948
once:0.010319350749711178
last:0.008385240584844222
sp:0.018150524704299134
7:0.01227510972665887
an:0.010360363137250809
here:0.006924618867782293
finally:0.01398663259921579
circumstances:0.01866410698362422
e:0.011964960369437797
number:0.009624095570760608
win:0.03910933158032702
managing:0.02281183614266495
gave:0.04282931438120645
9:0.013695514060096257
detroit:0.036533463090109776
1st:0.03462127808120171
appropriate:0.015553875954078871
their:0.005821860071468131
run:0.020591034064518423
runs:0.028859927080333348
1:0.007532784199710418
first:0.007221364728427082
fans:0.015819233152105608
him:0.018434733102794677
very:0.006704778814551721
replaced:0.016637105792524327
seventh:0.02313253463858438
give:0.00908937027444618
homer:0.02386736247228711
by:0.022856203265011525
emotional:0.02046658394412305
happy:0.014608058032634697
while:0.008347471176455856
7th:0.02120141177782578
gibson:0.0229688438138967
john:0.010313378459930175
s:0.01670405371535434
