some:0.0496824202184406
help:0.04553388766046376
tried:0.06591200112843981
thanks:0.042412481806726875
your:0.02680706855704814
with:0.024886271352746694
my:0.020217324709155347
nl:0.11298938105037823
to:0.008797015915473388
mail:0.06519820223055012
could:0.032108705432469305
me:0.023055078306479675
re:0.007956180910173841
server:0.08515869670526881
comments:0.07838308540487447
on:0.021574843627203827
you:0.03547653123885458
great:0.05364363167516334
them:0.031188493011324273
how:0.027986446749555836
are:0.013678965565983522
those:0.03948756711250128
not:0.01282787252289287
stats:0.19764269664915773
get:0.027965403729598347
recognize:0.09525796569147194
but:0.014154962175540643
they:0.019849353712930715
subject:0.0005680203594046446
doug:0.09194977626933587
i:0.004061674622242445
info:0.06266798849771059
jim:0.07204959036061424
address:0.06793236923263002
does:0.025925293922075005
e-mail:0.17551249638205954
james:0.07360837803483036
