since:0.015043771604538956
at:0.006623797086123541
out:0.008858474429176389
played:0.030497767076348308
all:0.007173442335686399
finish:0.03679955272287868
ever:0.01987535381075083
with:0.004397198321725919
previous:0.02611428135107373
from:0.006365204920527636
both:0.01688499310006194
several:0.02119136369975486
to:0.0031087199099793174
remember:0.02092198523700174
born:0.03231521021083812
that:0.005216610908789125
think:0.010825173139312444
dodgers:0.08980299837012243
13:0.029607056800499715
re:0.0028115827276554172
this:0.003947236378732473
age:0.030998410721155046
two:0.014020973177844447
big:0.020870530480207195
on:0.0038120964303706008
am:0.012288243283468914
them:0.0110214975303176
phillies:0.12463787118010651
m:0.010291839940722346
a:0.0021000062042802934
closest:0.04239404348218095
series:0.026972559103516286
was:0.01997280753612148
as:0.012031791882962682
old:0.019909120919867098
finished:0.037182410545640004
1964:0.1382600376500013
following:0.02058131032360723
odd:0.036537547224155614
whole:0.022495605075393155
streak:0.046086679216667106
scale:0.036384617267485514
yeah:0.029730995820963547
it:0.0025778603739847515
won:0.0324935299598405
kind:0.020718245841827517
has:0.008005823111928954
netcom.com:0.04840654398076901
be:0.004349332760432115
writes:0.004971897676823777
were:0.011663934567460895
of:0.004385877869903879
but:0.005002129490604588
year:0.07442889372059103
heads:0.03648622417851351
they:0.007014433266975516
up:0.010101205792123192
universe:0.033319205644105204
over:0.015082261297138027
one:0.022179945288171934
in:0.0053437504329170065
minute:0.033627536649574206
or:0.005070010960173573
world:0.01895677209573441
and:0.0043059858777156745
subject:0.00020072899918810748
i:0.008611971755431349
back:0.01583726857193637
league:0.029247045625813897
games:0.05007323746780038
caught:0.03394905438895828
the:0.007367510623953149
fan:0.030071849514959947
because:0.013268588713492586
eric:0.029985176543748913
last:0.016392199639545097
else:0.01899663327321847
time:0.011876014811306117
somebody:0.028539309950938008
man:0.02178984465259548
their:0.011381079838960254
1:0.014725743548306079
smith:0.029607056800499715
first:0.014116953604443917
too:0.014680585472665387
late:0.02897848861376819
almost:0.02272175135537269
article:0.00609272842343309
warren:0.08412940090934848
