out:0.05122509126436782
thanks:0.08666898456157231
that:0.015082809801498991
re:0.016258282729485676
michael:0.13063892181189954
was:0.03849831017832111
pleasant:0.2614982176535625
alleg.edu:0.2614982176535625
writes:0.028750538739894013
even:0.07300693251156633
well:0.07316817000666716
yankee:0.25964779963535395
in:0.015450408860390476
subject:0.0011607372561747086
alan:0.38266806017384686
mail.sas.upenn.edu:0.25452679808507644
the:0.0032771869999524044
an:0.039039049502684206
thought:0.11672114805181359
article:0.03523186436159135
written:0.15580517123722218
