school:0.025430241089483253
statistics:0.033042703427302644
all:0.006671803011512526
with:0.00817940387118248
c:0.018084599268733986
kimbark.uchicago.edu:0.08539064033898831
scored:0.03463462429579916
to:0.0009637756364271544
player:0.05436731514763919
important:0.04394922088074437
most:0.038949555188119676
remains:0.03228918691474008
jays:0.037061577763993214
us:0.01440472997332165
t:0.01801589548951358
that:0.004851812943139536
nt:0.004993556305751318
re:0.005229937101792595
so:0.014291057306082799
two:0.01304048554303015
game:0.04156656094979703
on:0.0035455162604146146
you:0.007773412439282823
tell:0.016853322053303865
card:0.021404953472127564
vs:0.023892391224219177
m:0.009572130853958546
why:0.012445612448629415
more:0.01778208427721295
a:0.000976576311780696
sorry:0.022219697096074298
series:0.02508636615921445
want:0.013234950823162108
was:0.006192035902806892
standard:0.02128702475847718
rbi:0.08161912192011975
frank:0.0547716696021066
team:0.08960068723620972
are:0.013487651362263472
flame:0.029354220313830736
wins:0.03442740892792243
have:0.0035751791129206493
indians:0.03827729055981826
talk:0.024192963410049142
his:0.012898105185351446
batting:0.07520548648764265
notes:0.032715485514667964
writes:0.004624212524598338
of:0.0013597243745855849
what:0.006436658062913505
but:0.00930466045105469
fact:0.016771098801600274
order:0.019610607420506937
necessarily:0.027183657573819596
in:0.0024850307957271396
yes:0.018649271821705518
and:0.008009735968338249
for:0.004550333747022014
subject:0.0001866920062378902
i:0.0013349559947230414
away:0.01936352158268301
offense:0.03479416749696119
the:0.005798100076838869
do:0.005023202230115361
thf2:0.08411830777667047
scores:0.03628769267387069
can:0.006045916031032961
law:0.02102686101569207
individual:0.02700479854032554
sandberg:0.045530740505914886
an:0.006279007961970187
ted:0.06274844934054574
about:0.020664675111647657
newspaper:0.03447863997751735
win:0.023702625200198193
average:0.027129517894423683
does:0.02556270239868934
himself:0.02617329685665013
rbis:0.14165156536705
runs:0.13118148672878793
every:0.017008031656904867
position:0.024075824875609872
article:0.00566666349871749
very:0.012190506935548582
little:0.016400969943345903
u:0.026445059325825283
offensive:0.035068438218312806
obp:0.04237000537484456
by:0.006926122201518644
says:0.017909277933059915
john:0.018751597199873047
s:0.008677430501482774
