final:0.0612166412259777
all:0.015143933819782398
much:0.02773328364380843
post:0.12297989544910383
to:0.00437523542885978
then:0.025331434123425447
that:0.005506422625944076
think:0.02285314329410405
talking:0.05174112984702013
me:0.034399640647763324
re:0.005935563536161437
michael:0.047693574629741095
reply:0.057003119354843555
you:0.02646661854327247
tell:0.03825436593051512
am:0.025941846931767706
them:0.023267605897337156
answers:0.13303527689690103
steve:0.050907203918006134
worst:0.06840810974275417
are:0.010204942565098817
results:0.05814418648997556
have:0.00811508909758179
alleg.edu:0.09546760327034821
if:0.010637308250212845
but:0.010560051146831909
particular:0.053826213461647725
who:0.02052464879736267
pitching:0.0792233355333558
one:0.031216219294464203
yankee:0.18958410767025846
in:0.005640625456967951
or:0.010703356471477543
use:0.026393325837259493
better:0.03549549002065719
and:0.003030138210244364
subject:0.0004237612205082269
i:0.01515069105122182
will:0.01798897372862356
the:0.0047857333967558915
do:0.011401871728674549
thing:0.03593543547817391
pitcher:0.16184661187802485
about:0.01563517746542653
e-mail:0.04364596470876613
