out:0.004750714109195402
mark:0.024222773905582178
finish:0.019735244000576066
curtis:0.02279615185683309
corner:0.019763943467386
way:0.006985374272365094
mss:0.04783126933139425
from:0.0034135978001216755
learning:0.020031867255322102
both:0.009055258396404186
angels:0.020736371115841194
to:0.002222901871114243
bet:0.017393835947619393
recall:0.015769577480133155
within:0.01305020248517265
player:0.0156744477139363
most:0.014972544064250306
teams:0.016677379587790954
make:0.014194197446368578
that:0.004196426920578348
problems:0.011060779176982956
think:0.023221742379492826
quite:0.010710481379473393
appears:0.015727020271751338
nt:0.014396744994404001
hot:0.016869428172425045
could:0.006085117561798618
generally:0.015591731827512497
re:0.001507824607976494
michael:0.01211570645836165
this:0.002116864670852496
chronic:0.023113816686885974
weak:0.01886417108305451
he:0.019235482349035105
personally:0.015801792762526214
two:0.007519312228440772
on:0.006133171273055927
you:0.002241124957293233
performance:0.015286335619341193
am:0.00659006595444099
great:0.01016633342230918
them:0.01182144493171162
winning:0.03777455728472987
m:0.01103882832351671
a:0.0028155325117870866
how:0.005303883053343243
as:0.0032262667750686228
40:0.015421399951712897
baseball:0.015109983226164548
singer:0.0458404622513013
fine:0.013061115233550646
mattingly:0.0511822003310851
team:0.051664912398298346
staff:0.019405897101324992
are:0.007777153809692244
play:0.012910960616050168
d:0.007346146057971917
not:0.007293266232773769
wins:0.019851288212471403
have:0.004122988815706878
pleasant:0.024251850830773945
cs.cornell.edu:0.04500339133451385
between:0.0093663945405097
32:0.03453563525407666
always:0.010713532653220594
second:0.011087482970372042
alleg.edu:0.04850370166154789
doing:0.010809285907924657
valentine:0.025843198379176962
lineup:0.023605307886922413
edward:0.018226171062026713
manage:0.020318868378176518
netcom.com:0.0129799805432304
willing:0.014418951024111575
500:0.016813617481248145
his:0.007437213877037325
be:0.004665010138205414
myers:0.02491749498544914
which:0.005209243276280313
writes:0.005332761217883567
were:0.0062552552317431415
if:0.002702219434529876
of:0.004704207715300128
cheers:0.017557107565985268
even:0.013541608449726013
losing:0.039702576424942806
candidate:0.02318046709797956
but:0.008047780914319479
year:0.00997887385568408
years:0.008991029931372555
fact:0.009670431970277577
well:0.006785757702231229
necessarily:0.0156744477139363
they:0.015047090717866833
up:0.005417178912711229
good:0.006532297787739916
over:0.008088470776287732
yankee:0.024080239482311055
in:0.0021493512325946426
or:0.002718997813318892
and:0.0061580228143675786
irrelevant:0.01979284866689654
still:0.008232697912215916
subject:0.00010764901972588023
until:0.011536958570018727
i:0.0076975285179594725
back:0.01698674774248014
the:0.002735393987863499
wrong:0.021317919813144036
do:0.00868932966419149
when:0.00527288081791829
thank:0.014639089946651267
can:0.00348615319531336
because:0.014231631442697693
roy:0.040637736756353036
did:0.006628673562270021
come:0.019364465116688778
snow:0.06606137622395747
ready:0.01699790035818708
makes:0.011262007589725702
ted:0.018090782773584762
many:0.014945169577242689
five:0.01601202666550652
is:0.011916931031440738
either:0.010095010915779669
win:0.013667239530759441
handy:0.021161211904784046
does:0.0049132613481351825
fischer:0.022445299530262006
2:0.007856490129416971
their:0.006103562978152072
history:0.013391159694963229
1:0.007897273757760922
first:0.00757078560238323
everyday:0.023915634665697124
too:0.007873055918808453
tedward:0.023605307886922413
almost:0.012185455363970032
article:0.006534942583198395
very:0.0070292035959009964
players:0.014967233520314082
smart:0.020001203548123635
playing:0.016150685303851182
while:0.008751381072090817
s:0.007505277591000221
