know:0.015618672476687365
help:0.02708978126635186
thanks:0.025232742340710924
your:0.015948509141534967
with:0.01480575637441892
much:0.022116416070378876
times:0.035575647360671224
except:0.040814701506377386
to:0.003489111797698306
brains:0.07118471768791046
us:0.026074384635253113
that:0.004391197790309833
nt:0.009038969009144792
re:0.004733424085799627
so:0.012934311359302786
anyone:0.021176136071410015
this:0.006645347321157203
he:0.0603848053488697
more:0.016093911719249693
a:0.0017677267415777153
baltimore:0.13235392115644995
was:0.022416737572186977
baseball:0.09486774278705842
it:0.00867988429721448
not:0.007631772260455251
able:0.033385635773552774
after:0.024420426426138623
humor:0.07028659444775497
be:0.007322294394145206
joshua:0.07482626290881908
were:0.019636750600915177
lawrence:0.06004093638856752
but:0.016842613221529374
present:0.045879750415560805
up:0.03401165494562999
sounds:0.04509752612102327
over:0.025391655095181744
in:0.0022491101505631703
our:0.028225005354182195
and:0.004832878664440378
for:0.008236680073723392
subject:0.00033793616319010504
i:0.002416439332220189
we:0.01706004943941734
any:0.012953003370744396
pretty:0.036430633631894006
later:0.04044825353111017
the:0.0009541177341633582
can:0.010943873321996372
maybe:0.03351788711825727
come:0.06078971327770654
thought:0.033982106394831804
many:0.023458240855418904
is:0.0034009193277299227
somebody:0.04804719270221209
told:0.03924328818644468
admitted:0.06961132886920694
players:0.09397149146931373
jewish:0.14523445017815692
past:0.041816638568397006
especially:0.039560705158194195
john:0.06788552910333787
