at:0.01797887780519247
princeton.edu:0.12509241501666785
to:0.0028126513471241443
been:0.029943681371866104
re:0.0076314388322075615
jon:0.08468098497384353
cleveland:0.10997455318913316
best:0.0496974710196211
recently:0.0675369707058712
on:0.010347118882434487
great:0.10290819137684394
roger:0.18015325606394253
working:0.06466406144299197
a:0.0028500084200946837
career:0.0986217369066281
ve:0.037247626510763965
indians:0.11170719489906146
225:0.12145469600837563
second:0.056116240339842166
determine:0.08902982610569472
greatest:0.2033995101289535
writes:0.026990301674186215
what:0.018784532714216963
2nd:0.0891150377671331
over:0.04093756637794607
in:0.014504465460774732
subject:0.0005448358549391489
300:0.08488817622821125
i:0.0038958919845998963
the:0.0030765428979145017
hits:0.10107655661835263
2b:0.12412041401688714
about:0.02010237102697697
their:0.030891502420034977
history:0.06777566539491593
article:0.03307481144149391
players:0.15150505767501599
u:0.07717639762434725
project:0.07860481337577654
