basically:0.08918651246017924
way:0.03937210953514871
my:0.021595778666597756
hole:0.10606706068061826
might:0.04834284399723741
that:0.01576839206520349
re:0.008498647790412968
this:0.011931419053895886
on:0.011522927846347498
a:0.0031738730132872617
how:0.02989461357338919
tigers:0.2714499723460519
austin:0.11379132944476263
andrew.cmu.edu:0.09260862288016501
team:0.0728005583794204
are:0.014611622309118763
brian:0.0849108526086086
not:0.013702500194908294
be:0.013146846753124348
year:0.05624456173203755
saying:0.0685580722491918
pitching:0.11343341224094126
better:0.0508230879841228
for:0.007394292338910773
subject:0.0006067490202731432
i:0.004338606982849885
favorite:0.10982875246419947
actually:0.11110518759550385
than:0.03251366550498776
the:0.0034261500454047865
home:0.06657643299684883
agree:0.0685580722491918
last:0.04954914891044313
tuesday:0.11415497356627265
win:0.07703353190064413
lot:0.05633075882421343
their:0.034401900422311685
goes:0.0732506180906972
by:0.022509897154935593
s:0.014100824564909508
