at:0.009788500138382568
out:0.013090856656449554
music:0.05118509377434538
know:0.027419447236851153
thanks:0.022148740499068478
someone:0.02448286794070022
my:0.010557936237003348
to:0.0015313324001009231
matthew:0.0952504964626999
t:0.057250512333343155
mail:0.034047950053731735
that:0.01156348751448256
complaining:0.062484363303832516
nt:0.015868412260498635
me:0.012039874226717163
re:0.004154894475313006
sample:0.052368907639977334
complete:0.041146842781053086
so:0.011353451082054667
this:0.011666276408253757
you:0.006175544326763576
m:0.030418104713690493
a:0.001551671250940439
as:0.00889015733574465
pointed:0.0480627500672925
also:0.016483301463106295
it:0.007619009549777155
not:0.013398000190576997
complaints:0.058199224628143795
university:0.026114890017762817
has:0.011830827487628344
evil:0.04640748571565112
wasting:0.06281606289438453
get:0.01460415528101247
of:0.004320901901460859
trying:0.029959202478537734
please:0.04256478570900566
groups:0.0408865066498488
thompson:0.13009147457681686
yes:0.029631620783376545
or:0.022477048590102845
and:0.002121096747171055
for:0.003614987365689711
subject:0.00029663285435575884
i:0.010605483735855273
everybody:0.0453101033304021
back:0.023403963556305973
survey:0.11234685910531084
the:0.0008375033444322812
do:0.007981310210072185
thank:0.04033882563077238
because:0.019608025543272376
twin:0.06612533449344896
just:0.026097523632575243
here:0.020004454506926624
n:0.04067794995338224
hit:0.03977446822143788
is:0.0059705028197925315
readers:0.05055328419773934
either:0.027817363412370646
new:0.0191555507209283
does:0.01353876460375028
bandwidth:0.059369897024341874
belong:0.05454029410433713
engineering:0.042963883258034435
e-mail:0.030552175296136297
random:0.04959114498867304
already:0.032286514681081686
