at:0.016314166897304277
all:0.008833961394873066
opposing:0.049895862095069674
take:0.01968286231792318
nichols:0.1004492554578599
braves:0.08900273703902599
with:0.005415068303606919
much:0.016177748792221586
from:0.007838631985464589
2-1:0.11868728144510901
to:0.0038283310002523076
stop:0.030777343653524417
most:0.017190698740435537
teams:0.03829620497937182
puts:0.045720607630394476
that:0.006424159730268089
me:0.020066457044528606
re:0.003462412062760838
this:0.004860948503439064
starter:0.05568943524103646
game:0.0825558085530691
score:0.04468352375653804
winning:0.04337078799357874
a:0.003879178127351097
other:0.012771370257702877
bigger:0.04316034122434211
low:0.03144254203685018
was:0.008198714204642459
pitchers:0.04878138355571898
team:0.11863794698868509
role:0.04086809975524622
play:0.029647391044263345
d:0.01686892798497255
it:0.0031745873124071474
not:0.005582500079407082
wins:0.0455844395990084
have:0.004733801973589378
second:0.02546014608011358
providing:0.04270362764505969
quality:0.035594109634947683
sherri:0.10773608725529413
writes:0.006122799916829281
certainly:0.02847923404866334
advantage:0.03947565348643343
seems:0.021819324901676648
they:0.008638144671367996
who:0.011972711798461558
adobe.com:0.04927140579140734
pitching:0.09242722478891509
clear:0.030534729094320492
in:0.004935547274846957
clearly:0.03365287385578152
or:0.0062436246083619005
rather:0.02382855234178577
better:0.020705702512050027
subject:0.0002471940452964657
i:0.0017675806226425455
snichols:0.11137887048207291
games:0.06166426465942084
scoring:0.09540282444984981
than:0.026492616337397426
the:0.007677113990629243
when:0.012108096692997554
scores:0.048047593077439894
benefit:0.04194346688406709
less:0.025452458857372937
would:0.008635644871336815
can:0.008005240670719567
is:0.002487709508246888
runs:0.10421640334564819
article:0.007503082225153713
luck:0.03817396875845946
going:0.02016496003749706
