week:0.07835997282739962
much:0.039709019762725714
wonderful:0.10923063182062281
hill:0.11325654541271275
t:0.05855166034091914
think:0.03272154608019444
grand:0.22794484841903326
re:0.008498647790412968
appeared:0.10807963789292384
bell:0.10143643293137668
you:0.012631795213834588
a:0.006347746026574523
ms:0.09500318005420652
wa:0.11397242420951663
desk:0.12169236438156576
his:0.0419188418523922
of:0.008838208434806302
result:0.08034095365935233
women:0.08589352713257783
good:0.03681840571271589
in:0.0040381750430566014
for:0.007394292338910773
subject:0.0006067490202731432
marks:0.2583735145073346
the:0.0034261500454047865
do:0.016325407247874926
thing:0.05145300988920356
fan:0.09089899967021985
club:0.10982875246419947
last:0.04954914891044313
address:0.07256412168030933
ma:0.09116404375539809
is:0.012212392131393813
new:0.03918180829280789
206:0.1318192985156019
too:0.044375406087829465
hp:0.0983101705921892
s:0.014100824564909508
