above:0.01354555238869923
some:0.005808641169817682
since:0.009954336434844186
ability:0.019941739629146405
believe:0.01080931283746438
stopped:0.022415732949351817
form:0.01698199464916366
know:0.006138682217205481
returned:0.023628607968727715
take:0.010575866320078127
ever:0.01315135351656647
much:0.01738504347820827
though:0.01236589155030189
o:0.01741780588955165
mentioned:0.017488376212894716
from:0.004211802260846644
bullpen:0.03014383466966553
to:0.004114027343554719
plot:0.028279688155031645
prime:0.024989148442368138
montreal:0.024529579685497415
remains:0.022971909098546423
might:0.010582513113823114
bruce:0.022918698704930764
teams:0.02057706536205053
been:0.021899110257036405
that:0.0051776809766339825
appears:0.019404482723354884
like:0.005794224196560563
toronto:0.01998557360766459
re:0.0018604005113341817
authorities:0.02316275918746407
this:0.00522370585444198
93:0.01821400744181294
contact:0.01731379253224163
personally:0.019496739328888065
these:0.008241970015417625
on:0.007567295899093879
you:0.0027651691015359295
causing:0.02442102721089722
apparently:0.037698119962703114
m:0.006810023443363542
same:0.009662155972779167
baltimore:0.02600985017751131
want:0.009415910287125281
was:0.0044052792741362465
as:0.003980667463766261
target:0.02384698704115172
rejected:0.026109355982022107
baseball:0.018643163383526406
nine:0.02511099431305618
jack:0.02126744228238774
staff:0.07183078330042683
are:0.006397128175136572
no:0.011201450111268755
mars:0.028126595325843814
relatives:0.027763286196416506
it:0.001705748406666527
have:0.007630606166382879
due:0.01649324619352479
hughes:0.050902612774215844
date:0.01779999596907126
university:0.01169323433631171
real:0.012724347532329589
doing:0.013336830373956792
has:0.005297385442221646
feel:0.015155605394259591
alien:0.02820255289863381
evil:0.04155894243192638
his:0.018352527776171707
be:0.005755833404352948
asked:0.016777616411633983
writes:0.006579725283756839
if:0.0033340816903652203
of:0.00290209829202595
suffer:0.02445694884260611
department:0.017254107376581774
but:0.009929600332095676
dl:0.02940932721291894
saying:0.015007737208778304
fact:0.011931677256859896
must:0.0115296538680572
who:0.006433098876785314
up:0.0066838824395641025
pitching:0.024831194719410025
olson:0.029217952681437367
in:0.0044198930819525
expos:0.062011766068425955
morris:0.02445694884260611
system:0.011120509100709079
watching:0.021192060167857383
and:0.005698468872996863
still:0.010157756628007697
enjoy:0.022998729241008497
subject:0.0001328206810548174
however:0.011925865195009518
i:0.005698468872996863
mention:0.01877947668794489
any:0.005090981424322424
currently:0.03581028360057012
normal:0.018767973505067377
the:0.007500029950139831
can:0.00860264669092252
hate:0.020029797226655866
planet:0.02353787370231089
an:0.004467154918217596
just:0.005842729171472069
during:0.014569002536330698
people:0.007488921094891131
many:0.009219905609841261
quebec:0.02615986529278836
paul:0.01629364423437342
is:0.0026733594715488947
mcgill:0.03276121325621667
guys:0.019326744823339556
keep:0.013181167085203588
man:0.02883631182880795
chemical:0.024715935718009358
too:0.009714019243106949
engineering:0.019237559667776613
fans:0.020462689649489843
orioles:0.059845363244098886
organized:0.024176585974192522
article:0.008063013734493541
spring:0.023690030037495372
training:0.022297553416973172
bad:0.013634831078340218
process:0.01799285439419685
by:0.009855079351414588
john:0.01334068855513356
s:0.00308674766595034
