some:0.009415619960752856
manager:0.06333706999860642
say:0.015302782050544705
all:0.007694095408437832
finish:0.03947048800115213
your:0.010160743727268245
with:0.00471634981281893
way:0.013970748544730188
from:0.006827195600243351
hitters:0.048680950909279944
to:0.005557254677785608
enough:0.019614101023688678
began:0.036143614812996834
guy:0.02730911892700701
like:0.018784501024333437
nt:0.011517395995523202
bobby:0.042081674106748075
finding:0.03595649467525761
re:0.003015649215952988
so:0.008240408043426775
he:0.02564730979871347
best:0.019638516773882533
you:0.008964499829172932
brings:0.041847903648092814
consists:0.04384178351013532
a:0.005631065023574173
hard:0.021808333891737978
baseball:0.030219966452329095
waste:0.03450467738063177
pitchers:0.04248701148401331
lose:0.03390923978376844
worst:0.03475573317575414
no:0.009078594646633143
d:0.014692292115943834
it:0.00276496314306429
not:0.0048621774885158455
have:0.016491955262827512
ve:0.01471882015344705
hal:0.09472271756401468
suddenly:0.0393007024431051
decent:0.03633518002273964
500:0.03362723496249629
his:0.0297488555081493
writes:0.005332761217883567
if:0.005404438869059752
of:0.004704207715300128
even:0.013541608449726013
seen:0.041813949848747624
but:0.010730374552425972
evaluate:0.04663433380624689
never:0.017773703474692423
ok:0.02632136443960429
they:0.007523545358933416
who:0.010427845759950389
chance:0.028992399419456482
one:0.007929926675609858
bob:0.029709717855073387
in:0.002865801643459524
point:0.017754322268226295
tactics:0.043647448416755795
and:0.0076975285179594725
still:0.016465395824431833
for:0.0026237811525167258
suck:0.04445457308253792
i:0.004618517110775684
imo:0.04265502831387494
back:0.01698674774248014
league:0.03136981506639717
games:0.026853792674263917
offense:0.04012553187149556
the:0.003039326653181665
do:0.005792886442794328
when:0.02109152327167316
judge:0.03518114096112131
can:0.01394461278125344
may:0.015008270382579281
an:0.007241114020659167
here:0.01451936214212416
is:0.00433342946597845
win:0.027334479061518882
unless:0.02482307601403622
talent:0.04318116155474914
him:0.01932673631744603
davis:0.03994154253467161
brett:0.04224137271397533
going:0.017563029710078084
john:0.0216248258030794
s:0.005003518394000148
