fred:0.4633614249679612
a:0.01396504125846395
free:0.28875077941247357
of:0.019444058556573867
become:0.3312222774795148
subject:0.00266969568920183
the:0.0075375300998905305
when:0.1307674442843736
leland.stanford.edu:0.5047309856924292
does:0.12184888143375253
