bbs:0.015446727678456722
say:0.007242538069723448
help:0.024504878473761035
damn:0.016419224646422162
valuable:0.05952720805396558
your:0.004808901611378864
c:0.03948240756380091
ca:0.007849422122489775
from:0.0032311918108021967
alomar:0.13928015924032375
lu:0.022793509128294434
both:0.00857138962713068
to:0.0015780906413253787
stop:0.012686843948781059
line:0.010777876903839651
q:0.09720637656922118
w:0.01181046127873799
jays:0.020228265726148966
t:0.01966620652672093
make:0.006717864440266045
quite:0.010138165580570234
bit:0.010401084725403433
walks:0.02187872724560199
higher:0.028334915366701467
nt:0.010901962621716619
could:0.0057599586081147226
12:0.027125075050473558
52:0.020567759947585973
consider:0.012291465948745011
re:0.0014272538273975973
vi:0.04375745449120398
larger:0.01624370894702589
cs:0.05857686164666442
had:0.017569562813154218
he:0.012138421431452178
something:0.0075979439586394
these:0.006323038065263139
on:0.003870296375872442
you:0.004242740377165815
numbers:0.013464665652666786
disclaimer:0.014328456210206819
nelson:0.020269087440335027
them:0.0055948823340925226
28:0.03376004124617364
vs:0.013040503607111993
m:0.005224483634030809
more:0.03882195498689239
a:0.002665084209630525
how:0.005020469455072994
series:0.013692176949494908
sb:0.0444102955098159
was:0.00675924529848386
as:0.006107741681045942
season:0.014569597056090528
let:0.008798235659361926
question:0.008332007951706506
plus:0.013648472725113247
course:0.00933645725152679
boost:0.021941816184347068
raw:0.02035206448856558
l:0.01261435335402047
are:0.004907720470238363
no:0.0042967394510782814
those:0.007083647535448702
hey:0.014710454143630418
d:0.0278144156088097
49:0.018990709740707823
it:0.002617217020915816
not:0.0023011832388395606
should:0.006270275352036181
have:0.0039026764362416247
due:0.012653215591215582
being:0.007426732556966214
probably:0.009111540897058047
rated:0.02181666418883947
indians:0.02089180362616035
second:0.010495022048291093
exit:0.040620700957801466
somewhat:0.016419224646422162
quit:0.038403939291210804
his:0.00703980550192846
edge:0.035978638836625644
which:0.014792660296002113
notes:0.017856161941211902
writes:0.0025239022557922226
were:0.0059210049521843475
of:0.0014842792791277758
outs:0.04414242283950087
even:0.006409005525824525
park:0.017142146065057123
gives:0.013879864411435516
what:0.007026275595394131
but:0.007617746819661186
year:0.009445651588586457
huge:0.016404286099394927
equal:0.017017577632564673
now:0.006305016785794825
good:0.012366487414958008
in:0.0033908340056200475
minute:0.017070467077837288
clearly:0.01387217700925345
or:0.0025737078538285696
and:0.005828968160164731
for:0.001241789553099519
subject:0.00010189678203060419
baerga:0.12566801268128913
p:0.012847816945157823
i:0.002185863060061774
away:0.010568639642456757
actually:0.009329443233210246
pretty:0.010984809377555827
ways:0.01361961214228662
than:0.010920620474957718
cost:0.012675601543323973
the:0.0014384599427272003
do:0.005483342892416004
got:0.00844333519706326
hits:0.056710892453808545
home:0.011180775007104383
did:0.006274469631461699
extra:0.014827006524775766
forget:0.04396045803909726
last:0.008321231114730907
7:0.012181406598974449
10:0.011031953274412842
just:0.004482399097198038
btw:0.014319811146730286
58:0.02119328611210932
39:0.020269087440335027
many:0.007073286364801883
about:0.0037596037416865323
e:0.02374724958819715
general:0.011253551004150958
is:0.0010254680415674195
having:0.009988135085573897
else:0.009643329104343727
right:0.007404097686222517
time:0.006028664007266082
9:0.013590968151240558
does:0.004650720665410401
man:0.02212251403660457
2:0.007436677679753468
history:0.012675601543323973
x:0.034868244155108044
guess:0.011435714744029211
him:0.009147004974669113
article:0.0030928735889946602
give:0.009019985768534376
side:0.012291465948745011
thus:0.012715095698001165
obp:0.0693768408618638
playing:0.015287671585324781
answer:0.011588820771484185
mike:0.024392458236318346
s:0.021312696670626585
