believe:0.021511602775547926
at:0.017444851731770912
situation:0.0348923988987584
own:0.022440501342059358
with:0.005790370067223241
ground:0.07677135967123447
declared:0.05407003730541734
been:0.014527132546746924
that:0.0034346992617274932
nt:0.007070084670519193
me:0.0107286007960846
re:0.003702381215625451
ball:0.17657842929631462
fielder:0.06254197898915714
this:0.005197845924469495
off:0.021618390573825252
on:0.005019889358804851
a:0.0027653547046463268
runner:0.05892356539020204
as:0.007921922378386322
jay:0.0504769136055226
question:0.021613723597496085
also:0.014688090412668975
advance:0.031321794224521284
early:0.034680604938547334
base:0.03813500846943615
it:0.003394608215247247
not:0.011938812051009206
being:0.019265385444803447
always:0.026306496019789183
after:0.019101125620445063
has:0.021084643047258437
his:0.018261673678269866
addressed:0.053239527563034156
be:0.005727339179578924
if:0.013270305341849689
of:0.0019251543125320659
what:0.009113288148481497
up:0.013301587825271135
one:0.009735751562134876
fear:0.04263134787626234
point:0.021797385755050105
and:0.0056702586310513345
for:0.0032212758704165743
subject:0.0002643263058615673
legally:0.04957246035217382
however:0.02373365251680112
i:0.0018900862103504448
appreciated:0.03351249622946775
any:0.010131557091968389
caught:0.08941038086596935
runners:0.06093288067729798
yet:0.026040284581051128
the:0.005224030762300368
when:0.025894543422648235
risk:0.04247664175841006
rule:0.07819203105457787
would:0.009234154911924516
can:0.01712011866213294
hits:0.09807428265939168
last:0.021585767842173247
is:0.007980375056158333
deal:0.0326367820966387
does:0.01206424568651015
fly:0.2451857066484792
their:0.014986966520611029
first:0.01858965177614892
too:0.019331860077866303
infield:0.2551248721132229
leave:0.03498200123063878
