above:0.04063665716609769
some:0.017425923509453045
belt:0.08555561997533913
help:0.031941682388683536
case:0.03688971801950382
strikes:0.08287523822944241
saw:0.05070717288261872
spot.colorado.edu:0.08060371859747338
my:0.014182302407914944
nl:0.07926120760250413
weekend:0.07533298293916853
that:0.0051776809766339825
re:0.01116240306800509
michael:0.044846197039905805
this:0.00783555878166297
letters:0.06999714638840678
a:0.0020843345161886493
was:0.02643167564481748
as:0.023884004782597563
jay:0.07609206379339975
mets:0.08078035229369729
pitchers:0.07863267797041269
far:0.03715489659882689
it:0.010234490439999163
not:0.008998656844417386
calling:0.06138806894846952
strike:0.07863267797041269
knew:0.05794171735668298
be:0.017267500213058846
writes:0.009869587925635259
were:0.04630756111857609
if:0.01000224507109566
of:0.00290209829202595
but:0.009929600332095676
impression:0.07061362110693267
they:0.027848347000231154
zone:0.07283963839195709
up:0.020051647318692307
or:0.010064350114971423
watching:0.1271523610071443
subject:0.0003984620431644522
offense:0.07426217838903656
the:0.009000035940167796
would:0.02784028794341421
rockies:0.08852354324019233
expanded:0.08507411456909703
too:0.058284115458641685
nice:0.04716029039932475
needed:0.04978839836023912
mike:0.047692716850114975
