ian:0.046104130889339845
since:0.016813627087425894
week:0.11589374132455742
out:0.009900647891432435
tomorrow:0.04248410638436124
happen:0.028417077530817774
situations:0.0401723140293619
someone:0.018516454745067395
unusual:0.08428212882720557
to:0.0034744516640945315
day:0.04274458883635079
might:0.0178746650073819
make:0.014790592297056333
that:0.008745494758852357
guy:0.028456560898729995
sometime:0.04376782701085208
rob:0.03698052682352301
brought:0.03255792304651821
re:0.0031423571662031135
he:0.0935372475011903
best:0.02046366453749104
big:0.023325887007290397
you:0.00934115948586087
m:0.011502644639630858
a:0.007041197273175101
baseball:0.06297942588384552
also:0.012466362451088793
mets:0.045481374820821166
section:0.034535790971624264
are:0.005402616652111138
laugh:0.042625342672734184
philadelphia:0.04168318050365262
sports:0.04033340576135955
has:0.017895369309017663
his:0.015499403710128206
be:0.004861018967541776
which:0.010856238088382502
stats:0.039030280430716026
sort:0.026365221072781764
writes:0.022227307261094533
get:0.011045159456227919
ux4.cso.uiuc.edu:0.09579774245595798
if:0.005631516132465624
of:0.006535818002209703
america:0.03309023995349968
year:0.020796308539576907
lines:0.02969060608650854
up:0.011289582944137686
called:0.022539953746695242
in:0.002986213477218327
and:0.0016041908171881927
for:0.008202072174253967
subject:0.00022434417556317895
i:0.0016041908171881927
contest:0.05072636901471188
don:0.03746727176245331
column:0.145781278789276
stupid:0.03245114446442481
review:0.07263259638081994
the:0.0025336235629884133
writer:0.042841750203006575
can:0.007265260440653053
fan:0.03360971416377877
ralph:0.046546515204343386
radio:0.03014580135098879
last:0.018320693714785695
during:0.02460814714119723
about:0.01655489378692221
hit:0.030081530587642093
is:0.004515506334296872
tuesday:0.04220856165475627
every:0.040876445830880605
occured:0.04888864463685616
live:0.02602259053737528
stands:0.0401723140293619
by:0.00832298718333753
check:0.027809340878888145
