some:0.007389473893249077
simply:0.01935850215116069
believe:0.013751087850192028
go:0.024625724706254775
there:0.005808727756817389
know:0.0078093362383436825
situation:0.022304634739079735
with:0.00740287818720946
such:0.024341989917313907
times:0.017787823680335612
alomar:0.11547911937014184
my:0.012028028624434193
hitters:0.03820530324525768
to:0.0008722779494245765
most:0.011750604202323024
jays:0.03354307354589259
might:0.013462564151129404
quite:0.0168113884943633
nt:0.009038969009144792
perfect:0.025633460722385374
clutch:0.13089295109010446
me:0.01371631241018411
re:0.0023667120428998135
chances:0.03088769476114636
had:0.019422892223824494
this:0.006645347321157203
he:0.010064134224811616
best:0.01541250683519895
two:0.011802464763628553
on:0.003208916615438544
tell:0.030506646248385477
mvp:0.03682119437839167
8:0.018686653685910545
vs:0.021624126234578114
more:0.016093911719249693
a:0.0008838633707888577
vote:0.02882805931535758
series:0.0227047491187827
was:0.005604184393046744
let:0.014589479384511548
frankly:0.03578130164870005
rbi:0.036935235552459256
are:0.008138118754445893
no:0.021374919041440062
hoping:0.030296548083371674
it:0.00216997107430362
not:0.007631772260455251
ab:0.06617696057822497
only:0.008440102773856244
cs.cornell.edu:0.03531911724987163
indians:0.0346433705699621
edward:0.05721633447319778
25:0.0232764718246178
be:0.003661147197072603
notes:0.029609584991123535
writes:0.004185205006440268
if:0.00424145835293297
of:0.001230636617504675
147:0.04016830912059843
but:0.016842613221529374
year:0.015663042507656023
together:0.022525102793988803
alone:0.024298818578572745
in:0.008996440602252681
point:0.013933771906709245
or:0.0042677940360954765
succeeded:0.037290232176832944
better:0.014153265008236729
and:0.0012082196661100946
for:0.002059170018430848
subject:0.00016896808159505252
baerga:0.16670895859492532
al:0.024114013802039442
i:0.004832878664440378
mention:0.02389034692580331
20:0.019904002205098862
runners:0.07790153099249489
yet:0.01664600470054534
scoring:0.06521205721888468
the:0.0014311766012450374
do:0.009092631884892363
got:0.014000973554623887
would:0.011805691722840203
can:0.010943873321996372
did:0.010404500274955477
maybe:0.016758943559128634
last:0.01379849716493353
68:0.03440747566618215
2b:0.03849303979004728
just:0.007432839009277759
batters:0.03793008101779098
people:0.009527045190336186
ted:0.028395659037019117
hit:0.04531268531556214
is:0.0017004596638649614
either:0.01584533358932505
lack:0.02455393075254802
somebody:0.024023596351106045
does:0.0077119545211235775
fischer:0.035230596731044166
rbis:0.08546908796408502
stat:0.11012751521556613
tedward:0.03705136934149847
nothing:0.016169974693043727
words:0.020935817288021356
position:0.04358029059762294
article:0.005128689115927855
difference:0.020298442068572068
81:0.03266436186960008
