your:0.025712902493495154
much:0.035657078970610843
c:0.05277750398834612
wrote:0.05256275458556859
to:0.0028126513471241443
think:0.029382612806705205
quite:0.0542081506552939
re:0.015262877664415123
philly:0.12230515920022396
best:0.0496974710196211
two:0.03805692719700635
on:0.010347118882434487
you:0.03402850955563603
took:0.06888574849829956
none:0.0739287802534958
a:0.0028500084200946837
was:0.03614127077964839
steve:0.06545211932315075
mac:0.07002616601655379
are:0.013120640440841337
second:0.056116240339842166
sports:0.09795255684901603
exit:0.10859820051983658
robert:0.0652124903868919
jody:0.24290939201675127
if:0.013676539178845086
of:0.007936350431254638
but:0.01357720861735531
loss:0.08685411722695476
one:0.020067569546441275
in:0.003626116365193683
and:0.0038958919845998963
subject:0.0005448358549391489
news.udel.edu:0.11836834968747924
pretty:0.05873510320244135
the:0.0015382714489572508
nuts:0.11446926322293415
fan:0.08162359154060557
is:0.005483114834503345
sean:0.10458370471889669
too:0.03984730342580605
article:0.016537405720746957
s:0.012661964915428944
