seemed:0.11102849727193932
opposing:0.141809292270198
ever:0.06956373833762791
from:0.04455643444369345
to:0.007253679789951741
teams:0.10884184573084622
affect:0.12898573631346652
bobby:0.13731914708517792
re:0.009840539546793961
he:0.04184561072421671
on:0.013342337506297102
performance:0.09976345351570041
a:0.003675010857490513
was:0.04660321758428345
baseball:0.0986125221076002
also:0.03903939820209385
it:0.00902251130894663
probably:0.06282167671129496
his:0.04853760635540149
greatest:0.13113915784629898
of:0.005116857514887859
but:0.017507453217116057
never:0.05799840081215422
bob:0.09694750036918684
in:0.00467578162880238
and:0.005023650190668287
subject:0.0007025514971583761
the:0.005950681657808312
lot:0.0652250891648787
players:0.09768089244836557
davis:0.13033555984998102
jewish:0.10064492600065258
stands:0.12580277288142278
