at:0.015455526534288264
inning:0.10028010556975335
philip:0.10175524797695583
to:0.002417893263317247
that:0.012172092120507957
had:0.02691944711723044
this:0.018420436434084878
he:0.027897073816144476
best:0.042722387367744454
healthy:0.09154609805678529
two:0.03271560408163704
game:0.05214051066509627
on:0.008894891670864736
rotation:0.09602899210621073
rumor:0.09717605805819057
hurt:0.07912950191676602
stay:0.06927539593431899
surgery:0.09580831171661668
allen:0.1562817078141941
his:0.03235840423693433
be:0.010148443107674935
of:0.0034112383432585726
ryan:0.15596272635099226
year:0.04341685467034477
dl:0.10370657490871416
phil:0.07774481316957882
in:0.006234375505069841
weeks:0.06386955939180895
4th:0.08928965283183629
for:0.005707874787931122
subject:0.0004683676647722508
i:0.0033491001271121917
rangers:0.08187632754293339
will:0.019882549910583934
convinced:0.08321463113503218
the:0.005289494806940722
when:0.022941656891995364
would:0.01636227449305923
last:0.038248465825605225
myself:0.05847091336838391
just:0.041206616261960906
five:0.06966636163237924
night:0.0587339446769127
having:0.04591037530562037
right:0.03403287006649648
keep:0.046480957616244226
him:0.04204412812918083
almost:0.053017419829202946
