statistics:0.09843972062717245
dan:0.24836271808670365
know:0.025705731784547953
thanks:0.04152888843575339
post:0.053803704258982926
my:0.019796130444381277
to:0.0028712482501892307
track:0.09478740787076126
software:0.11732441202005235
me:0.02257476417509468
need:0.04002504148952575
unix:0.08255348783584027
on:0.010562683859151873
you:0.011579145612681705
etc:0.04838174973871324
m:0.028516973169084834
baseball:0.07806824666851683
team:0.06673384518113536
hopefully:0.09630717869672308
free:0.06015641237759865
which:0.02691442359411495
stats:0.09676257023448348
batting:0.11202483924721769
if:0.01396146707840436
of:0.00810169106523911
looking:0.05403927802930508
please:0.039904486602192805
box:0.06601122938972098
or:0.014048155368814277
and:0.003977056400945728
for:0.020334303932004624
subject:0.0005561866019170479
i:0.003977056400945728
any:0.02131848471435015
will:0.023610528018818425
many:0.03860835474121028
company:0.07012766749231979
keep:0.05519613716929002
runs:0.07816230250923614
e-mail:0.05728532868025555
respond:0.08425016141792721
by:0.02063407239202429
