infinite:0.09574576977887271
inning:0.10585122254585076
such:0.03561142969384812
to:0.005104441333669743
t:0.09541752055557193
that:0.006424159730268089
think:0.026662000509788057
nt:0.01322367688374886
re:0.006924824125521676
michael:0.055642503734697944
incorrect:0.09409123088376438
a:0.0025861187515673983
was:0.016397428409284917
usa:0.06749299418571712
it:0.006349174624814295
pleasant:0.11137887048207291
alleg.edu:0.11137887048207291
has:0.019718045812713907
writes:0.012245599833658562
but:0.024640119342607784
excellent:0.07213084098778494
yankee:0.11059072947431743
in:0.006580729699795943
according:0.06369492971455959
or:0.012487249216723801
and:0.003535161245285091
subject:0.0004943880905929314
i:0.003535161245285091
possible:0.04772169672156633
alan:0.08149412392591183
mail.sas.upenn.edu:0.10840956214734737
actually:0.04526507642779786
the:0.004187516722161405
thing:0.04192467472453623
did:0.030442797100795654
maybe:0.04903542745078378
is:0.019901676065975104
today:0.05257641232959913
1:0.036268960961568675
him:0.04437991302524644
article:0.015006164450307426
era:0.09346870105415354
by:0.018341397681799373
s:0.022979121513185864
