some:0.01556715833511139
know:0.016451668342110693
help:0.028534569600557294
thanks:0.05315697719776435
your:0.016799096295750167
with:0.023393095071581892
much:0.023295958260799086
except:0.04299148558671752
to:0.0055127966403633235
brains:0.07498123596459902
us:0.027465018482466616
day:0.03391070714350496
talking:0.043462549071496916
nt:0.00952104735629918
anyone:0.02230552999521855
this:0.006999765844952254
names:0.05462529615974506
more:0.01695225367760968
a:0.0018620055011285268
other:0.018390773171092147
wondering:0.04798578002476396
baseball:0.09992735573570155
reason:0.035629492320113705
it:0.004571405729866293
able:0.035166203014808925
humor:0.0740352128183019
be:0.007712816761832952
were:0.062052131898891964
of:0.0025925411408765156
trying:0.035951042974245284
but:0.008870442963338804
present:0.048326670437724054
up:0.05373841481409539
sounds:0.04750272751414451
over:0.026745876700258107
our:0.029730338973071913
and:0.010181264386421064
for:0.01301395451648296
subject:0.00035595942522691063
i:0.005090632193210532
we:0.03593983748570587
any:0.013643830217184098
pretty:0.03837360075892836
the:0.0010050040133187373
can:0.01152754656583618
maybe:0.03530550776456432
come:0.09604774697877634
friend:0.04630932559590408
just:0.015658514179545148
somebody:0.05060970964633007
players:0.09898330434767713
jewish:0.10198685834732797
past:0.04404685929204485
john:0.03575304532775794
