read:0.017045135803743772
go:0.014627310163865617
at:0.013247594172247083
out:0.008858474429176389
ba:0.043223728122548356
know:0.009277256583897006
all:0.0215203270070592
braves:0.03613644962486769
your:0.009473174602866636
with:0.004397198321725919
way:0.01302535954546273
aaa:0.044901499185061214
my:0.007144468130303017
nl:0.03992857826592313
to:0.0010362399699931058
look:0.017828333265232407
teams:0.062195340417626414
sweep:0.0459054946183283
that:0.01043322181757825
think:0.010825173139312444
like:0.008756684688035136
really:0.014672148445044554
nt:0.0053690116670860035
need:0.014445127755618316
so:0.015365572893006316
93:0.02752643229928121
off:0.01641697329290489
weak:0.07035059291124088
best:0.018309594586176196
these:0.0124559095721725
on:0.0076241928607412015
western:0.030755847847333834
you:0.00417893976999039
phillies:0.08309191412007101
why:0.013381372783112829
a:0.00315000930642044
how:0.0098899473475874
was:0.006657602512040493
as:0.012031791882962682
shit:0.036234735952441775
coming:0.026140074848042066
houston:0.03782643644472643
success:0.033697806291816595
are:0.004833920162415229
early:0.026336399239047223
play:0.024074573178800313
reds:0.04401591245080269
it:0.007733581121954255
not:0.009066315918435562
have:0.003843989572538743
philadelphia:0.03729547729274182
west:0.030660972178467583
atlanta:0.0359913879486671
shows:0.029054245395638428
love:0.024603138647980815
be:0.004349332760432115
of:0.004385877869903879
but:0.005002129490604588
stadium:0.043099447656749786
in:0.00801562564937551
and:0.001435328625905225
subject:0.00020072899918810748
each:0.019142927799703873
i:0.00287065725181045
we:0.0304002384747512
games:0.02503661873390019
the:0.005667315864579346
do:0.005400886608319524
see:0.013303652341437414
strong:0.054295524601060303
club:0.03633432412349456
friends:0.02989949132020854
may:0.013992673138645344
just:0.008829989198991623
record:0.02899735637019996
people:0.011317843158444491
hit:0.026915053683679767
is:0.01010047469513774
division:0.11917495988331828
east:0.06122795908858673
their:0.011381079838960254
cincinnati:0.046462697416476594
first:0.014116953604443917
three:0.04388703769131538
by:0.0074468832693020005
s:0.009329868885052906
