some:0.008616508303567189
out:0.013042550912329812
there:0.0033866383231629057
played:0.014967538823447694
form:0.012595501566353858
know:0.00910608948825315
story:0.013265894937315881
carter:0.01844617459801639
tune:0.08696467430169158
your:0.004649196391812777
kids:0.01622274181127204
romulus.rutgers.edu:0.0228027260383446
to:0.0050856057567927335
remember:0.010267985374617093
prime:0.018534386852088545
look:0.008749698613564245
proud:0.018655382508261945
front:0.012977678706147355
village:0.019183429901769966
day:0.009384882050785505
next:0.009883321120845666
that:0.003840272606285721
like:0.004297561119958203
laid:0.021033083675754613
nt:0.013174881028089272
could:0.0111373369396757
its:0.00763034891525524
me:0.003998482215514925
so:0.0150820752381538
wade:0.021213121181914877
voice:0.013381897791277372
this:0.0038744091392724648
off:0.0241711156600334
he:0.029338251061258952
something:0.014691227432941127
on:0.0018708812739457192
you:0.018458269020953863
used:0.007285843204195076
them:0.005409074433698305
came:0.011139213034973974
phillies:0.020389713243486058
fun:0.015189124187947732
more:0.004691583121109689
a:0.0025765758779453785
coleman:0.02320203815878826
noted:0.01646938394457776
was:0.0032673842586766998
owner:0.016538037774212574
season:0.014085735899246193
said:0.008086733685104916
baseball:0.013827586125788958
fine:0.011952607298599854
mets:0.01997152621283291
features:0.015961798915336993
columbus:0.02133821915857791
giants:0.019758169862689644
boggs:0.02341916177510905
it:0.0037954475616971063
not:0.002224760179247103
ones:0.012518929816888768
should:0.0060620374252157916
have:0.005659600883553352
bound:0.01874880615396043
laugh:0.018717401395038257
only:0.004920797927192939
interesting:0.01205913122480226
beware:0.02140239533094643
occasionally:0.019927856627419617
sports:0.017710978913659726
dig:0.021467707423564145
coat:0.023098086583265398
abstract:0.020644299485135326
talk:0.012766028662867258
his:0.00680601122326663
which:0.004767130378293423
thinking:0.01285434145331607
found:0.009869079355191872
get:0.004850088469708938
were:0.011448732822673793
if:0.0024728797777247573
of:0.007174929356669323
sit:0.01717975865933682
highway:0.03895758089338153
presented:0.016844965842400427
but:0.012274598196502035
shop:0.017931711368312533
year:0.00913195836239724
reading:0.01212664961757561
never:0.008132617088051144
print:0.01622274181127204
again:0.009010587225490842
well:0.0062098446869127116
they:0.003442507839511969
loud:0.01997152621283291
up:0.009914836681567413
now:0.012191250168843131
george:0.014694886269576263
box:0.011692025869766077
one:0.003628453534227389
bob:0.027188228885823618
in:0.003278223282186171
government:0.009932158445078589
threw:0.01936524189072488
st:0.014157738903761255
blues:0.020389713243486058
and:0.001408846547936494
for:0.004802197238554597
subject:9.851275605910811e-05
i:0.003522116369841235
away:0.010217651610050444
back:0.007772534022389437
paid:0.015261956227941537
medicine:0.016352230076258276
coverage:0.01707809832070866
the:0.0069534410515595295
rubin:0.023309003239501372
do:0.01060247850784497
interest:0.013478911426818766
when:0.004825366947762863
kidding:0.021812822028770135
got:0.00816292923110913
did:0.012132184822457308
once:0.009900484114114044
bat:0.01904416669888123
wants:0.012990904659017524
stone:0.018360021963341144
thought:0.009906222897386394
just:0.013000611403681393
here:0.006643545777208103
people:0.005554513432004123
about:0.007269492105696469
is:0.004957059536728117
deal:0.012163523954835826
done:0.00977366624140479
having:0.009656425802289157
time:0.005828450073445438
keep:0.009776437579800446
man:0.010693908999244276
61:0.03724951923929366
1993:0.01117954170852449
article:0.002990158229950557
little:0.008654386353868872
give:0.00872042904559412
bad:0.010112918991684074
before:0.007845735303404591
upon:0.012797326873405668
says:0.009450283189769624
seem:0.010183441161976892
while:0.008008643933131079
s:0.013736596624118486
