some:0.010711347478287654
know:0.011319955281268824
help:0.019633878165521073
jhunix.hcf.jhu.edu:0.05669301611368245
faith:0.03435803780142012
thanks:0.03657590174158098
your:0.011559011212672134
with:0.016096166333657267
much:0.016029329078531482
missing:0.03961144461824999
except:0.029581297422053336
to:0.0050576115966636
brains:0.05159259355362318
famous:0.04615519309310656
most:0.017032985907954476
us:0.018897948497110056
day:0.023333055373971304
talking:0.029905423673048336
nt:0.006551179373600354
bobby:0.04787273017648405
re:0.003430646814478629
anyone:0.015347841739829279
this:0.004816352645609349
names:0.03758621295395302
more:0.011664394732300238
a:0.0025623928914612756
other:0.01265420172322854
wondering:0.033017738549149515
series:0.03291147119970336
was:0.008123496643131979
season:0.03502049934583228
baseball:0.06875735486401482
play:0.02937539663101323
reason:0.02451570572484888
it:0.006290925316329761
have:0.0046903725976848885
able:0.024196928679914395
humor:0.05094166019607929
his:0.033842734706518475
be:0.010613968020871034
writes:0.0060666274405280956
were:0.04269642103134769
of:0.0035677171663438287
trying:0.024736956174939415
but:0.00610351580046248
present:0.03325229617274591
up:0.036975973495937196
sounds:0.03268536296844806
over:0.018403126169902365
in:0.0016300890082063348
our:0.02045665525670086
or:0.006186343648652159
world:0.023130740263602543
and:0.007005457146619998
for:0.00895455585996534
subject:0.0002449262100185165
i:0.003502728573309999
we:0.02472924597640312
games:0.030549268730355284
any:0.009387956571456949
actually:0.022424900248633806
pretty:0.026403853733207586
the:0.0013830330458514735
would:0.00855641877159978
can:0.007931798095758839
because:0.032380225667789246
maybe:0.02429278057194793
come:0.06608789929732317
friend:0.03186421485956703
just:0.010774207004274184
pi:0.05669301611368245
affected:0.046381730823293464
somebody:0.03482319471077757
late:0.03535907326267128
article:0.0074342466084091835
players:0.06810777822087875
jewish:0.10526166572545317
past:0.030307471989939116
john:0.024600719262218768
