finish:0.13595390311507957
where:0.05131824439538227
braves:0.20025615833780847
continue:0.054280641762520065
my:0.039592260888762554
to:0.0057424965003784615
then:0.022165004857997266
mail:0.04255993756716466
been:0.020378338711408876
that:0.004818119797701067
re:0.010387236188282514
mean:0.03671419523374806
game:0.0825558085530691
3:0.06504072068437831
a:0.0019395890636755486
lucky:0.06613466718800791
l:0.04590223026046337
d:0.025303391977458824
it:0.004761880968610722
try:0.03383874544921379
per:0.04912257104962524
has:0.01478853435953543
which:0.0179429490627433
writes:0.009184199875243921
certainly:0.04271885107299501
if:0.037230578875744956
they:0.03887165102115599
pitching:0.06932041859168632
email:0.038109703596776956
in:0.0024677736374234785
subject:0.00037079106794469857
p:0.046751778328213194
will:0.015740352012545616
the:0.0020937583610807025
address:0.044344741026855705
e:0.043206801334080926
changed:0.05249048880324201
f:0.051614322477872884
is:0.011194692787110995
headed:0.07938841690938807
new:0.02394443840116037
average:0.05388223692920259
production:0.06666215674446925
does:0.01692345575468785
run:0.03717825594982493
runs:0.052108201672824095
1:0.027201720721176506
smith:0.05469081325647864
first:0.026077150408208905
falls:0.06868417503569613
article:0.01125462333773057
s:0.0172343411348894
