manager:0.014988161602723656
confused:0.018444523314598383
go:0.007425313938145523
out:0.008993718313591297
boy:0.017308521775266518
say:0.007242538069723448
there:0.0035029732273936924
behind:0.013464665652666786
all:0.010924440808926999
finish:0.018680688977644522
anyway:0.011635548937574557
take:0.016227092597982468
hand:0.012050532272720127
braves:0.09172037786464511
wonder:0.014085372930598965
with:0.00892866224106179
way:0.013224219996538498
into:0.0068351294006961305
florida:0.038983984382645324
my:0.00725354397962062
to:0.007890453206626893
everyone:0.011669896021042379
most:0.007086242228881824
ten:0.015366371154800874
us:0.007862123611393114
might:0.008118645556787962
bear:0.017196802758853873
that:0.010592507646854253
cubs:0.12654073944239821
uxa.cso.uiuc.edu:0.017017577632564673
really:0.007448075355690556
acknowledge:0.02181666418883947
me:0.008271669316065227
re:0.0028545076547951947
pack:0.01966317755836599
anyone:0.0063851708001579814
had:0.005856520937718073
mean:0.01008939716347275
philly:0.022873865651950286
off:0.016667614106537026
leading:0.017233680281417755
two:0.014235033837048178
these:0.012646076130526278
on:0.001935148187936221
you:0.0021213701885829076
am:0.006237925025577731
m:0.005224483634030809
why:0.006792834275396971
beat:0.016587527393999355
a:0.00213206736770442
same:0.0074125700401855435
series:0.013692176949494908
was:0.00675924529848386
as:0.003053870840522971
chest:0.022071211419750436
season:0.014569597056090528
capable:0.016747249187646304
also:0.0056622027926701
doc:0.02119328611210932
team:0.012226047972116402
are:0.0073615807053575445
it:0.011777476594121174
have:0.013659367526845687
being:0.007426732556966214
west:0.015564539311970186
evil:0.015941502726750385
without:0.008577139254971354
batting:0.02052363467124599
presently:0.022488002610456508
get:0.005016694562179856
down:0.009024296095241061
were:0.0059210049521843475
if:0.002557826029631333
of:0.0029685585582555516
even:0.006409005525824525
but:0.002539248939887062
saying:0.02302713877072091
seems:0.008994225531988847
well:0.012846319924834693
they:0.00712152385120415
who:0.004935316313869649
up:0.020510845348891367
pitching:0.01904988602519624
now:0.006305016785794825
good:0.006183243707479004
in:0.001356333602248019
point:0.00840280901244298
or:0.0025737078538285696
world:0.00962309423180411
clean:0.016571916763268343
weeks:0.013895285821882099
and:0.0029144840800823654
for:0.001241789553099519
subject:0.00010189678203060419
however:0.01829846491753369
i:0.006557589180185322
plain:0.017365631976322675
we:0.005144060708831946
games:0.012709428593926434
face:0.013699509889105189
stupid:0.029478520544019483
ago:0.010920479867803985
any:0.003905676588888577
driving:0.01598133050267626
actually:0.009329443233210246
the:0.004890763805272481
wrong:0.01008939716347275
do:0.008225014338624008
see:0.013506761537489894
benefit:0.034579346744116383
less:0.01049185326945144
would:0.0035597314736808246
can:0.003299870200143944
fan:0.030530961721295217
put:0.009494119463919004
wants:0.013437157109136446
last:0.008321231114730907
just:0.02241199548599019
people:0.011490634657046698
about:0.007519207483373065
crazy:0.018680688977644522
is:0.004101872166269678
either:0.009555582851577702
division:0.030248606229926204
east:0.031081368544969595
done:0.010109402868017932
protest:0.022071211419750436
their:0.011554836783066518
gone:0.014998463346880774
exception:0.018990709740707823
whoever:0.01923312731980067
observation:0.020030460123612377
too:0.007452358274291971
fans:0.06279390258851081
every:0.009283009644799221
little:0.008951674434726963
going:0.016624547206486127
