ian:0.08188644143032002
since:0.029863009304532555
objective:0.06654634835420813
media:0.05897695807007853
compared:0.06153415859572569
someone:0.03288743454720925
times:0.04194740509691084
from:0.012635406782539934
post:0.03854593737956986
to:0.004114027343554719
city:0.054922173111737194
think:0.021488776530276945
brought:0.057826758843815926
anyone:0.02496887686031927
best:0.07269182328243087
these:0.024725910046252873
you:0.01659101460921558
m:0.020430070330090627
washington:0.057301691573350653
daily:0.13309269670841625
are:0.009595692262704859
being:0.029041849700375346
philadelphia:0.14806861134133317
sports:0.14327388912244138
has:0.01589215632666494
which:0.019281975112201758
of:0.00290209829202595
opinion:0.04939270991921924
print:0.06561735866947348
york:0.05616667473769318
up:0.020051647318692307
in:0.0026519358491714994
or:0.020128700229942845
better:0.033376356288080646
than:0.021352257943574048
coverage:0.06907708425241861
the:0.007875031447646822
do:0.02144232593750736
home:0.043721836594945496
radio:0.053542542698024866
ny:0.06270437808332716
an:0.013401464754652787
subjective:0.08008602370213173
general:0.044006423329664944
is:0.004010039207323342
new:0.02573133678930667
questions:0.0451369602573957
notice:0.06026814080006782
papers:0.06899618772302549
terms:0.05744983545096215
give:0.03527218315456726
news:0.0916082542138334
