king:0.030198946078257523
large:0.02153981381214083
at:0.006337877787441951
rick:0.0346234710872561
nichols:0.039023451760607446
chris:0.05520499630099713
tony:0.033257155233400774
with:0.004207391199924801
1992:0.028388104567512895
from:0.006090447873598386
name:0.01987217630093706
hamilton:0.03965731699449426
hayes:0.04004628980938833
to:0.0009915101871157057
matt:0.03531385949201685
look:0.017058764922848278
1988:0.032878423337822205
harris:0.041854307279035136
golden:0.03852132397689852
jeff:0.06065437825655247
williams:0.03836144529499412
lance:0.042814964779930985
scott:0.054993914434122396
wade:0.041357955685603826
617:0.07494059588908486
student:0.02894257174222066
bell:0.03210937445309765
cal:0.0386026157413153
1989:0.03403678139686683
bill:0.02226988399778214
j:0.06591644588911215
gary:0.06107450997874329
steve:0.04614609851560269
wise:0.03521108282117169
stephenson:0.08685522176619732
schmidt:0.04445711335533372
jack:0.030753639559424
third:0.052558057506012744
career:0.03476593603183293
pat:0.029159282241897698
are:0.01387578521441494
base:0.02770961047059749
kevin:0.06482823486071533
boggs:0.04565894130255074
terry:0.038937292112789346
it:0.0024665858254674243
not:0.0043374820760860786
ken:0.05936795253402607
courtesy:0.042814964779930985
palmer:0.0407821088678086
carlos:0.045032960173128946
robin:0.040457501419747674
tom:0.027307397291185292
kelly:0.08370861455807027
mitchell:0.038768007958759176
greg:0.031505529478384336
johnson:0.03321837214969663
sherri:0.041854307279035136
stats:0.033414412742843215
613:0.04544417178348829
considered:0.02476865436843318
550:0.08717857221011183
listed:0.03266039924073351
of:0.0013988531335664652
order:0.020174941446996348
good:0.011654747132082728
tim:0.029337476976519346
in:0.0025565424733020215
1990:0.0307262328801674
compiled:0.0379766346118935
for:0.002340639301525712
600:0.07073160744408385
subject:0.0001920644380720741
baerga:0.0473741285215795
phillips:0.04445711335533372
howard:0.03775525577256434
information:0.017545476866789676
cs.uiuc.edu:0.0804979159780097
the:0.0021690734100404405
when:0.009407729804631193
law:0.021631950541323497
reports:0.05689528696673601
individual:0.02778191504508311
last:0.015684622676687035
jim:0.04872418340933626
here:0.012952524500887743
five:0.028568220237738255
paul:0.023561312885676672
is:0.0019328965963357116
average:0.08373067033602706
grad:0.0425271566172425
lee:0.030698930211328895
dale:0.069436267132462
dave:0.0756749929073653
defensive:0.07360737530659989
sabo:0.05001963053686956
players:0.05340825774155241
604:0.08784792495305992
mike:0.06896572724369145
especially:0.022484141780556414
todd:0.03661518137708395
steph:0.0936819552855515
dean:0.03585099279251339
1991:0.031236274762419466
