some:0.012289861843508991
at:0.009273315920572959
out:0.012401864200846945
ideas:0.03786309091620495
help:0.045054583579827306
thanks:0.02098301731490698
with:0.006156077650416288
into:0.018850567399814593
from:0.00891128688873869
kids:0.046277505587944454
bullpen:0.06377800809055549
name:0.029076131640318432
my:0.010002255382424224
to:0.0014507359579903482
add:0.03617074122580756
might:0.022390369851352062
been:0.015444635654962518
guy:0.0356455868099881
think:0.015155242395037424
bit:0.028685096821638945
like:0.012259358563249192
nt:0.0075166163339204055
need:0.020223178857865644
expert:0.05366492920166087
practice:0.04322661163201938
ball:0.04693268778665204
he:0.033476488579373374
sunday:0.047029705208809135
on:0.005336935002518841
a:0.007350021714981026
tossed:0.0658903312006834
looked:0.03921056004715458
was:0.018641287033713382
as:0.008422254318073879
square:0.053393850295319664
not:0.006346421142904893
texas:0.12531062121060008
have:0.005381585401554241
batting:0.056602024040699465
listed:0.04778732099433639
reading:0.03459286364592622
stadium:0.060339226719449704
62:0.0610531487861735
please:0.04032453382958431
who:0.013611082886672086
bob:0.11633700044302421
email:0.028883143778609902
yankee:0.1257241977181714
in:0.0037406253030419045
and:0.002009460076267315
subject:0.0002810205988633505
i:0.01205676045760389
we:0.014186777954883894
rangers:0.19650318610304013
any:0.010771444908303235
caught:0.0475286761445416
actually:0.02572962239053773
research:0.03249822611091344
the:0.003967121105205542
regularly:0.0522937166244198
during:0.030824942208447056
company:0.03543292673296158
is:0.0028281329146385673
type:0.03411065800349154
e-mail:0.02894416607002386
little:0.024687775809457517
assistant:0.058890580636543934
stands:0.05032110915256912
by:0.010425636577022801
