ability:0.029257588798966623
there:0.006699116683044871
help:0.03124222948966127
your:0.02758975669010064
maynard:0.07676106458175855
possibility:0.030956069938987824
my:0.006935870520659133
to:0.0040239391535498705
player:0.02837418272303797
then:0.023297523354391288
most:0.013551791707788597
might:0.015526168875025153
that:0.017725053854316334
could:0.022030790588701568
re:0.002729492721008544
this:0.007663977202502467
best:0.03555001576586035
something:0.029060749155671865
on:0.0074015886896246705
you:0.00405692692999067
roger:0.0322171881282233
more:0.018560861690813515
a:0.0010193460772601423
definitions:0.039166157576954935
bring:0.027688809834226828
given:0.040697628601186586
also:0.01082844621663917
jack:0.031202597801167412
others:0.01968122790560873
team:0.16366840861942686
are:0.004692783807308215
no:0.00821712216191613
it:0.002502594377664029
not:0.017603211929225253
have:0.003731756300347831
cs.cornell.edu:0.0407329965363483
edward:0.032993360754617694
his:0.013462985704417932
be:0.00422234494260928
which:0.009429871040273851
writes:0.00482673278115009
things:0.01631186808861496
of:0.004257823041585518
but:0.004856081914236571
well:0.012283707373382078
alone:0.028023455003025503
find:0.01544851633338241
who:0.018876684295384645
depending:0.03285230766829359
one:0.014354903763147773
in:0.0025938642612334376
clemens:0.04474108274318778
morris:0.0717641856549464
yes:0.0194660282518532
better:0.01632274358614163
subject:0.00019486829848188537
i:0.004180263662307919
any:0.007469250118896403
allow:0.02559324577645688
will:0.008272301787615214
than:0.03132703537706849
the:0.0033011080729447575
do:0.005243196488368589
would:0.01361532330079381
can:0.006310700674727834
ramsey.cs.laurentian.ca:0.08066587283189375
needs:0.07334335538692001
btw:0.027385332266009744
ted:0.0327482783054673
definition:0.029742915377571243
is:0.007844456259581427
win:0.049481392753698415
vary:0.03714970957236984
having:0.01910139702496614
else:0.018441987046263188
does:0.008894078936770257
fischer:0.04063090717886845
tedward:0.04273077632085225
premise:0.0857344304958965
article:0.005914838542456942
by:0.014458912041126511
while:0.01584191610130308
