prism.gatech.edu:0.0828966068439347
go:0.034130390382353104
at:0.015455526534288264
purdue:0.1011502273441283
technology:0.059081889224858644
braves:0.16863676491604923
whom:0.07383001402371549
4:0.04358367551190665
single:0.05704257316688377
t:0.045197772894744595
bobby:0.09154609805678529
michael:0.15814185271966785
you:0.00975085946331091
gatech:0.10303172787664755
a:0.002450007238327009
was:0.015534405861427817
wise:0.08586562302005026
internet:0.050114630580958
ab:0.09171894536280303
only:0.023395372601215554
uucp:0.07427418609361532
400:0.08054082411358601
atlanta:0.08397990521355657
his:0.03235840423693433
batting:0.0943367067344991
of:0.0034112383432585726
georgia:0.16863676491604923
institute:0.06828873420935624
rutgers:0.09354808589481022
up:0.02356948018162078
over:0.035191943026655396
in:0.0031171877525349207
for:0.005707874787931122
subject:0.0004683676647722508
andre:0.19118074553854714
offense:0.08729063073799034
the:0.0013223737017351805
see:0.031041855463353966
start:0.049430913822500214
around:0.0415297268974322
would:0.01636227449305923
home:0.05139233424318155
hit:0.06280179192858612
today:0.04980923273330443
run:0.04696200751556833
1:0.03436006827938085
infield:0.11301584247120837
nixon:0.2029002593675303
offensive:0.08797871342489003
200:0.07291447449440724
s:0.010884847032561724
