at:0.017444851731770912
there:0.009086920649278688
k:0.03751149560645211
where:0.018291651467661006
braves:0.04758562178324162
ron:0.0419534488735152
both:0.02223469388423998
my:0.00940806199336932
been:0.014527132546746924
that:0.0068693985234549865
think:0.01425493096562926
nt:0.007070084670519193
re:0.003702381215625451
so:0.010116936607771486
he:0.031487786287529414
game:0.08827749825476695
on:0.010039778717609702
was:0.017533883843591794
also:0.014688090412668975
course:0.024219324751485336
giants:0.05301449537414746
should:0.0650618670191477
have:0.010123774517775304
only:0.013203329091775115
ve:0.018070630683439944
strike:0.05216227152492723
second:0.08167413197977029
his:0.018261673678269866
personal:0.03320688585342293
be:0.011454678359157849
thrown:0.0486002620731717
judgement:0.0497308795734257
writes:0.006547152386312498
of:0.0019251543125320659
opinion:0.03276546103552168
but:0.006586962596538715
news.duke.edu:0.05742622905630181
david:0.024717279597470238
called:0.05311395041300463
in:0.003518409938504762
point:0.021797385755050105
and:0.0018900862103504448
subject:0.0002643263058615673
gant:0.06225497367358039
ninth:0.05796154807877979
i:0.0018900862103504448
cox:0.063456566317187
the:0.010448061524600736
thing:0.02241517262499957
when:0.012947271711324117
denied:0.052794464316873096
got:0.021902513085451228
would:0.009234154911924516
umpire:0.06446431576580029
garbage:0.10558892863374619
is:0.005320250037438889
argument:0.034839024159799226
field:0.038539186633003035
time:0.046916137719912286
does:0.01206424568651015
matter:0.02990993081089646
smith:0.038987510440262
although:0.031284549076779786
article:0.008023097824916841
says:0.025356700439876912
grounds:0.05039119021202642
s:0.012285866947643928
