week:0.03963033108512165
dan:0.04567590217686504
andrew:0.08656225653268962
bnr.ca:0.05364311114881843
know:0.014182472708716113
both:0.025812690601244113
line:0.032457514354091825
jays:0.06091730597989689
been:0.016864832037028037
that:0.003987409487752607
wednesday:0.06020609444290737
like:0.013386655902398542
re:0.004298166698599662
had:0.03527375829154333
muscle:0.06498213402867364
he:0.054832179569663284
something:0.022881164565097964
why:0.040913162762161066
a:0.0016051771561452815
play:0.03680365784805105
not:0.027720000394297235
probably:0.027439353046312738
hope:0.03320070732919592
lineup:0.06728869374662941
has:0.012238787056167252
heard:0.031064912177239938
anybody:0.03493787522888155
writes:0.015201434276265802
soon:0.041344754448729544
were:0.01783107238473907
of:0.0022349492593763064
lately:0.06043830946954552
they:0.010723214074801651
up:0.015442073222441203
jackson:0.060091722823905444
one:0.011302424227306006
in:0.008169181696298412
or:0.007750706410380291
watching:0.04896096659470499
and:0.002194238014314884
gets:0.03835995795853798
still:0.023467920485397094
subject:0.0003068615734714747
i:0.006582714042944653
back:0.024210996782385488
games:0.038274371167916384
sick:0.05162347435683869
the:0.003465531080409439
painful:0.06551684685206323
because:0.020284164355109355
last:0.025059339678844803
during:0.03365941965290196
is:0.012352764454743167
white:0.1953430543575053
center:0.03754748084451504
does:0.014005618555603738
blue:0.045938639396129986
guess:0.034438589229145444
article:0.0186283420762437
playing:0.13811620535707217
