at:0.0060756207755478
out:0.008125359304003172
tomorrow:0.034866266618889565
know:0.008509483625229668
all:0.006579778142388215
keeps:0.03292549103655725
saw:0.0468604218363511
monday:0.034866266618889565
from:0.005838429340897762
to:0.0009504821793729867
line:0.019474508612455095
day:0.03508004187259134
teams:0.028524069915670046
bunch:0.027973813938995347
that:0.004784891385303128
williams:0.03677407514485643
afternoon:0.038389201955206745
talking:0.022480628830084608
along:0.024096285594077484
rob:0.030349535806891304
sitting:0.03130893444456522
injury:0.035987086822322496
so:0.0070469696371373795
anyone:0.011537343100975112
espn:0.068950528497413
had:0.010582127487463
this:0.0036205685404925446
he:0.06579861548359595
on:0.013986450351428687
assume:0.023941300381304664
great:0.01738793578436329
phillies:0.038107670958515326
posted:0.023540558099875143
why:0.01227394882864832
a:0.005778637762123014
other:0.009512468881599385
kick:0.03820024351253009
was:0.024426514044176156
said:0.04534147921372619
pitchers:0.03633372016563897
talked:0.03400307252955159
straight:0.027563183637677992
team:0.08836481568812406
are:0.004433871597249831
it:0.00472904041020651
not:0.00831600011828917
being:0.013419337447759642
always:0.03664767031722355
minor:0.02997194604984711
get:0.009064648105456015
ux4.cso.uiuc.edu:0.07862021622247586
if:0.0046217270328510985
of:0.0026819391112515674
what:0.00634787657239056
but:0.004588160153451105
year:0.03413463056840899
oh:0.02227390471821706
they:0.03860357066928594
talks:0.03301279032532913
in:0.0024507545088895237
feature:0.032586942000719155
weeks:0.025107344036780072
and:0.005266171234355722
few:0.015762948282112322
subject:0.0001841169440828848
i:0.005266171234355722
we:0.009294785556648068
don:0.030749002342978924
face:0.024753597178934893
ago:0.01973217741630789
the:0.004158637296491327
do:0.00495391668211377
see:0.012202660423525353
when:0.01803688886681015
because:0.012170498613065614
did:0.011337317540985967
last:0.015035603807306881
people:0.010381194069469775
about:0.027172860146810248
is:0.001852914668211475
night:0.023088516183338098
time:0.010893172206232508
spot:0.03328152114280075
mitch:0.04356372329589567
their:0.010439197369529061
ass:0.06721775314406941
close:0.023964918732210624
playing:0.027623241071414433
live:0.02135647085481144
john:0.0184929544798748
