go:0.01111675572453787
fast:0.019895988142560214
form:0.01950503385418226
hours:0.04475627858914997
all:0.010903632350243327
i.e:0.019740222839859444
with:0.003341870724511699
way:0.02969781976365503
both:0.012832594756047073
to:0.0055127966403633235
player:0.022212931617464012
100:0.019305783421891837
beach:0.03034571948210158
teams:0.02363422935869804
that:0.0019823121453398673
could:0.008623480887577471
complete:0.021161233430255874
tobacco:0.035025876204667
wait:0.0209794274577721
this:0.00599979929567336
he:0.009086475471544201
game:0.10189745512835958
on:0.005794386574163314
you:0.003175994225192696
took:0.038576019159047764
3:0.02675961079585851
more:0.007265251576118434
a:0.0031920094305060457
same:0.011097676288734927
uunet:0.02158281321381306
want:0.010814845529783896
price:0.017886538296251215
fl:0.03412513938064652
owner:0.025610332781780615
following:0.015641795845941494
participated:0.03304375652556922
attempted:0.029544408960337866
120:0.028985233017459245
minutes:0.022772384274500422
pitchers:0.030105082422958
are:0.003673779323435574
have:0.002921432075129445
domain:0.025504017422746134
only:0.01524041415164899
uucp:0.02419216347049185
tom:0.06506962668813866
suspect:0.022183400359415767
real:0.029229644045694256
towards:0.02382729791628309
throwing:0.029082915493798107
500:0.04765459583256618
his:0.01053959452288718
thrown:0.028049294110801953
get:0.007510708430234984
if:0.007658861940153249
of:0.006666534362253897
park:0.02566424153739981
forgot:0.027426715917724494
ticket:0.0578740218218229
they:0.005330969282901392
who:0.007388873567050562
up:0.015353832804027252
in:0.003045937746762694
government:0.015380656792093128
2.5:0.027807809486288332
5:0.029701404421916378
speed:0.03838245905012321
or:0.011559624989195749
1500:0.03205139370242156
and:0.002181699511375942
gets:0.01907037909938745
for:0.011154818156985394
subject:0.00015255403938296168
each:0.07274312563887472
offer:0.0803465970009563
i:0.003272549267063913
paid:0.02363422935869804
schedule:0.029132390138044473
than:0.016349728939650983
the:0.005599308074204393
less:0.031415606361100315
would:0.010658853098335726
fan:0.02285460563136956
her:0.018893764599598444
home:0.016739217439207706
pitcher:0.029132390138044473
10:0.01651641004512094
pitches:0.06532532591401076
is:0.003070544307321873
number:0.042895968829675855
9:0.020347620889285864
innings:0.06551116043825968
first:0.010728884739377378
circle:0.03113514998770625
players:0.04242141614900448
full:0.03531042838769432
says:0.014634438539586103
