prism.gatech.edu:0.11524650219766532
manager:0.04788900414528778
go:0.023724783558464965
at:0.010743475761639403
purdue:0.07031174339774773
technology:0.04106911811971881
inning:0.06970690265214563
braves:0.05861155853789517
with:0.021396123541081
though:0.030311514653788778
hell:0.04162659664002312
t:0.031417964085371244
puts:0.060217385659543946
r:0.03780755813084305
nt:0.008708275021005348
re:0.004560250033880129
michael:0.10992787323196423
he:0.03878373676878623
two:0.02274133454455258
bases:0.06086670900733433
gatech:0.07161961571913306
a:0.008515269060038994
runner:0.0725765866391513
as:0.019514979517488255
250:0.05573293712143032
worst:0.052557450168213574
no:0.013728606538811096
brian:0.045561920911936324
internet:0.03483577979408056
uucp:0.05162961716263504
atlanta:0.05837627557527713
uses:0.041646282071176065
thinking:0.04248203090059336
writes:0.008064175500214175
get:0.016028950918184418
hitter:0.19312508089219013
of:0.002371226653240715
outs:0.07052021209725139
georgia:0.11722311707579033
institute:0.04746899816991837
what:0.01122490369508087
rutgers:0.06502732800005101
in:0.006500476898578919
and:0.004656066030375486
subject:0.0003255726450246134
andre:0.13289393287435597
300:0.05072586140466283
ninth:0.07139166287752145
power:0.06589890927245225
later:0.03896843937753297
the:0.00459605493895764
see:0.021577875139160686
did:0.02004769565174348
pinch:0.1501029499611487
hit:0.0436549041454806
is:0.003276495449886145
loaded:0.05691403256033175
article:0.009882108296543915
