tv:0.018943305281258312
cia:0.05580420525479718
behind:0.017638712004993493
know:0.012338751256583019
case:0.012358055536533779
among:0.017222527339929124
with:0.005848273767895473
much:0.008735984347799658
from:0.004232861272150878
name:0.013811162529151256
to:0.0027563983201816617
physics:0.02292802515246626
us:0.010299381930924981
trip:0.025713100183643083
she:0.06630284969796965
that:0.00867261563586192
reliable:0.023195468577221184
nt:0.010711178275836578
me:0.005417943402022724
re:0.0018697025138908526
deliberately:0.02724325623924297
had:0.015344084856821353
this:0.00524982438371419
he:0.039753330188005885
bomb:0.05310500909367777
programs:0.01766591062147258
two:0.009323947163266557
on:0.007605132378589349
you:0.0027789949470436092
possibly:0.019384768316986704
used:0.009872317541684328
took:0.016877008382083395
backup:0.024955350693007076
a:0.0027930082516927903
how:0.006576814986145622
member:0.019954489613732793
other:0.006896539939159554
wondering:0.017994667509286483
was:0.017709222682027712
interview:0.026772320163944468
said:0.021915048286634323
baseball:0.03747275840088808
spying:0.031160912449384043
official:0.020281015105771627
team:0.016016122843472487
plan:0.019527820987193033
book:0.015548492553418367
d:0.009109221111885177
it:0.0017142771486998599
not:0.0030145500428798246
have:0.0025562530657382643
won:0.02160819742329393
japanese:0.025034092477847776
mlb:0.08926920156615609
spy:0.03018218956375357
buy:0.01503420562621983
kind:0.0137776334848153
war:0.017684125577865088
has:0.005323872369432755
nazi:0.02519539678893888
writing:0.02001229372573817
his:0.018444290415052567
heard:0.013513236797099372
which:0.012918923325175177
certainly:0.015378786386278206
were:0.023269549462084486
things:0.011173629640701248
if:0.0033507520988170464
of:0.005833217566972159
concluded:0.02743195787915721
but:0.009979248333756154
years:0.011148877114901968
bombing:0.028117963486724632
germans:0.028267228302473035
they:0.004664598122538719
who:0.006465264371169241
david:0.01248222619672247
good:0.008100049256797496
sounds:0.01781352281780419
one:0.004916554538878112
in:0.0035535940378898095
according:0.01719763102293109
and:0.0028634806086809237
few:0.011428137504531434
for:0.00650697725824148
subject:0.0001334847844600915
spoke:0.025623007656129692
i:0.0038179741449078986
skills:0.02736826275027006
mention:0.018873374071384615
catcher:0.03018218956375357
photos:0.030647641679083626
any:0.0051164363314440365
research:0.030873314805367775
unfortunately:0.018409465404129785
program:0.013883167161920376
shoot:0.04661316852228948
background:0.022135000001583065
later:0.01597706014478852
the:0.002638135534961686
do:0.003591589594532483
less:0.013744327782981387
because:0.026470834483417707
did:0.016439110434429655
americans:0.021412093857527528
an:0.017957962771234733
during:0.014641847549012352
about:0.004925080901609358
language:0.020389546498680945
axis:0.03018218956375357
principal:0.02891328695987307
is:0.0013433631344533196
morning:0.02145070408799708
documentary:0.031438761705158094
presumably:0.024652227583924904
wwii:0.02743195787915721
met:0.02359568211558887
nothing:0.012774280007504545
dave:0.01753137335687296
instructions:0.024162325542123886
japan:0.025898306542044832
switzerland:0.028267228302473035
him:0.01198257651681654
players:0.01855936956518946
atomic:0.029088743558929417
close:0.017374566080852704
by:0.00495217737408583
elsewhere:0.02368577464310226
s:0.006204362808560183
