story:0.031535592350987754
case:0.021680799186901363
defense:0.034422864458314786
braves:0.12647757368703694
with:0.00513006470868024
c:0.022685067503762806
learning:0.043578097187016496
bullpen:0.10629668015092582
both:0.01969915861673893
except:0.02828387209652468
everyone:0.02682028734660617
ha:0.09918325720165977
enough:0.021334636201205227
teams:0.03628061524361541
been:0.012870529712468765
that:0.003043023030126989
justice:0.03776987838160085
quite:0.02329999457990703
re:0.0032801798489313205
this:0.004605109108521219
clayton:0.04221633755375963
weak:0.08207569172978102
he:0.013948536908072238
game:0.026070255332548135
sunday:0.039191421007340944
on:0.004447445835432368
a:0.012250036191635044
exposed:0.0488283709079384
false:0.03672902273422087
fine:0.028413654192285615
also:0.013013132734031284
team:0.028098461128899098
giants:0.04696898274376222
are:0.016918720568453303
brian:0.032772609778761216
not:0.010577368571508155
couple:0.02768413854960104
probably:0.020940558903764984
ve:0.016009944728310826
decent:0.03952247651596241
b:0.026850073215037205
pitch:0.04378131700527557
writes:0.00580054728962774
down:0.020740048920641737
of:0.005116857514887859
what:0.008074053535058167
present:0.03179386213008161
in:0.0031171877525349207
clearly:0.031881669968635125
better:0.019615928695626342
and:0.006698200254224383
subject:0.0002341838323861254
gant:0.05515572228975104
becomes:0.03776987838160085
house:0.030156771442896413
offense:0.04364531536899517
caught:0.03960723012045133
hunter:0.10145012968376516
the:0.003967121105205542
strong:0.03167238935061851
would:0.008181137246529614
an:0.007876299461067866
just:0.010301654065490226
btw:0.03291044316178364
paul:0.05745653493173784
is:0.014140664573192836
new:0.015122803200732867
study:0.03250327498627016
their:0.026555852957573928
superior:0.04420245050691032
observation:0.04603491712619687
dog:0.04364531536899517
nixon:0.05072506484188258
article:0.007108183160671938
by:0.017376060961704666
s:0.010884847032561724
