some:0.005120775768128746
believe:0.00952926263302781
out:0.01033488683403912
mark:0.026347578634142017
there:0.00805069285593989
stopped:0.019761238257981206
all:0.0041845080291504
situation:0.01545672056480087
nichols:0.02379061313475629
braves:0.021079595614506154
wonder:0.01618582327989881
mss:0.05202699471134111
from:0.0037130362036411207
signals:0.022284765209312617
often:0.0272571963884097
throw:0.018698993756731622
to:0.006044733158293117
commitment:0.024729858697938888
lived:0.01971926698159458
been:0.019305794568703148
make:0.007719651242761858
that:0.003043023030126989
bay:0.02102300173364691
catchers:0.02871606814261712
nt:0.003131923472466835
could:0.01323779960812331
me:0.00950516386319776
re:0.0032801798489313205
exactly:0.014106941461719334
so:0.004481625427126842
had:0.01345972355861522
requested:0.02297337814268834
this:0.006907663662781828
he:0.013948536908072238
game:0.0391053829988222
on:0.004447445835432368
you:0.0024377148658277273
am:0.007168141915356866
them:0.006429206892685267
m:0.018010719896264106
a:0.006125018095817522
how:0.005769135952759317
was:0.0038836014653569543
as:0.0035092726325307824
singer:0.049861555431240004
also:0.006506566367015642
pitchers:0.02310697115797215
step:0.01824351155781733
reason:0.011720227736879507
it:0.0030075037696488767
not:0.007933026428631116
encourage:0.022555351038283405
have:0.011211636253238
area:0.014072223880084854
tube:0.023387021473702554
after:0.008461463542390137
has:0.009340126963917113
netcom.com:0.014118575327724293
willing:0.01568377128938452
his:0.008089601059233582
pitch:0.021890658502637786
knew:0.017026732732007718
sherri:0.025516441718359137
be:0.0025371107769187337
writes:0.00290027364481387
hitter:0.023152421978303493
if:0.00881776868109749
of:0.004264047929073216
what:0.004037026767529084
but:0.002917908869519343
years:0.009779716767457865
they:0.004091752739069051
adobe.com:0.046678173907649056
box:0.013897100924151785
one:0.004312767139366765
in:0.0031171877525349207
become:0.014527292871908543
required:0.01641570811623232
or:0.0029575063934345848
watching:0.018682474095347956
and:0.0033491001271121917
still:0.008954864395743627
for:0.005707874787931122
subject:0.0001170919161930627
gant:0.08273358343462657
i:0.008372750317780479
imo:0.02319834873210742
person:0.012303484381902853
snichols:0.026379206166806744
games:0.07302347130720889
ago:0.01254897247966949
the:0.0036365276797717468
do:0.0031505171881863886
see:0.007760463865838492
denied:0.023387021473702554
would:0.004090568623264807
hate:0.017657847555078196
major:0.014370298125955227
did:0.007210136155451602
an:0.003938149730533933
long:0.010439961601353442
dirt:0.0244141854539692
many:0.008128074682360058
revenue:0.025287556836032076
eye:0.020135206028396503
is:0.003535166143298209
length:0.060825586545298786
planned:0.021657129930186855
time:0.01385535061319047
study:0.01625163749313508
their:0.019916889718180446
hirschbeck:0.031294079830784305
first:0.008234889602592286
update:0.019043167508668007
every:0.021334636201205227
him:0.010511032032295208
almost:0.013254354957300736
article:0.003554091580335969
difference:0.014066464240501694
takes:0.01568377128938452
give:0.01036507136559652
going:0.028655469526969506
by:0.0043440152404261665
while:0.009519046078414571
s:0.016327270548842587
