tv:0.016121961941496437
at:0.003748787287040132
out:0.010027039141110297
there:0.0039054424918176485
jhunix.hcf.jhu.edu:0.026295909601665477
fields:0.020887772210171667
ever:0.011248604497148342
hand:0.013435061512564569
much:0.007434880295999708
bullpen:0.025782599015330945
to:0.003518806366189355
line:0.012016186165131866
then:0.0067909802118119285
most:0.00790040622964697
clock:0.018255918372763472
thirty:0.025782599015330945
enough:0.010349568199733601
normally:0.01811000742179057
been:0.006243576115835912
that:0.0029523797909317175
think:0.006126587351185341
like:0.004955910908547545
really:0.008303811673152877
nt:0.0060772642699782
need:0.008175327623392495
anything:0.009877621916252782
re:0.0031824723640695367
lost:0.01491279286943766
so:0.004348130201637958
ball:0.0379455773594208
this:0.006701903468571306
he:0.0135330485746403
begins:0.022737407371024546
two:0.015870548363006907
game:0.025293694535408404
on:0.004314968725440765
you:0.0023651020825903057
serious:0.015306355902295619
am:0.006954622794473896
them:0.006237698602264855
8:0.025127585381905244
3:0.009963684870798382
why:0.007573287575123432
seconds:0.05908295291377081
more:0.010820587453793412
sure:0.009285293702805121
a:0.004159799523797773
how:0.011194578699822334
other:0.0058693956929017485
want:0.01610721674648665
was:0.0037679197195803643
as:0.003404741107306461
pissed:0.02357036301836963
gary:0.018062461461798546
steve:0.013647463178018666
let:0.009809096777671595
given:0.011862925783750132
wondered:0.023930181690829472
minutes:0.0678326340091502
cover:0.01669875126913994
enforce:0.047860363381658944
are:0.008207379339590112
base:0.016389939810268303
action:0.015667630131174285
it:0.0072947963774462115
not:0.005131149009157148
have:0.004351069048065131
only:0.011349244581015204
ve:0.007766526378840146
strike:0.02241867840007511
between:0.02965360654527326
has:0.004530955208027877
throwing:0.021657490261339014
call:0.011306196161696628
pitch:0.04247719266894821
be:0.0024615372644147715
mandate:0.025593442578859312
writes:0.0028138825149683503
get:0.011186161491839338
if:0.002851703913886848
of:0.0008274067470882496
relief:0.02224672291778627
seen:0.011031765492010012
but:0.002830992435108129
released:0.018407010664069468
seems:0.010027604635664163
they:0.015879482970344572
up:0.011433705279594763
pitching:0.021238596334474107
called:0.022827697837078584
in:0.0030243353513955827
speed:0.02858268227136835
or:0.005738820916622003
and:0.002437004773345467
few:0.009726074471941645
for:0.0013844632464343574
subject:0.00011360407188092892
i:0.0032493396977939563
back:0.008963220085393776
games:0.01416966081535628
runners:0.026188174248540835
than:0.006087665030721111
the:0.004169697502067101
do:0.0030566719953467945
allowing:0.020006114238376053
when:0.011129144194414773
around:0.010073167800653768
rule:0.05040890512667467
would:0.003968721898316494
effect:0.014750525338818748
because:0.007509456591040485
once:0.022834308041914095
return:0.01570369237368906
pitcher:0.06508299924456744
may:0.00791925756357375
last:0.009277287455572332
just:0.004997398142408026
batters:0.025501926811961596
many:0.007885961819481249
pi:0.026295909601665477
current:0.013456364781833268
15:0.014220471199917633
pitches:0.07296977894650138
n:0.015578789343848517
is:0.009146302192022601
grant:0.019255235781603472
time:0.020163957062600598
does:0.010370117568830002
2:0.008291104477001739
their:0.006441206887581761
gone:0.01672169105056495
innings:0.02439245335467116
1:0.008334144220956206
first:0.015979190037370562
too:0.008308586671763814
article:0.0034482250226238343
three:0.012419097899882863
before:0.018095270359341654
upon:0.014757768436991218
built:0.015712755889679804
while:0.009235500025014989
s:0.0026401543866213547
realistic:0.023993224609064112
