likes:0.033905278916157
believe:0.013927383848271413
louis:0.03021283133075615
minnesota:0.032301790755049846
with:0.0037488934409586365
way:0.0111049539714522
hell:0.021880646951807022
florida:0.03273655098799062
name:0.03541323725423399
nl:0.034041672495947285
kansas:0.04030610475020269
to:0.0017669220001164498
montreal:0.031605419979390904
city:0.023588369221066614
owners:0.02767722732941826
next:0.017169102716340867
bunch:0.02600130141765593
she:0.02125091336473386
that:0.004447495197877908
cubs:0.03542059159605591
williams:0.034181031384642194
nt:0.00915485322721075
toronto:0.025750642917567835
seattle:0.031194658077567036
re:0.004794109009976545
oakland:0.03614363963544914
wait:0.023534614135321267
telling:0.027525796907857773
cleveland:0.034543289142740546
blow:0.031239019890673285
game:0.038102680870647276
you:0.0035628140346712937
children:0.02148959530781106
great:0.01616186338931203
score:0.0309347472160648
sure:0.013987461667687202
a:0.0035807798098625512
how:0.008431814084802078
beer:0.034181031384642194
baltimore:0.03351269157487034
milwaukee:0.03801972690444158
as:0.005128936924468067
baseball:0.024020998974928254
houston:0.03224946184069625
let:0.014776523992005287
colorado:0.03021283133075615
also:0.009509596997945938
nyx.cs.du.edu:0.030137415679604953
jack:0.02740228140230728
california:0.02550941812130087
pitchers:0.03377172707703622
lose:0.026953498289662096
l:0.021185644735598478
are:0.008242453610272121
no:0.01443263764336551
play:0.020525116876797703
hey:0.024706019138661342
wow:0.03320295710518568
not:0.003864807747281826
texas:0.025436985074801296
have:0.0032772475201772616
try:0.015617882515021747
atlanta:0.030684965366491825
love:0.020975752821675953
boston:0.026729340611215
get:0.008425474200584118
down:0.015156189595853577
of:0.003739242030110359
freedom:0.02556428513024747
park:0.02879001454516004
but:0.0042646360400667325
years:0.014293432198592266
drink:0.06429213673357348
san:0.051768787610314664
oh:0.02070330887270175
york:0.048245733428531314
they:0.005980254003254767
find:0.013566966267137116
pitching:0.03199403935000907
good:0.010384678534355764
one:0.006303275049843734
in:0.002277944896083211
st:0.02459453360845705
francisco:0.03199403935000907
morris:0.03151183793181941
men:0.02251024713222655
and:0.003671128985488364
subject:0.00017113433905139932
al:0.02442316782514251
until:0.01834080593182464
we:0.04319692005493493
canadiens:0.039450134284660876
games:0.021345322382107214
saves:0.03484859714908192
20:0.020159181720548845
water:0.02628267445327917
angeles:0.030366377747566998
the:0.0028990500384194345
do:0.004604602044272414
boring:0.03653824151365064
did:0.010537891304121572
10:0.018528024089077978
five:0.025455016750292415
hit:0.022946808589291084
is:0.001722260428786307
number:0.01604015928460101
win:0.02172740643351501
new:0.022102558524148035
detroit:0.030444552575091478
does:0.007810825732932854
mitch:0.040491922294261996
chicago:0.05413717354876772
every:0.015590695685496129
cardinals:0.04012552220554438
past:0.021176374659636944
miami:0.040491922294261996
going:0.013960356949036426
bills:0.03614363963544914
los:0.029230106883224645
mike:0.02048341044203656
god:0.03401510553557981
s:0.011931466939538815
diego:0.03326371828438147
