go:0.05895249247860992
your:0.03817976430852311
post:0.07825993346761154
name:0.08370401532818943
choices:0.15556273336996057
pittsburgh:0.1340171334317802
sas:0.2019711082476693
re:0.011331530387217289
game:0.09006088205789356
names:0.12414840036305695
how:0.07971896952903784
baltimore:0.15842363289938707
let:0.06985265887129773
team:0.09706741117256053
play:0.09702782523577096
writes:0.020038254273259466
san:0.1223625888971074
in:0.005384233390742136
francisco:0.15124454965458836
subject:0.0008089986936975241
i:0.005784809310466513
the:0.004568200060539715
start:0.0853806693297731
here:0.05455760320070897
about:0.05969795032253767
shawn:0.3760917722905847
changing:0.12977026580319714
article:0.02455554182777579
s:0.018801099419879345
