okay:0.05450336880382907
at:0.011151455853853557
case:0.03128621654818678
situation:0.04460926947815947
von:0.15172032407116393
braves:0.06083731392541017
stand:0.049844791828689394
with:0.00740287818720946
sharks:0.07298180960272549
to:0.005233667696547459
seat:0.0627885883536033
need:0.024319012550597926
re:0.004733424085799627
apple.com:0.13922265773841389
on:0.006417833230877088
curious:0.05425661190913285
you:0.007035430245680024
support:0.03467033303206969
imho:0.05480597033362089
m:0.01732676850779838
why:0.02252813392600008
a:0.0035354534831554306
member:0.05051769522463998
pitchers:0.06668847372174241
giants:0.2711121029260199
are:0.008138118754445893
not:0.007631772260455251
minor:0.0550117997117447
stick:0.05349783930195521
writes:0.008370410012880535
down:0.02992867818928048
sit:0.05893309616050985
what:0.01165116586071685
san:0.15334045950397004
alink:0.06735837753762015
in:0.004498220301126341
point:0.02786754381341849
francisco:0.06317810302027108
or:0.008535588072190953
and:0.002416439332220189
for:0.008236680073723392
subject:0.00033793616319010504
editor:0.05844751555452951
i:0.002416439332220189
league:0.049238697066243654
the:0.00572470640498015
jose:0.11544042212108974
is:0.0034009193277299227
new:0.02182277930232338
fly:0.06269305410505417
smith:0.049844791828689394
fans:0.20825319592645358
chuq:0.44004611674840943
training:0.05673174983305832
