looks:0.023771565794263125
at:0.006117812586489104
football:0.1156800200285967
truly:0.060531992625421915
where:0.012829561098845567
with:0.012183903683115569
beautiful:0.03564979306394929
though:0.017260723622296387
from:0.005878973989098441
both:0.015595167238251651
to:0.0038283310002523076
that:0.0024090598988505334
think:0.009998250191170522
like:0.008087771274365786
could:0.010479924689764287
re:0.005193618094141257
murphy:0.038280326821074316
so:0.0070959069262841665
parallel:0.031953842968481874
on:0.007041789239434582
etc:0.01612724991290441
a:0.004848972659188872
how:0.009134465258535585
was:0.018447106960445533
as:0.005556348334840405
baseball:0.07806824666851683
jay:0.035403946348317936
let:0.01600790099133906
also:0.030906190243324298
mets:0.11275590840995248
course:0.016987165277083466
far:0.01728734772306529
are:0.008929324744461465
play:0.02223554328319751
d:0.012651695988729412
action:0.025568701950180253
it:0.011904702421526804
not:0.008373750119110623
have:0.007100702960384067
made:0.016149857999430563
always:0.03690216802775982
be:0.008034184126909323
which:0.0179429490627433
of:0.0013502818442065183
park:0.06237836484784676
stadium:0.19903564369262924
particular:0.02354896838947088
they:0.012957217007051994
good:0.011250068412218744
box:0.022003743129906994
in:0.003701660456135218
jersey:0.035525781832004805
and:0.0013256854669819091
for:0.009037468414224276
subject:0.00037079106794469857
i:0.003977056400945728
we:0.009359332678569235
shea:0.08814712279242433
circular:0.0404010327207353
the:0.006281275083242108
home:0.020342798971259363
because:0.012255015964545235
agree:0.020948299853919716
forget:0.026661203718156206
is:0.0018657821311851659
unlike:0.032027720733794764
seats:0.07750584063166274
new:0.03591665760174056
right:0.013471344401321524
oriented:0.038372307562393904
gone:0.02728887081168585
first:0.013038575204104452
too:0.013559151860170114
designed:0.02728887081168585
almost:0.020986062015726167
three:0.020267277822725503
happy:0.026375660336701533
while:0.015071822957489739
jets:0.07180932733415453
s:0.012925755851167047
