believe:0.1143511515963337
re:0.019681079093587923
you:0.029252578389932726
was:0.04660321758428345
baseball:0.1972250442152004
not:0.031732105714524464
of:0.010233715029775717
miracles:0.3188900404527774
in:0.00935156325760476
subject:0.0014051029943167523
al:0.20052706214327534
do:0.03780620625823666
fame:0.30526574393086753
forget:0.20206385975865757
players:0.19536178489673114
jewish:0.40257970400261034
s:0.032654541097685175
james:0.18208388250721194
