go:0.02860929782050187
at:0.01295536783021222
out:0.017326133810006764
there:0.026993499575798455
all:0.014030409274210164
small:0.043952145592147225
way:0.02547607087568446
ya:0.07510149932539026
to:0.006080290412165431
remember:0.04092094171354753
everyone:0.044963422904604464
that:0.005101538609330541
talking:0.04793663500532747
re:0.005499125040855449
sample:0.06931178952349941
started:0.048224189352778016
justify:0.07002494172847896
so:0.015026626432131178
this:0.007720329976050279
you:0.008173514550128262
moment:0.061886923519879164
size:0.052954075545086285
a:0.004107365076018809
how:0.01934357348866359
season:0.05613580042199586
jack:0.12572811466940986
ride:0.0620985226000571
are:0.009454579141194493
hey:0.05667851449457602
try:0.035829259887402834
only:0.03922165406674372
doing:0.03942210154654875
if:0.009855153231814842
trying:0.039651885633358766
sit:0.06846639112765115
but:0.009783576797800151
who:0.019015483444615417
up:0.01975677015224095
morris:0.2168755904719336
and:0.005614667860158675
enjoy:0.06798153790356923
subject:0.0003926023072355632
we:0.019819763319323086
back:0.030975834118640258
will:0.016666255072107124
the:0.003325380926422293
just:0.03454084010193782
long:0.03500457713394978
about:0.014485532063556935
is:0.01185320412752929
guys:0.05712758396310663
very:0.0256359189968154
s:0.01824812590752995
