land:0.05098246596907354
utterly:0.07413663323044377
at:0.022588846473190538
all:0.02446327770887926
ever:0.03389002636961359
from:0.010853490441412508
to:0.0035338440002328996
remember:0.03567466713488759
lived:0.05764093425389185
front:0.04508911447905043
enough:0.031181391370992257
that:0.004447495197877908
cold:0.05664295365435423
like:0.01493127004498299
re:0.00958821801995309
du:0.07683272821552531
you:0.007125628069342587
a:0.005371169714793828
other:0.01768343574143475
old:0.033947603619773385
are:0.032969814441088485
play:0.04105023375359541
co:0.058525458247314296
not:0.007729615494563652
have:0.006554495040354523
p.o:0.059059723585783125
completely:0.04611530303896757
shame:0.06741196056218539
shall:0.05076638479529172
be:0.007416169963300914
writes:0.00847772296176362
of:0.0024928280200735725
ok:0.041844220391165796
experimental:0.06822194648041016
must:0.029711031121532016
they:0.05980254003254767
who:0.033155201903432005
box:0.04062229500905906
tim:0.10456177691631253
in:0.002277944896083211
our:0.028586864397184532
and:0.004894838647317819
subject:0.00034226867810279864
station:0.053025514586822524
i:0.0024474193236589093
than:0.01834104207973668
the:0.0038654000512259126
darkness:0.07922485585117163
when:0.016765056959535077
canada:0.047700097346239055
time:0.020250127819278377
evans:0.14574916202977847
guess:0.03841227260173914
de:0.051807461886461154
live:0.039701131717277675
upon:0.04446250747042226
void:0.07050378180342755
s:0.007954311293025875
