re:0.03739405027781705
on:0.025350441261964497
astros:0.6510895892345829
are:0.032145569080061276
place:0.13597138086582128
real:0.12787969269991237
they:0.09329196245077437
who:0.06465264371169242
for:0.0162674431456037
subject:0.001334847844600915
currently:0.17994667509286486
the:0.0075375300998905305
thinks:0.2264947211739623
places:0.19074109411451676
first:0.09387774146955206
going:0.10889078420248413
