seemed:0.03296158512760699
since:0.01563141893284126
trash:0.04440794780594813
at:0.0068825391598002425
watch:0.030032530004487107
braves:0.03754802968833909
with:0.0045689638811683385
ca:0.01606678590697126
surprise:0.03801848953203483
throw:0.033307582629178205
my:0.022270646749928937
to:0.002153436187641923
recall:0.030553556367757986
thursday:0.0407666217909122
mail:0.023939964881530124
been:0.011462815525167494
that:0.00813057715862055
nt:0.005578738685331551
re:0.0029214101779544573
started:0.051238201187326644
getting:0.02118907478300536
game:0.023218821155550684
sunday:0.13961943733865212
on:0.011883019341545857
came:0.02358380259748396
more:0.00993296113922442
a:0.0043640753932699845
how:0.010276273415852534
was:0.01383533022033415
giant:0.04440794780594813
whole:0.023374339648650704
talked:0.03851910559988266
giants:0.04183175025616323
didnt:0.05207067634510224
l:0.025820004521510648
hitting:0.037497463168763956
d:0.01423315798732059
it:0.010714232179374124
made:0.018168590249359386
try:0.019034294315182755
atlanta:0.03739730154041191
has:0.00831855057723868
crowd:0.04183175025616323
be:0.004519228571386495
which:0.010092908847793108
writes:0.005166112429824706
if:0.005235550154401635
of:0.0015190670747323332
well:0.013147405548073006
news.duke.edu:0.04531288386473815
email:0.021436708273187038
in:0.004164368013152121
or:0.005268058263305354
and:0.0014913961503546479
for:0.002541787991500578
subject:0.00020856997571889294
i:0.004474188451063944
hr:0.042963242036463664
back:0.016455911875527637
games:0.02601461165319317
refused:0.039367807482717
actually:0.019096204117977224
the:0.0076553040077013195
when:0.010216206584716687
start:0.02201220381158213
would:0.007286325360190438
eric:0.031156472502489107
an:0.007014829207513568
thought:0.020973331290560254
just:0.009174910652077234
during:0.0228778867953318
address:0.024943916827606334
about:0.0076954389087646215
e:0.024303825750420522
different:0.019743882015712873
changed:0.02952589995182363
f:0.0290330563938035
garbage:0.041658132000032676
is:0.0020990048975833117
field:0.06081965390520791
new:0.01346874660065271
time:0.012339921639872763
easier:0.032630263393817194
events:0.03178553794512988
friday:0.03893193748562001
smith:0.030763582456769238
change:0.023218821155550684
article:0.006330725627473445
little:0.01832295860858175
before:0.01661089271267691
s:0.01454147533256293
