another:0.0357662150062674
at:0.014209113104103726
out:0.03800571287356322
wonderful:0.07751851290495812
into:0.08665180175721224
single:0.0524423656534254
to:0.002222901871114243
player:0.0626977908557452
add:0.05542290994276965
look:0.038244650391546946
me:0.017477236780718462
re:0.006031298431905976
lost:0.05652429555351371
he:0.05129461959742694
game:0.047935630772749795
3:0.03776557975221967
a:0.009009704037718677
mets:0.08729489683351159
it:0.00552992628612858
have:0.008245977631413756
bag:0.08548073581050047
against:0.041665819228352365
after:0.0311163498010476
heck:0.07988308506934322
his:0.0297488555081493
batting:0.08672890780429757
of:0.0031361384768667524
totally:0.06644379517046213
double:0.07126049008128435
now:0.026643780610939423
one:0.015859853351219717
in:0.005731603286919048
expos:0.10051907241736788
or:0.010875991253275569
and:0.0061580228143675786
subject:0.0004305960789035209
p:0.05429238773598952
we:0.021737804930870484
don:0.07191298935051522
the:0.003647191983817998
just:0.01894175102364332
rockies:0.0956625386627885
is:0.00433342946597845
average:0.06257292030488043
does:0.01965304539254073
run:0.04317474884495798
triple:0.19544873447105715
donald:0.08912277885459229
3rd:0.0711895931220418
s:0.010007036788000296
