vax.clarku.edu:0.0484353610590893
go:0.007313655081932808
at:0.006623797086123541
say:0.007133627722810313
there:0.006900593876519905
11:0.014527122697819214
all:0.007173442335686399
nick:0.01870513515814079
watch:0.02890348752311541
where:0.00694532630914948
consideration:0.01885258144819072
braves:0.018068224812433847
with:0.004397198321725919
ron:0.0159296929933272
further:0.01333772331233604
much:0.006568409284059892
though:0.009344151133874734
ca:0.007731385699595192
into:0.013464690999867565
kids:0.016527680567123018
2-1:0.024094410518931905
work:0.007613054375903397
themselves:0.01216710607640157
my:0.007144468130303017
to:0.0036268398949758705
sound:0.012974373267400115
day:0.019122579216262196
family:0.014813785974134085
next:0.020138195667287032
make:0.0066168439223673065
that:0.006520763635986406
nt:0.01342252916771501
could:0.0056733426891957045
consider:0.012106631874327794
me:0.012220924966968548
re:0.0028115827276554172
barry:0.019767417006956618
anyone:0.006289153194140568
this:0.0019736181893662366
cleveland:0.020258470324314003
two:0.014020973177844447
big:0.010435265240103598
game:0.06703779942655234
starting:0.01474256384540307
on:0.0038120964303706008
you:0.01671575907996156
score:0.018142182577842513
m:0.005145919970361173
includes:0.014164490118166725
more:0.004779770773762127
a:0.00157500465321022
other:0.005185368375307935
want:0.007115029953805194
was:0.00998640376806074
as:0.012031791882962682
baseball:0.0422625094746858
stuff:0.010990287792006097
are:0.0024169600812076145
play:0.012037286589400157
bonds:0.020530352510703575
pushing:0.01984493312426014
care:0.023804638656194713
it:0.005155720747969503
not:0.0022665789796088905
have:0.009609973931346858
only:0.005013294128831904
whether:0.010742325507074529
bag:0.019924081279139208
between:0.00873257836859551
plays:0.037238731385708865
without:0.008448159717302612
minimum:0.018426533759066648
assumptions:0.02034693084089368
writes:0.004971897676823777
get:0.0049412555462072264
if:0.010077449921254275
of:0.0036548982249198993
trying:0.010136572267174421
even:0.01262525900575959
what:0.010380925973646217
but:0.005002129490604588
year:0.009303611715073878
saying:0.011340433003625711
sense:0.012354594159259363
well:0.018979713272406145
beyond:0.014682572170821829
they:0.003507216633487758
who:0.004861101030954317
up:0.015151808688184788
policy:0.01442386181548609
good:0.006090262599095861
one:0.0036966575480286558
in:0.0020039064123438775
yes:0.010025736355277778
speed:0.012625808898066845
better:0.008406826583839861
and:0.0035883215647630625
gets:0.012546302039070692
for:0.002446232051970481
subject:0.00010036449959405374
showed:0.016070510897593742
however:0.009011650015777868
space:0.011494408862831216
until:0.010756262125430993
i:0.0057413145036209
back:0.007918634285968186
games:0.02503661873390019
graham:0.01832062820656027
later:0.01201282717653272
than:0.005378200309095718
the:0.003967121105205542
do:0.010801773216639048
see:0.006651826170718707
when:0.004916069333999007
can:0.0032502480918711026
agree:0.011340433003625711
families:0.019924081279139208
extra:0.029208088041287602
put:0.009351350750175862
may:0.013992673138645344
last:0.008196099819772549
thought:0.010092430094705685
long:0.008948538515445807
people:0.011317843158444491
about:0.011109205041224115
is:0.00505023734756887
deal:0.012392161623159807
length:0.01737873901294251
either:0.009411889876366007
night:0.025171690575819732
write:0.012233736560103433
time:0.005938007405653058
himself:0.01407060695677056
goes:0.024233287187899823
innings:0.043099447656749786
pm:0.03908804137879444
update:0.01632271500742972
article:0.003046364211716545
neither:0.01407060695677056
est:0.02295274730916415
past:0.012419227243997607
going:0.008187277007705572
playing:0.01505778178704922
lake:0.02000493167470674
s:0.00699740166378968
