report:0.056652660051862015
out:0.017584732822096414
mathematics:0.07942256455928347
1992:0.05889472440125809
from:0.012635406782539934
yours:0.06307954186349943
nl:0.07926120760250413
to:0.006171041015332078
jays:0.07910157642165715
champs:0.08460765869590142
toronto:0.11991344164598752
happened:0.05033284923490195
joel:0.407542818496056
math:0.07283963839195709
two:0.027832678099303156
game:0.08871668978837276
used:0.02946960460204277
score:0.14405434524495847
them:0.02187849509749613
series:0.053542542698024866
are:0.009595692262704859
those:0.027700233646082987
it:0.010234490439999163
university:0.03507970300893513
dept:0.06124339537823581
of:0.008706294876077849
what:0.013737941835770614
reading:0.04904958278153717
years:0.033280230193737215
ignore:0.0671756141874063
who:0.019299296630355945
world:0.037630607294517567
repeat:0.07017069919430408
and:0.0028492344364984316
for:0.004855953177792149
enjoy:0.06899618772302549
subject:0.0003984620431644522
al:0.056865883294361666
summer:0.0671756141874063
i:0.0028492344364984316
the:0.004500017970083898
reports:0.05901824543564406
last:0.03253973958297758
just:0.017528187514416208
throughout:0.06907708425241861
blue:0.059651666081541925
history:0.04956727767687882
strip:0.08008602370213173
too:0.029142057729320842
condemned:0.08328985858924952
weekly:0.08460765869590142
comic:0.10077698431586145
