at:0.027967143252521618
swing:0.18584496368116693
fax:0.048549894283863325
ca:0.03264362850940192
t:0.04089322309524511
make:0.027937785449995294
like:0.01848633434140751
nt:0.011334580186070451
re:0.005935563536161437
dawson:0.09653809979091223
cs:0.16240357408916484
ball:0.14154302665815696
la:0.06917942014333933
counts:0.0897372327062636
on:0.00804775913078238
a:0.0022166732156291983
science:0.05367670200265579
computer:0.04255083976452881
no:0.01786897993940492
play:0.05082409893302288
ken:0.06549321747801287
strike:0.08362522895266111
bb:0.08949853624015978
writes:0.010496228428850195
get:0.020863078972874958
outs:0.09178821257102561
but:0.010560051146831909
san:0.06409468942229435
well:0.02671218905005309
they:0.029616496016118845
david:0.03962611491023006
in:0.005640625456967951
or:0.010703356471477543
and:0.00909041463073309
subject:0.0004237612205082269
i:0.006060276420488728
pretty:0.045682858046343276
the:0.0023928666983779458
do:0.011401871728674549
when:0.041513474375991614
put:0.03948348094518697
sgi.com:0.09850022607610551
problem:0.03358040146104102
dave:0.11131030702776483
article:0.012862426671692078
players:0.058918633540283996
619:0.20147913781125562
especially:0.04960786837297367
blame:0.07106546646824097
four:0.055683272238459904
