ian:0.028426899356639595
since:0.010366951416599386
week:0.107186698582557
at:0.00456458555675871
out:0.01220908910964207
all:0.004943356635473011
happen:0.017521410498276244
send:0.015198689745472657
situations:0.02476945787302625
incidentally:0.03105156891611904
ca:0.010655692207732234
someone:0.011416881423124456
unusual:0.0519667011939765
my:0.009846779910158563
to:0.0049986498034382465
remember:0.014417741121871669
line:0.01463110750676678
might:0.022042333014284415
been:0.007602281799074815
make:0.009119587996630589
that:0.008987166462033078
guy:0.017545755165538184
nt:0.007399777738056358
sometime:0.02698638038492952
me:0.0056144491212670716
brought:0.020074574313656307
re:0.001937515558436117
he:0.057673225143220964
best:0.012617492642287224
big:0.014382282662526204
you:0.008639362529669252
great:0.013063475071153767
score:0.02500425163578295
phillies:0.028630115486967474
m:0.007092304207855296
a:0.0057886181382233995
baseball:0.0388318739905576
adam:0.04813060488347365
also:0.0076865136356454224
mets:0.028042920226309425
stuff:0.030294472048431317
section:0.021294088733799416
are:0.00666229410985726
no:0.0058328794620855435
d:0.0094396073698292
it:0.0017764530038340517
not:0.0031238860547977455
zero:0.024008363987977264
have:0.007946900722502375
laugh:0.026281947036556313
philadelphia:0.025701028393443844
moved:0.02310158207114997
after:0.009995925842823583
sports:0.02486878386322169
has:0.016550898557822036
humor:0.02877016042161991
his:0.009556627158058325
be:0.0029972085862045145
which:0.0066937426555311805
boston:0.02160506287745876
stats:0.024065302441736824
found:0.013857619198222785
sort:0.016256276205497567
writes:0.017131150026361716
get:0.013620455702498677
ux4.cso.uiuc.edu:0.029533500912588086
if:0.0034722819676860587
of:0.006044785043494465
america:0.020402790437650066
year:0.012822594384505968
sense:0.017027575369756427
lines:0.01830664313105967
who:0.013399511650091693
up:0.013921869122822639
called:0.01389769168837686
box:0.016417300573609364
in:0.004603101085349494
and:0.000989112472774067
for:0.005057236211068508
subject:0.00013832620151304817
i:0.003956449891096268
contest:0.0312768803769467
news.cso.uiuc.edu:0.023759611556959853
column:0.1198478215953288
stupid:0.020008736742313744
favorite:0.025038679318263094
review:0.04478382885656773
the:0.0035149104092753766
writer:0.026415379658848617
dad:0.029873383205260694
can:0.004479616541128049
fan:0.020723088007718517
ralph:0.028699664815113282
radio:0.018587307568744386
named:0.024151900788751027
last:0.011296179026215014
just:0.006084914836610808
during:0.015172899014520572
long:0.012333218886572978
here:0.009328502101675627
about:0.005103710778869801
hit:0.03709535896299906
is:0.004176258449077677
tuesday:0.026024968066922262
time:0.008183989481366392
every:0.0378054175171616
occured:0.030143775708735148
article:0.004198615960189642
players:0.019232507321439857
stands:0.02476945787302625
by:0.00513179002495941
check:0.0171466920444958
