another:0.01561623472104633
sent:0.025899172875278962
out:0.008297021824510281
anyway:0.021468407194679816
nichols:0.07639802527780894
with:0.004118502653447516
ca:0.02896547318439889
options:0.031866059216033915
aaa:0.04205562951840241
to:0.002911688366389079
then:0.011238594012505656
young:0.026437010754043568
most:0.013074615943429844
been:0.020665357566499145
that:0.0024429903199611044
guy:0.02384739962640049
think:0.020278141232796552
nt:0.02011488878091376
along:0.02460536205029039
kirk:0.042355345112900976
re:0.0026333838223814828
prince:0.231281093664254
afraid:0.031797353758672195
so:0.0071958492773585925
this:0.003697059425150838
jon:0.029220903265622065
he:0.05599060589859983
28:0.03114482678344188
why:0.05013303042687342
a:0.002950360829252947
want:0.013328154702198463
was:0.006235641789446377
as:0.01690382028627504
old:0.018647275227762845
bring:0.026713851741472363
coming:0.024483309540771797
lose:0.029610885444980892
begin:0.029388869574228968
care:0.022295893952633077
have:0.003600356430617274
tom:0.05346096089401064
sherri:0.08194012270120962
without:0.015825425949313344
be:0.00407367082491177
writes:0.0046567774015321296
down:0.016650461809529282
were:0.010924671108959854
if:0.0047193691532634455
of:0.005477199593401089
losing:0.034669855469668366
but:0.004685093114439509
year:0.052283677103020815
released:0.030462306380678345
order:0.019748710289665437
they:0.019709569531853738
who:0.009106006156576396
adobe.com:0.03747402693994361
up:0.009460988523608342
now:0.011633199985058058
good:0.011408520079996473
clear:0.023223596775962065
in:0.003753796518897686
5:0.018301921738856922
seasons:0.04097006135060481
and:0.005377428373109717
still:0.02875646594689503
subject:0.0001880067386761852
i:0.0013443570932774292
snichols:0.08471069022580195
catcher:0.04251012614613179
the:0.0015924359365965908
do:0.005058576893707723
older:0.03111373510591289
would:0.01970386576276851
because:0.012427621823200802
did:0.01157683833410539
pitcher:0.03590259347998439
last:0.030706514817739408
here:0.01267887961706617
nicely:0.03803133201430082
about:0.006936733664238532
hit:0.025209169999502883
is:0.007568243011004617
pirates:0.08096839211688636
slow:0.02891921200733691
eventually:0.02984012912834532
too:0.013750125830031667
him:0.01687686833354442
article:0.005706569579694373
gibson:0.04205562951840241
s:0.008738539166986173
