some:0.012487025402495765
believe:0.011618566204975082
go:0.010403381025637043
hmmm:0.026566326627379042
at:0.009422085694699796
out:0.012600824589095826
there:0.009815818027563074
know:0.00659826270405509
with:0.006254838254433661
my:0.0050813596862582956
hitters:0.032280416645725736
to:0.002211014695332884
player:0.020787502850567924
otherwise:0.019002057923059014
look:0.025360089029688882
then:0.025602358552552995
front:0.0188072242212082
might:0.01137478682287939
measure:0.024691731170095352
that:0.0018551049488474696
guy:0.018108720571919087
perfect:0.021658218150464644
clutch:0.08294553317741915
me:0.017383775621463284
re:0.001999681833038345
so:0.016392683380506742
he:0.008503386136471846
bases:0.05338042928985471
on:0.005422554280634116
you:0.00891656132741265
tell:0.025775669022700027
them:0.007838819099102891
8:0.015788723435154365
why:0.01903446609790381
a:0.0029871746007409518
how:0.014068053446300794
want:0.02024168949424793
wings:0.024439041946295648
was:0.004735086278617035
tigers:0.0319352908642414
red:0.019318817940869256
pitchers:0.028173205476030215
course:0.02616205133582908
stolen:0.026249339408504498
rbi:0.18724386793439238
hitting:0.07700013827168642
are:0.020628172671697077
no:0.018060092024318342
it:0.0018334514959356789
not:0.006448235385839197
worthless:0.029477898728527817
edward:0.02417160654215307
attempt:0.02062378822051655
his:0.009863256906445222
pitch:0.026690214644927355
be:0.0030933757066174935
stats:0.024837451183182924
batting:0.028755038951157483
notes:0.025017724217099028
writes:0.0035361625188104935
if:0.007167384168592612
of:0.0072785245933698955
but:0.014230657160436581
david:0.02669994908389833
good:0.008663154285344915
in:0.0038006353346415073
point:0.011772919578930806
or:0.00360594362408067
use:0.01778373826467752
better:0.02391674728664602
and:0.005104243509235158
subject:0.0001427644753583866
combination:0.02652566032050621
i:0.0020416974036940633
power:0.01444842395813124
runners:0.032910272451374845
than:0.007650274236467706
the:0.00040307647592997483
see:0.009461955943375273
when:0.006992911459057411
would:0.01496229378777074
can:0.009246695106285703
because:0.009437017641147133
maybe:0.014159963007178202
an:0.004801594323859555
just:0.006280152745806876
people:0.016099177968696442
many:0.009910165922877504
different:0.027029057732740617
hit:0.019142792192135875
is:0.007183760077290479
either:0.026776071733832705
lack:0.02074610191926517
average:0.04149220383853034
run:0.014314622611697298
stat:0.12406522213233118
guess:0.016022231352597078
too:0.020882544041331514
nothing:0.027324663117656776
count:0.022798773136549787
terms:0.020583630883499807
article:0.004333330910783962
players:0.01984959311784969
obp:0.03240059234546937
differently:0.02785225355236041
sometimes:0.018740675531111497
s:0.0033178410740963542
