ian:0.04689223569086703
sent:0.03143318417341549
at:0.0075296154910635136
majors:0.05104187514199267
all:0.008154425902959755
true:0.022079323009896127
richmond:0.21215433308699652
braves:0.041078186325704306
ron:0.036216225095940476
way:0.014806605295269603
from:0.007235660294275006
aaa:0.10208375028398534
nl:0.045388896661263056
to:0.0011779480000776333
sound:0.02949729306947377
been:0.012540516130097773
that:0.0059299935971705445
guy:0.028942997837169828
justice:0.036801419961559806
like:0.00995418002998866
nt:0.006103235484807167
could:0.012898368848940663
re:0.003196072673317697
so:0.017466847818545645
this:0.004487029387789906
weak:0.0399855934068164
best:0.020813470768901148
game:0.025401787247098188
you:0.009500837425790118
came:0.025801083183572198
phillies:0.047227455461407886
m:0.011699271043727113
a:0.002387186539908368
beating:0.045207038554876004
expectations:0.05122181881035021
whole:0.025571927136985386
anywhere:0.03612247269106378
far:0.021276735659157282
team:0.02737798776661964
are:0.005494969073514749
brian:0.031932286451100675
not:0.005153076996375769
have:0.00436966336023635
proved:0.0450289694360483
after:0.016489005877478216
has:0.009100636528944881
were:0.013259002542498285
if:0.005727781365499225
of:0.001661885346715715
ryan:0.037990920521395556
but:0.005686181386755643
year:0.02115180099324489
never:0.018837087443263765
fact:0.020498009646400337
they:0.031894688017358765
who:0.01105173396781067
now:0.014118926477591833
david:0.02133713879781619
in:0.009111779584332845
rather:0.021995586777033022
and:0.003263225764878546
gant:0.053741473000270254
i:0.003263225764878546
hr:0.04700252120228504
back:0.018003048889466133
hunter:0.04942442215362918
the:0.0038654000512259126
when:0.011176704639690052
can:0.014778905853636127
home:0.07511187312464995
last:0.018633867966320498
many:0.01583932502203499
17:0.03360943383316672
hit:0.12238297914288579
is:0.002296347238381743
east:0.03480050666146169
does:0.010414434310577139
lot:0.02118421699372129
runs:0.03206658564481483
history:0.02838468037906736
first:0.016047477174282405
too:0.016688186904824757
diamond:0.04279332047495347
very:0.014899508476781603
live:0.026467421144851785
built:0.03155980883824576
s:0.01060574839070117
