another:0.025198924208961124
means:0.032211309323167646
nichols:0.12327863169828261
performing:0.0629435830604189
with:0.006645765645335765
to:0.004698406227582378
value:0.08486029135810609
that:0.007884196032601746
re:0.004249323895206484
this:0.011931419053895886
age:0.046849870749018425
relative:0.05594453950787396
m:0.015554712637682638
more:0.014447943475235522
a:0.0031738730132872617
was:0.010062058342061201
as:0.018184412732204964
season:0.043377663962451345
career:0.054914376232099736
straight:0.04541660940299215
team:0.0364002791897102
likely:0.03757282732874691
reasonable:0.04248076329665963
it:0.003896084428863318
analysis:0.04892916063071019
between:0.02639620279598188
left:0.03323187708523365
always:0.030192682931803494
has:0.012099709930528989
attempt:0.04382554996859767
determine:0.04957342589976184
leonard:0.06834612506854475
his:0.0209594209261961
sherri:0.13222156163149734
writes:0.0075143453524723
were:0.035256893124370435
if:0.015230691358259302
of:0.006628656326104726
even:0.019081357360977564
well:0.01912349897901528
adobe.com:0.06046945256218174
up:0.015266595117640735
now:0.018771754521343685
one:0.011173987588359347
in:0.0020190875215283007
clemens:0.20896119326647924
morris:0.1117237890309961
and:0.0021693034914249424
for:0.007394292338910773
subject:0.0003033745101365716
i:0.0021693034914249424
snichols:0.1366922501370895
world.std.com:0.10445628023546698
the:0.0008565375113511966
would:0.021196582866008548
major:0.037232136053611274
nobody:0.04554874619839122
because:0.02005366248743766
joe:0.04522124121503336
thought:0.03050666369536037
problem:0.024040514682336186
trade:0.09588824764394761
is:0.0030530980328484533
right:0.022044018111253404
article:0.00920832818541592
players:0.0843607707508612
