believe:0.02287023031926674
at:0.009273315920572959
there:0.009660831427127868
k:0.03988064269738592
take:0.022376306635112666
except:0.03394064651582961
nl:0.05590000957229239
to:0.0029014719159806963
remember:0.029290779331802443
day:0.05354322180553415
teams:0.08707347658467698
that:0.010954882908457163
think:0.015155242395037424
nt:0.0075166163339204055
affect:0.051594294525386615
re:0.003936215818717585
scott:0.04023239003338428
charles:0.043328975315093006
had:0.016151668270338263
this:0.005526130930225463
them:0.01543009654244464
a:0.0029400086859924105
surface:0.04805248150832121
oasys.dt.navy.mil:0.12403908808293905
also:0.01561575928083754
are:0.006767488227381321
kevin:0.047426971819154895
reason:0.02812854656851082
it:0.003609004523578652
have:0.005381585401554241
has:0.022416304713401072
be:0.006089065864604961
noticed:0.04269687390688764
writes:0.0069606567475532875
of:0.006140229017865431
gives:0.03827920500838006
expansion:0.09732093847247805
what:0.009688864242069802
year:0.02605011280220686
least:0.025343814554805076
seems:0.024805127256642925
fact:0.025244917143461467
must:0.024394320289257865
one:0.010350641134480237
code:0.03411065800349154
in:0.0018703126515209523
government:0.02833278882753997
point:0.0231740627501059
thoughts:0.045200255975008555
and:0.002009460076267315
for:0.0034247248727586736
subject:0.0002810205988633505
al:0.04010541242865507
i:0.006028380228801945
away:0.02914719564551232
games:0.07010253245492054
directly:0.03823684553154084
any:0.010771444908303235
scoring:0.10845794779561872
the:0.004760545326246651
do:0.007561241251647333
naval:0.0658903312006834
is:0.0028281329146385673
division:0.041711235959161395
center:0.03438558772076641
lot:0.052180071331902965
runs:0.03949253179414037
first:0.019763735046221486
lots:0.038407315909645905
maryland:0.0610531487861735
high:0.058891027908242556
john:0.028226088416651005
s:0.006530908219537035
