likes:0.08395592874476972
since:0.03175907338736002
believe:0.034486855243338735
at:0.013983571626260809
out:0.018701223794927932
know:0.03917063890978736
saw:0.053926675922784995
with:0.018565948469509437
to:0.00218761771442989
been:0.02328952995589586
that:0.005506422625944076
cubs:0.08770813157118607
really:0.03097453560620517
injury:0.16565484410275433
he:0.075720628929535
on:0.01609551826156476
ray:0.13770694814567205
a:0.0044333464312583965
was:0.014054938636529929
baseball:0.059480568890298534
question:0.03465057275154134
nyx.cs.du.edu:0.07462598168283131
has:0.033802364250366694
anybody:0.048247541982741185
of:0.0030863585010434706
freedom:0.06330203937013659
what:0.014610192111057638
plate:0.08206780266760517
but:0.010560051146831909
year:0.039281916130311935
slight:0.08535225847407062
one:0.015608109647232101
in:0.0028203127284839756
and:0.006060276420488728
few:0.03627980160168708
for:0.010328535330542031
subject:0.0004237612205082269
i:0.003030138210244364
we:0.02139276040815825
games:0.05285508399378929
the:0.005982166745944865
last:0.034605754794595205
is:0.004264644871280379
does:0.019341092291071827
matter:0.04795084145873876
before:0.03374911535274038
going:0.03456850292142353
mike:0.05072082585647148
