likes:0.06296694655857729
believe:0.02586514143250405
all:0.0113579503648368
small:0.03558030833650013
fields:0.058436029397504065
swing:0.06969186138043759
ron:0.1008880556244056
way:0.04124697189396531
o:0.04167832123571287
to:0.008203566429112089
been:0.017467147466921896
cubs:0.06578109867838955
he:0.09465078616191876
you:0.006616654635818117
etc:0.027646714136407565
a:0.0016625049117218987
want:0.02253092818704978
was:0.010541203977397447
old:0.03152277478978957
season:0.09088653401656473
baseball:0.044610426667723906
nyx.cs.du.edu:0.05596948626212348
experts:0.0576891443899633
hitting:0.05713899149525936
early:0.0833985975903162
secure:0.050889951175713516
lineup:0.06969186138043759
has:0.025351773187775022
his:0.08782995435739317
of:0.006944306627347808
trying:0.032099145512719
even:0.01998999342578602
freedom:0.047476529527602444
year:0.02946143709773395
one:0.011706082235424076
in:0.004230469092725964
or:0.008027517353608158
and:0.0022726036576832726
still:0.024306060502732704
subject:0.0003178209153811702
gant:0.2245625836082721
back:0.025075675238899253
any:0.012181991265342943
the:0.004486625059458648
because:0.02100859879636326
int:0.06443194766282999
bat:0.06144010923091444
last:0.0259543160959464
just:0.013980816231736736
changed:0.04499184754563601
hit:0.0426155016658263
is:0.012793934613841138
spot:0.05745024482983463
mystery:0.065467797388897
mike:0.03804061939235361
especially:0.03720590127973025
