statistics:0.17182205782197374
sells:0.0913239788530181
nichols:0.19724581071725217
with:0.010633225032537224
sell:0.06327404179964669
to:0.0025058166547106014
like:0.021175255700157693
nt:0.012983246394953426
re:0.006798918232330373
he:0.05782302572800855
books:0.06637705296447564
etc:0.04222407249924064
bill:0.11256414093424426
baseball:0.0681322880016147
usa:0.0662658488368859
closely:0.09046483549209909
nyx.cs.du.edu:0.08548066992760678
business:0.06575570424061031
are:0.011689297847295008
mnemosyne.cs.du.edu:0.10857998893842075
not:0.010962000155926634
providing:0.0838543961030263
greg:0.07962306540900768
sherri:0.21155449861039574
stats:0.33778933609128775
writes:0.012022952563955679
of:0.0035352833739225207
but:0.012096058586371096
adobe.com:0.09675112409949077
in:0.006461080068890563
subject:0.00048539921621851447
however:0.04358361643994387
snichols:0.21870760021934318
the:0.0013704600181619145
uh:0.09350218248597485
workshop:0.11282753168717541
is:0.009769913705115051
does:0.022154342078864093
tied:0.09317457329501705
article:0.014733325096665473
very:0.03169531803242631
elias:0.10392665486319894
james:0.12580340973225554
