out:0.01974598490078983
folks:0.04137671341111484
there:0.005127256902665628
ba:0.032115954415077835
von:0.0669603664895081
someone:0.01230982186962581
from:0.00472945393536411
sharks:0.03220984893081181
my:0.005308459560504477
to:0.0023098309945656383
signature:0.02792689003386839
besides:0.022626183207468654
tracking:0.03250138945131779
us:0.011507689308296067
puts:0.027585618011634658
nt:0.007978531304161325
seat:0.027711164692372413
re:0.0020890530881462043
apple.com:0.06144463665550111
this:0.0029328627841978716
game:0.01660340283748876
directory:0.04710032724950164
on:0.005664903075299329
you:0.0031050222871995634
support:0.015301431896835228
imho:0.024188109812044976
a:0.0015603398054149665
member:0.022295519121489155
baseball:0.020934501899937476
stuff:0.01633193604845599
whole:0.03342922318466246
mind:0.016925451413464455
team:0.03579021864463126
giants:0.059826413774177585
are:0.010775051088288695
spending:0.02738244681514932
book:0.01737261737812108
d:0.010177900683670589
it:0.007661573848937921
not:0.0033682123384132117
should:0.018355442929983014
have:0.00285614867680253
probably:0.013336445335358707
date:0.019987704970856553
has:0.005948460747969559
minor:0.07283685213231002
list:0.032532163094095866
copyright:0.028679163135244125
be:0.003231627134846209
stick:0.0236107782394104
writes:0.0036942033017740915
down:0.013208746239961777
were:0.008666498868560331
if:0.003743857093650331
of:0.0032587807636715975
america:0.021998539410427165
mailing:0.02465784789702007
looking:0.01449097958327734
but:0.007433332092183355
san:0.06767539832856778
order:0.01566657464319828
easy:0.01851218750982574
alink:0.0297279990249832
find:0.023647449582942907
who:0.014447518147864227
up:0.007505365197499355
ottawa:0.028936655354240035
called:0.014984661988026447
in:0.003970496131720458
francisco:0.027883073400007907
or:0.0037671031156596944
and:0.002132946449669217
subject:0.00014914501056993463
editor:0.02579527222797671
i:0.00746531257384226
info:0.016454723236829037
league:0.06519313522178628
games:0.01860262732742305
limits:0.027627154204302354
schedule:0.056962774012936125
the:0.004632001737362895
do:0.012038847802902179
thing:0.012647667235334953
jose:0.050948566187520056
see:0.009884836655928358
when:0.007305443814769475
can:0.009659955222767748
specific:0.020475733455142083
home:0.01636515671430921
individual:0.0215736658729975
10:0.016147328256403155
just:0.00656082996349657
current:0.01766617722754647
interested:0.016073051482764916
minors:0.03372311683100957
is:0.0015009643960372287
new:0.009631282485382944
time:0.01764815608830965
type:0.036206843690856944
does:0.006807200080097906
lot:0.013846666973549668
2:0.01088496956477882
their:0.008456333064702313
1:0.010941474256562618
wanted:0.017012066980704482
fans:0.0689329712773317
every:0.013587421938197744
chuq:0.19421029733589018
training:0.025038034842522948
data:0.01639299230841236
check:0.01848777410384184
ranges:0.03466767733404831
s:0.006932248948111936
