been:0.07722317827481259
best:0.25633432420646673
baseball:0.1972250442152004
mattingly:0.3340312021607659
always:0.27967958926302183
has:0.05604076178350268
of:0.010233715029775717
in:0.00935156325760476
subject:0.0014051029943167523
don:0.23466343893326022
will:0.05964764973175181
the:0.007934242210411084
is:0.014140664573192836
history:0.17478987391320425
first:0.19763735046221484
