sent:0.05837591346491448
read:0.035984175585681295
out:0.018701223794927932
there:0.014567920405986466
thanks:0.03164105785581211
correction:0.17181852710087994
kings:0.08282742205137716
angels:0.08162888947188279
to:0.00218761771442989
receive:0.06797490113500802
dodgers:0.09479205383512923
requested:0.08314174946877684
this:0.01666610915464822
them:0.023267605897337156
posted:0.05418064959495072
a:0.0022166732156291983
how:0.020878777733795623
was:0.014054938636529929
coming:0.05518460245697769
course:0.03882780634761935
those:0.02945897863948508
it:0.005442149678412253
should:0.052152766420110463
mlb:0.09446476356206994
be:0.009181924716467798
of:0.0030863585010434706
saturday:0.15819961898918605
who:0.02052464879736267
for:0.0051642676652710155
subject:0.0004237612205082269
i:0.003030138210244364
joseph:0.12965709932202388
the:0.0023928666983779458
scores:0.24710190725540518
joe:0.06316617820512596
last:0.034605754794595205
note:0.09402187615487294
people:0.023893224445605037
is:0.008529289742560758
today:0.04506549628251354
friday:0.15819961898918605
20th:0.09178821257102561
hernandez:0.2930581404003379
update:0.06891813003136993
april:0.1080048845043845
by:0.03144239602594178
s:0.019696389868445026
