believe:0.01841247356212153
go:0.008243356999127658
at:0.003732902595145894
out:0.00499227584356127
say:0.016080889612436807
attitude:0.03725731382080274
all:0.004042660299348692
your:0.01067739171340053
with:0.0024780821050404546
maynard:0.06684067276081095
decision:0.017816719208420706
ca:0.008714188966492885
post:0.01094312628996263
my:0.008052663231612724
to:0.007591775034398644
hardly:0.01850269851944713
player:0.016471453529899163
most:0.01573385986412744
jays:0.022456803475639955
enough:0.010305714097192357
been:0.006217120284836607
make:0.00745796814978688
kinds:0.019321596075351884
like:0.0098698225721074
nt:0.015128782875475392
could:0.006394530319178209
consider:0.02729122100484062
re:0.0015844936558397056
so:0.008659411842245085
this:0.004449003715012025
getting:0.011492379543324941
age:0.017469443330142463
you:0.014130482781577676
tell:0.010211970566196833
performance:0.01606360692201956
moment:0.01783182542098213
ages:0.02358658594705499
roger:0.03740470147090332
m:0.011600124678949763
sure:0.009245949237962727
a:0.0029586951818779553
want:0.008019482914034667
as:0.016951571191038524
running:0.012828222086638566
truth:0.015233294610222898
coming:0.014731482859277945
copy:0.014477169258742976
question:0.009249941031131798
jack:0.018113372452372607
others:0.022850239178545728
team:0.05429194184227962
are:0.005448401538993437
those:0.007864049382574408
reds:0.02480557777947779
it:0.0029055544893217965
not:0.0025547034261693426
ws:0.05304730054292308
have:0.008665264629621234
won:0.018312031714655872
against:0.0109461050515163
able:0.022351400221276855
always:0.011258288550841981
victory:0.022933405100329318
be:0.004902214043537892
which:0.00547412005304033
writes:0.0028019592839727218
certainly:0.013032869818879834
were:0.013146638114172026
of:0.0016478015725910056
expansion:0.03917580150375176
but:0.002818996704450891
never:0.009338725554499409
ok:0.013829869451317508
who:0.027395188013428988
up:0.005692628687933833
pick:0.051102387801330695
rings:0.04844038997860967
in:0.0022586402783197944
morris:0.020829858971880628
or:0.002857251939419853
and:0.005662249791176968
for:0.004135790630238229
subject:0.00011312269869499278
rm:0.021790762867494137
i:0.008088928273109953
draft:0.020922989932553406
group:0.011428457350875615
morons:0.02504777444829113
pretty:0.012195000241184858
the:0.0035132555550337215
do:0.0030437199953665113
would:0.031615242240826305
did:0.006965724760351548
ramsey.cs.laurentian.ca:0.04682722278800612
stone:0.021082906576548516
an:0.007609306258997769
myself:0.028244424254219348
decisions:0.021082906576548516
just:0.004976222726550364
long:0.010086064597917731
here:0.007628817396709306
many:0.02355764018107746
about:0.004173797374245218
head:0.014630761590913912
contribute:0.04537681383719401
is:0.0022768866685649483
involved:0.015257953970618084
unlike:0.019542338074857824
guys:0.03292098058890891
their:0.00641391363805811
protect:0.03499464065264121
stsci.edu:0.05043457715602039
too:0.008273380796036003
fans:0.01742796872689601
wall:0.01901065308410602
little:0.009937875855501967
players:0.01572827929253344
dumb:0.021790762867494137
past:0.01399794257162442
going:0.009228032559532553
high:0.011853067057803056
identify:0.02111562711084475
s:0.005257934583525579
aside:0.01913230607513327
