apologies:0.03757690515757651
out:0.008125359304003172
folks:0.05107883931441073
know:0.008509483625229668
all:0.019739334427164645
50:0.023801264062954696
small:0.02061204069148973
ever:0.01823049694365421
with:0.008066584507442033
mary:0.06468701804170006
into:0.012350371744706113
my:0.0327660090113897
attend:0.08208662212979871
to:0.006653375255610907
might:0.014669552661230661
perhaps:0.039840848795035105
bay:0.03305685789842411
finding:0.030749002342978924
me:0.007473025382100308
greatly:0.02691675275724553
this:0.014482274161970178
child:0.02734734221200961
two:0.012860616776919388
game:0.10248307268656853
went:0.02249973286369713
great:0.01738793578436329
material:0.02912206577106126
them:0.02021874719354815
m:0.018880202925738925
a:0.001926212587374338
how:0.009071468946407753
baltimore:0.036055033694343264
as:0.005518028691151851
baseball:0.025843281655784884
seeking:0.0364774035235896
d:0.025128885825890145
it:0.00472904041020651
have:0.0035258662975700197
being:0.013419337447759642
area:0.022127358928685153
able:0.036378830704974746
absolutely:0.027603163759638855
love:0.022567016828837577
be:0.01595755192103369
g:0.02437932386904484
get:0.009064648105456015
but:0.004588160153451105
treat:0.03328152114280075
year:0.017067315284204496
years:0.015377761537795817
ok:0.06752791428643308
they:0.006433928444880991
who:0.008917606029198954
miles:0.027683826102833282
now:0.011392513088815477
chance:0.024793500193190373
in:0.006126886272223809
star:0.0949826270580911
and:0.003949628425766792
for:0.0067313557843877376
subject:0.0003682338881657696
i:0.007899256851533584
appreciated:0.023343187028801674
away:0.019096438526370142
info:0.040626144267481346
sf:0.03931010811123793
ago:0.01973217741630789
any:0.007057153560612464
the:0.0025991483103070794
thing:0.015613327138792803
got:0.015256233252624648
would:0.012864133049715532
last:0.015035603807306881
locally:0.042272609212529136
here:0.012416557969816524
many:0.012780696741917886
about:0.006793215036702562
interested:0.019841904933896
tickets:0.038682716537405334
dc:0.030876719913787456
goes:0.022227773765452943
request:0.026898627775133323
first:0.012948653995800283
although:0.021791306598308677
very:0.02404472402459927
live:0.02135647085481144
s:0.004278870902455299
