out:0.01996910337424508
way:0.02936225117875497
to:0.004671861559629935
hall:0.07763407141722284
re:0.006337974623358823
avoid:0.06553812700378134
getting:0.045969518173299764
he:0.05390282059390628
on:0.008593369919309998
a:0.004733912291004729
question:0.03699976412452719
judgment:0.09801114223685786
balls:0.08731783932698119
no:0.01908043620648322
base:0.06528196365106866
it:0.005811108978643593
made:0.03941660257488138
try:0.04129474020921004
university:0.03983627290845176
attempt:0.06536692198706093
get:0.022277525004934278
depends:0.0729790870424152
if:0.022716963381810482
of:0.013182412580728045
ryan:0.15067585427129762
in:0.003011520371093059
useless:0.08135042856952181
and:0.003235571309243982
for:0.005514387506984305
subject:0.0004524907947799711
the:0.007665284847346302
because:0.029910547438890066
did:0.02786289904140619
maine.maine.edu:0.10975939953448405
rules:0.06982229322997716
umpire:0.22070833533375692
hit:0.12134583525184438
is:0.004553773337129897
batter:0.2024372675123099
first:0.06364592642003529
dumb:0.08716305146997655
s:0.010515869167051158
