since:0.027038130045995694
at:0.011904932600735555
send:0.0396398259577868
maynard:0.07105585032230353
spot.colorado.edu:0.0729790425139286
to:0.0037248625948400837
rec.sport.hockey:0.08705274352511996
me:0.014643090275737092
re:0.005053250037542845
boulder:0.07449144678695543
complete:0.10008691487283183
this:0.0070943572752894465
he:0.042976573176222575
on:0.013702941222683512
you:0.007510797154171917
roger:0.059645334777926926
m:0.018497496109676652
a:0.005661503212890791
hockey:0.0531392399794663
season:0.05158424903642863
colorado:0.06369191469726973
jack:0.057766971604864
no:0.015212780218682566
not:0.00814743254832385
being:0.026294647701691192
university:0.03176135272430613
cs.cornell.edu:0.07541108818215835
valentine:0.08660963781129577
edward:0.06108230301868412
details:0.0515516470579775
be:0.007817044015371234
writes:0.008935978256994086
if:0.009056086753559586
of:0.00525515096123618
department:0.04686588625260725
least:0.0325359781446822
fact:0.03240901525174107
over:0.02710730746647781
one:0.013287985240211115
in:0.0048021541052565
morris:0.06643036104545715
total:0.09894636475147031
and:0.007739136780218714
subject:0.000360769687729977
i:0.0025797122600729047
back:0.02846428000091267
ted:0.06062856929525704
is:0.007261422348396322
insist:0.07147599339081746
fischer:0.07522208491222944
2:0.02632985881210012
chemical:0.06713382539621461
tedward:0.07910968048590215
engineering:0.052253371530041885
almost:0.040837742300872545
e-mail:0.03715805103584144
going:0.029429941676347063
john:0.07247238917788773
s:0.01676854813124374
newsgroups:0.05792259920029048
