go:0.007844484886266642
typical:0.017978247337628806
at:0.0035522782760259316
fewer:0.022174576534948986
all:0.003847047704218916
happen:0.013635613815190788
bloody:0.023835785362083497
where:0.007449422573523233
swing:0.023605307886922413
with:0.007074524719228395
way:0.006985374272365094
much:0.007045148667580368
someone:0.017769823505346935
lu:0.04816047896462211
drawing:0.03825188689271641
angels:0.020736371115841194
my:0.0038315091182673437
to:0.002778627338892804
bet:0.034787671895238785
hardly:0.01760740665560291
then:0.006435001410386303
might:0.00857695619305825
enough:0.029421151535533017
been:0.005916291883957416
make:0.014194197446368578
that:0.015386898708787278
complaining:0.02267577700542309
kinds:0.018386680136221953
walks:0.04622763337377195
nt:0.0086380469966424
along:0.014088554077182399
happens:0.015064828688624106
me:0.0043693091951796156
re:0.001507824607976494
happened:0.013597987494913028
so:0.008240408043426775
mean:0.010658959906572018
he:0.08335375684581879
leading:0.018206549329562307
on:0.0020443904243519755
you:0.013446749743759399
nelson:0.04282662023683691
them:0.00591072246585581
3:0.009441394938054917
more:0.005126689620244862
a:0.0016893195070722521
as:0.012905067100274491
fine:0.013061115233550646
california:0.016046246882753773
pitchers:0.021243505742006653
starts:0.018034122477392618
far:0.010037814806941135
rbi:0.023531319424550654
team:0.012916228099574587
are:0.005184769206461496
taking:0.01373770175061131
it:0.006912407857660725
should:0.006624242509005966
couple:0.012725773365542413
have:0.008245977631413756
ve:0.007359410076723525
hurt:0.05456106785389915
400:0.05553419727186778
bb:0.02273551525455672
walk:0.018511399090622594
has:0.008586890918439926
throwing:0.020522218594413985
willing:0.014418951024111575
greg:0.017658341118933156
suffered:0.0212852911736016
his:0.007437213877037325
june:0.018532565848228013
be:0.002332505069102707
batting:0.043364453902148783
writes:0.0026663806089417836
september:0.02192089175506766
making:0.01239760964061453
if:0.005404438869059752
of:0.003920173096083441
outs:0.04663433380624689
what:0.007422920185456703
but:0.002682593638106493
lines:0.014246702114090792
please:0.007723449019779253
net:0.013367510019751946
good:0.006532297787739916
over:0.008088470776287732
comment:0.015845150793882108
rest:0.013171898522067776
in:0.001432900821729762
expos:0.02512976810434197
point:0.008877161134113147
seasons:0.0469173283208539
and:0.0038487642589797363
for:0.0026237811525167258
subject:0.00010764901972588023
300:0.016772260625735287
i:0.002309258555387842
license:0.01886417108305451
we:0.005434451232717621
paid:0.016677379587790954
league:0.015684907533198584
will:0.013709338849636505
currently:0.014511828636521357
than:0.005768553557336536
the:0.003647191983817998
do:0.002896443221397164
see:0.007134620005690226
less:0.011084135308855957
start:0.011361137451139163
would:0.007521368113744968
can:0.00348615319531336
agree:0.012163528947437253
claim:0.013166286470967686
bat:0.041620719156425914
come:0.009682232558344389
an:0.0036205570103295835
just:0.00473543775591083
pitches:0.06914475021140251
rockies:0.023915634665697124
is:0.006500144198967675
guys:0.03132802991525203
does:0.0049132613481351825
lot:0.009994166888166898
break:0.01582341350099954
1:0.007897273757760922
eventually:0.017085880388004175
him:0.009663368158723014
woods:0.04983498997089828
cardinals:0.025240247838971466
article:0.0032674712915991976
difference:0.01293207196304188
give:0.009529178513532285
bad:0.011050810672364452
lots:0.01471247988474339
obp:0.024431091808882144
past:0.026641245539543255
s:0.015010555182000443
