screw:0.17853261843080148
go:0.3473986163918084
post:0.09223492158682786
to:0.0049221398574672524
supreme:0.18601326479612132
re:0.013355017956363232
wings:0.1632178872841888
tigers:0.21328212112904077
red:0.12902210553366253
jay:0.18207743836277795
be:0.020659330612052548
but:0.023760115080371794
stadium:0.40944475273912295
subject:0.0009534627461435106
i:0.006817810973049818
tiger:0.22559785278231684
the:0.008075925107025567
hate:0.14378533009135103
instead:0.10956193969945147
gif:0.1672873251180894
blue:0.14273791526654675
