go:0.03242387086323545
mark:0.05006039940486984
uiuc.edu:0.09553710897246202
behind:0.05879570668331163
with:0.009747122946492456
wrote:0.04292624957821435
grace:0.08454026296758947
mail:0.051071925080597595
been:0.024454006453690655
uxa.cso.uiuc.edu:0.0743100889955324
re:0.006232341712969509
ti:0.06314435093752771
best:0.12175880399807171
hat:0.08924106721314823
hard:0.04507055670959182
baseball:0.06245459733481346
mattingly:0.1057765473509092
frank:0.06526957294251037
bag:0.08833009367085048
keith:0.06567445115199444
university:0.039172335026644224
always:0.08856520326662358
cka52397:0.10098184614337953
has:0.017746241231442517
be:0.009641020952291189
writes:0.011021039850292706
of:0.006481352852191288
years:0.03716292371633989
in:0.008883985094724524
thomas:0.06140008356715167
and:0.003181645120756582
subject:0.0004449492815336383
don:0.0743100889955324
actually:0.040738568785018074
will:0.01888842241505474
uiuc:0.10024098343386563
the:0.006281275083242108
is:0.008955754229688797
sean:0.1708200510408646
2:0.03247349253492348
illinois:0.08032033136124594
hernandez:0.10257034914011827
history:0.05535012673918135
first:0.06258516097970138
under:0.04045539045176065
article:0.013505548005276683
construction:0.08713299809466289
