there:0.02353279450197814
name:0.07082647450846798
throw:0.10931719427012333
to:0.0035338440002328996
been:0.03762154839029331
12:0.09111243157979579
re:0.00958821801995309
so:0.026200271727818462
anyone:0.0428952499908049
ball:0.11432321383928062
mean:0.06778005273922719
you:0.014251256138685175
how:0.03372725633920831
steve:0.08223471402139453
worst:0.1105054080459875
should:0.042123388262396914
have:0.013108990080709046
try:0.06247153006008699
virginia.edu:0.12323455897711291
years:0.057173728794369064
pick:0.10307832069328242
yankee:0.306251250851956
in:0.004555889792166422
and:0.004894838647317819
subject:0.0006845373562055973
i:0.004894838647317819
catcher:0.15478045930130033
the:0.009663500128064781
can:0.022168358780454187
pitcher:0.13072226343994314
jonathan:0.1225770607562581
many:0.04751797506610496
does:0.031243302931731415
past:0.08470549863854777
