read:0.0397719835420688
thanks:0.03497169552484496
tb:0.10370657490871416
where:0.032411522776030904
with:0.01026012941736048
response:0.06160699215135687
located:0.08574163763017144
cleveland.freenet.edu:0.0751301538860615
could:0.02647559921624662
me:0.01901032772639552
re:0.006560359697862641
you:0.01950171892662182
tell:0.04228114129162198
hat:0.09393796548752444
a:0.004900014476654018
richard:0.06554521955752243
wondering:0.06313918424311046
was:0.015534405861427817
question:0.0382980014622299
rich:0.07964553499056065
section:0.07210103729163661
giants:0.09393796548752444
l:0.05798176453953268
have:0.0089693090025904
ve:0.03201988945662165
familiar:0.08081856911738743
anybody:0.05332623061250342
if:0.011757024908129987
stadium:0.1005653778657495
please:0.03360377819132026
now:0.028980954348741126
in:0.006234375505069841
and:0.0033491001271121917
for:0.005707874787931122
subject:0.0004683676647722508
i:0.006698200254224383
the:0.009256615912146264
see:0.031041855463353966
level:0.061763774782346466
lower:0.06966636163237924
about:0.017280985619681957
15:0.05862825845580077
is:0.004713554857730945
morning:0.07526562837893712
tickets:0.09840340171796093
e-mail:0.048240276783373094
movie:0.08898975049219944
