behind:0.10079264002853423
wrote:0.07358785641979602
been:0.04192115392061255
re:0.010684014365090587
best:0.20872937828240865
baseball:0.10706502400253737
mattingly:0.18133122403013008
bag:0.15142301772145797
keith:0.11258477340341905
always:0.1518260627427833
has:0.030422127825330027
be:0.016527464489642037
of:0.005555445301878247
in:0.010153125822542313
subject:0.0007627701969148084
don:0.12738872399234127
actually:0.06983754648860242
will:0.03238015271152241
the:0.008614320114160605
is:0.015352721536609366
sean:0.2928343732129107
hernandez:0.17583488424020274
history:0.0948859315528823
first:0.10728884739377377
article:0.023152368009045743
