at:0.007865759039771705
out:0.010519438384646963
mark:0.026818071109751696
there:0.008194455228367387
11:0.034501916407320636
carter:0.04463315460770037
with:0.00522167300704953
c:0.023090157994901425
times:0.025093536977616307
mss:0.052956048188329344
to:0.0012305349643668131
remember:0.04968971493787914
player:0.034707705652287514
day:0.04541612563862271
hall:0.04089651976442989
that:0.0030973627270935427
nt:0.006375701354664629
re:0.003338754489090808
dawson:0.05430268113238813
this:0.009374686399489624
philly:0.053508507150097986
he:0.056790471697151255
two:0.016649905648690278
set:0.02365548735826715
m:0.012221559929607786
a:0.0024937573675828484
same:0.017340119201148325
was:0.007905902983048085
singer:0.050751940349655
also:0.026491020208563684
schmidt:0.05517445318206595
no:0.010051301215915265
month:0.03548038829810052
d:0.01626646627122353
it:0.006122418388213785
have:0.0045647376173897575
only:0.011906573555975773
robert:0.028530464544265208
has:0.009506914945415633
netcom.com:0.0574827709771632
anybody:0.02713924236529192
writes:0.005904128491228235
of:0.003472153313673904
least:0.021496985559879306
alone:0.034278690494772265
one:0.008779561676568057
in:0.007932129548861182
point:0.01965657108267911
and:0.005113358229787364
for:0.002904900561714946
subject:0.00023836568653587764
each:0.02273222676214835
76:0.047609293714323056
twice:0.04027126436835413
i:0.006817810973049818
hr:0.04910084804167276
games:0.029730984746506477
any:0.009136493449007207
the:0.0033649687945939864
do:0.006413552847379434
fame:0.05178615298827217
can:0.007719339218193869
fan:0.03571032129901494
did:0.044033331520793716
joe:0.03553097524038335
thought:0.023969521474926002
just:0.020971224347605105
record:0.034434360689612455
five:0.035455201902193006
field:0.03475408794583309
history:0.029651853610275718
dave:0.03130602385155886
article:0.007235115002826795
ruth:0.05332053028226019
three:0.07817378588765551
april:0.06075274753371629
mike:0.028530464544265208
murray:0.04790860346466809
four:0.06264368126826739
s:0.011079219301000327
