yankees:0.022241112908466698
some:0.009085890078858787
looks:0.01331947655398401
apologies:0.021200977618087914
believe:0.008453976188055799
at:0.0034278794258927278
played:0.031565782265792416
know:0.004801070527853314
all:0.0037123261892851797
nichols:0.021106069240172897
football:0.02160560685359005
with:0.013653557434775424
4:0.009666418304197195
from:0.0032940554647088545
work:0.00787965939295838
wrote:0.010021692508532534
angels:0.020010194695442088
to:0.002681321323133912
remember:0.010827330881405571
line:0.010987563224926026
player:0.0151255370936039
1988:0.035564987112508065
slightly:0.016846971425509925
next:0.020843424309332104
make:0.006848562192022193
that:0.004049470335811013
think:0.011204264805669691
like:0.004531669507815849
talking:0.012683623269892095
nt:0.002778515765456959
re:0.0014550214115882122
scott:0.014871895148527263
so:0.003975916721342102
comments:0.014334649860035409
this:0.0020427332232350933
lowest:0.022057249543289477
he:0.006187288745214924
best:0.009475393307242935
two:0.007255990010324169
3:0.009110762430496574
m:0.01065225456899667
sure:0.016980887316414034
a:0.002173547277581938
same:0.007556783465091877
88:0.01948178402945352
series:0.013958561715049285
below:0.014443089155789464
was:0.020672244375907835
as:0.0031132846701051303
gary:0.01651625853510762
part:0.009530047130012752
baseball:0.014580839844703533
stephenson:0.04697617052724291
third:0.04263951357978077
career:0.018803366180641153
are:0.0075048021198586634
play:0.012458825808484208
base:0.014986909943241443
place:0.01058143041757364
it:0.004002203459999673
not:0.009383813363050037
deleted:0.013670737342405979
have:0.005967905990050423
courtesy:0.0231567319237759
interesting:0.012716048879071644
completely:0.01399608419081506
craig:0.017762590440819126
his:0.03588383349232017
sherri:0.02263715452056764
anybody:0.011827218462695311
be:0.006752466036624179
which:0.00502681841446505
stats:0.01807238665858057
twins:0.07099494498242183
writes:0.002573005412519698
were:0.006036199601059529
listed:0.017664573908412286
if:0.005215178363917582
of:0.003026312615809162
short:0.01347462204521894
even:0.006533694349284146
park:0.017475650852315044
what:0.0035814867820880593
but:0.0077659520107051785
year:0.009629419129220435
least:0.009368336119480476
again:0.009501436335050654
order:0.010911738759270397
factors:0.01936017880181109
they:0.0036300374494464735
who:0.005031334140987736
good:0.018910620832990263
in:0.00414816424656398
1990:0.03323693673418886
compiled:0.020539891871802322
moving:0.016501873858526583
or:0.005247559982125178
world:0.009810313963940376
use:0.006469959251935206
and:0.00519957568372671
for:0.003797846648779074
enjoy:0.017987332986158396
subject:0.00010387920969656924
i:0.007427965262466729
judging:0.02217885477093191
any:0.003981662514742441
cs.uiuc.edu:0.06530667502496117
the:0.005279203961012823
do:0.0027950113576128274
when:0.01017645480812246
hate:0.01566532779205381
fan:0.015562474651710791
reports:0.030772159098740485
may:0.02172403339423927
individual:0.015026016308430167
last:0.01696624554131905
an:0.003493767076115707
note:0.011524082096803492
here:0.007005450994643564
many:0.0072108989399925815
about:0.003832747783353586
company:0.013097774473273736
five:0.015451294214185281
is:0.001045418781675735
87:0.020580636229262615
average:0.030190825361109626
figure:0.01436769507422083
does:0.00474120161220827
ideal:0.02101342080167594
dale:0.03755502385763509
too:0.007597345789356018
nice:0.01229470605741151
infield:0.02506577050917851
defensive:0.03981099287010655
players:0.057772356623157856
opinions:0.011111323562334794
bad:0.010663817302515113
lots:0.014197256853760158
by:0.007707669064725028
mike:0.012433509840302349
steph:0.05066845052409205
appear:0.015364581977650515
s:0.007242446858241459
1991:0.033788655190477086
