yankees:0.23816525072816422
ask:0.12144010768151531
mom:0.24882914131721423
re:0.015580854282423772
telling:0.17891767990107554
you:0.02315829122536341
sam:0.4108704597320817
m:0.05703394633816967
l:0.1377066907813901
alleg.edu:0.25060245858466407
call:0.11070650408327948
up:0.05597751543134936
bob:0.15350020891787916
in:0.007403320912270436
and:0.007954112801891455
subject:0.0011123732038340957
i:0.007954112801891455
home:0.12205679382755619
win:0.14122814181784754
article:0.033763870013191706
three:0.12160366693635302
says:0.106709447684482
s:0.025851511702334094
