since:0.012427463499401747
looks:0.021261524685552112
at:0.01641549712648008
there:0.017101471780940635
perspective:0.03035573506161349
finish:0.030399630510204126
take:0.013203410747426729
with:0.003632468178817064
faces:0.03376634257923466
into:0.01112300560858625
equally:0.029771704318456497
from:0.005258212760435873
to:0.0025680729691133493
player:0.024144490888547837
jays:0.13167218932300692
think:0.026827602997426495
v:0.023892225552186407
toronto:0.02495093351018995
re:0.0023226118184979535
severe:0.03129862955147687
so:0.012693299346396522
derek:0.03423830473437703
this:0.0032607604867789996
describe:0.02902246215827876
he:0.009876603773417609
best:0.015125317266841205
bell:0.027721758068202318
1983:0.031349750664126035
you:0.010356502908237053
great:0.015659942166041472
chemistry:0.03325754057632853
brand:0.02798485914794854
bill:0.019226794258954766
a:0.004336969334926693
how:0.008169956504528722
same:0.012062691618190138
sorry:0.019735507358624997
million:0.02430752334864061
was:0.016499275790709048
steal:0.03347051618799705
baseball:0.023275005217942905
jack:0.026551278874285312
popular:0.02627311985175753
third:0.02268810556936575
team:0.01989580477449998
statistic:0.038879387975558524
are:0.01996619197519334
no:0.013984419083012544
play:0.01988769088683504
it:0.008518147322732221
not:0.0037447826619625146
ws:0.038879387975558524
hundred:0.02857983470472913
due:0.020590947111170696
laugh:0.0630113761249114
only:0.008282833778070103
tom:0.023575951698600963
ring:0.030952099367449446
abstract:0.03474910037560046
publicly:0.032171809368999785
which:0.008024175978369675
of:0.003623116501224944
trying:0.016747380267505566
but:0.004132193927021181
san:0.025080530643506484
anderson:0.030140793886598117
again:0.015166889056571538
well:0.010452595715238166
find:0.013145631911014845
who:0.00803138431201148
jackson:0.03247192475577499
now:0.0205206757500403
comment:0.024407437247719023
in:0.00551800316442517
thomas:0.02288201872067764
clemens:0.03807160457029021
morris:0.03053320942462005
and:0.002371412512365154
still:0.02536284574198195
for:0.002020800390758223
subject:0.00016581960802495836
i:0.005928531280912886
league:0.024160602908281044
will:0.007039163632939654
the:0.004213526142795948
when:0.008122201508346185
can:0.010739950216617557
major:0.02035048430259498
country:0.020936360919379702
eric:0.024770363231792582
put:0.015450057761160119
just:0.007294338903514819
many:0.01151056538868381
about:0.01223622584250772
five:0.02466448827978644
is:0.0016687740800662354
guys:0.02412842055584628
new:0.010708071831574824
their:0.009401761606097602
matter:0.018763372744723866
insert:0.03223068355505285
talent:0.03325754057632853
string:0.03291804733075173
article:0.005033123480227335
bad:0.01702236674997754
going:0.013526805490991816
says:0.01590699841259359
james:0.02148816004743495
diego:0.03223068355505285
