there:0.014119676701186884
know:0.018982694240896953
posting:0.050756747030096014
send:0.04512841724424958
thanks:0.030667486844864048
someone:0.033899355610200306
post:0.07946393244403632
to:0.008481225600558959
stop:0.0511377402243175
everyone:0.0470386578078939
like:0.01791752405397959
could:0.023217063928093192
me:0.016670595083146843
re:0.005752930811971855
articles:0.06479828647230257
so:0.03144032607338216
m:0.021058687878708803
why:0.027380347386984714
sure:0.033569908002449286
a:0.004296935771835062
usa:0.11214220572396078
it:0.015824096757229476
not:0.009275538593476384
ftp:0.11671898299351002
robin:0.17303362145676696
site:0.12017120607503405
if:0.010310006457898604
of:0.002991393624088287
ryan:0.136767313877024
mailing:0.0679039195933322
please:0.029467928567773152
net:0.051002192075361275
rather:0.03959205619865944
subject:0.00041072241372335844
i:0.0029369031883906913
will:0.017435466844665914
than:0.02200925049568402
the:0.0034788600461033215
thought:0.04130132931064173
just:0.03613503272202726
newsgroup:0.05914098216268231
people:0.04631609661763438
many:0.028510785039662978
is:0.004133425029087137
today:0.08735773125533394
too:0.030038736428684563
hundreds:0.072240091164732
