river:0.19503834885168395
thanks:0.07119238017557725
location:0.16395810623122867
md:0.17881494627034125
them:0.0523521132690086
posted:0.12190646158863912
team:0.1144008774533749
not:0.02153250030628446
jody:0.4250914360293147
heard:0.09652311997928123
were:0.055403689195439254
of:0.006944306627347808
but:0.023760115080371794
please:0.0684076913180448
they:0.0333185580181337
find:0.07558738348833537
subject:0.0009534627461435106
i:0.013635621946099637
rock:0.17404596796232258
can:0.030877356872775475
general:0.10530108439598397
tree:0.18465255600211164
e-mail:0.0982034205947238
corporation:0.16961965006122395
somewhere:0.13855432353223524
data:0.10479805797163615
