know:0.09491347120448476
thanks:0.15333743422432025
eugene:0.48367325700243224
anybody:0.2338150111471304
dartmouth.edu:0.459376876277934
ticket:0.3895366853391926
for:0.050053671217242156
subject:0.002053612068616792
info:0.22656888149172288
the:0.005798100076838869
does:0.09372990879519426
s:0.04772586775815526
