manager:0.030206910307027678
at:0.006776653941957162
out:0.009062900762157385
there:0.007059838350593442
know:0.009491347120448477
story:0.027654288677020033
true:0.019871390708906513
incidentally:0.046099636929315194
with:0.0044986721291503644
previous:0.026716918613021588
my:0.007309340471771549
to:0.00318045960020961
that:0.0053369942374534894
complaining:0.04325840536419174
re:0.0028764654059859275
had:0.011803142197554886
this:0.00807665289802183
two:0.014344534097333165
on:0.007800135772912153
you:0.012826130524816659
theodore:0.041818316578898306
came:0.023220974865214978
a:0.004296935771835062
other:0.010610061444860854
j:0.023493297380991252
question:0.016792200641131575
buffalo:0.039420011778661064
balls:0.03962886554070685
are:0.009890944332326547
d:0.014014186325977196
it:0.002637349459538246
reminds:0.04303542431132057
walk:0.07062810729960621
love:0.025170903386011145
his:0.01418791570388659
pitch:0.07678569444002178
intentionally:0.04360548563557997
writes:0.005086633777058172
down:0.018187427515024293
dept:0.03156390377186
if:0.005155003228949302
of:0.0044870904361324305
what:0.014160647738409712
but:0.005117563248080079
ok:0.025106532234699476
who:0.009946560571029602
one:0.007563930059812481
bob:0.028338500107916154
in:0.004100300812949781
useless:0.036920579120013744
or:0.005187011213100657
and:0.01027916115936742
for:0.005005367121724215
subject:0.00020536120686167922
i:0.0029369031883906913
back:0.03240548800103904
don:0.03429696415178419
favorite:0.037172808526344435
the:0.005798100076838869
do:0.005525522453126898
when:0.010059034175721047
did:0.012645469564945888
pitcher:0.03921667903198295
sp:0.03630104940859827
people:0.011579024154408596
ted:0.034511647137300164
pitches:0.043968969365199555
hit:0.0275361703071493
is:0.004133425029087137
involved:0.027699054900506677
ubvmsb.cc.buffalo.edu:0.044350484297040874
right:0.01492210456761769
economics:0.045779077726233894
man:0.02229268722150153
batter:0.1378130628833802
ordered:0.0360311161792808
first:0.014442729456854164
him:0.036869466205589355
wall:0.13804658854920066
article:0.006233329848589239
dumb:0.03955861566714321
saved:0.03564318653599702
three:0.04489981548419189
comes:0.023262894901888553
stands:0.036773118226877434
by:0.007618734421670509
