prism.gatech.edu:0.061365020650704906
taken:0.042790666230631956
read:0.029441598206466517
out:0.01530100128675922
technology:0.04373594397164861
story:0.046689058805358494
case:0.032098845549438385
hand:0.04100310981107368
braves:0.062417503897498755
with:0.015190321475053179
to:0.0035797380781580025
that:0.004505254875772426
think:0.01869802633153968
memory:0.04391730163853656
re:0.004856370165950267
started:0.042587595792063705
he:0.041302161234291826
game:0.03859752088195439
gatech:0.07627024011647937
a:0.0036272834437568705
was:0.022998990496139887
russell:0.1357916853423318
far:0.032329585352226
giants:0.0695384939323233
no:0.014620074495876751
brian:0.09704097440983842
early:0.04549014414017248
it:0.00890533583740187
uucp:0.05498218970566329
hurt:0.05857638453578784
atlanta:0.062166942820425
his:0.023953623915652686
writes:0.008587823259968343
of:0.005050404819889316
georgia:0.12483500779499751
saturday:0.06471802595012158
institute:0.0505514006484845
seen:0.0336683752028877
what:0.011953793545410795
but:0.008640041847407926
in:0.004615057192064688
and:0.0024792039901999343
subject:0.0003467137258703675
i:0.0024792039901999343
house:0.08929537518156341
hunter:0.07509944664902096
the:0.002936700038918388
btw:0.04872455221354981
paul:0.08506551924958591
is:0.006978509789367894
study:0.04812173179785453
their:0.019658228812749534
too:0.025357374907331125
dog:0.12923547927442727
although:0.04103557736045141
article:0.010523803640475338
process:0.046968360171864516
s:0.024172842111273442
