prism.gatech.edu:0.06258419324641427
manager:0.052011898541901955
knows:0.023138817292326058
inning:0.037854079585933384
damn:0.028488985810348387
with:0.015492115941444963
into:0.011859628496572095
nights:0.0373404488949011
to:0.0018254293511136832
obviously:0.024383397886264615
near:0.023872687268089568
puts:0.032700831947566913
been:0.009716823756433372
that:0.0045947632507877725
memory:0.02239491540508156
r:0.020531256733305497
could:0.00999410036639773
me:0.007176083976189037
anything:0.015372457949135124
rat:0.03968842914444354
re:0.002476427170716361
michael:0.019898643719693306
so:0.00676695759857563
anyone:0.02215781125352836
bil:0.037050365301136916
had:0.010161645600543941
this:0.003476704889876947
he:0.05265341746755746
two:0.02469919778348757
game:0.01968217952258601
bases:0.03305344462649944
you:0.003680788009329284
m:0.009064998093483921
sure:0.014450622650060951
a:0.004624185847173494
runner:0.03941245102258547
was:0.011727962041077955
as:0.010597538545920774
running:0.020049406704945046
250:0.030265568503028386
worst:0.028541131879427237
no:0.014910539552086223
brian:0.024742235197210454
reason:0.017696767708665746
it:0.002270565759867364
not:0.011978344541244336
being:0.012886118741226147
hurt:0.02987007688248784
uses:0.02261586178699627
his:0.024429523728546447
list:0.019282308588884634
aaron:0.03348085205125157
thinking:0.023069712144693083
credit:0.032003080188243556
writes:0.008758442265133276
hitter:0.10487587174277875
were:0.010273531771339729
if:0.004438082250088803
of:0.001287685997124097
outs:0.038295744317712675
mailing:0.029230164063354915
available:0.01788783991929954
what:0.01219128613240571
but:0.01321754746192868
well:0.011144820597042018
who:0.00856326406777383
good:0.010728542061983438
in:0.003530060302539546
better:0.014809376631135119
and:0.0037926895479217537
for:0.002154628231205788
subject:0.00017680103901998871
andre:0.03608378309833506
300:0.027546494272730804
ninth:0.038768982489779856
i:0.0012642298493072512
power:0.035786162651265455
mention:0.024997846452165053
pretty:0.01905973547628892
later:0.021161669065945056
than:0.009474180676950075
the:0.004991741788006974
do:0.00475707231063905
serves:0.03417860381057492
problem:0.014010366172487312
pinch:0.12226929036570391
e:0.02060191851691276
hit:0.047413273376548465
is:0.005337866759417164
white:0.022509729442520478
run:0.017727380320446323
tied:0.03393775848493999
exception:0.03295076789447318
loaded:0.030906958079120552
him:0.01587096227392919
wall:0.02971201409171537
cardinals:0.041454181881224655
article:0.00536644291600398
players:0.02458194644395955
felix:0.037541146573678116
give:0.01565057133348349
before:0.014080756736573804
s:0.004108849542092836
