408:0.044272180033761765
vax.clarku.edu:0.054133638830746865
grass:0.02692904705057095
at:0.007403067331549841
out:0.0049503239457162175
there:0.0038562142251140647
all:0.004008688364060047
nick:0.020905739294392645
true:0.021708241950906274
watch:0.04845584672992878
braves:0.020193898319779007
your:0.005293832866307826
with:0.012286289428351835
way:0.007278877393052703
much:0.014682326634957405
longer:0.02852278158297626
themselves:0.013598530320684107
suggests:0.02071615763355034
to:0.0034744516640945315
software:0.011831033144879228
been:0.006164875576560669
that:0.004372747379426179
hour:0.019561826036471757
really:0.008199141778113133
nt:0.006000660098507886
grab:0.02249774803692812
attention:0.01783478337614562
re:0.0031423571662031135
michael:0.025249539509862935
managers:0.02356720125178056
excessive:0.024520030324741857
so:0.004293321837751765
espn:0.021003837462447234
voice:0.01523737101443768
this:0.006617425693757383
big:0.023325887007290397
game:0.062437166132573274
you:0.007005869614395654
am:0.0068669594819385105
includes:0.015830900720303985
more:0.016026290241437723
a:0.0029338321971562925
other:0.005795411713579457
want:0.007952092301311687
was:0.003720424933199099
as:0.010085472607777543
bring:0.015938516585248214
baseball:0.09446913882576827
pitchers:0.022136090016880883
mind:0.012729646231135028
are:0.005402616652111138
no:0.009460048203214368
taking:0.014314916109880694
it:0.005762276130083562
have:0.006444335459844364
only:0.005603093438106246
interesting:0.013731195638325262
between:0.02927982158882024
plays:0.062429637911335455
crowd:0.02249774803692812
netcom.com:0.013525357876979576
shouting:0.026795649158492883
be:0.002430509483770888
writes:0.005556826815273633
if:0.005631516132465624
of:0.004084886251381065
trying:0.011329110180959646
seen:0.010892709624463667
looking:0.010898677921876656
what:0.007734807588206985
never:0.00926024886916748
ticket:0.021277213905081947
well:0.007070873572072877
they:0.003919830355074553
up:0.01693437441620653
policy:0.032241573469910086
pitching:0.020970882935300063
box:0.013313189120615996
in:0.0022396601079137457
become:0.013916902415105662
yes:0.011205234750016339
speed:0.014111198180192356
better:0.00939586500546808
watching:0.017897496192182075
and:0.008020954085940965
for:0.0013670120290423277
subject:0.00011217208778158947
half:0.015889258334424436
however:0.010071844135281147
space:0.012846692258458418
i:0.005614667860158675
person:0.011786531256612817
back:0.008850238319611502
games:0.06995525822707407
grow:0.022050338455405223
tired:0.02074716648774203
than:0.006010929757224627
the:0.004433841235229724
do:0.006036285032827703
when:0.005494430432116537
can:0.007265260440653053
because:0.007414799575187033
agree:0.012674601592287558
last:0.009160346857392847
developers:0.02444432231842808
problem:0.008888929798510858
batters:0.025180473952987288
long:0.010001307752557078
people:0.006324677059130745
about:0.008277446893461105
pitches:0.024016663938974545
hold:0.014578910138420251
is:0.002257753167148436
deal:0.013850062990590373
length:0.038846593087753845
bucks:0.022593244890195166
their:0.006360015204124848
unless:0.012933031200590299
filled:0.020970882935300063
first:0.015777771675554966
update:0.01824303442006851
article:0.003404760001330256
golf:0.024225054447963502
three:0.012262554649044003
understand:0.012588896062754845
by:0.004161493591668765
data:0.012329183290780723
while:0.009119086159153455
trips:0.024225054447963502
include:0.014124047366573956
s:0.007820625388941408
