since:0.012825779637203084
believe:0.013927383848271413
go:0.012470719562782865
at:0.0056472116182976345
out:0.015104834603595638
there:0.005883198625494535
all:0.006115819427219815
saw:0.02177808066112471
nichols:0.03477089612002843
braves:0.061617279488556456
with:0.0037488934409586365
from:0.005426745220706254
to:0.0035338440002328996
then:0.010230002242152585
calls:0.051388329044338814
been:0.009405387097573327
that:0.004447495197877908
think:0.009229154022618943
control:0.019548937627827074
really:0.012508947071736705
catchers:0.041969638054594256
nt:0.013732279840816125
could:0.009673776636705496
re:0.0023970545049882726
so:0.006550067931954616
this:0.0033652720408424296
telling:0.027525796907857773
he:0.010193161586668175
sunday:0.028639884582287615
on:0.00325005657204673
went:0.020913213238692843
posted:0.021880646951807022
onto:0.02791129920746376
how:0.008431814084802078
was:0.0056760329109063175
coming:0.022286089453779453
part:0.015700141746238957
baseball:0.024020998974928254
whole:0.01917894535273904
pitchers:0.03377172707703622
far:0.01595755174436796
team:0.020533490824964726
worst:0.027626352011496876
no:0.01443263764336551
should:0.021061694131198457
have:0.006554495040354523
only:0.008548309219674914
ve:0.011699574993765604
against:0.016559492257422093
after:0.012366754408108662
attack:0.025312163899078092
degree:0.028406758658115337
his:0.023646526173144316
pitch:0.03199403935000907
sherri:0.03729326097298643
be:0.003708084981650457
writes:0.00847772296176362
were:0.019888503813747425
of:0.0012464140100367862
key:0.020550271610490868
what:0.005900269891004046
plate:0.033142766461917474
but:0.0042646360400667325
they:0.011960508006509534
who:0.016577600951716003
adobe.com:0.06822194648041016
news.duke.edu:0.03717980214542617
now:0.010589194858193873
over:0.01285859456743178
in:0.002277944896083211
point:0.014112410008077312
use:0.010658843126585564
and:0.0024474193236589093
for:0.0062567089021552695
subject:0.00017113433905139932
however:0.015366018616646878
gant:0.04030610475020269
i:0.006118548309147273
person:0.017982015635088788
away:0.017749894784126093
snichols:0.03855422439764063
cox:0.08216811792353701
the:0.0067644500896453475
do:0.013813806132817245
when:0.008382528479767538
agree:0.01933689217284897
did:0.010537891304121572
eric:0.02556428513024747
maybe:0.016973801809886693
pitcher:0.032680565859985786
bat:0.03308313573972316
batters:0.07683272821552531
people:0.009649186795340495
about:0.006314206284114561
umpire:0.08347302426084395
is:0.001722260428786307
having:0.016774944823207443
field:0.02495165288418786
time:0.010125063909639189
tonight:0.031150601159055748
1:0.012554640332850696
stsci.edu:0.03814923143852825
update:0.027832321743437857
article:0.010388883080982065
players:0.023794063545114694
bad:0.017567955427861433
before:0.013629450430914387
going:0.013960356949036426
incident:0.061617279488556456
blame:0.028699515304481928
