read:0.020423451008089386
at:0.015873243467647406
out:0.021228416199647927
louis:0.04246127646484648
all:0.008595205681498118
with:0.005268715106212138
such:0.017324479310520707
from:0.0076267770669385185
to:0.0037248625948400837
remember:0.025068685013704795
recall:0.07046585973104545
then:0.01437730044843066
honest:0.04225052980201129
that:0.0031252668958060975
quite:0.023929724163147762
really:0.01758014183054888
re:0.0033688333583618965
harry:0.1880406338463698
this:0.004729571516859631
he:0.05730209756829677
am:0.014723750961273563
sure:0.0196580542356685
a:0.0012581118250868423
was:0.047862764005480306
as:0.014416471355261593
old:0.07156521844168444
oasys.dt.navy.mil:0.1061595798908037
popular:0.03810785852372038
it:0.0030887876553150626
not:0.0162948650966477
being:0.017529765134460792
grew:0.050401848292537604
liked:0.045774112321831324
call:0.02393654142341178
kid:0.04562141359828382
writes:0.005957318837996057
certainly:0.02770952502032109
of:0.0035034339741574533
reasons:0.032761481763928874
what:0.008292271198167849
but:0.011987085085592977
least:0.021690652096454793
who:0.011649124993097733
up:0.012103246579751212
in:0.0016007180350854997
st:0.03456529047675045
point:0.019833657308649194
and:0.005159424520145809
subject:0.000240513125153318
i:0.010318849040291619
games:0.029998831455934467
fired:0.08546367521976278
the:0.003395283828779518
when:0.023561701672860105
can:0.007788882814754174
listening:0.04448491553227571
because:0.015898399089139766
an:0.008089172419475106
is:0.002420474116132107
cards:0.03545060778695587
critical:0.044029489593871825
time:0.014229819548682104
man:0.0522171052035171
too:0.01759025106184231
him:0.064770683874684
cardinals:0.056392625802386694
article:0.007300296219068477
kicked:0.051641680525655154
understand:0.026992407774195076
by:0.008922842115469965
bernard:0.05241215055662958
