go:0.009443845882495762
correct:0.01588455068049247
there:0.004455237794063822
all:0.009262794472294089
jhunix.hcf.jhu.edu:0.059995521906712486
ever:0.012832145906941069
where:0.01793647376925982
your:0.006116175835831371
wonder:0.017914406348625865
with:0.0028389678484929477
c:0.025107744615815143
hell:0.01656981031301891
cup:0.02125858542473506
from:0.00410957405063192
parents:0.022260218594627432
kings:0.025330716452605637
wrote:0.012502791139285733
post:0.025073570916807574
except:0.015652239898076764
liu:0.06024771109509366
name:0.0268177913187403
my:0.004612690588982045
to:0.001338057436981389
bet:0.020940152014609754
besides:0.019660615505518876
us:0.009999399932936873
been:0.007122526151560384
that:0.00505200910826908
choices:0.024920243695187853
through:0.011502249000120517
anything:0.0112681609238806
brought:0.018807732245318773
re:0.0036304903182346653
so:0.004960245618373398
error:0.01827892310277669
this:0.0025484584386962087
joke:0.023828283831991946
these:0.00804192219950943
game:0.014427228679177123
you:0.008094160039932843
lord:0.020677689775433657
used:0.009584774312314881
them:0.007115821221030295
holes:0.02326817667607522
names:0.0198878505435965
came:0.014654013264456051
why:0.025918290002242814
a:0.0027116584967891164
how:0.019155771804307636
baltimore:0.152271258806207
series:0.017414322139648865
was:0.008596710039819277
as:0.003884049321441837
steve:0.031137415988683362
stanley:0.024006119429952042
let:0.01118998904248944
washington:0.01863695793890531
sig:0.022908429238435796
ie:0.04061765229865448
team:0.031099267657228126
are:0.0062418580737983054
internet:0.013866669626769931
play:0.015543292392138065
care:0.015369014278028625
place:0.01320110493842925
it:0.0016643467463105435
not:0.011706990457785725
founded:0.026632968814715732
being:0.00944565014526771
after:0.00936511498866481
has:0.010337616251325737
spelling:0.026215772553547165
call:0.012897845135916054
his:0.008953539036433283
be:0.0028080643550362685
greatest:0.0241907184376668
of:0.0018877726753955208
what:0.004468165548527335
but:0.009688590615297237
dr:0.019023517500516993
never:0.01069873413039738
san:0.03920354789907324
anderson:0.023556639882244157
they:0.004528736041299726
up:0.006521652283264003
now:0.008019001931447787
called:0.013020652892508415
over:0.00973757646854057
in:0.0008625228247305363
francisco:0.02422849581845347
or:0.003273356590791676
world:0.01223908101326542
female:0.026158995661492837
priest:0.02790658174902394
still:0.009911209137036636
capitals:0.027747407851824956
for:0.0015793634121945338
subject:0.00012959687811659365
i:0.0037067710144736876
group:0.013092795800032257
we:0.006542446144242572
rangers:0.02265510033954953
the:0.0051225932717702625
do:0.003486980188866488
when:0.0063479341885618245
rock:0.023656733509441905
start:0.013677485863507342
would:0.004527425466526097
fan:0.019415320317911034
thinks:0.02198977875475362
did:0.007980150696325074
named:0.02262775170984926
needs:0.01625896389645314
come:0.011656279973152467
sport:0.024343624588440443
an:0.004358728827969596
thought:0.013031972840736468
just:0.011401830713261028
here:0.008739810221472796
address:0.015499132786085487
about:0.009563263886620111
head:0.016761455026483896
changed:0.018346190261327302
is:0.005216944211469202
somebody:0.01842586516249881
shawn:0.03012385554754683
man:0.0140682006737631
orioles:0.14598201470951305
changing:0.02078844063837624
existed:0.02458241218159953
answer:0.014739179816159497
maryland:0.028155578323720787
by:0.004807939198141583
champions:0.055036049831314514
father:0.04203564714908787
god:0.012879505979491382
s:0.012047306424388704
diego:0.02519000025419179
