former:0.19954489613732795
to:0.006890995800454155
add:0.17181102082258592
think:0.07198740137642777
re:0.018697025138908526
you:0.027789949470436094
a:0.006982520629231975
baseball:0.18736379200444042
no:0.056287286809125495
relation:0.2804496948961887
list:0.145581429846079
subject:0.001334847844600915
i:0.009544935362269746
the:0.0037687650499452652
can:0.04322829962188567
first:0.09387774146955206
players:0.18559369565189462
jewish:0.19122535940123994
mike:0.15977060144788519
s:0.031021814042800917
