at:0.005757941257872099
out:0.015401007831117123
louis:0.030805239788221958
duties:0.03945384256699813
hung:0.03577550686309812
stephen:0.026612152152882467
know:0.008064543304956222
all:0.006235737455204518
true:0.016884188184038213
case:0.016154320962789254
with:0.007644802310974475
o:0.02288221558039138
to:0.004503918823826245
recall:0.025561145196555703
jays:0.06927850483988274
been:0.009589806452427707
that:0.0022673504930357962
quite:0.017360780275224846
like:0.007612020022932505
nt:0.009334360153234491
re:0.002444055573713533
harry:0.13642163631991533
had:0.01002881363190938
this:0.006862515534266915
93:0.023928205854930728
he:0.010393027500132256
am:0.01068193697190435
beat:0.028404785472077327
more:0.008309928273338077
sure:0.028523451243911157
a:0.003650991178683386
was:0.023149310695461063
as:0.005229504315143911
old:0.051919864359653414
said:0.01432356097165642
quotes:0.03176139726021371
wife:0.0528232944724702
oasys.dt.navy.mil:0.07701773443058307
popular:0.027646877752503025
it:0.008963540646796653
not:0.01970294145673088
couple:0.041254794701366254
have:0.0033415072754748552
being:0.012717672744608811
whether:0.018676199901188396
left:0.019113759369284715
his:0.024110183549088324
be:0.0037807925303102704
judgement:0.03282888128703265
writes:0.004321976411879492
certainly:0.020102988740232947
of:0.005083414001718658
totally:0.026924936605023875
reasons:0.023768133828732715
but:0.017393025418311378
again:0.015959929007241948
who:0.00845132597538463
in:0.003483915723421382
context:0.027142097700633805
st:0.02507677936548562
or:0.00440726442943193
weeks:0.023794541734203336
and:0.0012477039689241499
subject:0.00017448991432691697
i:0.0049908158756965994
fired:0.03100152924638454
source:0.020387372298691663
than:0.009350335177904975
the:0.0024632451306831797
do:0.014084665076597974
relations:0.03149816916127292
can:0.0056507581205079305
because:0.011534132672513164
claim:0.04268286333071877
maybe:0.017306621453217805
individual:0.025239779027885965
an:0.011737230569434468
jim:0.02213288069901222
people:0.009838386536425605
different:0.016517757503341488
is:0.0017560302411154503
horse:0.03545267839689173
new:0.011267971012310765
time:0.010323594574534077
man:0.0378829978927477
blue:0.026121971421328816
dead:0.022426680619680627
dave:0.04583365583496199
him:0.03132699742958572
almost:0.01975158777950698
article:0.005296293335402621
kicked:0.03746553293037727
understand:0.01958272720872976
by:0.01294686895185838
bernard:0.03802450138422146
s:0.012165417271686633
