at:0.0035957755610384946
out:0.01923554447478302
mark:0.012259689650172207
dan:0.016219606079131667
there:0.003746036675825092
know:0.005036225002686946
take:0.008676527062594709
4:0.010139875527259916
though:0.010145078373921142
1992:0.01610590422401752
times:0.022942662379534913
throw:0.03480302511456988
single:0.0265422585347949
to:0.0028126513471241443
look:0.009678238058269024
then:0.013027594692047374
walter:0.02289385264458683
potential:0.017494989146210185
been:0.005988736274373222
that:0.004247811740014001
justice:0.017574555655112234
walks:0.04679368602732834
like:0.009507257661295293
through:0.009671278751121743
talking:0.013304861960662322
nt:0.00874381900068292
happens:0.015249295978688893
re:0.004578863299324537
afraid:0.036858973336583285
had:0.00626289177829443
this:0.002142785462740486
he:0.05192271698025258
you:0.009074269214836277
great:0.020581638275368793
them:0.005983098659315269
3:0.009557003855663755
why:0.007264173796546966
more:0.005189465411513167
a:0.006270018524208304
let:0.009408725480623775
watson.ibm.com:0.023819458029749236
walked:0.02213983589683443
pitchers:0.021503630302112862
career:0.01972434738132562
are:0.005248256176336535
base:0.01572096267515531
d:0.014872197733690086
it:0.0013994099173060082
not:0.0024608571778610812
ab:0.042677386821875704
sex:0.01765570410635235
ken:0.01684111306577474
have:0.002086737196521032
made:0.009492161436400007
ve:0.0074495253021527935
aix:0.023602683232549448
strike:0.043007260604225724
against:0.010544003233297334
bb:0.023013909318898233
walk:0.018738069283568994
has:0.004346018260761433
be:0.0023610663556631484
batting:0.021947723607618163
writes:0.002699030167418622
get:0.010729583471764266
if:0.0027353078357690176
end:0.01103768735745106
of:0.005555445301878247
outs:0.023602683232549448
even:0.006853712031698065
what:0.011270719628530178
but:0.0027154417234710624
never:0.035982681320193645
double:0.03606653375542555
yep:0.0231376046229608
75:0.019048778244682464
they:0.0038078352020724233
who:0.01055553366721509
up:0.005483511715724019
pitching:0.02037171485143435
now:0.013485015492883628
over:0.008187513275589217
in:0.0029008930921549467
1990:0.017432434164666402
point:0.008985861066367595
5:0.010607644436398707
yes:0.01088508518573016
or:0.002752291664094226
and:0.0023375351907599378
for:0.0026559090849965225
subject:0.00010896717098782979
300:0.03395527049128451
i:0.0038958919845998963
example:0.02294987056128902
20:0.012836050401655592
than:0.005839188907018209
the:0.001845925738748701
do:0.0058638197461754835
when:0.010674893410969274
would:0.007613466498811234
can:0.0035288407854600547
home:0.011956583885148362
because:0.014405896317506238
did:0.0067098409936447575
development:0.01586637972676001
an:0.003664890361476477
snow:0.022290097011621025
sgi.com:0.025328629562427134
10:0.023594871493029915
just:0.004793422708024024
finally:0.014842957044065738
many:0.0075640858268493615
jones:0.04049223248926255
about:0.004020474205395395
15:0.01364004380400263
hit:0.0876661748554141
eye:0.018738069283568994
draw:0.017235508313485238
trade:0.017220746515647735
is:0.0010966229669006691
guys:0.031711638444826544
right:0.007917851403225713
average:0.01583477983225546
time:0.025787917875979
90:0.016456977181813603
periodically:0.02397064689375066
does:0.0049734237319898995
2:0.015905384098738033
their:0.006178300484006996
run:0.01092585480974447
1993:0.012365942053102602
1:0.007993975069080443
him:0.02934508534730581
give:0.009645862332065333
comes:0.012343576886716376
obp:0.04946049607022671
homer:0.05065725912485427
by:0.004042593774763944
mike:0.026084996154756766
high:0.011417648267924577
alex:0.02289385264458683
s:0.015194357898514733
