go:0.012083430135367248
at:0.01094366475098672
there:0.011400981187293756
majors:0.03709254280505057
all:0.011851774293742746
happen:0.021003926870604442
inning:0.0355028945184841
true:0.01604522231153942
among:0.021394443900533074
monday:0.03140129602322352
way:0.01076007962451269
active:0.0277504471728998
wonderful:0.029851849690108095
from:0.005258212760435873
to:0.0051361459382266985
day:0.0315938265312158
uxa.cso.uiuc.edu:0.027693200867900274
pitched:0.03581095005351126
me:0.006730364474562389
re:0.0023226118184979535
started:0.02036798059620438
so:0.006346649673198261
this:0.006521520973557999
big:0.017240873005388554
game:0.05537905170019542
on:0.006298246276264471
great:0.015659942166041472
them:0.00910471535113193
came:0.018749855481229483
beat:0.026993367560421307
a:0.0026021816009560157
as:0.009939306338099608
red:0.04487725409866523
watson.ibm.com:0.0362470013496184
others:0.016747380267505566
mind:0.01881773790689526
team:0.01989580477449998
are:0.007986476790077334
play:0.01988769088683504
it:0.006388610492049167
not:0.0037447826619625146
deadly:0.0362470013496184
businesses:0.03613508516637194
opportunity:0.02857983470472913
closed:0.025627780752265905
aix:0.03591712665822741
cka52397:0.03763298614038988
his:0.01145608100313824
which:0.008024175978369675
boston:0.02589923686552509
6th:0.03696447269820128
writes:0.008214439639969718
things:0.02776057053590372
if:0.004162424967474591
but:0.004132193927021181
dr:0.02434064972115839
never:0.01368906354572584
well:0.010452595715238166
they:0.0057945318292406435
who:0.00803138431201148
up:0.008344474350014812
now:0.01026033787502015
good:0.010062172989810552
called:0.016659965812774742
in:0.006621603797310204
yes:0.016564260065241546
and:0.004742825024730308
subject:0.00016581960802495836
6:0.018250618835771393
we:0.008371080159714099
league:0.024160602908281044
games:0.020682424171482767
cdt:0.03140129602322352
uiuc:0.03735688823622321
the:0.004213526142795948
do:0.004461601980785693
sox:0.19711391966163327
would:0.005792854944747677
major:0.02035048430259498
hits:0.030762430275150802
last:0.013541382310928557
development:0.024144490888547837
an:0.005577007071812029
jim:0.021033110229496083
10:0.01795261961426189
here:0.011182614320642211
people:0.009349522609149797
jones:0.061618614657573435
pitches:0.0355028945184841
hold:0.021551432378534286
is:0.0033375481601324707
win:0.04210528451712225
morning:0.026646837376393884
white:0.021111609601370138
right:0.012048904309256519
their:0.009401761606097602
run:0.016626300797437234
runs:0.023303046710828165
told:0.019256023395833103
massachusetts:0.03483847141567561
first:0.03498549371536101
nothing:0.01586867081677583
almost:0.018770142424003527
three:0.018127254698586785
mike:0.039694559365934204
wish:0.02320545040235266
while:0.013480388235270325
john:0.016655145339017675
god:0.016479367899224998
s:0.011560924488000342
