another:0.012117515466604256
go:0.010630777332208345
at:0.009628032922999246
11:0.04223185396305914
i.e:0.018877262278554116
54:0.029910669672426293
with:0.003195778015243428
way:0.009466518139598597
3b:0.03376797134640102
compared:0.0450577991903128
4:0.01357524319223322
into:0.009785813677499379
1992:0.021562549370952415
hayes:0.12167069472142028
to:0.005271800065921211
russ:0.03073001473958976
job:0.018969882815787847
besides:0.02213162182588464
look:0.01295720395779186
1988:0.024973228655504297
golden:0.02925936629939286
like:0.0063641478880255365
nt:0.003902068588647205
huh:0.027316466207991486
12:0.01941740345143189
re:0.0020433907255637735
wade:0.09424189902129397
he:0.008689252500110574
1989:0.025853074394341473
sam:0.053884650456666454
28:0.02416702406146856
posted:0.01865235477858959
more:0.02779057979936013
a:0.003815585043296161
j:0.0333784552953974
40:0.02089894638264917
baseball:0.020476917158955235
wise:0.026745030120999262
stephenson:0.06597199904645588
let:0.012596381107938934
da:0.032520656308253584
solution:0.02125604955318715
prevented:0.058642225005932525
third:0.03992114750456706
career:0.02640691316079113
boggs:0.13872334078807766
18:0.021129778651492345
fanatic:0.03159922072117276
it:0.005620580815409376
not:0.0032945902107976224
have:0.005587438395056315
term:0.021298796688057148
shame:0.028732966796997054
32:0.02340119547270768
develop:0.02462055914109134
plays:0.05412842922731453
his:0.0100788472213402
sherri:0.031790976567135976
boston:0.02278566740628164
47:0.029078206696568267
considered:0.018813349492962907
550:0.033108802014222796
14:0.020403567321074685
writes:0.0036134556886205592
down:0.012920030475153868
if:0.003662024151712619
outs:0.03159922072117276
converted:0.02771811900576704
what:0.0050297382677411545
but:0.003635427443991313
year:0.013523282602238534
years:0.012184565152898326
double:0.048285796557810165
good:0.017705025697918025
yankee:0.03263333000881498
in:0.002912781998270336
1990:0.023338504755974144
according:0.018795225161673323
rather:0.014062752201709635
thoughts:0.023464613757518103
and:0.004172649338697157
for:0.0035557252777275845
subject:0.0001458850103388978
al:0.02081974962143296
i:0.0020863246693485784
6:0.016056555369175926
any:0.005591733695567253
information:0.02665378452987721
actually:0.013356907798366582
turned:0.042916921747689595
cs.uiuc.edu:0.030571612898752317
the:0.0012356606721132017
see:0.009668774652520088
when:0.007145761982752655
start:0.015396514141434494
would:0.005096446153575826
hits:0.027064214613657264
put:0.013592673768015187
last:0.023826913137262273
an:0.004906547205255392
just:0.00641742384407588
long:0.013007165273817404
here:0.009838256314881945
about:0.005382602078261593
five:0.02169935854123288
is:0.0058726257243860965
done:0.01447357131923879
average:0.042399137255765974
does:0.006658408821516531
lot:0.013544007586149676
dale:0.052741208368372774
2:0.031941140198285395
their:0.008271495183506634
superior:0.027535952774796594
defensive:0.05590942714545019
charlie:0.02998028183514449
davis:0.027064214613657264
33:0.025202140905281126
live:0.016921793846708517
by:0.010824431418766843
especially:0.01707811862020405
steph:0.07115733215678502
range:0.02185549718846816
s:0.006780724380940091
1991:0.02372591361735686
