since:0.014604537397107162
looks:0.02498617134579482
go:0.014200235414555671
at:0.01929120465228681
there:0.006699116683044871
all:0.006963998763841541
perspective:0.035673528065107825
with:0.004268812969266769
faces:0.039681614271947295
though:0.018142658405917368
into:0.013071561335637857
from:0.0061793595213881424
to:0.0030179543651624036
player:0.02837418272303797
jays:0.11605413766973058
that:0.002532150550616619
think:0.021018219379978907
v:0.028077724918992786
toronto:0.0293218999645298
re:0.002729492721008544
lost:0.025580338133706932
so:0.01491694302751708
had:0.011200061939285659
derek:0.0804725118574409
describe:0.03410668910571446
he:0.04642724693489738
bell:0.032578124445113675
chemistry:0.03908367907145178
m:0.009991348263620964
a:0.004077384309040569
how:0.009601189760796528
same:0.014175863872471623
sorry:0.023192822516340323
was:0.0323160997847221
season:0.027863025026976046
steal:0.039333964279325
jack:0.031202597801167412
popular:0.03087571019075155
team:0.023381201231346696
statistic:0.04569037565010893
are:0.00938556761461643
no:0.01643424432383226
it:0.0075077831329920875
not:0.004400802982306313
ws:0.04569037565010893
traded:0.03868471255657686
ring:0.03637436495006833
glad:0.03386199792295064
of:0.004257823041585518
trying:0.01968122790560873
san:0.029474200245288643
well:0.024567414746764157
they:0.006809632295676961
find:0.01544851633338241
jackson:0.07632087424350034
beginning:0.029562677329466342
now:0.012057769327578424
comment:0.02868319267797637
in:0.0038907963918501567
clemens:0.04474108274318778
morris:0.0358820928274732
and:0.001393421220769306
still:0.04470895800502658
for:0.004749618436672613
subject:0.00019486829848188537
i:0.005573684883077224
pounds:0.040140839274944155
sad:0.03453366871652912
yet:0.019197582063402656
the:0.0055018467882412625
see:0.025830449071696
when:0.009545068925866686
can:0.006310700674727834
eric:0.029109696936632158
last:0.015913595270507282
10:0.021097604072234776
just:0.00857217929537143
many:0.013527014799840097
about:0.014379798252874037
is:0.001961114064895357
new:0.012583938429806912
break:0.02864384341786778
matter:0.02205038694817914
insert:0.03787693468878474
talent:0.03908367907145178
string:0.03868471255657686
first:0.013704779776576942
him:0.017492812433308816
give:0.017249899790919756
bad:0.02000438720252835
diego:0.03787693468878474
