some:0.005189052778370463
go:0.008646365563529454
out:0.010472685325159643
there:0.012237053141028633
lead:0.017174287278310715
all:0.008480602939078144
ahead:0.019207286598483496
send:0.013037098315005434
braves:0.04272131377873248
your:0.005599698765250056
miller:0.021163093500162534
4:0.011041197796349685
ca:0.018280431965265076
except:0.014330495195572505
my:0.004223174494801339
weekend:0.022432488252996853
to:0.0006125329600403693
1987:0.022620045384065195
most:0.008251535395409057
might:0.009453711715015316
t:0.011450102466668631
that:0.006167193341057365
guy:0.01505035887532831
justice:0.019136738380011096
think:0.019196640367047404
like:0.010352347231188205
really:0.017345739939474896
nt:0.012694729808398907
yup:0.025856660941270593
me:0.00963189938137373
attention:0.01886523752676737
re:0.003323915580250405
so:0.004541380432821867
anyone:0.0148703533301457
prefer:0.018251236022408183
had:0.006819593269698379
this:0.004666510563301502
off:0.009704255324250446
30:0.015213802108328402
he:0.04240355220053961
starting:0.01742898659056541
bases:0.022182533949339625
on:0.0022533725566190664
you:0.007410653192116292
went:0.014499827845493706
came:0.013416563255457542
m:0.006083620942738098
why:0.007909878134017806
a:0.0024826740015047024
sorry:0.014121851932171664
wondering:0.01599526000825465
series:0.015943779381189627
was:0.01574153127291352
season:0.016965486349758748
said:0.009740021460726365
steal:0.04790002761126689
40:0.03399561944910932
whole:0.0132974021112324
course:0.010871785777333418
rbi:0.025936743187949165
giants:0.02379761792350619
business:0.01607361659214919
are:0.002857383918227669
play:0.014230747701246407
it:0.007619009549777155
not:0.0080388001143462
couple:0.014026630198464526
probably:0.010609883177907592
reminds:0.02486491182431855
larry:0.020199035715435538
his:0.00819746240669003
writes:0.005877887920156109
if:0.002978446310059597
of:0.004320901901460859
even:0.007462930878960114
but:0.0029568143211129343
year:0.021997873032974683
happening:0.020176868864275367
advantage:0.018948313673488044
never:0.019590570940994315
again:0.021705503449849048
they:0.004146309442256638
find:0.009406429945215067
who:0.011493803326523095
up:0.005970934979343932
good:0.0072000437838199965
over:0.008915292233419367
one:0.008740541402449977
tim:0.018124041332160837
email:0.012195105150968626
in:0.0007896875639755133
thomas:0.01637335561790711
system:0.009934321463300111
ho:0.026018294915363373
or:0.0029969398120137125
better:0.009938737205784014
and:0.005090632193210532
for:0.002891989892551769
subject:0.00011865314174230354
doug:0.03841457319696699
gant:0.027945565960140528
300:0.055460275135764694
i:0.005090632193210532
20:0.027954065319161066
walker:0.02165905379086681
convinced:0.021081039887541488
the:0.0016750066888645623
do:0.006385048168057748
see:0.007863936717383006
when:0.005811886412638826
start:0.012522498168366722
can:0.01152754656583618
thinks:0.020132864104352204
named:0.020716963787684214
maybe:0.011768502588188106
last:0.009689611342486658
just:0.010439009453030097
here:0.00800178180277065
about:0.004377849690319429
hit:0.0636391491543006
is:0.003582301691875519
guys:0.05179567612655002
else:0.02245824200300495
right:0.008621660416845776
time:0.0070200443106831715
does:0.005415505841500112
2:0.008659598009312928
their:0.006727482749252062
him:0.010651179126059146
nixon:0.07710209855966152
defensive:0.022736500372483075
article:0.0036014794680737823
close:0.015444058738535736
roberts:0.04947941585337758
john:0.011917681775919314
god:0.011791903252334333
strange:0.019539391248243214
s:0.00827248374474691
