some:0.010064973061494432
okay:0.037118673581918074
out:0.010156699130003964
attitude:0.03789968130047175
all:0.008224722677985269
take:0.018325423537376755
with:0.01512484595145381
someone:0.018995328574681204
throw:0.036753194625300085
to:0.0035643081726487004
look:0.020441106243757848
been:0.012648624027771027
that:0.0059811142316289105
nt:0.006155849583814125
could:0.013009561683845322
re:0.0032236250239497458
so:0.008808712046421724
this:0.009051421351231362
bell:0.07695177670656161
personally:0.03378314314746984
western:0.035263170376684486
great:0.021734919730454112
why:0.0153424360358104
a:0.0024077657342179226
how:0.011339336183009693
other:0.01189058610199923
was:0.007633285638805048
as:0.013795071727879627
running:0.02609879665902329
jay:0.0439497265013602
learn:0.032844949833812344
are:0.016627018489686868
improvements:0.05130413883112419
place:0.04688668305717975
it:0.005911300512758138
not:0.010395000147861464
only:0.011496002054045574
has:0.00917909029212544
be:0.009973469950646057
writes:0.005700537853599676
down:0.020382461870285844
if:0.011554317582127747
of:0.0016762119445322297
universities:0.05000042357488347
they:0.008042410556101238
who:0.022294015072997383
good:0.013965602166892233
george:0.034330294647027304
in:0.0015317215680559523
rep:0.047407715350580595
and:0.0032913570214723265
for:0.002804731576828224
subject:0.000230146180103606
i:0.0016456785107361632
we:0.011618481945810086
actually:0.021071673509492107
the:0.0038987224654606187
constant:0.04276119379254019
see:0.03050665105881338
when:0.011273055541756343
putting:0.03465564230205185
start:0.024289328343814764
around:0.040813697123338544
got:0.01907029156578081
would:0.02412024946821662
can:0.007453155107221667
major:0.028245068730325795
because:0.015213123266332016
did:0.01417164692623246
needs:0.02887367726439092
curve:0.04941574602023898
insane:0.05000042357488347
makes:0.02407739553665495
long:0.020519924526798145
here:0.03104139492454131
people:0.025952985173674437
is:0.006948430005793032
itself:0.028991860694779138
time:0.013616465257790634
article:0.006985628278591388
teach:0.04237798894279162
students:0.04121125318529367
s:0.01604576588420737
