tv:0.019529180702328158
reached:0.024204154256224637
practices:0.026324236876940913
wilson:0.025727165662893892
at:0.004541056765229026
there:0.004730819513284265
know:0.00636018106009434
all:0.009835750831405064
name:0.028476623771445886
my:0.0048980116563417594
daryl:0.031853292558718486
to:0.0028416477527645994
bet:0.022235419149534072
look:0.012222517135442838
important:0.016197779860686715
day:0.013109809462695217
been:0.007563094779491955
make:0.009072579811080946
that:0.003576336344685328
horror:0.0303703952780392
through:0.012213728319715601
nt:0.007361634553839572
happens:0.01925813151947824
me:0.005585508661879096
willie:0.031231498807230782
re:0.0019275283648359305
started:0.016903324103035595
so:0.005267064934973815
likewise:0.029220170786728842
off:0.011254935298744074
he:0.008196562925362038
something:0.010261140810121252
two:0.009612316663161398
these:0.01707872137215405
on:0.00522689510555969
you:0.008594829733124565
henry:0.023583722904421157
great:0.012996137570786994
etc:0.011970742203392967
8:0.01521902722873127
a:0.004319084925298129
coleman:0.0324110945414001
quick:0.041848198146302015
as:0.004124299794933084
gary:0.06563935737406172
watson.ibm.com:0.030081274315920423
based:0.01557166500979661
anywhere:0.021785202602342586
hitting:0.024740594255679312
no:0.005802813073105721
taking:0.017561598114183532
curt:0.03256051483456119
yeah:0.02038258991849563
race:0.022530050148709062
it:0.005301888088762453
not:0.006215567098721287
ones:0.017487783404004413
should:0.008468103825945771
admit:0.02113452172531727
have:0.007905937316716282
only:0.006873898135408694
mlb:0.030676701569125806
ve:0.009407905665089868
decent:0.02322454805577173
aix:0.029807512329766053
shame:0.027103777957992067
always:0.01369564998968406
after:0.009944400451881191
channel:0.02497880478740679
list:0.015008394829492677
be:0.002981759057409646
boston:0.021493696573966704
writes:0.0034085690258637232
if:0.003454383607027883
of:0.002004542119234419
what:0.004744546922663047
but:0.010287884880160983
years:0.02298737549464323
ok:0.016823964899540887
oh:0.033296043135479104
they:0.009617728087708697
who:0.006665221001205404
up:0.013850106910849326
thompson:0.030175857504931746
in:0.0027476242561003685
or:0.010427496768604412
world:0.012996137570786994
and:0.0039360558194926785
for:0.003354111988784268
subject:0.00013761317985576442
i:0.0019680279097463393
league:0.020050809630068292
sick:0.02315073334559261
yet:0.013557055374670947
the:0.003885324793758005
thing:0.011669754820231734
got:0.011402854750673062
can:0.008913051468430034
major:0.016888803983081402
eric:0.020556847836693842
may:0.009592915089896036
development:0.02003743831472269
7:0.016451177984181987
jim:0.01745531312860242
10:0.029797646988620252
handbook:0.02971939669389337
note:0.015266438654012874
long:0.012269645593343221
dozen:0.026555425362329327
finally:0.037489943049444384
religion:0.01830686218022017
jones:0.05113709773128517
about:0.005077402991349853
is:0.00415473134367006
night:0.01725688065249497
guys:0.020024101595315726
white:0.017520459514539136
field:0.040128431442611405
time:0.008141803968575844
their:0.007802492879287185
matter:0.01557166500979661
light:0.01800110662786749
existence:0.020971901324621775
smith:0.02029762141477558
first:0.009678117677273407
nice:0.01628731678739566
change:0.015319634576858183
nixon:0.029807512329766053
prediction:0.029300089274027632
close:0.01791192379469351
obp:0.031231498807230782
mike:0.032942392051110346
black:0.03638713769323647
s:0.006396250318103282
james:0.017832957565139314
