another:0.012184095221915268
selected:0.027171761552583086
some:0.0064150377754579905
obvious:0.021135430296164902
expensive:0.022253224143609283
out:0.006473500544398132
mark:0.03300685675046363
there:0.005042741678995316
entirely:0.022835851902094577
percentage:0.024755836938569867
someone:0.012106912717928681
1992:0.08672409966778664
mss:0.06517667469332843
from:0.01395448771038751
to:0.0045435137145851566
obviously:0.020230181762779985
owners:0.02372333771092994
been:0.008061760369348569
that:0.003812138741038207
think:0.007910703447959095
dodgers:0.032812634019852426
consider:0.017694308124017545
asking:0.019700180300210958
writings:0.0286710307100921
re:0.004109236294265611
flat:0.02713091002243189
attendance:0.13882944786604115
had:0.008430815855396347
two:0.010246095783809405
on:0.00557152555208011
set:0.014557222989702865
you:0.006107681202293647
them:0.00805417127215517
3:0.0128651974980089
m:0.007520959956681715
why:0.009778695495351684
sure:0.011989252858017602
a:0.0007673099592562611
basis:0.020479166357351645
price:0.03439718903125234
was:0.00973034213298226
old:0.01454897297990288
awful:0.02764239586345393
singer:0.06246392658419078
mets:0.029737821998229226
watson.ibm.com:0.032064655040047046
mind:0.016646460456099656
computer:0.014729136841567668
prices:0.023969568566917815
are:0.007064960237376105
it:0.0037676420850546372
not:0.003312692354812994
application:0.020276745647345763
have:0.008427207909027245
mlb:0.06539868246604842
aix:0.03177284281304733
facts:0.022253224143609283
has:0.005850409197178852
netcom.com:0.053061019363535265
willing:0.019647801395492697
regarding:0.02174173830258724
writes:0.0072666196815116746
get:0.007221835029072101
down:0.03897305896076634
were:0.00852364449160604
if:0.003682145163535216
whatever:0.018159124059084413
of:0.004273419462983268
even:0.009226150811901241
what:0.005057374192289183
but:0.0036554023200571994
happening:0.024943931288252515
years:0.012251513313079086
ticket:0.027824048952799472
nearly:0.023572202294502288
they:0.010251864005579602
now:0.018152905471189498
in:0.008786358884892386
use:0.009136151251359055
and:0.002097787991707637
for:0.0017876311149015057
subject:0.00014668657632977087
capacity:0.028564337930657477
i:0.002097787991707637
pay:0.03662463804393278
20:0.0172792986176133
the:0.0020707500274424534
when:0.007185024411229319
would:0.010248897209938199
development:0.021358588093715398
an:0.004933506255833719
record:0.04238075161798456
people:0.024812194616589848
jones:0.05450877450477651
relatively:0.024497831536988708
about:0.005412176814955339
is:0.00590489289869591
either:0.013755839050073397
today:0.015599594867023918
decrease:0.032268178510818195
1:0.010761120285300596
sold:0.022563341236493634
too:0.03218436045930489
disorder:0.03367872711987212
fortran:0.03395350965050213
terms:0.021149115248431122
article:0.008904756926556056
lots:0.04009554957600397
by:0.021767812633344312
mike:0.035114417900634104
says:0.014071575518832792
1991:0.07156882734026877
