ability:0.05416607656024902
to:0.0037248625948400837
player:0.052530581527786516
randy:0.0677673873678207
think:0.019456054426061558
catchers:0.08847653427725276
nt:0.019299420316822663
need:0.02596218907428698
re:0.005053250037542845
so:0.013808251316012434
on:0.006851470611341756
you:0.015021594308343834
used:0.026681939301849537
backup:0.134893787529768
a:0.013210174163411846
as:0.032437060549338585
red:0.04881917506679123
athena.mit.edu:0.06604423439080774
lose:0.05682088828631469
have:0.013817584139125753
usually:0.04456419921873802
be:0.007817044015371234
of:0.00262757548061809
but:0.008990313814194734
well:0.022741458245315472
they:0.025214043905614696
who:0.0174736874896466
now:0.022323167538895194
pick:0.05432506090591911
good:0.021892025018371612
one:0.013287985240211115
use:0.04493998723641481
and:0.005159424520145809
subject:0.000360769687729977
i:0.0025797122600729047
catcher:0.24472045592232625
the:0.002037170297267711
do:0.019413997808283696
sox:0.07147599339081746
rule:0.05336077794940787
can:0.023366648444262526
proposed:0.059645334777926926
just:0.015870115722511974
middle:0.054285139123521384
f:0.05021934078928173
field:0.052600781755855495
2:0.02632985881210012
afford:0.06385279175816592
little:0.03169376624187114
elsewhere:0.06401560714351963
john:0.07247238917788773
3rd:0.059645334777926926
