some:0.010810526621605131
candidates:0.05437785637934176
oxygen:0.05610102563521085
thanks:0.01845728374922373
though:0.023014298163061848
my:0.008798280197502789
attend:0.05510444541120746
to:0.005104441333669743
require:0.03592149128613506
jays:0.0490722742615836
appreciate:0.035548271624208275
like:0.010783695032487713
through:0.043878949889348644
and/or:0.03741650025133306
could:0.013973232919685715
toronto:0.07439074620630708
sometime:0.04822566124343886
me:0.010033228522264303
need:0.017788907328678112
so:0.009461209235045556
anyone:0.015489951385568437
prefer:0.0760468167600341
july:0.0455844395990084
this:0.009721897006878128
paying:0.04342415562984494
game:0.027518602851023033
on:0.009389052319246109
assume:0.032143412548973856
a:0.0012930593757836991
how:0.01217928701138078
bring:0.0351237680304544
jay:0.0944105235955145
anthony:0.049788817443207865
advance:0.029291677932191198
are:0.00595288316297431
early:0.03243278795178964
plan:0.036162631457764875
d:0.01686892798497255
texas:0.03674231177471298
being:0.01801670305486248
area:0.0594160563825805
cs.brown.edu:0.05307617165136779
june:0.04255626231815321
be:0.010712245502545764
get:0.012170129400843725
if:0.012410192958581652
ticket:0.1406660252613751
good:0.015000091216291658
in:0.0032903648498979715
or:0.0062436246083619005
and:0.005302741867927637
for:0.006024978942816185
subject:0.0002471940452964657
summer:0.04167376065329835
i:0.010605483735855273
appreciated:0.03134038999237262
info:0.05454436035911847
games:0.06166426465942084
directly:0.033634262273114626
any:0.009474882095266734
information:0.02258167856003486
schedule:0.04720526179775725
the:0.0020937583610807025
see:0.016383201494547927
would:0.04317822435668407
flexible:0.054204781073673686
is:0.002487709508246888
seats:0.05167056042110849
obtain:0.042411205681630995
tickets:0.05193512868447938
blue:0.11101837854064746
late:0.035686472089177496
arc:0.05307617165136779
give:0.02188181732737043
going:0.02016496003749706
