yankees:0.09072961932501494
go:0.03087987701260519
out:0.018701223794927932
there:0.014567920405986466
know:0.01958531945489368
pass:0.06443294000303644
thanks:0.03164105785581211
with:0.018565948469509437
death:0.05326057752438765
me:0.05159946097164498
complete:0.05878120397293298
anyone:0.026554202375260176
he:0.05048041928635667
tell:0.03825436593051512
numbers:0.05599591112696346
them:0.023267605897337156
phillies:0.08770813157118607
a:0.0022166732156291983
beer:0.08463874438101876
was:0.028109877273059858
as:0.012700224765349499
red:0.05734315801496113
ns1.cc.lehigh.edu:0.085535763591548
lets:0.073549432534597
advance:0.05021430502661348
hey:0.06117680929573285
his:0.02927665145246439
stats:0.07372386303579694
were:0.024623861864639666
what:0.014610192111057638
but:0.010560051146831909
women:0.05998913006084801
pitching:0.1584466710667116
pick:0.1914311670018102
in:0.0028203127284839756
or:0.010703356471477543
for:0.0051642676652710155
subject:0.0004237612205082269
al:0.06047641556701955
i:0.003030138210244364
the:0.003589300047566919
when:0.020756737187995807
sox:0.08395592874476972
can:0.013723269721233545
pitcher:0.08092330593901242
norm:0.09479205383512923
ruth:0.09479205383512923
give:0.07502337369384147
live:0.04915378212615331
john:0.04256314919971183
s:0.019696389868445026
