some:0.0060494138607945815
typical:0.02310158207114997
at:0.00456458555675871
fewer:0.028493756376514762
all:0.004943356635473011
happen:0.017521410498276244
bloody:0.030628366682884493
swing:0.030332209098221548
with:0.006060387324244014
someone:0.011416881423124456
drawing:0.049152683675614865
my:0.0049233899550792815
to:0.00428455697437564
hardly:0.02262506140201825
then:0.008268810102465302
might:0.011021166507142207
enough:0.0378054175171616
make:0.018239175993261178
that:0.014379466339252925
guy:0.017545755165538184
complaining:0.029137785996605835
kinds:0.023626407636181578
walks:0.059401311278214734
nt:0.011099666607084537
along:0.018103427000731788
happens:0.019357914584346003
me:0.0056144491212670716
inability:0.029873383205260694
re:0.001937515558436117
so:0.005294355426864871
this:0.0027201162609918083
mean:0.01369648734108736
he:0.08239032163317281
leading:0.02339494421622514
you:0.011519150039559002
m:0.007092304207855296
more:0.006587663346221378
a:0.0021707318018337747
same:0.01006265984729851
as:0.016582676895689503
tate:0.03229110098381766
pitchers:0.027297354528588863
course:0.012674361657513053
starts:0.02317338017820399
rbi:0.06047427168174676
team:0.03319403698129013
are:0.00333114705492863
taking:0.017652590850526454
it:0.005329359011502155
not:0.0031238860547977455
should:0.008511980011572433
have:0.005297933815001584
ve:0.009456651290297588
pitt.edu:0.0255845887258166
400:0.04757333652305081
bb:0.029214548099119518
walk:0.04757333652305081
throwing:0.026370519230127818
greg:0.022690510867851933
suffered:0.027351047725664233
blue.cis.pitt.edu:0.03094248389436861
his:0.01911325431611665
batting:0.05572219983281295
writes:0.003426230005272344
making:0.015930607206592767
if:0.006944563935372117
whatever:0.017124148076442296
of:0.005037320869578721
outs:0.0599239107976644
what:0.009538260134680116
but:0.003447063327722333
lines:0.01830664313105967
please:0.009924431901063497
net:0.017176904066831516
david:0.01293494942665541
good:0.008393833426733157
over:0.010393475401654704
comment:0.020360608274003954
in:0.0018412404341397977
or:0.006987683499513838
and:0.003956449891096268
for:0.0016857454036895026
subject:0.00013832620151304817
i:0.001978224945548134
license:0.024239971132629632
paid:0.042860001427690746
league:0.020154699835405434
currently:0.01864732384382019
the:0.001952728005152987
do:0.007443709004212401
start:0.014598767294728044
would:0.009664763172066073
can:0.004479616541128049
because:0.00914363885437572
agree:0.015629819580126627
claim:0.016918337019689048
bat:0.026740772929517168
an:0.004652321961459776
pitches:0.08884921270687991
is:0.009744603047847912
guys:0.04025570683410623
does:0.006313413545790287
lot:0.012842245535053838
break:0.020332676415792155
him:0.01241717773763372
woods:0.06403667105068794
article:0.004198615960189642
difference:0.016617377444737756
give:0.01224474751997931
bad:0.014200005423556395
lots:0.018905155499566638
claiming:0.02389633049568107
s:0.016073478778653325
