there:0.016388910456734775
chris:0.06851334362355893
where:0.03299029996846003
to:0.0024610699287336262
that:0.006194725454187085
me:0.019349797864366868
re:0.006677508978181616
this:0.009374686399489624
on:0.018107458044260352
you:0.009924981953727175
ta:0.0824527451572827
a:0.007481272102748545
question:0.038981894345484006
balls:0.09199558071949802
are:0.02296112077147234
it:0.006122418388213785
reminds:0.09990366357985131
walk:0.08197905311561433
pitch:0.17825250495005054
be:0.010329665306026274
writes:0.01180825698245647
of:0.003472153313673904
ok:0.05828302125912378
bob:0.06578580382194821
in:0.0031728518195444726
useless:0.08570848724288904
or:0.012041276030412237
watching:0.07606435881677381
and:0.003408905486524909
subject:0.0004767313730717553
doug:0.15434426730924236
the:0.002691975035675189
quote:0.07205281986679624
got:0.03950274681483168
pitcher:0.09103871918138898
come:0.042878458472668
an:0.016033895331459585
hit:0.06392325249873944
is:0.0047977254801904266
batter:0.21328212112904077
article:0.01447023000565359
dumb:0.09183250065586815
three:0.05211585725843701
roberts:0.19880122441089204
by:0.035372695529184504
s:0.011079219301000327
