some:0.007342999214675183
since:0.012583783794991707
simply:0.01923675056530434
out:0.014819837724282515
all:0.00600042660783831
braves:0.06045468930952709
ron:0.07994902521179312
beautiful:0.03228660503904842
tongue:0.038550492678092615
mathematics:0.03346736997152197
single:0.020449224342845126
to:0.0017335838491708564
0:0.02305129741176373
line:0.017759772005069112
player:0.024448195176454104
then:0.01003698333192329
most:0.011676701031239233
might:0.013377893936342427
t:0.03240595037736405
been:0.009227926963656851
like:0.014649547968662557
tie:0.03333211081918887
nt:0.004491060073726029
bobby:0.03281841251092303
re:0.002351827061497928
pen:0.038550492678092615
he:0.010000837783146133
these:0.010419094170433602
game:0.037383762363653934
on:0.003188734749932641
you:0.0034955911283567416
possibly:0.02438335637356818
used:0.012418009486395381
came:0.018985702719987087
m:0.00860889756047844
more:0.007996346074344188
onto:0.02738467092053048
sure:0.013723547296598766
a:0.0008783044816643994
sorry:0.019983752734205187
was:0.01113787590064636
jason:0.057357190865195536
giants:0.033675874420055936
are:0.004043467808812739
magic:0.032400959247118805
it:0.008625293829936402
not:0.007583773692779433
have:0.009646237983917979
made:0.014626286490050324
only:0.016774040732947002
completely:0.02262260149081428
suspect:0.024415692219482765
after:0.012133419419276424
thrown:0.03087186458736064
were:0.009756624512404397
if:0.004214782514235279
of:0.007337380587386364
kit:0.0324589256314265
plate:0.032517431245654885
but:0.004184171209122078
brave:0.07485886923786675
order:0.017637212963097434
who:0.008132408014049361
up:0.03379774516609773
depending:0.028306705349410204
one:0.006184345331922155
comment:0.02471444903699851
in:0.0022349648037042827
and:0.003601862400856508
for:0.0020462192635979496
subject:0.00016790538925797672
gant:0.1186368366232381
i:0.007203724801713016
we:0.008476376765496667
sad:0.029755425246317545
cox:0.0806177760759231
the:0.004266526471636149
see:0.011128212335919346
equation:0.038550492678092615
would:0.011731442089363222
can:0.005437521965017065
home:0.01842366699283867
did:0.01033906316630796
anonymous:0.028583541106748402
last:0.013711714163896214
an:0.011294316208323734
just:0.0073860915941250695
about:0.0061950703164897584
e:0.019565344000338533
umpire:0.08189806153894125
language:0.025647228300227604
is:0.0016897649489978862
number:0.01573751476979722
night:0.0210555650728555
field:0.02448086698071262
lee:0.053674859111631654
attributed:0.033818819395386474
friday:0.03134143395068781
hirschbeck:0.04487452956867184
1:0.012317760326570495
wanted:0.019151949619786807
too:0.012279986590342747
update:0.027307183597335256
every:0.015296531615958467
him:0.015072423291593131
show:0.018931249495187628
words:0.020804145481178458
by:0.006229153929667712
john:0.016864644022527332
s:0.0039021149739372225
