24:0.015262848953618584
trash:0.047368477659678006
at:0.022024125311360776
out:0.009818142492337166
folks:0.015430066042894907
there:0.0038240791065714476
inning:0.02381652507281642
saw:0.01415575242973106
where:0.015395473318614681
with:0.004873561473246228
ca:0.008568952483718004
response:0.014631660635947258
from:0.003527384393459065
kids:0.018318179295228013
to:0.0034454979002270774
then:0.00664950145739918
most:0.007735814433195991
owners:0.01799019776412187
berkeley:0.02265158814690325
day:0.0105970959823453
might:0.008862854732826858
enough:0.010133952195572483
that:0.00144543593931032
guy:0.01410971144562029
cold:0.03681791987533025
think:0.005998950114702313
tie:0.02208252341771262
nt:0.005950654597686987
hot:0.017431742444839214
mainly:0.020052760338035824
huh:0.020828805483593508
grab:0.022310266803287057
anything:0.009671838126330849
re:0.0015580854282423772
ball:0.0185775222488831
wed:0.02402317899423047
had:0.0063933686903422295
this:0.002187426826547579
sender:0.023136004005719343
age:0.017178285941306756
path:0.01848303596275381
opening:0.020482694655682615
apr:0.015530034487658329
game:0.037150113848881096
on:0.006337610315491124
great:0.01050521120305282
state:0.011073805778919234
onto:0.01814234448485144
a:0.0034912603146159877
vote:0.01897847238261041
was:0.014757685568356426
old:0.01103297117642635
idea:0.011551567896919818
given:0.011615781496588672
21:0.016900845921476355
california:0.016581121778845565
organization:0.015965971783820296
giants:0.044620533606574114
balls:0.021465635501216208
play:0.013341325969918506
hey:0.01605891244012987
it:0.007142821452916082
not:0.002512125035733187
wins:0.020512997819553784
fifth:0.020861743731539813
have:0.0021302108881152203
probably:0.009946765479288367
only:0.005556400992788694
date:0.01490749662409718
university:0.009793083756661056
corps:0.025245461535844883
love:0.013634239334089368
netcom.com:0.01341264656133808
be:0.004820510476145594
kid:0.021099903789206266
stick:0.05282911631068077
composed:0.025439294934323602
were:0.006463763739467913
of:0.004050845532619555
saturday:0.041527399984661345
but:0.002772013426043376
year:0.010311502984206883
stadium:0.04776855448623101
san:0.016824855973352267
gmt:0.01765540973427098
lines:0.014721592184560485
well:0.0070119496256389365
who:0.005387720309307701
up:0.011195503086269872
pick:0.016750227112658393
over:0.008358086468830657
in:0.004441992547362262
threw:0.021866585634943515
message-id:0.023556023585394197
ended:0.020699596163832837
better:0.009317566130422512
and:0.004772467681134873
still:0.008507121175956447
for:0.0013556202621336417
subject:0.00022247464076681915
ninth:0.02439215148315316
i:0.005567878961324019
propose:0.022968196092644593
everybody:0.016991288748900785
games:0.02774891909673938
than:0.005960838675914421
the:0.008479721362376846
jose:0.01899956947409602
when:0.0054486435118489
original:0.012859033388639498
wind:0.021099903789206266
got:0.009217307590127392
would:0.0077720803842031335
imagine:0.016407243976943594
here:0.007501670440097484
17:0.016384598993668772
is:0.0011194692787110997
win:0.014122814181784757
night:0.013949311860766768
field:0.06487429749888844
new:0.007183331520348112
right:0.008082806640792915
sean:0.04270501276021615
time:0.006581291541265473
lot:0.010327305784439128
broke:0.020894944438411382
run:0.011153476784947478
1993:0.01262356584587557
too:0.016270982232204138
nothing:0.01064523333958712
fans:0.017137502581447743
infield:0.02684126258691199
dog:0.020731524800272707
article:0.0033763870013191707
little:0.0097722445912436
kicked:0.023884277243115506
april:0.028351282182400933
bad:0.011419171028109933
homer:0.05171261868995539
playing:0.01668904148064622
wish:0.015566989644911577
poster:0.01897847238261041
s:0.0051703023404668196
newsgroups:0.017859468086756227
