forgive:0.055278507677745746
posting:0.032344985852512165
true:0.02532628227605732
braves:0.04711909607948435
your:0.012352276688051594
way:0.016984047250456307
much:0.017129381074116976
nl:0.05206373440556644
to:0.0013511756471478733
us:0.02019486653122545
been:0.01438470967864156
really:0.019131330815597314
through:0.023230032294361047
nt:0.014001540229851735
anything:0.022757266179601998
re:0.0036660833605702994
started:0.03214945956851868
eat:0.04426690425226913
so:0.010017750954754118
opponents:0.0573932976074192
this:0.005146886650700186
philly:0.058754439223637
weak:0.04586582773134822
you:0.010898019400171016
phillies:0.16251800849955064
a:0.0013691216920062696
was:0.008680991510797898
dramatically:0.05854803325110923
finished:0.048482947084020796
third:0.035811617614391035
hitting:0.047055640054919474
are:0.006303052760796329
early:0.034340599007777264
not:0.011821764874038528
have:0.015036782739636849
proved:0.05165087670605539
atlanta:0.09385989406221028
johnson:0.045268173811841485
be:0.01134237759093081
batting:0.05271757141045538
were:0.01520885585757156
if:0.0065701021545432284
years:0.04372108672510575
they:0.027438812485521873
in:0.003483915723421382
our:0.021860543362552876
or:0.01322179328829579
better:0.021923685012758855
and:0.0037431119067724496
subject:0.0002617348714903755
similar:0.031027042037908834
improve:0.046502293869576806
ago:0.05610128873264008
will:0.011110836714738082
yet:0.025784987673393763
the:0.005172814774434677
can:0.008476137180761895
may:0.018245348308233635
imagine:0.03860527994574963
record:0.07562055680856068
hit:0.03509511901891577
is:0.0026340453616731756
east:0.0399182282293237
having:0.025655797964905504
lot:0.024299543022209713
2:0.03820410886461586
eating:0.04900895407904355
their:0.014840035476291313
too:0.01914233203788722
fans:0.04032353548575939
psuvm.psu.edu:0.04900895407904355
words:0.06485998297073284
article:0.00794444000310393
by:0.009710151713893785
says:0.025108105337525177
john:0.026289003917469075
s:0.006082708635843316
