at:0.0038137013526165844
11:0.016728201894458488
k:0.016401130113643563
cooper:0.05886214688136458
3b:0.08025375008300503
c:0.02239045623748017
4:0.09678972094202645
dh:0.05701302047185758
2-3:0.02518505935838045
to:0.0005966230130263337
0:1.063053988430818
harris:0.02518505935838045
000:0.08829322032204688
h:0.045885482133695026
t:0.03345809162338237
r:0.04026259437310559
pitched:0.0249591470069927
seattle:0.12639913402858333
dawson:0.05265714534049758
master:0.020586597693890252
so:0.008846844999003636
off:0.009452196744399786
26:0.019031874592444688
two:0.008072681526637713
sea:0.04369965244090296
3:0.13177081073718205
m:0.011851209628710582
a:0.0006045472406261451
sb:0.02518505935838045
no:0.009746716330584502
ip:0.0249591470069927
bos:0.051887037236458655
ab:0.045263895114110594
bb:0.04881738340372352
johnson:0.019988544280553383
sun:0.015707758892202776
boston:0.10830589961946858
er:0.02380647177778073
ryan:0.019242154549797746
34:0.02140805455658061
ph:0.023750612882387192
supply:0.017480369842443912
rf:0.047501225764774384
box:0.013716619093967996
in:0.000769176198677448
5:0.022501063955997255
subject:0.00011557124195678917
fourth:0.020890998119939864
hr:0.04761294355556146
6:0.0381603848384311
cf:0.04907976738203806
the:0.00032630000432426535
ss:0.047501225764774384
jr:0.0404555533115401
102:0.027887026064324145
gr:0.028033786028288134
7:0.04144842245365332
2b:0.07898571801074637
batters:0.025943518618229328
e:0.013467054961271978
paul:0.014177586541597651
unit:0.018572038171426043
9:0.015414864310065049
2:0.11808542739972175
1:0.18652608494521034
hp:0.01872574677946461
john:0.02321626319984282
