player:0.17669377422982738
that:0.01576839206520349
think:0.06544309216038888
why:0.08089648091609121
a:0.006347746026574523
series:0.16306138003489393
part:0.11132827783696715
career:0.21965750492839894
should:0.0746732791924309
ws:0.28452643018476925
anybody:0.1381634156778498
stats:0.6333550051711645
of:0.008838208434806302
become:0.1505555806725067
world:0.1146023040333035
subject:0.0012134980405462863
jim:0.15392412486131227
else:0.11484328296991167
does:0.05538585519716024
s:0.028201649129819015
