go:0.010132459644761078
out:0.006136339057710728
there:0.004780098883214309
all:0.0049691032846161
defense:0.020438575772124407
valuable:0.05415322399353813
braves:0.025032019792226058
with:0.006091951841557784
odds:0.06023601449973556
learning:0.025874495204791046
my:0.004949032611095319
to:0.0028712482501892307
1987:0.026507865684451397
look:0.012349835022270366
next:0.013949895957026955
golden:0.027887833504108818
that:0.0036135898482758
think:0.014997375286755783
like:0.006065828455774339
nt:0.003719159123554367
me:0.00564369104377367
attention:0.02210770022668051
re:0.0019476067853029715
so:0.005321930194713125
anyone:0.008713097654382246
prefer:0.021388167213759586
had:0.007991710862927787
this:0.0027342835331844737
30:0.017828674345697345
he:0.03312777515667156
game:0.015479214103700456
you:0.002894786403170426
came:0.015722535064989305
m:0.021387729876813626
more:0.01324394818563256
how:0.006850848943901689
factor:0.02356760629519175
same:0.01011506953400319
sorry:0.01654904523301367
j:0.03181384020342565
was:0.009223553480222767
as:0.016669045004521217
season:0.019881429316123533
baseball:0.019517061667129208
wise:0.025491356834077418
stephenson:0.06287956159115327
course:0.0127403739578126
rbi:0.030394620923377927
giants:0.027887833504108818
business:0.01883626944392483
are:0.0033484967791730493
play:0.0500299723871944
fanatic:0.03011800724986778
it:0.008928526816145104
not:0.01570078147333242
reminds:0.0291385685441233
able:0.013736798052659734
doing:0.013961994297736017
his:0.009606401257839878
explained:0.049345363839796375
be:0.012051276190363985
considered:0.01793147373548027
writes:0.0034440749532164703
of:0.004050845532619555
even:0.008745622123781382
but:0.01039505034766266
year:0.09022565111181023
happening:0.023644768200322692
never:0.011478850160738855
again:0.025436136855291853
well:0.01752987406409734
who:0.006734650386634626
up:0.00699718942891867
good:0.016875102618328114
tim:0.04247822187225196
in:0.001850830228067609
ho:0.03049018935394145
or:0.007024077684407139
better:0.02329391532605628
and:0.0029827923007092957
for:0.001694525327667052
subject:0.00013904665047926196
doug:0.022508538982597845
300:0.021664169974908082
i:0.0059655846014185915
information:0.012702194190019608
will:0.005902632004704606
convinced:0.04940868723642536
than:0.014902096689786053
cs.uiuc.edu:0.0291385685441233
the:0.0027480578489184225
do:0.007482478321942673
thing:0.011791314766275814
when:0.020432413169433374
can:0.013508843631839271
did:0.008562036684598777
maybe:0.013791213970532937
last:0.045420053167906205
just:0.012233214202769644
about:0.00513029260584308
hit:0.018644281978799006
is:0.0013993365983888744
guys:0.020232685986933598
else:0.013159126173635712
dale:0.0502689642261053
their:0.00788376884677976
nixon:0.03011800724986778
close:0.018098506334221564
roberts:0.028991845226588424
playing:0.020861301850807774
especially:0.032555163619763974
steph:0.06782183221193572
s:0.003231438962791762
