manager:0.05002418267405857
confused:0.030780032537737433
own:0.014436246086292964
with:0.007450030277573852
way:0.011034221780551232
ca:0.013099035643900135
surprised:0.028029826063689423
from:0.005392179964523412
my:0.006052320135861792
kansas:0.04004937796835426
to:0.003511335439721862
denver:0.037527749579233154
player:0.02475963715322422
city:0.023438124831123515
near:0.022960355270582964
next:0.01705974537419857
teams:0.026343886227848133
that:0.002209583601493483
guy:0.021568985649355856
like:0.007418083207061613
through:0.015092122891877878
nt:0.004548271030079226
finding:0.028398760125681176
re:0.0023817866418991756
mean:0.016837083164521406
he:0.04051294796229899
best:0.031021351337088336
big:0.01768013091635387
you:0.01062036285494373
m:0.0261556951359759
a:0.003557972295150051
how:0.008378108262605887
member:0.0254197319920163
other:0.008785401196381598
quick:0.025855256179562396
said:0.01395862948193269
baseball:0.04773599796291476
let:0.014682406004795064
waste:0.0272521018802442
tate:0.07939085974365362
hands:0.025511910543663013
lose:0.026781819956606924
team:0.04080540851840124
worst:0.054900775971891885
staff:0.03065390115368534
no:0.00717035500753191
it:0.004367585092228943
not:0.011520573412279583
have:0.006512746664301311
made:0.014812608610942685
ve:0.011625055407818054
pitt.edu:0.06290223724945992
hal:0.07481284699323454
whose:0.023839372296184515
real:0.016290406713364635
call:0.01692328724839941
500:0.026559090034073505
be:0.00736893321194231
get:0.008371808759816066
if:0.008536948022463813
end:0.01722441657691407
of:0.0012384750672976984
even:0.010695283106789973
expansion:0.02944423297734209
seen:0.016512515226893967
years:0.014202391229174481
never:0.014037829495935418
phil:0.02822582388959231
they:0.011884326426850238
who:0.008236005568368461
up:0.008557072422626655
david:0.03180185018273241
one:0.006263126801118615
in:0.004526871385846892
compare:0.027450387985945943
sir:0.033689321725608234
weeks:0.023188311371548476
and:0.0036477459983196483
still:0.013004516447321958
subject:0.0001700443114141293
i:0.004863661331092865
league:0.02477615967027547
any:0.006517753288463741
offense:0.03169150287939777
will:0.007218505381549583
than:0.009112110077830964
the:0.003360682210142274
less:0.017508697812715142
can:0.011013579521499534
bat:0.03287241512991601
just:0.007480181932903732
makes:0.01778966803982149
entire:0.023754256195470076
eye:0.029240936143149068
is:0.0068451624685519465
win:0.02158901530973466
2:0.01241025192417458
their:0.009641296933641491
unless:0.019605486788155997
talent:0.034104866450884674
improvement:0.03247240938954002
count:0.02715522660213255
greetings:0.034864028981235744
offensive:0.03194131633897281
fault:0.02819745223131601
soft:0.03403369893115139
s:0.011855470334828375
