vax.clarku.edu:0.09834966444059354
say:0.014485076139446896
there:0.007005946454787385
nick:0.037981419481415646
watch:0.058689524283577856
braves:0.03668815114585804
with:0.00892866224106179
much:0.013337380683663597
spot.colorado.edu:0.04122480264145585
themselves:0.024705726842158913
hitters:0.04607967872328789
to:0.005260302137751263
that:0.010592507646854253
really:0.014896150711381112
nt:0.005450981310858309
assertion:0.03872073113019365
me:0.008271669316065227
re:0.005709015309590389
boulder:0.04207913787965421
this:0.004007499529552817
big:0.021189164533340132
game:0.022687092426797614
you:0.004242740377165815
includes:0.028761483751391974
more:0.009705488746723098
want:0.02889462546125468
was:0.00675924529848386
as:0.012215483362091883
sensible:0.04542961911763669
baseball:0.11442063633858955
colorado:0.035978638836625644
fine:0.02472638609099664
mind:0.023127143534428525
are:0.014723161410715089
taking:0.02600725216909622
ve:0.013932318313186521
university:0.017941527493119492
strike:0.04021671316044008
between:0.01773180035149928
buck:0.042928188529350576
plays:0.07561452327174473
heard:0.020630895873434155
be:0.004415734787308941
writes:0.005047804511584445
if:0.010231304118525332
of:0.004452837837383328
department:0.02647385940986974
what:0.014052551190788262
well:0.012846319924834693
they:0.00712152385120415
who:0.009870632627739299
zone:0.03725386085695515
up:0.010255422674445683
in:0.002712667204496038
yes:0.02035760206491518
speed:0.025637138678517413
and:0.0029144840800823654
subject:0.00020379356406120838
however:0.01829846491753369
space:0.023339792042084757
i:0.005828968160164731
games:0.10167542875141147
ways:0.02723922428457324
the:0.004027687839636161
do:0.005483342892416004
because:0.013471162586981021
agree:0.02302713877072091
needs:0.025567531012743106
long:0.03634062969631427
people:0.011490634657046698
many:0.014146572729603766
about:0.007519207483373065
pitches:0.04363332837767894
is:0.002050936083134839
deal:0.025162709860767244
length:0.07057625309072836
either:0.019111165703155405
object:0.03228986485597681
expanded:0.04351118836740077
chemical:0.03792292426961741
too:0.04471414964575183
engineering:0.029517171703993123
update:0.03314383352653669
article:0.0061857471779893205
by:0.007560576143642489
john:0.04093860152033352
s:0.014208464447084389
