pc:0.026877758564499057
mark:0.024222773905582178
say:0.015302782050544705
ever:0.021317919813144036
replied:0.04489059906052401
ca:0.01658506932332517
mss:0.04783126933139425
to:0.005557254677785608
remember:0.04488103284711664
most:0.014972544064250306
that:0.0027976179470522323
think:0.011610871189746413
nt:0.0172760939932848
finding:0.03595649467525761
anything:0.018719686696124224
re:0.003015649215952988
so:0.008240408043426775
espn:0.04031381706501969
this:0.004233729341704992
mean:0.021317919813144036
he:0.03847096469807021
on:0.004088780848703951
am:0.01318013190888198
posted:0.027527265520015286
m:0.02207765664703342
more:0.010253379240489724
a:0.0011262130047148347
was:0.0357040779879591
baseball:0.030219966452329095
singer:0.0458404622513013
are:0.005184769206461496
it:0.00276496314306429
not:0.009724354977031691
ones:0.02735991919658755
should:0.013248485018011931
being:0.01569196717681571
only:0.010754324502171666
netcom.com:0.0519199221729216
knew:0.03130721824917548
asked:0.027195974989826056
which:0.010418486552560627
writes:0.005332761217883567
were:0.012510510463486283
if:0.005404438869059752
exclusive:0.0458404622513013
year:0.01995774771136816
who:0.010427845759950389
naive:0.04571542848891448
now:0.013321890305469711
one:0.007929926675609858
in:0.001432900821729762
quoting:0.043457686340867135
or:0.005437995626637784
and:0.009237034221551367
for:0.0026237811525167258
subject:0.0006458941183552814
until:0.023073917140037453
i:0.013855551332327052
we:0.010868902465435242
alan:0.03548937654838096
mail.sas.upenn.edu:0.047210615773844826
the:0.003039326653181665
thing:0.01825751963810449
see:0.014269240011380451
when:0.01054576163583658
because:0.014231631442697693
did:0.013257347124540042
maybe:0.042708275521650386
last:0.01758195606499595
myself:0.026877758564499057
just:0.01894175102364332
actual:0.0327609426349089
time:0.012737983628255754
himself:0.030183721375007813
wanted:0.024557741851178243
article:0.006534942583198395
little:0.018914021789503743
players:0.029934467040628163
jewish:0.24674239922740634
by:0.00798738286142876
