statistics:0.10500236866898395
sells:0.055809098187955514
rating:0.06110327756297055
own:0.025183229283866616
with:0.006498081964328304
much:0.019413298550665904
statistical:0.062484363303832516
from:0.009406358382557507
spot.colorado.edu:0.12000998102290482
sell:0.03866746998867297
to:0.0015313324001009231
bunch:0.04506892245727028
that:0.0038544958381608535
like:0.012940434038985258
nt:0.007934206130249317
re:0.004154894475313006
this:0.0058331382041268785
he:0.03533629350044967
you:0.006175544326763576
books:0.040563754589401785
etc:0.025803599860647064
bill:0.13757839447518744
sure:0.024244933557324485
a:0.001551671250940439
as:0.0177803146714893
baseball:0.08327279644641795
usa:0.04049579651143028
also:0.016483301463106295
nyx.cs.du.edu:0.05223818717798192
business:0.040184041480372974
are:0.007143459795569173
book:0.03455220567426304
yeah:0.043935804935423914
not:0.013398000190576997
have:0.005680562368307254
charge:0.04573614061037595
whose:0.04158646056112188
providing:0.051244353174071625
greg:0.048658539972171365
stats:0.15482011237517357
writes:0.0073473599001951375
of:0.004320901901460859
but:0.007392035802782336
impression:0.052567917935160996
reading:0.036514689404033226
they:0.010365773605641598
in:0.003948437819877566
and:0.00424219349434211
for:0.003614987365689711
subject:0.00029663285435575884
i:0.002121096747171055
group:0.02996795483118495
info:0.032726616215471085
the:0.002512510033296843
do:0.007981310210072185
uh:0.05714022263031796
workshop:0.06895015825327386
can:0.009606288804863482
is:0.011941005639585063
does:0.01353876460375028
mission:0.04995547635337294
article:0.009003698670184456
elias:0.12702146705502093
players:0.0412430434781988
says:0.02845585271586187
john:0.029794204439798286
james:0.15375972300609012
