to:0.007253679789951741
that:0.018258138180761937
through:0.12470859442235929
re:0.019681079093587923
are:0.03383744113690661
stats:0.4889056180268639
forgot:0.2526144887158835
and:0.010047300381336574
for:0.017123624363793367
subject:0.0014051029943167523
al:0.20052706214327534
doug:0.45490941943776697
i:0.010047300381336574
games:0.17525633113730135
mention:0.1986670954882591
the:0.003967121105205542
standings:0.30435038905129547
