since:0.05481703077818305
say:0.025993766770788265
know:0.016902398981620572
knows:0.0478624850841265
kings:0.07148119985255838
to:0.007551776219675785
1988:0.0626041211500998
that:0.0047521181566366685
think:0.039445151439138494
re:0.005122472640796856
wan:0.0749815417815618
you:0.015227369572841693
am:0.02238816926988172
roger:0.12092478831689292
a:0.0019130193504745137
hockey:0.053867174773705555
old:0.03627278194989485
baseball:0.051332545754641204
canadian:0.06647490158551092
jack:0.05855829998301281
logic:0.05688686230406811
hey:0.05279642446070095
it:0.0046966497224653694
should:0.02250427592100657
probably:0.03270169472642751
won:0.05920054088573679
try:0.033375200991005376
has:0.01458595169707604
his:0.025266151253496665
of:0.002663569665284091
wayne:0.1280168878762433
what:0.012608795931460701
explain:0.04924736339743293
who:0.01771305307169655
good:0.022191915772047932
bob:0.05046582210998767
in:0.0024339685191026093
gon:0.06548637492457625
according:0.047116797323098876
morris:0.06734036599128532
better:0.03063309412741648
for:0.004456833738521561
subject:0.000365711738246826
i:0.007845152352550476
than:0.019597277838622754
the:0.0010325383698480178
do:0.009839971491869817
can:0.01184336975942073
contributed:0.0783009043489855
na:0.11940557449398297
gretzky:0.15939037566536665
about:0.013493372333176322
trade:0.057795656114160196
is:0.007360893887415449
2:0.026690541809526146
nothing:0.06999605483564134
him:0.032828976758401476
terms:0.05272793116732142
while:0.029730719258609893
