another:0.015085070274752236
since:0.013611031451725722
simply:0.020807097550227138
out:0.008014810197826258
say:0.03872540763811313
there:0.006243394459708486
played:0.027593217830981804
know:0.008393708337811577
send:0.019954742318885867
where:0.012567733321318107
with:0.003978417529180594
maynard:0.10730883518062165
ca:0.02798025300805879
such:0.013081749683454411
to:0.0065628531432896705
obviously:0.025046891706299024
player:0.07933189863380004
100:0.022983075502252186
that:0.009439581644475559
nt:0.014573031667804865
me:0.007371351567377855
re:0.0025438129440691873
complete:0.02519194455982842
meaningless:0.03732239167232273
so:0.006951092499217143
this:0.003571309104567476
something:0.013541913722200835
on:0.0034490396274781624
you:0.011342836518545342
them:0.019943662197717562
roger:0.06005108535464751
state:0.018079682904357932
m:0.0186233294165452
why:0.012106956327578274
prove:0.02671359414907209
a:0.0019000056133964558
was:0.012047090259882797
as:0.00544295347086407
baseball:0.025491672381556515
therefore:0.02335323483370657
jack:0.029079972100407723
speculation:0.037410169936512576
team:0.021790643324452363
are:0.008747093627227557
no:0.01531626851948993
it:0.00233234986217668
not:0.012304285889305405
ab:0.03556448901822975
have:0.0034778953275350533
stay:0.02686188821942981
cs.cornell.edu:0.03796204439101849
able:0.01794194031367802
b:0.02082250575860028
lineup:0.039823920788821486
edward:0.030748914444779757
feel:0.02072297064113046
be:0.007870221185543827
writes:0.004498383612364369
if:0.004558846392948362
of:0.002645450143751546
certainty:0.04203767861490739
but:0.004525736205785103
year:0.016835106912990828
fact:0.016314742371624755
one:0.013378379697627516
in:0.002417410910129122
required:0.025461098302727678
clemens:0.04169747167222262
morris:0.06688226826345343
total:0.02490486731839729
better:0.06084941146398375
and:0.0038958919845998963
few:0.015548486400723037
subject:0.00018161195164638296
i:0.0077917839691997925
impossible:0.028001718741046497
necessary:0.024522284200554592
than:0.029195944535091042
do:0.00977303291029247
would:0.0063445554156760274
can:0.005881401309100091
ramsey.cs.laurentian.ca:0.07517839848958806
last:0.014831037769112229
ted:0.030520504271081772
is:0.009138524724172242
threads:0.03856267437160133
insist:0.03598111231918702
fischer:0.03786689988778896
their:0.010297167473344993
tedward:0.039823920788821486
e-mail:0.01870541344661406
article:0.005512468573582319
very:0.011858792461111886
going:0.014815072680610084
s:0.004220654971809648
