bradley:0.09867164801758432
c:0.04618031598980285
to:0.007383209786200879
think:0.025709786205867058
really:0.03484635255698082
me:0.019349797864366868
this:0.018749372798979248
chronic:0.10236118818478074
syndrome:0.09729734371158202
you:0.01984996390745435
am:0.02918457779823867
moment:0.07514840713128183
m:0.024443119859215573
sure:0.0389650717885572
a:0.007481272102748545
sorry:0.056739583656046866
hitting:0.08570848724288904
it:0.006122418388213785
have:0.01825895046955903
robert:0.057060929088530415
heck:0.08844198704105856
be:0.010329665306026274
thinking:0.06220583096158313
writes:0.01180825698245647
if:0.011966971781489451
of:0.003472153313673904
what:0.016436466124939843
year:0.04419215564660092
ok:0.05828302125912378
again:0.043604806037643176
they:0.01665927900906685
beginning:0.07232297846673015
chance:0.06419745585736793
in:0.0031728518195444726
subject:0.0004767313730717553
i:0.010226716459574728
we:0.024066855459178034
the:0.002691975035675189
magnus.acs.ohio-state.edu:0.08216702477609626
maybe:0.047284162184684356
may:0.03323259870428269
just:0.020971224347605105
is:0.0047977254801904266
chicago:0.0754053488714979
u:0.06752934792130384
north:0.07168133544483617
