408:0.06711324107028854
above:0.017341758153685
ability:0.02553050742330209
at:0.011222484235088294
say:0.012086273721449322
there:0.005845726022784378
behind:0.06740909046494327
help:0.02726232764384455
swing:0.03728736532456534
with:0.003725015138786926
into:0.011406394286512016
spot.colorado.edu:0.06879553052268429
to:0.005267003159582792
stop:0.021171675889048648
software:0.01793494196484877
might:0.027096625934757274
confidence:0.03661627923757282
make:0.01121070371560321
that:0.01546708521045438
williams:0.1018899534268315
nt:0.009096542060158452
re:0.004763573283798351
michael:0.038276371995843175
barry:0.03349129250860166
voice:0.023098689818064767
mean:0.016837083164521406
he:0.010128236990574748
you:0.01062036285494373
possibly:0.024693972378327014
tell:0.015350478048550656
why:0.011335812612445902
more:0.01619642071109205
a:0.0017789861475750255
how:0.008378108262605887
as:0.00509626853641413
hitting:0.06114236032613741
no:0.00717035500753191
causes:0.027179307639329405
likely:0.021059928693819924
bonds:0.13913563739737966
reason:0.017020458114704
it:0.013102755276686827
not:0.0038401911374265282
should:0.010463771606582673
have:0.0032563733321506554
probably:0.015205246592542729
whether:0.018200373152113532
netcom.com:0.0205034087561856
be:0.003684466605971155
which:0.016457227165828252
batting:0.03424963238131497
thinking:0.022188067094577425
writes:0.004211862363169187
if:0.017073896044927626
of:0.0012384750672976984
gives:0.023162576278956085
but:0.008474945506374653
biggest:0.030780032537737433
necessarily:0.02475963715322422
good:0.010318534085092352
translate:0.03817167389051576
in:0.001131717846461723
and:0.0012159153327732162
4th:0.032417262493087066
subject:0.0001700443114141293
i:0.004863661331092865
improve:0.030211681367495764
any:0.006517753288463741
physical:0.027179307639329405
will:0.02887402152619833
than:0.009112110077830964
the:0.0004800974585917535
do:0.004575273368831189
less:0.017508697812715142
would:0.005940443605760358
specific:0.023344944512550526
thinks:0.028852830722797748
meant:0.025934135537522406
agree:0.019213727254550568
did:0.01047077097734373
prophecy:0.03728736532456534
bat:0.03287241512991601
developers:0.03705572427889098
mental:0.03396331780894384
problem:0.013474938165895442
pitches:0.07281485372580818
is:0.00513387185141396
having:0.016668098040894024
right:0.012355882762995539
lack:0.024710325215940045
does:0.0077610752505574854
him:0.10685100078689906
article:0.005161355925583446
difference:0.02042773150849928
bad:0.034912115245176865
understand:0.019083804222520085
data:0.018690099510865046
john:0.017079480252113668
s:0.007903646889885584
