at:0.033883269709785814
from:0.032560471324237526
that:0.013342485593633725
like:0.04479381013494897
bobby:0.2006972149706447
supposedly:0.1784266813632399
he:0.1223179390400181
a:0.005371169714793828
baseball:0.14412599384956953
should:0.06318508239359537
be:0.022248509889902745
year:0.095183104469602
author:0.15553875954078872
in:0.006833834688249634
use:0.06395305875951339
word:0.11803371216013149
for:0.012513417804310539
subject:0.001026806034308396
su:0.23575108983910484
the:0.005798100076838869
when:0.05029517087860523
got:0.08508283929348362
mad:0.2022358816865562
banned:0.21629202682095872
