since:0.018106983017227886
read:0.010257932406777928
50:0.015616213977956702
defense:0.07102636286421514
beats:0.025720440358196206
split:0.021574328449263377
braves:0.021747275113608164
own:0.010255613735511291
with:0.005292555446059252
4:0.011241038480446513
into:0.008103185081368265
alomar:0.027519910800124302
often:0.014060273250129894
my:0.008599224084437116
single:0.014712337875621607
to:0.0012472390589057293
been:0.006639096774757644
that:0.009418225124917922
nt:0.006462249336854647
12:0.03215732879286911
me:0.004903116200925542
re:0.001692038474109369
this:0.0023754861464770093
amount:0.016825416342202842
game:0.05379202005267851
you:0.0025149275538856194
identical:0.022114359026786302
score:0.021836292152516333
3:0.010594868527772035
more:0.017259081798471392
a:0.0037914139163250545
how:0.0059518687657426446
88:0.04531057462053897
was:0.008013222933044213
steal:0.024383498218405093
baseball:0.01695599927641995
let:0.010430487523768439
also:0.006712656704432428
team:0.02898845763524432
product:0.018058361641387143
are:0.0058182025484273805
no:0.005093872109423122
base:0.017428216540330548
d:0.008243639015280704
it:0.0046541461050674925
not:0.0054561991726331666
unreasonable:0.026406186503568158
probably:0.010801917262575605
palmer:0.02565028566798822
pitt.edu:0.022343102371414496
gordon:0.020300968904294215
between:0.010510705185730343
allowed:0.03467722378386309
robert:0.014458877959084633
has:0.004817984044735525
feel:0.013784057394779085
determine:0.019739644702167613
call:0.012022425782799582
usually:0.014921949059667934
blue.cis.pitt.edu:0.027022169192819648
be:0.002617471751753264
which:0.005845666662975194
stats:0.021016304847308633
batting:0.04866237360965113
credit:0.0218663579566732
neal:0.027022169192819648
writes:0.002992137515916572
if:0.0030323548405584134
of:0.010557859849723366
even:0.015196013101954984
opinion:0.014974260473247463
result:0.015995483986477387
separate:0.019107237723094493
pete:0.02352357241348263
they:0.008442711534006732
pitching:0.15808819443533895
david:0.011296132304726219
one:0.008898741246838213
in:0.0032159222062351223
or:0.006102366133059596
and:0.006910360443272215
0.5:0.027022169192819648
subject:0.00012080070991863483
i:0.0017275901108180537
44:0.04112925824409951
6:0.02659139938967597
walker:0.022051072864004675
offense:0.04502774617253801
than:0.01941992690795649
the:0.004092776524827437
do:0.006500614650737527
thing:0.01024403816798623
around:0.010711287027844506
would:0.004220134145268671
maybe:0.011981507159920019
long:0.021541278236276787
is:0.01215713243849158
argument:0.015921906968958018
time:0.007147103936215899
fielding:0.2010233026578365
lot:0.01121517370255833
2:0.008816332814911353
runs:0.1018585661658824
1:0.01772419811696569
hidden:0.04621630727716324
article:0.0036666646168171993
little:0.010612392316282644
give:0.02138675358693219
going:0.009854369611084537
somewhere:0.017554393931685914
by:0.0044816084833355935
john:0.012133386423447266
range:0.018097538395880877
s:0.005614807971547678
