bottom:0.017124099724614584
since:0.007636723753449165
utterly:0.022071211419750436
at:0.016812309397985326
out:0.017987436627182593
there:0.007005946454787385
know:0.004709447044497335
situation:0.013450886598376328
with:0.0022321655602654477
way:0.006612109998269249
4:0.009481944672437705
ca:0.007849422122489775
several:0.010757447984990063
name:0.010542872159657447
throw:0.03254481356133443
to:0.003682211496425884
job:0.013249956317897618
hole:0.01781278881659238
then:0.006091146373190089
make:0.006717864440266045
that:0.005296253823427127
guy:0.03877477954521606
think:0.01648566443734987
really:0.014896150711381112
nt:0.008176471966287464
me:0.004135834658032613
brought:0.014787758940975828
re:0.0014272538273975973
so:0.003900040448034046
charles:0.031421775991861335
had:0.005856520937718073
fielder:0.024109694190476608
this:0.01202249858865845
he:0.012138421431452178
opening:0.01876277373039629
bases:0.01904988602519624
on:0.003870296375872442
you:0.004242740377165815
scorer:0.02498955548288818
etc:0.008863832013199372
score:0.03683832492905426
a:0.004797151577334945
runner:0.022714809558818345
red:0.02757724393085917
part:0.009348176001577392
stanley:0.01887504046782489
question:0.016664015903413012
therefore:0.013102769162423152
third:0.09759349227738626
rbi:0.0890956827066956
play:0.012221061957177258
base:0.014700900211500193
deep:0.017365631976322675
it:0.0039258255313737245
not:0.0023011832388395606
have:0.0019513382181208124
whether:0.010906330476648185
between:0.00886590017574964
second:0.020990044096582186
walk:0.017522240360589324
call:0.020282107618310743
his:0.00703980550192846
without:0.017154278509942708
be:0.0022078673936544706
which:0.01972354706133615
credit:0.018444523314598383
judgement:0.038342128526076304
get:0.015050083686539569
down:0.009024296095241061
were:0.0059210049521843475
if:0.007673478088893999
of:0.0029685585582555516
what:0.0035131377976970655
but:0.002539248939887062
seems:0.008994225531988847
up:0.010255422674445683
now:0.006305016785794825
one:0.007506190135691774
in:0.001356333602248019
point:0.02520842703732894
or:0.005147415707657139
better:0.008535175081303066
and:0.004371726120123548
gets:0.012737848635087038
wpi.wpi.edu:0.022415299576217216
for:0.007450737318597115
subject:0.00010189678203060419
i:0.002185863060061774
imo:0.02018787599587974
failing:0.020940425861952067
any:0.003905676588888577
allow:0.013382727753338137
the:0.0074799917021814415
do:0.008225014338624008
when:0.004991123827647847
scores:0.05941763418736842
sox:0.04037575199175948
would:0.010679194421042475
can:0.003299870200143944
hits:0.01890363081793618
home:0.011180775007104383
maybe:0.01010653848222261
last:0.008321231114730907
an:0.010281276395745076
hit:0.02732597053381228
trade:0.016103369833334713
is:0.008203744332539356
guys:0.014827006524775766
center:0.01246805661630843
rocket:0.018818494338873972
does:0.004650720665410401
himself:0.014285425383591484
fly:0.03780726163587236
run:0.02043385059837706
matter:0.023060328335118643
batter:0.09117403651317774
1:0.007475282030246979
first:0.007166239806836034
too:0.007452358274291971
loaded:0.01781278881659238
defensive:0.019525620548888137
going:0.008312273603243063
by:0.007560576143642489
s:0.004736154815694796
