read:0.020423451008089386
mark:0.027059675353983695
played:0.03654236955994888
know:0.011115992123047765
help:0.019280114594971143
true:0.04654559985869994
from:0.0076267770669385185
myth:0.051069487681309866
post:0.023266466706587212
several:0.025391453802408977
name:0.02488497753000226
my:0.008560488840813524
to:0.0037248625948400837
player:0.07004077537038202
look:0.04272375359055695
then:0.01437730044843066
teams:0.03726117241236177
that:0.0031252668958060975
through:0.021346516162385826
could:0.027191155951820853
urban:0.0529081845853055
me:0.009762060183824727
re:0.0033688333583618965
ball:0.040167615673260756
prefer:0.036995748694070636
had:0.013823499871010227
this:0.004729571516859631
he:0.014325524392074192
you:0.005007198102781278
used:0.03557591906913271
ta:0.041597781340611095
beat:0.03915254213718767
a:0.0037743354752605273
was:0.007977127334246718
listen:0.03847699432741683
baseball:0.033759241802601876
question:0.019666541291415356
brian:0.134633423955992
reds:0.05273978699060143
it:0.006177575310630125
ve:0.016442645937184093
b:0.02757575086949767
coach:0.04592944391133138
writes:0.005957318837996057
were:0.013975705382633326
of:0.0017517169870787266
forgotten:0.047842350534844834
but:0.0059935425427964885
never:0.019855308386142887
central:0.041264956879424754
find:0.0190670877267873
who:0.011649124993097733
up:0.024206493159502424
net:0.02986614851259894
professional:0.043067615941387985
one:0.00885865682680741
in:0.006402872140341999
yes:0.024025638473008006
and:0.0017198081733819362
for:0.0029310708370457114
subject:0.000240513125153318
i:0.012038657213673552
league:0.03504375737147071
the:0.003395283828779518
originally:0.04098914934951839
when:0.011780850836430053
sox:0.04765066226054498
can:0.007788882814754174
major:0.02951736912358371
william:0.036681615129648806
long:0.02144424545142869
including:0.02864835771648856
white:0.03062134365604137
lee:0.038442804498871316
life:0.025138552732330722
alchemy.chem.utoronto.ca:0.04875931174484431
first:0.01691490837289226
article:0.014600592438136955
somewhere:0.034950640170293576
by:0.01784568423093993
data:0.026435546155007317
s:0.0055895160437479125
