okay:0.08442678697063719
help:0.041962602353760724
415:0.10310064556569531
higher:0.07278184143211554
grand:0.0983291502984065
12:0.06967421238454972
re:0.007332166721140599
something:0.039032574846343586
a:0.0054764867680250785
how:0.025791431318218122
lists:0.09288539075726376
as:0.015688512945431735
usa:0.07146317031428873
it:0.006722655485097489
ken:0.1618067725927377
bb:0.11055701535549149
his:0.07233055064726497
be:0.01134237759093081
batting:0.3163054284627323
writes:0.012965929235638477
were:0.03041771171514312
if:0.013140204309086457
in:0.003483915723421382
yes:0.052291095500076254
or:0.01322179328829579
and:0.0037431119067724496
subject:0.000523469742980751
i:0.0037431119067724496
than:0.05610201106742985
the:0.0014779470784099078
would:0.0182872479628309
can:0.01695227436152379
lower:0.07786240417736504
sgi.com:0.12167674985871858
today:0.05566914246663437
having:0.05131159592981101
average:0.22820712111191688
le:0.10521105074593777
article:0.01588888000620786
april:0.06670889925270808
obp:0.356406515800163
