since:0.019810115083204766
at:0.008722425865885456
out:0.011665119792875841
mark:0.05947770226321169
know:0.02443317080511489
all:0.009446216145012783
saw:0.03363743151619262
with:0.011580740134446483
into:0.017730731712696894
from:0.00838190350920966
often:0.03076554839879907
to:0.0013645536238523078
been:0.014527132546746924
that:0.0034346992617274932
really:0.019320749932583425
re:0.003702381215625451
injury:0.10332925919280717
this:0.005197845924469495
he:0.12595114515011765
on:0.010039778717609702
ray:0.08589641319977565
a:0.00414803205696949
was:0.008766941921795897
as:0.015843844756772644
steal:0.05335399115116361
question:0.021613723597496085
nyx.cs.du.edu:0.046548879663548245
hitting:0.04752153748120581
mnemosyne.cs.du.edu:0.05912771674864497
not:0.005969406025504603
has:0.03162696457088765
anybody:0.03009500143477916
be:0.005727339179578924
what:0.009113288148481497
plate:0.05119080760454581
but:0.006586962596538715
year:0.04900516269722083
slight:0.053239527563034156
in:0.001759204969252381
and:0.0037801724207008895
few:0.022629975256497886
for:0.006442551740833149
subject:0.0002643263058615673
however:0.02373365251680112
i:0.0018900862103504448
we:0.013343999066474951
games:0.03296901278820521
will:0.02244168999808484
the:0.005224030762300368
around:0.0234375686450855
needs:0.033161847155142046
come:0.023774194796726815
last:0.021585767842173247
is:0.007980375056158333
cards:0.03896056895398121
patient:0.04981104997176847
time:0.03127742514660819
does:0.01206424568651015
their:0.014986966520611029
matter:0.02990993081089646
him:0.02372787429072582
wall:0.0444209319589012
shoulder:0.05470903256420517
article:0.008023097824916841
full:0.030590717662606466
give:0.023398378924316898
before:0.021051428388343014
going:0.021562531525244382
mike:0.03163774286096736
says:0.025356700439876912
