at:0.02380986520147111
saw:0.09182109684149878
feet:0.11870437699879277
both:0.060694704927249675
think:0.038912108852123116
re:0.01010650007508569
off:0.059012363458279746
he:0.042976573176222575
best:0.0658155697286874
two:0.050399714396035446
on:0.013702941222683512
was:0.023931382002740153
jay:0.13778833173399413
dick:0.13641377991687276
have:0.013817584139125753
allen:0.12037915331633871
500:0.11269667933377137
screen:0.10103532892178509
hitter:0.14266897867711345
of:0.00525515096123618
separate:0.11412701450821305
occasions:0.1540531263818784
subject:0.000721539375459954
i:0.010318849040291619
back:0.05692856000182534
shea:0.17152953624471765
background:0.11964864865720576
the:0.004074340594535422
when:0.035342552509290165
would:0.025206747192010166
middle:0.10857027824704277
shots:0.13247183729491158
homer:0.1677166011566121
black:0.09539330692551183
s:0.01676854813124374
