ultimate:0.11973612327312842
there:0.020858613308571534
nichols:0.24655726339656522
re:0.008498647790412968
harry:0.11859380884629003
national:0.07395849829517076
had:0.03487292012913944
this:0.011931419053895886
a:0.0031738730132872617
as:0.018184412732204964
hands:0.09103113534897939
have:0.01161933211699211
pitt.edu:0.112223309638241
blue.cis.pitt.edu:0.13572498617302595
sherri:0.2644431232629947
be:0.026293693506248696
neal:0.13572498617302595
writes:0.0150286907049446
of:0.004419104217403151
year:0.05624456173203755
san:0.09177194167283055
who:0.029387565323496553
adobe.com:0.12093890512436348
in:0.008076350086113203
and:0.004338606982849885
subject:0.0006067490202731432
i:0.00867721396569977
we:0.030630543311681135
snichols:0.273384500274179
will:0.051513879313785656
the:0.0017130750227023932
btw:0.08526796637371216
about:0.022386731370951627
show:0.06841065158488256
article:0.01841665637083184
s:0.014100824564909508
diego:0.11793500119007976
