yankees:0.1732110914386649
thanks:0.06040565590655039
weekend:0.15294878354316035
this:0.01590855873852785
on:0.030727807590259996
are:0.05844648923647505
taylor:0.1643715089310435
due:0.10045886317874189
christopher:0.14664103322956284
his:0.05589178913652293
but:0.020160097643951828
dl:0.1791295384786881
they:0.02827029165174981
up:0.040710920313708626
bringing:0.16060017031063725
for:0.00985905645188103
subject:0.0008089986936975241
back:0.1276579830343962
any:0.031008705039054767
the:0.004568200060539715
when:0.079252996535984
15:0.10126699187820133
is:0.008141594754262543
today:0.08603412926661676
days:0.0902500795318234
him:0.07262167585949418
planning:0.1404125530205943
