bottom:0.02116280248985387
some:0.011014498822012775
at:0.016621981367064737
say:0.008950683840884639
lead:0.018227427535942975
11:0.018227427535942975
all:0.004500319955878732
defense:0.01851040824645229
with:0.0027586197018374873
much:0.008241494667735525
4:0.011718252378201316
adjusted:0.029029344096259888
to:0.0006500939434390711
most:0.008757525773429423
randy:0.02365465408122043
teams:0.019509387442321495
been:0.006920945222742637
that:0.0049090277184124075
considering:0.037786509012783895
think:0.006791264280795071
control:0.014385067311042563
walks:0.0270388044261685
nt:0.003368295055294521
its:0.00975388941525552
attention:0.020022068129823857
seattle:0.09181823886981996
re:0.001763870296123446
so:0.014459583925258304
anyone:0.007891107309629204
charles:0.019416286108178468
error:0.017761595090433954
this:0.004952664512937915
getting:0.012793403642569274
he:0.0300025133494384
game:0.02803782177274045
fair:0.01991839404152775
on:0.0023915510624494805
dare:0.023730736071455732
roger:0.02081959798852166
m:0.00645667317035883
fun:0.019416286108178468
more:0.0059972595557581405
a:0.0006587283612482995
beating:0.024949167504341944
was:0.00835340692548477
faced:0.02770192683475901
red:0.05112196634352667
season:0.03601164555373319
lucky:0.022460830365738538
also:0.013995255959241192
walked:0.02558613110719073
streak:0.028912869508569458
athena.mit.edu:0.023053176155281945
far:0.011742349396799063
are:0.006065201713219108
early:0.01652236367355321
it:0.004851727779339226
not:0.005687830269584574
have:0.0024115594959794946
won:0.020385091908767857
only:0.006290265274855125
ve:0.008609121221827519
against:0.01218528675546154
hope:0.013624818573773798
second:0.01297026309741635
mo:0.026322738327734515
his:0.017400273976464684
johnson:0.021779970418904865
pitch:0.023542783672648185
be:0.0027285908355541098
boston:0.01966876007240349
14:0.017612513300738996
writes:0.0031191622217809543
get:0.006199877241939256
were:0.007317468384303297
of:0.005503035440539773
helped:0.02220425455410741
but:0.012552513627366231
least:0.01135689803163435
again:0.011518250651452915
must:0.02186283422150469
they:0.017602257066183843
up:0.012674154437286648
good:0.007641555902639147
in:0.005866782609723742
point:0.010384603590849343
clemens:0.057825739017138916
and:0.003601862400856508
for:0.001534664447698462
subject:0.00012592904194348253
i:0.002701396800642381
6:0.02772027955244523
games:0.047120806013331025
wing:0.026457518386432892
caught:0.021298227517601187
actually:0.011529783618401342
pretty:0.04072669891867396
will:0.005345779928789077
normal:0.017794163559049732
than:0.006748119255752175
the:0.004622070344272495
when:0.006168275673791207
sox:0.12474583752170973
start:0.013290387206992983
got:0.010434687837880065
would:0.0043992907835112074
last:0.010283785622922158
thought:0.012663143420715626
people:0.0071003450003448935
including:0.014999847672312404
hit:0.01688538745249721
is:0.003801971135245244
win:0.0799404576327439
night:0.015791673804641623
gave:0.017508839212442888
time:0.007450518725960913
tonight:0.022922140475531587
man:0.01367004405092075
first:0.008856390704674722
too:0.009209989942757058
dark:0.02175467823427569
almost:0.014254683633323434
position:0.016239825269868922
article:0.003822324907153778
already:0.0137065392514026
april:0.016047895574943925
playing:0.018893254506391947
by:0.01401559634175235
7th:0.026001731425635385
s:0.005853172460905833
