thanks:0.044297480998136955
where:0.08210919103261163
ohio:0.11272035062345263
from:0.018812716765115013
my:0.021115872474006696
weekend:0.11216244126498427
to:0.009187994400605538
appreciate:0.08531585189809987
next:0.05951955608331501
cubs:0.1227913841996605
game:0.06604464684245528
on:0.011266862783095332
am:0.03631858570447479
etc:0.05160719972129413
state:0.059060297487569254
a:0.003103342501880878
fine:0.07198125728712357
advance:0.07030002703725888
are:0.014286919591138345
month:0.08830674420860575
d:0.04048542716393412
stay:0.08774883485013739
what:0.020454268955480696
in:0.007896875639755132
visit:0.10908058820867426
or:0.014984699060068564
for:0.007229974731379422
subject:0.0005932657087115177
i:0.00848438698868422
any:0.022739717028640163
see:0.039319683586915025
magnus.acs.ohio-state.edu:0.10225229749914201
would:0.02072554769120836
replies:0.09959573859581351
advice:0.08644126818296108
first:0.04172344065313425
chicago:0.18767553496906145
e-mail:0.061104350592272594
planning:0.10296920554843582
