since:0.01299234820392001
simply:0.01986132038885318
manager:0.02549933986956882
behind:0.04581483637660647
opposing:0.06998380657490293
ahead:0.05612518811245177
situation:0.022883975901133755
means:0.018406462470381513
with:0.0037975803687632947
much:0.011345434217921634
such:0.012487124697842848
clark:0.06512709954829522
awesome:0.037222250249011185
to:0.007159476156316005
matt:0.03187419785318404
important:0.02040499540891703
indicates:0.0319210825802846
that:0.002252627437886213
williams:0.1731247044157202
really:0.012671400929811208
nt:0.004636873712483367
clutch:0.03357319200038394
me:0.007036290132497044
re:0.0024281850829751335
so:0.006635133749252728
barry:0.10243116085422975
national:0.021130999512905934
this:0.006817953745083364
he:0.010325540308572956
best:0.01581283168806126
consistent:0.030268291248239924
imho:0.028114751015299033
why:0.023113280261740345
more:0.008255967700134583
a:0.0027204625828176525
want:0.012289597192936244
as:0.0051955464949157044
definitely:0.027635400935849246
pitchers:0.0684206418703591
giants:0.10430774089848494
balls:0.03345293844345383
bonds:0.2127691078382007
it:0.004452667918700935
not:0.011745000167064252
have:0.0033198091762834604
left:0.03797928809740989
walk:0.029810564769314308
edward:0.058702473030943184
batting:0.2095009980727188
writes:0.004293911629984172
get:0.017069791886897695
hitter:0.10283283528025708
of:0.005050404819889316
breaking:0.032828627660642776
reasons:0.02361379529737731
order:0.018209849747613586
good:0.010519544489347398
in:0.0034612928940485157
heading:0.03661303755279264
and:0.003718805985299901
4th:0.09914630281976627
for:0.006337964861923519
subject:0.00017335686293518376
create:0.02469380318989363
league:0.02525881213138473
impossible:0.026728913343726207
will:0.02207737684876528
the:0.003915600051891185
do:0.0046644020708214076
leland.stanford.edu:0.06554947866135444
simple:0.021423302317897668
an:0.011661014786516061
makes:0.01813622001462321
middle:0.026085066851562224
pitches:0.03711666245114248
hit:0.02324481909045071
is:0.01046776468405184
having:0.016992801249482867
right:0.012596581777859089
2:0.025304020157083232
1:0.012717687609900706
fans:0.02670779623082765
change:0.019298760440977194
article:0.005261901820237669
