believe:0.04099380906283661
800:0.09055991104909031
4:0.046873009512805264
from:0.015973061404342934
ext:0.10303912769522926
antonio:0.23130295606855567
to:0.0026003757737562846
appreciate:0.07243798746065083
provide:0.06371614487327196
me:0.020445069441595184
need:0.036249094179193135
anyone:0.031564429238516815
game:0.0560756435454809
score:0.27315965466260994
a:0.005269826889986396
was:0.01670681385096954
it:0.012937940744904602
if:0.012644347542705835
distance:0.08904030987014669
san:0.22856408114742702
box:0.11956750983798517
210:0.11153348622257937
5:0.049035337489012884
u.s:0.06656117737733393
rep:0.10376028265410092
for:0.006138657790793848
subject:0.0005037161677739301
300:0.07848152141853494
i:0.010805587202569524
joseph:0.15412070296768873
the:0.004266526471636149
jr:0.08816257372609208
would:0.01759716313404483
can:0.016312565895051194
long:0.04491153292657707
15:0.06305303267888007
suite:0.09979667001736778
april:0.0641915822997757
tx:0.17876056334416798
