another:0.02132216663835172
boy:0.043604160626152196
from:0.008140117831059382
to:0.0013251915000873373
franklin:0.11933681236143553
that:0.0033356213984084312
think:0.013843731033928417
re:0.0035955817574824093
happened:0.03242597018017722
so:0.009825101897931924
national:0.03129013389411071
on:0.014625254574210288
you:0.005344221052006941
ray:0.04170931602489106
more:0.024450365881167807
a:0.00805675457219074
other:0.013262576806076065
baseball:0.07206299692478477
drinking:0.05181493371411082
business:0.034774651281091994
are:0.006181840207704092
those:0.01784534282968808
reasonable:0.03594526125101969
it:0.0032966868244228074
between:0.022335248519676977
sports:0.046150723900017177
has:0.01023821609506299
greg:0.0842167037979889
network:0.035322016057976705
his:0.01773489462985824
without:0.021607793123100915
coast:0.051485231084508594
affairs:0.051377795501834314
things:0.021487749309040863
of:0.003739242030110359
what:0.01770080967301214
pete:0.04998759137865059
together:0.03422082924471376
who:0.012433200713787004
sounds:0.03425677464962344
one:0.0094549125747656
speaker:0.05065759061555433
world:0.02424279508396805
sword:0.05560247492283283
and:0.0055066934782325465
for:0.0031283544510776347
subject:0.000256701508577099
i:0.003671128985488364
rose:0.04740812996908635
held:0.039090846916330545
sad:0.04549146744388932
favorite:0.046466010657930545
actually:0.023503020452895047
than:0.027511563119605023
the:0.004348575057629152
radio:0.06898750693783974
an:0.008633635947709007
locally:0.05893777245977621
about:0.018942618852343683
interested:0.027664194378989617
threads:0.05450685704447496
argument:0.033834052309035786
east:0.0391505699941444
lot:0.07149673235380935
hear:0.031862322733257765
ignorant:0.0480664741929081
pm:0.09997518275730118
dog:0.04784198030832164
show:0.05788593595643909
opinions:0.027457789956923485
by:0.028570254081264408
s:0.01789720040930822
