out:0.007317870180623974
attitude:0.02730660267611629
know:0.007663820656262744
all:0.023703548587485492
differ:0.033842554334463315
your:0.007825665976281133
with:0.003632468178817064
floor:0.03053320942462005
alomar:0.07555155635810522
to:0.005992170261264482
player:0.024144490888547837
city:0.06856743351216879
jays:0.03291804733075173
that:0.002154687114499856
helps:0.02627311985175753
like:0.01446756600631892
really:0.012120470454602024
toronto:0.02495093351018995
me:0.006730364474562389
re:0.0023226118184979535
happened:0.020945968315145534
so:0.006346649673198261
had:0.009530487488708914
this:0.006521520973557999
he:0.019753207546835218
game:0.036919367800130276
on:0.006298246276264471
great:0.031319884332082944
them:0.00910471535113193
vs:0.021221192205362373
m:0.008501954733640198
more:0.007897012582737428
a:0.004336969334926693
other:0.008567130359204414
beer:0.03311950867083343
series:0.022281679259426496
plus:0.02221055809925261
no:0.013984419083012544
likely:0.04107340130347488
play:0.01988769088683504
d:0.011315802623459846
it:0.004259073661366111
not:0.011234347985887544
have:0.003175469646879831
probably:0.014827476490864647
ve:0.011336234155449902
recognition:0.03530569763454261
indians:0.03399784192580131
left:0.018164007350935162
has:0.006613506048984788
which:0.01604835195673935
notes:0.029057853593773407
writes:0.004107219819984859
down:0.014685500477969925
fill:0.030015311232452026
of:0.002415411000816629
opinion:0.020554730214830366
but:0.012396581781063546
year:0.030742369145461513
who:0.00803138431201148
one:0.006107521166308214
in:0.004414402531540136
star:0.08554335977281496
seasons:0.03613508516637194
and:0.0035571187685477317
gets:0.020728672934116794
for:0.004041600781516446
subject:0.00016581960802495836
al:0.023664684352311997
steven:0.027866547377944226
i:0.005928531280912886
games:0.041364848342965534
any:0.006355821529744145
will:0.007039163632939654
unfortunately:0.022868901123142587
than:0.008885722249810317
the:0.005149865285639493
thing:0.014061692143633269
less:0.017073699109293648
start:0.017500385639021815
did:0.010210627599024628
put:0.015450057761160119
last:0.027082764621857113
during:0.036377260991335036
many:0.01151056538868381
about:0.00611811292125386
is:0.005006322240198706
number:0.01554201769191154
time:0.019621241862157933
their:0.009401761606097602
votes:0.10650868355545233
every:0.015106512589673268
him:0.014885188219647873
article:0.005033123480227335
stands:0.02969257993474575
four:0.021789106528093002
s:0.011560924488000342
