say:0.041250977701468336
played:0.04408916327341658
philip:0.06304401233354873
incidentally:0.06514079131316276
your:0.013694915458491984
name:0.03002426636772012
nl:0.05772283597138888
to:0.002996085130632241
association:0.051825288992252236
aka:0.056300666395749634
published:0.044566274072951634
h:0.03840415352494039
been:0.015948265078493905
that:0.003770702450374748
son:0.046382079341029524
like:0.012659120255529056
nt:0.007761723388287375
re:0.004064570682371419
samuel:0.06050472047288019
national:0.035371455706386015
he:0.06913622641392327
brown:0.10096963850554798
1989:0.051425137110483576
includes:0.0409538518633951
a:0.0030358785344486846
was:0.009624577544580277
season:0.04149167857277955
also:0.01612496882260398
needless:0.0632363990411509
course:0.02658860652065238
stars:0.05416617389303653
hitting:0.05217038353914985
relatives:0.060656744842170845
not:0.006553369658434401
has:0.01157363558572338
list:0.03164813692306065
considered:0.03742220605665448
of:0.010567423128572753
phil:0.04816798207245644
pro:0.048921371201698066
sounds:0.03872504960392215
over:0.02180370383173215
in:0.005793903322646428
according:0.037386154397676286
seasons:0.1264727980823018
and:0.00207498594831951
for:0.0035364006838268913
subject:0.00029018431404367716
league:0.08456211017898366
yet:0.028587703724849606
the:0.005735077249916708
century:0.04856328255257465
major:0.03561334752954122
na:0.09474572758761692
long:0.02587294831639766
five:0.04316285448962627
hit:0.03890980586879792
is:0.002920354640115912
first:0.061224614001881776
although:0.03434499409516041
jewish:0.1662829212184695
three:0.031722695722526874
by:0.02153120597428622
s:0.006743872618000199
