yankees:0.06495415928949934
some:0.013267464490151752
grass:0.07283083179586235
all:0.010841679893707854
ever:0.06007777401886047
with:0.006645765645335765
modern:0.0466650921027482
to:0.001566135409194126
line:0.03208867896370442
next:0.030436136633513355
been:0.016673186218425447
quite:0.030184083887606836
could:0.017148967674159743
me:0.012313507731869826
re:0.004249323895206484
this:0.005965709526947943
off:0.024812016454049436
he:0.018069695540002675
best:0.11068982181642882
you:0.012631795213834588
baseball:0.08516536000201837
mattingly:0.07212037319380174
are:0.0073058111545593815
not:0.006851250097454147
should:0.018668319798107725
kind:0.03131280337458023
always:0.06038536586360699
has:0.012099709930528989
be:0.013146846753124348
greatest:0.11325654541271275
writes:0.0075143453524723
of:0.011047760543507878
totally:0.046812673870098326
what:0.010459569352234447
smoking:0.06810173637285198
in:0.010095437607641504
clearly:0.04130125427755005
and:0.0021693034914249424
subject:0.0003033745101365716
don:0.050665969769681185
silly:0.05309791372139638
will:0.012878469828446414
the:0.00770883760216077
maybe:0.030089921390253682
put:0.02826658294939522
is:0.012212392131393813
history:0.07547744555342911
first:0.12801510200393462
him:0.027233128447310316
article:0.00920832818541592
very:0.01980957377026645
era:0.05735579382868514
happy:0.04316017146005706
share:0.04637555704250973
