philip:0.20000169429953388
someone:0.07598131429872482
aka:0.17860901063479193
h:0.12183386635498332
could:0.05203824673538129
me:0.03736512691050154
re:0.012894500095798983
brown:0.32031747387966947
curious:0.14780249451108604
am:0.05635642609315054
baseball:0.25843281655784883
ve:0.06293564479404945
abstract:0.3858348386532189
heard:0.09319473653171981
of:0.006704847778128919
but:0.022940800767255527
never:0.07599790451247794
phil:0.15280877071262045
bob:0.2540693113123517
in:0.006126886272223809
subject:0.000920584720414424
i:0.013165428085889306
the:0.0025991483103070794
clue:0.17491088889846096
