simply:0.032888638063262254
believe:0.0233620632293585
braves:0.05167900860330542
ron:0.04556234770134447
much:0.01878706311354765
social:0.046686475182540925
make:0.03785119319031621
that:0.00746031452547262
r:0.03333569641644226
like:0.01252300068288896
nt:0.007678263997015469
me:0.011651491187145643
re:0.0040208656212706514
drag:0.1683266964269923
game:0.09587126154549959
you:0.011952666438897246
theodore:0.0584557113468471
a:0.0030032346792395596
kick:0.059559519455020034
jason:0.04903114702992521
course:0.02630270752580666
bags:0.1293432044307944
it:0.0073732350481714405
not:0.012965806636042257
only:0.01433909933622889
writes:0.007110348290511424
get:0.014133053497754004
of:0.010453794922889175
what:0.009897226913942271
plate:0.055594317936119644
but:0.021460749104851944
nature:0.0409937112070943
up:0.02889162086779322
in:0.001910534428973016
better:0.024045331949477455
and:0.0020526742714558595
for:0.0034983748700223014
subject:0.0002870640526023473
gant:0.06761024022614645
i:0.004105348542911719
body:0.0763372284661194
will:0.012186078977454672
the:0.006483896860120886
wrong:0.02842389308419205
do:0.007723848590392437
would:0.010028490818326624
can:0.009296408520835629
home:0.03149852743936934
did:0.01767646283272006
an:0.009654818694212223
just:0.012627834015762215
ted:0.048242087396226034
umpire:0.14001926650206084
is:0.005777905954637934
lee:0.04588334730510448
expected:0.04461686305073477
dead:0.0368955068259262
update:0.046686475182540925
show:0.06473265956418996
article:0.00871325677759786
little:0.025218695719338328
players:0.03991262272083755
understand:0.03221674476274897
