inning:0.3175536676375523
re:0.020774472376565028
winner:0.30624261456859453
best:0.13528755999785744
game:0.1651116171061382
a:0.015516712509404389
also:0.08241650731553146
schmidt:0.3433077086884104
not:0.033495000476442494
only:0.07408534657051592
johnson:0.25651965160043505
but:0.03696017901391168
subject:0.0014831642717787943
psuvm.psu.edu:0.27771740644791343
mike:0.1775228904976502
john:0.14897102219899142
s:0.0344686822697788
