since:0.012274979284685161
out:0.007228080362456809
behind:0.021642591417169926
all:0.005853176875130621
inning:0.035067276180833995
take:0.013041405707581003
with:0.010763694051341362
such:0.011797651555017169
clark:0.0615311247266102
415:0.0322584841954016
single:0.019947402886578987
to:0.003382083828443757
matt:0.030114272818345656
then:0.01958135398497918
potential:0.02629614933019322
that:0.0021282492357943363
williams:0.065426268662628
think:0.008832809984837762
protection:0.02595075028302431
helps:0.02595075028302431
like:0.007145024929501063
nt:0.0043808500105671075
hot:0.02566636924393504
could:0.009258338376233482
need:0.011786515285259118
re:0.0022941135139765063
barry:0.0322584841954016
this:0.0032207511556528773
clayton:0.02952553669404048
getting:0.016639273449231204
he:0.019510836902088775
big:0.017029328551334707
bases:0.030620062200008683
on:0.0031104835904250915
you:0.010229429252921262
why:0.010918543436527647
a:0.007710758977065985
other:0.008462012195287796
want:0.01161103047676185
steal:0.03305983500777623
also:0.009101209396807156
pitchers:0.032321407509310736
giants:0.06569894518759378
are:0.003944241604915494
base:0.04725933564923989
bonds:0.2010211202888522
not:0.0036988344084415026
ken:0.05062665890938419
try:0.014947175903947195
only:0.01636240783152499
terrible:0.031067343002512293
walk:0.056329165330974276
has:0.006532358735500313
glad:0.02846069764076219
be:0.00709768413665609
batting:0.06597781943394417
if:0.008222704536974348
of:0.003578661084032
outs:0.03547642571763567
year:0.01518258108104081
2nd:0.026789183132451058
order:0.017204397921058233
double:0.027105217086132703
up:0.008242088161671072
thompson:0.07182964853934673
good:0.009938710744536805
in:0.003270178562475285
or:0.004136880108607886
better:0.013719115774855234
and:0.0035134731394857966
gets:0.04094866677782582
4th:0.031223989027083857
subject:0.0001637850116074742
i:0.002342315426323864
back:0.012922433865445015
caught:0.027700762170131607
will:0.0069527935270140145
the:0.0032369761165174054
do:0.004406858398199366
see:0.010855127370620712
when:0.016045085188266698
less:0.01686420586868882
can:0.010608171686352311
because:0.021653034342263976
bat:0.031662387579121556
last:0.013375230380733115
sgi.com:0.03807063952634753
problem:0.0129789281720588
pitches:0.035067276180833995
hit:0.021961362821652817
eye:0.028164582665487138
draw:0.025906132127631182
is:0.009889789946895605
unlike:0.028294428132922985
lot:0.015205849007763134
himself:0.022961849389576496
2:0.011953432834941158
run:0.016422297106671133
circle:0.03342730826900978
stealing:0.036029499932324606
him:0.029405095746789053
before:0.01304413660872788
by:0.012152582513094062
especially:0.0191735932975297
s:0.0038063575512639163
driven:0.028879153162397368
