vax.clarku.edu:0.08589204027811836
all:0.012720904408617216
ya:0.0680920260550205
generate:0.06253078410697673
sell:0.04640096398640757
to:0.0055127966403633235
implement:0.06786013615219559
that:0.004625395005793024
think:0.019196640367047404
suppose:0.0513885198084156
could:0.020121455404347434
re:0.004985873370375608
he:0.021201776100269805
game:0.03962678810547317
you:0.007410653192116292
them:0.019544788953763215
how:0.017538173296388324
baseball:0.049963677867850775
wise:0.0652578734952382
let:0.030735169903371
are:0.008572151754683007
those:0.02474554205716747
plan:0.05207418929918142
it:0.013714217189598879
sex:0.115350600161502
only:0.017780483176923823
be:0.007712816761832952
writes:0.008816831880234166
get:0.017524986337214967
things:0.029796345708536662
if:0.008935338930178791
style:0.06121102632632538
america:0.052503180726219505
unfortunate:0.07478658530565031
seems:0.03141982785841438
over:0.026745876700258107
bob:0.09824013370744268
in:0.00473812538385308
and:0.002545316096605266
word:0.040918353548845585
subject:0.00035595942522691063
i:0.002545316096605266
we:0.017969918742852933
face:0.0478569545459408
any:0.013643830217184098
the:0.004020016053274949
do:0.009577572252086622
interest:0.04870379995557181
got:0.029495384288407655
can:0.02305509313167236
fan:0.05332741313986231
uniforms:0.08943474915455846
here:0.024005345408311948
is:0.003582301691875519
violence:0.06276402620627695
very:0.0232432332237793
already:0.03874381761729802
todd:0.13572027230439118
favor:0.0634892805004876
s:0.03308993497898764
