say:0.0790643739278143
ever:0.11014258570124419
from:0.03527384393459065
to:0.0057424965003784615
most:0.07735814433195991
re:0.015580854282423772
best:0.10146566999839308
came:0.12578028051991444
impressive:0.21908887182710252
d:0.07591017593237648
have:0.0213021088811522
drives:0.16862677715648589
ve:0.07604723745947642
his:0.07685121006271903
and:0.007954112801891455
subject:0.0011123732038340957
p:0.14025533498463957
i:0.01590822560378291
don:0.185775222488831
the:0.003140637541621054
see:0.07372440672546567
dave:0.14609477797394133
donald:0.23023384537436342
