some:0.014778947786498154
at:0.022302911707707113
out:0.01491363416557544
there:0.011617455513634778
all:0.012076807982864445
damn:0.05445363110585578
send:0.037130976213623074
braves:0.12167462785082034
with:0.00740287818720946
ca:0.02603226071002938
someone:0.02789187486915215
name:0.034964968428231026
my:0.012028028624434193
to:0.001744555898849153
player:0.04920586117792661
that:0.008782395580619665
think:0.018224658576310827
nt:0.009038969009144792
could:0.019102647535772878
me:0.04114893723055233
he:0.020128268449623232
something:0.02519824452105725
on:0.006417833230877088
you:0.007035430245680024
a:0.0017677267415777153
mind:0.038350073455824515
no:0.028499892055253412
it:0.00867988429721448
ken:0.10445753673708383
being:0.024630429492723396
try:0.030840375599283452
kind:0.0348800847716843
has:0.013478157897298114
feel:0.03856046435754655
quit:0.06368248160947614
his:0.023347203057028566
stats:0.05879244773740768
sort:0.039714700096975065
if:0.00848291670586594
of:0.0073838197050280505
even:0.02125518288311425
what:0.01165116586071685
years:0.028225005354182195
again:0.030909735925417948
up:0.017005827472814997
or:0.008535588072190953
use:0.02104784212338415
few:0.02893199368235806
for:0.008236680073723392
subject:0.00033793616319010504
i:0.004832878664440378
pretty:0.036430633631894006
the:0.0019082354683267165
come:0.03039485663885327
last:0.02759699432986706
about:0.012468559244580651
is:0.006801838655459845
fool:0.06259823547557115
first:0.047533033655469396
handle:0.05142223907251523
him:0.030335636751434275
meaningful:0.0731981948351217
give:0.029914383181721602
s:0.007853623808304028
