say:0.012821249826132051
there:0.006201209362007754
case:0.01670007504936997
your:0.0085130555552788
with:0.007903072659318208
though:0.016794217578450538
viola:0.13197761943944247
starters:0.1582193609718043
wrote:0.0174025336127896
hitters:0.040786742653721036
to:0.0009312156487100209
everyone:0.020658869983196645
that:0.007031850515563719
think:0.02918408163909234
nt:0.004824855079205666
toronto:0.027142569561760692
me:0.007321545137868546
re:0.01010650007508569
michael:0.020301994605903307
chen:0.037898607418403875
on:0.006851470611341756
you:0.015021594308343834
rotation:0.036984138851716294
e.g:0.02742753527156281
why:0.03607545770582446
more:0.008590669093383282
sure:0.014743540676751377
a:0.0037743354752605273
how:0.008887587819115705
other:0.00931964856643183
want:0.01278782410616339
nyx.cs.du.edu:0.03176646517579982
jack:0.028883485802432
it:0.002316590741486297
have:0.010363188104344315
made:0.015713375350797306
only:0.009010379988305992
ve:0.01233198445288807
money:0.020947430856277906
completely:0.024304011061077505
left:0.03951898896622381
craig:0.030844498265476458
has:0.007194422120855075
usually:0.02228209960936901
greg:0.029589652685779885
signing:0.08042270411365414
writes:0.004467989128497043
understood:0.03238678645453714
making:0.020774372911300024
even:0.01134567194436504
park:0.030346231547601125
stadium:0.038731260394241365
younger:0.03830211576098241
never:0.014891481289607166
sense:0.022204878691641828
meyer:0.042680674850708596
well:0.011370729122657736
they:0.012607021952807348
yankee:0.04035067156495366
in:0.001200538526314125
morris:0.03321518052272857
better:0.03021913339596491
and:0.0025797122600729047
seriously:0.026195632860792847
subject:0.0001803848438649885
however:0.01619661421754671
i:0.009028992910255166
face:0.024251835073956486
stupid:0.026092474265314546
any:0.006914103150600049
schedule:0.03444708293349853
than:0.01933244975972245
the:0.002037170297267711
do:0.004853499452070924
when:0.008835638127322541
would:0.006301686798002542
effect:0.023421442260962204
agree:0.020382129587597563
an:0.0060668793146063296
just:0.007935057861255987
batters:0.08098584865960777
makes:0.018871472177378206
people:0.010170764459953496
many:0.012521628564716848
is:0.012707489109693564
right:0.02621450802419324
time:0.010672364661511578
spot:0.03260689571423047
insist:0.03573799669540873
does:0.016466065058615205
unless:0.020797712336084403
loaded:0.03153345047261624
answer:0.020515344879249033
understand:0.04048861166129262
handed:0.07681374755623462
mike:0.02159062181728178
main:0.02512443926774884
s:0.004192137032810935
