since:0.0111777744324228
simply:0.0170873929602424
correct:0.01828054435855558
behind:0.03941611621227596
opposing:0.030104765956801817
ahead:0.024143237344462495
means:0.015835727488484653
with:0.006534384098207233
much:0.0097608763662566
clark:0.08404670388634745
to:0.0061595493188417024
matt:0.027422494242404144
otherwise:0.01985131190844713
important:0.017555135714934205
matthew:0.023945655535315614
perhaps:0.01613665663486059
potential:0.023945655535315614
offset:0.03452256288486808
that:0.005814044001695142
williams:0.14894527642469782
think:0.00804328506999193
really:0.010901652196597353
nt:0.0039892656520806626
clutch:0.02888419870424093
re:0.004178106176292409
so:0.005708439091535867
barry:0.029375044267321012
national:0.018179742597695607
this:0.0029328627841978716
mean:0.014767720987876317
getting:0.015151964090640705
he:0.03553370296134604
best:0.01360433564224265
consistent:0.026040876269435465
two:0.010417818059515707
bases:0.027883073400007907
you:0.0031050222871995634
suggest:0.020510613436369375
imho:0.024188109812044976
3:0.01308081533317106
why:0.009942584246670428
more:0.02130869875677194
a:0.0015603398054149665
want:0.010573173003978668
wasted:0.03202361194607666
definitely:0.04755141613542775
pitchers:0.029432343150936596
stolen:0.027422494242404144
giants:0.059826413774177585
balls:0.0287807403368262
are:0.003591683696096232
bonds:0.24407033599316877
reason:0.014928558234684513
not:0.0067364246768264234
have:0.00285614867680253
being:0.010870413016341611
between:0.012976904167857014
walk:0.025647078069689404
has:0.005948460747969559
feel:0.017018305498582
absolutely:0.022360104721495164
be:0.003231627134846209
batting:0.12016072142718323
get:0.022028614111024396
hitter:0.08847070744781894
of:0.0032587807636715975
breaking:0.02824362379742451
what:0.005142134653612465
must:0.025893412597536282
good:0.009050334365136867
chance:0.02008412026822684
in:0.007940992263440916
5:0.014518842943674207
and:0.005332366124173042
4th:0.056866035881728144
subject:0.00014914501056993463
i:0.004265892899338434
becomes:0.024054559416215066
league:0.021731045073928763
any:0.005716688638484957
runners:0.034381122616799424
will:0.006331314775996002
than:0.015984371868373867
the:0.003368728536263924
do:0.00401294926763406
when:0.007305443814769475
would:0.010420666436920403
leland.stanford.edu:0.028197261770526772
extra:0.021702098935705315
drop:0.024188109812044976
an:0.005016190718221993
pitches:0.03193277104735163
hit:0.03999667195451854
is:0.006003857584148915
stuck:0.026567061828428204
having:0.029239009971177222
production:0.026813828411183165
spot:0.0539197828570515
2:0.01088496956477882
run:0.014954382281493827
slow:0.022941497793529837
fans:0.022977657092443902
little:0.013102450848594772
by:0.005533159077190872
s:0.003466124474055968
