some:0.008648421297284105
read:0.016792615273317938
out:0.00872723777096637
mark:0.044498132804328745
know:0.009139815745617052
help:0.015852538666976276
true:0.019135413275243308
ever:0.019580904124665635
hand:0.023386958929279063
miller:0.07054364500054178
times:0.020818341788837236
from:0.006270905588371671
myth:0.041990467649077004
signals:0.03763649235350575
post:0.019130205958749487
name:0.020460981524668527
to:0.007146217867137641
player:0.05758908197120299
look:0.03512841961890238
that:0.0025696638921072355
guy:0.025083931458880517
could:0.022357172671497148
urban:0.04350228510347341
re:0.0027699296502086707
so:0.007568967388036445
ball:0.09908011866070987
prefer:0.03041872670401364
this:0.011666276408253757
game:0.022014882280818427
on:0.003755620927698444
you:0.004117029551175717
used:0.02925131123462023
ta:0.03420262021339134
a:0.007241132504388715
was:0.013117942727427936
baseball:0.08327279644641795
question:0.016170267284052627
also:0.010988867642070863
jason:0.06755402479678585
stress:0.04154810294758351
frank:0.029008699085560165
book:0.023034803782842027
it:0.005079339699851437
have:0.003787041578871503
worthwhile:0.041990467649077004
only:0.009878046209402124
whether:0.021166359888013516
350:0.041029891180124914
strike:0.07805021368915038
able:0.019536779452671623
b:0.045346790318729506
has:0.007887218325085564
pitch:0.03697088991556604
be:0.004284898201018306
writes:0.004898239933463425
were:0.011491135536831846
of:0.002880601267640573
helped:0.034868903447931636
forgotten:0.039337043773094646
but:0.004928023868521558
order:0.02077271748987031
they:0.0069105157370943976
find:0.015677383242025115
up:0.019903116597813107
net:0.02455661099924802
one:0.0072837845020416484
in:0.003948437819877566
yes:0.019754413855584362
or:0.009989799373379042
for:0.002409991577126474
subject:0.00019775523623717257
i:0.005656257992456146
developed:0.03138739508314841
league:0.028813756060987027
the:0.0039083489406839785
originally:0.033702189465159564
century:0.03309497773953236
major:0.024269836834946608
long:0.01763193514895248
about:0.007296416150532382
doctor:0.0326297858785025
alchemy.chem.utoronto.ca:0.08018197931374399
1:0.014507584384627471
him:0.017751965210098575
late:0.028549177671341998
article:0.012004931560245942
somewhere:0.02873719302890805
by:0.014673118145439498
john:0.019862802959865523
