believe:0.07242239601101134
ca:0.06855161986974403
nt:0.02380261839074795
re:0.012464683425939017
michael:0.10015650672245631
you:0.03705326596058146
was:0.02951537113671285
baseball:0.12490919466962692
let:0.07683792475842749
course:0.08153839333000064
not:0.020097000285865495
allen:0.1484676224234844
writes:0.022042079700585412
of:0.006481352852191288
miracles:0.20196369228675906
in:0.011845313459632698
subject:0.0008898985630672766
al:0.12700047269074105
do:0.023943930630216555
fame:0.1933349711562161
forget:0.2559475556942996
jim:0.11287769156496232
mel:0.2105579959301624
players:0.12372913043459641
jewish:0.2549671458683199
s:0.020681209361867278
