at:0.014209113104103726
minnesota:0.08127547351270607
your:0.02032148745453649
feet:0.07083970885411826
post:0.04165448071663194
aaa:0.09632095792924422
name:0.0445521371908105
to:0.002222901871114243
kent:0.1484307544342384
choices:0.08279951937433384
think:0.023221742379492826
sometime:0.08400599055308705
seattle:0.07848978484032997
re:0.006031298431905976
this:0.016934917366819967
93:0.05904863702910325
big:0.04477065409463802
game:0.047935630772749795
ownership:0.08582761008825794
names:0.06607898729001419
how:0.02121553221337297
was:0.014281631195183638
as:0.012905067100274491
local:0.049296507288966965
let:0.037179641012142335
team:0.051664912398298346
play:0.05164384246420067
dietz:0.33132426430485684
not:0.009724354977031691
twins:0.0980951659165721
considered:0.055529725116326
writes:0.010665522435767134
of:0.0031361384768667524
least:0.03883326423720133
glory:0.08636232310949828
one:0.015859853351219717
in:0.011463206573838095
or:0.010875991253275569
and:0.0030790114071837893
subject:0.0004305960789035209
i:0.0030790114071837893
back:0.03397349548496028
the:0.0024314613225453322
thought:0.04329978072889859
about:0.01588735774712696
paul:0.05282294340498479
new:0.027806444594895917
days:0.048036332654035035
shawn:0.10008893939991366
blue:0.06446228431392434
changing:0.06907127050815332
article:0.01306988516639679
by:0.01597476572285752
s:0.010007036788000296
