looks:0.02344592790667048
form:0.04675864280112185
happen:0.02316186456278983
jhunix.hcf.jhu.edu:0.04232560792048895
ever:0.01810563052623192
hand:0.021624927777073106
with:0.004005666964311968
c:0.017712997913896984
work:0.01387035934239934
my:0.01301663371685344
to:0.005663832164756839
within:0.02216746723508779
been:0.010049591693297529
that:0.009504236313273337
problems:0.018788172848573786
through:0.01622920064400566
inability:0.03949015725078982
re:0.002561236320398428
anyone:0.011458320203023226
espn:0.034239132301797544
ball:0.030538392737890028
zip:0.04165685127964021
had:0.010509647162206405
this:0.007191540251663273
he:0.04356529335671877
on:0.006945326373140957
m:0.009375443233671727
a:0.0019130193504745137
other:0.009447314985150073
same:0.013302009250195975
series:0.024570892881970317
was:0.012129604576731309
as:0.005480233974089167
jack:0.029279149991506406
exact:0.029253057331118274
are:0.008807005227414047
brian:0.025589572019032728
month:0.02721783211909081
it:0.0023483248612326847
not:0.012388561820054073
have:0.017508582642042907
due:0.022706455376017003
won:0.029600270442868396
whether:0.019571634143026196
his:0.05053230250699333
coach:0.03491896078190262
addressed:0.03683008413607157
sudden:0.03731952909485338
twins:0.04165685127964021
showing:0.0294111254631905
reporting:0.038126262215787514
year:0.033900831728899336
surprising:0.03731952909485338
who:0.008856526535848275
up:0.018403566717155952
pitching:0.03418541190822887
in:0.0036509527786539138
according:0.023558398661549438
morris:0.13468073198257063
or:0.004618571628103324
rather:0.03525320072483374
and:0.005230101568366984
still:0.027968617564788315
for:0.004456833738521561
subject:0.000182855869123413
i:0.003922576176275238
top:0.02316186456278983
back:0.014427100822380393
similar:0.02167642662922398
games:0.022807330764443325
20:0.021539947591819313
convinced:0.032487903936279684
the:0.004130153479392071
see:0.02423816111522159
can:0.005921684879710365
peter:0.025218445759081894
did:0.0112596646811162
pitcher:0.03491896078190262
quickly:0.029073140024127794
last:0.0298652404391712
during:0.02005732540960596
night:0.022930375661534413
issue:0.02144767128400584
91:0.032004221969060824
keep:0.018146675233739185
gone:0.026915050663580565
hidden:0.03497878050771601
advanced:0.03166263409207334
although:0.021642051073662724
little:0.016063963711633315
era:0.03457061545838556
release:0.02721783211909081
by:0.006783804622035384
high:0.01915975223042138
s:0.004249563567506974
