some:0.005926583122504335
obvious:0.019526133573106657
at:0.004471903616519954
know:0.012526651021911693
story:0.018249022984835554
with:0.002968666887256585
much:0.008869019642436199
wrote:0.01307398464311097
my:0.004823422646346707
to:0.002798373929118438
obviously:0.01868981259302516
player:0.019732299660183767
enough:0.012345931608819269
been:0.0148958414946339
make:0.008934418697206617
that:0.010565623109679498
pittsburgh:0.022449570574866733
like:0.005911873418825752
nt:0.021748585331647873
along:0.017735844726605252
12:0.01803748645488343
me:0.0055004501543377896
re:0.0018981751410059417
prince:0.0833551149754418
so:0.010373711648577867
this:0.01332442736983297
93:0.018583835004083255
jon:0.021062783064560067
he:0.06457393736122782
apr:0.018919838969736032
on:0.005147297718165379
why:0.036136499089421445
more:0.006453903684369166
a:0.001417770686138472
want:0.009607096282802952
was:0.0269683594142554
as:0.008122986398142318
bring:0.019255669783193274
coming:0.017647867790810123
mon:0.027413447441780283
part:0.012432599555397345
question:0.02216229526240715
also:0.007530442292789677
answered:0.024667481120876633
nyx.cs.du.edu:0.047730323309831194
lose:0.02134388697049384
taking:0.017294162609906624
mnemosyne.cs.du.edu:0.030314210109711377
should:0.01667829586023837
have:0.002595180777399253
strict:0.028933835919439085
area:0.01628663474446369
tom:0.019267655956724646
against:0.013113100467806327
has:0.005404946567952035
greg:0.06668936950500644
anybody:0.015429416979252257
be:0.0029363515590734583
writes:0.0033566618833378798
get:0.013343898226305809
were:0.007874636027778168
if:0.01020533634157476
of:0.002961024145671147
keeping:0.021218984377589272
kept:0.0202729727034222
but:0.010131216582493557
year:0.0628111856906003
released:0.04391520310717081
saying:0.015312462837382938
sense:0.016681837798796905
gmt:0.021509128610279364
order:0.014235110970215695
well:0.008542476701286014
they:0.004735632611714434
up:0.006819595788590784
now:0.008385352273493626
good:0.008223400260708117
in:0.002705782262352647
point:0.011175309448020612
clearly:0.018449291250885298
yes:0.013537288682760856
better:0.02270269920102947
and:0.0048451448539440336
still:0.020728010987102
subject:0.00013551754767521977
i:0.0019380579415776134
away:0.014055754245297819
any:0.00519435160552694
pretty:0.014609238867612317
than:0.007261935442738381
the:0.0022956944466671664
got:0.011229207216398852
would:0.004734262162966376
did:0.016689452217695078
pitcher:0.025879026772374532
last:0.03320044495522078
here:0.009139090891489319
nicely:0.027413447441780283
about:0.005000082133613561
is:0.005455281764277439
time:0.032071268424440885
does:0.01855566722341409
goes:0.01636054414208465
slow:0.020845320330161628
too:0.009911258212510134
release:0.02017159131668659
bad:0.013911680440336973
playing:0.08132730873817447
answer:0.015412543361060184
mike:0.01622036562922692
s:0.006298845490924044
