since:0.013163300153971587
rating:0.036179572241232555
contributions:0.03690127564423535
out:0.007751165125529341
mark:0.019760683975606513
philip:0.03815821799135844
1984:0.03584638978847759
ever:0.017390934584406978
supports:0.028431838714860436
your:0.008289027777508305
statistical:0.03699732037726925
1992:0.07788052371482156
nl:0.03493750598268274
to:0.0009067099737439676
player:0.07672229670505662
aka:0.03407671913426951
writers:0.03584638978847759
h:0.023244619238779712
that:0.002282267272595242
williams:0.03508053221055383
choices:0.033773488165846695
r:0.02039618267584954
nt:0.004697885208700253
me:0.00712887289739832
re:0.0024601348866984903
so:0.006722438140690263
barry:0.034592979762174084
had:0.02018958533792283
best:0.01602089526290417
cal:0.035301076237123856
game:0.0195526914994111
brown:0.061113202253357986
you:0.003656572298741591
mvp:0.038274662577538705
etc:0.015278447285909444
a:0.002756258143117885
other:0.009074394656788887
as:0.005263908948796174
season:0.05022676879862787
baseball:0.0986125221076002
given:0.018340707626192637
also:0.019519699101046926
van:0.030168454147981916
are:0.004229680142113326
bonds:0.10778435068119377
flame:0.055232282958918355
disagree:0.027949927782363118
analysis:0.028327408786200634
only:0.008773264725455832
92:0.02883891373932154
neck:0.07631643598271688
his:0.012134401588850372
be:0.0038056661653781006
which:0.016998583322598917
considered:0.022650282613238235
were:0.010205942746528283
if:0.004408884340548745
of:0.007675286272331788
short:0.02278274911592939
gives:0.023924503130237532
year:0.032562641002758574
evaluate:0.03804379863141193
phil:0.029154304938592057
anderson:0.03192544615619932
one:0.01940745212715044
in:0.005844727036002976
thomas:0.02423687509229671
5:0.017097847940247914
total:0.14451376957122636
seasons:0.038274662577538705
better:0.029423893043439512
and:0.007535475286002431
for:0.004280906090948342
subject:0.00017563787428959404
al:0.025065882767909418
top:0.044495160870622566
any:0.013464306135379042
than:0.009411850540917506
the:0.0049589013815069275
do:0.004725775782279583
can:0.00568793416077443
tries:0.03395374457497903
last:0.014343174684601959
sandberg:0.04283484139701203
e:0.020466379579301492
five:0.026124885612142216
history:0.02184873423915053
defensive:0.03365600384084666
players:0.048840446224182786
ruth:0.039288811786928564
offensive:0.09897605260300128
thus:0.02191680968997569
by:0.006516022860639251
says:0.016848860160707683
s:0.008163635274421294
