ian:0.030311555667577022
since:0.01105426311272752
week:0.07619533269404603
out:0.0065092657407760214
andrew:0.020803636238519326
tomorrow:0.02793153955656899
happen:0.018683050973300083
situations:0.026411631875657822
someone:0.012173801738469723
unusual:0.05541200735048322
to:0.002284308000150548
day:0.028102795975280353
might:0.011751851579438928
make:0.009724201565467976
that:0.009583000702609857
guy:0.03741801930330242
really:0.010781191951331082
nt:0.003945185368632257
sometime:0.02877553267564308
rob:0.02431316404419469
brought:0.021405485317876612
re:0.002065969628608677
dream:0.02753197789038321
he:0.07906739705901722
best:0.013454011491499636
big:0.015335804165014129
you:0.009212137946000915
combined:0.02802439656384181
m:0.007562512221635757
more:0.0070244145072968275
a:0.006172393926392906
same:0.02145959503346533
baseball:0.06210954431086422
idiot:0.05856138806907214
colorado:0.026039788329270494
also:0.008196116749610865
mets:0.02990211935733546
section:0.022705851522780592
are:0.003551996583432185
month:0.021954715410979327
it:0.0037884577871820104
have:0.005649178045830418
laugh:0.02802439656384181
philadelphia:0.027404963977539568
sports:0.02651754301437451
has:0.011765463799851392
his:0.01019021569892407
be:0.003195918547720836
which:0.014275053397983621
stats:0.02566079210638236
sort:0.017334040373817843
writes:0.02557368363051346
get:0.007261734670116698
ux4.cso.uiuc.edu:0.06298304614507735
if:0.0074049770139603234
of:0.004297029515264943
america:0.043510923253773065
ryan:0.024557666856371712
piece:0.023810557534770786
year:0.013672711139279843
lines:0.0195203432281465
who:0.02143181559503616
up:0.00742243298537229
called:0.014819085612468141
in:0.0039266232462870825
and:0.0021093779806120984
for:0.005392522589702883
subject:0.000147496999403416
twice:0.024919235410252285
i:0.0010546889903060492
contest:0.033350485705805046
news.cso.uiuc.edu:0.02533483442261465
don:0.024633178672552176
column:0.09584515014322564
stupid:0.021335282824677084
review:0.047752922482417526
than:0.007903874487400337
the:0.002915066889460426
writer:0.028166675547833055
would:0.010305520951429569
can:0.004776607693026041
fan:0.022096994394970572
home:0.016184326253377616
ralph:0.03060240502385007
radio:0.019819615252860034
last:0.012045096972704407
an:0.004960763196473684
thought:0.014831969089456975
during:0.01617883707073188
about:0.010884156688639464
hit:0.019777359889112757
rockies:0.032768383409352966
is:0.005937516616368263
tuesday:0.027750380314453017
time:0.008726574419357534
runs:0.020728124422338866
every:0.040311854037636395
occured:0.0321422580761651
article:0.008953954478636474
ruth:0.03299391929068034
live:0.01710877499418596
stands:0.026411631875657822
by:0.005472019197884895
check:0.018283489307114303
s:0.006855649512221197
james:0.019113777721751532
