22:0.023944520691107765
wilson:0.05736862228277489
fast:0.020010332902000216
fewer:0.06321028713410747
29:0.026235550248796067
means:0.01629077712895835
your:0.007240989782650934
cut:0.021040318941404606
compared:0.047388375010501395
4:0.014277410943555627
into:0.01029197645392176
such:0.011051823008435624
1992:0.0226778536487603
from:0.004865357784081469
125:0.03266791562736414
both:0.012906345300622056
name:0.03174979891758909
to:0.003168273931243289
0:0.04212823320080957
w:0.017783568132352608
713:0.03207138233034321
speak:0.02060593571631261
that:0.003987409487752607
r:0.017817354981201898
12:0.0204217519058163
re:0.002149083349299831
anyone:0.009614452584145927
national:0.01870214899418111
phone:0.0168813053230435
fielder:0.10890930823973917
this:0.006034280900820908
off:0.012548606022737645
he:0.00913869659494388
26:0.025266454200314502
these:0.01904179279424072
bases:0.05736862228277489
you:0.003194247065567367
american:0.018546179410277103
disclaimer:0.021575031764794177
more:0.021921017686564237
a:0.003210354312290563
sorry:0.018261015429532325
j:0.017552463560510705
as:0.004598357242626543
stephenson:0.034692171912360424
preventing:0.03183353626044174
also:0.008525845584365324
21:0.023311511615829457
prevented:0.03083772177036107
stolen:0.056420993901038406
balls:0.0592155462102516
are:0.007389785995416385
no:0.012939606163017354
play:0.03680365784805105
d:0.010470369094120894
deep:0.026148250447106558
catch:0.055699863548930084
have:0.002938221914641683
try:0.014002239496226395
32:0.024611602135089113
suspect:0.022310891166079077
liked:0.029200726825995844
b:0.01759142727881748
plays:0.028464087783329192
has:0.006119393528083626
be:0.0033244899835486856
rotate:0.034953449924295804
47:0.030582251870528692
writes:0.0038003585690664504
jump:0.028507462528360124
of:0.0022349492593763064
outs:0.0332336631722679
short:0.019902171641501536
park:0.025811737178419347
seen:0.014899223509323867
but:0.0076469335890851755
result:0.020316103224204036
again:0.014033730678781713
please:0.01100813423508767
who:0.014862676715331589
net:0.03810508603331589
david:0.028694772866028666
good:0.009310401444594822
degrees:0.029055222182407973
one:0.011302424227306006
in:0.0010211477120373015
5:0.029872102148479112
or:0.0038753532051901455
and:0.009874071064416979
gets:0.01917997897926899
for:0.003739642102437632
however:0.013776430483890306
i:0.0032913570214723265
we:0.007745654630540057
league:0.04471100078429021
allow:0.020151003858474667
will:0.013026498217279131
the:0.0008663827701023598
do:0.004128263901761475
would:0.005360055437381471
hits:0.056928175566658384
effect:0.019921686520818424
extra:0.06697716740502158
hs:0.07870538079272461
an:0.0051603341296651535
thought:0.015428657501101796
long:0.013679949684532096
39:0.030520120168780328
speaks:0.03138548142440891
is:0.0046322866705286875
number:0.01438083246205608
average:0.02229609803967004
90:0.0231721805146226
lot:0.014244559702674658
expected:0.023846944044358238
dale:0.02773460095233396
1:0.011255884436348899
16:0.02004018817140886
article:0.004657085519060925
players:0.021332608695620068
felix:0.065157622214085
