read:0.0397719835420688
know:0.021646932029093013
send:0.05146223019081092
kansas:0.22062288915900416
to:0.002417893263317247
city:0.12911528415741724
h:0.06198565130341257
nt:0.01252769388986734
me:0.01901032772639552
this:0.009210218217042439
contact:0.06105389998211522
on:0.008894891670864736
you:0.00975085946331091
j:0.05358120455313794
as:0.02807418106024626
running:0.05311334056924038
concepts:0.08869488876735065
have:0.0089693090025904
always:0.0466132648771703
details:0.06692669968930412
regarding:0.06942098896615574
list:0.15324361036429365
if:0.011757024908129987
mailing:0.0774342942730981
well:0.02952399842374289
please:0.10081133457396077
who:0.022685138144453477
and:0.0033491001271121917
for:0.005707874787931122
subject:0.0004683676647722508
i:0.0033491001271121917
group:0.047317823417660436
person:0.04921393752761141
info:0.10334720910148762
the:0.005289494806940722
do:0.012602068752745554
would:0.01636227449305923
is:0.004713554857730945
time:0.02771070122638094
e-mail:0.19296110713349238
604:0.10711282077609936
john:0.09408696138883668
