mark:0.10727228443900678
800:0.08570848724288904
to:0.0024610699287336262
been:0.026200721200382842
that:0.01238945090837417
williams:0.09521858742864611
voice:0.06475882681136014
had:0.027400151530038126
80s:0.12057246337790566
617:0.09300663239806066
on:0.009053729022130176
inc:0.06537527671079288
phillies:0.09867164801758432
compuserve:0.09318084980779931
a:0.0024937573675828484
how:0.023488624950520075
was:0.01581180596609617
steve:0.0572706044077569
baseball:0.06691564000158585
usa:0.1301650602153116
mind:0.054100996482323874
have:0.009129475234779515
systems:0.053578877147903756
only:0.023813147111951545
philadelphia:0.08857675857026182
of:0.003472153313673904
street:0.07121479429140366
who:0.023090229897033004
box:0.05658105376261798
in:0.009518555458633417
for:0.005809801123429892
subject:0.0004767313730717553
world.std.com:0.16414558322716238
the:0.004037962553512783
many:0.03309287549246595
press:0.06405982787085118
ma:0.0716288915220985
is:0.0047977254801904266
matter:0.05394469664108111
1:0.034973640927226934
show:0.05375122624526486
players:0.0662834627328195
jewish:0.2731790848589142
comes:0.054003148879384136
main:0.0664003037790505
