at:0.07007676235432975
out:0.006694188062957159
say:0.010781505535611042
played:0.023046608074740484
know:0.007010654123058533
thanks:0.011326060482478199
where:0.010496913626328193
monday:0.05745009840612486
with:0.0033228828226678827
to:0.003132270818388252
recall:0.022220768267460354
near:0.0204816805538723
thursday:0.029648452211572508
wednesday:0.059521934278783425
think:0.00818038652004861
nt:0.004057264498422946
its:0.011749003159285058
me:0.012313507731869826
re:0.002124661947603242
anyone:0.009505197441144269
this:0.014914273817369858
philly:0.03405086818642599
off:0.012406008227024718
sunday:0.05077070448678259
you:0.009473846410375941
am:0.018572004053424608
great:0.014325288004162938
8:0.016775518649851513
vs:0.01941256786967808
m:0.015554712637682638
a:0.0031738730132872617
richard:0.02122771315215215
series:0.02038267250436174
as:0.013638309549153722
baseball:0.042582680001009184
let:0.013097373538368323
question:0.012403330019017639
also:0.008428960975452083
answered:0.02761076011825396
phi:0.03982890374127737
starts:0.025411718036325966
doc:0.031549096371435464
shell:0.0273819311458793
are:0.0036529055772796908
it:0.003896084428863318
ftp:0.021553221291415202
mlb:0.033814091502331854
philadelphia:0.36638568317699205
always:0.015096341465901747
pit:0.032954824628900474
site:0.02219070566726481
providing:0.026204498782195718
boi.hp.com:0.034967164479585776
be:0.003286711688281087
which:0.007340297343849533
writes:0.00375717267623615
saturday:0.056628272706356376
available:0.015346953567126308
well:0.00956174948950764
ed:0.045092837178056844
good:0.018409202856357946
author:0.022977316750343788
one:0.005586993794179674
in:0.0010095437607641504
and:0.004338606982849885
for:0.0018485730847276932
subject:0.0001516872550682858
i:0.0032539552371374132
games:0.018919717565958668
any:0.005814132194822769
will:0.006439234914223207
program:0.031552652640728124
schedule:0.028966865194078314
the:0.0021413437783779914
do:0.004081351811968731
see:0.010053328189836229
when:0.014859936850497
start:0.016008875499332456
got:0.01256905580471917
fan:0.04544949983510992
did:0.00934040365592594
an:0.005101693969100777
here:0.010229550600132932
many:0.010529551293057349
is:0.0076327450821211335
tuesday:0.05707748678313632
handy:0.02981807132037752
pirates:0.06532677091248787
friday:0.056628272706356376
run:0.015209286524928381
1:0.011127976658663117
first:0.010667925166994552
pm:0.3249193439612288
article:0.00460416409270796
little:0.026651576157937094
answer:0.017251540012095775
