looks:0.013915062903958907
ability:0.016293860428692797
go:0.007908261186154989
fewer:0.022354857644989228
there:0.0037308088844599492
entirely:0.016894817260899243
means:0.023045489597063033
defense:0.01595205913921905
nowhere:0.020979549493482984
with:0.004754694120240223
much:0.014204852598048224
such:0.015634286207055276
from:0.0068827012555298835
post:0.010498283757850328
both:0.009128878383366823
to:0.002801217805062664
look:0.009638895627137848
near:0.014653560071063111
observations:0.020795579608978425
value:0.04553479048483741
badly:0.02125195075479583
that:0.009871269829436332
higher:0.01508891834568249
like:0.009468610272428239
through:0.00963196460985702
smooth:0.022354857644989228
nt:0.008708275021005348
suppose:0.015667231648907196
me:0.008809664068329632
re:0.0015200833446267097
michael:0.012214208136884917
chances:0.03967687619724493
this:0.006402224858188037
mean:0.010745618117194556
he:0.03878373676878623
counts:0.02298148642477483
these:0.026937170294291754
game:0.012081337837034503
on:0.006183034454137682
you:0.0022593454854013084
numbers:0.014340416264222352
relative:0.02001268079956467
traditional:0.02028890300244478
great:0.020497973079127457
a:0.002838423020012998
how:0.010694008107553858
was:0.0035994355044771777
as:0.009757489758744128
steve:0.013037210759489378
implies:0.0210940652535102
stuff:0.011883807124689522
lets:0.018835830283250456
hands:0.06512796675374136
mattingly:0.051598315780931325
balls:0.04188416683164138
are:0.00784038270245397
d:0.007405870822670877
it:0.0027874425182111543
not:0.009803414773592926
catch:0.03939746446143836
disagree:0.017269874076907294
deleted:0.014282030475602996
have:0.004156509049980918
plays:0.04026627052275837
has:0.008656703039728058
his:0.007497679030509174
be:0.0023514685249490705
writes:0.002688058500071392
get:0.010685967278789614
if:0.0027241886982252413
of:0.006323271075308575
even:0.013651702827366064
but:0.010817613369925372
seems:0.009579215810492188
fact:0.009749053368409916
well:0.0068409264640379875
they:0.007584712394371901
errors:0.017455383404982983
good:0.013170811799670726
one:0.003997198812096027
in:0.00216682563285964
or:0.008223310459793723
total:0.014882176812213016
better:0.009090308419924404
and:0.003880055025312905
gets:0.013566326595092703
few:0.009291168702871085
for:0.003967669059903342
subject:0.00010852421500820447
p:0.013683447315574596
steven:0.018237862308329356
values:0.0173615706111515
i:0.003880055025312905
similar:0.01286487108888903
catcher:0.024538365498986643
any:0.008319408669014695
actually:0.0099362362890288
than:0.011630904733491555
the:0.0018384219755830562
do:0.005839983080540624
scores:0.0210940652535102
judge:0.017733583248695294
can:0.003514495904218347
specific:0.014899009302725337
agree:0.012262419426684714
2b:0.024723171897672647
just:0.004773937249861326
makes:0.022707137254081092
during:0.01190394109675801
dirt:0.02262778164026414
many:0.022600012531440165
is:0.004368660599848194
number:0.010171808326820155
argument:0.014303826992437896
having:0.010637769887887649
field:0.03164599877994558
does:0.009906413124695328
lot:0.02015084055500318
himself:0.015214558741873859
marked:0.022407996187945946
easily:0.01503623889591621
guess:0.01217950106884412
nothing:0.02077118700407243
primarily:0.038612603265969686
defensive:0.020795579608978425
eskimo.com:0.05111993773196439
article:0.006588072197695944
very:0.00708635159261564
bad:0.022281309323141336
thus:0.013542093792180104
needed:0.013560254837951306
by:0.004026160466736448
high:0.011371235063583422
range:0.01625835766459217
s:0.012610493513333706
