tv:0.07893043867190963
some:0.012161842449305772
there:0.009560197766428618
posting:0.03436654746829417
send:0.030555699175793986
chris:0.039966117113742705
thanks:0.020764444217876696
your:0.013124293981054818
text:0.03767253888784966
times:0.02927579314055236
password:0.05842701977003931
wrote:0.026828905986383968
to:0.0014356241250946154
matt:0.10226305144563211
job:0.03616133911759559
matthew:0.04464867021689057
archive:0.050548623080648926
teams:0.08616646120358659
v:0.04006925326981262
id:0.04885217508357556
could:0.01571988703464643
me:0.02257476417509468
re:0.003895213570605943
on:0.010562683859151873
you:0.011579145612681705
ta:0.048097434675081575
more:0.01324394818563256
a:0.0043640753932699845
other:0.014367791539915737
sorry:0.03309809046602734
as:0.033338090009042434
red:0.037631447447318236
baseball:0.039034123334258417
copy:0.03558970776107648
soul:0.04391124259198329
cd:0.04649169842688097
files:0.03447199546445509
are:0.0066969935583460986
internet:0.029755561907443814
hey:0.04014728110032468
missed:0.045270126846123235
it:0.007142821452916082
ftp:0.0395142390342612
couple:0.03287491452765123
have:0.00532552722028805
kind:0.028703403093365207
boston:0.043435178493224376
if:0.00698073353920218
of:0.004050845532619555
ok:0.0339984290678222
well:0.01752987406409734
please:0.039904486602192805
must:0.02414021278624476
filed:0.06335312798778614
email:0.057164555395165434
in:0.001850830228067609
use:0.01732062008070154
and:0.001988528200472864
for:0.006778101310668208
subject:0.0002780933009585239
i:0.003977056400945728
6:0.030607808672491608
info:0.03068120270200414
the:0.001570318770810527
sox:0.055096078238755126
got:0.023043268975318477
here:0.018754176100243707
is:0.002798673196777749
1993:0.031558914614688925
first:0.01955786280615668
wall:0.18693808866037587
article:0.008440967503297927
full:0.032183984207533885
april:0.035439102728001166
s:0.006462877925583524
