bottom:0.04116068007200937
health:0.03822336330507112
go:0.07139200924015146
at:0.016164495641365708
folks:0.03397445734215393
there:0.008419990693368325
help:0.019633878165521073
your:0.02311802242534427
spot.colorado.edu:0.09909081001891223
my:0.008717562030553223
to:0.0050576115966636
line:0.025906456411064118
nt:0.006551179373600354
re:0.003430646814478629
so:0.009374409150320367
this:0.004816352645609349
he:0.014588378050644361
game:0.027266138604683375
bases:0.04578963429909556
on:0.009302914224574127
am:0.014993911529370327
sure:0.020018752478524804
a:0.0012811964457306378
series:0.03291147119970336
old:0.02429278057194793
red:0.06628658632922113
drive:0.025906456411064118
reputation:0.05289507301481939
therefore:0.03149472954637492
moves:0.04734834105868636
officially:0.05021699587205516
it:0.009436387974494642
ws:0.05742735288132957
laugh:0.0465359245693153
left:0.026829405353216162
his:0.016921367353259237
pitch:0.04578963429909556
be:0.010613968020871034
which:0.01185222323410567
writes:0.0060666274405280956
predictions:0.04796311821724563
end:0.07442844227272044
of:0.007135434332687657
well:0.015439155139021513
now:0.015155177962185728
one:0.00902120098876718
in:0.0032601780164126697
clemens:0.05623420491574978
world:0.046261480527205086
and:0.005254092859964999
subject:0.0002449262100185165
ninth:0.05370748950419045
i:0.005254092859964999
will:0.020794593484463934
the:0.00622364870633163
see:0.016232896893680515
sox:0.048524986338720114
can:0.015863596191517677
joe:0.03650889199011868
sandberg:0.05973298983803513
here:0.016517439501132075
warning:0.03935909006971941
is:0.004929772970470898
occur:0.04174124383299579
center:0.02996909021534687
loaded:0.04281606119217618
count:0.0391134915278423
bike:0.03460883187631691
article:0.0074342466084091835
heres:0.0683046342176391
prediction:0.052148782744599644
full:0.02834552737544269
s:0.005692075971156132
