know:0.016673988184571647
take:0.02872633959913113
own:0.030628251831729666
c:0.034947266154445406
into:0.024200052743005223
longer:0.045867716329380755
my:0.025681466522440577
nl:0.07176352580226726
to:0.0037248625948400837
0:0.049529139033384226
russ:0.15198899182013315
make:0.02378487139661762
pitched:0.077913012954261
nt:0.009649710158411332
account:0.055064586577395415
re:0.005053250037542845
anyone:0.022606956076235016
this:0.0070943572752894465
game:0.04016228524203362
disclaimer:0.05073048009559712
vs:0.04617043169004517
sure:0.058974162707005506
a:0.0037743354752605273
how:0.01777517563823141
factor:0.06114838390103806
series:0.04847770757794144
jack:0.057766971604864
are:0.008687991643259806
not:0.0162948650966477
statement:0.04693512729314603
writes:0.008935978256994086
if:0.009056086753559586
but:0.008990313814194734
anderson:0.1311531842092513
in:0.00240107705262825
morris:0.06643036104545715
or:0.01822463399197528
world:0.03407095525314428
and:0.0025797122600729047
subject:0.000360769687729977
al:0.102973356235736
i:0.0025797122600729047
employer:0.06108230301868412
valid:0.05802735564359207
games:0.044998247183901705
any:0.013828206301200099
the:0.0010185851486338555
do:0.019413997808283696
last:0.029461656108912136
10:0.03905907780940763
statements:0.0569659363355459
about:0.013311029463809076
is:0.003630711174198161
length:0.062469521316793356
else:0.034142597639703474
lot:0.03349396470628906
runs:0.05069987189788291
innings:0.07746252078848273
1993:0.04094129463527212
reflect:0.06393395424546608
article:0.010950444328602716
upon:0.04686588625260725
seem:0.03729341290399646
john:0.036236194588943865
