another:0.012892472851096388
read:0.013180250359871639
know:0.007173692591036639
where:0.010741027896707916
your:0.007325187338263154
bullpen:0.035226225398853325
weekend:0.029344824749559836
to:0.004006392907240787
then:0.009278374126603506
that:0.006050662071531572
need:0.022339558040665536
re:0.004348145381141518
lost:0.020375036769289825
greatly:0.022691448545352336
so:0.005940759287121628
anyone:0.009726248544426693
charles:0.04786340296434692
derek:0.09614593713200062
this:0.003052223478903599
off:0.01269452004625785
he:0.018489921017677154
on:0.00884317718440622
you:0.01292555789322609
possibly:0.022540428275565936
a:0.0016238420067981338
wondering:0.041848063975084844
series:0.020856688143998058
was:0.030888179096559963
as:0.004651826512889642
letting:0.028414379912324258
usa:0.042379321930566566
question:0.01269177955434363
ns1.cc.lehigh.edu:0.03132995992016003
also:0.008624983323718409
far:0.014473128326287218
section:0.023893948404786553
play:0.018615803678956055
care:0.018407075239964515
it:0.003986691043488046
should:0.00955123338507837
probably:0.013879207645518653
kind:0.016020504052110814
university:0.013664768032550312
indians:0.03182356133752332
after:0.011216358649214832
sports:0.027905088869777828
doing:0.015585482006775089
surgery:0.03175042888283227
edward:0.026279595484782703
his:0.010723424659914283
pitch:0.029017849643031484
knew:0.022570320133126508
be:0.010089440531467523
if:0.015584893482869983
of:0.004521874082924155
but:0.003867925710758199
dl:0.06873575313717101
ok:0.018975867386691464
again:0.014196913593651267
please:0.011136135795960784
they:0.00542395130527758
find:0.012304922893449944
who:0.0075177492688014436
up:0.007810816106699911
now:0.009604153476036303
in:0.0030990645679271596
replace:0.025560250179387924
and:0.00332962861474526
for:0.005674689469396639
subject:0.00015521486565126915
cause:0.018334308914779458
i:0.00665925722949052
period:0.022040762986026835
person:0.016309269994615412
appreciated:0.019678849530094435
info:0.01712439220576975
any:0.005949344571446554
information:0.014179193514440493
will:0.006588984563391188
the:0.0035058279534374557
closer:0.054201358746848234
thank:0.02110752503935764
would:0.005422381663397535
anonymous:0.02642315718588951
forget:0.022321007764037754
put:0.0144619726717836
come:0.013960428339938422
thought:0.015608060495300655
just:0.006827840485266779
is:0.007810250781705346
broken:0.026111873657238178
either:0.01455559713437999
today:0.0495196441709015
new:0.010023253284206668
repair:0.02974251502214356
time:0.009183197499440195
tonight:0.028252870818678468
gone:0.022846496493504436
first:0.010916016449947913
committee:0.027980595820515104
players:0.021580662285104024
going:0.025323438186624216
by:0.005758345783820733
john:0.04676997208572987
main:0.04323740711193986
s:0.0036071876793954552
james:0.040227834507407294
