at:0.012235625172978208
there:0.006373465177619079
played:0.028168076535793923
nichols:0.07533694159339492
swing:0.040653585805255264
with:0.01624520491082076
much:0.01213331159416619
though:0.017260723622296387
from:0.005878973989098441
several:0.01957257897269025
my:0.006598710148127092
to:0.004785413750315385
line:0.01960974825559714
enough:0.016889920325954138
normally:0.02955452600083877
that:0.0024090598988505334
memory:0.02348355712616191
control:0.02117801576347933
nt:0.0049588788314058226
me:0.007524921391698226
re:0.005193618094141257
scott:0.02654220175813546
ball:0.0928876112444155
this:0.007291422755158597
path:0.030805059937923013
best:0.01691094499973218
on:0.003520894619717291
you:0.00771943040845447
went:0.022655981008583913
score:0.03351264281740353
ta:0.03206495645005438
more:0.017658597580843413
a:0.004848972659188872
runner:0.08265666811681119
sorry:0.022065393644018223
below:0.02577690217387425
was:0.006149035653481844
drive:0.01960974825559714
advance:0.021968758449143398
third:0.05073312495372063
far:0.01728734772306529
hitting:0.033331078372234625
balls:0.07155211833738735
book:0.021595128546414398
deep:0.03159580262358709
it:0.004761880968610722
disagree:0.02950270154804996
have:0.0035503514801920335
hurt:0.03132209450871988
60:0.05655082332487524
bb:0.039155609605069905
sherri:0.0808020654414706
stats:0.03225419007816116
writes:0.004592099937621961
hitter:0.0366580014656472
were:0.010772939565779854
of:0.0027005636884130367
breaking:0.03510839347040963
least:0.016719877657683905
excellent:0.027049065370419352
oh:0.022428584612093565
easy:0.0460233550591501
adobe.com:0.0369535543435555
up:0.009329585905224893
good:0.03375020523665623
difficult:0.02588339081276388
in:0.0024677736374234785
occasions:0.03958309497312153
or:0.004682718456271426
and:0.0013256854669819091
subject:0.00018539553397234928
i:0.005302741867927637
snichols:0.08353415286155469
actually:0.016974403660424197
the:0.004187516722161405
do:0.004988318881295115
got:0.015362179316878985
would:0.0064767336535026115
can:0.006003930503039676
maybe:0.018388285294043915
bat:0.03584006371803342
last:0.015140017722635402
here:0.025005568133658278
relatively:0.030962537081471835
about:0.006840390141124107
hit:0.07457712791519602
is:0.0018657821311851659
number:0.01737683922498443
time:0.02193763847088491
fly:0.06878821214304555
under:0.016856412688233603
article:0.005627311668865285
very:0.01210585063738505
obp:0.042075769226408134
by:0.006878024130674764
s:0.012925755851167047
