another:0.01041082314736422
some:0.005481393779968799
go:0.00913348475020717
inning:0.026835521208807236
story:0.03375640871373337
chris:0.018012897854081222
truly:0.02046151863394544
with:0.0027456684356316776
ron:0.01989341941889688
way:0.008133205725570625
though:0.011669221603806007
from:0.00397451762643275
nights:0.026471398042864164
viola:0.03056758634904145
nl:0.024931929151961393
to:0.004529293014383012
kent:0.04320519612639803
rookie:0.027397968156284327
ii:0.017236618803333888
been:0.020665357566499145
that:0.0032573204266148057
guy:0.031796532835200654
think:0.006759380410932185
quite:0.01247041963431644
pitched:0.027068370697724477
really:0.018322964724797428
could:0.007085019508573039
joy:0.027068370697724477
me:0.005087270800021337
seattle:0.02284679183145755
anyone:0.00785405985747132
ball:0.02093241943536124
had:0.01440759141485573
this:0.007394118850301676
93:0.017187866177485453
he:0.014930828239626623
best:0.02286550309822943
two:0.026264639896525513
game:0.04185928321000687
starting:0.018410901328062054
bases:0.02343225417183763
on:0.00476064624637831
american:0.015150400081634817
deserves:0.026471398042864164
support:0.01285894981001646
impressive:0.02468607006502564
a:0.0039338144390039295
runner:0.027940282180330546
was:0.0041570945262975854
as:0.007512809016122239
listen:0.020051391410062295
baseball:0.017592844319665766
smoke:0.02381415858241957
also:0.006964775266101251
team:0.04511583899569715
hitting:0.022533686786862846
staff:0.022594659535815013
annoying:0.024452447954419705
no:0.005285191249683145
dietz:0.09644180463333862
race:0.020520327365490882
it:0.0016096499048824976
cool:0.021553178283917385
have:0.004800475240823032
follow:0.03546471654851911
only:0.0062607335130013455
interesting:0.015342838318879871
kind:0.0129367450561646
against:0.012128078836421816
left:0.01372960180047212
able:0.012382465850284831
real:0.01200748288262088
has:0.004998941191955639
call:0.012473972291073745
johnson:0.021677717036656486
be:0.00543156109988236
twins:0.028553522473368405
minimum:0.023011539811792152
down:0.011100307873019521
were:0.007283114072639902
if:0.01573123051087815
end:0.012695931467490654
of:0.0009128665989001814
relief:0.024544506505538844
but:0.006246790819252678
treat:0.022656434580779854
year:0.02323718982356481
fairly:0.03684700984270316
award:0.026541998406077967
again:0.011464174357314639
oh:0.015162986780006918
listened:0.02844559046292381
they:0.008759808680823884
pitching:0.02343225417183763
called:0.012592744112003446
over:0.009417562218400741
one:0.009232966270193639
in:0.0058392390293964015
clemens:0.028777128337167723
or:0.003165781491563781
better:0.010498666062447901
and:0.003584952248739811
for:0.0015274594502914273
subject:0.00012533782578412345
i:0.004481190310924764
back:0.009888998685763086
league:0.05478671927089083
any:0.0048041655694310206
pretty:0.013511831253143787
will:0.005320682370437955
than:0.006716437944692306
the:0.004246495830924242
start:0.013227991022922594
would:0.004378636836170779
major:0.015382290951726723
listening:0.02318227992527044
radio:0.016842020473087634
may:0.008737209049013291
an:0.004215484218599703
long:0.011175170164829037
different:0.011864868065780507
pitches:0.026835521208807236
is:0.005045495340669745
solid:0.021152874755022137
win:0.015913030063982824
keep:0.024877132245313814
man:0.013605865440353047
first:0.017629622811183486
guess:0.014066466023172082
too:0.009166750553354443
dave:0.016461383433683533
95:0.02513832879243612
three:0.013701821626631328
comes:0.014198010972983623
going:0.010224486779575975
john:0.012589100467520402
doubt:0.016338367600847736
