some:0.015162816560173431
at:0.011441104057849755
philip:0.0753253134374868
your:0.01636275613222419
trivia:0.07810985722119401
to:0.0017898690390790012
player:0.050483935494236395
most:0.04822325880433865
100:0.043876780504299634
teams:0.05371415763340464
nt:0.009273747424966734
two:0.04843608915982627
fair:0.05484025372472575
bases:0.0648190927091093
more:0.033023870800538334
same:0.02522199156530666
steal:0.06998380657490293
baseball:0.09733184000230671
pitchers:0.0684206418703591
career:0.31379643561199844
team:0.08320063814790903
no:0.014620074495876751
have:0.006639618352566921
only:0.01731865244505567
hint:0.0710863967539482
allen:0.11568905643388395
holds:0.12749679141273615
stats:0.06031952430201568
ryan:0.057726463649393246
what:0.011953793545410795
phil:0.05755135520345445
who:0.050378683411708376
over:0.026051178604147504
one:0.01277027152955354
or:0.017514583316963254
and:0.0024792039901999343
for:0.025351859447694077
subject:0.0003467137258703675
300:0.10803949701772343
rangers:0.060609748960353295
saves:0.07060235266567247
the:0.00489450006486398
home:0.038043675998199335
record:0.10017268564250897
different:0.03282099867547075
hit:0.04648963818090142
is:0.006978509789367894
either:0.03251380139108258
runs:0.04872455221354981
playing:0.052017791627988225
while:0.02818626631011068
