all:0.03816271322585165
line:0.11295214995223955
that:0.013876185017379073
a:0.022344066013542323
how:0.052614519889164976
as:0.03200456640868074
geoffrey:0.24718155025565547
it:0.013714217189598879
get:0.05257495901164489
making:0.12298428763489615
what:0.036817684119865246
subject:0.002135756551361464
the:0.003015012039956212
rule:0.15794790273024728
pitcher:0.4078534619326226
e:0.12443558784215307
is:0.010746905075626556
save:0.14490040929685175
does:0.04873955257350101
says:0.10244106977710273
