at:0.004949241643002421
majors:0.0335499965820963
anyway:0.017126482144070414
princeton.edu:0.03443555244840857
hand:0.017737300311531874
with:0.006571094121230869
times:0.0157891918061406
to:0.001548538382124529
retired:0.03310031844909891
line:0.015864066004528027
famous:0.028263573298587724
been:0.00824292352371595
make:0.009888092603088223
consistently:0.03040608766111078
that:0.0038978047801626605
walks:0.03220351987835798
really:0.010962897433656887
inability:0.03239080313828828
re:0.002100789341450396
describe:0.026250653974622926
jon:0.023311057661338952
he:0.026799997879554525
cleveland:0.06054778771087106
best:0.01368076449416536
recently:0.018591638003301623
bases:0.02803971987978323
on:0.008545092560212752
numbers:0.0396375550674011
great:0.02832865942396266
etc:0.013046763974484468
roger:0.12398187566198292
working:0.01780078095902588
a:0.004707317278133916
other:0.01549784255990911
was:0.014923502260135712
as:0.004495023372005721
said:0.012311824880131642
part:0.013759674788838635
stephenson:0.03391257254354333
nine:0.028355673353507256
birthday:0.03501226117908319
plus:0.0200893250223577
career:0.054297360768817714
injured:0.031272102716320097
balls:0.028942429889280277
those:0.010426492439817752
pa:0.05819844166751647
row:0.031042765668453494
not:0.003387134879640252
3000:0.058966073622319586
only:0.022475329858471123
ve:0.010253560106895697
indians:0.030750857022775347
225:0.0334341578899461
second:0.015447729082316104
determine:0.024508210557185627
his:0.06217176544399741
which:0.007257822092795044
boston:0.023425714243536743
batting:0.03020894541498005
greatest:0.05599199997931866
writes:0.01114487175872296
hitter:0.029655911298051667
were:0.017430374128902238
of:0.004369451361027835
what:0.005171023050542871
year:0.05561260036426184
years:0.037580484656972925
2nd:0.024531667699941136
up:0.01509506034103803
good:0.009101178940221905
title:0.023602209727993928
over:0.022538660140666942
in:0.007985604579527662
and:0.0010724646474460388
for:0.003655605201259258
subject:0.00014998290388774325
300:0.07010428036824189
i:0.0010724646474460388
everybody:0.022909602807506677
power:0.015178962248149111
um:0.032486839280756255
the:0.0033876539774788895
managed:0.026579284349238706
around:0.013298845130076604
hits:0.027824445361231905
put:0.027948980893784035
bat:0.028994208850543893
last:0.012248104225053359
an:0.005044371564953577
2b:0.06833595827896034
long:0.01337253508487969
about:0.011067597531706422
five:0.02230889108452594
draw:0.02372303110563979
qualified:0.03239080313828828
right:0.010898166257248874
lack:0.021795062128666217
does:0.006845442777177108
their:0.008503840553829854
history:0.01865734609185888
header:0.029540072605901465
article:0.01365729573567305
players:0.04170644846109991
u:0.021245188110073122
three:0.016396000036362206
project:0.02163840368209579
by:0.011128488481091754
