at:0.017273823773616293
out:0.011550755873337842
dan:0.03895885773909077
say:0.01860338210066219
watch:0.0376878807899446
ever:0.02591590251793981
floor:0.04819457566042969
though:0.02436808040794784
from:0.008299727984609564
spot.colorado.edu:0.05294557986304624
my:0.009315826091473542
to:0.0027023512942957466
remember:0.027280627809031687
most:0.01820191631340233
that:0.013604102958214776
through:0.023230032294361047
re:0.0036660833605702994
michael:0.02945779609484009
barry:0.05155032278284766
he:0.04676862375059515
best:0.02387427529373955
on:0.00994134951449588
went:0.031984914365059645
came:0.02959536012233281
impressive:0.05155032278284766
a:0.004107365076018809
was:0.017361983021595796
drive:0.027684350478490084
across:0.07566988474184004
d:0.017861217866441525
have:0.005012260913212283
drives:0.03967688874270256
ve:0.017893467637523867
second:0.05391560346376993
his:0.018082637661816243
be:0.005671188795465405
writes:0.012965929235638477
down:0.023180054676011353
park:0.04403178695142124
seen:0.02541632245708189
but:0.006522384531866767
street:0.11729495530348841
1976:0.05721340409106433
one:0.009640303017408064
in:0.003483915723421382
and:0.005614667860158675
subject:0.0002617348714903755
p:0.033001255290503434
i:0.005614667860158675
house:0.03370462690676658
favorite:0.04737710890612526
connect:0.045059571866279874
the:0.005911788313639631
see:0.017346919229521335
when:0.012820337674938587
would:0.00914362398141545
did:0.016116774935715346
ends:0.046383457001612644
last:0.02137414266724998
hit:0.07019023803783155
field:0.07632270293986874
window:0.03418620335122688
center:0.032025792485027536
lot:0.024299543022209713
dead:0.06728004185904188
dave:0.03437524187622149
donald:0.054172669499850216
article:0.00794444000310393
homer:0.06083837492935929
roof:0.05636035137547972
mike:0.03132756891135004
