another:0.014783368869257192
some:0.01556715833511139
ability:0.026721931103056186
out:0.007854513993869734
there:0.006118526570514316
all:0.012720904408617216
own:0.015109937570319969
way:0.02309830426062058
ca:0.013710323973948809
from:0.011287630059069008
to:0.004593997200302769
important:0.020949128619821483
that:0.002312697502896512
kinds:0.030399311158553634
provide:0.02251303785522276
nt:0.00476052367814959
need:0.012808013276648243
re:0.002492936685187804
so:0.006812070649232801
likewise:0.037791420884169306
he:0.010600888050134902
on:0.0067601176698572
you:0.003705326596058146
tell:0.03213366738163271
vs:0.02277741296708895
a:0.004655013752821317
how:0.017538173296388324
other:0.009195386585546073
was:0.005903074227342571
raw:0.035548272640027884
others:0.017975521487122642
computer:0.017871352701102104
balls:0.06869003360389186
no:0.015009943149100133
play:0.02134612155186961
it:0.0022857028649331465
not:0.0040194000571731
made:0.031007727358906688
only:0.017780483176923823
area:0.02138978029772898
whether:0.019049723899212164
completely:0.023979957580263136
plays:0.06603668365732374
his:0.012296193610035045
which:0.017225231100233572
stats:0.030964022475034717
thrown:0.06544835292520455
credit:0.03221643405616518
writes:0.004408415940117083
were:0.031026065949445982
of:0.007777623422629546
gives:0.02424349650530737
what:0.0061362806866442085
but:0.008870442963338804
double:0.0589086718005284
errors:0.02862682878417209
good:0.010800065675729996
in:0.00236906269192654
useless:0.03199783523734524
or:0.008990819436041138
and:0.005090632193210532
for:0.010844962097069134
subject:0.00035595942522691063
forth:0.03291883749388402
we:0.008984959371426467
information:0.0162588085632251
actually:0.01629542751400723
yet:0.01753379161790776
the:0.003015012039956212
do:0.004788786126043311
thing:0.015092882900833045
got:0.014747692144203827
maybe:0.01765275388228216
jim:0.04515107662598493
makes:0.018619852548346496
dirt:0.037109561890033185
many:0.024709347034374583
biased:0.034722476095275984
is:0.012538055921564316
sorts:0.033170439680436335
field:0.025949718999555376
fielding:0.042310618940363684
runs:0.02501193680295557
first:0.0500681287837611
bias:0.03569642688525929
him:0.01597676868908872
almost:0.02014661953509712
article:0.010804438404221347
thus:0.04441806763835074
range:0.026663706569931157
s:0.004136241872373455
