whats:0.03936011946746106
go:0.012391288227988071
out:0.00750431273299656
candidates:0.03740642349661727
know:0.015718154466984737
help:0.013631163821922275
all:0.006076865163352174
hand:0.020109805448743145
though:0.01583149173000433
my:0.006052320135861792
to:0.005267003159582792
fails:0.03048951972721481
thursday:0.03323648146010676
jays:0.03375672369586643
might:0.027096625934757274
enough:0.015491391891320995
that:0.002209583601493483
think:0.009170369602092708
through:0.015092122891877878
nt:0.004548271030079226
toronto:0.07675987825109393
me:0.0207055161860741
so:0.0065083477540440774
prefer:0.026156229968419372
july:0.06271489779226634
off:0.013907372279976755
hi:0.02007016980900895
sunday:0.028457464935266675
you:0.03186108856483119
them:0.009336682621224465
card:0.01949623150646014
a:0.008005437664087615
hard:0.01722441657691407
want:0.024109528251110596
let:0.014682406004795064
416:0.07689729825160145
far:0.015855911287397464
ontario:0.030250638227479434
are:0.008189953905748096
d:0.011604103327242266
telephone:0.02851671584394383
not:0.0038401911374265282
should:0.010463771606582673
texas:0.025274966061586003
couple:0.02010185856467846
have:0.0032563733321506554
systems:0.019110937071863763
able:0.05039742470275164
second:0.01751398583854947
shall:0.02522151601294748
call:0.01692328724839941
be:0.01473786642388462
credit:0.030780032537737433
get:0.01674361751963213
if:0.012805422033695718
of:0.002476950134595397
happening:0.028915894869184444
distance:0.030058193777820222
ticket:0.06450925999247775
order:0.03572378167047761
find:0.013480552469257263
in:0.002263435692923446
pull:0.028790384862309712
or:0.008589954875198539
and:0.0024318306655464325
few:0.014558136948447686
subject:0.0001700443114141293
i:0.008511407329412512
away:0.01763683812945013
info:0.018760480633072597
games:0.02120936491470526
possible:0.016413831993404984
rangers:0.02972580044552359
any:0.006517753288463741
will:0.007218505381549583
schedule:0.03247240938954002
the:0.000960194917183507
do:0.004575273368831189
see:0.011269973002618956
when:0.008329136578622522
canada:0.04739627507014837
can:0.005506789760749767
flexible:0.03728736532456534
long:0.015161218121710732
here:0.011467521691868765
drew:0.07323255847514563
hold:0.02210051345824217
is:0.0034225812342759732
strings:0.03936011946746106
number:0.015937992664953875
save:0.023073313582301237
else:0.01609268933336342
days:0.018969761939810016
time:0.010060573056711552
tickets:0.07145215156590795
blue:0.025456443487027445
remote:0.028697849189934493
ac:0.03275554163521412
give:0.015052460327108323
by:0.006308506209026536
s:0.003951823444942792
