another:0.03359856561194816
yankees:0.08660554571933245
ask:0.04416003915691466
boy:0.06870958644120952
case:0.03744865314101145
name:0.04185200766409471
single:0.049264040462308714
to:0.004176361091184336
mom:0.09048332411535064
enough:0.036850735256627215
that:0.005256130688401164
nt:0.010819371995794523
re:0.005665765193608644
charles:0.062367464468694477
telling:0.06506097450948202
two:0.02825438534323199
you:0.008421196809223059
sam:0.22411115985386276
m:0.041479233700487034
a:0.0021159153421915077
how:0.01992974238225946
athena.mit.edu:0.07404959613514807
l:0.10015032056828373
yeah:0.05991246127557807
hint:0.08293412954627291
between:0.035194937061309176
alleg.edu:0.09112816675805967
call:0.04025691057573799
his:0.027945894568261465
writes:0.010019127136629733
even:0.025441809814636753
up:0.040710920313708626
pick:0.06090991677330325
bob:0.0558182577883197
in:0.008076350086113203
and:0.00867721396569977
subject:0.00040449934684876206
i:0.005784809310466513
the:0.0022841000302698576
see:0.02680887517289661
prompt:0.08814770775433158
home:0.04438428866456589
is:0.008141594754262543
win:0.05135568793376275
paper:0.058434066624796895
article:0.02455554182777579
three:0.044219515249582925
comes:0.045820853594628966
says:0.03880343552162982
s:0.028201649129819015
