picks:0.03285003337313675
objective:0.07643323439540477
say:0.010843114138671677
know:0.007050715003761724
case:0.014123492041752889
defense:0.022424037418559348
your:0.007199612698178644
way:0.009899273254551677
alomar:0.24327601147309882
my:0.005429795779030293
to:0.0023626271315842816
player:0.044425863234928024
then:0.009119316284433162
jays:0.030284603544291595
might:0.012154772205019692
t:0.02944312062857648
bruce:0.026323762512520478
worse:0.022257516647659355
make:0.010057602761998307
that:0.007929248581359469
reliable:0.02650910694539564
higher:0.02121070807450224
nt:0.004080448866985363
could:0.008623480887577471
re:0.002136802873018117
so:0.011677835398684801
had:0.0087680484896122
this:0.00299989964783668
he:0.009086475471544201
posts:0.022988671269535264
joke:0.028049294110801953
you:0.015879971125963482
great:0.014407146792758153
them:0.008376338123041376
a:0.004788014145759069
other:0.007881759930468062
bigger:0.026636096298451133
sorry:0.018156666769934996
as:0.009144161831051639
idea:0.015842150258632892
cited:0.029652228870648625
no:0.0064328327781857705
d:0.01041053841358306
care:0.018091525378707982
not:0.0034452000490055134
admit:0.023429126941208862
have:0.00584286415025889
being:0.011118879599572275
rated:0.06532532591401076
only:0.007620207075824495
closed:0.023577558292084636
cs.cornell.edu:0.03188811728845553
indians:0.031278014571737206
edward:0.025829088133614998
his:0.01053959452288718
anybody:0.017369115113786828
be:0.006610985795856815
writes:0.007557284468772141
certainly:0.017575755870032236
of:0.0011110890603756494
but:0.011404855238578463
year:0.02828297961382459
equal:0.025477744798468253
must:0.013242631014168555
they:0.005330969282901392
who:0.007388873567050562
up:0.007676916402013626
now:0.009439510845018538
pick:0.022971740040217223
good:0.009257199150625709
over:0.022925037171649804
one:0.011237838946007115
in:0.0010153125822542314
or:0.003853208329731916
rather:0.01470562087378779
better:0.025556752814873178
and:0.002181699511375942
for:0.0018591363594975656
subject:0.00015255403938296168
baerga:0.22577156106855603
p:0.038470034738644
i:0.004363399022751884
actually:0.013967509297720483
will:0.006476030542304482
source:0.0712975534102817
than:0.024524593409476478
the:0.002584296034248182
wrong:0.015105268896170632
do:0.004104673822322838
see:0.010110775779492435
dad:0.06589214809846072
got:0.012640878980746138
hate:0.023005652814616164
because:0.010084127422254365
last:0.012458071726054273
an:0.005130846506067067
note:0.01692393770787713
finally:0.02078013986169203
ted:0.02563722358770869
about:0.011257327775107103
andy.bgsu.edu:0.06801462976469036
is:0.0015352721536609365
right:0.011084991964515997
fischer:0.03180819590574273
objectively:0.03355890565125092
tedward:0.03345209346261005
nice:0.018055654038598618
him:0.013694373162076045
article:0.004630473601809149
offensive:0.05731184760249979
mike:0.018259497308329733
s:0.01418140070528042
