another:0.009943970091428604
blown:0.02416481213572881
some:0.005235591368311005
at:0.003950515750916731
out:0.010566610754084842
lead:0.051984950281882214
help:0.009596828340994606
all:0.008556662158262701
happen:0.015164270072499172
keeps:0.021408951570855612
with:0.005245088581072173
faces:0.02437839083074789
ca:0.01844438202773382
continues:0.022209646969951924
into:0.008030510775705768
work:0.009081042439418402
bullpen:0.135850017233246
my:0.004261050499239019
to:0.0030901326459435666
then:0.007156414124555171
that:0.003111252246049119
guy:0.03037067934483291
think:0.0064562691817424
through:0.021250791874662122
nt:0.0096064379155485
complete:0.016606349104460887
so:0.01832844120869812
this:0.011770906689942129
getting:0.012162338888899938
he:0.021391926558568187
two:0.008362284451360141
game:0.03998218530821284
starting:0.017585300371646715
on:0.0022735821759609413
score:0.021640450967291967
a:0.0037574102040710184
want:0.008486986402296778
was:0.003970677731396348
shit:0.021610851487330746
coming:0.015590268855558722
steve:0.014381855815400836
let:0.010336940550461098
turns:0.019792622302989202
third:0.03276040355755951
decides:0.025217904472398772
it:0.009224809768788483
have:0.004585207292804061
try:0.010925514225755124
between:0.010416438771508545
left:0.013113924589688616
whose:0.016783773320632148
buck:0.12608952236199386
has:0.004774773425500228
his:0.02481294674670749
sudden:0.04886682733496497
kid:0.022708416634123332
get:0.017682161102571155
if:0.0030051588330197725
of:0.005231585261858439
outs:0.025931199067150735
even:0.007529862994466482
key:0.014375974758908412
gives:0.016307284644825584
what:0.016510172251060648
but:0.0029833328352036332
year:0.011097581687038798
together:0.01595948987197413
up:0.006024485965705761
pitching:0.06714444132647644
good:0.007264618167531386
george:0.017857911116839313
bob:0.016520201856632735
yankee:0.026779817899610498
in:0.0023903098909572713
gon:0.04287448761878086
our:0.009998992928163199
or:0.003023818195977961
better:0.010027873862338131
repeat:0.021082676439544274
and:0.005992336101873384
gets:0.014965544136290601
subject:0.00011971729547990268
twice:0.02022592649890432
fourth:0.021640450967291967
i:0.0025681440436600214
we:0.006043694644457264
games:0.01493215377403016
alan:0.0197340031031356
mail.sas.upenn.edu:0.02625164285182403
the:0.003380058340758085
do:0.009663469761073946
thinks:0.02031342790797868
did:0.01474359680217906
once:0.02406306004416956
na:0.03908792348906169
last:0.009776513686365462
just:0.01579894928429443
long:0.01067404145788603
finally:0.016307284644825584
is:0.0024096199721135776
deal:0.014781681577401385
win:0.03039888254375194
night:0.015012712316520288
done:0.02375483005758474
time:0.014166008698688014
jimmy:0.023813905423173888
life:0.0250258237963113
goes:0.01445303675332142
innings:0.05141010348293921
string:0.023765944485430623
first:0.016839056765838932
too:0.008755685506118818
eight:0.043959264393827156
era:0.022633676488449737
already:0.01303043193406884
give:0.010597472068861016
comes:0.013561328866571801
homer:0.02782741812912398
going:0.009765989614572567
four:0.015731148659295847
s:0.019475578322834655
