go:0.014097335157928458
choice:0.02733596140955466
at:0.006383804438075587
out:0.01707503042145594
final:0.05589345503241442
inning:0.04142004360489813
philip:0.04202934155569915
hand:0.022878546778642563
wonder:0.026741794984180643
with:0.012713638625859724
hell:0.02473464438030359
someone:0.015967087787413188
from:0.006134581553841852
work:0.014674438144857273
several:0.020423560667155047
throw:0.06178797937006971
to:0.003994780174176322
aka:0.037533777597166425
h:0.02560276901662693
been:0.010632176718995936
bare:0.043125218147901496
make:0.01275420640108481
that:0.005027603267166331
think:0.02086591344244283
through:0.017170023869745123
nt:0.00517448225885825
grab:0.03880046400571662
ball:0.06461746869176731
had:0.0333567062104812
error:0.027285928689652163
he:0.057613522011602726
two:0.013512966903284865
brown:0.06731309233703199
beat:0.03149226215382486
a:0.0030358785344486846
how:0.009531615921950176
was:0.012832770059440371
failed:0.030705060407427792
others:0.019538610312089828
no:0.008157577798423984
play:0.046404612069281766
it:0.012422298178984492
should:0.011904435813286084
have:0.011114143764079409
made:0.033704051477072484
whether:0.02070622162957844
after:0.013979809330905445
his:0.026730855673989227
anybody:0.022026051774729674
certainly:0.0222880962119974
watched:0.07222156519071538
if:0.00971232492410738
of:0.004226969251429101
but:0.0048208929148580455
phil:0.03211198804830429
must:0.01679319150347462
who:0.009369948364013394
up:0.00973522007501728
one:0.007125441360692916
or:0.014658944732675767
and:0.00138332396554634
for:0.002357600455884594
subject:0.00019345620936245142
steps:0.037533777597166425
i:0.00276664793109268
judging:0.041304099102387686
yet:0.019058469149899736
the:0.004369582666603206
wrong:0.03831046459173711
when:0.009475901759737218
would:0.02027499230661687
an:0.006506508250447368
thought:0.019453524675302265
people:0.01090777637734143
many:0.013428992953464445
about:0.007137798408129504
middle:0.029109422428554944
hit:0.05187974115839723
field:0.056412432607729074
right:0.01405705502746594
time:0.011445724419592128
does:0.008829629089402357
glove:0.045359285971484954
him:0.01736605292292252
past:0.023938510484806982
by:0.007177068658095406
s:0.013487745236000399
