since:0.03391223090514714
know:0.020913137723022064
with:0.009912328420161818
much:0.02961350626372765
animal:0.08583011710863565
pitched:0.09772140607822564
stretch:0.09320838950283643
its:0.03504787383108763
anyone:0.02835448728205748
on:0.008593369919309998
curious:0.0726486837427372
reader:0.08731783932698119
a:0.0023669561455023644
member:0.06764233767367049
same:0.0329168364496375
baseball:0.0635131498320137
503:0.20173830862408157
no:0.01908043620648322
spending:0.08307555898155472
dick:0.17109524938726411
farm:0.09320838950283643
briefly:0.09772140607822564
if:0.011358481690905241
reading:0.05570037366716933
beyond:0.06619600334641705
who:0.043832300821486384
one:0.016666286572468176
in:0.006023040742186118
or:0.011429007757679412
for:0.005514387506984305
subject:0.0004524907947799711
we:0.022843117045999492
will:0.019208565167852278
the:0.007665284847346302
64:0.08583011710863565
home:0.049650221217988955
radio:0.060802548487587565
just:0.019904890906201456
paul:0.16652656734452834
is:0.004553773337129897
length:0.07835160300750352
time:0.02677135542209684
65:0.08295492393462482
does:0.041304705570763565
hewlett-packard:0.10231250699577481
too:0.03309352318414401
natural:0.07096794223222339
