go:0.023724783558464965
mark:0.07325912108029732
ron:0.05167436995396385
from:0.010324051883294825
bullpen:0.1477783114293359
single:0.03965154476234604
matt:0.05986129840719929
that:0.008461088425231142
like:0.014202915408642356
talking:0.039752331467832545
so:0.012461104846157563
he:0.019391868384393114
something:0.04855271505276885
game:0.036244013511103505
a:0.0034061076240155977
how:0.016041012161330786
horrible:0.06282625024746206
was:0.010798306513431532
as:0.009757489758744128
said:0.02672566864223698
baseball:0.04569848585474156
business:0.044104435771141065
it:0.004181163777316732
money:0.03780755813084305
against:0.03150342429460789
buck:0.06858039874810885
regarding:0.04825605330574241
his:0.022493037091527522
coach:0.06217278383119248
get:0.016028950918184418
spend:0.05000118554526282
what:0.01122490369508087
sticking:0.07185191077975128
again:0.02977889192814656
shut:0.05755044418436311
they:0.01137706859155785
up:0.03276732610615572
george:0.14569442118494513
over:0.02446269210389461
in:0.00216682563285964
or:0.008223310459793723
watching:0.05194639138706505
and:0.006984099045563228
we:0.016435901289194758
boss:0.07010677854023088
the:0.006434476914540696
eagle.wesleyan.edu:0.07475034555874055
just:0.014321811749583975
here:0.021956108605163366
about:0.024024784885899306
hit:0.0436549041454806
nose:0.06217278383119248
speaks:0.06659846058350184
is:0.003276495449886145
yesterday:0.05361418330310638
2:0.0237610920987245
run:0.032644322297407255
leave:0.043087586881640445
players:0.09053351007409494
fault:0.053987804881909914
while:0.026467591535103932
s:0.02269888832400067
