read:0.010951705613033437
at:0.004255869625383725
mark:0.01451026069706372
forgive:0.027238684942657326
all:0.004609023336455513
strikes:0.08047305741119772
with:0.0028252530279688276
85:0.023962794589056334
such:0.009289938181003857
times:0.013577179427502544
to:0.001997390087088161
line:0.013641564003893663
then:0.007709566907129484
death:0.0162097409856832
100:0.016321314487106626
width:0.05462266338642132
that:0.008379338778610551
think:0.006955304480814276
hour:0.02249137486318975
like:0.0056262756691240244
re:0.005419427576495225
dream:0.024073855063571792
wait:0.017736230942560955
ball:0.0430783124611782
had:0.0074126013801069325
this:0.010144588181090222
shot:0.019210784278201623
on:0.002449317996325072
you:0.0026850192725059027
great:0.012179955018032255
3:0.011311429684239708
sure:0.010541275459706297
a:0.00269855869728772
how:0.0063544106146334505
speaking:0.02036463424555747
was:0.004277590019813457
given:0.02693514549933605
across:0.018643304936395374
portion:0.04909107698283359
straight:0.019307544094025644
balls:0.024887693334743426
d:0.008801179818246548
it:0.0033126128477291975
not:0.008737826211245869
ws:0.030239523980989967
calling:0.019869568210374194
frame:0.04669048413936982
per:0.017086111669434866
strike:0.1018046265510657
placed:0.022004025950852647
has:0.01028767607619856
call:0.012835536705307765
quit:0.024303942256756594
diameter:0.029381160805929805
be:0.002794498826751069
union:0.04909107698283359
writes:0.0031945043044326682
upset:0.024977157333618966
if:0.003237441641369127
of:0.00469663250158789
park:0.021696822555772783
available:0.013048617525672608
plate:0.07493147200085691
biggest:0.02334524206968491
again:0.011796469266222308
well:0.008129796667407463
must:0.011195461002316411
they:0.0045068580894093895
zone:0.11788057420920592
miles:0.01939205210101848
david:0.02412024385840091
over:0.0096905350363254
in:0.0034334241911978835
minute:0.02160609842702111
become:0.016001076206739843
moving:0.020487833727735903
or:0.006515086547855897
and:0.0009222159770308934
still:0.009863328899659648
for:0.001571733637256396
subject:0.00012897080624163428
each:0.012299562306089928
however:0.011580187942980255
outside:0.017414375736625725
i:0.004611079885154467
tape:0.020045257312648952
cameras:0.027459987049088697
league:0.018791580039774148
any:0.01483025023606967
than:0.006911117305408025
the:0.005461978333254007
thing:0.010936871667270321
jose:0.02202848634677799
see:0.008547757301503266
studying:0.027613362403265417
less:0.013279543751672836
can:0.004176647306462384
major:0.015828154457573875
home:0.014151512327832601
did:0.007941599243685822
edwards:0.03037561517406579
an:0.008675344333929823
rules:0.03980208019873094
just:0.011346749405467496
during:0.014146712607741403
many:0.008952661968976296
17:0.03799327302879715
current:0.015276549390003951
pitches:0.027613362403265417
is:0.009085547769249504
number:0.012088235982597865
object:0.02043464877358919
right:0.009371370018310626
2:0.018825213063723756
1:0.009461468076930959
notice:0.01950707938939393
23:0.10458144097478383
too:0.009432453467944427
article:0.003914651595732372
wide:0.04156364113393823
by:0.004784712438730271
high:0.013513641669765803
while:0.010484746405210252
grasp:0.02865254781204293
s:0.008991830157333599
