whats:0.05721795144806839
go:0.01801326159068636
at:0.008157083448652139
there:0.008497953570158772
c:0.02394534903174963
fm:0.16210464492468227
to:0.005104441333669743
signature:0.04628623440798557
then:0.01477666990533151
teams:0.03829620497937182
that:0.0032120798651340443
broadcast:0.04704561544188219
think:0.013331000254894029
me:0.010033228522264303
re:0.003462412062760838
this:0.004860948503439064
philly:0.055490303711212725
carries:0.05000415875954367
joke:0.0454502450869476
on:0.014083578478869164
curious:0.039687706859458285
you:0.005146286938969647
am:0.030265488087062323
a:0.003879178127351097
classic:0.04736770910933974
coming:0.03219101809990366
are:0.01190576632594862
it:0.0031745873124071474
have:0.004733801973589378
only:0.012347557761752653
philadelphia:0.04592868962902464
whose:0.03465538380093489
real:0.023681424574057846
sports:0.1333243134889385
robert:0.02958714841627503
list:0.02695952404557018
be:0.005356122751272882
summarize:0.05307617165136779
writes:0.006122799916829281
if:0.012410192958581652
of:0.005401127376826073
what:0.008522612064783622
who:0.011972711798461558
professional:0.08852787721285307
good:0.015000091216291658
one:0.009104730627552059
in:0.0032903648498979715
world:0.02334491378456182
message:0.030067776745923345
and:0.0017675806226425455
for:0.0030124894714080924
known:0.03015674766357739
subject:0.0002471940452964657
station:0.07659240995874364
until:0.026492275234857813
i:0.007070322490570182
games:0.06166426465942084
stupid:0.035756353622838445
any:0.009474882095266734
will:0.03148070402509123
the:0.004885436175854973
do:0.006651091841726821
when:0.012108096692997554
regularly:0.04599910258629519
rock:0.04512302873097252
home:0.02712373196167915
radio:0.0664324140882901
an:0.008313871653349413
here:0.016670378755772184
about:0.009120520188165476
is:0.004975419016493776
right:0.017961792535095365
article:0.007503082225153713
aware:0.0379342334442674
respond:0.03744451618574543
