believe:0.010495999421885702
at:0.012767608876151174
out:0.0056916768071519795
situation:0.03404958733115554
own:0.010949230123420266
with:0.0028252530279688276
from:0.004089721035894568
ground:0.03745848950142358
to:0.002663186782784214
declared:0.02638199887848865
next:0.02587806786231087
been:0.0070881178126639575
that:0.005027603267166331
nt:0.006899309678477667
me:0.005234727924659636
re:0.0018064758588317417
ball:0.1723132498447128
fielder:0.030515651584081503
this:0.007608441135817667
off:0.010548103613315702
he:0.015363605869760726
ci:0.030515651584081503
on:0.007347953988975216
m:0.006612631459497933
sure:0.010541275459706297
a:0.0033731983716096497
runner:0.05750029086386866
other:0.0066633236127145445
same:0.009382093480814552
as:0.007730571596299695
jay:0.024628832242308128
question:0.021091652979199075
also:0.007166652810046214
advance:0.030565229146634294
early:0.016921454583542418
base:0.09303468249789978
it:0.0033126128477291975
not:0.01456304368540978
have:0.0024698097253509797
being:0.018800037970291287
stay:0.019075833663073343
left:0.014127561272949571
always:0.012835536705307765
after:0.009319872887270295
has:0.01028767607619856
netcom.com:0.031101789127740472
his:0.008910285224663075
addressed:0.025976774318195405
be:0.002794498826751069
which:0.006241025760954192
writes:0.0031945043044326682
if:0.01942464984821476
of:0.0009393265003175779
what:0.004446580207713194
up:0.012980293433356372
one:0.004750294240461944
in:0.0008583560477994709
fear:0.02080080258696858
point:0.010635439426377104
dropped:0.04799906356830803
or:0.0032575432739279484
and:0.004611079885154467
for:0.001571733637256396
subject:0.00012897080624163428
legally:0.02418752896410413
however:0.011580187942980255
forced:0.04386275840059862
i:0.00276664793109268
appreciated:0.016351507822107453
any:0.01483025023606967
decide:0.0197763643314627
caught:0.08725070983055945
runners:0.05946107196528595
yet:0.012705646099933158
than:0.006911117305408025
the:0.006190242111021208
when:0.018951803519474435
risk:0.020725317959417466
rule:0.05722750098922003
would:0.00450555384591486
can:0.016706589225849534
hits:0.04785266931690125
eric:0.03853167613834402
last:0.010532186241833323
just:0.005673374702733748
is:0.014277289351677791
deal:0.01592422701333579
time:0.007630482946394752
does:0.005886419392934904
fly:0.14355800795070375
their:0.0073124812491870235
run:0.012931567286895627
batter:0.02884975551503933
automatically:0.02276909027825101
smith:0.03804578313494166
first:0.009070313185463967
too:0.009432453467944427
infield:0.12448121779437443
leave:0.017068512677751287
understand:0.014474189676017648
