at:0.013983571626260809
tel:0.06453092189362503
fax:0.048549894283863325
4:0.11829854781803233
0:0.3490625036638507
w:0.09823304301680488
000:0.1079139359491684
t:0.04089322309524511
100:0.05362717617192177
re:0.005935563536161437
game:0.04717474774461091
8:0.04686494099006137
3:0.07433225221071808
tigers:0.18958410767025846
baseball:0.059480568890298534
1.5:0.08463874438101876
team:0.050844834423722174
giants:0.08499149258395068
l:0.1049193834524877
systems:0.04762566857591445
japanese:0.07947330945348499
500:0.06618693865634191
network:0.05830935984173931
of:0.0030863585010434706
standing:0.07849620004079556
central:0.07270492402565314
pro:0.07144073254851147
2.5:0.0772439152396898
5:0.04125195058599496
subject:0.0004237612205082269
hr:0.08729039651852935
6:0.0932809407161649
league:0.06174376298782934
information:0.038711448960059756
7:0.10131836599781922
1-0:0.09691159974980419
gb:0.09691159974980419
beloved:0.28851956040965576
tuesday:0.07972728312565072
3.0:0.07337689805464616
1st:0.07144073254851147
2:0.03092713574754617
1:0.06217536164840344
japan:0.08221684616522168
e-mail:0.04364596470876613
laboratories:0.0897372327062636
s:0.009848194934222513
