22:0.040449966992745154
sent:0.035705655808637014
there:0.008910475588127645
mb:0.04432024993485937
true:0.02508039604036744
with:0.011355871393971791
maynard:0.10209966842428078
meaning:0.0383101605328572
continues:0.09616992765629669
into:0.01738644566002317
correction:0.05254644275415261
surprise:0.0472462782534025
via:0.03318671241374412
to:0.005352229747925556
look:0.02302105169199913
slightly:0.04203564714908787
3-0:0.06077263557344585
make:0.017088160032521393
pitched:0.05597633940403216
like:0.011307175373870612
signed:0.048012238859904084
re:0.0036304903182346653
he:0.015438186480778982
game:0.028854457358354246
mn:0.055652684838327394
american:0.031330439003769084
came:0.058616053057824205
posted:0.03313962062603782
a:0.005423316993578233
was:0.008596710039819277
as:0.015536197285767347
not:0.005853495228892862
only:0.012946953769604723
philadelphia:0.04815823766926856
agent:0.04830646555403349
allowed:0.03720226435064923
west:0.07918270484924637
chuck:0.0483814368753336
minor:0.042193516283765345
his:0.017907078072866567
free:0.028034056253638206
be:0.005616128710072537
which:0.012542644005024443
twins:0.17714272680080012
writes:0.0064200232137627405
of:0.0037755453507910416
andy:0.04351270132826803
but:0.0064590604101981575
year:0.02402680306999662
years:0.021648305077479547
san:0.03920354789907324
well:0.016338523399547035
who:0.012553911400328624
david:0.024237332420820327
over:0.01947515293708114
in:0.005175136948383218
for:0.0031587268243890676
subject:0.0002591937562331873
6:0.028527666335526156
league:0.03776560260420629
research:0.02997409204404638
will:0.01100296451362412
the:0.002927196155297293
regards:0.04009094754380255
last:0.021166626719024247
jim:0.032876997543192905
trade:0.08192393973463484
today:0.02756433267765391
2:0.03783319518631861
runs:0.03642515068391587
innings:0.055652684838327394
1993:0.029414134009807153
update:0.08430761537818068
article:0.007867309517636902
era:0.09800601663930662
april:0.03303062001833118
going:0.021143841592715363
s:0.006023653212194352
diego:0.05038000050838358
