another:0.014124237773175662
manager:0.05002418267405857
go:0.012391288227988071
at:0.005611242117544147
all:0.006076865163352174
way:0.011034221780551232
times:0.01790112192033775
from:0.005392179964523412
post:0.016449540155612615
to:0.001755667719860931
0:0.023344944512550526
h:0.022504344740729404
randy:0.06388263267794562
us:0.013120231759140103
t:0.01640938251592638
sweep:0.03888809416711888
that:0.004419167202986966
its:0.013170857044803632
re:0.0023817866418991756
oakland:0.0359134253702552
description:0.02786649848016498
he:0.010128236990574748
best:0.015510675668544168
blow:0.031040045241688106
two:0.011877639698428736
big:0.01768013091635387
game:0.056789982953703584
on:0.0032293555747725474
moment:0.026804527384406262
snyder:0.07777618833423776
3:0.014913795825717323
m:0.0087185650453253
beat:0.027681096670240962
sure:0.013898369555154163
a:0.006226451516512589
beating:0.033689321725608234
timothy:0.032417262493087066
was:0.011279759670081347
as:0.00509626853641413
tigers:0.15215030297103546
interview:0.06820973290176935
said:0.01395862948193269
part:0.01560014084339667
washington:0.0244535881236592
science:0.021539058765396912
career:0.06156006507547487
computer:0.017074540797231308
are:0.008189953905748096
it:0.0021837925461144713
deleted:0.04475642671335461
university:0.014970319118462763
225:0.037906242703251
his:0.023495911356754863
be:0.003684466605971155
writes:0.004211862363169187
get:0.008371808759816066
of:0.00743085040378619
gotten:0.027450387985945943
losing:0.03135744889613317
department:0.02208965339294864
what:0.005862688554118671
stadium:0.036510997059539634
anderson:0.09272613660654071
over:0.0127766926912061
one:0.006263126801118615
tim:0.10389577833722774
in:0.006790307078770336
and:0.0024318306655464325
gets:0.04251358397952617
few:0.014558136948447686
completed:0.03424963238131497
for:0.004144571502064637
i:0.0012159153327732162
vela.acs.oakland.edu:0.0736644253754728
ago:0.018223985511876716
tiger:0.08046802392235505
2000:0.02755189494303392
the:0.004320877127325782
law:0.01915185430091698
radio:0.022849365355208068
7:0.02032820719064526
here:0.011467521691868765
e:0.01981458405129826
claimed:0.027107335949813908
number:0.015937992664953875
win:0.04317803061946932
managing:0.0377775630388082
9:0.02268046914410845
detroit:0.06050127645495887
dc:0.02851671584394383
history:0.021152914677394146
1:0.012474674470858017
fans:0.026197456175461518
him:0.03052885736768545
explaining:0.035544079780125595
article:0.005161355925583446
very:0.011103455361678009
by:0.006308506209026536
emotional:0.03389370589472607
happy:0.024191688461688034
s:0.015807293779771168
