since:0.014820900914101343
at:0.006525666758921711
behind:0.0522628503851659
opposing:0.039916689676055744
means:0.020997001632879653
wonder:0.027336057094940216
with:0.004332054642885536
further:0.02628025482282509
much:0.01294219903377727
operations:0.03452827297947369
journal:0.03668704647629096
simulation:0.0439339066451325
to:0.006125329600403693
scientific:0.03127925582817691
matt:0.10908058820867426
besides:0.030000642919532514
look:0.052692629428353566
important:0.023276809577579428
that:0.0025696638921072355
williams:0.11849424213342628
really:0.014454783282895747
nt:0.005289470753499545
re:0.0027699296502086707
so:0.007568967388036445
barry:0.03894913276926267
anyone:0.01239196110845475
this:0.011666276408253757
he:0.01177876450014989
on:0.003755620927698444
you:0.008234059102351435
why:0.013183130223363012
more:0.009417918709783155
a:0.003103342501880878
want:0.04205773261582626
timothy:0.07540015128021732
was:0.006558971363713968
truth:0.026630055763056326
baseball:0.027757598815472653
pitchers:0.03902510684457519
503:0.044083556328965975
balls:0.03816112977993993
no:0.008338857305055628
bonds:0.16180959312139706
it:0.0025396698499257184
not:0.008932000127051332
analysis:0.06378912793337033
have:0.003787041578871503
after:0.014290471760481122
walk:0.034006125736847435
has:0.007887218325085564
5th:0.04378722051701264
batting:0.15932421581826517
writes:0.00979647986692685
get:0.01947220704134996
hitter:0.039101868230023686
if:0.004964077183432661
of:0.004320901901460859
america:0.029168433736788613
breaking:0.037448953035103615
but:0.004928023868521558
year:0.018331560860812238
order:0.04154543497974062
up:0.009951558298906553
good:0.024000145946066656
in:0.0026322918799183775
4th:0.03770007564010866
for:0.002409991577126474
subject:0.00019775523623717257
i:0.0014140644981140366
valid:0.03180758753796899
research:0.022869122078050204
will:0.008394854406690995
the:0.0016750066888645623
do:0.005320873473381457
leland.stanford.edu:0.07477496084332284
bat:0.03822940129923565
an:0.0066510973226795314
actual:0.030091532494286692
pitches:0.04234048901834031
hit:0.026516312147625253
paul:0.04851885172013418
is:0.0059705028197925315
argument:0.026064751408442385
done:0.01961973001052369
having:0.01938438068459527
study:0.05489441997681183
2:0.01443266334885488
gone:0.029108128865798246
hewlett-packard:0.04471435490926454
show:0.02229680496099876
article:0.012004931560245942
by:0.007336559072719749
