blown:0.03347051618799705
at:0.01094366475098672
all:0.005925887146871373
opposing:0.0669410323759941
braves:0.029851849690108095
way:0.01076007962451269
much:0.010852154469316344
insurance:0.02758026720899847
ca:0.012773593764548577
2-1:0.11942446952861901
both:0.013948472560920732
scored:0.030762430275150802
to:0.0051361459382266985
aspect:0.03247192475577499
100:0.02098454719770852
make:0.01093217691521555
nt:0.00887054101518557
happens:0.02320545040235266
me:0.006730364474562389
need:0.011932931624206436
re:0.0023226118184979535
best:0.03025063453368241
big:0.017240873005388554
game:0.05537905170019542
you:0.010356502908237053
machine:0.020203722697666748
great:0.015659942166041472
them:0.00910471535113193
roger:0.054829251845547725
winning:0.058186895693248496
why:0.022108355032969023
more:0.007897012582737428
a:0.005204363201912031
bigger:0.028952278585272967
was:0.010999517193806032
red:0.022438627049332614
shit:0.029933042743321467
baseball:0.023275005217942905
team:0.03979160954899996
role:0.027414625922773862
70:0.026719483586103144
staff:0.08967694064214779
are:0.003993238395038667
play:0.01988769088683504
d:0.011315802623459846
it:0.0021295368306830553
not:0.014979130647850059
have:0.003175469646879831
ve:0.011336234155449902
against:0.01604522231153942
call:0.01650283290682427
yourself:0.02177810354891051
writes:0.004107219819984859
certainly:0.01910408246742634
down:0.014685500477969925
if:0.004162424967474591
of:0.003623116501224944
keeping:0.025963602002391842
even:0.020859123574733237
but:0.008264387854042363
who:0.00803138431201148
pitching:0.18600261386092232
good:0.010062172989810552
clear:0.020482923864513124
one:0.006107521166308214
in:0.006621603797310204
world:0.015659942166041472
rather:0.015984370514986728
and:0.001185706256182577
still:0.012681422870990975
for:0.004041600781516446
subject:0.00016581960802495836
i:0.001185706256182577
games:0.062047272514448304
scoring:0.031998462858955835
than:0.026657166749430954
the:0.005618034857061265
wrong:0.016418770539315904
managed:0.029385792634562046
do:0.004461601980785693
wind:0.03145327272925157
once:0.016664790030589478
hold:0.021551432378534286
is:0.0033375481601324707
win:0.04210528451712225
easier:0.025942072760301867
lot:0.01539474154202106
run:0.016626300797437234
runs:0.04660609342165633
somehow:0.02641064237273401
every:0.015106512589673268
article:0.005033123480227335
luck:0.02560738276964982
bad:0.01702236674997754
close:0.021583311901680374
going:0.013526805490991816
four:0.021789106528093002
s:0.0038536414960001135
