at:0.007727763267144132
out:0.00516744341701956
there:0.004025346427969945
played:0.017790364127869846
know:0.005411733007273253
all:0.0041845080291504
story:0.015767796175493877
anyway:0.013370674656335674
where:0.008102880694007726
braves:0.04215919122901231
user:0.016586155629793927
funny:0.01974020241472027
reach:0.0191153660922385
wrote:0.011296381467951144
antonio:0.026883896209722476
via:0.01499224288866511
to:0.0054402598424638056
slightly:0.018989787966473905
ap:0.19836651440331954
been:0.012870529712468765
that:0.003043023030126989
broadcast:0.022284765209312617
think:0.006314684331265593
through:0.010392382868529941
location:0.020135206028396503
could:0.006618899804061655
so:0.004481625427126842
had:0.00672986177930761
this:0.009210218217042439
la:0.0191153660922385
he:0.006974268454036119
programs:0.015496412825853142
game:0.0391053829988222
recently:0.014514524406086355
on:0.008894891670864736
american:0.04246098970247652
magazines:0.02329167065512183
took:0.029608786635234027
a:0.006737519905399274
how:0.005769135952759317
want:0.008300868279439393
was:0.011650804396070863
red:0.03168963995563641
baseball:0.016435420351266702
audience:0.04932976050302566
local:0.013405190578578736
oo:0.02783593351339716
fidonet:0.04823942965497674
are:0.008459360284226652
internet:0.0125286576452395
native:0.02319834873210742
place:0.011927314111036954
it:0.004511255654473315
not:0.002644342142877039
texas:0.017404252945916677
couple:0.01384206927480052
have:0.0022423272506476
being:0.008534227762829596
calling:0.018039476401523938
uucp:0.03713709304680766
networks:0.02221042504126975
licensing:0.026013497355670556
atlanta:0.06298492891016742
directed:0.022801357470963422
has:0.009340126963917113
heard:0.01185371648868366
which:0.011332388881732611
get:0.01152959627448353
were:0.006803961831018855
of:0.0034112383432585726
but:0.002917908869519343
years:0.009779716767457865
biggest:0.021195022405371827
seems:0.010335469690267886
fact:0.010518715476442278
administrator:0.024177048518573253
they:0.012275258217207152
find:0.018565322260292897
david:0.043797284900780595
clear:0.014463819044678127
one:0.00862553427873353
in:0.005455078566936111
francisco:0.021890658502637786
system:0.009803606707204057
or:0.0029575063934345848
and:0.0016745500635560958
few:0.0100246820215188
for:0.0014269686969827805
subject:0.0001170919161930627
station:0.018140307621807704
i:0.0041863751588902395
back:0.009238406666962884
signal:0.019761238257981206
tue:0.02536253242094129
any:0.004488102045126348
information:0.010696584581069144
program:0.012178216808702083
community:0.01784451253059923
phones:0.021722593308330172
the:0.0042977145306393365
spanish:0.19777772432461463
mexico:0.025287556836032076
sox:0.04639669746421484
fan:0.01754191221705997
because:0.007740010082870675
radio:0.0157339928103845
gateway:0.0211658796741496
last:0.009562116456401306
ny:0.018426286542030348
thought:0.011774501777156634
during:0.012843725920186273
is:0.003535166143298209
keep:0.011620239404061056
their:0.013277926478786964
marketing:0.021722593308330172
innings:0.025141344466437374
cellular:0.023017458563098434
faq:0.017026732732007718
changing:0.018782538471515373
widespread:0.02353405082474924
u:0.016586155629793927
spring:0.020884631743581447
training:0.019657053670226347
going:0.009551823175656502
included:0.01641570811623232
latin:0.07913761850042024
while:0.009519046078414571
galaxy:0.02559547025126562
