go:0.016144665989992757
at:0.007310912966426814
out:0.009777403311871036
say:0.007873630598620512
majors:0.024779665525365733
know:0.005119813799412041
richmond:0.025749021754334637
graphics:0.014600586888546563
fax:0.012691466140594977
braves:0.07977008796858762
way:0.014376537921548077
ca:0.00853339666428349
such:0.007979324495717007
1992:0.016373222136449345
starters:0.0242909392363351
post:0.010716090474818175
415:0.02181797893713884
to:0.00457493497125587
randy:0.04161648684828823
been:0.018264403160432853
that:0.008636629678866642
guy:0.014051164925099044
view:0.014130077812384362
like:0.004832527234475822
really:0.008097077772576455
nt:0.01185192616966703
12:0.014744335400879818
re:0.001551620343477886
started:0.013606825211572221
michael:0.012467614944704105
so:0.004239877997447801
july:0.040855763292057326
had:0.006366840189552428
this:0.006535051100059157
off:0.009059989410607263
two:0.007737715488188014
you:0.002306219873065236
m:0.011359458191834624
why:0.007384740996489653
more:0.005275597617513385
a:0.0023178491715292863
how:0.00545793774783869
nor:0.014334186709441506
series:0.01488527120650484
as:0.0066399515370706924
season:0.015839147007036175
part:0.010162747354411939
baseball:0.015548862407007502
jail:0.022818651372063688
silicon:0.022557598154592448
team:0.026582776503688774
computer:0.011123248569150685
giants:0.022217693082111592
hitting:0.03983133017096918
staff:0.01996955386360414
are:0.005335364162665772
no:0.0046711441335373855
those:0.0077008948310687145
early:0.014534195430677514
play:0.013285967770873201
wow:0.021492370574311064
reds:0.0242909392363351
race:0.018136222941284474
it:0.0028452732758503896
should:0.013633295786169956
have:0.0021213718387869413
made:0.00964970768430706
systems:0.012449863569637388
ve:0.015146337751265015
hurt:0.01871527638695296
always:0.011024714099579698
mt:0.023155271889957335
decided:0.015483954618333422
bother:0.019027406765532166
poor:0.016396083778818512
june:0.019070856142574883
be:0.009601016715974627
writes:0.0027438273486205906
get:0.005453833922369802
were:0.012873886286077172
things:0.009272721693528007
of:0.002420422226959402
gotten:0.017882617899558143
what:0.0038192618381602955
but:0.002760511295644856
year:0.02053743332954068
years:0.03700872071336753
well:0.013965708797953068
they:0.0270972505043743
up:0.00557452435830865
now:0.006854416588706408
in:0.0036863008691803
or:0.0027979728535397733
seasons:0.024140036148489145
watching:0.035349411566301524
and:0.0031684432737824884
few:0.009483931539030235
still:0.008471821917964925
for:0.002699990563585676
subject:0.00011077575473866513
until:0.011872056951720516
i:0.004752664910673732
we:0.0055922983639583815
games:0.013816889176799692
any:0.004246005254310404
offense:0.0412910037515805
will:0.004702511804577944
yet:0.010913148309901094
the:0.0043786481908077764
managed:0.0196311726728817
do:0.005961144555240636
when:0.005426035032546622
judge:0.018101499913605983
start:0.03507338698608937
fan:0.016595667989583708
club:0.020051722441596583
last:0.01809263528680081
an:0.003725718417268617
sgi.com:0.025749021754334637
just:0.014618944773434265
makes:0.011589119843369187
long:0.009876810145678776
people:0.006245946639307541
about:0.004087204067725608
different:0.010486377170171153
n:0.01519093566723818
is:0.0022296483559391196
average:0.01609759775478252
time:0.00655398327760877
their:0.018842534671141668
unless:0.012772039110956396
amazed:0.024066593919860924
slow:0.051118607116703414
guess:0.01243218781301101
almost:0.012539389752135137
article:0.0033623770967493817
already:0.012057204652686105
before:0.008822382851546242
past:0.013707528825325159
by:0.008219381533752415
happy:0.015759730657614195
s:0.007723273205676576
1991:0.018015942705295874
