some:0.012487025402495765
go:0.010403381025637043
folks:0.039606586634168744
say:0.010147299327633922
lead:0.020664249399036955
watch:0.020557025885424327
von:0.032047875940165636
hand:0.03376726690323715
with:0.0031274191272168306
though:0.013291680222517003
continues:0.026485300932081707
theoretical:0.030313973971258797
to:0.00810705388288724
then:0.017068239035035328
might:0.01137478682287939
teams:0.0221175943196372
that:0.005565314846542409
slip:0.031110955677999375
think:0.023097561938960783
like:0.006228016382399322
nt:0.00763720376173731
need:0.01027380744116169
re:0.001999681833038345
so:0.005464227793502246
barry:0.028118357881553264
prefer:0.021960043342469735
apple.com:0.05881598909804651
this:0.0028073927185637377
two:0.009972136003493644
on:0.002711277140317058
focus:0.02673215677038739
you:0.00297218710913755
working:0.016944058880783996
winning:0.025048369536398416
why:0.009517233048951905
a:0.0007467936501852379
how:0.007034026723150397
want:0.010120844747123965
as:0.01283605604626233
worked:0.020557025885424327
worth:0.018797666410651538
fine:0.017321692930056472
frankly:0.030232329735265278
third:0.019533609607849653
far:0.013312182203857761
giants:0.08590049250463466
are:0.006876057557232358
results:0.019588683149029198
bonds:0.029203603036615778
it:0.011000708975614075
not:0.0032241176929195983
argue:0.02277863151732264
cs.cornell.edu:0.029841820991870147
expect:0.018482465685338973
able:0.01410409211823887
edward:0.02417160654215307
has:0.005693981143778348
details:0.020400117017595372
talk:0.01850050143121405
be:0.012373502826469974
batting:0.057510077902314966
writes:0.0035361625188104935
get:0.007028737835781403
if:0.007167384168592612
cheers:0.023284292386975113
what:0.004922150283404445
but:0.007115328580218291
tend:0.02277863151732264
fact:0.012824957907106091
order:0.014996346850975893
well:0.017998587274367324
they:0.014966624992102842
in:0.0019003176673207537
rather:0.027523889335966452
and:0.0030625461055410956
4th:0.027216632146602505
for:0.001739833491508417
subject:0.0001427644753583866
until:0.015300351472538203
car:0.016356381496702616
i:0.0030625461055410956
away:0.014807398857345831
we:0.0216215599847161
improve:0.02536488756522371
silly:0.024987253515951234
stupid:0.02065072829554306
pretty:0.01539048158780549
than:0.007650274236467706
the:0.0036276882833697734
wrong:0.014135946827967167
do:0.007682544587235258
when:0.006992911459057411
risk:0.022941929505879227
would:0.004987431262590246
can:0.013870042659428558
simple:0.017642719555915724
long:0.0127289371396181
ted:0.02399205415962043
about:0.010534932409859588
hold:0.018554976539807592
is:0.005747008061832383
division:0.021190200086204987
win:0.018125536917798616
right:0.010373655581766308
mostly:0.02182379154941634
break:0.02098506175533629
fischer:0.029767028254037313
their:0.008094564805249806
run:0.014314622611697298
first:0.010040400157171342
too:0.010441272020665757
tedward:0.03130543505859229
strategy:0.05645724289896467
every:0.013006141855280193
afford:0.025267949679702018
article:0.004333330910783962
chuq:0.07436073416711089
going:0.01164607317673627
while:0.011606109657104397
s:0.013271364296385417
