22:0.04385628000266054
24:0.019279388151939265
go:0.010239117114705933
louis:0.04961264934313642
behind:0.0185670652684142
29:0.024026240754160606
11:0.0203379717769469
all:0.00502140963498048
4:0.02615020530714399
times:0.01479197969206856
feet:0.023116115520817538
except:0.016970323257914807
my:0.005001127691212112
located:0.025722491289051432
reserved:0.029999819348050002
montreal:0.07784913973871023
day:0.013385805451383537
next:0.014096736967100922
that:0.0018258138180761937
pittsburgh:0.09310664006839467
13:0.0207249397603498
12:0.01870202542953703
me:0.005703098317918656
re:0.005904323728076377
30:0.018016344601967844
26:0.023138752793972227
opening:0.02587287745980962
apr:0.058850657005863144
two:0.009814681224491112
game:0.015642153199528882
you:0.002925257838993273
mvp:0.030619730062030965
28:0.023276660017098667
8:0.046618283405903155
3:0.02464700994355389
m:0.014408575917011284
a:0.0014700043429962052
season:0.020090707519451148
houston:0.0794355165339255
colorado:0.09922529868627283
21:0.04269687390688764
section:0.021630311187490984
giants:0.05636277929251467
are:0.0033837441136906603
27:0.023253423079155948
row:0.029082169942024852
18:0.02035131312222684
have:0.0026907927007771204
philadelphia:0.05221366820983854
19:0.02156261690516252
craig:0.04805248150832121
selling:0.021946195449208106
25:0.019356223938366383
june:0.38703800676720396
if:0.003527107472438996
of:0.0010233715029775718
available:0.014216125409548579
san:0.0637573489516507
ticket:0.026652510049523702
york:0.03961228639395203
pacific:0.028240860989699086
they:0.009820206573765722
box:0.016676521108982142
in:0.0009351563257604761
st:0.040386813083361055
5:0.041034835056595
weeks:0.019160867817542684
and:0.0010047300381336576
for:0.008561812181896684
subject:0.00014051029943167525
i:0.002009460076267315
6:0.015464998066101023
20:0.01655174920213484
angeles:0.07479718308348082
schedule:0.026832464600830434
the:0.0011901363315616627
pair:0.026878431337508092
may:0.13712819675872437
7:0.01679751857332266
lower:0.04179981697942755
note:0.015587837362518408
here:0.009475794240123138
address:0.016804322915440057
about:0.005184295685904587
17:0.02069633557095003
interested:0.01514250639692063
seats:0.02937063434463009
new:0.018147363840879442
time:0.008313210367914282
9:0.037482459532895016
tickets:0.08856306154616485
2:0.02050957423258325
sale:0.01670985344265068
1:0.010308020483814255
23:0.045575491119537376
cincinnati:0.13009555276613446
chicago:0.06667420321269289
every:0.012800781720723138
savings:0.03280096047303583
e-mail:0.02894416607002386
los:0.0719983685334165
s:0.0032654541097685173
diego:0.08193379030047647
