at:0.02710661576782865
there:0.014119676701186884
lead:0.029724727981691627
finish:0.03764877317032973
inning:0.043968969365199555
with:0.008997344258300729
deck:0.046783848360211315
that:0.0026684971187267447
pitched:0.08870096859408175
re:0.0028764654059859275
he:0.02446358780800362
two:0.014344534097333165
game:0.11430804261194183
on:0.007800135772912153
3:0.054033829491637375
more:0.009780146352467123
a:0.012890807315505185
how:0.010118176901762496
same:0.014939179619450866
ct:0.04271262277978956
also:0.011411516397535126
russell:0.08043045977968882
team:0.024640188989957672
are:0.0049454721661632735
no:0.008659582586019307
base:0.029627968118561932
not:0.009275538593476384
have:0.011798091072638144
won:0.033243380651221434
p.o:0.03543583415146988
has:0.008190572876050392
his:0.01418791570388659
which:0.00993763332705783
writes:0.010173267554116345
get:0.04044227616280376
if:0.005155003228949302
of:0.0014956968120441434
effectively:0.03764877317032973
but:0.005117563248080079
least:0.055561439600918826
requirements:0.03743358969308045
must:0.01782661867291921
box:0.024373377005435442
one:0.015127860119624963
in:0.0027335338752998537
or:0.005187011213100657
and:0.005873806376781383
gets:0.02567166417225234
for:0.0025026835608621075
subject:0.00020536120686167922
ways:0.02744875677906996
than:0.01100462524784201
the:0.004638480061471095
can:0.006650507634136257
pitcher:0.11765003709594885
bat:0.03969976288766779
may:0.014315580980306391
record:0.029666526132589195
number:0.019248191141521216
either:0.019258174670102757
save:0.11146185330527059
win:0.052145775440436026
new:0.013261535114488823
does:0.01874598175903885
2:0.0149877657853493
run:0.041182068129036846
entered:0.07715056408028818
innings:0.04409405029498248
1:0.015065568399420836
article:0.006233329848589239
three:0.04489981548419189
close:0.026730101662850312
s:0.004772586775815526
