at:0.014931610380583576
11:0.06549516334949002
randy:0.08499638415624969
that:0.005879739414143674
considering:0.06788762636195073
think:0.024402508941161954
its:0.03504787383108763
seattle:0.32992316339664124
so:0.01731882368449017
he:0.02695141029695314
game:0.0503730357272964
roger:0.07480940294180664
beating:0.08964785611729648
faced:0.09953912693167645
red:0.183692489234367
walked:0.09193660669024466
not:0.01021881370467737
against:0.0437844202060652
johnson:0.07826023269165816
pitch:0.08459440912883755
boston:0.07067418873473798
14:0.06328564101282487
of:0.003295603145182011
but:0.011275986817803564
least:0.040807836995025125
again:0.04138761251030539
must:0.03927899029626267
in:0.006023040742186118
and:0.006471142618487964
for:0.005514387506984305
subject:0.0004524907947799711
i:0.003235571309243982
6:0.09960507229014219
games:0.11287695903758392
wing:0.0950676931851487
will:0.019208565167852278
sox:0.2689435683518895
last:0.036951907662025385
hit:0.06067291762592219
is:0.004553773337129897
win:0.17234620696415295
night:0.056742963501424146
man:0.04911948031856269
first:0.031822963210017645
dark:0.0781693522994313
by:0.01678704194605366
