another:0.015085070274752236
ability:0.027267276635771616
out:0.008014810197826258
there:0.012486788919416972
take:0.014460878437657846
ever:0.017982462971631703
braves:0.13077953197571165
ron:0.05765031749966034
much:0.011885692990203615
from:0.005758994928096432
my:0.019392127782251044
to:0.010313054939455196
look:0.016130396763781703
mail:0.020845683706366365
been:0.009981227123955369
that:0.004719790822237779
nt:0.004857677222601622
me:0.007371351567377855
generally:0.02630441832124557
description:0.029762178648883683
this:0.003571309104567476
best:0.016565823673207036
game:0.020217749033404675
on:0.010347118882434487
used:0.013431724546509288
them:0.009971831098858781
more:0.008649109019188611
a:0.005700016840189367
bring:0.02580521732849711
streak:0.04169747167222262
pitchers:0.03583938383685476
step:0.028296058742737086
team:0.021790643324452363
l:0.02248272502553308
hitting:0.03265085228300535
no:0.007658134259744965
d:0.02478699622281681
terry:0.03681825580733142
have:0.01043368598260516
term:0.026514828530030326
try:0.016574079403696547
only:0.009071675090267255
expect:0.023511708048696515
has:0.014486727535871442
his:0.012547136336770452
pitch:0.03395285808572391
be:0.0039351105927719135
hitter:0.03590987898675644
down:0.016084119571109917
if:0.004558846392948362
of:0.003968175215627319
losing:0.03349060868498577
seems:0.016030524417558353
they:0.0063463920034540384
who:0.008796278056012572
now:0.011237512910736354
one:0.013378379697627516
email:0.018665977271890753
or:0.0045871527734903765
and:0.0025972613230665974
for:0.002213257570830435
subject:0.00018161195164638296
however:0.016306795266645666
gant:0.08554765089838938
i:0.0012986306615332987
than:0.009731981511697014
the:0.002051028598609668
thing:0.015400900919217392
strong:0.024562261129051088
got:0.015048665453269211
can:0.011762802618200181
refer:0.030488491406881684
pitcher:0.03468141683100533
rid:0.03141056958372675
an:0.006108150602460794
pure:0.03433544120356661
just:0.007989037846706707
address:0.02171987315601096
e:0.021162514939141678
counted:0.03922151672527424
current:0.021511875671638217
changed:0.02570962716893486
f:0.025280484478958146
is:0.005483114834503345
scary:0.03945611656249308
new:0.011727888196486713
right:0.013196419005376187
lack:0.02639129972042576
somebody:0.025821280431801055
keep:0.018023228463441638
does:0.008289039553316498
their:0.020594334946689986
smith:0.05357467421042806
slow:0.027935565340420687
him:0.01630282519294767
although:0.021494826236426925
shown:0.028090936034092948
offensive:0.03411419500148797
going:0.02963014536122017
fit:0.027656109382982155
plenty:0.03170963845053706
s:0.012661964915428944
