statistics:0.020907551283647244
large:0.013247938583573343
at:0.00779615055269408
correct:0.014478838230891366
know:0.0054596244498154945
all:0.008443078147312311
happen:0.014962974452067767
with:0.0025877317557059616
c:0.02288582031353062
someone:0.00974981466665053
alomar:0.026911063216050753
often:0.013749205257870382
scored:0.021914828647341945
single:0.014386843674833517
hitters:0.026709902268808466
to:0.002439290548833329
player:0.10320167344396997
important:0.013904288906961161
most:0.0082150241768453
remains:0.020430768711539076
front:0.015561729775955458
jays:0.02345046734624349
t:0.011399438296462132
100:0.014949168578898546
that:0.004604928656209869
think:0.006370566493489182
r:0.013717786578447478
helps:0.01871669157580957
nt:0.006319279218782642
consider:0.014249398577748642
me:0.0047946401787811715
re:0.00330920798918735
so:0.004521285829136815
this:0.004645862286472734
off:0.00966131614139978
he:0.007035987643894846
two:0.008251280675457131
game:0.013150482778364989
on:0.006730205644769335
you:0.014755725382532439
score:0.02135318834383234
them:0.006486102528903721
roger:0.03905977675722648
vs:0.015117751969306824
m:0.012113404532000637
more:0.022502991607446475
sure:0.01931012407220534
a:0.0037075330774683055
how:0.005820190253226214
hard:0.011965634524670395
series:0.015873231684812684
want:0.008374327290761865
was:0.003917969619917636
as:0.010620984427659536
drive:0.012494706853123844
rbi:0.10328791535024004
lose:0.01860506961587295
frank:0.017328205205976204
team:0.07086780019235614
are:0.008534221879662286
d:0.024183772863411977
place:0.012032865563347015
flame:0.01857368807468051
wins:0.021783714498641187
have:0.002262170854635632
indians:0.024219701548911555
left:0.01293984594469275
b:0.04063152672364038
has:0.004711391477374119
talk:0.015307937024942597
list:0.012883312375759202
which:0.005716337754502291
notes:0.020700506321227958
writes:0.0058518795665271
get:0.005815814049960718
if:0.008895802032257646
of:0.001720713146599457
helped:0.020828769758720226
short:0.015322910909828617
but:0.00588746214380894
2nd:0.0386428039875179
least:0.010653373374807443
extent:0.0216563739475348
anyways:0.025015246285374368
fact:0.010611801454109908
double:0.01954933798690102
they:0.008255925880599502
who:0.011442945789680073
cares:0.04481395495052658
now:0.00730935574282409
in:0.0031447734848582386
thomas:0.016300907141721683
force:0.01581417751687952
and:0.005068107272001635
gets:0.05906754588305848
known:0.014411189148966186
subject:0.00011812812784078892
300:0.01840495856275377
i:0.0025340536360008176
away:0.012252139762494117
pretty:0.012734602021768258
will:0.005014625419926037
than:0.00633009416911266
the:0.00266815224774886
wrong:0.011696557773583454
scores:0.022960796691873935
can:0.003825513240874838
because:0.007808505747320858
once:0.011871819446570382
sandberg:0.05761854771987459
an:0.003973000613105029
long:0.010532350642073383
many:0.008200004546805723
about:0.004358478673990582
hit:0.01583938999968765
done:0.011719750227525215
white:0.015039686485931824
right:0.008583511476948228
does:0.010783086852544472
lot:0.010967050390554825
himself:0.016560979869473313
fly:0.021914828647341945
rbis:0.05975272521382936
run:0.011844400125607942
runs:0.09960505806486729
first:0.008307764731818766
fans:0.03639823557121644
article:0.007171087436430097
very:0.007713462353024103
offensive:0.02218932152751651
obp:0.05361867936816612
wish:0.016531316437074242
unlikely:0.021097020297730997
john:0.01186494867071613
3rd:0.01952988837861324
s:0.00549058655624795
