another:0.011430439847363808
bottom:0.023126361483757837
at:0.004541056765229026
lead:0.019918632152679954
help:0.011031405773411324
true:0.013315880371947662
thanks:0.010275188891320428
with:0.009043722321487846
4:0.012805512908137522
turn:0.017636485230487192
scored:0.025529645743810718
single:0.033519862582601805
to:0.0007104119381911499
0:0.01889255818799192
3-0:0.0322658838353862
then:0.008226187369978367
h:0.018212278991208846
randy:0.05169883160019311
been:0.01512618955898391
cold:0.02277397105690531
r:0.015980514261490362
really:0.010058740944283122
afternoon:0.028692960224252464
hot:0.021565042199801092
toronto:0.020706702552271042
started:0.016903324103035595
chances:0.025155957588974872
this:0.002706095043151644
he:0.016393125850724076
big:0.014308147184884316
on:0.007840342658339536
combined:0.02614647308275963
wells:0.09405000443547634
took:0.017398977713488036
vs:0.01761140177867702
3:0.012069412085760926
bill:0.015956257091194418
burns:0.04765716059219286
a:0.0035992374377484407
was:0.004564232650007142
tigers:0.12313194621882766
red:0.01862174719042552
jay:0.026279217908029808
third:0.03765757728523593
rbi:0.09024382294776127
are:0.00331397619382075
those:0.009566575537564743
it:0.0035345920591749688
texas:0.0409089656873093
ken:0.02126841598512789
have:0.002635312438905427
only:0.006873898135408694
palmer:0.029220170786728842
craig:0.023530854346858327
victory:0.027898369091122262
has:0.005488528215910057
his:0.009507366193326065
which:0.006659238827409885
of:0.002004542119234419
plate:0.026650884371438796
stadium:0.029547559476019183
double:0.02277397105690531
loss:0.021937380124333935
who:0.006665221001205404
pitching:0.051454331325787785
now:0.008515022669475486
david:0.012868274429610794
good:0.00835056624412113
over:0.010339900786182256
bob:0.01898971656716031
in:0.005495248512200737
5:0.013396251994421045
battle:0.024807538562518546
yes:0.013746628198473654
p.s:0.02337542631505066
and:0.0039360558194926785
gets:0.05160798467617739
rogers:0.028482537572086197
for:0.011739391960744937
subject:0.00013761317985576442
phillips:0.031853292558718486
vela.acs.oakland.edu:0.029807512329766053
rangers:0.09622578700922069
tiger:0.06512102966912238
scoring:0.026555425362329327
the:0.007382117108140209
when:0.006740589911565649
got:0.011402854750673062
home:0.015099809545677054
last:0.011237951299275762
an:0.018513363681685293
just:0.006053549296215907
here:0.009280417039295856
e:0.016035513897184675
save:0.018672733156810794
win:0.03494304539823032
night:0.03451376130498994
guys:0.020024101595315726
opened:0.026234588718632313
detroit:0.02448118660677459
blue:0.020601348595171695
their:0.007802492879287185
run:0.04139434683073291
1:0.03028645193698003
dave:0.018073580780281404
fans:0.02120103412137865
under:0.012511976428379583
era:0.026017061118166453
seventh:0.031002366010473906
three:0.015043752610682849
by:0.02042134999623023
mike:0.016471196025555173
7th:0.05682852641479074
dean:0.025687051536903923
3rd:0.022751313265807174
s:0.009594375477154922
