root:0.0196839037413585
some:0.00912138183697933
ability:0.015657381505696982
at:0.010323808739700364
mark:0.035198718331549105
all:0.003726827463462075
finish:0.019118517625558065
true:0.010090940594366589
chris:0.014987293917653516
hand:0.012332966622862006
your:0.004921610242895557
with:0.009137927762336677
statistical:0.021967158974003618
such:0.007511785951046088
mss:0.06950481324718227
my:0.007423548916642979
hence:0.017974036669771057
to:0.0037685133283733656
player:0.01518462122287579
then:0.006233907616311731
assumes:0.02114173282686609
impact:0.01872361091902928
might:0.00830892631202518
make:0.00687531438808478
consistently:0.02114173282686609
that:0.0108407695448274
think:0.016872047197600257
provide:0.013191233118294584
indeed:0.028814393035192308
suppose:0.015055230412621756
clutch:0.06058911993819289
12:0.013880409498484516
consider:0.012579547181918723
anything:0.00906734824343517
re:0.0014607050889772287
this:0.0020507126498883555
path:0.03465569243016339
bell:0.017434386910080365
game:0.034828231733326026
bases:0.01949636772891178
on:0.0019805032235909762
you:0.008684359209511279
numbers:0.013780243753901165
performance:0.059234550524947124
am:0.006384126393364709
a:0.0027275471207937403
other:0.0053879218274684015
same:0.007586302150502392
basis:0.014559407332179683
as:0.003125445938347728
following:0.010692633879061568
baseball:0.029275592500693812
singer:0.06661192170892219
question:0.008527289388074627
hypothesis:0.021967158974003618
explanation:0.018015592912759556
mind:0.011834592980508348
hitting:0.056246194753145934
no:0.004397444281962929
those:0.007249670524560782
reasonable:0.014602762383226749
reds:0.02286764201545609
it:0.002678558044843531
not:0.004710234441999726
analysis:0.033638797933613254
deleted:0.013724138660149753
have:0.007988290830432076
made:0.009084295124679693
cs.cornell.edu:0.043597035355310294
indicate:0.01855214922544637
able:0.010302598539494801
after:0.007535990967441216
walk:0.017932917869040638
edward:0.017656603216338378
has:0.00831855057723868
struck:0.02128379393690857
open:0.012910002260755324
absolutely:0.015634604473232946
netcom.com:0.03772306845376335
be:0.004519228571386495
writes:0.005166112429824706
prior:0.03590684633094177
certainly:0.012014676864279848
down:0.018471606069946547
were:0.006059778505751168
if:0.0026177750772008175
end:0.010563411728810583
of:0.0068358018362955
future:0.027378955658733203
analogy:0.020661029339533173
gives:0.014205173733578536
opinion:0.01292699829917066
but:0.002598762586915665
year:0.019334068095387905
particular:0.013246294719077371
saying:0.01178341866782984
well:0.006573702774036503
please:0.0074820912379111515
find:0.00826737006903668
chance:0.014043193468799234
one:0.0038410582334985253
in:0.003470306677626767
heart:0.015511650832209442
our:0.008710060246017162
accurate:0.0174705561499741
or:0.002634029131652677
opposed:0.017488767138668676
repeat:0.01836498767975927
and:0.0014913961503546479
for:0.002541787991500578
subject:0.00010428498785944647
however:0.009363667594519192
i:0.0037284903758866197
we:0.015793873895085585
will:0.004426974003528455
yet:0.010273706026117827
detailed:0.019317424228789536
the:0.004122086773377633
wrong:0.020651734818983285
do:0.01122371748291401
when:0.005108103292358343
start:0.011006101905791064
may:0.014539261933123679
sport:0.01958901041101067
an:0.010522243811270352
note:0.011569098042494131
ted:0.017525445811910238
about:0.0038477194543823107
is:0.003148507346374968
win:0.026480276590846417
right:0.007577631225743358
conclusions:0.019781159802380873
selection:0.020702365704105583
fischer:0.02174388391994132
their:0.01773847990525446
tedward:0.02286764201545609
nothing:0.009979906255862925
loaded:0.018230276054481263
sabo:0.027159096268065893
article:0.006330725627473445
players:0.07249753736402133
s:0.0024235792220938216
confusion:0.020233051985972524
