some:0.004824532541873364
go:0.00803897624708317
week:0.014247267786799932
at:0.010921053873402038
out:0.014605501228270165
there:0.007584950294026012
formats:0.020822641974329655
tomorrow:0.020890944874954492
your:0.005206331496616787
with:0.004833284105698738
way:0.007158565370027039
hell:0.014104879853230974
into:0.00740001612802639
from:0.006996464912646079
several:0.011646493273005772
my:0.003926505212108683
via:0.014124923052130766
to:0.0028475189258075017
denver:0.04869303044578186
remember:0.011498446431905918
job:0.014344994030120564
most:0.007671882082508422
ap:0.11680672852261585
front:0.014532855080024519
mail:0.012662460763784529
puts:0.020404238116043815
make:0.01454611969710499
that:0.002866980375491544
finds:0.02172782199938207
nt:0.00295073781703487
its:0.008544729570389133
sitting:0.01875948551430561
re:0.001545208689165994
started:0.013550598661111178
scott:0.06317482732514887
this:0.004338697837780322
30:0.014145063943693763
on:0.0020950777902449995
you:0.002296690038879016
scorer:0.027054808002135142
score:0.059824221888918706
card:0.012648381597166289
why:0.007354225537826473
transmit:0.023424434432336345
seconds:0.019124647293024988
more:0.005253797627358371
a:0.0028853391029884197
same:0.008025179134415755
wondering:0.014871626040732631
was:0.003658930306204073
as:0.0033062568604009025
corrections:0.02375518942272286
following:0.011311216004296536
services:0.016515130691997143
copy:0.014118231177947697
local:0.012629683685603108
jay:0.021066811050238773
let:0.00952536257335878
also:0.006130153436692424
mets:0.04472961655931999
official:0.033522339017804346
shell:0.019914131742457673
are:0.00796997580497387
no:0.004651841885051694
those:0.015338145903202977
telephone:0.018500513997930502
laptop:0.04952853554389235
it:0.014167579741321155
not:0.002491363671801508
feed:0.020592099165947775
have:0.0021126058394531112
being:0.008040512107128712
mlb:0.02459206654715044
ve:0.007541874789369563
offices:0.023686886522098025
whose:0.030932078103313793
after:0.007971957387045253
doing:0.01107728473208808
absolutely:0.016539085723750555
list:0.012031523127775123
anybody:0.012560310516168162
writes:0.002732489219080836
were:0.006410344204430988
if:0.005538433221185201
of:0.0016069469881466005
mailing:0.01823865608911815
seen:0.01071266483728245
newspapers:0.022888575658334145
associated:0.018800808172712978
least:0.009949018110357364
sense:0.027159686333578435
york:0.01555027771663406
subscribe:0.021603222668098238
using:0.009109175944813723
must:0.009576282758179741
they:0.011565119312079467
who:0.010686387390362383
up:0.00555148913368754
good:0.006694255584130162
over:0.008289011374046933
box:0.05237254563151417
one:0.01218980464184656
in:0.006607922797728985
door:0.017479224364185798
rockefeller:0.03263301757630463
or:0.002786410982244154
use:0.006870989784079951
and:0.0031553505329817346
for:0.0013444167888928677
subject:0.00011031800368602602
i:0.0007888376332454337
person:0.046366850232625635
shea:0.05245118050458308
later:0.013204181937841751
the:0.005294959161080124
thing:0.00935509270712792
see:0.014623022821579968
scores:0.02144272748910541
would:0.0038539241574560997
can:0.003572586745610386
did:0.0067930208406734105
maybe:0.010941789596455885
last:0.009008936165535116
just:0.009705690607156082
note:0.012238384706109495
people:0.006220136942450899
different:0.01044304503310433
press:0.014823761821353993
is:0.005551087332451733
morning:0.017727854618179405
new:0.007123965144146888
type:0.013390547563354118
center:0.01349847451848268
figure:0.015258254686259312
does:0.005035077745196385
issued:0.021813025665509078
paper:0.015936563624944607
first:0.007758491030541492
delivery:0.023118203142444935
article:0.00334848297651488
three:0.012059867795340797
give:0.00976543913783474
fault:0.018293388431060386
checked:0.0185982072337034
check:0.013674841175982187
blame:0.018500513997930502
s:0.007691358853587004
news:0.012681307918030656
