some:0.014066709338956075
go:0.02343894279270033
at:0.0106140362946317
out:0.014194904808198312
recorded:0.06535252764728235
ground:0.04671028510117278
single:0.03917381530737801
otherwise:0.04281186544110887
most:0.022368620047795638
might:0.02562753175757164
walks:0.13812594068307765
nt:0.008603356044848657
re:0.004505307262387597
ball:0.05371813662327644
error:0.09073393154631322
on:0.006108540063123976
a:0.005047605274143596
other:0.016618168528095313
baseball:0.04514790168781697
lets:0.055826677706983276
plus:0.21541565385419703
ie:0.05040503839471581
official:0.048869915917521996
are:0.007745920260255729
no:0.013563201640753132
officially:0.0659476210849881
it:0.01652315324048058
have:0.0061596459415379865
mlb:0.0717021699326555
bb:0.06793262389313333
sacrifice:0.06657364203596051
be:0.006969412736596041
writes:0.00796701675924774
if:0.016148202885865284
of:0.002342657657418538
formula:0.07272816762350258
but:0.008015460509041087
they:0.022479990951993826
errors:0.10347046548495936
total:0.04410862043137833
and:0.004599968849286625
for:0.007839731636435518
subject:0.00032165008303636504
steven:0.05405438708251833
example:0.03387179691274584
source:0.0375815417072268
the:0.0018162723132266337
would:0.01123674272414911
hits:0.05967170209999132
effect:0.08352707119572063
bat:0.06218035151080498
an:0.010818049862189599
counted:0.06946461395922064
is:0.009711058803277007
type:0.03904231940158671
does:0.014680588124548498
batter:0.07195059507967641
eskimo.com:0.07575605230158577
obp:0.14599784984584993
by:0.023865915055835327
s:0.0074751359139279315
