out:0.02404443059347877
there:0.037460366758250915
andrew:0.15369216976212238
send:0.0598642269566576
where:0.03770319996395432
user:0.07717639762434725
o:0.285794202759174
from:0.017276984784289295
except:0.06580329426538395
to:0.0028126513471241443
that:0.007079686233356669
cubs:0.11276759773438208
me:0.022114054702133564
anything:0.04737226837386538
so:0.020853277497651427
anyone:0.034141117339620226
national:0.06641171275484721
a:0.0028500084200946837
running:0.0617849063764633
services:0.08156452300945528
responsible:0.07981337173618412
anywhere:0.08625161846641757
it:0.00699704958653004
not:0.012304285889305405
academic:0.11417561551983006
university:0.0479661245224215
list:0.11884198354781957
if:0.013676539178845086
of:0.003968175215627319
oklahoma:0.12365124017556677
mailing:0.09007662803197126
please:0.039090109324597035
one:0.020067569546441275
for:0.01327954542498261
information:0.04977186294864826
the:0.0015382714489572508
is:0.005483114834503345
chicago:0.08617754156742617
charlie:0.22393435003393636
incident:0.09808464898178373
200:0.08481887849349413
