since:0.014711923701497657
there:0.02024512468184884
way:0.01273803543784223
from:0.006224795988457174
my:0.006986869568605157
to:0.001013381735360905
city:0.027057247047694057
politics:0.035987797883403415
lived:0.06611754223240536
day:0.037401515231806945
next:0.01969397076286158
been:0.03236559677694351
that:0.007652307913995813
talking:0.023968317502663736
anything:0.0170679496347015
funds:0.036585043765187134
re:0.0027495625204277245
this:0.007720329976050279
getting:0.019942658619299163
game:0.021853008146400645
garden:0.0434652556602699
a:0.008214730152037619
as:0.0058831923545369005
red:0.02656337466869523
said:0.016114006093113472
local:0.02247340773467612
prevents:0.04375941253242946
are:0.009454579141194493
pa:0.03808574491477181
month:0.029219143304318077
relatives:0.04103250386382145
it:0.0025209958069115587
not:0.004433161827764448
have:0.015036782739636849
being:0.014307381837684912
verify:0.03970918489728468
only:0.00980541351668593
ve:0.0134201007281429
area:0.02359166944602461
moved:0.03278386279214665
has:0.007829224072695228
heard:0.0198724070545579
anybody:0.02234996430082864
be:0.004253391596599054
boston:0.061320251990434414
writes:0.004862223463364429
whatever:0.024301180726127667
but:0.0048917883989000755
year:0.01819676997212979
years:0.016395407521914658
stadium:0.12644617364002328
nearly:0.03154515307058394
they:0.013719406242760936
up:0.009878385076120474
now:0.01214642939616356
called:0.019722459528358337
one:0.007230227263056047
in:0.005225873585132073
preliminary:0.04455081447502038
or:0.004958172483110921
and:0.0028073339300793373
for:0.009569084203296293
subject:0.0001963011536177816
i:0.005614667860158675
back:0.015487917059320129
will:0.008333127536053562
the:0.0038796110808260076
sox:0.03889134934500362
can:0.006357102885571422
fan:0.029408499893306423
home:0.021539434204862856
last:0.016030607000437482
proposals:0.04277756405724914
just:0.008635210025484456
long:0.01750228856697489
here:0.013238241953113206
about:0.02897106412711387
15:0.02457213773515179
done:0.019475467289858075
max:0.07002494172847896
new:0.07605880433309767
fans:0.030242651614319545
psuvm.psu.edu:0.036756715559282664
fashion:0.040341114528172364
lifetime:0.04134994630400681
s:0.009124062953764975
