dan:0.09135180435373008
there:0.010549183742266063
all:0.010966296903980358
discussing:0.05593524896667193
thanks:0.02291249017145015
ever:0.03038416157275702
with:0.006722153756201693
ya:0.05870002246122457
to:0.003168273931243289
that:0.003987409487752607
broadcast:0.05840145365199169
think:0.016548827902627072
nt:0.0082077994450855
could:0.017346082245127094
re:0.004298166698599662
michael:0.03453672645601941
anyone:0.019228905168291854
had:0.017636879145771667
bases:0.05736862228277489
on:0.01165537529285724
them:0.01684895599462346
a:0.0016051771561452815
was:0.010177714185073398
as:0.018393428970506172
whole:0.03438983304629069
career:0.055545575958905476
stolen:0.056420993901038406
frank:0.04501349858104163
bonds:0.06277096284881782
d:0.020940738188241787
it:0.0039408670085054245
not:0.006930000098574309
morgan:0.0668706748481136
have:0.005876443829283366
robinson:0.06913171271301079
only:0.015328002738727432
alleg.edu:0.06913171271301079
list:0.06693399073382941
be:0.006648979967097371
aaron:0.058110444364815945
batting:0.0618068078605339
writes:0.007600717138132901
were:0.03566214476947814
of:0.0022349492593763064
fact:0.027566288834814243
easy:0.03808829384205526
who:0.014862676715331589
up:0.015442073222441203
now:0.018987521814692463
sounds:0.04095062716736596
in:0.004084590848149206
and:0.004388476028629768
subject:0.0003068615734714747
i:0.004388476028629768
winfield:0.0719492122306313
the:0.003465531080409439
see:0.020337767372542254
dad:0.06627083860477372
radio:0.04123391219273179
come:0.027599927292751823
last:0.025059339678844803
ted:0.05156912790631058
interested:0.03306984155649333
hit:0.04114600160838401
is:0.003088191113685792
night:0.0384808603055635
their:0.017398662282548435
16:0.04008037634281772
article:0.00931417103812185
players:0.042665217391240136
200:0.19108620901982587
while:0.0249464655848106
