ba:0.12497295304997677
all:0.02074060501404981
true:0.05615827809038797
thanks:0.043334492280786154
really:0.04242164659110708
re:0.008129141364742838
michael:0.06531946090594977
on:0.011021930983462824
numbers:0.07669005219562387
them:0.031866503728961756
a:0.0030358785344486846
team:0.06963531671074993
ones:0.07375282566036645
only:0.02898991822324536
second:0.059775995144614485
alleg.edu:0.13074910882678126
robert:0.06946547889038486
writes:0.014375269369947007
they:0.020280861402342254
accept:0.0776546080578855
david:0.05427054868140204
in:0.007725204430195238
murdoch.acc.virginia.edu:0.1264727980823018
and:0.00414997189663902
for:0.0070728013676537825
subject:0.0005803686280873543
i:0.00414997189663902
winfield:0.2721557158289097
walker:0.10594102397706592
ways:0.07757257350606726
the:0.00819296749988101
around:0.05146074854681817
many:0.040286978860393334
is:0.005840709280231824
time:0.03433717325877638
spot:0.10490914273274149
first:0.04081640933458785
image:0.08045789123768862
article:0.017615932180795674
s:0.013487745236000399
