all:0.01800127982351493
thanks:0.03761106877200308
someone:0.04157468140873622
to:0.013001878868781423
that:0.006545370291216543
nt:0.013473180221178084
me:0.020445069441595184
so:0.019279445233677736
a:0.002634913444993198
richard:0.07049202858073167
was:0.01670681385096954
let:0.043493164957600465
helpful:0.08763402587273975
dick:0.09523226145140173
it:0.006468970372452301
have:0.009646237983917979
able:0.049763494832276774
boi.hp.com:0.11611737638503955
his:0.03480054795292937
list:0.16480916586348565
get:0.024799508967757025
host:0.09031801126740989
mailing:0.16655678390817327
ok:0.061582060198319466
who:0.02439722404214808
bob:0.06950952856658679
for:0.006138657790793848
subject:0.0005037161677739301
i:0.003601862400856508
info:0.05557349923381882
possible:0.04862210609367136
will:0.021383119715156308
the:0.004266526471636149
do:0.013553168281254654
just:0.022158274782375205
here:0.0339698284079886
people:0.028401380001379574
many:0.03496605712411497
about:0.018585210949469275
cards:0.07424561253494531
else:0.04767079670449163
wanted:0.05745584885936042
update:0.08192155079200576
cardinals:0.1181053106427344
