looks:0.03846185926262798
go:0.02185878934600143
all:0.010719863265688665
small:0.033581414609730464
swing:0.06577658826917707
your:0.014156541822261377
wonder:0.04146480570580819
to:0.006194153528498116
job:0.039005489385271645
front:0.03951630257714532
that:0.007795609560325321
think:0.016176944129534326
like:0.013085832174254755
nt:0.008023354513735264
re:0.004201578682900792
ball:0.050096689210471286
he:0.01786666525303635
big:0.031188545549073677
am:0.01836332985057714
size:0.04045929367489739
m:0.015379940585573843
sure:0.024517348541114644
a:0.0015691057593779719
how:0.029558719038856724
was:0.009949001506757142
lucky:0.05350220266895022
determined:0.05350220266895022
it:0.0038523081993255275
not:0.006774269759280504
have:0.00574438891177138
strike:0.11839077357343034
has:0.011963758133556752
writes:0.007429914505815307
get:0.014768246913383397
of:0.006554177041541752
plate:0.05809293896695648
but:0.00747509238483607
order:0.03150917821497182
zone:0.10966866903957584
in:0.007985604579527662
subject:0.0002999658077754865
i:0.006434787884676233
world.std.com:0.10328261416540555
alan:0.04944587294381167
mail.sas.upenn.edu:0.06577658826917707
practically:0.06440703975671597
the:0.004234567471848612
around:0.026597690260153208
would:0.010479209506790743
home:0.032914191593947734
bat:0.057988417701087785
just:0.013195377117594224
here:0.020229223658689843
hit:0.040221372358757404
is:0.009056380681707771
done:0.029760264622704476
time:0.03549460606525199
man:0.032562352121294366
ranger:0.07033237600072947
article:0.009104863823782033
stance:0.20829905920420405
bad:0.030793270188161616
comes:0.03397950940725294
by:0.011128488481091754
s:0.006971194166921554
