selected:0.17661645009179003
sho:0.2216255086712374
led:0.1505528317439427
rat:0.21403402860039195
re:0.013355017956363232
best:0.08697057428433692
steve:0.1145412088155138
bos:0.4280680572007839
stats:0.1658786918305431
g:0.12625007003612507
year:0.08838431129320184
pitching:0.3565050099001011
or:0.024082552060824474
subject:0.0009534627461435106
steven:0.1602326474231793
league:0.13892346672261602
17:0.14043941994573234
eskimo.com:0.2245625836082721
ruth:0.21328212112904077
era:0.5407831989561741
1.75:0.2627926340261797
lifetime:0.20084259633374735
s:0.044316877204001306
