another:0.014783368869257192
believe:0.01448447920220227
played:0.02704135347436217
jhunix.hcf.jhu.edu:0.041196925042609245
scenario:0.03768963773663071
saw:0.022649203887569698
ever:0.01762281371219907
remove:0.0294543359002642
from:0.005643815029534504
throw:0.05684494102046414
my:0.0063347617422020094
to:0.0055127966403633235
association:0.03178617724858137
puts:0.03291883749388402
that:0.004625395005793024
quite:0.017707995880729344
12:0.023689232210746907
consider:0.02146909385714129
me:0.007223924536030299
re:0.002492936685187804
happened:0.02248200599158954
ball:0.029724035598212965
this:0.017499414612380634
off:0.01455638298637567
suicide:0.03446847712039418
game:0.019813394052736584
on:0.0033800588349286
seeing:0.026721931103056186
a:0.0018620055011285268
how:0.008769086648194162
runner:0.11902560208820813
was:0.011806148454685143
as:0.00533409440144679
ridiculous:0.03327380092400944
following:0.018248761820265077
baseball:0.024981838933925388
prevents:0.039675200696069376
starts:0.029816415829289133
third:0.024351899977785904
worst:0.028731406091956752
ontario:0.06332466935619029
honestly:0.03592502070845017
no:0.007504971574550066
missed:0.028972881181518875
action:0.024545953872173044
it:0.009142811459732586
not:0.0080388001143462
stay:0.026324650455041218
writes:0.008816831880234166
down:0.01576243717968772
of:0.0025925411408765156
safe:0.02768493965464648
piece:0.028731406091956752
what:0.0061362806866442085
but:0.004435221481669402
happening:0.03026530329641305
years:0.014865169486535957
ed:0.02645446447779335
up:0.008956402469015898
david:0.016642968262296626
one:0.006555406051837484
in:0.00829171942174289
mid:0.03832503893532622
speed:0.022389767779238543
or:0.004495409718020569
and:0.0038179741449078986
for:0.004337984838827654
subject:0.00017797971261345532
i:0.0038179741449078986
games:0.022199135277391507
runners:0.04102813965604731
actually:0.01629542751400723
suggestions:0.026379975807139185
the:0.007035028093231161
responsibility:0.028918459110591134
around:0.015781296221024237
rule:0.052649300910082436
home:0.05858726103722697
once:0.01788687463283271
pair:0.03404601302751025
pitcher:0.10196336548315565
an:0.005985987590411579
pi:0.041196925042609245
umpire:0.04340597261563886
stops:0.036161731964829566
is:0.005373452537813278
does:0.016246517524500338
run:0.017845562855915965
matter:0.020139353412670286
batter:0.07962532522150856
1:0.013056825946164724
article:0.010804438404221347
takes:0.023839332359864473
realistic:0.03758938522086711
