bottom:0.031595169914429726
there:0.006463232292796813
know:0.0086892614482979
help:0.015071075493252092
all:0.006718787539762614
inning:0.08050656362642171
with:0.004118502653447516
to:0.0009705627887963597
line:0.01988594189299992
deck:0.08566056742010522
that:0.0024429903199611044
jeff:0.02968647386500279
tie:0.07464514958100041
could:0.021255058525719118
re:0.0026333838223814828
so:0.0071958492773585925
ball:0.03139862915304186
he:0.011198121179719966
leading:0.031797353758672195
game:0.0627889248150103
on:0.010711454054351196
score:0.03398465187116978
came:0.0212586389611123
a:0.007867628878007859
how:0.018526239397593302
as:0.011269213524183358
finished:0.03482577889133888
red:0.05088195711186692
far:0.01753083149381269
are:0.004527544940853701
works:0.02095159150387845
geoffrey:0.04351787856613653
it:0.009657899429294984
opportunity:0.032403897094798524
has:0.007498411787933458
without:0.015825425949313344
writes:0.0046567774015321296
get:0.027768464266713852
making:0.02165216331600284
if:0.009438738306526891
of:0.0013692998983502722
losing:0.034669855469668366
what:0.006481986640821347
beyond:0.027503973221398637
up:0.009460988523608342
in:0.0025025310125984575
clemens:0.12949707751725476
or:0.014246016712037013
and:0.008066142559664573
subject:0.0003760134773523704
i:0.004033071279832287
example:0.01979830382928102
the:0.007431367704117424
allowing:0.03310871018322798
when:0.009208974949603774
sox:0.07449610578761257
rule:0.027807729353916778
would:0.013135910508512339
can:0.00608849290449094
pitcher:0.07180518695996878
just:0.008270341996238634
e:0.02190767391587202
hit:0.025209169999502883
is:0.011352364516506926
either:0.017630723289530692
save:0.1020425417583463
win:0.04773909019194847
does:0.00858090714322201
man:0.02040879816052957
beleive:0.03949995702763221
run:0.01885094667878447
batter:0.12616688855520722
first:0.013222217108387615
article:0.005706569579694373
homer:0.04370080452672287
says:0.018035399608644847
7th:0.03881948635376551
thats:0.036543239805376826
