winners:0.05797604090655733
help:0.019455388364016335
braves:0.21846126364124563
much:0.015883607905090285
mechanics:0.05373886154360642
my:0.025914934399917308
to:0.003758724982065902
young:0.03412777751885624
us:0.018726148965318146
heaven:0.039583297057857694
mail:0.02785741368032596
been:0.013338548974740357
that:0.006307356826081396
nt:0.006491623197476713
re:0.006798918232330373
so:0.027867561746861457
mean:0.024031109607544187
on:0.004609171138538999
knowing:0.03903658470568921
a:0.0012695492053149044
how:0.02391569085871135
stress:0.1019817072349777
pitchers:0.09578889861850273
organization:0.03483484752833519
l:0.030045096170485116
hitting:0.043633411687288966
staff:0.04375147710116907
are:0.017533946770942513
no:0.010234052147113726
d:0.016562220203427593
not:0.010962000155926634
signs:0.04566198942650905
try:0.02214899702130357
machines:0.03587224122622083
completely:0.03269994215490427
doing:0.024370026410593774
has:0.009679767944423191
pitch:0.0453733648963765
showing:0.03903658470568921
get:0.011948854320828385
were:0.014102757249748172
if:0.01218455308660744
of:0.0070705667478450415
looking:0.023580775867333127
they:0.016962174991049885
pitching:0.1361200946891295
now:0.015017403617074947
good:0.014727362285086355
email:0.024944533263344917
in:0.0016152700172226407
and:0.001735442793139954
for:0.0029577169355643087
subject:0.00024269960810925723
i:0.001735442793139954
similar:0.02877052988969728
any:0.00930261151171643
unfortunately:0.033471755280235965
the:0.0034261500454047865
do:0.00653016289914997
put:0.022613266359516174
long:0.02163919313735077
address:0.029025648672123733
many:0.01684728206889176
e:0.02828081541867115
changed:0.03435741085303114
f:0.03378392016733498
is:0.004884956852557526
ignored:0.04666882001098816
new:0.015672723317123154
right:0.017635214489002723
their:0.027521520337849343
matter:0.027462754653641293
runs:0.03410718654948486
smith:0.03579762322242239
under:0.022066576610051264
already:0.026416239284521376
bad:0.024914554970421672
going:0.019798324400451657
s:0.005640329825963803
