picks:0.17420472243330096
case:0.0748973062820229
alomar:0.5529000260752246
might:0.06445712532964988
worse:0.11803228525273901
that:0.010512261376802327
re:0.011331530387217289
he:0.04818585477334046
joke:0.1487462566481922
a:0.012695492053149047
kim:0.16867982677287813
no:0.03411350715704575
not:0.018270000259877725
closed:0.12503250609438823
valentine:0.19421555145563293
edward:0.13697243707220075
be:0.017529129004165797
certainly:0.09320476597744366
but:0.020160097643951828
over:0.06078608340967751
subject:0.0008089986936975241
baerga:0.39909114330300305
actually:0.07407012506366924
source:0.09452327156666135
than:0.04335155400665034
is:0.008141594754262543
s:0.03760219883975869
