go:0.031633044744619955
at:0.007162317174426269
stopped:0.036630587990404195
tried:0.025185886610054237
strikes:0.04514342245018409
your:0.010243351399847665
way:0.01408433186623206
into:0.014559381325060053
to:0.006722922732150394
mail:0.024913134185657368
that:0.002820362808410381
really:0.015865006042202652
talking:0.026501554311888362
nt:0.005805516680670232
need:0.015619528386156394
re:0.0030401666892534195
scott:0.12429518872102462
michael:0.024428416273769835
this:0.004268149905458691
counts:0.04596297284954966
game:0.048325351348138014
used:0.016052548848267203
letters:0.038128526894498
m:0.011128574895252619
a:0.002270738416010399
how:0.010694008107553858
as:0.006504993172496086
season:0.03103442624955869
coming:0.02826528418528126
following:0.02225458758568912
let:0.01874095725815305
mets:0.04400230572095707
shell:0.03918064944451022
feed:0.04051453657040131
calling:0.03343902942721511
area:0.026085097924059737
strike:0.12849730302482074
60:0.03310292097065868
suffered:0.042916684642708924
list:0.023671777210744552
writes:0.010752234000285568
making:0.02499680642985694
of:0.00474245330648143
mailing:0.035884185150947906
subscribe:0.04250390150959166
they:0.0227541371831157
zone:0.11903062859173477
up:0.03276732610615572
in:0.007222752109532133
speed:0.05460918970545986
and:0.004656066030375486
subject:0.00021704843001640894
until:0.023261509962314183
i:0.0015520220101251621
top:0.027492944928189558
games:0.027072116191940863
offense:0.040451755707849195
the:0.010417724528303984
less:0.02234850046013234
start:0.06872102653371982
did:0.013365130434495654
forget:0.03121311654808532
people:0.012237993008724532
about:0.008008261628633103
general:0.023970978561687412
is:0.002184330299924097
cop:0.04429797762478532
lot:0.02015084055500318
first:0.015264673409683262
69:0.044709715289978455
article:0.006588072197695944
bad:0.022281309323141336
before:0.01728613225384264
s:0.010088394810666966
realistic:0.045840713683984284
