prism.gatech.edu:0.02513354569204403
at:0.00937196821760033
out:0.006266899463193936
correct:0.01740541191585877
there:0.0048818031147720604
lead:0.04110866635765863
ahead:0.022987444067333968
i.e:0.018375207430720228
your:0.03350883569631018
with:0.00933235175728001
4:0.013214199490312122
someone:0.011720521886505424
my:0.005054331177288837
h:0.018793521937736788
badly:0.027808403647232836
that:0.003690474738664647
pitched:0.09200366423322308
re:0.0019890452275434603
michael:0.015982421285498347
had:0.008161747264266677
this:0.0027924597785713777
he:0.008458155359150187
two:0.009919092726879316
these:0.008811893473930545
game:0.047425677253890755
you:0.01773826561942729
scorer:0.0696517397501777
ta:0.02456039217450974
seeing:0.02132068970988525
3:0.024909212176995953
a:0.005942570748282532
kuo:0.03300805448295025
looked:0.01981384683233875
was:0.014129698948426365
hearing:0.024121450559148022
worth:0.01869767882336084
question:0.011611628102910129
official:0.02157554798486343
others:0.01434217139929998
team:0.05111528567065687
those:0.00987189177812532
not:0.0032069681307232176
wins:0.026186805727089937
have:0.0027194181550407068
won:0.022987444067333968
allowed:0.020382091638919526
pitch:0.026548245418092635
which:0.0068717677261570095
credit:0.025704601640557323
found:0.014226172900303178
writes:0.010552059431131314
get:0.02097405279719876
if:0.010693889677075678
of:0.002068516867720624
even:0.008931699190244818
effectively:0.026033726128419494
relief:0.027808403647232836
opinion:0.01760272108823239
what:0.004895968632960804
years:0.011860507569044646
never:0.011723081015222661
least:0.012806714801630224
sense:0.017480436416824417
well:0.008951425054007154
must:0.012326917167444133
david:0.013278964039066457
one:0.005230377169019269
in:0.008505943175800076
5:0.027647583903379604
ended:0.02642501637936107
or:0.0035867630728887516
and:0.005077093277803057
few:0.012157593089927055
for:0.0034611581160858933
subject:0.00014200508985116116
andre:0.02898218748855635
games:0.0354241520383907
ago:0.015218966624280022
actually:0.013001670888835557
the:0.006414919233949387
allowing:0.02500764279797007
when:0.013911430243018467
automatic:0.02450350233878236
got:0.023533551293942277
can:0.0045987552789240075
pitcher:0.0542358327038062
come:0.012772306779092598
last:0.011596609319465413
during:0.015576433562779098
is:0.002858219435007063
save:0.09634335724524717
maximum:0.026033726128419494
unlike:0.024531871200353435
does:0.006481323480518751
jimmy:0.028247345262594557
run:0.014238481002060611
tied:0.027258518783116692
entered:0.026674397155418784
runs:0.0399126651110993
innings:0.09147170008001683
every:0.012936960249667
article:0.008620562556559585
three:0.015523872374853578
comes:0.016086044347050594
before:0.011309543974588533
says:0.013622482683125362
john:0.02852636595299836
