some:0.008051978449195545
say:0.026173034127828183
know:0.008509483625229668
help:0.044277780414657866
50:0.023801264062954696
damn:0.029667840395604182
princeton.edu:0.042272609212529136
with:0.004033292253721016
c:0.07134062608079889
to:0.0009504821793729867
remember:0.01919051059669815
stop:0.02292381458331474
q:0.17564186662852377
w:0.02134028175882313
t:0.017767400379313392
that:0.004784891385303128
really:0.026915803354357597
signed:0.034105245534966355
nt:0.0049246796670513
re:0.002578900019159797
racial:0.04000033885990678
vi:0.07906519363238237
national:0.022442578793017334
had:0.021164254974926
this:0.010861705621477634
mean:0.01823049694365421
laws:0.025599130434744082
these:0.011425075676544431
you:0.007666192957361681
serious:0.024806852669237725
disclaimer:0.02589003811775301
went:0.02249973286369713
roger:0.060879376187125404
why:0.01227394882864832
more:0.008768407074625695
baseball:0.025843281655784884
audience:0.03878339791272363
local:0.0210785065649376
team:0.022091203922031014
l:0.0227928315776094
hey:0.02658026886642186
d:0.03769332873883521
only:0.00919680164323646
exit:0.07339740448926886
quit:0.06939194547791193
stick:0.029147098654168698
writes:0.00456043028287974
were:0.010698643430843442
of:0.0026819391112515674
what:0.01269575314478112
but:0.004588160153451105
reading:0.022664289974917175
they:0.006433928444880991
over:0.013834074155305916
one:0.02034436360915081
in:0.0036761317633342856
our:0.015377761537795817
better:0.030844356845536595
and:0.003949628425766792
for:0.004487570522925159
subject:0.0001841169440828848
i:0.005266171234355722
special:0.024108353054241534
group:0.03720159910078131
than:0.019732431478889118
the:0.0020793186482456634
blacks:0.12355653913682361
do:0.00990783336422754
when:0.009018444433405074
around:0.01632547884933542
would:0.006432066524857766
meant:0.028080408823386326
because:0.012170498613065614
country:0.023246580055311255
did:0.011337317540985967
people:0.010381194069469775
about:0.006793215036702562
e:0.042908823393845885
is:0.001852914668211475
discussion:0.02370946168613925
does:0.008403371133362243
man:0.05995964149231446
history:0.022903500719661248
x:0.06300331012854005
article:0.00558850262287311
players:0.025599130434744082
purposes:0.030531034484942158
lots:0.02516341387183697
before:0.014663408739466513
mike:0.04407464867527867
black:0.07302522116366768
doubt:0.024000498613659087
s:0.004278870902455299
