since:0.007636723753449165
at:0.00672492375919413
mark:0.011464213604168664
there:0.0035029732273936924
played:0.015481690920436357
know:0.004709447044497335
all:0.0036414802696423327
jhunix.hcf.jhu.edu:0.04717205157550677
anyway:0.011635548937574557
situation:0.013450886598376328
saw:0.012967101462349064
ever:0.01008939716347275
with:0.0022321655602654477
response:0.013403047910791381
from:0.006462383621604393
feet:0.016763595225020352
throw:0.016272406780667215
my:0.00725354397962062
ground:0.02959506613280413
to:0.003682211496425884
line:0.043111507615358605
ten:0.015366371154800874
calls:0.015298815517016898
that:0.003972190367570345
like:0.004445187265300279
nt:0.005450981310858309
12:0.013562537525236779
re:0.0014272538273975973
started:0.012516201816751546
ball:0.06807031053025869
had:0.011713041875436146
this:0.004007499529552817
hooked:0.04401193098179628
off:0.008333807053268513
he:0.006069210715726089
shot:0.015177986051861587
game:0.022687092426797614
fair:0.04835152141378492
bases:0.03809977205039248
on:0.001935148187936221
you:0.0021213701885829076
leg:0.021353454810960588
why:0.006792834275396971
fun:0.015710887995930668
landed:0.021299314982747012
a:0.004797151577334945
how:0.005020469455072994
runner:0.04542961911763669
other:0.005264534304701949
was:0.02027773589545158
standard:0.011618490612451285
immediately:0.016117173804594973
drive:0.010777876903839651
question:0.008332007951706506
also:0.0056622027926701
advance:0.012074432124720036
third:0.04182578240459411
team:0.012226047972116402
worst:0.016449278296921804
hitting:0.018319371319090786
play:0.012221061957177258
base:0.08820540126900117
missed:0.016587527393999355
it:0.006543042552289541
not:0.0023011832388395606
won:0.016494807193354145
only:0.00508983297049346
foul:0.0947406754625137
safely:0.02169548595099756
argue:0.016258030892134862
second:0.020990044096582186
robert:0.012196229118159173
manage:0.01923312731980067
topic:0.016666552864845502
his:0.00703980550192846
pitch:0.01904988602519624
writes:0.005047804511584445
hitter:0.020147909202493118
certainly:0.011739531592578782
down:0.018048592190482122
were:0.0059210049521843475
of:0.0029685585582555516
piece:0.016449278296921804
what:0.0035131377976970655
plate:0.019733860946790558
but:0.002539248939887062
years:0.008510593217482418
never:0.008411981797182673
up:0.010255422674445683
removed:0.017623487514533707
now:0.006305016785794825
david:0.009528416944062954
called:0.020475225159211706
sounds:0.013598109021224573
over:0.007656262414196022
one:0.007506190135691774
in:0.004069000806744057
our:0.008510593217482418
speed:0.012818569339258706
or:0.0025737078538285696
force:0.013641237094712867
and:0.0029144840800823654
still:0.007792782756601325
for:0.001241789553099519
subject:0.00010189678203060419
half:0.014433753754171816
steps:0.0197696996504159
i:0.0029144840800823654
we:0.030864364252991678
similar:0.012079230106361454
games:0.012709428593926434
body:0.01354840123539905
walker:0.018600332453988674
the:0.006041531759454241
ss:0.020940425861952067
see:0.006753380768744947
when:0.01497337148294354
hits:0.03780726163587236
did:0.012548939262923399
finally:0.013879864411435516
about:0.0037596037416865323
umpire:0.09940299072283708
head:0.013178853952120928
hit:0.02732597053381228
move:0.013499332502187088
protest:0.04414242283950087
field:0.01485670935089048
time:0.012057328014532165
batter:0.022793509128294434
triple:0.023125613620621266
first:0.028664959227344137
loaded:0.03562557763318476
every:0.009283009644799221
him:0.009147004974669113
almost:0.011534324161315146
position:0.01314062197409241
article:0.0061857471779893205
players:0.014167457683350733
passed:0.016494807193354145
give:0.009019985768534376
side:0.012291465948745011
bad:0.010460309338726655
going:0.008312273603243063
by:0.0037802880718212444
s:0.004736154815694796
realistic:0.02152064039362621
