some:0.00926616567566154
go:0.015439938506302596
know:0.00979265972744684
help:0.016984862857474577
thanks:0.015820528927906054
your:0.01999892416160734
with:0.018565948469509437
ron:0.033629351874801865
much:0.013866641821904216
former:0.0316737930376711
into:0.014212729388749097
except:0.025590169992093757
to:0.0032814265716448352
brains:0.04463168807416608
player:0.03085129391314446
us:0.016348225287182508
day:0.02018494472827676
mail:0.024319964324094095
talking:0.025870564923510066
nt:0.011334580186070451
re:0.0029677817680807184
scott:0.1213357794657621
anyone:0.013277101187630088
this:0.004166527288662055
names:0.032515057237943484
more:0.010090627189053378
a:0.0011083366078145991
other:0.010946888792316752
wondering:0.028562964300454734
was:0.0070274693182649645
red:0.028671579007480564
following:0.021724716452696517
baseball:0.059480568890298534
let:0.018294743990101784
mets:0.08590926355043997
shell:0.038247776838688546
no:0.00893448996970246
301:0.043960597692990974
reason:0.021208031142924823
it:0.0027210748392061264
feed:0.03954990474729651
between:0.018435443222590518
able:0.020932263699291024
humor:0.04406857905851303
list:0.023108163467631584
be:0.004590962358233899
writes:0.005248114214425097
were:0.0369357927969595
of:0.0046295377515652054
trying:0.021399430341812666
short:0.027483951314454504
mailing:0.03502979979021104
but:0.005280025573415954
forgot:0.03809266099683957
present:0.02876587526055003
oh:0.025632668128106932
subscribe:0.04149190385460137
up:0.03198715167505677
sounds:0.028275433044133633
over:0.015920164702534583
1969:0.048647050284259724
in:0.0028203127284839756
our:0.017696630341114232
and:0.00909041463073309
for:0.010328535330542031
subject:0.00021188061025411345
i:0.004545207315366545
we:0.02139276040815825
top:0.026838351001327896
fell:0.039736654726742496
any:0.00812132751022863
pretty:0.022841429023171638
the:0.0011964333491889729
can:0.006861634860616772
because:0.01400573253090884
maybe:0.021015183193193048
come:0.05717127796355734
injuries:0.08572141501636057
friend:0.027565074759466714
10:0.022939458396001304
just:0.009320544154491158
somebody:0.030124827170434562
art:0.03660310941005116
article:0.006431213335846039
players:0.058918633540283996
jewish:0.09105969495297139
past:0.02621836862621717
john:0.021281574599855916
s:0.0049240974671112565
