go:0.04052983857904431
boy:0.09447568135666308
christ:0.07733070652162274
to:0.0028712482501892307
that:0.0072271796965516
sometime:0.10850773779773744
re:0.02337128142363566
michael:0.06259781670153519
best:0.10146566999839308
game:0.061916856414801824
wan:0.11403442812612524
you:0.011579145612681705
a:0.002909383595513323
steve:0.06681570514238305
overall:0.09653363020165857
mattingly:1.4544275260750015
career:0.10067635642551617
not:0.012560625178665935
have:0.0106510544405761
real:0.05328320529163015
alleg.edu:0.12530122929233203
heard:0.056305153321247386
writes:0.013776299812865881
of:0.004050845532619555
now:0.03441488328913009
yankee:0.12441457065860712
in:0.003701660456135218
subject:0.0005561866019170479
the:0.003140637541621054
na:0.09079798893813287
jesus:0.07235832124360012
article:0.016881935006595853
players:0.07733070652162274
s:0.012925755851167047
