yankees:0.020341516076426838
louis:0.03354591948468298
minnesota:0.017932666753693153
11:0.027503307029323208
06:0.2661430244787249
braves:0.017103728826004996
4:0.017681633481698784
1.0:0.019524525180894807
florida:0.036348056613000265
kings:0.018569849072016944
6.0:0.056927838747375614
angels:0.036602277841484815
08:0.20231551210371476
kansas:0.02237634285064633
5.0:0.018051301701264653
montreal:0.03509213890950164
city:0.026190644829084637
jays:0.018860518221533912
t:0.009168231512457088
teams:0.014718826113068174
wednesday:0.01864032105527737
cubs:0.019664100672543493
pittsburgh:0.031477333830951935
dodgers:0.042504622004363994
toronto:0.014295730587688904
seattle:0.01731803081886284
oakland:0.02006550812501803
lost:0.1995448440892726
national:0.03474207037353217
wed:0.02051801764631784
2.0:0.016689711060580974
cleveland:0.019177057317678024
apr:0.01326408639515302
american:0.02296822218781648
phillies:0.019664100672543493
3:0.008332619020062703
astros:0.023170448015465583
baltimore:0.018604910625194922
milwaukee:0.021107037000330557
tigers:0.021252311002181997
red:0.02571259042663737
03:0.0465997404734285
3.5:0.0683227798662176
houston:0.03580723165230331
colorado:0.03354591948468298
mets:0.019260795742625333
california:0.014161812195455287
streak:0.0436265361979838
1.5:0.03795189249825041
giants:0.019055032145156203
reds:0.020833154291661063
05:0.18747341962988043
texas:0.01412160025504983
won:0.24607199912647892
mlb:0.04235786551181783
philadelphia:0.03530461551554919
400:0.016337462542613534
07:0.2387048464979318
indians:0.01947919056958723
west:0.014512132739274692
atlanta:0.0340701394816564
500:0.014839064538610463
04:0.18339937425932745
boston:0.014839064538610463
twins:0.02164377326273121
14:0.026575464909300125
listed:0.016155855852177783
4.0:0.020119023702827782
san:0.05747993499792945
york:0.053568216475807014
order:0.009979775306521324
in:0.0006323121063860871
2.5:0.051954092456588524
expos:0.022178585373227075
st:0.027307809558144484
francisco:0.035523630879725376
and:0.0013587096601095723
0.5:0.021252311002181997
for:0.0023156502698368255
subject:9.500696402853486e-05
league:0.013842907716132556
games:0.011850072212130696
rangers:0.016608365373477593
angeles:0.03371640518591069
joseph:0.02906902938536478
scores:0.05540007173341825
sox:0.03764571893893589
home:0.020849559087981126
road:0.02569859349445203
last:0.015517171189035572
10:0.051430102453668414
gb:0.04345502337535704
including:0.011316611055267722
idle:0.019260795742625333
rockies:0.021107037000330557
3.0:0.0658041932732058
east:0.02897978134797877
yesterday:0.03129084007725782
white:0.024191951215804926
new:0.01840568930480655
detroit:0.016901602141331924
pirates:0.020458205837362745
blue:0.02844599023105558
2:0.062404576401632314
hernandez:0.04380228433029962
1993:0.02156338649829279
standings:0.041157703857470564
1:0.11151737462916489
cincinnati:0.04398248225189599
chicago:0.04508220146053967
cardinals:0.022276090619448123
orioles:0.021403768704739992
april:0.012107309117039545
los:0.0324547805963206
s:0.00441591658972255
diego:0.03693338115561216
