manager:0.05306619378261619
out:0.015921312149735946
help:0.028920171892456718
happen:0.045697732786044803
performing:0.07485182850428193
continues:0.06692907127431459
bullpen:0.2456315176460583
to:0.0018624312974200418
nt:0.009649710158411332
me:0.014643090275737092
re:0.005053250037542845
this:0.014188714550578893
he:0.021488286588111288
on:0.013702941222683512
j:0.0825440178251044
coming:0.04698148587553507
it:0.004633181482972594
deleted:0.047478101310788334
only:0.018020759976611983
buck:0.07599449591006657
real:0.034562079108084426
writes:0.008935978256994086
if:0.009056086753559586
what:0.024876813594503548
fire:0.04860802212215501
david:0.0674714929552566
george:0.10763011294743696
yankee:0.08070134312990732
gon:0.12920284782416397
blues:0.07467043633763139
and:0.0025797122600729047
for:0.008793212511137136
subject:0.000360769687729977
tape:0.056072544104301805
alan:0.11893737005403349
will:0.015314937093287628
the:0.005092925743169277
do:0.03882799561656739
thing:0.030593681555742658
when:0.017671276254645082
can:0.011683324222131263
na:0.11779198564946969
an:0.012133758629212659
is:0.010892133522594483
logical:0.063612188722578
time:0.021344729323023157
blue:0.05400894091166634
1993:0.04094129463527212
art:0.06232421331981684
e-mail:0.03715805103584144
s:0.02515282219686561
