go:0.03814573042733583
take:0.0416813554967785
princeton.edu:0.12018683011405343
your:0.024704553376103187
with:0.011467203466461712
into:0.03511380201926248
to:0.0027023512942957466
mail:0.06008461774187953
re:0.007332166721140599
scott:0.29977074926835345
off:0.04281289113639903
he:0.03117908250039677
on:0.00994134951449588
used:0.03871497075170324
roger:0.17308842249280754
season:0.07484773389599447
following:0.05367282888313258
baseball:0.07347599686448643
let:0.04519877926966323
mets:0.10612320791524939
shell:0.09449450748381875
feed:0.09771152937567375
list:0.057090756802383916
writes:0.025931858471276954
mailing:0.08654421124640377
subscribe:0.10250940952313281
they:0.01829254165701458
who:0.02535397792615389
in:0.006967831446842764
and:0.0037431119067724496
for:0.006379389468864196
subject:0.000523469742980751
the:0.0029558941568198155
when:0.025640675349877174
is:0.005268090723346351
days:0.058397110285297496
dave:0.13750096750488597
article:0.03177776001241572
players:0.07278184143211554
jewish:0.14998067404018817
s:0.012165417271686633
