simply:0.012433509511721097
looks:0.013915062903958907
rating:0.022354857644989228
at:0.007162317174426269
behind:0.014340416264222352
all:0.007756649029644644
800:0.01951087514472271
1984:0.02214898881239266
princeton.edu:0.02491678185291352
tb:0.024029572234945965
where:0.007509986984690089
leader:0.019040833753278474
with:0.0023773470601201113
much:0.007102426299024112
though:0.020207676435859186
surprise:0.019781978293091296
both:0.009128878383366823
to:0.002240974244050132
player:0.015801882248195946
then:0.00648731849502359
been:0.005964391817973331
think:0.00585263425824616
nt:0.005805516680670232
could:0.012269180124602094
me:0.004404832034164816
anything:0.00943593963544473
re:0.0030401666892534195
peak:0.024276013787045293
transfer.stratus.com:0.02364938500725969
michael:0.036642624410654745
fielder:0.025677804381727124
he:0.03231978064065519
best:0.049495448779703945
bases:0.02028890300244478
you:0.004518690970802617
numbers:0.028680832528444705
roger:0.035884185150947906
more:0.005168370023661488
a:0.0017030538120077988
hard:0.010992818709656543
sb:0.04729877001451938
below:0.03017783669136498
was:0.007198871008954355
as:0.003252496586248043
steal:0.02190550043198181
40:0.031093554374185355
worth:0.014289283003218856
nine:0.020517519743594684
schmidt:0.025120076245493447
team:0.013021238084123974
hitting:0.01951087514472271
are:0.0052269218016359805
bonds:0.022199486861167284
not:0.004901707386796463
3000:0.021333254277993676
should:0.0066780981391604865
have:0.006234763574971377
probably:0.009704161443208166
interesting:0.01328465269073745
buy:0.012222931403430757
amazing:0.019924625934600523
alleg.edu:0.12224510174861662
plays:0.020133135261379186
points:0.04469702790817601
has:0.012985054559592086
500:0.016950313558331466
his:0.022493037091527522
which:0.005251594847632187
stats:0.01888050150916751
47:0.02163134888403249
writes:0.010752234000285568
hitter:0.042916684642708924
if:0.0027241886982252413
of:0.0055328621908950016
even:0.006825851413683032
gives:0.014782619820309373
what:0.0037416345650269564
but:0.005408806684962686
year:0.0201200058228427
lately:0.021374524080692934
huge:0.017471231536753947
they:0.007584712394371901
net:0.013476188963001963
good:0.019756217699506088
170:0.024192195546383768
in:0.0028891008438128537
1990:0.0173615706111515
total:0.014882176812213016
better:0.03636123367969762
and:0.003880055025312905
for:0.001322556353301114
subject:0.00010852421500820447
i:0.0015520220101251621
winfield:0.3562363434833696
angry:0.021675776000017005
will:0.004606932296354815
than:0.02326180946698311
the:0.002757632963374584
do:0.002919991540270312
when:0.0053157497676574635
closer:0.018948442488735562
meant:0.01655146048532934
tries:0.020979549493482984
butt:0.022571711225092043
maybe:0.010763874318464733
may:0.007565144420487118
an:0.003649992433177792
jim:0.013765572142068576
10:0.011749478690634816
about:0.008008261628633103
is:0.009829486349658434
unlike:0.018747934088074986
average:0.015770410808547103
time:0.0128415444707619
man:0.011780688369086176
runs:0.030502361954823864
1979:0.023106574468135615
stat:0.023577435506855624
article:0.013176144395391888
very:0.01417270318523128
players:0.01508891834568249
iii:0.018791644623750846
67:0.02268463628243788
give:0.009606651509577263
close:0.014125663480368053
by:0.004026160466736448
check:0.013452486034909308
lifetime:0.06858039874810885
s:0.02269888832400067
