some:0.012036462630240764
since:0.020627027045398778
ba:0.05926552412679311
majors:0.06156597310941383
case:0.025480526879451088
ca:0.021201531918477536
1992:0.040679861184374146
work:0.020877035711240242
to:0.0014208238763822997
1988:0.09422888338056261
then:0.016452374739956734
like:0.012006588283594568
smooth:0.05669376268729226
nt:0.014723269107679144
re:0.003855056729671861
peak:0.06156597310941383
afraid:0.04654870344053043
michael:0.03097623919251226
had:0.015818644182290054
this:0.005412190086303288
80s:0.06960884483672904
he:0.03278625170144815
scattered:0.06319101377130644
on:0.00522689510555969
you:0.00572988648874971
great:0.025992275141573987
impressive:0.05420755591598413
m:0.01411149187748528
beat:0.04480342450750341
a:0.004319084925298129
other:0.014219669977648565
was:0.009128465300014285
definitely:0.04387476024866787
also:0.015293784862675942
career:0.09963845584380983
early:0.03611073297725032
it:0.0035345920591749688
have:0.005270624877810854
only:0.013747796270817387
cs.cornell.edu:0.05753010851010018
alleg.edu:0.12400946404189563
edward:0.04659887034415077
has:0.010977056431820113
his:0.05704419715995639
writes:0.0068171380517274465
get:0.013550247167949715
cheers:0.04488827501406543
short:0.03570080273836358
but:0.006858589920107322
year:0.025512997074326308
version:0.032169800079026645
in:0.007326998016267648
yes:0.02749325639694731
rather:0.026530759308380034
seasons:0.05997679084315344
better:0.02305377186908663
and:0.005904083729239018
subject:0.00027522635971152884
until:0.0294965538697386
i:0.0039360558194926785
winfield:0.1290635353415448
any:0.010549353260709353
mere:0.054747432055337907
the:0.003108259835006404
do:0.007405339370170069
did:0.016947536530339848
once:0.02766011541159697
mr:0.03481397606477746
curve:0.05909511895203837
ted:0.046252722967515675
address:0.03291568406117124
is:0.00276982089578004
fischer:0.05738592044850493
tedward:0.06035171500986349
e-mail:0.028347379140745015
article:0.008353947219758772
included:0.038585375778360506
s:0.006396250318103282
