root:0.02108401404932124
screwed:0.022264903035447665
out:0.009859222586447362
mark:0.01256746428574138
attitude:0.018394824396881684
help:0.008954362845363167
situation:0.014745323383994135
where:0.015459889524968717
with:0.004893952943845584
way:0.021745265517320627
much:0.014620894305940846
into:0.007492903359758938
possibility:0.017744692810214777
throw:0.01783837061311636
to:0.006343176050627255
important:0.013147988673528127
been:0.006139081118081335
that:0.011611870307430185
think:0.00602405032438726
really:0.008164835745568727
could:0.006314264248226181
sitting:0.018994960227874298
re:0.0015646046141346045
avoid:0.016178868172481587
lost:0.014663206377898953
so:0.0042753581480540585
ball:0.037310504934995346
this:0.0043931584800955565
he:0.04657293913239183
game:0.02487036910385345
on:0.0021213758378212967
brings:0.021711883064282463
them:0.0061333019729382455
winning:0.01959851507659625
particularly:0.01680795102569281
more:0.01595923463373296
sure:0.009129891297737253
interference:0.02340838979276851
a:0.0023372453989061004
want:0.007918819948586533
was:0.007409716603358874
as:0.02343430594777878
singer:0.023783336063436654
far:0.010415807833143938
team:0.040207839774407915
balls:0.021555449875698282
are:0.010760023123033062
helping:0.021672223047736257
daniel:0.05370602504433062
play:0.013397147417491387
it:0.005738166188116685
not:0.0075679080574388895
should:0.03436845485844099
catch:0.060827047641300216
have:0.006417371713150454
probably:0.009988383744892084
try:0.010194099047461894
whether:0.011955893660593407
against:0.01080870624333827
acted:0.02507511632138483
has:0.008910246643402099
public:0.01240060501280583
his:0.015434552648579552
be:0.007261019964068678
get:0.010998945399925708
soon:0.015050182581755105
of:0.005694912547950504
but:0.002783611808579122
stadium:0.023984211457521845
they:0.015613717564983157
up:0.011242346195417443
now:0.006911775723339933
in:0.0014868594300794181
yes:0.011158350922610413
or:0.002821386852314164
and:0.003194957443437572
for:0.00136129231343964
enjoy:0.019342027520680784
subject:0.0001117027485021686
each:0.010652758984772448
welcome:0.01750467860569628
i:0.001597478721718786
darryl:0.054190833242967015
back:0.008813208033755387
possible:0.01078230804587691
any:0.012844610037098
caught:0.03778430321114185
actually:0.010227255761929224
the:0.005992178740498747
wrong:0.011060343334016152
do:0.006011028610096206
when:0.0054714411834465935
responsibility:0.018149660529659703
fan:0.06693817548936691
home:0.036770247512903954
makes:0.011686099925740477
long:0.009959461276604957
address:0.013359085162902136
hit:0.029955666442923922
is:0.004496613002354207
win:0.028363810909023776
done:0.01108227427372677
field:0.032572869037098794
himself:0.015660173433058446
runs:0.015697868286373786
speech:0.019871758166168495
first:0.015711755894485698
nothing:0.010689774064857358
fans:0.05162762283950784
before:0.008896210323107298
close:0.01453938584171774
realize:0.016374524096783007
aware:0.05142548801649639
stands:0.020002114516711574
incident:0.02010940502136989
says:0.010715593072918694
