looks:0.013267850675867792
bench:0.022762823600654694
large:0.01160478341041696
at:0.006829186143057605
out:0.004566577903412635
ideas:0.013941835802478568
there:0.007114565779667809
inning:0.022154907044480393
football:0.02152186419136683
among:0.026701592775083917
suggested:0.017023495926183456
stand:0.061050210146766856
further:0.013751296128222429
boys:0.021024262770249748
such:0.014907110104401539
generate:0.03635510703893995
reach:0.016892649104768908
sell:0.013488652321630107
both:0.00870427938879162
throw:0.016524692157111668
my:0.0036830010129081446
to:0.0032051143257926296
implement:0.019726783765173134
look:0.02757172470088268
then:0.006185582751069004
owners:0.016735067687555227
us:0.007984017000717039
enough:0.009426932274951148
that:0.0026891831429029208
think:0.00558041871135099
stretch:0.02131509682429205
population:0.015294366414280202
hot:0.016215574367292294
re:0.0014493817937138392
description:0.01695752039296861
so:0.003960506191414419
this:0.0020348156526023994
off:0.008463013364171901
empty:0.019726783765173134
two:0.00722786601803609
game:0.04607766058775949
on:0.0019651504854236042
utter:0.021912580079436462
them:0.005681624695861399
more:0.0049279807202353716
sure:0.008457534961857378
magazine:0.016367052468232102
a:0.002165122675730845
how:0.0050983061908105596
other:0.005346154991596554
hockey:0.015241487435970952
as:0.006202435350519522
running:0.03520302805170583
idea:0.010745644555274249
coming:0.013475309902285251
dogs:0.020150036834804885
baseball:0.05809729984633811
let:0.008934642413770639
waste:0.016583643392241627
da:0.04613395429775509
popular:0.0163952414578797
cover:0.015210102900185605
portion:0.019693513440787895
are:0.007475713739549134
no:0.004363355566598876
those:0.007193471528246357
plan:0.03027569145301245
it:0.003986691043488046
not:0.007010581495069359
should:0.01273497784677116
sex:0.08383037802434738
have:0.003963183047656224
being:0.007541875697384295
only:0.005168745109570878
energy:0.01777366290888857
exciting:0.02157532668025185
anybody:0.01178137653066936
be:0.0022420978958816716
which:0.005007334622160921
writes:0.002563032523323885
down:0.00916420766260914
things:0.008661728403644379
of:0.0030145827219494365
america:0.015262552536691714
trying:0.010450884585536419
what:0.014270420201498157
but:0.0025786171405054663
least:0.009332024739172412
they:0.007231935073703439
who:0.005011832845867629
up:0.00520721073779994
called:0.020792670510517315
one:0.007622565176555213
bob:0.042837267604989536
in:0.00482076710566447
point:0.01706617024232605
accurate:0.017335125482144845
ho:0.022690373472700615
bringing:0.020541882249035
or:0.0026136103011747494
and:0.00665925722949052
subject:0.00010347657710084611
each:0.009868253478141919
i:0.0014798349398867823
everybody:0.015805849998977474
we:0.005223813588038643
top:0.013107101651811299
face:0.013911905391261858
actually:0.009474085763957692
masses:0.02131509682429205
the:0.005843046589062426
do:0.002784177980257739
interest:0.028316162764867328
when:0.005068505592417581
sox:0.020500866321397256
essentially:0.01744483004091559
can:0.0033510309784407495
convince:0.018314366628311155
fan:0.015502154982518114
did:0.00637174823039909
forget:0.014880671842691836
pitcher:0.019760342147898385
come:0.009306952226625614
fight:0.03302018677317313
mad:0.020380360169963026
an:0.0034802253432625455
just:0.009103787313689039
during:0.011350269417839032
here:0.020934894251434837
about:0.0038178921717902
south:0.01675054063821235
paul:0.01269388562445371
unknown:0.018291226446192924
is:0.006248200625364277
issue:0.02427410858499886
white:0.013174299014808497
new:0.006682168856137778
violence:0.12771749518719147
time:0.006122131666293463
does:0.004722824861773354
batter:0.023146896866717604
too:0.007567898712653088
various:0.013816197590523986
infield:0.02496861635991813
describing:0.020420114046580038
article:0.0031408251175062056
players:0.01438710819006935
seventh:0.023311856612526893
stands:0.03705818115886873
s:0.0072143753587909105
