been:0.056432322585439974
re:0.014382327029929637
best:0.18732123692011032
why:0.06845086846746179
baseball:0.14412599384956953
mattingly:0.24409972465594434
always:0.2043812383075929
has:0.04095286438025196
be:0.022248509889902745
of:0.007478484060220718
bob:0.14169250053958077
in:0.013667669376499268
subject:0.001026806034308396
don:0.17148482075892094
will:0.043588667111664786
the:0.005798100076838869
is:0.010333562572717843
history:0.12773106170580312
first:0.14442729456854164
article:0.031166649242946196
says:0.09850102863182955
