all:0.007756649029644644
knows:0.028406190334481586
finish:0.03979138627758427
with:0.004754694120240223
funny:0.03659159471996929
to:0.002240974244050132
then:0.01297463699004718
value:0.03035652698989161
teams:0.06725187215889687
that:0.002820362808410381
like:0.009468610272428239
toronto:0.03265935199301287
re:0.0030401666892534195
lost:0.02849192133591748
this:0.004268149905458691
he:0.05171164902504831
on:0.012366068908275364
you:0.004518690970802617
relative:0.04002536159912934
great:0.020497973079127457
why:0.01446928926954477
a:0.004541476832020798
how:0.021388016215107716
same:0.015789376833565957
was:0.01439774201790871
steve:0.026074421518978756
organization:0.031153115675746922
career:0.03928833421483559
team:0.02604247616824795
staff:0.039127337244947956
success:0.03643746533993177
those:0.015088745156809434
d:0.014811741645341754
yeah:0.03214814995274921
18:0.0314369877497813
not:0.004901707386796463
ones:0.027582357564039487
ws:0.05089090621190995
wins:0.04002536159912934
have:0.004156509049980918
only:0.010841758034709648
decent:0.036630587990404195
always:0.021601269089420387
sort:0.02550781550943927
if:0.005448377396450483
of:0.006323271075308575
but:0.005408806684962686
tend:0.0346309275913767
year:0.0402400116456854
pitching:0.04057780600488956
good:0.026341623599341453
over:0.016308461402596407
rings:0.09294253686952751
in:0.0028891008438128537
1990:0.034723141222303
morris:0.119898700423508
or:0.005482206973195816
destroyed:0.04026627052275837
repeat:0.03822306378876726
and:0.004656066030375486
4th:0.04137813180011926
for:0.005290225413204456
subject:0.00021704843001640894
steven:0.03647572461665871
games:0.027072116191940863
will:0.00921386459270963
the:0.004289651276360464
when:0.021262999070629854
would:0.007582517448003058
because:0.014347335763370033
pitcher:0.04144852255412832
just:0.009547874499722652
criteria:0.04409967312784094
pitches:0.09294253686952751
is:0.002184330299924097
win:0.05511342119720881
detroit:0.038612603265969686
lot:0.04030168111000636
their:0.012306370882778164
206:0.04715487101371125
eventually:0.03444957996930923
every:0.01977356525965363
eskimo.com:0.10223987546392878
players:0.03017783669136498
bad:0.022281309323141336
north:0.03263540475537257
3rd:0.035884185150947906
s:0.005044197405333483
