go:0.07781729007176509
stephen:0.1628663711756407
from:0.033862890177207026
to:0.011025593280726647
recall:0.1564342086029209
sunday:0.17871287979347472
a:0.005586016503385581
as:0.03200456640868074
but:0.02661132889001641
and:0.007635948289815797
subject:0.001067878275680732
i:0.007635948289815797
shea:0.2538637136421821
catholic:0.18622858386721114
when:0.05230697771374944
would:0.07461197168835008
religion:0.14206125051850851
is:0.010746905075626556
hernandez:0.24616883793628386
mass:0.16847554482798668
everyday:0.23724309588371548
s:0.024817451234240732
roman:0.2042760781650615
