seemed:0.021525933144559663
since:0.010208273588794291
simply:0.015605323162670354
manager:0.020035195611804068
cat:0.025836616884742362
at:0.013484158353894353
louis:0.024046947385703874
know:0.006295281253358682
weakness:0.029867940591616113
with:0.005967626293770891
much:0.017828539485305422
o:0.017862137672448375
mechanics:0.030159565152024014
work:0.010332002367297467
wrote:0.013140688646392147
to:0.0049221398574672524
montreal:0.025155334269311123
look:0.012097797572836277
pointing:0.026100574407187202
that:0.0017699215583391673
indeed:0.018817562798492934
nt:0.0036432579169512164
could:0.007699536506765598
attention:0.02165652267103397
re:0.0019078597080518904
dunno:0.030060493285406147
ball:0.0682439592816114
had:0.007828614722868036
this:0.005356963656851214
weak:0.02386895116631387
he:0.032451698112657856
apr:0.01901636876039795
big:0.014162145682997741
game:0.015163311775053506
gregg:0.056520768462416965
roger:0.022519157007992816
m:0.006983748531204449
more:0.006486831764391458
a:0.004275012630142025
how:0.0067110357001485925
wondering:0.018361905621720902
low:0.017325482346835813
looked:0.019005118390202472
was:0.009035317694912098
as:0.020411075515740267
baseball:0.03823750857233477
colorado:0.024046947385703874
also:0.007568862916732482
base:0.019651203343944136
it:0.00174926239663251
not:0.006152142944652703
have:0.00521684299130258
being:0.009927571071046673
won:0.02204918104417748
left:0.04476130382909023
always:0.013555898459177079
bb:0.028767386648622786
has:0.01086504565190358
open:0.03372408753829962
his:0.05646211351546704
coach:0.02601106262325399
cr:0.06387328024556044
be:0.00590266588915787
batting:0.027434654509522698
hitter:0.026932409240067328
if:0.006838269589422543
of:0.0009920438039068297
saturday:0.025424938766119187
gives:0.01855369630508217
but:0.006788604308677655
year:0.012626330184743122
years:0.01137640521928772
seems:0.012022893313168765
well:0.008586060766088493
now:0.008428134683052266
one:0.005016892386610319
in:0.0027195872738952622
expos:0.03179684943814698
st:0.01957524103530255
5:0.013259555545498382
yes:0.013606356482162697
or:0.003440364580117782
better:0.011409264649496953
and:0.0038958919845998963
for:0.0033198863562456525
subject:0.00013620896373478723
foot:0.02458785653915692
i:0.0038958919845998963
away:0.014127467277161583
paid:0.021101990498837535
don:0.022747986427203794
ago:0.014597784313084918
improving:0.03057628980005599
the:0.0034611107601538148
original:0.01574575516976265
maybe:0.040529281872586594
last:0.011123278326834171
continuing:0.026827208795155412
curve:0.02924605376708021
17:0.020062774277961763
different:0.012893963765363508
changed:0.019282220376701145
hit:0.01826378642821127
eye:0.02342258660446124
rockies:0.030260598964759623
is:0.008224672251755017
recent:0.019378036165739902
new:0.01759183229473007
wanted:0.015536530558908685
easily:0.01887201412446626
him:0.061135594473553774
change:0.030326623550107012
article:0.004134351430186739
very:0.008894094345833914
stance:0.15764129480590272
stands:0.02439033351782687
by:0.005053242218454929
poster:0.023238945774624986
3rd:0.022519157007992816
