prism.gatech.edu:0.04415987467387175
out:0.011011000925985606
purdue:0.053883765968367414
there:0.008577373696982686
know:0.011531543230451418
technology:0.031473529773990115
anyway:0.028490783379855455
braves:0.04491726915988228
antonio:0.057285311549689015
to:0.0012880365982157296
day:0.023769187250120297
t:0.024077318271032166
that:0.0032420993031259514
broadcast:0.047485294090871745
think:0.013455589042322946
re:0.0034947710540015934
michael:0.05616252713408765
so:0.009549631751260935
this:0.0098127558574097
la:0.08146361624355847
on:0.018953600943524856
gatech:0.05488606064456925
a:0.006525720214235491
how:0.012293112123636676
j:0.05708651700053948
want:0.01768783147394562
was:0.008275337701882109
red:0.06752558794285142
baseball:0.03502126953354026
local:0.02856433132631731
are:0.02403407034023273
internet:0.02669657890761314
native:0.049431995429163475
it:0.0032042563527100183
not:0.005634672977345466
texas:0.037085697866065435
being:0.018185083457244375
only:0.012462955497843799
uucp:0.03956662249846797
networks:0.04732688700382713
atlanta:0.04473695885208154
has:0.009951163307350944
heard:0.02525838653663434
writes:0.006180022345958526
of:0.0018172017342592396
georgia:0.08983453831976455
institute:0.03637811074704024
rutgers:0.04983402706545965
but:0.006217600207947759
find:0.01977987605302234
called:0.025067799026698444
in:0.00830278980815376
or:0.00630197624021575
and:0.0017841000677139712
subject:0.0002495042700188626
station:0.11596234031136889
i:0.008920500338569856
games:0.031120283099146967
any:0.009563432395222497
the:0.00422665239246198
spanish:0.3010235056476111
sox:0.09886399085832695
radio:0.03352663888567912
ny:0.039263489080214195
thought:0.02508959257188516
is:0.0075328773894578665
bu.edu:0.04953089364720588
widespread:0.05014732325273669
article:0.007573204488940196
