some:0.0068277010241716615
okay:0.05035983784213446
out:0.013779849112052161
there:0.0053671285706265925
lead:0.04519549283765978
inning:0.03342670185658445
tried:0.018116164052846027
take:0.037293844391854444
where:0.02160768185068727
tony:0.027033594020132792
own:0.01325433120203506
your:0.007368024691118494
with:0.006840086278240319
into:0.01047253744434144
generate:0.02742578250305996
feet:0.025684572800908374
ground:0.022672243645598483
to:0.004835786526634494
everyone:0.017880191564404114
then:0.009332633624419901
young:0.02195354109400109
jays:0.0929790459693163
day:0.01487311716820393
that:0.004057364040169319
like:0.006810754757360662
stretch:0.06431923953996899
toronto:0.023491814591465394
me:0.012673551817597013
re:0.0021867865659542136
started:0.019176870619818157
complete:0.02165623304265952
opponents:0.03423459857284654
ball:0.026073715437028914
wade:0.0336184552064265
had:0.008973149039076813
this:0.006140145478028292
opening:0.02874764162201069
something:0.011641294252418262
on:0.014824819451441224
you:0.003250286487770303
used:0.011546570224192195
m:0.008004764398339602
more:0.007435198981407753
a:0.002450007238327009
same:0.01135727105572288
sorry:0.018581384121278504
classic:0.029916447858530364
was:0.01035627057428521
song:0.03492338825504761
old:0.015484871826563298
idea:0.01621272687286992
let:0.013480337676917102
are:0.007519431363757023
pa:0.030290417008239565
play:0.018724668027955797
plan:0.022839556710167287
it:0.004010005026198502
kind:0.01611419121031029
doing:0.01567662517640535
plays:0.02896345774444023
crowd:0.09393796548752444
netcom.com:0.018824767103632394
writes:0.003867031526418493
get:0.007686397516322352
of:0.0045483177910114305
failure:0.027773977787802752
what:0.005382702356705445
again:0.014279936480163846
women:0.044202516886940636
they:0.005455670318758735
who:0.0075617127148178255
one:0.005750356185822353
bob:0.02154388897093041
in:0.0010390625841783067
and:0.004465466836149588
gets:0.01951646983855441
word:0.017946646293353324
for:0.001902624929310374
subject:0.0001561225549240836
i:0.002232733418074794
felt:0.026404820080300886
actually:0.028588469322819703
than:0.008366089369704451
the:0.007493450976499357
interest:0.021361315769987635
kidding:0.034568858302904716
fan:0.023389216289413293
did:0.00961351487393547
instead:0.017939966734413105
is:0.007855924762884908
stuck:0.02780996530578157
having:0.015303458435206791
field:0.045525822806237494
girls:0.032236064691431005
blue:0.07011687065725103
crew:0.032716989242524405
their:0.017703901971715952
fans:0.02405263520203192
article:0.004738788773781292
playing:0.023423216113187675
by:0.017376060961704666
while:0.012692061437886095
7th:0.032236064691431005
grounds:0.029763217610612097
s:0.010884847032561724
