above:0.05893194870408106
some:0.0050542721867244764
boy:0.0392626208235483
there:0.0039730692016326724
know:0.005341450760425549
all:0.008260327538063127
bs:0.02453988369101903
percentage:0.019504598800085347
defense:0.016987907135272234
where:0.007997648477202432
your:0.02181700817629892
with:0.0025317202458421963
to:0.002386492052105335
important:0.013603330272611352
make:0.015238792063633799
that:0.0015017516252574753
like:0.010083455095313188
nt:0.003091249141655578
re:0.0016187900553167555
peak:0.12926189159335805
dawson:0.05265714534049758
michael:0.02601467707076787
so:0.008846844999003636
this:0.0022726512483611213
getting:0.011741132347293013
he:0.006883693539048637
best:0.02108377558408168
big:0.012016366034058689
on:0.004389686798608571
you:0.004812112462413177
numbers:0.01527161212553549
more:0.005503978466756389
a:0.0018136417218784352
was:0.003833165082689981
career:0.14643833661893263
rbi:0.02526306154670373
frank:0.016953135829223472
team:0.027733546049303007
worst:0.05597027160770796
are:0.011132664616471437
no:0.009746716330584502
base:0.01667374829183139
robinson:0.05207323814746267
probably:0.01033430179666324
tons:0.025108437812495596
real:0.011071834865793278
allowed:0.01658802263254057
alleg.edu:0.07810985722119401
facts:0.035065686529323715
points:0.03173295487853188
has:0.009218826613736372
his:0.023953623915652686
be:0.0050083225726187995
aaron:0.021885751773761848
stats:0.040213016201343786
batting:0.023277888674746533
writes:0.008587823259968343
of:0.005050404819889316
even:0.007269088518467644
year:0.010713249853721437
years:0.009652707458789583
using:0.00954294622790009
they:0.004038613093107116
in:0.005384233390742136
heart:0.0171904009222754
ott:0.05701302047185758
better:0.029041764562355885
p.s:0.01963131041177415
and:0.005784809310466513
still:0.008838567455539166
for:0.0014084366359830042
subject:0.00011557124195678917
andre:0.0471744696783428
i:0.0016528026601332895
darryl:0.028033786028288134
winfield:0.16258653153415387
top:0.014639100546178854
league:0.03367841617517964
water:0.03549867718364979
than:0.018579237431421574
the:0.003589300047566919
see:0.0076596786208276025
would:0.008074888710860399
can:0.0037427099239727853
worthy:0.02380647177778073
an:0.0038870049288386873
during:0.012676924284859179
many:0.008022515270900837
including:0.013766093967663333
15:0.014466713125457333
is:0.011630849648946489
deal:0.014269761869093112
mel:0.027345194276644464
done:0.011466075980176184
right:0.008397721185239392
average:0.15115017112607482
time:0.013675410994837347
their:0.013105485875166354
unless:0.013324941236971824
206:0.025108437812495596
standings:0.02503314888300699
article:0.010523803640475338
especially:0.013529418647174638
check:0.02865204817824839
s:0.03223045614836459
