basically:0.02499494616718399
at:0.011222484235088294
thanks:0.012696730222395943
though:0.01583149173000433
contract:0.0323625889663903
post:0.016449540155612615
both:0.014303847658014256
my:0.006052320135861792
to:0.003511335439721862
slack:0.03919885954399425
player:0.02475963715322422
then:0.010164842992202569
80:0.025456443487027445
been:0.009345480173384964
consistently:0.03447314397246955
problems:0.017471804050266073
considering:0.025511910543663013
think:0.027511108806278124
like:0.007418083207061613
could:0.009612160225006735
me:0.006901838728691368
re:0.004763573283798351
peak:0.038037575742758865
michael:0.038276371995843175
comments:0.023465000089357327
this:0.003343837187079102
he:0.030384710971724238
on:0.0032293555747725474
you:0.00708024190329582
numbers:0.02246969682164776
deserves:0.0718268507405104
great:0.016058921584284565
them:0.009336682621224465
a:0.0017789861475750255
how:0.016756216525211774
was:0.011279759670081347
as:0.01528880560924239
gary:0.027036168430080627
fine:0.02063157056000357
also:0.00944902631643036
lets:0.029513466558468867
career:0.06156006507547487
team:0.02040270425920062
are:0.008189953905748096
due:0.021115557228652757
probably:0.015205246592542729
picked:0.03040889299554651
per:0.022527548506834506
completely:0.022910787497066692
alleg.edu:0.038308656089375406
has:0.006782003018385676
absolutely:0.025493367803488116
his:0.03524386703513229
be:0.003684466605971155
writes:0.008423724726338374
get:0.008371808759816066
soon:0.022910787497066692
upset:0.03293166603859316
of:0.0012384750672976984
what:0.005862688554118671
but:0.008474945506374653
year:0.03152561421923124
lines:0.022504344740729404
well:0.010718903886327038
up:0.008557072422626655
good:0.010318534085092352
rest:0.020806565818298147
in:0.002263435692923446
extension:0.032254629996238876
office:0.023253107726408668
better:0.028486826386005137
and:0.004863661331092865
for:0.006216857253096955
subject:0.0001700443114141293
i:0.006079576663866081
winfield:0.11960983689296031
back:0.013416284841194507
any:0.006517753288463741
than:0.009112110077830964
the:0.002880584751550521
wrong:0.016837083164521406
see:0.011269973002618956
closer:0.02968991625623534
can:0.005506789760749767
butt:0.03536713988135441
forget:0.0244535881236592
put:0.01584368980603044
come:0.015294227225919799
quickly:0.027036168430080627
people:0.019175454013670285
entire:0.023754256195470076
is:0.0017112906171379866
does:0.0077610752505574854
man:0.018458912985956682
stat:0.036942988119022184
dead:0.02185530022172698
dave:0.022332959690284027
article:0.005161355925583446
very:0.011103455361678009
little:0.01493846306941697
players:0.0472850180004827
give:0.015052460327108323
close:0.022133205198538477
playing:0.025511910543663013
built:0.02351909321066722
happy:0.024191688461688034
s:0.02766276411459954
