opposing:0.10997455318913316
post:0.052705669478187354
my:0.019392127782251044
wednesday:0.1068965350312845
r:0.06326979115773734
grand:0.1023425850044639
re:0.0076314388322075615
this:0.010713927313702428
off:0.04456035608074184
game:0.060653247100214025
starting:0.08003106087504525
you:0.011342836518545342
came:0.06160666800975401
a:0.005700016840189367
made:0.04746080718200003
mistake:0.18236008142191296
chuck:0.3050992651934303
twins:0.24824082803377429
writes:0.026990301674186215
but:0.01357720861735531
year:0.05050532073897249
one:0.020067569546441275
in:0.003626116365193683
for:0.006639772712491305
subject:0.0005448358549391489
however:0.048920385799936995
bones:0.24048394628324918
the:0.0030765428979145017
pitcher:0.20808850098603193
just:0.02396711354012012
paul:0.1336743873922064
is:0.005483114834503345
marked:0.11249728698438166
first:0.038317445497776347
nice:0.06448447870928077
update:0.08860902432604705
article:0.016537405720746957
s:0.025323929830857888
