another:0.023099013858214362
some:0.006080921224652886
ability:0.02087650867426264
believe:0.022631998753441046
go:0.010132459644761078
at:0.004588359439866828
say:0.009883046740976788
bnr.ca:0.02430703473930835
know:0.006426432946136988
ahead:0.022508538982597845
case:0.012872974517222685
saw:0.017694690537163826
ever:0.013767823212655524
where:0.009622170824134175
such:0.010015714601394783
from:0.008818460983647662
bullpen:0.0315568269198061
my:0.004949032611095319
to:0.0035890603127365387
jays:0.05520630854428155
that:0.0054203847724137
nt:0.007438318247108734
clutch:0.0538569955006159
me:0.00564369104377367
re:0.0019476067853029715
happened:0.017564067180929326
barry:0.05477221795677563
chances:0.025417998813860025
had:0.007991710862927787
this:0.010937134132737895
he:0.04140971894583946
best:0.012683208749799136
you:0.002894786403170426
dont:0.025345659688023218
tell:0.012552213820950274
score:0.02513448211305265
why:0.009269388438302117
more:0.01324394818563256
a:0.005091421292148316
factor:0.02356760629519175
constantly:0.027177747860608132
was:0.004611776740111383
wife:0.021046781391374843
therefore:0.017879820419556592
jack:0.022264353639374665
21:0.06337817220553633
are:0.0033484967791730493
crap:0.025309863441732795
reason:0.013917770437544415
wins:0.02564124727444223
have:0.00532552722028805
being:0.010134395468360147
won:0.022508538982597845
ring:0.051909249980826674
has:0.0055457003848257864
nonsense:0.027386108978387814
his:0.028819203773519635
pitch:0.02599515697188237
stats:0.02419064255862087
writes:0.0034440749532164703
get:0.006845697787974595
were:0.00807970467433489
of:0.0010127113831548888
even:0.008745622123781382
but:0.00346501678255422
year:0.03866813619077581
they:0.009717912755288997
up:0.00699718942891867
ottawa:0.026977402647963365
good:0.008437551309164057
in:0.003701660456135218
morris:0.10241347327841308
and:0.000994264100236432
for:0.003389050655334104
subject:0.00013904665047926196
cause:0.01642448506948993
i:0.006959848701655024
married:0.027548039119377563
games:0.08671537217731057
walker:0.050763407322344085
offense:0.025914406000340885
the:0.0027480578489184225
do:0.007482478321942673
when:0.0068108043898111245
canada:0.019378164546909618
strong:0.01880548117692974
got:0.011521634487659239
would:0.014572650720380876
major:0.03412945804914366
did:0.017124073369197555
pitcher:0.0531059195224769
last:0.022710026583953102
just:0.006116607101384822
many:0.01930417737060514
about:0.015390877817529243
is:0.006996682991944373
win:0.052960553181692835
guys:0.020232685986933598
keep:0.013799034292322505
shawn:0.03232038668122212
blue:0.0208159459763714
runs:0.03908115125461807
innings:0.059710693107788766
somehow:0.022146424072969663
him:0.024963701076701122
show:0.01567744098820225
leave:0.018401990230700604
article:0.004220483751648963
players:0.019332676630405686
offensive:0.026118680548014226
realize:0.02038287114130801
giving:0.0395142390342612
