another:0.01335846584571433
some:0.014066709338956075
since:0.012053142309660732
go:0.011719471396350165
say:0.011430993820888816
all:0.017242189710475142
small:0.018004493375096454
take:0.012805717652624721
watch:0.023157613497435843
swing:0.0352657611804624
your:0.007589953145670257
miller:0.05736983177754904
1980:0.03239272460160512
both:0.013528337845230349
my:0.01717254689151147
to:0.004981442747316256
growing:0.032121933108458935
front:0.021186451381722492
that:0.004179573800415383
guy:0.04079916562589
like:0.01403179594588763
nt:0.004301678022424329
me:0.0065276426530394265
re:0.004505307262387597
so:0.006155485526415182
had:0.009243424612542983
he:0.01915823141590645
best:0.029339470842908846
big:0.01672156960161179
size:0.021692030946179927
m:0.008245871759735374
fun:0.024796702740565276
a:0.002523802637071798
how:0.007923873477283882
mario:0.03305055166163519
was:0.021336412869912908
baseball:0.022573950843908484
lucky:0.02868491588877452
jason:0.0549385141419644
career:0.029111235592920344
frank:0.02359141190693146
team:0.019296533546352395
hitting:0.0289137065397698
early:0.02110084999273061
determined:0.02868491588877452
it:0.0020653941550600723
cool:0.027655584183580745
have:0.0061596459415379865
only:0.00803335083294751
strike:0.06347457137370663
walk:0.027655584183580745
has:0.006414304059557537
550:0.03649946246146248
writes:0.00398350837962387
of:0.004685315314837076
helped:0.02835724075584802
plate:0.031146214265416427
but:0.004007730254520544
years:0.013432382066146949
order:0.016893475067063207
well:0.010137758494899668
zone:0.058798262316399105
up:0.008093134761158943
one:0.011847119370790632
yankee:0.035975297539838205
in:0.00642215789980086
become:0.019953149245753903
or:0.004062117215078828
and:0.004599968849286625
for:0.0019599329091088795
subject:0.00016082504151818252
however:0.014440354844559718
i:0.006899953273929937
league:0.04686574781003914
face:0.021622118017744336
alan:0.0530202733975812
pretty:0.01733747022240739
practically:0.03453148517076941
the:0.002270340391533292
do:0.004327216378954799
would:0.016855114086223665
fan:0.024093710755961888
home:0.017646765372658725
agree:0.01817201915038819
did:0.019806157149915245
bat:0.03109017575540249
just:0.014149259800793807
here:0.010845788588092748
about:0.005933832411577539
doctor:0.026536271648179746
is:0.0032370196010923363
cards:0.023704924484048807
either:0.015081703054899748
object:0.02548176082007809
time:0.009515120300624782
man:0.01745812854695903
2:0.011737406940333789
told:0.018676022691139337
history:0.0200060699057282
1:0.011798336698341618
little:0.0282570927939574
players:0.022360686223119833
stance:0.0744522741733902
obp:0.03649946246146248
playing:0.024128734670813813
by:0.005966478763958832
father:0.02608235937563886
s:0.011212703870891896
