since:0.011980967804812464
at:0.01055047919107103
out:0.007054952689104551
behind:0.04224841198800836
opposing:0.03226798267226063
means:0.01697362407448355
wonder:0.022098010226448677
with:0.0035019603400571696
further:0.02124451737174483
much:0.02092451340790337
though:0.014883498213237603
clark:0.03002866266598043
wrote:0.015422604638879409
to:0.007427420623243999
scientific:0.025285625968885526
matt:0.08817891861180255
besides:0.024252016731358617
look:0.02839722544043007
important:0.01881658259265403
demands:0.033852968026913816
that:0.008309092824777889
williams:0.19157751722170716
like:0.013947773215672733
really:0.011685004450245066
nt:0.008551838942783696
re:0.0022391646872944346
so:0.006118626331646228
barry:0.031485825891320124
anyone:0.010017453590667014
had:0.009188074764563684
this:0.009430822246193155
he:0.009521755733654104
on:0.003035980989456826
you:0.006656275322260143
why:0.010657021438047943
more:0.007613287579764826
a:0.0025086900464306497
want:0.022665843924696786
timothy:0.06095221810077448
was:0.005302162479649016
truth:0.021527290586901823
pitchers:0.03154724205998593
balls:0.030848817486777785
no:0.006740992432230598
bonds:0.16350520263015422
it:0.0020530265253890538
not:0.007220479144622334
have:0.0030613809170518137
only:0.007985246935744232
left:0.017511408284434503
after:0.023104355540897622
west:0.09767447424517818
walk:0.027489981883080262
has:0.006375895053212881
mitchell:0.03226798267226063
be:0.003463839863098631
5th:0.10619056472688694
batting:0.06439751238163413
writes:0.007919310072066615
get:0.01574100569210925
hitter:0.03160929467696525
if:0.004012876765050355
breaking:0.030273105746940046
but:0.003983731869762936
year:0.014818926444369173
good:0.019401315585143703
in:0.002127900621490904
point:0.02636570013485103
rather:0.015410081753969242
better:0.013390514199409601
and:0.0011431060314095506
4th:0.09142832715116171
for:0.0019481967839046347
subject:0.00015986201731747483
i:0.002286212062819101
person:0.016797571491460186
valid:0.02571272046482523
pretty:0.017233653035446866
will:0.006786259550319068
than:0.008566474743829109
the:0.0018053964311115043
do:0.004301304903631717
would:0.0055847284197866835
leland.stanford.edu:0.06044682463382386
bat:0.09271202111491281
thought:0.01607536769575876
pitches:0.03422734142201163
hit:0.021435342155265925
paul:0.019610913120413517
is:0.008044090625468979
argument:0.021070308024788754
done:0.01586026078695029
having:0.015670008337846476
study:0.04437572872377005
does:0.014592680411227847
2:0.011667123066439574
gone:0.023530523334627323
show:0.03604872658365069
article:0.009704585393013186
mike:0.03826840753242759
3rd:0.026429669302793966
