school:0.03430683467732175
obvious:0.036289135036811436
believe:0.020496904531418305
from:0.015973061404342934
parents:0.04326042481597407
wrote:0.02429787711974397
0:0.034576946117645585
young:0.03541561817994516
that:0.006545370291216543
nt:0.006736590110589042
re:0.007055481184493784
lost:0.03306138041809292
had:0.014475551751718255
fingers:0.16087407507060456
he:0.045003770024157605
certain:0.03109731124302367
brown:0.13145103880910963
you:0.010486773385070224
children:0.031626196868099296
3:0.04417860272901169
m:0.01291334634071766
a:0.006587283612482996
was:0.02506022077645431
baseball:0.03535165886876234
protestant:0.05694752747878031
forever:0.044520154935073344
wife:0.0381224719541884
also:0.04198576787772358
patrick:0.04326042481597407
are:0.012130403426438216
those:0.01750863824799585
daniel:0.04036396221885226
early:0.03304472734710642
not:0.005687830269584574
farm:0.10376028265410092
probably:0.022520978443671777
only:0.01258053054971025
palmer:0.05347842577948486
pitt.edu:0.04658326060455286
accident:0.045844280951063174
whose:0.03530925896699027
larry:0.0428753116601226
absolutely:0.03775904476554372
his:0.017400273976464684
be:0.0054571816711082195
kid:0.09554673413980196
neal:0.05633867350578435
certainly:0.029016578087317366
converted:0.047852979038258185
reasons:0.03430683467732175
but:0.012552513627366231
in:0.005028670808334636
and:0.001800931200428254
for:0.006138657790793848
subject:0.00025185808388696507
i:0.003601862400856508
back:0.0198712898119579
catholic:0.043921835817738474
actually:0.023059567236802685
the:0.0014221754905453829
century:0.0421492641022346
can:0.008156282947525597
once:0.02531161504646138
pitcher:0.04809592711469606
mr:0.03185807243663598
jim:0.03194651648064971
is:0.005069294846993659
himself:0.03530925896699027
2:0.018381222189579327
20th:0.054553371622402015
players:0.035017678424885776
jewish:0.14432102596319993
somewhere:0.036599255272665915
s:0.005853172460905833
