out:0.012401864200846945
there:0.009660831427127868
uiuc.edu:0.060339226719449704
chris:0.040386813083361055
with:0.006156077650416288
though:0.02616362317484926
my:0.010002255382424224
to:0.004352207873971045
retired:0.12403908808293905
matthew:0.04511865621917363
front:0.037020536098588776
walks:0.060339226719449704
really:0.02054100782306238
nt:0.015033232667840811
perfect:0.08526498513972397
could:0.015885359529747973
re:0.003936215818717585
this:0.005526130930225463
jon:0.0873551213414386
he:0.016738244289686687
26:0.046277505587944454
counts:0.059509954320995866
two:0.019629362448982224
game:0.0938529191971733
on:0.010673870005037682
a:0.007350021714981026
was:0.009320643516856691
as:0.008422254318073879
question:0.022978800877337942
no:0.01184995511771063
27:0.046506846158311896
play:0.033704402450320435
book:0.03273366853351235
row:0.11632867976809941
have:0.005381585401554241
only:0.014037223560729332
university:0.02474042212209109
between:0.024451219432067427
after:0.02030751250173633
walking:0.05612885153688613
writes:0.0069606567475532875
were:0.016329508394445254
end:0.028465614763952728
of:0.006140229017865431
outs:0.06087007781025909
but:0.0070029812868464235
double:0.046506846158311896
well:0.017714399054245735
one:0.010350641134480237
in:0.007481250606083809
or:0.007098015344243003
still:0.021491674549784706
for:0.0034247248727586736
subject:0.0002810205988633505
i:0.002009460076267315
actually:0.02572962239053773
the:0.004760545326246651
do:0.007561241251647333
hits:0.05213422393999241
batters:0.1261674273854942
hold:0.03652400645204232
first:0.03952747009244297
too:0.02055281966173154
him:0.0252264768775085
wall:0.09445292900734781
bad:0.028848432071014566
answer:0.0319607478118827
s:0.006530908219537035
