feeling:0.04746344402814698
at:0.009575706657113381
case:0.02686533812289952
gap.caltech.edu:0.05737774142449127
your:0.013694915458491984
aaa:0.06491194990883849
my:0.03098524765207504
scored:0.053834252981513904
to:0.002996085130632241
mail:0.033307777226476695
next:0.02911282634509973
been:0.015948265078493905
cco.caltech.edu:0.048921371201698066
nt:0.007761723388287375
re:0.004064570682371419
so:0.011106636928096957
ball:0.04846310151882548
he:0.08642028301740409
a:0.0015179392672243423
runner:0.06468782722185223
as:0.017393786091674312
lucky:0.051757565625397496
l:0.03592348455166699
d:0.019802654591054732
it:0.007453378907390695
probably:0.05189616771802627
try:0.026482496438515135
opportunity:0.050014710733275985
second:0.029887997572307243
has:0.01157363558572338
his:0.02004814175549192
which:0.014042307962146932
writes:0.007187634684973503
soon:0.039097756924342066
if:0.029136974772322143
glory:0.05820069600857493
heads:0.05274638930154671
up:0.01460283011252592
tim:0.044325101084089005
email:0.029824985423564574
in:0.003862602215097619
and:0.00207498594831951
for:0.010609202051480674
subject:0.00029018431404367716
back:0.022895181739864538
caught:0.04907852427968969
the:0.002457890249964303
rule:0.08584125148383005
can:0.009397456439540363
just:0.012765093081150933
address:0.03470457993406099
about:0.010706697612194256
e:0.03381401843536768
changed:0.041079512976450266
f:0.04039381759137878
is:0.011681418560463648
headed:0.06213006540734719
new:0.018739125705255943
fly:0.10766850596302781
run:0.02909602639551516
smith:0.04280150602680937
infield:0.14004137001867123
article:0.008807966090397837
s:0.033719363090000995
