out:0.02454535623084291
apologize:0.11178674141755887
there:0.019120395532857236
whom:0.08767314165316215
with:0.024367807366231137
to:0.0028712482501892307
everyone:0.06369818244818964
might:0.04431427366413429
that:0.0072271796965516
me:0.02257476417509468
off:0.045488696832423965
he:0.06625555031334313
best:0.05073283499919654
was:0.018447106960445533
pissed:0.1153965689441013
said:0.04565635059715484
mattingly:0.1322206841886365
no:0.023453036170468955
it:0.007142821452916082
have:0.0106510544405761
argue:0.08874175195290279
which:0.02691442359411495
again:0.050872273710583706
one:0.040971287823984265
in:0.003701660456135218
for:0.006778101310668208
subject:0.0005561866019170479
i:0.01590822560378291
don:0.0928876112444155
the:0.001570318770810527
when:0.027243217559244498
can:0.018011791509119027
meant:0.08482623498731286
about:0.02052117042337232
is:0.005597346393555498
fielding:0.1322206841886365
history:0.06918765842397667
first:0.07823145122462671
article:0.033763870013191706
s:0.012925755851167047
