root:0.044593622635290056
know:0.010919248899630989
all:0.016886156294624623
bradley:0.04889922379632498
faith:0.03314182407393622
ya:0.04519382260288971
to:0.002439290548833329
remember:0.02462499147363922
look:0.02098379048031779
then:0.01412283495376817
that:0.006139904874946492
cubs:0.1466976713889749
think:0.012741132986978364
indeed:0.03263931246464261
really:0.03453797775559161
nt:0.006319279218782642
suppose:0.03410742465160327
me:0.009589280357562343
re:0.00330920798918735
national:0.028797999336172685
this:0.004645862286472734
93:0.03239836721950798
blow:0.04312643453933657
you:0.004918575127510813
am:0.01446315359912713
moment:0.03724168848983879
m:0.024226809064001275
a:0.0037075330774683055
sorry:0.028118731723350658
lose:0.0372101392317459
team:0.028347120076942452
hitting:0.042475002527449436
are:0.01137896250621638
no:0.00996235164763283
pressure:0.03894409461946229
it:0.003034118847256389
have:0.013573025127813793
after:0.03414537500291949
easiest:0.05284866718241718
heck:0.04382965729468389
be:0.005119126169358153
thinking:0.03082766844113854
writes:0.0058518795665271
of:0.001720713146599457
even:0.014859818121823236
what:0.008145505336253373
year:0.02190053731158984
ok:0.028883621154963998
again:0.043218922798372
oh:0.028581559151694455
well:0.01489263637303845
must:0.04101699871645128
they:0.03302370352239801
beginning:0.03584147605430875
good:0.014336370366013266
chance:0.03181466838949207
in:0.006289546969716477
and:0.0033787381813344237
for:0.002879193477098
subject:0.00023625625568157783
i:0.01013621454400327
we:0.035780811656123096
back:0.018640324956349888
league:0.03442351387817034
pretty:0.025469204043536517
will:0.020058501679704147
yet:0.02327494462554127
the:0.003335190309686075
do:0.012713591485070737
sandberg:0.05761854771987459
just:0.010392819145715805
is:0.002377633866289061
hear:0.0293246156129098
eventually:0.07499643072964664
fans:0.03639823557121644
article:0.007171087436430097
u:0.03346587153622138
