vax.clarku.edu:0.07952966692418366
ask:0.03598225412785638
out:0.014545396284943949
say:0.023426481163796833
know:0.015233026242695083
braves:0.059335158026017326
ron:0.05231232513858068
much:0.06471099516888634
to:0.0034029608891131624
that:0.012848319460536177
think:0.01777466700652537
asking:0.04426460264985672
re:0.009233098834028902
these:0.020452295964184474
game:0.07338294093606142
you:0.006861715918626195
m:0.016898947063161383
a:0.0051722375031347965
how:0.032478098697015415
was:0.01093161893952328
wasted:0.0707682288684904
it:0.00423278308320953
not:0.014886666878418886
being:0.024022270739816644
has:0.013145363875142604
determine:0.05385754912566718
anybody:0.03752586598657648
be:0.014282994003394353
sort:0.038734090218037406
writes:0.00816373322243904
if:0.008273461972387769
of:0.002400501056367144
equal:0.05504451036706104
they:0.011517526228490662
box:0.0391177655642791
in:0.002193576566598648
and:0.002356774163523394
for:0.004016652628544123
subject:0.0003295920603952876
outside:0.04450340466026574
i:0.004713548327046788
games:0.04110950977294723
graham:0.06016403830796336
actually:0.03017671761853191
the:0.0009305592715914234
do:0.008868122455635761
thing:0.02794978314969082
can:0.021347308455252182
pitches:0.07056748169723384
is:0.0033169460109958504
length:0.05707092070916923
done:0.032699550017539485
else:0.031192002781951316
time:0.01950012308523103
study:0.045745349980676524
batter:0.07372715298287828
too:0.048210317725049294
update:0.05360299002439883
cutting:0.06610449423196164
by:0.036682795363598746
everything:0.03814398128300312
s:0.022979121513185864
