there:0.007648158213142895
insight:0.04763305014563284
happen:0.028180268551394293
your:0.010499435184843855
with:0.014620684419738683
much:0.029119947825998856
arguments:0.03466267195985293
from:0.00705476878691813
to:0.006890995800454155
stop:0.027699609288171976
line:0.02353169790671657
us:0.017165636551541633
might:0.017725709465653716
ai:0.04043889846451914
make:0.014667337361247531
that:0.00289087187862064
like:0.009705325529238943
through:0.01974552745020689
talking:0.027164093169685568
nt:0.005950654597686987
bobby:0.04348439657697301
re:0.0031161708564847544
wade:0.047906298669157764
reply:0.02992663766129287
game:0.024766742565920728
on:0.004225073543660749
you:0.004631658245072682
a:0.0011637534382053292
how:0.03288407493072811
same:0.016184111254405102
said:0.018262540238861934
baseball:0.03122729866740673
ratio:0.044435340800034855
enforce:0.04686327247787438
no:0.028143643404562747
reasonable:0.03115255975088373
it:0.011428514324665733
whether:0.023812154874015206
always:0.04428260163331179
doing:0.02233919087637763
speeding:0.10215880559694542
feel:0.025385639035384815
netcom.com:0.05365058624535232
talk:0.02882994806364189
be:0.004820510476145594
wasting:0.047112047170788394
writes:0.005510519925146353
trying:0.0224694018589033
what:0.00767035085830526
they:0.007774330204231197
who:0.010775440618615403
up:0.022391006172539744
one:0.008194257564796853
comment:0.03274664497402302
in:0.0014806641824540872
gon:0.03983754474578388
our:0.018581461858169945
or:0.016857786442577134
and:0.003181645120756582
for:0.005422481048534567
i:0.003181645120756582
games:0.05549783819347876
signal:0.03754635269016429
noise:0.038170085113467894
will:0.01888842241505474
the:0.002512510033296843
benefit:0.03774912019566038
stupidity:0.04300807646164011
quote:0.03362464927117158
na:0.03631919557525315
an:0.007482484488014473
rules:0.034329294171405435
just:0.009786571362215717
people:0.012543942833942645
about:0.016416936338697858
entire:0.031078485189073347
is:0.004477877114844399
time:0.013162583082530946
keep:0.044156909735432015
their:0.02522806030969523
matter:0.07552257529751356
article:0.013505548005276683
davis:0.04127292728582733
high:0.02331103188034601
