some:0.010711347478287654
go:0.017848002310037865
at:0.008082247820682854
there:0.008419990693368325
know:0.011319955281268824
thanks:0.01828795087079049
except:0.029581297422053336
to:0.007586417394995399
look:0.021753837837393677
mail:0.028112986282897764
through:0.021738195358025934
nt:0.006551179373600354
could:0.013845038122257408
me:0.019882361108340272
so:0.018748818300640735
getting:0.02488258323141914
starting:0.07195453179591224
on:0.009302914224574127
a:0.005124785782922551
how:0.02413510086658944
richard:0.034275940502557604
season:0.03502049934583228
advance:0.029022946941987614
soul:0.038674121915875194
dick:0.04630559501765406
d:0.01671416717777097
requires:0.03682710811844794
it:0.012581850632659522
kind:0.025280061440028073
shame:0.04823975159495836
boi.hp.com:0.056460742645936667
willing:0.032806420678712575
talk:0.031739392363642455
list:0.1068487558503332
without:0.02061660995231647
be:0.01592095203130655
if:0.012296337977310263
of:0.0035677171663438287
mailing:0.1214794891807319
what:0.008444422963271846
net:0.03041415123760076
one:0.01804240197753436
in:0.0032601780164126697
resources:0.04049316306024397
or:0.012372687297304319
and:0.0017513642866549995
for:0.0059697039066435595
subject:0.0002449262100185165
feasible:0.0524400552062013
i:0.005254092859964999
the:0.002766066091702947
do:0.013180145301036637
thing:0.020770022340595932
see:0.016232896893680515
start:0.05169838693362409
would:0.025669256314799344
o.k:0.056013126460896005
problem:0.01940885589032646
about:0.009036845691026345
cards:0.07220215530921288
managing:0.0544135541017696
time:0.014490917155079943
1993:0.02779500736706548
first:0.017225273664137994
fans:0.03773395063805008
cardinals:0.05742735288132957
e-mail:0.025226566758277676
terms:0.035313201607472144
little:0.021516868824756553
s:0.005692075971156132
