re:0.039362158187175846
bomb:0.27950004786146193
best:0.12816716210323337
steve:0.3375951417720407
mattingly:0.3340312021607659
career:0.2543402688644619
ban:0.5567603695705781
writes:0.034803283737766436
pope:0.2830101202034973
subject:0.0014051029943167523
steven:0.472264645036739
don:0.23466343893326022
the:0.007934242210411084
players:0.19536178489673114
