believe:0.010702817144484436
know:0.006078202589449763
all:0.009399683060554593
swing:0.057676023211396636
your:0.006206562670843658
with:0.0028809230383721545
much:0.0086068811308371
someone:0.010854473471246403
1992:0.019438160270365972
cup:0.021572751711800113
from:0.008340613344139661
throw:0.02100182550017148
to:0.004073495054455658
line:0.013910363294610782
player:0.019149078980572425
near:0.017757516145229187
ten:0.01983245932294497
100:0.016642916743010206
enough:0.011981027226292592
next:0.013193990264774262
consistently:0.026661495584619305
that:0.013671118243723223
control:0.015022828915965633
r:0.015272018555315911
like:0.005737138243885089
really:0.009612786912270571
pipe:0.028930091078664587
me:0.005337875272928791
re:0.0018420714422569978
happened:0.016612319698218872
dawson:0.11984039974044276
so:0.010067099481624828
ball:0.0658907193063834
glenn:0.02748975628315132
mean:0.01302178353118158
he:0.03133267403980759
on:0.0024975804198979798
you:0.0027379260562006005
slowly:0.026003705473168458
great:0.024839908263376127
8:0.014544292031398356
vs:0.016830600714597747
ray:0.021368319539845665
a:0.003439665334597032
quick:0.01999642965611476
was:0.013085632523665796
as:0.003941449065108465
gary:0.08363898410882085
red:0.01779615248740173
baseball:0.018459486896989202
oil:0.02207787308774191
hitting:0.023643720618728013
early:0.017254882260065423
not:0.005940000084492265
have:0.005036951853671457
probably:0.011759722734134032
campbell:0.027559631332372776
left:0.028811873729069574
after:0.009503515702783011
iq:0.02996009993511069
has:0.010490388905286217
1986:0.025114129429348684
his:0.009085857347316536
list:0.014342998014392018
without:0.01107000238818963
rotate:0.02996009993511069
writes:0.0032574502020569574
down:0.011647121068734768
of:0.0028735061906266794
tremendous:0.029627876877004623
even:0.00827172141756663
seen:0.012770763007991886
what:0.004534197551707543
plate:0.025469318069256782
but:0.006554514504930151
never:0.021713687003565126
biggest:0.02380524683953092
they:0.004595663174914994
net:0.016330751157135382
in:0.0008752694674605443
yes:0.013137171775881227
speed:0.04963249015102139
and:0.002821163161261994
for:0.0016027037581875566
subject:0.0001315121029163463
andre:0.05368129308225216
foot:0.02373999941711703
outside:0.017757516145229187
i:0.0037615508816826585
any:0.010081647943732092
than:0.007047296956746114
the:0.005198296620614159
thing:0.011152376527709146
jose:0.022462545191049482
38:0.025157152483381958
sox:0.02605528823113543
less:0.013541209638405308
specific:0.018054957086061245
peter:0.036274808678088244
hits:0.02439778952856788
because:0.008693213295046867
bat:0.1016939738994446
may:0.009167613435664192
come:0.011828540268322208
just:0.005785165337270374
is:0.003970531431881732
field:0.01917466921149412
right:0.028668082666851717
time:0.0077808372901660774
does:0.006002407952401602
man:0.01427610511721773
trouble:0.018792226021134655
slow:0.020229202487890844
dave:0.03454457804309943
him:0.023610988210475938
release:0.019575386647227876
side:0.031727724912031456
before:0.03142159015599967
realize:0.0192783805868529
built:0.018189643517609624
s:0.01833801815337985
