prism.gatech.edu:0.05981147582410478
played:0.10268868407985633
29:0.05778462966190526
majors:0.07559366318497647
know:0.015618672476687365
braves:0.12167462785082034
to:0.003489111797698306
stop:0.04207535588076756
h:0.044723824358158436
that:0.004391197790309833
could:0.019102647535772878
re:0.004733424085799627
lost:0.044360839548327216
murphy:0.20933039476840642
89:0.05988750144512012
this:0.006645347321157203
brings:0.06568531711852543
why:0.02252813392600008
russell:0.06617696057822497
160:0.07341834347704408
promised:0.06763659154671858
27:0.11185190848201595
not:0.007631772260455251
being:0.024630429492723396
1986:0.06453377562225042
writes:0.008370410012880535
of:0.00246127323500935
kept:0.050554121804736375
never:0.027897964947618484
1985:0.06735837753762015
who:0.032735515803388564
bob:0.04663297486112785
in:0.011245550752815853
37:0.06580644940986913
and:0.012082196661100945
subject:0.00033793616319010504
hr:0.06961132886920694
we:0.01706004943941734
back:0.07998822987598243
power:0.0342006997489942
games:0.1686010274232266
the:0.002862353202490075
130:0.06821206463629778
long:0.030130522089982088
hit:0.18125074126224855
suffering:0.05951185881035915
dale:0.06108633627476087
guess:0.03792604130298295
fans:0.052063298981613396
article:0.01025737823185571
players:0.046985745734656865
john:0.06788552910333787
96:0.07175586243829614
