some:0.01606702121743148
at:0.004041123910341427
say:0.02611300423303959
there:0.0042099953466841625
know:0.005659977640634412
50:0.01583111600517629
discussing:0.022322782844497516
princeton.edu:0.02811710245787489
slavery:0.02811710245787489
with:0.008048083166828634
compared:0.01891187443079643
such:0.008821179832421096
service:0.01670913407558873
from:0.00776671793055207
my:0.008717562030553223
to:0.00316100724791475
remember:0.012764330442757946
ii:0.01684128350967944
legal:0.017336308228593694
100:0.015497761921243448
that:0.00795652810629534
really:0.017902713240283724
signed:0.022684681663165694
talking:0.014952711836524168
nt:0.003275589686800177
re:0.0017153234072393145
racial:0.05321145995125214
national:0.014927403325630797
had:0.014077142070478305
this:0.012040881614023372
mean:0.024251578503026245
laws:0.03405388911043938
you:0.007648609945991585
serious:0.01649997081210766
went:0.014965418647871945
etc:0.010652862327790072
roger:0.08098632612048794
why:0.008163865046578012
more:0.005832197366150119
a:0.0012811964457306378
other:0.00632710086161427
was:0.0040617483215659896
as:0.00367024844136247
rejected:0.024073305286176346
baseball:0.017189338716003706
audience:0.02579629677681159
worth:0.016124603755925865
local:0.014020107577596112
question:0.010013697630032589
fine:0.014858516412479634
evidence:0.01476012859868384
military:0.017760727351975095
others:0.012368478087469707
team:0.014693690682084851
no:0.005163971266892247
it:0.0015727313290824403
not:0.005531284482348302
have:0.0023451862988424443
japanese:0.0229670573191264
only:0.012234277415314557
regarding:0.018151359500325127
list:0.01335609448129165
stick:0.01938683167364432
writes:0.0060666274405280956
were:0.028464280687565124
attempts:0.02115592562232315
if:0.006148168988655132
of:0.0026757878747578714
what:0.008444422963271846
but:0.00610351580046248
impression:0.021702351441121513
reading:0.015074871772307296
hire:0.027299450020231222
seems:0.010809573804500358
well:0.007719577569510756
they:0.008558895637685722
exceptions:0.026525951339333092
up:0.012325324498645731
good:0.007431237850272932
over:0.009201563084951183
one:0.01804240197753436
in:0.004890267024619004
our:0.01022832762835043
or:0.0030931718243260796
better:0.020515741938544985
and:0.003502728573309999
for:0.0029848519533217798
subject:0.00012246310500925824
i:0.004378410716637499
special:0.016035372444334967
group:0.03711627433220154
back:0.009662186789300631
20:0.01442583646057624
than:0.013124782405683131
the:0.0024203078302400785
blacks:0.1095761356259292
do:0.006590072650518319
when:0.005998506618549247
around:0.010858690060337779
would:0.00427820938579989
can:0.003965899047879419
meant:0.018677336143995492
effect:0.01590079566340553
because:0.008095056416947312
country:0.0154621748074318
did:0.015081752692137297
claim:0.01497816075596324
put:0.011410363759388897
come:0.011014649882887195
jim:0.015533627279581972
people:0.00690492266088586
about:0.009036845691026345
affected:0.023190865411646732
general:0.01352490992241996
is:0.003697329727853173
discussion:0.01577005479123941
length:0.02120525035524178
man:0.013293804306399995
exception:0.022823697027823168
history:0.015233979836471932
article:0.0074342466084091835
players:0.01702694455521969
purposes:0.02030733945099364
lots:0.016737133079891563
before:0.00975318471203048
backed:0.02471905094618131
by:0.01362984598372247
mike:0.014657853343842677
black:0.06476242855493464
doubt:0.01596363439899343
s:0.008538113956734197
aside:0.02071203776941033
