re:0.041548944753130056
best:0.13528755999785744
overall:0.2574230138710895
mattingly:3.878473402866671
career:0.2684702838013765
subject:0.0014831642717787943
players:0.206215217390994
