another:0.018176273199906383
read:0.018581992310638704
there:0.007522778570304488
know:0.010113730538182802
your:0.010327313296567726
to:0.00451868577078961
hall:0.03754434601324711
that:0.00853044160904451
need:0.031495114614708795
greatly:0.0319912225393492
so:0.008375496699876394
anyone:0.013712415980667142
derek:0.09036667315138856
he:0.026067757500331728
hi:0.025828005409954138
on:0.012467430128834998
you:0.004555729421382966
mvp:0.04768646485070396
a:0.0011446755129888484
wondering:0.058998909866513065
was:0.043547268890232076
letting:0.04005961758130961
usa:0.02987394824613709
question:0.017893328552025446
far:0.020404738296077064
section:0.03368655021002695
it:0.002810290407704688
texas:0.03252598091531969
robin:0.13828506632815393
indians:0.044866004508639444
after:0.015813226948073373
sports:0.03934160070165399
doing:0.021972974632502584
surgery:0.04476289973645206
his:0.0151182708320103
knew:0.03182045133522754
be:0.004741485714241569
if:0.016479108682706786
of:0.001593775291522448
ryan:0.10930174674598228
dl:0.04845307188357957
ok:0.026752862217302723
again:0.020015320804164082
please:0.01570012587627258
find:0.017347924079290086
up:0.011011970248790038
now:0.013540281949821674
in:0.002912781998270336
replace:0.036035762547989535
or:0.005527143095926929
and:0.003129487004022868
for:0.010667175833182755
subject:0.0002188275155083467
cause:0.025848369945426778
i:0.00782371751005717
period:0.031073862570464066
appreciated:0.027743951796526584
info:0.02414258573272457
rangers:0.03825369401596069
any:0.00838760054335088
information:0.01999033839740791
the:0.0030891516802830036
jose:0.037376202244123316
closer:0.03820751518220449
thank:0.029758150055487823
would:0.007644669230363738
put:0.020389010652022782
thought:0.02200480659993207
just:0.00962613576611382
n:0.030008323736101652
is:0.008808938586579145
broken:0.036813461221680055
either:0.020521005796011134
today:0.02327152676883896
new:0.014131143974455303
repair:0.04193207035908764
time:0.012946803031997653
gone:0.03220981472854724
1993:0.02483324428696834
first:0.015389793683533125
players:0.030425196008507314
john:0.04395866228822698
main:0.03047882796415433
