another:0.012184095221915268
sells:0.02759790569734064
read:0.012456060779658912
at:0.0048404671013979736
out:0.006473500544398132
happen:0.018580396847073164
situation:0.019363364224036256
defense:0.02156157444092245
saw:0.018666926280964037
where:0.010150861528756933
with:0.0032133372351074033
setting:0.02363646624924509
times:0.015442176601610038
work:0.011126771780166505
name:0.015177101680385996
to:0.005300766000349349
player:0.021358588093715398
death:0.01843635375844188
formerly:0.03021590648718324
day:0.013974192504191607
might:0.011687280966365088
that:0.00571820811155731
broadcast:0.02791717839408394
think:0.007910703447959095
atmospheric:0.031678917355029194
boulder:0.030287731111179685
michael:0.01650931429491038
so:0.01122868788335077
national:0.017880076510920405
this:0.002884518892150654
discuss:0.024573969090073464
he:0.008736995645715579
these:0.009102395456587597
game:0.0326594407462691
on:0.00557152555208011
went:0.01792561134745101
etc:0.012760021909111186
them:0.00805417127215517
graphic:0.02894719463745962
came:0.016586410618010698
m:0.007520959956681715
a:0.003836549796281305
other:0.015157230635515504
beer:0.029298026901121883
was:0.01459551319947339
bring:0.02084267553455536
red:0.019849554697486546
listen:0.02346673829858939
local:0.01679331566986787
anthony:0.05909002509743352
are:0.0035324801186880526
deep:0.024998876801079897
co:0.02508233924884899
it:0.009419105212636593
examples:0.024108677401996327
3000:0.028835057980145296
have:0.0028090693030090818
proved:0.02894719463745962
p.o:0.02531131010819277
left:0.016068160348904185
screen:0.020540149286296966
his:0.010134225502776137
be:0.003178358555700392
boston:0.02291086338104143
hitter:0.02900413302776482
making:0.016893446103694525
jump:0.027254387252388254
of:0.001068354865745817
relief:0.028725164207031726
what:0.005057374192289183
but:0.0036554023200571994
up:0.014763300773103128
pitching:0.027423462300007778
over:0.022043304972740197
box:0.017409555003882457
in:0.0019525241966427526
world:0.013853025762267457
use:0.009136151251359055
p.s:0.024916663214944113
and:0.00629336397512291
for:0.0035752622298030113
subject:0.00014668657632977087
until:0.015720690798706836
i:0.003146681987561455
we:0.007405186295131704
back:0.03472016571539897
don:0.024497831536988708
research:0.016963359783169107
will:0.006226952444523541
the:0.006212250082327359
do:0.003946801752233498
sox:0.02906166764242029
boring:0.03131849272598627
would:0.005124448604969099
radio:0.01971071626795421
pitcher:0.028011913594273536
apple:0.02084267553455536
ready:0.023161974114452727
just:0.006452684414647725
during:0.032179884723104075
long:0.013078633214882335
pinch:0.03381440081542361
jones:0.027254387252388254
rockies:0.09776501203999265
field:0.021387131043589597
time:0.008678626208262163
center:0.01794852106303741
does:0.006694993485371018
gone:0.02159119448836683
hear:0.018207041561861582
goes:0.01770894063731141
matter:0.016598368197255728
guess:0.016462402543602494
strategy:0.05800826605552964
leaves:0.0273807032865899
fans:0.022598904503008013
change:0.01632972037313455
very:0.0095782554493596
charlie:0.06029001731682903
before:0.011682386083640904
champions:0.03114677545398569
hanging:0.031678917355029194
sometimes:0.019255529254493683
s:0.013635962216615788
