above:0.01173558633676097
some:0.005032486530747216
believe:0.009364965001423881
at:0.011391788954152125
out:0.020313398260007928
dan:0.01712846331632439
say:0.008179073164946309
radar:0.0219748632506801
behind:0.015205786211201285
50:0.014875790039346684
truly:0.018785790814786114
ever:0.02278812117956776
swing:0.025233260154986028
with:0.002520807658575635
further:0.015292389659833563
into:0.00771898234044132
times:0.012114121299538908
turn:0.014747750580666014
feet:0.05679390451235343
ground:0.016711007169816123
to:0.0035643081726487004
look:0.010220553121878924
1988:0.019698710534298648
lights:0.04231574542577881
100:0.029125104300267858
next:0.01154474148167748
been:0.006324312013885514
that:0.004485835673721683
r:0.013363016235901422
nt:0.009233774375721187
sitting:0.019568084027853264
re:0.0016118125119748729
so:0.004404356023210862
charles:0.017742468340232048
ball:0.057654379393085486
glenn:0.04810707349551481
had:0.013227659359328752
off:0.01882290903410647
he:0.02056206733862373
shot:0.034281313324032205
best:0.04198579448209369
personally:0.01689157157373492
game:0.012810384085821067
on:0.0021853828674107323
you:0.0023956852991755253
went:0.014062333039810707
roger:0.03804961011695338
came:0.013011753157232528
m:0.005900063414293414
onto:0.018767942570535975
a:0.0030097071677724035
sorry:0.013695761572149244
low:0.0146370454309475
was:0.01908321409701262
as:0.010346303795909721
season:0.01645359667541258
standard:0.013120881639923435
oil:0.019318138951774172
drive:0.012171567882784434
equipment:0.017392059967847366
athena.mit.edu:0.02106583338327488
frank:0.016880061967890613
70:0.018542400247252615
literally:0.02253439605896454
bo:0.027227327059934792
crap:0.02094609388281335
digital:0.017798998262981307
it:0.004433475384568603
not:0.005197500073930732
couple:0.013603412907993613
have:0.00881466574392505
ve:0.015733911198512363
amazing:0.021126974051343658
after:0.008315576239935134
neck:0.025000211787441735
absolutely:0.017251977349774284
his:0.007950125178901968
which:0.0055685014332651625
writes:0.005700537853599676
get:0.00566540506591001
upset:0.022285653310599684
down:0.010191230935142922
if:0.005777158791063873
of:0.0033524238890644594
even:0.0144755124807416
seen:0.0335232528959787
plate:0.022285653310599684
years:0.009611100961122386
phil:0.019101096339077556
who:0.011147007536498691
jackson:0.02253439605896454
over:0.017292592694132393
one:0.008476818170479504
in:0.004595164704167857
gun:0.015780239206053454
threw:0.022620605829251912
clemens:0.05284076151566142
or:0.008719544711677827
total:0.015780239206053454
and:0.0024685177661042446
green:0.018139270686861133
for:0.002804731576828224
subject:0.000115073090051803
i:0.004114196276840408
top:0.014576000974859117
back:0.018158247586789116
ago:0.01233261088519243
any:0.00441072097538279
than:0.00616638483715285
the:0.005848083698190928
around:0.010203424280834636
would:0.004020041578036104
can:0.0037265775536108334
home:0.025253129757425417
roy:0.02172016964563697
did:0.01417164692623246
contrast:0.023760202854459924
an:0.003870250597248865
about:0.004245759397939102
five:0.017116304366575935
hit:0.015429750603144004
ma:0.017289732436368603
night:0.014430322614586311
field:0.016777835560057353
new:0.0074310326072566674
gone:0.01693791981414984
run:0.011538079432704287
under:0.010462600978903617
wall:0.01933842296486647
article:0.006985628278591388
corporation:0.020471337076354616
process:0.01558863678117917
high:0.012057430282937593
s:0.008022882942103685
1991:0.01871483703438063
