practices:0.030398225917419863
ask:0.017348586811645042
at:0.005243839359847804
out:0.007012958923097975
ever:0.01573465510017774
with:0.006962230676066039
much:0.031199944099284487
into:0.010659547041561824
to:0.0049221398574672524
look:0.01411409716830899
long-term:0.03365146226484885
most:0.011051163475994273
owners:0.0514005650403482
teams:0.049237977830620915
been:0.008733573733460948
knock:0.03243244790386068
that:0.0020649084847290285
like:0.006932375378027816
nt:0.00850093513955284
could:0.008982792591226531
its:0.012308479500203393
need:0.0114357261398645
re:0.002225836326060539
this:0.0031248954664965414
he:0.028395235848575628
these:0.009860928411303229
game:0.05307159121268727
on:0.0030179096740433923
tell:0.01434538722394317
used:0.011752758978195627
took:0.020091676645337377
customers:0.06443194766282999
market:0.023278900089720368
why:0.01059358678663099
more:0.007567970391790035
a:0.0033250098234437974
how:0.031318166600693434
hard:0.016096627396282794
other:0.008210166594237563
was:0.005270601988698723
as:0.0047625842870060615
running:0.01802059769313513
bring:0.02257956516243497
capable:0.026117733852162685
baseball:0.044610426667723906
nyx.cs.du.edu:0.02798474313106174
business:0.04305433015754247
display:0.021941198910330223
no:0.006700867477276844
it:0.010204030647022974
not:0.0035887500510474097
should:0.009778643703770712
have:0.0030431584115931717
interesting:0.01945252715429412
properly:0.025629560330372003
growth:0.06471882327686643
amazing:0.02917534511852219
real:0.015223772940465757
doing:0.015956564911698303
craig:0.05434506837250613
ex:0.03265709271328239
public:0.01764133689321782
greg:0.0260670749850918
his:0.010978744294674147
writes:0.003936085660818823
get:0.015647309229656216
things:0.013301940048453866
if:0.003988990593829817
of:0.0023147688757826027
park:0.026733584934791464
but:0.011880057540185897
treat:0.028725122414917315
they:0.011106186006044566
president:0.022413441423642846
bob:0.021928601273982738
in:0.002115234546362982
better:0.013310808757746446
and:0.004545207315366545
subject:0.0001589104576905851
i:0.0022726036576832726
away:0.016482045156688514
back:0.012537837619449627
rate:0.023123069699352683
pay:0.019838345607130256
ago:0.017030748365265736
necessary:0.021456998675485266
the:0.003140637541621054
do:0.004275701898252956
century:0.05318835708139128
peter:0.021916030243011645
did:0.009785184782398603
come:0.014292819490889334
just:0.006990408115868368
long:0.028337038632245057
many:0.011030958497488651
current:0.018822891212683438
general:0.017550180732663994
is:0.0031984836534602844
deal:0.01962092257000303
done:0.01576585447274225
time:0.009401845058950677
figure:0.021979152583778295
their:0.027030064617530606
20th:0.034420579714134605
experience:0.01971561175473302
guess:0.01783426942223603
fans:0.024482146544925344
terms:0.022911541519133712
article:0.004823410001884529
realize:0.023294709875780584
understand:0.01783426942223603
by:0.011790898509728167
high:0.016650737057390008
s:0.011079219301000327
