join:0.26974147238195595
there:0.05398699915159691
help:0.12588780706128216
to:0.00810705388288724
cubs:0.3250360169991013
like:0.06850818020639254
so:0.06010650572852471
a:0.008214730152037619
d:0.10716730719864914
list:0.17127227040715173
if:0.03942061292725937
mailing:0.2596326337392113
subject:0.0015704092289422528
i:0.01122933572031735
any:0.06019336860522396
is:0.015804272170039053
chicago:0.2483940904002284
