whats:0.07185510181850449
at:0.010243779214586407
uhura.cc.rochester.edu:0.07045245079770665
say:0.022064476444971434
help:0.0497695981405069
all:0.0110938119842592
where:0.021482055793415833
specifically:0.04705863548553094
aaa:0.0694406906001528
im:0.06873575313717101
nl:0.06175001057404392
look:0.02757172470088268
playoff:0.05413621624046835
think:0.016741256134052966
updates:0.06896601624526612
like:0.013542314691961316
id:0.054532660558409926
could:0.017547780875884388
its:0.04808894316358535
me:0.012599868376797031
so:0.011881518574243256
this:0.012208893915614395
joke:0.05707705196965514
game:0.034558245440819625
am:0.019003911124434482
them:0.017044874087584195
a:0.0016238420067981338
wings:0.05314070748787542
red:0.08401439430098956
far:0.028946256652574436
no:0.026180133399593252
hey:0.04481556960036243
it:0.003986691043488046
not:0.007010581495069359
mo:0.06488861076139206
heard:0.03142613208627761
anybody:0.07068825918401617
stats:0.16202104783448396
get:0.015283418317338631
of:0.004521874082924155
ahl:0.07071977077706361
even:0.019525109857744485
looking:0.030161457504728418
but:0.015471702843032797
oh:0.03755483935048225
please:0.022272271591921567
in:0.002066043045284773
or:0.007840830903524248
and:0.008879009639320694
for:0.003783126312931093
subject:0.0003104297313025383
al:0.04430249047351432
i:0.00665925722949052
rochester:0.0650535483775776
the:0.0017529139767187279
nhl:0.04961803836482228
sox:0.061502598964191774
can:0.020106185870644496
because:0.020520026731331558
ny:0.048851085250964175
just:0.027311361941067116
people:0.01750317604736183
e:0.03617313600062589
dear:0.0558854395361326
stat:0.06744243179868004
handle:0.04723670798521748
orioles:0.06993556983758067
mike:0.03715595382508957
