go:0.03087987701260519
at:0.013983571626260809
strikes:0.08813715811702606
way:0.027497981262643544
to:0.01093808857214945
really:0.03097453560620517
talking:0.05174112984702013
need:0.030495269706305336
re:0.005935563536161437
michael:0.047693574629741095
this:0.00833305457732411
counts:0.0897372327062636
game:0.04717474774461091
used:0.031340690608521675
letters:0.07444140965116275
m:0.021727217652636063
a:0.0044333464312583965
how:0.020878777733795623
calling:0.06528572411980092
area:0.05092804832792614
strike:0.16725045790532223
making:0.048803288744006405
of:0.006172717002086941
they:0.014808248008059422
zone:0.15492875467495634
up:0.06397430335011355
in:0.0028203127284839756
speed:0.1066179418058978
and:0.006060276420488728
subject:0.0004237612205082269
i:0.003030138210244364
top:0.05367670200265579
games:0.05285508399378929
the:0.010767900142700756
less:0.04363278661263932
start:0.08944641548833372
forget:0.060939894212928475
about:0.01563517746542653
general:0.04680048195377065
is:0.004264644871280379
lot:0.03934211727405382
realistic:0.08949853624015978
