at:0.021486951523278806
out:0.028736026806840485
all:0.023269947088933932
much:0.04261455779414467
to:0.006722922732150394
calculate:0.1451531732783026
me:0.026428992204988896
tells:0.10797560976381983
you:0.027112145824815703
am:0.039861862358569894
as:0.019514979517488255
baseball:0.09139697170948312
pitchers:0.12849730302482074
it:0.008362327554633463
have:0.012469527149942754
if:0.016345132189351446
of:0.00474245330648143
trying:0.0657641030016682
what:0.02244980739016174
formula:0.2944603859878397
please:0.04671744772939646
find:0.05162065213837537
for:0.007935338119806684
subject:0.0013022905800984536
i:0.004656066030375486
any:0.02495822600704408
the:0.007353687902332225
hello:0.09437294611345784
is:0.00655299089977229
fans:0.10031708828164533
e-mail:0.06706575065005528
very:0.04251810955569384
era:0.2462102369231362
