408:0.07266744033127794
above:0.01877693813881755
believe:0.01498394400227821
fewer:0.03792617228046447
11:0.026649756121516627
nichols:0.03740868823947886
ks:0.08523501732953637
with:0.004033292253721016
nl:0.07324828840507279
hitters:0.041630606294832506
to:0.00285144653811896
software:0.019419213024008664
that:0.002392445692651564
think:0.009929296741576242
quite:0.0183186164283407
walks:0.03953259681619119
nt:0.0098493593341026
me:0.007473025382100308
re:0.002578900019159797
behavior:0.029299234640822028
michael:0.041444071747223296
voice:0.025010305527145987
he:0.010966435913932657
leading:0.031139477474010014
game:0.08198645814925483
am:0.011271285218630108
score:0.03328152114280075
seeing:0.05528675400632314
8:0.0203620088439577
m:0.018880202925738925
more:0.043842035373128474
a:0.001926212587374338
was:0.006106628511044039
also:0.010231014701238389
minutes:0.027483912055431544
giants:0.036927338157164785
reason:0.01842904775178295
it:0.002364520205103255
have:0.0035258662975700197
between:0.01601976445549245
netcom.com:0.022200242584283717
sherri:0.04012240490886816
14:0.02575070910177012
writes:0.00456043028287974
down:0.016305969496228676
were:0.010698643430843442
of:0.006704847778128919
what:0.00634787657239056
but:0.004588160153451105
yep:0.039094573328451
adobe.com:0.07339740448926886
up:0.009265243933464722
now:0.011392513088815477
over:0.02766814831061183
in:0.008577640781113333
threw:0.036192969326803055
and:0.002633085617177861
for:0.0022437852614625793
subject:0.0001841169440828848
al:0.05255191973409975
i:0.005266171234355722
snichols:0.04147902762780647
games:0.022964622700749834
yet:0.018138405121973542
the:0.006757785606798406
do:0.00495391668211377
extra:0.05358173392401726
last:0.015035603807306881
developers:0.04012240490886816
7:0.02201054157883659
an:0.01238480191119637
just:0.008099231472178524
15:0.02304697056538375
pitches:0.15768182117175011
is:0.005558744004634426
number:0.017256998954467296
length:0.06376199417162355
either:0.017265949704230055
today:0.019580181143436917
1/2:0.03271195844618507
night:0.023088516183338098
average:0.053510635295208095
time:0.010893172206232508
runs:0.025874417382367825
innings:0.07906519363238237
slow:0.02832088348304718
first:0.012948653995800283
article:0.00558850262287311
data:0.020236866366936637
