walks:0.3016961335972485
am:0.0860177029842824
includes:0.19830286165433414
wondering:0.1894175527293314
question:0.1148940043866897
official:0.21348436953443817
not:0.031732105714524464
mlb:0.31322526865317923
whether:0.1503925570990434
bb:0.2967583043752666
stats:0.4889056180268639
in:0.00935156325760476
or:0.035490076721215014
subject:0.0014051029943167523
the:0.007934242210411084
just:0.06180992439294136
category:0.27463829417035585
