say:0.03872540763811313
hell:0.06966083519350806
to:0.011250605388496577
matt:0.10017605039572125
young:0.07661337810355483
that:0.014159372466713338
re:0.0076314388322075615
this:0.010713927313702428
you:0.011342836518545342
a:0.005700016840189367
how:0.02684414280059437
red:0.1474538348956143
are:0.013120640440841337
those:0.03787582967933796
hey:0.07865589766594222
doing:0.054708222554394184
heck:0.10107655661835263
writes:0.013495150837093108
get:0.026823958679410658
what:0.018784532714216963
but:0.01357720861735531
powerful:0.09390517117268143
year:0.05050532073897249
threw:0.10710164392625393
ooo:0.26159645706268925
for:0.006639772712491305
subject:0.0005448358549391489
i:0.0038958919845998963
world.std.com:0.09379747612980707
the:0.0015382714489572508
sox:0.21588667391512212
quote:0.08234607984776712
hate:0.0821630457664863
fan:0.08162359154060557
last:0.044493113307336685
myself:0.06801718493873231
paul:0.0668371936961032
too:0.03984730342580605
fans:0.08393878815402975
going:0.04444521804183025
sometimes:0.07152053723097652
