yankees:0.11991537099599878
some:0.016329187064802155
out:0.00823900069287035
boy:0.031712116819019774
there:0.006418034864175856
story:0.025140262433654574
chris:0.05366080060026993
with:0.00408970193559124
though:0.017381427983291467
both:0.015704224351805858
to:0.0038551025457086176
look:0.016581596673258116
pride:0.12281362984524669
been:0.010260422288261814
make:0.012308255128319606
that:0.002425906471569768
think:0.010068168024675212
v:0.02689963855875533
nt:0.009987112611502636
me:0.007577543219612201
re:0.0026149685508962974
comments:0.02576227282537832
had:0.010730129270504441
this:0.003671205862737196
two:0.01304048554303015
these:0.01158486694474785
on:0.0035455162604146146
a:0.0029297289353420876
other:0.009645510404418956
j:0.02135754307362841
was:0.006192035902806892
as:0.005595203917601528
truth:0.05028052486730915
season:0.026693947053816214
question:0.015265636946483249
wondered:0.03932582305835613
hitting:0.03356416283637613
it:0.0023975904177620418
have:0.0035751791129206493
gut:0.043395204495067466
made:0.016262794069356653
kind:0.01926941746128014
completely:0.025153801657618675
b:0.021404953472127564
be:0.008090367232691907
which:0.009034212115507118
writes:0.004624212524598338
of:0.010877794996684679
even:0.011742373760601579
explain:0.025140262433654574
version:0.04364294556175643
scenes:0.043395204495067466
must:0.0162060169753811
good:0.022657480438594394
one:0.006876300054374982
in:0.004970061591454279
or:0.004715464739182415
and:0.004004867984169124
for:0.002275166873511007
subject:0.0001866920062378902
offer:0.02458156376777509
i:0.004004867984169124
any:0.007155855009012639
pretty:0.020126014384053332
the:0.009487800125736332
closer:0.03259662134425838
would:0.006522025497233399
can:0.006045916031032961
home:0.020485056306722718
did:0.01149588142267808
extra:0.027165564402036723
eric:0.02788831105117906
put:0.017394820276550906
may:0.013014164527551265
movies:0.07906917007684765
thought:0.018773331504837152
myself:0.023306587846139044
just:0.008212507436824378
about:0.01377645007443177
different:0.017672845440638095
is:0.0018788295586759714
either:0.017507431518275232
hospital:0.034740580974264905
himself:0.02617329685665013
runs:0.026236297345757588
history:0.02322382940105511
him:0.016758848275267885
e-mail:0.019228641794771094
very:0.012190506935548582
little:0.016400969943345903
ruth:0.04176153420708491
past:0.02310149962869485
movie:0.035471439007380194
s:0.004338715250741387
